1 1 -1
1 2 23
1 3 25
1 4 6
1 5 38
1 6 37
1 7 27
1 8 7
1 9 30
1 10 31
1 11 29
1 12 28
1 13 24
1 14 18
1 15 18
1 16 29
1 17 32
1 18 10
1 19 6
1 20 9
1 21 31
1 22 18
1 23 25
1 24 15
1 25 5
1 26 15
1 27 24
1 28 12
1 29 29
1 30 21
1 31 17
1 32 31
1 33 14
1 34 43
1 35 30
1 36 17
1 37 16
1 38 41
1 39 28
1 40 12
1 41 25
1 42 37
1 43 30
1 44 10
2 1 23
2 2 -1
2 3 17
2 4 22
2 5 18
2 6 20
2 7 28
2 8 22
2 9 22
2 10 8
2 11 8
2 12 6
2 13 19
2 14 5
2 15 18
2 16 11
2 17 22
2 18 22
2 19 28
2 20 15
2 21 19
2 22 23
2 23 15
2 24 19
2 25 27
2 26 27
2 27 32
2 28 11
2 29 22
2 30 19
2 31 7
2 32 15
2 33 12
2 34 22
2 35 11
2 36 22
2 37 27
2 38 19
2 39 15
2 40 22
2 41 18
2 42 13
2 43 24
2 44 16
3 1 25
3 2 17
3 3 -1
3 4 20
3 5 34
3 6 37
3 7 42
3 8 19
3 9 39
3 10 20
3 11 25
3 12 15
3 13 2
3 14 15
3 15 8
3 16 28
3 17 7
3 18 18
3 19 31
3 20 17
3 21 36
3 22 35
3 23 2
3 24 31
3 25 27
3 26 37
3 27 44
3 28 16
3 29 5
3 30 6
3 31 19
3 32 8
3 33 24
3 34 38
3 35 10
3 36 34
3 37 37
3 38 32
3 39 5
3 40 31
3 41 1
3 42 23
3 43 40
3 44 14
4 1 6
4 2 22
4 3 20
4 4 -1
4 5 39
4 6 39
4 7 32
4 8 1
4 9 33
4 10 30
4 11 29
4 12 26
4 13 18
4 14 17
4 15 13
4 16 30
4 17 27
4 18 3
4 19 11
4 20 6
4 21 34
4 22 23
4 23 21
4 24 20
4 25 7
4 26 21
4 27 30
4 28 10
4 29 23
4 30 15
4 31 17
4 32 27
4 33 17
4 34 43
4 35 26
4 36 22
4 37 22
4 38 41
4 39 24
4 40 17
4 41 19
4 42 35
4 43 34
4 44 6
5 1 38
5 2 18
5 3 34
5 4 39
5 5 -1
5 6 5
5 7 28
5 8 39
5 9 18
5 10 14
5 11 9
5 12 19
5 13 36
5 14 22
5 15 37
5 16 9
5 17 38
5 18 40
5 19 42
5 20 32
5 21 13
5 22 28
5 23 32
5 24 26
5 25 43
5 26 35
5 27 36
5 28 28
5 29 39
5 30 37
5 31 22
5 32 30
5 33 23
5 34 5
5 35 25
5 36 29
5 37 34
5 38 6
5 39 31
5 40 31
5 41 35
5 42 14
5 43 19
5 44 34
6 1 37
6 2 20
6 3 37
6 4 39
6 5 5
6 6 -1
6 7 24
6 8 39
6 9 14
6 10 17
6 11 12
6 12 22
6 13 39
6 14 24
6 15 39
6 16 9
6 17 41
6 18 40
6 19 41
6 20 33
6 21 9
6 22 26
6 23 35
6 24 24
6 25 42
6 26 32
6 27 32
6 28 29
6 29 42
6 30 39
6 31 22
6 32 33
6 33 22
6 34 8
6 35 28
6 36 26
6 37 31
6 38 11
6 39 34
6 40 29
6 41 38
6 42 18
6 43 15
6 44 35
7 1 27
7 2 28
7 3 42
7 4 32
7 5 28
7 6 24
7 7 -1
7 8 33
7 9 10
7 10 33
7 11 26
7 12 34
7 13 43
7 14 27
7 15 39
7 16 22
7 17 49
7 18 35
7 19 26
7 20 29
7 21 15
7 22 9
7 23 41
7 24 12
7 25 31
7 26 13
7 27 8
7 28 27
7 29 48
7 30 41
7 31 23
7 32 43
7 33 18
7 34 32
7 35 39
7 36 10
7 37 12
7 38 34
7 39 42
7 40 15
7 41 43
7 42 37
7 43 9
7 44 32
8 1 7
8 2 22
8 3 19
8 4 1
8 5 39
8 6 39
8 7 33
8 8 -1
8 9 34
8 10 30
8 11 29
8 12 25
8 13 17
8 14 17
8 15 11
8 16 30
8 17 25
8 18 2
8 19 13
8 20 6
8 21 34
8 22 24
8 23 20
8 24 21
8 25 8
8 26 23
8 27 31
8 28 10
8 29 22
8 30 13
8 31 17
8 32 26
8 33 17
8 34 44
8 35 25
8 36 23
8 37 23
8 38 41
8 39 23
8 40 18
8 41 18
8 42 34
8 43 35
8 44 5
9 1 30
9 2 22
9 3 39
9 4 33
9 5 18
9 6 14
9 7 10
9 8 34
9 9 -1
9 10 25
9 11 18
9 12 27
9 13 40
9 14 24
9 15 38
9 16 14
9 17 45
9 18 36
9 19 31
9 20 29
9 21 5
9 22 14
9 23 37
9 24 14
9 25 34
9 26 20
9 27 18
9 28 26
9 29 44
9 30 39
9 31 20
9 32 38
9 33 17
9 34 22
9 35 33
9 36 14
9 37 19
9 38 24
9 39 38
9 40 19
9 41 39
9 42 28
9 43 1
9 44 32
10 1 31
10 2 8
10 3 20
10 4 30
10 5 14
10 6 17
10 7 33
10 8 30
10 9 25
10 10 -1
10 11 7
10 12 5
10 13 23
10 14 13
10 15 25
10 16 11
10 17 24
10 18 30
10 19 37
10 20 24
10 21 21
10 22 29
10 23 18
10 24 26
10 25 36
10 26 35
10 27 38
10 28 20
10 29 25
10 30 25
10 31 15
10 32 16
10 33 20
10 34 17
10 35 11
10 36 29
10 37 34
10 38 12
10 39 17
10 40 30
10 41 22
10 42 5
10 43 26
10 44 25
11 1 29
11 2 8
11 3 25
11 4 29
11 5 9
11 6 12
11 7 26
11 8 29
11 9 18
11 10 7
11 11 -1
11 12 10
11 13 27
11 14 13
11 15 27
11 16 4
11 17 29
11 18 30
11 19 34
11 20 23
11 21 14
11 22 24
11 23 23
11 24 21
11 25 34
11 26 30
11 27 32
11 28 19
11 29 30
11 30 27
11 31 12
11 32 21
11 33 15
11 34 14
11 35 16
11 36 24
11 37 29
11 38 11
11 39 22
11 40 25
11 41 26
11 42 10
11 43 19
11 44 25
12 1 28
12 2 6
12 3 15
12 4 26
12 5 19
12 6 22
12 7 34
12 8 25
12 9 27
12 10 5
12 11 10
12 12 -1
12 13 18
12 14 10
12 15 20
12 16 14
12 17 19
12 18 26
12 19 34
12 20 20
12 21 24
12 22 29
12 23 13
12 24 25
12 25 32
12 26 34
12 27 38
12 28 16
12 29 20
12 30 19
12 31 13
12 32 11
12 33 18
12 34 22
12 35 6
12 36 29
12 37 33
12 38 17
12 39 12
12 40 28
12 41 16
12 42 9
12 43 29
12 44 20
13 1 24
13 2 19
13 3 2
13 4 18
13 5 36
13 6 39
13 7 43
13 8 17
13 9 40
13 10 23
13 11 27
13 12 18
13 13 -1
13 14 16
13 15 6
13 16 30
13 17 8
13 18 16
13 19 30
13 20 16
13 21 38
13 22 35
13 23 5
13 24 31
13 25 25
13 26 37
13 27 44
13 28 16
13 29 5
13 30 4
13 31 20
13 32 10
13 33 25
13 34 40
13 35 13
13 36 35
13 37 37
13 38 35
13 39 7
13 40 31
13 41 1
13 42 26
13 43 41
13 44 13
14 1 18
14 2 5
14 3 15
14 4 17
14 5 22
14 6 24
14 7 27
14 8 17
14 9 24
14 10 13
14 11 13
14 12 10
14 13 16
14 14 -1
14 15 15
14 16 14
14 17 21
14 18 17
14 19 24
14 20 10
14 21 22
14 22 21
14 23 13
14 24 17
14 25 22
14 26 25
14 27 30
14 28 6
14 29 20
14 30 16
14 31 4
14 32 16
14 33 10
14 34 27
14 35 13
14 36 20
14 37 24
14 38 24
14 39 14
14 40 19
14 41 15
14 42 18
14 43 25
14 44 12
15 1 18
15 2 18
15 3 8
15 4 13
15 5 37
15 6 39
15 7 39
15 8 11
15 9 38
15 10 25
15 11 27
15 12 20
15 13 6
15 14 15
15 15 -1
15 16 29
15 17 14
15 18 10
15 19 24
15 20 11
15 21 37
15 22 31
15 23 9
15 24 27
15 25 19
15 26 32
15 27 40
15 28 12
15 29 10
15 30 2
15 31 18
15 32 15
15 33 21
15 34 41
15 35 17
15 36 30
15 37 32
15 38 37
15 39 12
15 40 27
15 41 7
15 42 29
15 43 39
15 44 8
16 1 29
16 2 11
16 3 28
16 4 30
16 5 9
16 6 9
16 7 22
16 8 30
16 9 14
16 10 11
16 11 4
16 12 14
16 13 30
16 14 14
16 15 29
16 16 -1
16 17 32
16 18 31
16 19 33
16 20 23
16 21 10
16 22 21
16 23 26
16 24 18
16 25 33
16 26 27
16 27 29
16 28 19
16 29 33
16 30 30
16 31 13
16 32 25
16 33 14
16 34 14
16 35 20
16 36 21
16 37 26
16 38 13
16 39 25
16 40 23
16 41 29
16 42 14
16 43 15
16 44 25
17 1 32
17 2 22
17 3 7
17 4 27
17 5 38
17 6 41
17 7 49
17 8 25
17 9 45
17 10 24
17 11 29
17 12 19
17 13 8
17 14 21
17 15 14
17 16 32
17 17 -1
17 18 24
17 19 38
17 20 24
17 21 42
17 22 42
17 23 7
17 24 38
17 25 34
17 26 44
17 27 51
17 28 23
17 29 4
17 30 12
17 31 25
17 32 8
17 33 31
17 34 41
17 35 13
17 36 41
17 37 44
17 38 35
17 39 7
17 40 39
17 41 7
17 42 25
17 43 46
17 44 21
18 1 10
18 2 22
18 3 18
18 4 3
18 5 40
18 6 40
18 7 35
18 8 2
18 9 36
18 10 30
18 11 30
18 12 26
18 13 16
18 14 17
18 15 10
18 16 31
18 17 24
18 18 -1
18 19 15
18 20 7
18 21 36
18 22 26
18 23 19
18 24 23
18 25 9
18 26 25
18 27 33
18 28 11
18 29 20
18 30 12
18 31 18
18 32 25
18 33 19
18 34 45
18 35 25
18 36 25
18 37 26
18 38 41
18 39 22
18 40 20
18 41 17
18 42 35
18 43 37
18 44 5
19 1 6
19 2 28
19 3 31
19 4 11
19 5 42
19 6 41
19 7 26
19 8 13
19 9 31
19 10 37
19 11 34
19 12 34
19 13 30
19 14 24
19 15 24
19 16 33
19 17 38
19 18 15
19 19 -1
19 20 15
19 21 34
19 22 18
19 23 32
19 24 17
19 25 5
19 26 14
19 27 22
19 28 18
19 29 35
19 30 26
19 31 22
19 32 37
19 33 18
19 34 47
19 35 36
19 36 17
19 37 15
19 38 46
19 39 34
19 40 12
19 41 31
19 42 42
19 43 32
19 44 16
20 1 9
20 2 15
20 3 17
20 4 6
20 5 32
20 6 33
20 7 29
20 8 6
20 9 29
20 10 24
20 11 23
20 12 20
20 13 16
20 14 10
20 15 11
20 16 23
20 17 24
20 18 7
20 19 15
20 20 -1
20 21 28
20 22 20
20 23 17
20 24 16
20 25 12
20 26 21
20 27 28
20 28 4
20 29 21
20 30 13
20 31 10
20 32 22
20 33 12
20 34 37
20 35 21
20 36 19
20 37 21
20 38 34
20 39 19
20 40 15
20 41 16
20 42 29
20 43 30
20 44 3
21 1 31
21 2 19
21 3 36
21 4 34
21 5 13
21 6 9
21 7 15
21 8 34
21 9 5
21 10 21
21 11 14
21 12 24
21 13 38
21 14 22
21 15 37
21 16 10
21 17 42
21 18 36
21 19 34
21 20 28
21 21 -1
21 22 17
21 23 35
21 24 16
21 25 36
21 26 24
21 27 23
21 28 25
21 29 42
21 30 38
21 31 19
21 32 35
21 33 17
21 34 17
21 35 30
21 36 18
21 37 22
21 38 19
21 39 35
21 40 21
21 41 37
21 42 24
21 43 6
21 44 31
22 1 18
22 2 23
22 3 35
22 4 23
22 5 28
22 6 26
22 7 9
22 8 24
22 9 14
22 10 29
22 11 24
22 12 29
22 13 35
22 14 21
22 15 31
22 16 21
22 17 42
22 18 26
22 19 18
22 20 20
22 21 17
22 22 -1
22 23 34
22 24 4
22 25 22
22 26 6
22 27 9
22 28 19
22 29 40
22 30 33
22 31 17
22 32 37
22 33 11
22 34 33
22 35 34
22 36 1
22 37 5
22 38 34
22 39 36
22 40 6
22 41 35
22 42 34
22 43 14
22 44 23
23 1 25
23 2 15
23 3 2
23 4 21
23 5 32
23 6 35
23 7 41
23 8 20
23 9 37
23 10 18
23 11 23
23 12 13
23 13 5
23 14 13
23 15 9
23 16 26
23 17 7
23 18 19
23 19 32
23 20 17
23 21 35
23 22 34
23 23 -1
23 24 30
23 25 28
23 26 37
23 27 43
23 28 15
23 29 7
23 30 8
23 31 18
23 32 6
23 33 23
23 34 35
23 35 8
23 36 33
23 37 37
23 38 30
23 39 3
23 40 31
23 41 3
23 42 21
23 43 39
23 44 15
24 1 15
24 2 19
24 3 31
24 4 20
24 5 26
24 6 24
24 7 12
24 8 21
24 9 14
24 10 26
24 11 21
24 12 25
24 13 31
24 14 17
24 15 27
24 16 18
24 17 38
24 18 23
24 19 17
24 20 16
24 21 16
24 22 4
24 23 30
24 24 -1
24 25 20
24 26 9
24 27 13
24 28 15
24 29 36
24 30 29
24 31 13
24 32 33
24 33 7
24 34 31
24 35 30
24 36 3
24 37 8
24 38 31
24 39 31
24 40 5
24 41 31
24 42 31
24 43 15
24 44 19
25 1 5
25 2 27
25 3 27
25 4 7
25 5 43
25 6 42
25 7 31
25 8 8
25 9 34
25 10 36
25 11 34
25 12 32
25 13 25
25 14 22
25 15 19
25 16 33
25 17 34
25 18 9
25 19 5
25 20 12
25 21 36
25 22 22
25 23 28
25 24 20
25 25 -1
25 26 19
25 27 27
25 28 16
25 29 30
25 30 22
25 31 21
25 32 34
25 33 19
25 34 48
25 35 33
25 36 21
25 37 20
25 38 46
25 39 31
25 40 16
25 41 26
25 42 41
25 43 35
25 44 13
26 1 15
26 2 27
26 3 37
26 4 21
26 5 35
26 6 32
26 7 13
26 8 23
26 9 20
26 10 35
26 11 30
26 12 34
26 13 37
26 14 25
26 15 32
26 16 27
26 17 44
26 18 25
26 19 14
26 20 21
26 21 24
26 22 6
26 23 37
26 24 9
26 25 19
26 26 -1
26 27 8
26 28 21
26 29 42
26 30 34
26 31 21
26 32 41
26 33 15
26 34 40
26 35 38
26 36 6
26 37 1
26 38 40
26 39 39
26 40 5
26 41 37
26 42 40
26 43 20
26 44 24
27 1 24
27 2 32
27 3 44
27 4 30
27 5 36
27 6 32
27 7 8
27 8 31
27 9 18
27 10 38
27 11 32
27 12 38
27 13 44
27 14 30
27 15 40
27 16 29
27 17 51
27 18 33
27 19 22
27 20 28
27 21 23
27 22 9
27 23 43
27 24 13
27 25 27
27 26 8
27 27 -1
27 28 28
27 29 49
27 30 42
27 31 26
27 32 47
27 33 20
27 34 40
27 35 43
27 36 10
27 37 7
27 38 42
27 39 45
27 40 13
27 41 44
27 42 43
27 43 18
27 44 31
28 1 12
28 2 11
28 3 16
28 4 10
28 5 28
28 6 29
28 7 27
28 8 10
28 9 26
28 10 20
28 11 19
28 12 16
28 13 16
28 14 6
28 15 12
28 16 19
28 17 23
28 18 11
28 19 18
28 20 4
28 21 25
28 22 19
28 23 15
28 24 15
28 25 16
28 26 21
28 27 28
28 28 -1
28 29 21
28 30 14
28 31 6
28 32 20
28 33 9
28 34 33
28 35 18
28 36 18
28 37 21
28 38 30
28 39 17
28 40 15
28 41 16
28 42 25
28 43 27
28 44 6
29 1 29
29 2 22
29 3 5
29 4 23
29 5 39
29 6 42
29 7 48
29 8 22
29 9 44
29 10 25
29 11 30
29 12 20
29 13 5
29 14 20
29 15 10
29 16 33
29 17 4
29 18 20
29 19 35
29 20 21
29 21 42
29 22 40
29 23 7
29 24 36
29 25 30
29 26 42
29 27 49
29 28 21
29 29 -1
29 30 8
29 31 24
29 32 10
29 33 29
29 34 42
29 35 14
29 36 39
29 37 42
29 38 37
29 39 8
29 40 36
29 41 5
29 42 27
29 43 45
29 44 18
30 1 21
30 2 19
30 3 6
30 4 15
30 5 37
30 6 39
30 7 41
30 8 13
30 9 39
30 10 25
30 11 27
30 12 19
30 13 4
30 14 16
30 15 2
30 16 30
30 17 12
30 18 12
30 19 26
30 20 13
30 21 38
30 22 33
30 23 8
30 24 29
30 25 22
30 26 34
30 27 42
30 28 14
30 29 8
30 30 -1
30 31 19
30 32 14
30 33 23
30 34 41
30 35 16
30 36 32
30 37 34
30 38 37
30 39 11
30 40 29
30 41 5
30 42 28
30 43 40
30 44 10
31 1 17
31 2 7
31 3 19
31 4 17
31 5 22
31 6 22
31 7 23
31 8 17
31 9 20
31 10 15
31 11 12
31 12 13
31 13 20
31 14 4
31 15 18
31 16 13
31 17 25
31 18 18
31 19 22
31 20 10
31 21 19
31 22 17
31 23 18
31 24 13
31 25 21
31 26 21
31 27 26
31 28 6
31 29 24
31 30 19
31 31 -1
31 32 20
31 33 5
31 34 26
31 35 17
31 36 16
31 37 20
31 38 24
31 39 19
31 40 15
31 41 19
31 42 20
31 43 21
31 44 13
32 1 31
32 2 15
32 3 8
32 4 27
32 5 30
32 6 33
32 7 43
32 8 26
32 9 38
32 10 16
32 11 21
32 12 11
32 13 10
32 14 16
32 15 15
32 16 25
32 17 8
32 18 25
32 19 37
32 20 22
32 21 35
32 22 37
32 23 6
32 24 33
32 25 34
32 26 41
32 27 47
32 28 20
32 29 10
32 30 14
32 31 20
32 32 -1
32 33 26
32 34 33
32 35 5
32 36 37
32 37 40
32 38 27
32 39 3
32 40 35
32 41 9
32 42 17
32 43 39
32 44 21
33 1 14
33 2 12
33 3 24
33 4 17
33 5 23
33 6 22
33 7 18
33 8 17
33 9 17
33 10 20
33 11 15
33 12 18
33 13 25
33 14 10
33 15 21
33 16 14
33 17 31
33 18 19
33 19 18
33 20 12
33 21 17
33 22 11
33 23 23
33 24 7
33 25 19
33 26 15
33 27 20
33 28 9
33 29 29
33 30 23
33 31 5
33 32 26
33 33 -1
33 34 28
33 35 22
33 36 10
33 37 14
33 38 27
33 39 24
33 40 10
33 41 24
33 42 25
33 43 18
33 44 15
34 1 43
34 2 22
34 3 38
34 4 43
34 5 5
34 6 8
34 7 32
34 8 44
34 9 22
34 10 17
34 11 14
34 12 22
34 13 40
34 14 27
34 15 41
34 16 14
34 17 41
34 18 45
34 19 47
34 20 37
34 21 17
34 22 33
34 23 35
34 24 31
34 25 48
34 26 40
34 27 40
34 28 33
34 29 42
34 30 41
34 31 26
34 32 33
34 33 28
34 34 -1
34 35 28
34 36 33
34 37 38
34 38 6
34 39 34
34 40 36
34 41 39
34 42 16
34 43 23
34 44 39
35 1 30
35 2 11
35 3 10
35 4 26
35 5 25
35 6 28
35 7 39
35 8 25
35 9 33
35 10 11
35 11 16
35 12 6
35 13 13
35 14 13
35 15 17
35 16 20
35 17 13
35 18 25
35 19 36
35 20 21
35 21 30
35 22 34
35 23 8
35 24 30
35 25 33
35 26 38
35 27 43
35 28 18
35 29 14
35 30 16
35 31 17
35 32 5
35 33 22
35 34 28
35 35 -1
35 36 33
35 37 37
35 38 22
35 39 6
35 40 32
35 41 12
35 42 13
35 43 35
35 44 20
36 1 17
36 2 22
36 3 34
36 4 22
36 5 29
36 6 26
36 7 10
36 8 23
36 9 14
36 10 29
36 11 24
36 12 29
36 13 35
36 14 20
36 15 30
36 16 21
36 17 41
36 18 25
36 19 17
36 20 19
36 21 18
36 22 1
36 23 33
36 24 3
36 25 21
36 26 6
36 27 10
36 28 18
36 29 39
36 30 32
36 31 16
36 32 37
36 33 10
36 34 33
36 35 33
36 36 -1
36 37 5
36 38 34
36 39 35
36 40 5
36 41 34
36 42 34
36 43 15
36 44 22
37 1 16
37 2 27
37 3 37
37 4 22
37 5 34
37 6 31
37 7 12
37 8 23
37 9 19
37 10 34
37 11 29
37 12 33
37 13 37
37 14 24
37 15 32
37 16 26
37 17 44
37 18 26
37 19 15
37 20 21
37 21 22
37 22 5
37 23 37
37 24 8
37 25 20
37 26 1
37 27 7
37 28 21
37 29 42
37 30 34
37 31 20
37 32 40
37 33 14
37 34 38
37 35 37
37 36 5
37 37 -1
37 38 39
37 39 38
37 40 5
37 41 37
37 42 39
37 43 19
37 44 24
38 1 41
38 2 19
38 3 32
38 4 41
38 5 6
38 6 11
38 7 34
38 8 41
38 9 24
38 10 12
38 11 11
38 12 17
38 13 35
38 14 24
38 15 37
38 16 13
38 17 35
38 18 41
38 19 46
38 20 34
38 21 19
38 22 34
38 23 30
38 24 31
38 25 46
38 26 40
38 27 42
38 28 30
38 29 37
38 30 37
38 31 24
38 32 27
38 33 27
38 34 6
38 35 22
38 36 34
38 37 39
38 38 -1
38 39 28
38 40 36
38 41 34
38 42 10
38 43 25
38 44 36
39 1 28
39 2 15
39 3 5
39 4 24
39 5 31
39 6 34
39 7 42
39 8 23
39 9 38
39 10 17
39 11 22
39 12 12
39 13 7
39 14 14
39 15 12
39 16 25
39 17 7
39 18 22
39 19 34
39 20 19
39 21 35
39 22 36
39 23 3
39 24 31
39 25 31
39 26 39
39 27 45
39 28 17
39 29 8
39 30 11
39 31 19
39 32 3
39 33 24
39 34 34
39 35 6
39 36 35
39 37 38
39 38 28
39 39 -1
39 40 33
39 41 6
39 42 19
39 43 39
39 44 18
40 1 12
40 2 22
40 3 31
40 4 17
40 5 31
40 6 29
40 7 15
40 8 18
40 9 19
40 10 30
40 11 25
40 12 28
40 13 31
40 14 19
40 15 27
40 16 23
40 17 39
40 18 20
40 19 12
40 20 15
40 21 21
40 22 6
40 23 31
40 24 5
40 25 16
40 26 5
40 27 13
40 28 15
40 29 36
40 30 29
40 31 15
40 32 35
40 33 10
40 34 36
40 35 32
40 36 5
40 37 5
40 38 36
40 39 33
40 40 -1
40 41 31
40 42 35
40 43 19
40 44 18
41 1 25
41 2 18
41 3 1
41 4 19
41 5 35
41 6 38
41 7 43
41 8 18
41 9 39
41 10 22
41 11 26
41 12 16
41 13 1
41 14 15
41 15 7
41 16 29
41 17 7
41 18 17
41 19 31
41 20 16
41 21 37
41 22 35
41 23 3
41 24 31
41 25 26
41 26 37
41 27 44
41 28 16
41 29 5
41 30 5
41 31 19
41 32 9
41 33 24
41 34 39
41 35 12
41 36 34
41 37 37
41 38 34
41 39 6
41 40 31
41 41 -1
41 42 25
41 43 41
41 44 14
42 1 37
42 2 13
42 3 23
42 4 35
42 5 14
42 6 18
42 7 37
42 8 34
42 9 28
42 10 5
42 11 10
42 12 9
42 13 26
42 14 18
42 15 29
42 16 14
42 17 25
42 18 35
42 19 42
42 20 29
42 21 24
42 22 34
42 23 21
42 24 31
42 25 41
42 26 40
42 27 43
42 28 25
42 29 27
42 30 28
42 31 20
42 32 17
42 33 25
42 34 16
42 35 13
42 36 34
42 37 39
42 38 10
42 39 19
42 40 35
42 41 25
42 42 -1
42 43 30
42 44 29
43 1 30
43 2 24
43 3 40
43 4 34
43 5 19
43 6 15
43 7 9
43 8 35
43 9 1
43 10 26
43 11 19
43 12 29
43 13 41
43 14 25
43 15 39
43 16 15
43 17 46
43 18 37
43 19 32
43 20 30
43 21 6
43 22 14
43 23 39
43 24 15
43 25 35
43 26 20
43 27 18
43 28 27
43 29 45
43 30 40
43 31 21
43 32 39
43 33 18
43 34 23
43 35 35
43 36 15
43 37 19
43 38 25
43 39 39
43 40 19
43 41 41
43 42 30
43 43 -1
43 44 33
44 1 10
44 2 16
44 3 14
44 4 6
44 5 34
44 6 35
44 7 32
44 8 5
44 9 32
44 10 25
44 11 25
44 12 20
44 13 13
44 14 12
44 15 8
44 16 25
44 17 21
44 18 5
44 19 16
44 20 3
44 21 31
44 22 23
44 23 15
44 24 19
44 25 13
44 26 24
44 27 31
44 28 6
44 29 18
44 30 10
44 31 13
44 32 21
44 33 15
44 34 39
44 35 20
44 36 22
44 37 24
44 38 36
44 39 18
44 40 18
44 41 14
44 42 29
44 43 33
44 44 -1
