1 1 -1
1 2 9
1 3 22
1 4 20
1 5 20
1 6 15
1 7 10
1 8 19
1 9 20
1 10 7
1 11 10
1 12 24
1 13 20
1 14 17
1 15 11
1 16 21
1 17 25
1 18 15
1 19 13
1 20 17
2 1 9
2 2 -1
2 3 13
2 4 11
2 5 12
2 6 9
2 7 2
2 8 10
2 9 12
2 10 2
2 11 4
2 12 15
2 13 12
2 14 13
2 15 4
2 16 12
2 17 16
2 18 11
2 19 4
2 20 8
3 1 22
3 2 13
3 3 -1
3 4 2
3 5 10
3 6 9
3 7 12
3 8 6
3 9 4
3 10 15
3 11 12
3 12 2
3 13 11
3 14 13
3 15 14
3 16 5
3 17 3
3 18 13
3 19 9
3 20 5
4 1 20
4 2 11
4 3 2
4 4 -1
4 5 9
4 6 8
4 7 9
4 8 4
4 9 4
4 10 13
4 11 10
4 12 4
4 13 10
4 14 12
4 15 12
4 16 5
4 17 5
4 18 12
4 19 7
4 20 3
5 1 20
5 2 12
5 3 10
5 4 9
5 5 -1
5 6 15
5 7 12
5 8 5
5 9 13
5 10 13
5 11 14
5 12 11
5 13 1
5 14 20
5 15 9
5 16 5
5 17 11
5 18 19
5 19 9
5 20 7
6 1 15
6 2 9
6 3 9
6 4 8
6 5 15
6 6 -1
6 7 7
6 8 10
6 9 5
6 10 11
6 11 5
6 12 11
6 13 15
6 14 5
6 15 12
6 16 12
6 17 12
6 18 4
6 19 7
6 20 7
7 1 10
7 2 2
7 3 12
7 4 9
7 5 12
7 6 7
7 7 -1
7 8 9
7 9 10
7 10 4
7 11 2
7 12 14
7 13 12
7 14 11
7 15 5
7 16 11
7 17 14
7 18 9
7 19 3
7 20 7
8 1 19
8 2 10
8 3 6
8 4 4
8 5 5
8 6 10
8 7 9
8 8 -1
8 9 8
8 10 12
8 11 11
8 12 7
8 13 5
8 14 15
8 15 10
8 16 2
8 17 7
8 18 14
8 19 6
8 20 3
9 1 20
9 2 12
9 3 4
9 4 4
9 5 13
9 6 5
9 7 10
9 8 8
9 9 -1
9 10 14
9 11 10
9 12 6
9 13 14
9 14 9
9 15 15
9 16 9
9 17 7
9 18 9
9 19 9
9 20 6
10 1 7
10 2 2
10 3 15
10 4 13
10 5 13
10 6 11
10 7 4
10 8 12
10 9 14
10 10 -1
10 11 6
10 12 17
10 13 13
10 14 14
10 15 4
10 16 14
10 17 18
10 18 12
10 19 6
10 20 10
11 1 10
11 2 4
11 3 12
11 4 10
11 5 14
11 6 5
11 7 2
11 8 11
11 9 10
11 10 6
11 11 -1
11 12 14
11 13 14
11 14 8
11 15 8
11 16 13
11 17 15
11 18 6
11 19 5
11 20 8
12 1 24
12 2 15
12 3 2
12 4 4
12 5 11
12 6 11
12 7 14
12 8 7
12 9 6
12 10 17
12 11 14
12 12 -1
12 13 12
12 14 15
12 15 16
12 16 6
12 17 1
12 18 15
12 19 11
12 20 7
13 1 20
13 2 12
13 3 11
13 4 10
13 5 1
13 6 15
13 7 12
13 8 5
13 9 14
13 10 13
13 11 14
13 12 12
13 13 -1
13 14 20
13 15 9
13 16 6
13 17 12
13 18 19
13 19 9
13 20 8
14 1 17
14 2 13
14 3 13
14 4 12
14 5 20
14 6 5
14 7 11
14 8 15
14 9 9
14 10 14
14 11 8
14 12 15
14 13 20
14 14 -1
14 15 17
14 16 17
14 17 16
14 18 2
14 19 12
14 20 12
15 1 11
15 2 4
15 3 14
15 4 12
15 5 9
15 6 12
15 7 5
15 8 10
15 9 15
15 10 4
15 11 8
15 12 16
15 13 9
15 14 17
15 15 -1
15 16 12
15 17 17
15 18 15
15 19 6
15 20 9
16 1 21
16 2 12
16 3 5
16 4 5
16 5 5
16 6 12
16 7 11
16 8 2
16 9 9
16 10 14
16 11 13
16 12 6
16 13 6
16 14 17
16 15 12
16 16 -1
16 17 6
16 18 16
16 19 8
16 20 5
17 1 25
17 2 16
17 3 3
17 4 5
17 5 11
17 6 12
17 7 14
17 8 7
17 9 7
17 10 18
17 11 15
17 12 1
17 13 12
17 14 16
17 15 17
17 16 6
17 17 -1
17 18 16
17 19 12
17 20 7
18 1 15
18 2 11
18 3 13
18 4 12
18 5 19
18 6 4
18 7 9
18 8 14
18 9 9
18 10 12
18 11 6
18 12 15
18 13 19
18 14 2
18 15 15
18 16 16
18 17 16
18 18 -1
18 19 10
18 20 11
19 1 13
19 2 4
19 3 9
19 4 7
19 5 9
19 6 7
19 7 3
19 8 6
19 9 9
19 10 6
19 11 5
19 12 11
19 13 9
19 14 12
19 15 6
19 16 8
19 17 12
19 18 10
19 19 -1
19 20 4
20 1 17
20 2 8
20 3 5
20 4 3
20 5 7
20 6 7
20 7 7
20 8 3
20 9 6
20 10 10
20 11 8
20 12 7
20 13 8
20 14 12
20 15 9
20 16 5
20 17 7
20 18 11
20 19 4
20 20 -1
