1 1 -1
1 2 30
1 3 30
1 4 32
1 5 17
1 6 10
1 7 24
1 8 22
1 9 8
1 10 21
1 11 29
1 12 17
1 13 29
1 14 33
1 15 25
1 16 4
1 17 2
1 18 19
1 19 26
1 20 27
1 21 29
1 22 31
1 23 10
1 24 9
1 25 15
1 26 12
1 27 18
1 28 22
1 29 10
1 30 19
1 31 18
1 32 7
1 33 29
1 34 11
1 35 19
2 1 30
2 2 -1
2 3 10
2 4 17
2 5 13
2 6 20
2 7 14
2 8 8
2 9 22
2 10 27
2 11 2
2 12 29
2 13 15
2 14 8
2 15 32
2 16 34
2 17 32
2 18 10
2 19 18
2 20 11
2 21 30
2 22 22
2 23 32
2 24 23
2 25 31
2 26 22
2 27 26
2 28 26
2 29 31
2 30 26
2 31 13
2 32 23
2 33 19
2 34 24
2 35 14
3 1 30
3 2 10
3 3 -1
3 4 7
3 5 15
3 6 21
3 7 22
3 8 11
3 9 22
3 10 20
3 11 8
3 12 23
3 13 5
3 14 4
3 15 24
3 16 34
3 17 33
3 18 15
3 19 10
3 20 3
3 21 21
3 22 12
3 23 29
3 24 21
3 25 26
3 26 26
3 27 20
3 28 19
3 29 28
3 30 19
3 31 12
3 32 23
3 33 9
3 34 22
3 35 21
4 1 32
4 2 17
4 3 7
4 4 -1
4 5 20
4 6 25
4 7 29
4 8 16
4 9 24
4 10 17
4 11 15
4 12 21
4 13 4
4 14 10
4 15 19
4 16 36
4 17 34
4 18 20
4 19 7
4 20 7
4 21 16
4 22 6
4 23 29
4 24 23
4 25 24
4 26 31
4 27 18
4 28 16
4 29 27
4 30 17
4 31 16
4 32 26
4 33 4
4 34 22
4 35 26
5 1 17
5 2 13
5 3 15
5 4 20
5 5 -1
5 6 7
5 7 12
5 8 5
5 9 9
5 10 19
5 11 12
5 12 19
5 13 16
5 14 17
5 15 25
5 16 21
5 17 19
5 18 3
5 19 16
5 20 13
5 21 25
5 22 22
5 23 20
5 24 11
5 25 20
5 26 11
5 27 17
5 28 19
5 29 19
5 30 17
5 31 4
5 32 10
5 33 18
5 34 13
5 35 7
6 1 10
6 2 20
6 3 21
6 4 25
6 5 7
6 6 -1
6 7 15
6 8 12
6 9 4
6 10 19
6 11 19
6 12 17
6 13 21
6 14 23
6 15 25
6 16 14
6 17 12
6 18 9
6 19 20
6 20 18
6 21 26
6 22 26
6 23 15
6 24 7
6 25 17
6 26 6
6 27 16
6 28 19
6 29 14
6 30 17
6 31 9
6 32 4
6 33 23
6 34 10
6 35 10
7 1 24
7 2 14
7 3 22
7 4 29
7 5 12
7 6 15
7 7 -1
7 8 13
7 9 19
7 10 31
7 11 15
7 12 31
7 13 25
7 14 22
7 15 37
7 16 28
7 17 25
7 18 9
7 19 27
7 20 21
7 21 37
7 22 32
7 23 30
7 24 21
7 25 31
7 26 12
7 27 29
7 28 31
7 29 29
7 30 29
7 31 16
7 32 19
7 33 29
7 34 24
7 35 5
8 1 22
8 2 8
8 3 11
8 4 16
8 5 5
8 6 12
8 7 13
8 8 -1
8 9 13
8 10 20
8 11 7
8 12 21
8 13 12
8 14 12
8 15 25
8 16 26
8 17 24
8 18 4
8 19 14
8 20 9
8 21 25
8 22 19
8 23 23
8 24 14
8 25 23
8 26 15
8 27 18
8 28 19
8 29 22
8 30 18
8 31 5
8 32 15
8 33 16
8 34 16
8 35 10
9 1 8
9 2 22
9 3 22
9 4 24
9 5 9
9 6 4
9 7 19
9 8 13
9 9 -1
9 10 15
9 11 21
9 12 13
9 13 20
9 14 24
9 15 21
9 16 12
9 17 10
9 18 12
9 19 18
9 20 18
9 21 23
9 22 24
9 23 11
9 24 2
9 25 13
9 26 10
9 27 12
9 28 16
9 29 10
9 30 13
9 31 9
9 32 2
9 33 21
9 34 5
9 35 14
10 1 21
10 2 27
10 3 20
10 4 17
10 5 19
10 6 19
10 7 31
10 8 20
10 9 15
10 10 -1
10 11 25
10 12 4
10 13 15
10 14 24
10 15 5
10 16 23
10 17 23
10 18 21
10 19 10
10 20 17
10 21 8
10 22 13
10 23 13
10 24 13
10 25 8
10 26 26
10 27 3
10 28 1
10 29 12
10 30 2
10 31 15
10 32 17
10 33 13
10 34 10
10 35 27
11 1 29
11 2 2
11 3 8
11 4 15
11 5 12
11 6 19
11 7 15
11 8 7
11 9 21
11 10 25
11 11 -1
11 12 27
11 13 12
11 14 7
11 15 29
11 16 33
11 17 31
11 18 10
11 19 16
11 20 9
11 21 28
11 22 20
11 23 30
11 24 21
11 25 29
11 26 21
11 27 24
11 28 24
11 29 29
11 30 24
11 31 11
11 32 22
11 33 17
11 34 23
11 35 14
12 1 17
12 2 29
12 3 23
12 4 21
12 5 19
12 6 17
12 7 31
12 8 21
12 9 13
12 10 4
12 11 27
12 12 -1
12 13 19
12 14 27
12 15 8
12 16 19
12 17 19
12 18 22
12 19 14
12 20 19
12 21 12
12 22 17
12 23 9
12 24 10
12 25 3
12 26 24
12 27 3
12 28 5
12 29 8
12 30 3
12 31 16
12 32 15
12 33 17
12 34 7
12 35 26
13 1 29
13 2 15
13 3 5
13 4 4
13 5 16
13 6 21
13 7 25
13 8 12
13 9 20
13 10 15
13 11 12
13 12 19
13 13 -1
13 14 9
13 15 19
13 16 32
13 17 31
13 18 16
13 19 5
13 20 3
13 21 16
13 22 7
13 23 26
13 24 19
13 25 22
13 26 27
13 27 16
13 28 14
13 29 24
13 30 15
13 31 12
13 32 22
13 33 4
13 34 19
13 35 22
14 1 33
14 2 8
14 3 4
14 4 10
14 5 17
14 6 23
14 7 22
14 8 12
14 9 24
14 10 24
14 11 7
14 12 27
14 13 9
14 14 -1
14 15 28
14 16 37
14 17 35
14 18 15
14 19 14
14 20 7
14 21 25
14 22 16
14 23 32
14 24 24
14 25 30
14 26 27
14 27 24
14 28 23
14 29 31
14 30 23
14 31 14
14 32 26
14 33 13
14 34 25
14 35 21
15 1 25
15 2 32
15 3 24
15 4 19
15 5 25
15 6 25
15 7 37
15 8 25
15 9 21
15 10 5
15 11 29
15 12 8
15 13 19
15 14 28
15 15 -1
15 16 27
15 17 27
15 18 27
15 19 14
15 20 21
15 21 5
15 22 14
15 23 17
15 24 18
15 25 11
15 26 31
15 27 8
15 28 5
15 29 16
15 30 7
15 31 21
15 32 22
15 33 15
15 34 15
15 35 32
16 1 4
16 2 34
16 3 34
16 4 36
16 5 21
16 6 14
16 7 28
16 8 26
16 9 12
16 10 23
16 11 33
16 12 19
16 13 32
16 14 37
16 15 27
16 16 -1
16 17 3
16 18 24
16 19 29
16 20 31
16 21 31
16 22 34
16 23 10
16 24 13
16 25 16
16 26 16
16 27 20
16 28 24
16 29 11
16 30 21
16 31 22
16 32 11
16 33 32
16 34 13
16 35 23
17 1 2
17 2 32
17 3 33
17 4 34
17 5 19
17 6 12
17 7 25
17 8 24
17 9 10
17 10 23
17 11 31
17 12 19
17 13 31
17 14 35
17 15 27
17 16 3
17 17 -1
17 18 21
17 19 28
17 20 29
17 21 31
17 22 33
17 23 11
17 24 11
17 25 16
17 26 13
17 27 20
17 28 24
17 29 11
17 30 21
17 31 20
17 32 9
17 33 31
17 34 13
17 35 20
18 1 19
18 2 10
18 3 15
18 4 20
18 5 3
18 6 9
18 7 9
18 8 4
18 9 12
18 10 21
18 11 10
18 12 22
18 13 16
18 14 15
18 15 27
18 16 24
18 17 21
18 18 -1
18 19 17
18 20 13
18 21 27
18 22 23
18 23 23
18 24 14
18 25 23
18 26 12
18 27 19
18 28 21
18 29 22
18 30 20
18 31 6
18 32 13
18 33 19
18 34 16
18 35 6
19 1 26
19 2 18
19 3 10
19 4 7
19 5 16
19 6 20
19 7 27
19 8 14
19 9 18
19 10 10
19 11 16
19 12 14
19 13 5
19 14 14
19 15 14
19 16 29
19 17 28
19 18 17
19 19 -1
19 20 7
19 21 11
19 22 6
19 23 22
19 24 16
19 25 17
19 26 26
19 27 11
19 28 9
19 29 20
19 30 10
19 31 11
19 32 20
19 33 3
19 34 15
19 35 23
20 1 27
20 2 11
20 3 3
20 4 7
20 5 13
20 6 18
20 7 21
20 8 9
20 9 18
20 10 17
20 11 9
20 12 19
20 13 3
20 14 7
20 15 21
20 16 31
20 17 29
20 18 13
20 19 7
20 20 -1
20 21 18
20 22 11
20 23 25
20 24 18
20 25 22
20 26 24
20 27 16
20 28 16
20 29 24
20 30 16
20 31 9
20 32 20
20 33 7
20 34 18
20 35 19
21 1 29
21 2 30
21 3 21
21 4 16
21 5 25
21 6 26
21 7 37
21 8 25
21 9 23
21 10 8
21 11 28
21 12 12
21 13 16
21 14 25
21 15 5
21 16 31
21 17 31
21 18 27
21 19 11
21 20 18
21 21 -1
21 22 10
21 23 21
21 24 20
21 25 15
21 26 33
21 27 11
21 28 7
21 29 20
21 30 10
21 31 21
21 32 25
21 33 12
21 34 18
21 35 33
22 1 31
22 2 22
22 3 12
22 4 6
22 5 22
22 6 26
22 7 32
22 8 19
22 9 24
22 10 13
22 11 20
22 12 17
22 13 7
22 14 16
22 15 14
22 16 34
22 17 33
22 18 23
22 19 6
22 20 11
22 21 10
22 22 -1
22 23 26
22 24 22
22 25 21
22 26 32
22 27 15
22 28 12
22 29 25
22 30 14
22 31 17
22 32 26
22 33 3
22 34 20
22 35 29
23 1 10
23 2 32
23 3 29
23 4 29
23 5 20
23 6 15
23 7 30
23 8 23
23 9 11
23 10 13
23 11 30
23 12 9
23 13 26
23 14 32
23 15 17
23 16 10
23 17 11
23 18 23
23 19 22
23 20 25
23 21 21
23 22 26
23 23 -1
23 24 9
23 25 6
23 26 20
23 27 11
23 28 14
23 29 1
23 30 12
23 31 18
23 32 11
23 33 25
23 34 7
23 35 25
24 1 9
24 2 23
24 3 21
24 4 23
24 5 11
24 6 7
24 7 21
24 8 14
24 9 2
24 10 13
24 11 21
24 12 10
24 13 19
24 14 24
24 15 18
24 16 13
24 17 11
24 18 14
24 19 16
24 20 18
24 21 20
24 22 22
24 23 9
24 24 -1
24 25 10
24 26 13
24 27 9
24 28 13
24 29 8
24 30 10
24 31 10
24 32 4
24 33 19
24 34 2
24 35 16
25 1 15
25 2 31
25 3 26
25 4 24
25 5 20
25 6 17
25 7 31
25 8 23
25 9 13
25 10 8
25 11 29
25 12 3
25 13 22
25 14 30
25 15 11
25 16 16
25 17 16
25 18 23
25 19 17
25 20 22
25 21 15
25 22 21
25 23 6
25 24 10
25 25 -1
25 26 23
25 27 6
25 28 9
25 29 5
25 30 7
25 31 18
25 32 14
25 33 20
25 34 7
25 35 26
26 1 12
26 2 22
26 3 26
26 4 31
26 5 11
26 6 6
26 7 12
26 8 15
26 9 10
26 10 26
26 11 21
26 12 24
26 13 27
26 14 27
26 15 31
26 16 16
26 17 13
26 18 12
26 19 26
26 20 24
26 21 33
26 22 32
26 23 20
26 24 13
26 25 23
26 26 -1
26 27 23
26 28 26
26 29 19
26 30 23
26 31 15
26 32 9
26 33 29
26 34 16
26 35 8
27 1 18
27 2 26
27 3 20
27 4 18
27 5 17
27 6 16
27 7 29
27 8 18
27 9 12
27 10 3
27 11 24
27 12 3
27 13 16
27 14 24
27 15 8
27 16 20
27 17 20
27 18 19
27 19 11
27 20 16
27 21 11
27 22 15
27 23 11
27 24 9
27 25 6
27 26 23
27 27 -1
27 28 4
27 29 9
27 30 1
27 31 13
27 32 14
27 33 14
27 34 7
27 35 24
28 1 22
28 2 26
28 3 19
28 4 16
28 5 19
28 6 19
28 7 31
28 8 19
28 9 16
28 10 1
28 11 24
28 12 5
28 13 14
28 14 23
28 15 5
28 16 24
28 17 24
28 18 21
28 19 9
28 20 16
28 21 7
28 22 12
28 23 14
28 24 13
28 25 9
28 26 26
28 27 4
28 28 -1
28 29 13
28 30 3
28 31 15
28 32 18
28 33 11
28 34 11
28 35 26
29 1 10
29 2 31
29 3 28
29 4 27
29 5 19
29 6 14
29 7 29
29 8 22
29 9 10
29 10 12
29 11 29
29 12 8
29 13 24
29 14 31
29 15 16
29 16 11
29 17 11
29 18 22
29 19 20
29 20 24
29 21 20
29 22 25
29 23 1
29 24 8
29 25 5
29 26 19
29 27 9
29 28 13
29 29 -1
29 30 10
29 31 17
29 32 10
29 33 23
29 34 6
29 35 24
30 1 19
30 2 26
30 3 19
30 4 17
30 5 17
30 6 17
30 7 29
30 8 18
30 9 13
30 10 2
30 11 24
30 12 3
30 13 15
30 14 23
30 15 7
30 16 21
30 17 21
30 18 20
30 19 10
30 20 16
30 21 10
30 22 14
30 23 12
30 24 10
30 25 7
30 26 23
30 27 1
30 28 3
30 29 10
30 30 -1
30 31 13
30 32 15
30 33 13
30 34 8
30 35 25
31 1 18
31 2 13
31 3 12
31 4 16
31 5 4
31 6 9
31 7 16
31 8 5
31 9 9
31 10 15
31 11 11
31 12 16
31 13 12
31 14 14
31 15 21
31 16 22
31 17 20
31 18 6
31 19 11
31 20 9
31 21 21
31 22 17
31 23 18
31 24 10
31 25 18
31 26 15
31 27 13
31 28 15
31 29 17
31 30 13
31 31 -1
31 32 11
31 33 14
31 34 11
31 35 12
32 1 7
32 2 23
32 3 23
32 4 26
32 5 10
32 6 4
32 7 19
32 8 15
32 9 2
32 10 17
32 11 22
32 12 15
32 13 22
32 14 26
32 15 22
32 16 11
32 17 9
32 18 13
32 19 20
32 20 20
32 21 25
32 22 26
32 23 11
32 24 4
32 25 14
32 26 9
32 27 14
32 28 18
32 29 10
32 30 15
32 31 11
32 32 -1
32 33 23
32 34 7
32 35 14
33 1 29
33 2 19
33 3 9
33 4 4
33 5 18
33 6 23
33 7 29
33 8 16
33 9 21
33 10 13
33 11 17
33 12 17
33 13 4
33 14 13
33 15 15
33 16 32
33 17 31
33 18 19
33 19 3
33 20 7
33 21 12
33 22 3
33 23 25
33 24 19
33 25 20
33 26 29
33 27 14
33 28 11
33 29 23
33 30 13
33 31 14
33 32 23
33 33 -1
33 34 18
33 35 26
34 1 11
34 2 24
34 3 22
34 4 22
34 5 13
34 6 10
34 7 24
34 8 16
34 9 5
34 10 10
34 11 23
34 12 7
34 13 19
34 14 25
34 15 15
34 16 13
34 17 13
34 18 16
34 19 15
34 20 18
34 21 18
34 22 20
34 23 7
34 24 2
34 25 7
34 26 16
34 27 7
34 28 11
34 29 6
34 30 8
34 31 11
34 32 7
34 33 18
34 34 -1
34 35 19
35 1 19
35 2 14
35 3 21
35 4 26
35 5 7
35 6 10
35 7 5
35 8 10
35 9 14
35 10 27
35 11 14
35 12 26
35 13 22
35 14 21
35 15 32
35 16 23
35 17 20
35 18 6
35 19 23
35 20 19
35 21 33
35 22 29
35 23 25
35 24 16
35 25 26
35 26 8
35 27 24
35 28 26
35 29 24
35 30 25
35 31 12
35 32 14
35 33 26
35 34 19
35 35 -1
