1 1 -1
1 2 20
1 3 25
1 4 13
1 5 13
1 6 21
1 7 29
1 8 12
1 9 35
1 10 30
1 11 21
1 12 30
1 13 29
1 14 17
1 15 11
1 16 24
1 17 5
1 18 19
1 19 6
1 20 8
1 21 21
1 22 7
1 23 25
1 24 10
1 25 17
1 26 29
1 27 33
1 28 15
1 29 8
1 30 30
1 31 31
1 32 10
1 33 26
1 34 25
1 35 28
1 36 23
1 37 21
1 38 25
1 39 12
1 40 34
2 1 20
2 2 -1
2 3 41
2 4 14
2 5 16
2 6 36
2 7 19
2 8 8
2 9 27
2 10 15
2 11 30
2 12 38
2 13 25
2 14 12
2 15 24
2 16 37
2 17 19
2 18 29
2 19 16
2 20 12
2 21 14
2 22 15
2 23 35
2 24 27
2 25 10
2 26 30
2 27 30
2 28 27
2 29 17
2 30 24
2 31 14
2 32 22
2 33 26
2 34 38
2 35 33
2 36 38
2 37 34
2 38 27
2 39 11
2 40 21
3 1 25
3 2 41
3 3 -1
3 4 27
3 5 38
3 6 4
3 7 38
3 8 32
3 9 39
3 10 43
3 11 15
3 12 18
3 13 32
3 14 31
3 15 17
3 16 8
3 17 30
3 18 14
3 19 25
3 20 30
3 21 32
3 22 32
3 23 12
3 24 15
3 25 33
3 26 27
3 27 33
3 28 14
3 29 24
3 30 34
3 31 47
3 32 18
3 33 26
3 34 9
3 35 21
3 36 3
3 37 8
3 38 25
3 39 29
3 40 43
4 1 13
4 2 14
4 3 27
4 4 -1
4 5 19
4 6 23
4 7 16
4 8 7
4 9 22
4 10 18
4 11 16
4 12 24
4 13 16
4 14 4
4 15 10
4 16 23
4 17 16
4 18 15
4 19 7
4 20 8
4 21 8
4 22 15
4 23 21
4 24 15
4 25 5
4 26 18
4 27 21
4 28 13
4 29 5
4 30 17
4 31 20
4 32 9
4 33 15
4 34 23
4 35 19
4 36 24
4 37 20
4 38 15
4 39 3
4 40 21
5 1 13
5 2 16
5 3 38
5 4 19
5 5 -1
5 6 34
5 7 33
5 8 13
5 9 40
5 10 31
5 11 33
5 12 42
5 13 36
5 14 21
5 15 23
5 16 37
5 17 8
5 18 31
5 19 15
5 20 11
5 21 25
5 22 6
5 23 37
5 24 23
5 25 20
5 26 38
5 27 41
5 28 27
5 29 17
5 30 36
5 31 30
5 32 21
5 33 34
5 34 38
5 35 38
5 36 36
5 37 34
5 38 35
5 39 16
5 40 36
6 1 21
6 2 36
6 3 4
6 4 23
6 5 34
6 6 -1
6 7 34
6 8 28
6 9 36
6 10 39
6 11 12
6 12 16
6 13 28
6 14 27
6 15 12
6 16 6
6 17 26
6 18 10
6 19 20
6 20 25
6 21 28
6 22 28
6 23 10
6 24 11
6 25 28
6 26 24
6 27 30
6 28 9
6 29 19
6 30 31
6 31 43
6 32 14
6 33 23
6 34 8
6 35 19
6 36 2
6 37 5
6 38 21
6 39 25
6 40 39
7 1 29
7 2 19
7 3 38
7 4 16
7 5 33
7 6 34
7 7 -1
7 8 19
7 9 7
7 10 8
7 11 22
7 12 26
7 13 8
7 14 12
7 15 24
7 16 31
7 17 32
7 18 23
7 19 23
7 20 23
7 21 8
7 22 29
7 23 27
7 24 29
7 25 13
7 26 14
7 27 12
7 28 24
7 29 21
7 30 6
7 31 13
7 32 23
7 33 13
7 34 31
7 35 20
7 36 34
7 37 30
7 38 14
7 39 17
7 40 5
8 1 12
8 2 8
8 3 32
8 4 7
8 5 13
8 6 28
8 7 19
8 8 -1
8 9 26
8 10 19
8 11 23
8 12 31
8 13 22
8 14 7
8 15 15
8 16 29
8 17 13
8 18 22
8 19 7
8 20 4
8 21 12
8 22 10
8 23 28
8 24 18
8 25 6
8 26 25
8 27 27
8 28 19
8 29 8
8 30 22
8 31 19
8 32 13
8 33 21
8 34 30
8 35 27
8 36 29
8 37 26
8 38 22
8 39 4
8 40 23
9 1 35
9 2 27
9 3 39
9 4 22
9 5 40
9 6 36
9 7 7
9 8 26
9 9 -1
9 10 14
9 11 23
9 12 24
9 13 7
9 14 19
9 15 28
9 16 31
9 17 38
9 18 25
9 19 29
9 20 29
9 21 14
9 22 36
9 23 27
9 24 34
9 25 20
9 26 12
9 27 7
9 28 27
9 29 26
9 30 5
9 31 19
9 32 28
9 33 13
9 34 31
9 35 19
9 36 35
9 37 31
9 38 14
9 39 24
9 40 9
10 1 30
10 2 15
10 3 43
10 4 18
10 5 31
10 6 39
10 7 8
10 8 19
10 9 14
10 10 -1
10 11 29
10 12 34
10 13 16
10 14 13
10 15 28
10 16 37
10 17 32
10 18 29
10 19 24
10 20 23
10 21 11
10 22 29
10 23 34
10 24 33
10 25 13
10 26 22
10 27 20
10 28 29
10 29 23
10 30 14
10 31 5
10 32 27
10 33 20
10 34 37
10 35 28
10 36 40
10 37 36
10 38 21
10 39 18
10 40 6
11 1 21
11 2 30
11 3 15
11 4 16
11 5 33
11 6 12
11 7 22
11 8 23
11 9 23
11 10 29
11 11 -1
11 12 8
11 13 16
11 14 18
11 15 10
11 16 8
11 17 26
11 18 2
11 19 18
11 20 22
11 21 18
11 22 27
11 23 5
11 24 14
11 25 20
11 26 12
11 27 18
11 28 6
11 29 15
11 30 19
11 31 33
11 32 11
11 33 10
11 34 8
11 35 7
11 36 12
11 37 7
11 38 9
11 39 19
11 40 28
12 1 30
12 2 38
12 3 18
12 4 24
12 5 42
12 6 16
12 7 26
12 8 31
12 9 24
12 10 34
12 11 8
12 12 -1
12 13 18
12 14 26
12 15 18
12 16 10
12 17 35
12 18 10
12 19 26
12 20 31
12 21 24
12 22 36
12 23 6
12 24 22
12 25 28
12 26 12
12 27 17
12 28 15
12 29 24
12 30 21
12 31 38
12 32 20
12 33 13
12 34 9
12 35 5
12 36 15
12 37 12
12 38 12
12 39 27
12 40 31
13 1 29
13 2 25
13 3 32
13 4 16
13 5 36
13 6 28
13 7 8
13 8 22
13 9 7
13 10 16
13 11 16
13 12 18
13 13 -1
13 14 14
13 15 21
13 16 24
13 17 33
13 18 18
13 19 23
13 20 25
13 21 10
13 22 31
13 23 20
13 24 27
13 25 16
13 26 6
13 27 5
13 28 20
13 29 20
13 30 2
13 31 21
13 32 21
13 33 5
13 34 24
13 35 12
13 36 28
13 37 24
13 38 7
13 39 19
13 40 13
14 1 17
14 2 12
14 3 31
14 4 4
14 5 21
14 6 27
14 7 12
14 8 7
14 9 19
14 10 13
14 11 18
14 12 26
14 13 14
14 14 -1
14 15 14
14 16 26
14 17 19
14 18 18
14 19 11
14 20 10
14 21 4
14 22 17
14 23 24
14 24 19
14 25 2
14 26 18
14 27 19
14 28 17
14 29 9
14 30 15
14 31 16
14 32 13
14 33 14
14 34 26
14 35 21
14 36 28
14 37 24
14 38 15
14 39 5
14 40 17
15 1 11
15 2 24
15 3 17
15 4 10
15 5 23
15 6 12
15 7 24
15 8 15
15 9 28
15 10 28
15 11 10
15 12 18
15 13 21
15 14 14
15 15 -1
15 16 14
15 17 17
15 18 8
15 19 9
15 20 14
15 21 17
15 22 17
15 23 13
15 24 6
15 25 16
15 26 19
15 27 24
15 28 4
15 29 7
15 30 23
15 31 31
15 32 2
15 33 16
15 34 15
15 35 17
15 36 13
15 37 11
15 38 15
15 39 12
15 40 29
16 1 24
16 2 37
16 3 8
16 4 23
16 5 37
16 6 6
16 7 31
16 8 29
16 9 31
16 10 37
16 11 8
16 12 10
16 13 24
16 14 26
16 15 14
16 16 -1
16 17 30
16 18 8
16 19 23
16 20 28
16 21 26
16 22 31
16 23 4
16 24 15
16 25 28
16 26 19
16 27 25
16 28 10
16 29 21
16 30 27
16 31 41
16 32 16
16 33 18
16 34 1
16 35 13
16 36 5
16 37 3
16 38 17
16 39 25
16 40 36
17 1 5
17 2 19
17 3 30
17 4 16
17 5 8
17 6 26
17 7 32
17 8 13
17 9 38
17 10 32
17 11 26
17 12 35
17 13 33
17 14 19
17 15 17
17 16 30
17 17 -1
17 18 25
17 19 10
17 20 9
17 21 24
17 22 3
17 23 30
17 24 15
17 25 19
17 26 34
17 27 37
17 28 21
17 29 12
17 30 34
17 31 32
17 32 15
17 33 30
17 34 31
17 35 33
17 36 28
17 37 26
17 38 30
17 39 14
17 40 36
18 1 19
18 2 29
18 3 14
18 4 15
18 5 31
18 6 10
18 7 23
18 8 22
18 9 25
18 10 29
18 11 2
18 12 10
18 13 18
18 14 18
18 15 8
18 16 8
18 17 25
18 18 -1
18 19 16
18 20 21
18 21 18
18 22 25
18 23 6
18 24 12
18 25 20
18 26 14
18 27 20
18 28 4
18 29 14
18 30 20
18 31 33
18 32 9
18 33 12
18 34 8
18 35 9
18 36 10
18 37 6
18 38 11
18 39 18
18 40 29
19 1 6
19 2 16
19 3 25
19 4 7
19 5 15
19 6 20
19 7 23
19 8 7
19 9 29
19 10 24
19 11 18
19 12 26
19 13 23
19 14 11
19 15 9
19 16 23
19 17 10
19 18 16
19 19 -1
19 20 5
19 21 15
19 22 9
19 23 22
19 24 10
19 25 11
19 26 24
19 27 27
19 28 13
19 29 2
19 30 24
19 31 26
19 32 7
19 33 20
19 34 24
19 35 23
19 36 22
19 37 20
19 38 20
19 39 6
19 40 28
20 1 8
20 2 12
20 3 30
20 4 8
20 5 11
20 6 25
20 7 23
20 8 4
20 9 29
20 10 23
20 11 22
20 12 31
20 13 25
20 14 10
20 15 14
20 16 28
20 17 9
20 18 21
20 19 5
20 20 -1
20 21 15
20 22 6
20 23 27
20 24 15
20 25 10
20 26 27
20 27 29
20 28 18
20 29 7
20 30 25
20 31 23
20 32 12
20 33 23
20 34 29
20 35 27
20 36 27
20 37 25
20 38 23
20 39 5
20 40 27
21 1 21
21 2 14
21 3 32
21 4 8
21 5 25
21 6 28
21 7 8
21 8 12
21 9 14
21 10 11
21 11 18
21 12 24
21 13 10
21 14 4
21 15 17
21 16 26
21 17 24
21 18 18
21 19 15
21 20 15
21 21 -1
21 22 21
21 23 23
21 24 22
21 25 5
21 26 15
21 27 15
21 28 18
21 29 13
21 30 10
21 31 15
21 32 16
21 33 12
21 34 26
21 35 19
21 36 29
21 37 24
21 38 13
21 39 9
21 40 13
22 1 7
22 2 15
22 3 32
22 4 15
22 5 6
22 6 28
22 7 29
22 8 10
22 9 36
22 10 29
22 11 27
22 12 36
22 13 31
22 14 17
22 15 17
22 16 31
22 17 3
22 18 25
22 19 9
22 20 6
22 21 21
22 22 -1
22 23 31
22 24 17
22 25 16
22 26 33
22 27 36
22 28 21
22 29 12
22 30 32
22 31 29
22 32 15
22 33 29
22 34 32
22 35 33
22 36 30
22 37 28
22 38 29
22 39 12
22 40 33
23 1 25
23 2 35
23 3 12
23 4 21
23 5 37
23 6 10
23 7 27
23 8 28
23 9 27
23 10 34
23 11 5
23 12 6
23 13 20
23 14 24
23 15 13
23 16 4
23 17 30
23 18 6
23 19 22
23 20 27
23 21 23
23 22 31
23 23 -1
23 24 16
23 25 25
23 26 15
23 27 21
23 28 9
23 29 20
23 30 23
23 31 38
23 32 15
23 33 15
23 34 3
23 35 9
23 36 9
23 37 5
23 38 13
23 39 24
23 40 33
24 1 10
24 2 27
24 3 15
24 4 15
24 5 23
24 6 11
24 7 29
24 8 18
24 9 34
24 10 33
24 11 14
24 12 22
24 13 27
24 14 19
24 15 6
24 16 15
24 17 15
24 18 12
24 19 10
24 20 15
24 21 22
24 22 17
24 23 16
24 24 -1
24 25 20
24 26 25
24 27 30
24 28 8
24 29 10
24 30 29
24 31 36
24 32 6
24 33 22
24 34 16
24 35 21
24 36 13
24 37 12
24 38 21
24 39 16
24 40 35
25 1 17
25 2 10
25 3 33
25 4 5
25 5 20
25 6 28
25 7 13
25 8 6
25 9 20
25 10 13
25 11 20
25 12 28
25 13 16
25 14 2
25 15 16
25 16 28
25 17 19
25 18 20
25 19 11
25 20 10
25 21 5
25 22 16
25 23 25
25 24 20
25 25 -1
25 26 20
25 27 21
25 28 18
25 29 10
25 30 16
25 31 15
25 32 14
25 33 16
25 34 28
25 35 23
25 36 29
25 37 25
25 38 17
25 39 5
25 40 17
26 1 29
26 2 30
26 3 27
26 4 18
26 5 38
26 6 24
26 7 14
26 8 25
26 9 12
26 10 22
26 11 12
26 12 12
26 13 6
26 14 18
26 15 19
26 16 19
26 17 34
26 18 14
26 19 24
26 20 27
26 21 15
26 22 33
26 23 15
26 24 25
26 25 20
26 26 -1
26 27 6
26 28 17
26 29 21
26 30 9
26 31 27
26 32 20
26 33 3
26 34 18
26 35 6
26 36 23
26 37 19
26 38 3
26 39 21
26 40 19
27 1 33
27 2 30
27 3 33
27 4 21
27 5 41
27 6 30
27 7 12
27 8 27
27 9 7
27 10 20
27 11 18
27 12 17
27 13 5
27 14 19
27 15 24
27 16 25
27 17 37
27 18 20
27 19 27
27 20 29
27 21 15
27 22 36
27 23 21
27 24 30
27 25 21
27 26 6
27 27 -1
27 28 23
27 29 25
27 30 6
27 31 25
27 32 25
27 33 8
27 34 25
27 35 12
27 36 30
27 37 25
27 38 9
27 39 24
27 40 15
28 1 15
28 2 27
28 3 14
28 4 13
28 5 27
28 6 9
28 7 24
28 8 19
28 9 27
28 10 29
28 11 6
28 12 15
28 13 20
28 14 17
28 15 4
28 16 10
28 17 21
28 18 4
28 19 13
28 20 18
28 21 18
28 22 21
28 23 9
28 24 8
28 25 18
28 26 17
28 27 23
28 28 -1
28 29 11
28 30 22
28 31 33
28 32 6
28 33 15
28 34 11
28 35 13
28 36 10
28 37 7
28 38 14
28 39 15
28 40 30
29 1 8
29 2 17
29 3 24
29 4 5
29 5 17
29 6 19
29 7 21
29 8 8
29 9 26
29 10 23
29 11 15
29 12 24
29 13 20
29 14 9
29 15 7
29 16 21
29 17 12
29 18 14
29 19 2
29 20 7
29 21 13
29 22 12
29 23 20
29 24 10
29 25 10
29 26 21
29 27 25
29 28 11
29 29 -1
29 30 21
29 31 25
29 32 5
29 33 17
29 34 22
29 35 21
29 36 21
29 37 18
29 38 17
29 39 5
29 40 26
30 1 30
30 2 24
30 3 34
30 4 17
30 5 36
30 6 31
30 7 6
30 8 22
30 9 5
30 10 14
30 11 19
30 12 21
30 13 2
30 14 15
30 15 23
30 16 27
30 17 34
30 18 20
30 19 24
30 20 25
30 21 10
30 22 32
30 23 23
30 24 29
30 25 16
30 26 9
30 27 6
30 28 22
30 29 21
30 30 -1
30 31 19
30 32 23
30 33 8
30 34 27
30 35 15
30 36 31
30 37 26
30 38 10
30 39 19
30 40 10
31 1 31
31 2 14
31 3 47
31 4 20
31 5 30
31 6 43
31 7 13
31 8 19
31 9 19
31 10 5
31 11 33
31 12 38
31 13 21
31 14 16
31 15 31
31 16 41
31 17 32
31 18 33
31 19 26
31 20 23
31 21 15
31 22 29
31 23 38
31 24 36
31 25 15
31 26 27
31 27 25
31 28 33
31 29 25
31 30 19
31 31 -1
31 32 30
31 33 25
31 34 41
31 35 32
31 36 43
31 37 39
31 38 26
31 39 20
31 40 10
32 1 10
32 2 22
32 3 18
32 4 9
32 5 21
32 6 14
32 7 23
32 8 13
32 9 28
32 10 27
32 11 11
32 12 20
32 13 21
32 14 13
32 15 2
32 16 16
32 17 15
32 18 9
32 19 7
32 20 12
32 21 16
32 22 15
32 23 15
32 24 6
32 25 14
32 26 20
32 27 25
32 28 6
32 29 5
32 30 23
32 31 30
32 32 -1
32 33 17
32 34 17
32 35 18
32 36 15
32 37 13
32 38 16
32 39 10
32 40 29
33 1 26
33 2 26
33 3 26
33 4 15
33 5 34
33 6 23
33 7 13
33 8 21
33 9 13
33 10 20
33 11 10
33 12 13
33 13 5
33 14 14
33 15 16
33 16 18
33 17 30
33 18 12
33 19 20
33 20 23
33 21 12
33 22 29
33 23 15
33 24 22
33 25 16
33 26 3
33 27 8
33 28 15
33 29 17
33 30 8
33 31 25
33 32 17
33 33 -1
33 34 18
33 35 7
33 36 22
33 37 18
33 38 1
33 39 18
33 40 18
34 1 25
34 2 38
34 3 9
34 4 23
34 5 38
34 6 8
34 7 31
34 8 30
34 9 31
34 10 37
34 11 8
34 12 9
34 13 24
34 14 26
34 15 15
34 16 1
34 17 31
34 18 8
34 19 24
34 20 29
34 21 26
34 22 32
34 23 3
34 24 16
34 25 28
34 26 18
34 27 25
34 28 11
34 29 22
34 30 27
34 31 41
34 32 17
34 33 18
34 34 -1
34 35 12
34 36 6
34 37 4
34 38 17
34 39 26
34 40 36
35 1 28
35 2 33
35 3 21
35 4 19
35 5 38
35 6 19
35 7 20
35 8 27
35 9 19
35 10 28
35 11 7
35 12 5
35 13 12
35 14 21
35 15 17
35 16 13
35 17 33
35 18 9
35 19 23
35 20 27
35 21 19
35 22 33
35 23 9
35 24 21
35 25 23
35 26 6
35 27 12
35 28 13
35 29 21
35 30 15
35 31 32
35 32 18
35 33 7
35 34 12
35 35 -1
35 36 18
35 37 14
35 38 6
35 39 23
35 40 25
36 1 23
36 2 38
36 3 3
36 4 24
36 5 36
36 6 2
36 7 34
36 8 29
36 9 35
36 10 40
36 11 12
36 12 15
36 13 28
36 14 28
36 15 13
36 16 5
36 17 28
36 18 10
36 19 22
36 20 27
36 21 29
36 22 30
36 23 9
36 24 13
36 25 29
36 26 23
36 27 30
36 28 10
36 29 21
36 30 31
36 31 43
36 32 15
36 33 22
36 34 6
36 35 18
36 36 -1
36 37 4
36 38 21
36 39 26
36 40 40
37 1 21
37 2 34
37 3 8
37 4 20
37 5 34
37 6 5
37 7 30
37 8 26
37 9 31
37 10 36
37 11 7
37 12 12
37 13 24
37 14 24
37 15 11
37 16 3
37 17 26
37 18 6
37 19 20
37 20 25
37 21 24
37 22 28
37 23 5
37 24 12
37 25 25
37 26 19
37 27 25
37 28 7
37 29 18
37 30 26
37 31 39
37 32 13
37 33 18
37 34 4
37 35 14
37 36 4
37 37 -1
37 38 17
37 39 23
37 40 35
38 1 25
38 2 27
38 3 25
38 4 15
38 5 35
38 6 21
38 7 14
38 8 22
38 9 14
38 10 21
38 11 9
38 12 12
38 13 7
38 14 15
38 15 15
38 16 17
38 17 30
38 18 11
38 19 20
38 20 23
38 21 13
38 22 29
38 23 13
38 24 21
38 25 17
38 26 3
38 27 9
38 28 14
38 29 17
38 30 10
38 31 26
38 32 16
38 33 1
38 34 17
38 35 6
38 36 21
38 37 17
38 38 -1
38 39 18
38 40 19
39 1 12
39 2 11
39 3 29
39 4 3
39 5 16
39 6 25
39 7 17
39 8 4
39 9 24
39 10 18
39 11 19
39 12 27
39 13 19
39 14 5
39 15 12
39 16 25
39 17 14
39 18 18
39 19 6
39 20 5
39 21 9
39 22 12
39 23 24
39 24 16
39 25 5
39 26 21
39 27 24
39 28 15
39 29 5
39 30 19
39 31 20
39 32 10
39 33 18
39 34 26
39 35 23
39 36 26
39 37 23
39 38 18
39 39 -1
39 40 22
40 1 34
40 2 21
40 3 43
40 4 21
40 5 36
40 6 39
40 7 5
40 8 23
40 9 9
40 10 6
40 11 28
40 12 31
40 13 13
40 14 17
40 15 29
40 16 36
40 17 36
40 18 29
40 19 28
40 20 27
40 21 13
40 22 33
40 23 33
40 24 35
40 25 17
40 26 19
40 27 15
40 28 30
40 29 26
40 30 10
40 31 10
40 32 29
40 33 18
40 34 36
40 35 25
40 36 40
40 37 35
40 38 19
40 39 22
40 40 -1
