29 32
29 4
29 39
29 15
29 19
29 20
11 35
11 37
11 18
11 23
11 28
36 34
36 3
36 37
36 6
36 16
32 15
32 19
32 24
32 28
32 29
38 33
38 26
38 35
38 13
24 32
24 15
21 25
21 4
21 14
33 26
33 35
33 13
33 38
12 35
12 23
39 4
39 8
39 14
39 19
39 20
39 25
39 29
25 4
25 39
25 8
25 14
25 21
6 16
6 3
6 36
6 37
30 9
30 27
30 13
30 7
23 34
23 37
23 11
23 12
23 16
23 18
19 32
19 1
19 4
19 39
19 8
19 20
19 29
18 11
18 28
18 37
18 23
27 9
27 26
27 13
27 30
34 16
34 36
34 37
34 23
37 34
37 36
37 6
37 11
37 16
37 18
37 23
37 28
28 32
28 37
28 11
28 15
28 18
16 34
16 36
16 37
16 6
16 23
9 27
9 13
9 30
9 7
13 33
13 38
13 9
13 26
13 27
13 30
10 40
10 31
20 39
20 8
20 19
20 22
20 29
26 33
26 35
26 38
26 13
26 27
35 33
35 38
35 11
35 12
35 26
40 10
40 7
31 10
22 1
22 20
22 5
22 17
