1 1 -1
1 2 16
1 3 15
1 4 13
1 5 12
1 6 14
1 7 13
1 8 14
1 9 8
1 10 14
1 11 9
1 12 12
1 13 6
1 14 7
1 15 10
1 16 4
1 17 17
1 18 5
1 19 18
1 20 7
1 21 15
1 22 17
1 23 8
1 24 12
1 25 4
1 26 3
1 27 7
2 1 16
2 2 -1
2 3 32
2 4 10
2 5 15
2 6 25
2 7 30
2 8 11
2 9 10
2 10 19
2 11 12
2 12 19
2 13 10
2 14 24
2 15 25
2 16 16
2 17 17
2 18 19
2 19 8
2 20 23
2 21 31
2 22 14
2 23 25
2 24 14
2 25 19
2 26 13
2 27 21
3 1 15
3 2 32
3 3 -1
3 4 26
3 5 24
3 6 19
3 7 2
3 8 28
3 9 22
3 10 25
3 11 23
3 12 22
3 13 21
3 14 8
3 15 9
3 16 16
3 17 28
3 18 13
3 19 33
3 20 8
3 21 1
3 22 30
3 23 7
3 24 23
3 25 12
3 26 19
3 27 11
4 1 13
4 2 10
4 3 26
4 4 -1
4 5 19
4 6 26
4 7 25
4 8 17
4 9 5
4 10 23
4 11 14
4 12 21
4 13 10
4 14 18
4 15 18
4 16 10
4 17 23
4 18 13
4 19 17
4 20 18
4 21 26
4 22 21
4 23 19
4 24 4
4 25 14
4 26 11
4 27 15
5 1 12
5 2 15
5 3 24
5 4 19
5 5 -1
5 6 10
5 7 22
5 8 5
5 9 14
5 10 4
5 11 4
5 12 4
5 13 8
5 14 18
5 15 22
5 16 15
5 17 5
5 18 17
5 19 10
5 20 17
5 21 23
5 22 5
5 23 18
5 24 20
5 25 16
5 26 9
5 27 19
6 1 14
6 2 25
6 3 19
6 4 26
6 5 10
6 6 -1
6 7 17
6 8 15
6 9 20
6 10 7
6 11 13
6 12 6
6 13 15
6 14 16
6 15 20
6 16 18
6 17 12
6 18 17
6 19 21
6 20 15
6 21 18
6 22 15
6 23 15
6 24 26
6 25 16
6 26 14
6 27 18
7 1 13
7 2 30
7 3 2
7 4 25
7 5 22
7 6 17
7 7 -1
7 8 26
7 9 21
7 10 22
7 11 21
7 12 19
7 13 19
7 14 6
7 15 8
7 16 14
7 17 26
7 18 11
7 19 31
7 20 6
7 21 1
7 22 28
7 23 5
7 24 22
7 25 10
7 26 17
7 27 10
8 1 14
8 2 11
8 3 28
8 4 17
8 5 5
8 6 15
8 7 26
8 8 -1
8 9 13
8 10 9
8 11 5
8 12 9
8 13 9
8 14 21
8 15 25
8 16 17
8 17 6
8 18 19
8 19 5
8 20 21
8 21 28
8 22 3
8 23 22
8 24 20
8 25 18
8 26 11
8 27 21
9 1 8
9 2 10
9 3 22
9 4 5
9 5 14
9 6 20
9 7 21
9 8 13
9 9 -1
9 10 18
9 11 10
9 12 16
9 13 5
9 14 14
9 15 15
9 16 6
9 17 18
9 18 10
9 19 15
9 20 14
9 21 22
9 22 17
9 23 15
9 24 6
9 25 10
9 26 6
9 27 12
10 1 14
10 2 19
10 3 25
10 4 23
10 5 4
10 6 7
10 7 22
10 8 9
10 9 18
10 10 -1
10 11 8
10 12 3
10 13 12
10 14 20
10 15 24
10 16 18
10 17 4
10 18 19
10 19 14
10 20 19
10 21 24
10 22 7
10 23 20
10 24 24
10 25 18
10 26 13
10 27 21
11 1 9
11 2 12
11 3 23
11 4 14
11 5 4
11 6 13
11 7 21
11 8 5
11 9 10
11 10 8
11 11 -1
11 12 7
11 13 4
11 14 16
11 15 19
11 16 12
11 17 8
11 18 14
11 19 9
11 20 15
11 21 22
11 22 8
11 23 17
11 24 16
11 25 13
11 26 6
11 27 16
12 1 12
12 2 19
12 3 22
12 4 21
12 5 4
12 6 6
12 7 19
12 8 9
12 9 16
12 10 3
12 11 7
12 12 -1
12 13 10
12 14 17
12 15 21
12 16 16
12 17 6
12 18 16
12 19 14
12 20 16
12 21 21
12 22 9
12 23 17
12 24 22
12 25 15
12 26 10
12 27 18
13 1 6
13 2 10
13 3 21
13 4 10
13 5 8
13 6 15
13 7 19
13 8 9
13 9 5
13 10 12
13 11 4
13 12 10
13 13 -1
13 14 14
13 15 16
13 16 8
13 17 13
13 18 10
13 19 12
13 20 13
13 21 21
13 22 12
13 23 14
13 24 12
13 25 10
13 26 2
13 27 13
14 1 7
14 2 24
14 3 8
14 4 18
14 5 18
14 6 16
14 7 6
14 8 21
14 9 14
14 10 20
14 11 16
14 12 17
14 13 14
14 14 -1
14 15 4
14 16 8
14 17 23
14 18 5
14 19 26
14 20 1
14 21 7
14 22 24
14 23 1
14 24 16
14 25 4
14 26 11
14 27 4
15 1 10
15 2 25
15 3 9
15 4 18
15 5 22
15 6 20
15 7 8
15 8 25
15 9 15
15 10 24
15 11 19
15 12 21
15 13 16
15 14 4
15 15 -1
15 16 9
15 17 27
15 18 5
15 19 28
15 20 5
15 21 9
15 22 27
15 23 5
15 24 14
15 25 6
15 26 13
15 27 3
16 1 4
16 2 16
16 3 16
16 4 10
16 5 15
16 6 18
16 7 14
16 8 17
16 9 6
16 10 18
16 11 12
16 12 16
16 13 8
16 14 8
16 15 9
16 16 -1
16 17 20
16 18 3
16 19 19
16 20 8
16 21 16
16 22 20
16 23 9
16 24 8
16 25 4
16 26 6
16 27 5
17 1 17
17 2 17
17 3 28
17 4 23
17 5 5
17 6 12
17 7 26
17 8 6
17 9 18
17 10 4
17 11 8
17 12 6
17 13 13
17 14 23
17 15 27
17 16 20
17 17 -1
17 18 22
17 19 11
17 20 22
17 21 27
17 22 4
17 23 23
17 24 25
17 25 21
17 26 14
17 27 24
18 1 5
18 2 19
18 3 13
18 4 13
18 5 17
18 6 17
18 7 11
18 8 19
18 9 10
18 10 19
18 11 14
18 12 16
18 13 10
18 14 5
18 15 5
18 16 3
18 17 22
18 18 -1
18 19 22
18 20 5
18 21 12
18 22 22
18 23 6
18 24 11
18 25 1
18 26 8
18 27 2
19 1 18
19 2 8
19 3 33
19 4 17
19 5 10
19 6 21
19 7 31
19 8 5
19 9 15
19 10 14
19 11 9
19 12 14
19 13 12
19 14 26
19 15 28
19 16 19
19 17 11
19 18 22
19 19 -1
19 20 25
19 21 32
19 22 7
19 23 26
19 24 21
19 25 22
19 26 14
19 27 25
20 1 7
20 2 23
20 3 8
20 4 18
20 5 17
20 6 15
20 7 6
20 8 21
20 9 14
20 10 19
20 11 15
20 12 16
20 13 13
20 14 1
20 15 5
20 16 8
20 17 22
20 18 5
20 19 25
20 20 -1
20 21 8
20 22 23
20 23 1
20 24 16
20 25 4
20 26 10
20 27 4
21 1 15
21 2 31
21 3 1
21 4 26
21 5 23
21 6 18
21 7 1
21 8 28
21 9 22
21 10 24
21 11 22
21 12 21
21 13 21
21 14 7
21 15 9
21 16 16
21 17 27
21 18 12
21 19 32
21 20 8
21 21 -1
21 22 29
21 23 6
21 24 23
21 25 12
21 26 18
21 27 11
22 1 17
22 2 14
22 3 30
22 4 21
22 5 5
22 6 15
22 7 28
22 8 3
22 9 17
22 10 7
22 11 8
22 12 9
22 13 12
22 14 24
22 15 27
22 16 20
22 17 4
22 18 22
22 19 7
22 20 23
22 21 29
22 22 -1
22 23 24
22 24 23
22 25 21
22 26 14
22 27 24
23 1 8
23 2 25
23 3 7
23 4 19
23 5 18
23 6 15
23 7 5
23 8 22
23 9 15
23 10 20
23 11 17
23 12 17
23 13 14
23 14 1
23 15 5
23 16 9
23 17 23
23 18 6
23 19 26
23 20 1
23 21 6
23 22 24
23 23 -1
23 24 17
23 25 5
23 26 12
23 27 5
24 1 12
24 2 14
24 3 23
24 4 4
24 5 20
24 6 26
24 7 22
24 8 20
24 9 6
24 10 24
24 11 16
24 12 22
24 13 12
24 14 16
24 15 14
24 16 8
24 17 25
24 18 11
24 19 21
24 20 16
24 21 23
24 22 23
24 23 17
24 24 -1
24 25 12
24 26 12
24 27 12
25 1 4
25 2 19
25 3 12
25 4 14
25 5 16
25 6 16
25 7 10
25 8 18
25 9 10
25 10 18
25 11 13
25 12 15
25 13 10
25 14 4
25 15 6
25 16 4
25 17 21
25 18 1
25 19 22
25 20 4
25 21 12
25 22 21
25 23 5
25 24 12
25 25 -1
25 26 7
25 27 3
26 1 3
26 2 13
26 3 19
26 4 11
26 5 9
26 6 14
26 7 17
26 8 11
26 9 6
26 10 13
26 11 6
26 12 10
26 13 2
26 14 11
26 15 13
26 16 6
26 17 14
26 18 8
26 19 14
26 20 10
26 21 18
26 22 14
26 23 12
26 24 12
26 25 7
26 26 -1
26 27 10
27 1 7
27 2 21
27 3 11
27 4 15
27 5 19
27 6 18
27 7 10
27 8 21
27 9 12
27 10 21
27 11 16
27 12 18
27 13 13
27 14 4
27 15 3
27 16 5
27 17 24
27 18 2
27 19 25
27 20 4
27 21 11
27 22 24
27 23 5
27 24 12
27 25 3
27 26 10
27 27 -1
