1 1 40
1 2 18
1 3 99
1 4 62
1 5 71
1 6 44
1 7 89
1 8 99
1 9 36
1 10 71
1 11 27
1 12 24
1 13 29
1 14 83
1 15 11
1 16 70
1 17 35
1 18 79
1 19 64
1 20 86
1 21 44
1 22 76
1 23 62
1 24 23
1 25 50
1 26 85
1 27 42
1 28 27
1 29 77
1 30 51
1 31 25
1 32 6
1 33 10
1 34 42
1 35 11
1 36 34
1 37 97
1 38 18
1 39 71
1 40 11
2 1 45
2 2 66
2 3 74
2 4 24
2 5 72
2 6 65
2 7 91
2 8 30
2 9 20
2 10 12
2 11 40
2 12 30
2 13 32
2 14 29
2 15 48
2 16 91
2 17 15
2 18 53
2 19 84
2 20 39
2 21 69
2 22 65
2 23 18
2 24 91
2 25 30
2 26 76
2 27 23
2 28 82
2 29 98
2 30 8
2 31 100
2 32 86
2 33 68
2 34 48
2 35 70
2 36 84
2 37 70
2 38 7
2 39 100
2 40 68
3 1 6
3 2 59
3 3 61
3 4 65
3 5 33
3 6 66
3 7 68
3 8 7
3 9 50
3 10 8
3 11 34
3 12 25
3 13 48
3 14 89
3 15 68
3 16 56
3 17 34
3 18 80
3 19 56
3 20 43
3 21 58
3 22 98
3 23 53
3 24 14
3 25 96
3 26 57
3 27 38
3 28 96
3 29 50
3 30 22
3 31 42
3 32 79
3 33 80
3 34 82
3 35 92
3 36 15
3 37 64
3 38 99
3 39 11
3 40 3
4 1 73
4 2 93
4 3 86
4 4 55
4 5 76
4 6 39
4 7 26
4 8 74
4 9 1
4 10 55
4 11 25
4 12 10
4 13 22
4 14 23
4 15 44
4 16 57
4 17 80
4 18 48
4 19 82
4 20 93
4 21 47
4 22 21
4 23 32
4 24 5
4 25 40
4 26 46
4 27 72
4 28 98
4 29 14
4 30 48
4 31 74
4 32 47
4 33 23
4 34 29
4 35 87
4 36 67
4 37 25
4 38 21
4 39 21
4 40 50
5 1 38
5 2 92
5 3 3
5 4 79
5 5 71
5 6 16
5 7 64
5 8 43
5 9 74
5 10 82
5 11 12
5 12 13
5 13 79
5 14 95
5 15 97
5 16 67
5 17 85
5 18 74
5 19 11
5 20 53
5 21 72
5 22 72
5 23 19
5 24 100
5 25 38
5 26 13
5 27 19
5 28 69
5 29 99
5 30 97
5 31 78
5 32 35
5 33 70
5 34 80
5 35 25
5 36 75
5 37 97
5 38 93
5 39 13
5 40 21
6 1 46
6 2 39
6 3 82
6 4 15
6 5 3
6 6 51
6 7 82
6 8 26
6 9 42
6 10 55
6 11 82
6 12 38
6 13 66
6 14 83
6 15 9
6 16 21
6 17 97
6 18 11
6 19 94
6 20 40
6 21 89
6 22 56
6 23 46
6 24 57
6 25 20
6 26 71
6 27 20
6 28 58
6 29 84
6 30 9
6 31 8
6 32 6
6 33 30
6 34 95
6 35 68
6 36 33
6 37 17
6 38 14
6 39 20
6 40 62
7 1 7
7 2 36
7 3 94
7 4 85
7 5 41
7 6 82
7 7 60
7 8 62
7 9 59
7 10 65
7 11 33
7 12 24
7 13 78
7 14 79
7 15 4
7 16 48
7 17 36
7 18 24
7 19 51
7 20 90
7 21 44
7 22 8
7 23 23
7 24 59
7 25 71
7 26 47
7 27 77
7 28 6
7 29 18
7 30 59
7 31 44
7 32 15
7 33 3
7 34 47
7 35 48
7 36 27
7 37 13
7 38 95
7 39 90
7 40 36
8 1 27
8 2 59
8 3 17
8 4 39
8 5 28
8 6 25
8 7 19
8 8 2
8 9 15
8 10 71
8 11 63
8 12 64
8 13 61
8 14 25
8 15 37
8 16 53
8 17 36
8 18 18
8 19 2
8 20 61
8 21 18
8 22 41
8 23 72
8 24 93
8 25 3
8 26 33
8 27 34
8 28 64
8 29 31
8 30 66
8 31 56
8 32 74
8 33 92
8 34 45
8 35 97
8 36 90
8 37 45
8 38 32
8 39 3
8 40 53
9 1 85
9 2 33
9 3 83
9 4 24
9 5 62
9 6 21
9 7 1
9 8 95
9 9 39
9 10 37
9 11 47
9 12 56
9 13 72
9 14 77
9 15 75
9 16 5
9 17 68
9 18 93
9 19 8
9 20 68
9 21 36
9 22 8
9 23 84
9 24 80
9 25 47
9 26 17
9 27 55
9 28 2
9 29 8
9 30 19
9 31 76
9 32 6
9 33 40
9 34 61
9 35 36
9 36 37
9 37 52
9 38 71
9 39 50
9 40 23
10 1 61
10 2 62
10 3 59
10 4 49
10 5 52
10 6 80
10 7 53
10 8 76
10 9 62
10 10 14
10 11 46
10 12 93
10 13 15
10 14 28
10 15 63
10 16 15
10 17 19
10 18 55
10 19 95
10 20 6
10 21 79
10 22 24
10 23 10
10 24 46
10 25 38
10 26 26
10 27 37
10 28 65
10 29 40
10 30 46
10 31 40
10 32 73
10 33 78
10 34 65
10 35 51
10 36 34
10 37 13
10 38 14
10 39 44
10 40 25
11 1 18
11 2 20
11 3 33
11 4 98
11 5 23
11 6 42
11 7 68
11 8 37
11 9 63
11 10 1
11 11 92
11 12 56
11 13 13
11 14 34
11 15 14
11 16 32
11 17 14
11 18 97
11 19 25
11 20 54
11 21 81
11 22 22
11 23 1
11 24 9
11 25 20
11 26 49
11 27 57
11 28 99
11 29 23
11 30 88
11 31 67
11 32 9
11 33 89
11 34 64
11 35 7
11 36 76
11 37 80
11 38 79
11 39 75
11 40 96
12 1 36
12 2 65
12 3 47
12 4 55
12 5 39
12 6 44
12 7 99
12 8 44
12 9 9
12 10 41
12 11 40
12 12 13
12 13 28
12 14 65
12 15 55
12 16 20
12 17 33
12 18 17
12 19 89
12 20 10
12 21 69
12 22 15
12 23 5
12 24 13
12 25 27
12 26 30
12 27 80
12 28 88
12 29 31
12 30 65
12 31 31
12 32 66
12 33 19
12 34 12
12 35 63
12 36 8
12 37 25
12 38 19
12 39 51
12 40 35
13 1 70
13 2 40
13 3 39
13 4 59
13 5 75
13 6 77
13 7 37
13 8 29
13 9 66
13 10 88
13 11 55
13 12 30
13 13 8
13 14 19
13 15 62
13 16 56
13 17 25
13 18 88
13 19 97
13 20 46
13 21 89
13 22 56
13 23 91
13 24 70
13 25 86
13 26 78
13 27 43
13 28 71
13 29 95
13 30 31
13 31 70
13 32 98
13 33 39
13 34 8
13 35 73
13 36 64
13 37 5
13 38 96
13 39 96
13 40 74
14 1 77
14 2 93
14 3 24
14 4 29
14 5 3
14 6 35
14 7 31
14 8 43
14 9 41
14 10 23
14 11 42
14 12 41
14 13 77
14 14 26
14 15 62
14 16 17
14 17 97
14 18 5
14 19 24
14 20 77
14 21 62
14 22 35
14 23 24
14 24 26
14 25 51
14 26 21
14 27 25
14 28 1
14 29 93
14 30 89
14 31 43
14 32 10
14 33 20
14 34 27
14 35 11
14 36 65
14 37 48
14 38 96
14 39 21
14 40 60
15 1 86
15 2 89
15 3 17
15 4 49
15 5 34
15 6 36
15 7 98
15 8 5
15 9 99
15 10 50
15 11 16
15 12 56
15 13 19
15 14 55
15 15 52
15 16 7
15 17 40
15 18 93
15 19 72
15 20 79
15 21 86
15 22 13
15 23 79
15 24 89
15 25 36
15 26 43
15 27 5
15 28 61
15 29 52
15 30 96
15 31 62
15 32 49
15 33 37
15 34 48
15 35 89
15 36 1
15 37 46
15 38 54
15 39 5
15 40 12
16 1 79
16 2 9
16 3 78
16 4 79
16 5 1
16 6 82
16 7 46
16 8 66
16 9 28
16 10 64
16 11 41
16 12 93
16 13 80
16 14 27
16 15 52
16 16 47
16 17 27
16 18 84
16 19 62
16 20 64
16 21 100
16 22 14
16 23 6
16 24 34
16 25 41
16 26 88
16 27 22
16 28 57
16 29 88
16 30 40
16 31 79
16 32 36
16 33 60
16 34 32
16 35 44
16 36 35
16 37 44
16 38 98
16 39 6
16 40 71
17 1 13
17 2 82
17 3 67
17 4 72
17 5 54
17 6 6
17 7 58
17 8 63
17 9 47
17 10 73
17 11 86
17 12 88
17 13 44
17 14 44
17 15 70
17 16 6
17 17 95
17 18 73
17 19 9
17 20 47
17 21 10
17 22 9
17 23 1
17 24 90
17 25 85
17 26 100
17 27 59
17 28 80
17 29 21
17 30 19
17 31 1
17 32 46
17 33 87
17 34 95
17 35 1
17 36 6
17 37 72
17 38 79
17 39 37
17 40 17
18 1 15
18 2 14
18 3 37
18 4 93
18 5 21
18 6 8
18 7 34
18 8 8
18 9 83
18 10 55
18 11 74
18 12 50
18 13 61
18 14 21
18 15 60
18 16 36
18 17 90
18 18 79
18 19 86
18 20 64
18 21 82
18 22 84
18 23 1
18 24 91
18 25 28
18 26 87
18 27 3
18 28 29
18 29 76
18 30 72
18 31 42
18 32 18
18 33 84
18 34 35
18 35 19
18 36 81
18 37 28
18 38 1
18 39 73
18 40 60
19 1 57
19 2 74
19 3 70
19 4 50
19 5 44
19 6 72
19 7 56
19 8 79
19 9 52
19 10 29
19 11 50
19 12 32
19 13 76
19 14 54
19 15 32
19 16 15
19 17 40
19 18 75
19 19 41
19 20 36
19 21 29
19 22 16
19 23 87
19 24 82
19 25 37
19 26 9
19 27 90
19 28 99
19 29 61
19 30 34
19 31 83
19 32 22
19 33 84
19 34 10
19 35 26
19 36 15
19 37 74
19 38 25
19 39 41
19 40 91
20 1 82
20 2 74
20 3 64
20 4 79
20 5 77
20 6 85
20 7 75
20 8 28
20 9 25
20 10 100
20 11 45
20 12 44
20 13 83
20 14 81
20 15 80
20 16 2
20 17 50
20 18 7
20 19 32
20 20 45
20 21 38
20 22 30
20 23 38
20 24 32
20 25 32
20 26 91
20 27 71
20 28 73
20 29 4
20 30 15
20 31 87
20 32 1
20 33 43
20 34 100
20 35 80
20 36 7
20 37 17
20 38 55
20 39 57
20 40 57
21 1 97
21 2 71
21 3 92
21 4 70
21 5 33
21 6 81
21 7 91
21 8 61
21 9 61
21 10 49
21 11 25
21 12 12
21 13 40
21 14 66
21 15 18
21 16 36
21 17 38
21 18 14
21 19 40
21 20 28
21 21 1
21 22 7
21 23 17
21 24 20
21 25 2
21 26 65
21 27 30
21 28 53
21 29 51
21 30 26
21 31 12
21 32 42
21 33 99
21 34 51
21 35 57
21 36 83
21 37 65
21 38 59
21 39 78
21 40 46
22 1 85
22 2 13
22 3 51
22 4 79
22 5 1
22 6 89
22 7 3
22 8 52
22 9 28
22 10 78
22 11 62
22 12 77
22 13 73
22 14 81
22 15 7
22 16 74
22 17 39
22 18 48
22 19 30
22 20 77
22 21 94
22 22 58
22 23 69
22 24 43
22 25 91
22 26 71
22 27 6
22 28 29
22 29 15
22 30 22
22 31 57
22 32 23
22 33 20
22 34 24
22 35 50
22 36 24
22 37 95
22 38 71
22 39 37
22 40 38
23 1 23
23 2 49
23 3 31
23 4 41
23 5 76
23 6 59
23 7 41
23 8 50
23 9 54
23 10 20
23 11 94
23 12 14
23 13 54
23 14 17
23 15 91
23 16 90
23 17 41
23 18 35
23 19 23
23 20 21
23 21 5
23 22 78
23 23 96
23 24 56
23 25 88
23 26 59
23 27 47
23 28 45
23 29 3
23 30 64
23 31 70
23 32 88
23 33 53
23 34 27
23 35 19
23 36 37
23 37 17
23 38 58
23 39 20
23 40 65
24 1 51
24 2 58
24 3 15
24 4 41
24 5 13
24 6 45
24 7 93
24 8 54
24 9 15
24 10 69
24 11 44
24 12 53
24 13 95
24 14 24
24 15 63
24 16 3
24 17 79
24 18 70
24 19 60
24 20 42
24 21 16
24 22 60
24 23 7
24 24 28
24 25 60
24 26 88
24 27 54
24 28 18
24 29 7
24 30 2
24 31 98
24 32 9
24 33 37
24 34 15
24 35 87
24 36 23
24 37 54
24 38 1
24 39 79
24 40 51
25 1 89
25 2 88
25 3 5
25 4 74
25 5 25
25 6 84
25 7 89
25 8 11
25 9 8
25 10 14
25 11 27
25 12 66
25 13 52
25 14 79
25 15 4
25 16 67
25 17 88
25 18 75
25 19 64
25 20 97
25 21 31
25 22 5
25 23 3
25 24 81
25 25 62
25 26 31
25 27 60
25 28 32
25 29 83
25 30 23
25 31 66
25 32 96
25 33 83
25 34 3
25 35 32
25 36 10
25 37 96
25 38 31
25 39 49
25 40 7
26 1 48
26 2 31
26 3 73
26 4 64
26 5 65
26 6 89
26 7 10
26 8 73
26 9 95
26 10 86
26 11 82
26 12 71
26 13 46
26 14 100
26 15 1
26 16 61
26 17 71
26 18 23
26 19 41
26 20 81
26 21 78
26 22 30
26 23 100
26 24 32
26 25 95
26 26 25
26 27 38
26 28 98
26 29 35
26 30 67
26 31 18
26 32 50
26 33 100
26 34 84
26 35 13
26 36 46
26 37 23
26 38 6
26 39 16
26 40 69
27 1 98
27 2 63
27 3 19
27 4 52
27 5 28
27 6 36
27 7 67
27 8 64
27 9 29
27 10 56
27 11 32
27 12 51
27 13 89
27 14 9
27 15 58
27 16 94
27 17 9
27 18 91
27 19 62
27 20 35
27 21 9
27 22 32
27 23 46
27 24 19
27 25 87
27 26 56
27 27 30
27 28 96
27 29 80
27 30 77
27 31 1
27 32 95
27 33 12
27 34 98
27 35 14
27 36 56
27 37 5
27 38 94
27 39 43
27 40 54
28 1 93
28 2 31
28 3 31
28 4 47
28 5 78
28 6 91
28 7 64
28 8 79
28 9 99
28 10 36
28 11 79
28 12 66
28 13 56
28 14 75
28 15 1
28 16 5
28 17 13
28 18 23
28 19 71
28 20 51
28 21 28
28 22 62
28 23 56
28 24 45
28 25 3
28 26 6
28 27 30
28 28 17
28 29 47
28 30 53
28 31 99
28 32 15
28 33 81
28 34 48
28 35 38
28 36 81
28 37 92
28 38 51
28 39 21
28 40 26
29 1 23
29 2 31
29 3 33
29 4 42
29 5 15
29 6 14
29 7 17
29 8 5
29 9 61
29 10 73
29 11 52
29 12 76
29 13 8
29 14 50
29 15 45
29 16 71
29 17 60
29 18 58
29 19 2
29 20 44
29 21 9
29 22 67
29 23 49
29 24 25
29 25 46
29 26 42
29 27 99
29 28 31
29 29 20
29 30 3
29 31 40
29 32 72
29 33 94
29 34 60
29 35 16
29 36 66
29 37 22
29 38 82
29 39 38
29 40 62
30 1 36
30 2 32
30 3 79
30 4 78
30 5 59
30 6 70
30 7 98
30 8 55
30 9 52
30 10 49
30 11 99
30 12 43
30 13 55
30 14 100
30 15 44
30 16 58
30 17 36
30 18 98
30 19 69
30 20 38
30 21 30
30 22 97
30 23 4
30 24 15
30 25 71
30 26 86
30 27 55
30 28 79
30 29 41
30 30 79
30 31 48
30 32 33
30 33 31
30 34 34
30 35 64
30 36 38
30 37 28
30 38 33
30 39 71
30 40 27
31 1 61
31 2 49
31 3 51
31 4 56
31 5 15
31 6 70
31 7 85
31 8 23
31 9 13
31 10 96
31 11 49
31 12 17
31 13 37
31 14 84
31 15 59
31 16 75
31 17 42
31 18 100
31 19 2
31 20 79
31 21 15
31 22 77
31 23 83
31 24 13
31 25 92
31 26 47
31 27 85
31 28 70
31 29 59
31 30 2
31 31 47
31 32 41
31 33 50
31 34 9
31 35 76
31 36 71
31 37 63
31 38 68
31 39 20
31 40 75
32 1 43
32 2 68
32 3 18
32 4 51
32 5 93
32 6 76
32 7 42
32 8 50
32 9 56
32 10 45
32 11 51
32 12 90
32 13 96
32 14 21
32 15 6
32 16 52
32 17 52
32 18 100
32 19 38
32 20 15
32 21 97
32 22 84
32 23 29
32 24 56
32 25 56
32 26 91
32 27 7
32 28 84
32 29 78
32 30 31
32 31 41
32 32 88
32 33 5
32 34 76
32 35 96
32 36 35
32 37 63
32 38 54
32 39 48
32 40 100
33 1 40
33 2 30
33 3 81
33 4 57
33 5 88
33 6 42
33 7 80
33 8 55
33 9 2
33 10 5
33 11 61
33 12 33
33 13 97
33 14 54
33 15 68
33 16 42
33 17 53
33 18 50
33 19 49
33 20 12
33 21 60
33 22 71
33 23 9
33 24 81
33 25 97
33 26 66
33 27 80
33 28 48
33 29 28
33 30 96
33 31 59
33 32 8
33 33 16
33 34 16
33 35 12
33 36 77
33 37 21
33 38 30
33 39 63
33 40 71
34 1 38
34 2 31
34 3 28
34 4 54
34 5 74
34 6 60
34 7 81
34 8 26
34 9 40
34 10 95
34 11 55
34 12 20
34 13 73
34 14 40
34 15 51
34 16 38
34 17 81
34 18 84
34 19 23
34 20 51
34 21 97
34 22 27
34 23 95
34 24 35
34 25 57
34 26 81
34 27 3
34 28 59
34 29 13
34 30 100
34 31 71
34 32 25
34 33 20
34 34 29
34 35 54
34 36 100
34 37 16
34 38 4
34 39 54
34 40 84
35 1 95
35 2 10
35 3 39
35 4 49
35 5 32
35 6 20
35 7 19
35 8 27
35 9 9
35 10 52
35 11 6
35 12 36
35 13 54
35 14 76
35 15 97
35 16 85
35 17 97
35 18 64
35 19 27
35 20 77
35 21 5
35 22 23
35 23 3
35 24 24
35 25 99
35 26 58
35 27 72
35 28 7
35 29 75
35 30 37
35 31 15
35 32 67
35 33 5
35 34 34
35 35 91
35 36 100
35 37 18
35 38 82
35 39 49
35 40 87
36 1 90
36 2 25
36 3 35
36 4 8
36 5 53
36 6 32
36 7 55
36 8 73
36 9 45
36 10 68
36 11 13
36 12 65
36 13 45
36 14 41
36 15 23
36 16 43
36 17 15
36 18 42
36 19 96
36 20 23
36 21 44
36 22 79
36 23 90
36 24 40
36 25 84
36 26 31
36 27 3
36 28 20
36 29 34
36 30 88
36 31 29
36 32 71
36 33 14
36 34 24
36 35 27
36 36 11
36 37 14
36 38 99
36 39 26
36 40 81
37 1 97
37 2 1
37 3 87
37 4 47
37 5 67
37 6 76
37 7 26
37 8 60
37 9 15
37 10 72
37 11 32
37 12 46
37 13 81
37 14 61
37 15 76
37 16 14
37 17 50
37 18 41
37 19 27
37 20 93
37 21 89
37 22 99
37 23 68
37 24 27
37 25 83
37 26 22
37 27 28
37 28 2
37 29 2
37 30 32
37 31 42
37 32 2
37 33 61
37 34 67
37 35 8
37 36 38
37 37 34
37 38 30
37 39 8
37 40 31
38 1 27
38 2 72
38 3 90
38 4 40
38 5 46
38 6 82
38 7 32
38 8 72
38 9 8
38 10 39
38 11 10
38 12 80
38 13 64
38 14 23
38 15 88
38 16 18
38 17 1
38 18 48
38 19 48
38 20 17
38 21 98
38 22 1
38 23 80
38 24 24
38 25 56
38 26 17
38 27 80
38 28 25
38 29 24
38 30 71
38 31 23
38 32 70
38 33 17
38 34 78
38 35 10
38 36 64
38 37 2
38 38 71
38 39 45
38 40 17
39 1 7
39 2 43
39 3 53
39 4 100
39 5 13
39 6 35
39 7 95
39 8 92
39 9 23
39 10 49
39 11 66
39 12 83
39 13 48
39 14 78
39 15 25
39 16 15
39 17 12
39 18 56
39 19 11
39 20 41
39 21 66
39 22 97
39 23 89
39 24 43
39 25 77
39 26 19
39 27 14
39 28 60
39 29 51
39 30 48
39 31 61
39 32 43
39 33 97
39 34 53
39 35 72
39 36 50
39 37 37
39 38 100
39 39 62
39 40 35
40 1 11
40 2 22
40 3 68
40 4 85
40 5 2
40 6 23
40 7 79
40 8 41
40 9 68
40 10 91
40 11 47
40 12 70
40 13 17
40 14 9
40 15 5
40 16 11
40 17 100
40 18 9
40 19 90
40 20 70
40 21 23
40 22 42
40 23 2
40 24 49
40 25 56
40 26 18
40 27 7
40 28 40
40 29 61
40 30 72
40 31 95
40 32 67
40 33 82
40 34 24
40 35 92
40 36 83
40 37 42
40 38 87
40 39 32
40 40 30
