2 33
2 35
2 37
2 38
2 9
2 11
2 15
2 16
2 17
2 18
2 22
2 24
2 26
2 27
2 31
3 1
3 4
3 6
3 8
3 9
3 13
3 15
3 17
3 18
3 19
3 20
3 21
3 22
3 23
3 25
3 26
3 30
3 32
3 35
4 1
4 2
4 34
4 6
4 38
4 8
4 9
4 10
4 14
4 16
4 17
4 20
4 21
4 23
4 26
4 27
4 30
4 31
5 32
5 2
5 3
5 34
5 36
5 6
5 9
5 10
5 12
5 18
5 19
5 21
5 26
5 27
5 29
5 30
5 31
6 1
6 2
6 5
6 8
6 9
6 10
6 11
6 17
6 18
6 19
6 20
6 22
6 23
6 25
6 26
6 27
6 28
6 29
6 31
6 32
6 34
6 37
6 40
7 33
7 2
7 5
7 6
7 7
7 38
7 10
7 12
7 19
7 22
7 23
7 24
7 25
7 26
7 27
7 29
7 31
8 2
8 3
8 4
8 6
8 8
8 10
8 11
8 13
8 14
8 17
8 20
8 21
8 22
8 25
8 28
8 29
8 32
8 33
8 35
8 36
8 38
8 39
8 40
9 32
9 2
9 3
9 4
9 5
9 34
9 37
9 40
9 14
9 16
9 21
9 27
9 28
9 30
10 2
10 4
10 5
10 37
10 38
10 8
10 9
10 39
10 11
10 14
10 17
10 19
10 20
10 22
10 23
10 27
10 28
10 31
11 32
11 4
11 36
11 6
11 7
11 8
11 38
11 10
11 11
11 12
11 13
11 14
11 39
11 22
11 25
11 26
11 29
11 30
12 35
12 36
12 5
12 6
12 38
12 8
12 9
12 10
12 11
12 15
12 17
12 20
12 22
12 23
12 24
12 25
12 30
12 31
13 32
13 1
13 2
13 3
13 4
13 35
13 37
13 7
13 39
13 13
13 15
13 16
13 17
13 21
13 22
13 26
13 28
13 29
14 1
14 2
14 6
14 8
14 9
14 10
14 12
14 16
14 18
14 19
14 20
14 21
14 24
14 27
14 29
14 32
14 33
14 34
14 38
14 39
15 1
15 2
15 4
15 7
15 8
15 9
15 15
15 16
15 18
15 20
15 21
15 26
15 27
15 28
15 29
15 34
15 38
15 39
15 40
16 1
16 3
16 4
16 5
16 6
16 7
16 11
16 13
16 15
16 16
16 17
16 21
16 22
16 23
16 25
16 27
16 29
16 30
16 31
16 32
16 34
16 36
16 38
16 39
16 40
17 2
17 3
17 7
17 9
17 10
17 11
17 13
17 14
17 15
17 18
17 20
17 21
17 23
17 24
17 26
17 28
17 31
17 33
17 36
17 37
17 40
18 2
18 3
18 4
18 5
18 7
18 11
18 12
18 15
18 16
18 17
18 19
18 20
18 22
18 23
18 24
18 26
18 28
18 29
18 30
18 31
18 32
18 33
18 35
18 38
18 40
19 1
19 2
19 3
19 5
19 7
19 8
19 10
19 12
19 13
19 14
19 19
19 20
19 21
19 23
19 24
19 26
19 30
19 31
19 37
19 38
19 40
20 1
20 7
20 9
20 10
20 11
20 12
20 13
20 20
20 21
20 22
20 23
20 24
20 29
20 31
20 33
20 34
20 35
20 36
20 37
20 38
20 40
21 5
21 6
21 8
21 11
21 13
21 14
21 15
21 16
21 21
21 22
21 24
21 27
21 28
21 30
21 31
21 32
21 34
21 35
21 36
21 37
21 38
22 32
22 1
22 34
22 4
22 37
22 6
22 38
22 40
22 12
22 14
22 15
22 17
22 19
22 24
22 25
22 27
22 31
23 2
23 3
23 6
23 10
23 12
23 14
23 16
23 17
23 21
23 22
23 23
23 26
23 27
23 28
23 29
23 31
23 35
23 36
23 37
23 39
23 40
24 2
24 3
24 4
24 5
24 7
24 12
24 14
24 15
24 16
24 18
24 19
24 20
24 23
24 24
24 25
24 29
24 30
24 31
24 33
24 35
24 36
24 37
24 39
25 32
25 1
25 3
25 36
25 5
25 39
25 8
25 10
25 11
25 12
25 16
25 17
25 23
25 25
25 26
25 27
25 29
25 30
26 1
26 3
26 4
26 5
26 7
26 8
26 10
26 13
26 14
26 15
26 16
26 20
26 22
26 23
26 25
26 26
26 27
26 29
26 30
26 32
26 33
26 35
26 36
26 38
26 39
27 2
27 3
27 5
27 6
27 7
27 8
27 12
27 14
27 16
27 18
27 19
27 20
27 21
27 22
27 23
27 25
27 27
27 32
27 35
27 36
27 40
28 7
28 8
28 9
28 11
28 14
28 16
28 18
28 21
28 22
28 25
28 28
28 29
28 31
28 32
28 33
28 37
28 38
28 39
28 40
29 6
29 8
29 9
29 10
29 16
29 18
29 19
29 21
29 22
29 24
29 25
29 26
29 28
29 29
29 30
29 34
29 36
29 37
29 39
29 40
30 1
30 2
30 3
30 5
30 7
30 8
30 9
30 10
30 12
30 18
30 19
30 20
30 21
30 25
30 27
30 28
30 30
30 31
30 32
30 34
30 39
31 1
31 2
31 35
31 4
31 36
31 37
31 7
31 8
31 40
31 10
31 15
31 16
31 18
31 19
31 24
31 26
31 28
32 4
32 5
32 8
32 9
32 10
32 13
32 15
32 16
32 17
32 24
32 25
32 26
32 27
32 29
32 31
32 32
32 34
32 36
32 37
32 38
33 1
33 2
33 4
33 5
33 7
33 10
33 15
33 16
33 17
33 19
33 20
33 21
33 23
33 24
33 26
33 27
33 28
33 32
33 33
33 35
33 37
33 38
33 39
34 1
34 2
34 34
34 4
34 37
34 6
34 38
34 8
34 39
34 10
34 15
34 16
34 18
34 23
34 31
35 32
35 1
35 2
35 34
35 35
35 5
35 6
35 7
35 8
35 38
35 12
35 13
35 15
35 20
35 24
35 30
36 1
36 3
36 4
36 5
36 6
36 7
36 8
36 10
36 11
36 12
36 14
36 19
36 21
36 23
36 25
36 26
36 27
36 28
36 29
36 31
36 33
36 34
36 37
36 39
37 2
37 4
37 5
37 6
37 7
37 9
37 10
37 11
37 13
37 14
37 15
37 17
37 19
37 26
37 28
37 29
37 31
37 33
37 40
38 1
38 2
38 3
38 4
38 5
38 6
38 10
38 11
38 12
38 17
38 18
38 21
38 23
38 26
38 29
38 30
38 32
38 33
38 34
38 36
38 37
38 38
38 39
38 40
39 2
39 4
39 5
39 9
39 13
39 14
39 15
39 16
39 17
39 20
39 21
39 25
39 26
39 30
39 31
39 32
39 35
39 36
39 37
39 39
40 32
40 33
40 2
40 3
40 34
40 36
40 6
40 37
40 8
40 9
40 10
40 11
40 14
40 17
40 22
40 25
40 26
40 30
