26 64
26 66
26 69
26 71
26 75
26 12
26 45
26 13
26 47
26 24
26 26
16 36
16 7
16 73
16 10
16 16
16 52
84 34
84 68
84 38
84 11
84 78
84 81
84 50
84 82
84 84
84 55
84 89
84 63
84 31
53 32
53 35
53 4
53 70
53 72
53 76
53 15
53 80
53 49
53 53
53 54
53 88
53 25
56 2
56 8
56 40
56 42
56 11
56 81
56 63
56 82
56 55
56 22
56 23
56 56
56 27
56 29
56 31
55 34
55 3
55 68
55 5
55 38
55 59
55 11
55 78
55 81
55 50
55 82
55 84
55 55
55 56
55 89
55 27
55 63
24 66
24 71
24 75
24 12
24 45
24 77
24 47
24 24
24 26
24 62
39 33
39 3
39 35
39 70
39 39
39 41
39 43
39 44
39 14
39 51
39 20
39 59
80 32
80 4
80 76
80 15
80 80
80 49
80 19
80 53
80 54
80 87
80 25
80 90
68 34
68 68
68 38
68 11
68 78
68 81
68 50
68 82
68 84
68 55
68 63
68 31
