1 1 -1
1 2 32
1 3 19
1 4 6
1 5 18
1 6 18
1 7 10
1 8 28
1 9 24
1 10 24
1 11 7
1 12 20
1 13 21
1 14 31
1 15 9
1 16 10
1 17 11
1 18 22
1 19 15
1 20 17
1 21 10
1 22 8
1 23 19
1 24 4
1 25 18
1 26 4
1 27 10
1 28 21
1 29 26
1 30 23
1 31 30
1 32 21
1 33 30
1 34 24
1 35 14
1 36 35
1 37 29
1 38 19
1 39 18
1 40 7
1 41 16
1 42 9
1 43 15
1 44 19
1 45 17
1 46 17
1 47 32
1 48 1
1 49 25
1 50 11
2 1 32
2 2 -1
2 3 45
2 4 32
2 5 15
2 6 49
2 7 23
2 8 28
2 9 49
2 10 55
2 11 39
2 12 34
2 13 34
2 14 24
2 15 41
2 16 35
2 17 43
2 18 46
2 19 43
2 20 49
2 21 41
2 22 27
2 23 51
2 24 33
2 25 47
2 26 36
2 27 22
2 28 12
2 29 33
2 30 50
2 31 10
2 32 19
2 33 19
2 34 52
2 35 46
2 36 15
2 37 6
2 38 13
2 39 46
2 40 39
2 41 40
2 42 23
2 43 44
2 44 12
2 45 21
2 46 25
2 47 6
2 48 31
2 49 22
2 50 35
3 1 19
3 2 45
3 3 -1
3 4 24
3 5 34
3 6 10
3 7 23
3 8 26
3 9 5
3 10 30
3 11 17
3 12 39
3 13 15
3 14 50
3 15 18
3 16 27
3 17 18
3 18 36
3 19 29
3 20 15
3 21 9
3 22 27
3 23 20
3 24 22
3 25 29
3 26 17
3 27 24
3 28 33
3 29 45
3 30 34
3 31 39
3 32 27
3 33 34
3 34 35
3 35 20
3 36 41
3 37 40
3 38 32
3 39 30
3 40 21
3 41 5
3 42 25
3 43 5
3 44 33
3 45 35
3 46 21
3 47 43
3 48 19
3 49 43
3 50 28
4 1 6
4 2 32
4 3 24
4 4 -1
4 5 17
4 6 21
4 7 13
4 8 33
4 9 30
4 10 22
4 11 9
4 12 14
4 13 27
4 14 27
4 15 10
4 16 4
4 17 12
4 18 17
4 19 11
4 20 19
4 21 15
4 22 5
4 23 20
4 24 2
4 25 14
4 26 7
4 27 13
4 28 24
4 29 20
4 30 19
4 31 33
4 32 25
4 33 34
4 34 20
4 35 15
4 36 38
4 37 30
4 38 21
4 39 14
4 40 7
4 41 22
4 42 10
4 43 20
4 44 20
4 45 14
4 46 22
4 47 34
4 48 6
4 49 20
4 50 5
5 1 18
5 2 15
5 3 34
5 4 17
5 5 -1
5 6 36
5 7 11
5 8 28
5 9 39
5 10 39
5 11 25
5 12 19
5 13 28
5 14 18
5 15 26
5 16 19
5 17 28
5 18 31
5 19 27
5 20 35
5 21 28
5 22 11
5 23 36
5 24 18
5 25 31
5 26 22
5 27 10
5 28 11
5 29 21
5 30 35
5 31 19
5 32 17
5 33 24
5 34 36
5 35 31
5 36 25
5 37 15
5 38 8
5 39 31
5 40 23
5 41 30
5 42 9
5 43 32
5 44 6
5 45 6
5 46 19
5 47 18
5 48 17
5 49 12
5 50 19
6 1 18
6 2 49
6 3 10
6 4 21
6 5 36
6 6 -1
6 7 26
6 8 36
6 9 14
6 10 20
6 11 12
6 12 35
6 13 24
6 14 49
6 15 12
6 16 23
6 17 11
6 18 28
6 19 22
6 20 5
6 21 8
6 22 25
6 23 10
6 24 19
6 25 21
6 26 14
6 27 27
6 28 37
6 29 41
6 30 25
6 31 45
6 32 34
6 33 42
6 34 25
6 35 11
6 36 48
6 37 45
6 38 36
6 39 22
6 40 15
6 41 14
6 42 27
6 43 7
6 44 37
6 45 35
6 46 28
6 47 48
6 48 19
6 49 42
6 50 24
7 1 10
7 2 23
7 3 23
7 4 13
7 5 11
7 6 26
7 7 -1
7 8 21
7 9 28
7 10 34
7 11 17
7 12 24
7 13 17
7 14 29
7 15 19
7 16 17
7 17 21
7 18 30
7 19 24
7 20 26
7 21 18
7 22 10
7 23 29
7 24 12
7 25 27
7 26 13
7 27 1
7 28 12
7 29 28
7 30 32
7 31 20
7 32 12
7 33 21
7 34 33
7 35 24
7 36 25
7 37 19
7 38 10
7 39 28
7 40 17
7 41 18
7 42 4
7 43 21
7 44 11
7 45 14
7 46 10
7 47 22
7 48 9
7 49 22
7 50 18
8 1 28
8 2 28
8 3 26
8 4 33
8 5 28
8 6 36
8 7 21
8 8 -1
8 9 28
8 10 51
8 11 34
8 12 45
8 13 11
8 14 46
8 15 36
8 16 37
8 17 37
8 18 50
8 19 44
8 20 38
8 21 29
8 22 31
8 23 43
8 24 32
8 25 46
8 26 30
8 27 21
8 28 18
8 29 48
8 30 51
8 31 18
8 32 10
8 33 10
8 34 52
8 35 40
8 36 17
8 37 22
8 38 21
8 39 47
8 40 35
8 41 22
8 42 25
8 43 29
8 44 23
8 45 33
8 46 11
8 47 23
8 48 28
8 49 41
8 50 38
9 1 24
9 2 49
9 3 5
9 4 30
9 5 39
9 6 14
9 7 28
9 8 28
9 9 -1
9 10 34
9 11 22
9 12 44
9 13 17
9 14 56
9 15 24
9 16 33
9 17 23
9 18 41
9 19 34
9 20 19
9 21 15
9 22 32
9 23 24
9 24 27
9 25 34
9 26 22
9 27 29
9 28 37
9 29 50
9 30 38
9 31 43
9 32 31
9 33 37
9 34 39
9 35 24
9 36 44
9 37 44
9 38 37
9 39 35
9 40 26
9 41 9
9 42 30
9 43 10
9 44 38
9 45 41
9 46 25
9 47 47
9 48 25
9 49 49
9 50 34
10 1 24
10 2 55
10 3 30
10 4 22
10 5 39
10 6 20
10 7 34
10 8 51
10 9 34
10 10 -1
10 11 17
10 12 28
10 13 41
10 14 46
10 15 15
10 16 20
10 17 14
10 18 14
10 19 13
10 20 15
10 21 22
10 22 28
10 23 10
10 24 22
10 25 9
10 26 21
10 27 35
10 28 46
10 29 34
10 30 8
10 31 55
10 32 46
10 33 55
10 34 8
10 35 11
10 36 60
10 37 53
10 38 43
10 39 10
10 40 17
10 41 32
10 42 33
10 43 25
10 44 43
10 45 35
10 46 41
10 47 56
10 48 25
10 49 40
10 50 20
11 1 7
11 2 39
11 3 17
11 4 9
11 5 25
11 6 12
11 7 17
11 8 34
11 9 22
11 10 17
11 11 -1
11 12 22
11 13 24
11 14 37
11 15 2
11 16 10
11 17 3
11 18 19
11 19 12
11 20 10
11 21 7
11 22 14
11 23 11
11 24 7
11 25 13
11 26 3
11 27 18
11 28 29
11 29 29
11 30 18
11 31 38
11 32 28
11 33 37
11 34 19
11 35 7
11 36 42
11 37 36
11 38 27
11 39 14
11 40 3
11 41 17
11 42 16
11 43 12
11 44 27
11 45 23
11 46 23
11 47 40
11 48 8
11 49 30
11 50 12
12 1 20
12 2 34
12 3 39
12 4 14
12 5 19
12 6 35
12 7 24
12 8 45
12 9 44
12 10 28
12 11 22
12 12 -1
12 13 40
12 14 18
12 15 22
12 16 12
12 17 23
12 18 14
12 19 15
12 20 31
12 21 29
12 22 14
12 23 30
12 24 17
12 25 19
12 26 22
12 27 24
12 28 30
12 29 6
12 30 20
12 31 39
12 32 35
12 33 42
12 34 21
12 35 25
12 36 44
12 37 34
12 38 27
12 39 18
12 40 19
12 41 37
12 42 20
12 43 34
12 44 25
12 45 13
12 46 34
12 47 38
12 48 20
12 49 13
12 50 10
13 1 21
13 2 34
13 3 15
13 4 27
13 5 28
13 6 24
13 7 17
13 8 11
13 9 17
13 10 41
13 11 24
13 12 40
13 13 -1
13 14 46
13 15 26
13 16 31
13 17 27
13 18 43
13 19 36
13 20 28
13 21 19
13 22 26
13 23 32
13 24 25
13 25 37
13 26 22
13 27 18
13 28 22
13 29 45
13 30 42
13 31 26
13 32 14
13 33 20
13 34 44
13 35 30
13 36 27
13 37 28
13 38 23
13 39 38
13 40 27
13 41 10
13 42 21
13 43 17
13 44 25
13 45 31
13 46 9
13 47 30
13 48 21
13 49 40
13 50 32
14 1 31
14 2 24
14 3 50
14 4 27
14 5 18
14 6 49
14 7 29
14 8 46
14 9 56
14 10 46
14 11 37
14 12 18
14 13 46
14 14 -1
14 15 37
14 16 27
14 17 39
14 18 32
14 19 33
14 20 46
14 21 42
14 22 23
14 23 46
14 24 30
14 25 37
14 26 34
14 27 28
14 28 27
14 29 13
14 30 38
14 31 33
14 32 35
14 33 40
14 34 39
14 35 41
14 36 39
14 37 28
14 38 25
14 39 36
14 40 34
14 41 47
14 42 25
14 43 47
14 44 22
14 45 15
14 46 37
14 47 30
14 48 30
14 49 6
14 50 26
15 1 9
15 2 41
15 3 18
15 4 10
15 5 26
15 6 12
15 7 19
15 8 36
15 9 24
15 10 15
15 11 2
15 12 22
15 13 26
15 14 37
15 15 -1
15 16 10
15 17 2
15 18 17
15 19 10
15 20 9
15 21 9
15 22 15
15 23 10
15 24 8
15 25 11
15 26 5
15 27 20
15 28 31
15 29 28
15 30 16
15 31 40
15 32 30
15 33 39
15 34 17
15 35 5
15 36 44
15 37 38
15 38 29
15 39 12
15 40 3
15 41 19
15 42 18
15 43 13
15 44 29
15 45 24
15 46 25
15 47 42
15 48 10
15 49 30
15 50 11
16 1 10
16 2 35
16 3 27
16 4 4
16 5 19
16 6 23
16 7 17
16 8 37
16 9 33
16 10 20
16 11 10
16 12 12
16 13 31
16 14 27
16 15 10
16 16 -1
16 17 12
16 18 13
16 19 7
16 20 19
16 21 17
16 22 8
16 23 19
16 24 6
16 25 11
16 26 10
16 27 17
16 28 27
16 29 18
16 30 15
16 31 36
16 32 29
16 33 38
16 34 16
16 35 14
16 36 42
16 37 33
16 38 24
16 39 11
16 40 7
16 41 26
16 42 14
16 43 22
16 44 24
16 45 15
16 46 26
16 47 37
16 48 10
16 49 21
16 50 1
17 1 11
17 2 43
17 3 18
17 4 12
17 5 28
17 6 11
17 7 21
17 8 37
17 9 23
17 10 14
17 11 3
17 12 23
17 13 27
17 14 39
17 15 2
17 16 12
17 17 -1
17 18 18
17 19 11
17 20 7
17 21 9
17 22 17
17 23 8
17 24 10
17 25 11
17 26 7
17 27 21
17 28 33
17 29 30
17 30 16
17 31 41
17 32 31
17 33 41
17 34 17
17 35 3
17 36 46
17 37 40
17 38 30
17 39 12
17 40 5
17 41 19
17 42 20
17 43 13
17 44 31
17 45 26
17 46 27
17 47 43
17 48 12
17 49 32
17 50 13
18 1 22
18 2 46
18 3 36
18 4 17
18 5 31
18 6 28
18 7 30
18 8 50
18 9 41
18 10 14
18 11 19
18 12 14
18 13 43
18 14 32
18 15 17
18 16 13
18 17 18
18 18 -1
18 19 7
18 20 23
18 21 26
18 22 21
18 23 20
18 24 18
18 25 7
18 26 21
18 27 30
18 28 40
18 29 20
18 30 6
18 31 49
18 32 42
18 33 51
18 34 7
18 35 17
18 36 54
18 37 46
18 38 37
18 39 6
18 40 16
18 41 36
18 42 27
18 43 31
18 44 36
18 45 25
18 46 39
18 47 49
18 48 22
18 49 27
18 50 12
19 1 15
19 2 43
19 3 29
19 4 11
19 5 27
19 6 22
19 7 24
19 8 44
19 9 34
19 10 13
19 11 12
19 12 15
19 13 36
19 14 33
19 15 10
19 16 7
19 17 11
19 18 7
19 19 -1
19 20 17
19 21 19
19 22 16
19 23 15
19 24 12
19 25 4
19 26 14
19 27 25
19 28 35
19 29 21
19 30 7
19 31 44
19 32 36
19 33 45
19 34 9
19 35 11
19 36 49
19 37 41
19 38 32
19 39 3
19 40 9
19 41 29
19 42 22
19 43 24
19 44 31
19 45 22
19 46 33
19 47 45
19 48 16
19 49 27
19 50 8
20 1 17
20 2 49
20 3 15
20 4 19
20 5 35
20 6 5
20 7 26
20 8 38
20 9 19
20 10 15
20 11 10
20 12 31
20 13 28
20 14 46
20 15 9
20 16 19
20 17 7
20 18 23
20 19 17
20 20 -1
20 21 9
20 22 24
20 23 5
20 24 17
20 25 16
20 26 13
20 27 27
20 28 38
20 29 38
20 30 20
20 31 46
20 32 35
20 33 44
20 34 20
20 35 6
20 36 50
20 37 45
20 38 36
20 39 17
20 40 12
20 41 17
20 42 26
20 43 10
20 44 36
20 45 33
20 46 30
20 47 49
20 48 18
20 49 40
20 50 21
21 1 10
21 2 41
21 3 9
21 4 15
21 5 28
21 6 8
21 7 18
21 8 29
21 9 15
21 10 22
21 11 7
21 12 29
21 13 19
21 14 42
21 15 9
21 16 17
21 17 9
21 18 26
21 19 19
21 20 9
21 21 -1
21 22 18
21 23 13
21 24 12
21 25 20
21 26 7
21 27 19
21 28 29
21 29 36
21 30 25
21 31 37
21 32 26
21 33 35
21 34 26
21 35 11
21 36 41
21 37 37
21 38 28
21 39 21
21 40 11
21 41 10
21 42 19
21 43 5
21 44 29
21 45 27
21 46 20
21 47 40
21 48 11
21 49 35
21 50 19
22 1 8
22 2 27
22 3 27
22 4 5
22 5 11
22 6 25
22 7 10
22 8 31
22 9 32
22 10 28
22 11 14
22 12 14
22 13 26
22 14 23
22 15 15
22 16 8
22 17 17
22 18 21
22 19 16
22 20 24
22 21 18
22 22 -1
22 23 25
22 24 7
22 25 20
22 26 11
22 27 10
22 28 19
22 29 19
22 30 24
22 31 28
22 32 21
22 33 30
22 34 25
22 35 20
22 36 33
22 37 25
22 38 16
22 39 19
22 40 12
22 41 24
22 42 6
22 43 23
22 44 15
22 45 9
22 46 20
22 47 29
22 48 7
22 49 17
22 50 8
23 1 19
23 2 51
23 3 20
23 4 20
23 5 36
23 6 10
23 7 29
23 8 43
23 9 24
23 10 10
23 11 11
23 12 30
23 13 32
23 14 46
23 15 10
23 16 19
23 17 8
23 18 20
23 19 15
23 20 5
23 21 13
23 22 25
23 23 -1
23 24 18
23 25 12
23 26 15
23 27 29
23 28 41
23 29 36
23 30 16
23 31 49
23 32 39
23 33 48
23 34 16
23 35 5
23 36 53
23 37 48
23 38 39
23 39 14
23 40 13
23 41 22
23 42 28
23 43 15
23 44 39
23 45 34
23 46 33
23 47 51
23 48 20
23 49 40
23 50 20
24 1 4
24 2 33
24 3 22
24 4 2
24 5 18
24 6 19
24 7 12
24 8 32
24 9 27
24 10 22
24 11 7
24 12 17
24 13 25
24 14 30
24 15 8
24 16 6
24 17 10
24 18 18
24 19 12
24 20 17
24 21 12
24 22 7
24 23 18
24 24 -1
24 25 15
24 26 5
24 27 13
24 28 24
24 29 23
24 30 19
24 31 33
24 32 24
24 33 33
24 34 21
24 35 13
24 36 38
24 37 31
24 38 21
24 39 15
24 40 5
24 41 20
24 42 10
24 43 17
24 44 21
24 45 16
24 46 21
24 47 34
24 48 4
24 49 23
24 50 7
25 1 18
25 2 47
25 3 29
25 4 14
25 5 31
25 6 21
25 7 27
25 8 46
25 9 34
25 10 9
25 11 13
25 12 19
25 13 37
25 14 37
25 15 11
25 16 11
25 17 11
25 18 7
25 19 4
25 20 16
25 21 20
25 22 20
25 23 12
25 24 15
25 25 -1
25 26 15
25 27 28
25 28 38
25 29 25
25 30 5
25 31 48
25 32 39
25 33 48
25 34 6
25 35 9
25 36 53
25 37 45
25 38 36
25 39 1
25 40 10
25 41 30
25 42 25
25 43 24
25 44 35
25 45 26
25 46 35
25 47 49
25 48 18
25 49 31
25 50 12
26 1 4
26 2 36
26 3 17
26 4 7
26 5 22
26 6 14
26 7 13
26 8 30
26 9 22
26 10 21
26 11 3
26 12 22
26 13 22
26 14 34
26 15 5
26 16 10
26 17 7
26 18 21
26 19 14
26 20 13
26 21 7
26 22 11
26 23 15
26 24 5
26 25 15
26 26 -1
26 27 14
26 28 25
26 29 28
26 30 20
26 31 34
26 32 24
26 33 33
26 34 22
26 35 10
26 36 39
26 37 33
26 38 23
26 39 16
26 40 5
26 41 15
26 42 13
26 43 12
26 44 24
26 45 20
26 46 20
26 47 36
26 48 5
26 49 28
26 50 11
27 1 10
27 2 22
27 3 24
27 4 13
27 5 10
27 6 27
27 7 1
27 8 21
27 9 29
27 10 35
27 11 18
27 12 24
27 13 18
27 14 28
27 15 20
27 16 17
27 17 21
27 18 30
27 19 25
27 20 27
27 21 19
27 22 10
27 23 29
27 24 13
27 25 28
27 26 14
27 27 -1
27 28 11
27 29 27
27 30 33
27 31 20
27 32 11
27 33 20
27 34 34
27 35 25
27 36 24
27 37 18
27 38 9
27 39 28
27 40 18
27 41 19
27 42 4
27 43 22
27 44 10
27 45 13
27 46 10
27 47 21
27 48 10
27 49 22
27 50 18
28 1 21
28 2 12
28 3 33
28 4 24
28 5 11
28 6 37
28 7 12
28 8 18
28 9 37
28 10 46
28 11 29
28 12 30
28 13 22
28 14 27
28 15 31
28 16 27
28 17 33
28 18 40
28 19 35
28 20 38
28 21 29
28 22 19
28 23 41
28 24 24
28 25 38
28 26 25
28 27 11
28 28 -1
28 29 32
28 30 43
28 31 9
28 32 8
28 33 13
28 34 44
28 35 36
28 36 14
28 37 7
28 38 3
28 39 38
28 40 29
28 41 28
28 42 13
28 43 32
28 44 5
28 45 17
28 46 13
28 47 10
28 48 21
28 49 23
28 50 27
29 1 26
29 2 33
29 3 45
29 4 20
29 5 21
29 6 41
29 7 28
29 8 48
29 9 50
29 10 34
29 11 29
29 12 6
29 13 45
29 14 13
29 15 28
29 16 18
29 17 30
29 18 20
29 19 21
29 20 38
29 21 36
29 22 19
29 23 36
29 24 23
29 25 25
29 26 28
29 27 27
29 28 32
29 29 -1
29 30 26
29 31 40
29 32 38
29 33 45
29 34 27
29 35 32
29 36 46
29 37 35
29 38 29
29 39 24
29 40 25
29 41 43
29 42 24
29 43 41
29 44 27
29 45 15
29 46 38
29 47 38
29 48 25
29 49 10
29 50 17
30 1 23
30 2 50
30 3 34
30 4 19
30 5 35
30 6 25
30 7 32
30 8 51
30 9 38
30 10 8
30 11 18
30 12 20
30 13 42
30 14 38
30 15 16
30 16 15
30 17 16
30 18 6
30 19 7
30 20 20
30 21 25
30 22 24
30 23 16
30 24 19
30 25 5
30 26 20
30 27 33
30 28 43
30 29 26
30 30 -1
30 31 52
30 32 44
30 33 53
30 34 1
30 35 14
30 36 57
30 37 49
30 38 40
30 39 4
30 40 15
30 41 35
30 42 29
30 43 29
30 44 39
30 45 30
30 46 40
30 47 53
30 48 23
30 49 33
30 50 15
31 1 30
31 2 10
31 3 39
31 4 33
31 5 19
31 6 45
31 7 20
31 8 18
31 9 43
31 10 55
31 11 38
31 12 39
31 13 26
31 14 33
31 15 40
31 16 36
31 17 41
31 18 49
31 19 44
31 20 46
31 21 37
31 22 28
31 23 49
31 24 33
31 25 48
31 26 34
31 27 20
31 28 9
31 29 40
31 30 52
31 31 -1
31 32 12
31 33 8
31 34 53
31 35 45
31 36 6
31 37 5
31 38 12
31 39 48
31 40 38
31 41 34
31 42 22
31 43 39
31 44 13
31 45 25
31 46 18
31 47 5
31 48 30
31 49 30
31 50 37
32 1 21
32 2 19
32 3 27
32 4 25
32 5 17
32 6 34
32 7 12
32 8 10
32 9 31
32 10 46
32 11 28
32 12 35
32 13 14
32 14 35
32 15 30
32 16 29
32 17 31
32 18 42
32 19 36
32 20 35
32 21 26
32 22 21
32 23 39
32 24 24
32 25 39
32 26 24
32 27 11
32 28 8
32 29 38
32 30 44
32 31 12
32 32 -1
32 33 9
32 34 45
32 35 35
32 36 14
32 37 13
32 38 10
32 39 39
32 40 29
32 41 22
32 42 15
32 43 27
32 44 12
32 45 23
32 46 6
32 47 16
32 48 20
32 49 30
32 50 30
33 1 30
33 2 19
33 3 34
33 4 34
33 5 24
33 6 42
33 7 21
33 8 10
33 9 37
33 10 55
33 11 37
33 12 42
33 13 20
33 14 40
33 15 39
33 16 38
33 17 41
33 18 51
33 19 45
33 20 44
33 21 35
33 22 30
33 23 48
33 24 33
33 25 48
33 26 33
33 27 20
33 28 13
33 29 45
33 30 53
33 31 8
33 32 9
33 33 -1
33 34 54
33 35 44
33 36 7
33 37 13
33 38 16
33 39 49
33 40 38
33 41 29
33 42 24
33 43 35
33 44 18
33 45 30
33 46 14
33 47 13
33 48 30
33 49 36
33 50 38
34 1 24
34 2 52
34 3 35
34 4 20
34 5 36
34 6 25
34 7 33
34 8 52
34 9 39
34 10 8
34 11 19
34 12 21
34 13 44
34 14 39
34 15 17
34 16 16
34 17 17
34 18 7
34 19 9
34 20 20
34 21 26
34 22 25
34 23 16
34 24 21
34 25 6
34 26 22
34 27 34
34 28 44
34 29 27
34 30 1
34 31 53
34 32 45
34 33 54
34 34 -1
34 35 15
34 36 59
34 37 50
34 38 41
34 39 5
34 40 17
34 41 36
34 42 31
34 43 30
34 44 41
34 45 31
34 46 42
34 47 54
34 48 25
34 49 34
34 50 17
35 1 14
35 2 46
35 3 20
35 4 15
35 5 31
35 6 11
35 7 24
35 8 40
35 9 24
35 10 11
35 11 7
35 12 25
35 13 30
35 14 41
35 15 5
35 16 14
35 17 3
35 18 17
35 19 11
35 20 6
35 21 11
35 22 20
35 23 5
35 24 13
35 25 9
35 26 10
35 27 25
35 28 36
35 29 32
35 30 14
35 31 45
35 32 35
35 33 44
35 34 15
35 35 -1
35 36 49
35 37 43
35 38 34
35 39 11
35 40 8
35 41 21
35 42 23
35 43 15
35 44 34
35 45 29
35 46 30
35 47 47
35 48 15
35 49 35
35 50 15
36 1 35
36 2 15
36 3 41
36 4 38
36 5 25
36 6 48
36 7 25
36 8 17
36 9 44
36 10 60
36 11 42
36 12 44
36 13 27
36 14 39
36 15 44
36 16 42
36 17 46
36 18 54
36 19 49
36 20 50
36 21 41
36 22 33
36 23 53
36 24 38
36 25 53
36 26 39
36 27 24
36 28 14
36 29 46
36 30 57
36 31 6
36 32 14
36 33 7
36 34 59
36 35 49
36 36 -1
36 37 11
36 38 17
36 39 53
36 40 43
36 41 36
36 42 27
36 43 42
36 44 19
36 45 31
36 46 20
36 47 9
36 48 34
36 49 36
36 50 42
37 1 29
37 2 6
37 3 40
37 4 30
37 5 15
37 6 45
37 7 19
37 8 22
37 9 44
37 10 53
37 11 36
37 12 34
37 13 28
37 14 28
37 15 38
37 16 33
37 17 40
37 18 46
37 19 41
37 20 45
37 21 37
37 22 25
37 23 48
37 24 31
37 25 45
37 26 33
37 27 18
37 28 7
37 29 35
37 30 49
37 31 5
37 32 13
37 33 13
37 34 50
37 35 43
37 36 11
37 37 -1
37 38 9
37 39 45
37 40 36
37 41 35
37 42 20
37 43 39
37 44 9
37 45 21
37 46 19
37 47 3
37 48 28
37 49 25
37 50 33
38 1 19
38 2 13
38 3 32
38 4 21
38 5 8
38 6 36
38 7 10
38 8 21
38 9 37
38 10 43
38 11 27
38 12 27
38 13 23
38 14 25
38 15 29
38 16 24
38 17 30
38 18 37
38 19 32
38 20 36
38 21 28
38 22 16
38 23 39
38 24 21
38 25 36
38 26 23
38 27 9
38 28 3
38 29 29
38 30 40
38 31 12
38 32 10
38 33 16
38 34 41
38 35 34
38 36 17
38 37 9
38 38 -1
38 39 36
38 40 26
38 41 27
38 42 10
38 43 31
38 44 2
38 45 14
38 46 13
38 47 13
38 48 18
38 49 20
38 50 24
39 1 18
39 2 46
39 3 30
39 4 14
39 5 31
39 6 22
39 7 28
39 8 47
39 9 35
39 10 10
39 11 14
39 12 18
39 13 38
39 14 36
39 15 12
39 16 11
39 17 12
39 18 6
39 19 3
39 20 17
39 21 21
39 22 19
39 23 14
39 24 15
39 25 1
39 26 16
39 27 28
39 28 38
39 29 24
39 30 4
39 31 48
39 32 39
39 33 49
39 34 5
39 35 11
39 36 53
39 37 45
39 38 36
39 39 -1
39 40 11
39 41 31
39 42 25
39 43 25
39 44 35
39 45 26
39 46 36
39 47 48
39 48 19
39 49 30
39 50 11
40 1 7
40 2 39
40 3 21
40 4 7
40 5 23
40 6 15
40 7 17
40 8 35
40 9 26
40 10 17
40 11 3
40 12 19
40 13 27
40 14 34
40 15 3
40 16 7
40 17 5
40 18 16
40 19 9
40 20 12
40 21 11
40 22 12
40 23 13
40 24 5
40 25 10
40 26 5
40 27 18
40 28 29
40 29 25
40 30 15
40 31 38
40 32 29
40 33 38
40 34 17
40 35 8
40 36 43
40 37 36
40 38 26
40 39 11
40 40 -1
40 41 20
40 42 16
40 43 16
40 44 26
40 45 21
40 46 25
40 47 39
40 48 8
40 49 27
40 50 8
41 1 16
41 2 40
41 3 5
41 4 22
41 5 30
41 6 14
41 7 18
41 8 22
41 9 9
41 10 32
41 11 17
41 12 37
41 13 10
41 14 47
41 15 19
41 16 26
41 17 19
41 18 36
41 19 29
41 20 17
41 21 10
41 22 24
41 23 22
41 24 20
41 25 30
41 26 15
41 27 19
41 28 28
41 29 43
41 30 35
41 31 34
41 32 22
41 33 29
41 34 36
41 35 21
41 36 36
41 37 35
41 38 27
41 39 31
41 40 20
41 41 -1
41 42 21
41 43 7
41 44 29
41 45 32
41 46 16
41 47 38
41 48 17
41 49 40
41 50 27
42 1 9
42 2 23
42 3 25
42 4 10
42 5 9
42 6 27
42 7 4
42 8 25
42 9 30
42 10 33
42 11 16
42 12 20
42 13 21
42 14 25
42 15 18
42 16 14
42 17 20
42 18 27
42 19 22
42 20 26
42 21 19
42 22 6
42 23 28
42 24 10
42 25 25
42 26 13
42 27 4
42 28 13
42 29 24
42 30 29
42 31 22
42 32 15
42 33 24
42 34 31
42 35 23
42 36 27
42 37 20
42 38 10
42 39 25
42 40 16
42 41 21
42 42 -1
42 43 22
42 44 10
42 45 10
42 46 14
42 47 23
42 48 8
42 49 19
42 50 14
43 1 15
43 2 44
43 3 5
43 4 20
43 5 32
43 6 7
43 7 21
43 8 29
43 9 10
43 10 25
43 11 12
43 12 34
43 13 17
43 14 47
43 15 13
43 16 22
43 17 13
43 18 31
43 19 24
43 20 10
43 21 5
43 22 23
43 23 15
43 24 17
43 25 24
43 26 12
43 27 22
43 28 32
43 29 41
43 30 29
43 31 39
43 32 27
43 33 35
43 34 30
43 35 15
43 36 42
43 37 39
43 38 31
43 39 25
43 40 16
43 41 7
43 42 22
43 43 -1
43 44 32
43 45 32
43 46 21
43 47 42
43 48 16
43 49 40
43 50 24
44 1 19
44 2 12
44 3 33
44 4 20
44 5 6
44 6 37
44 7 11
44 8 23
44 9 38
44 10 43
44 11 27
44 12 25
44 13 25
44 14 22
44 15 29
44 16 24
44 17 31
44 18 36
44 19 31
44 20 36
44 21 29
44 22 15
44 23 39
44 24 21
44 25 35
44 26 24
44 27 10
44 28 5
44 29 27
44 30 39
44 31 13
44 32 12
44 33 18
44 34 41
44 35 34
44 36 19
44 37 9
44 38 2
44 39 35
44 40 26
44 41 29
44 42 10
44 43 32
44 44 -1
44 45 12
44 46 15
44 47 13
44 48 18
44 49 18
44 50 24
45 1 17
45 2 21
45 3 35
45 4 14
45 5 6
45 6 35
45 7 14
45 8 33
45 9 41
45 10 35
45 11 23
45 12 13
45 13 31
45 14 15
45 15 24
45 16 15
45 17 26
45 18 25
45 19 22
45 20 33
45 21 27
45 22 9
45 23 34
45 24 16
45 25 26
45 26 20
45 27 13
45 28 17
45 29 15
45 30 30
45 31 25
45 32 23
45 33 30
45 34 31
45 35 29
45 36 31
45 37 21
45 38 14
45 39 26
45 40 21
45 41 32
45 42 10
45 43 32
45 44 12
45 45 -1
45 46 23
45 47 24
45 48 16
45 49 8
45 50 14
46 1 17
46 2 25
46 3 21
46 4 22
46 5 19
46 6 28
46 7 10
46 8 11
46 9 25
46 10 41
46 11 23
46 12 34
46 13 9
46 14 37
46 15 25
46 16 26
46 17 27
46 18 39
46 19 33
46 20 30
46 21 20
46 22 20
46 23 33
46 24 21
46 25 35
46 26 20
46 27 10
46 28 13
46 29 38
46 30 40
46 31 18
46 32 6
46 33 14
46 34 42
46 35 30
46 36 20
46 37 19
46 38 13
46 39 36
46 40 25
46 41 16
46 42 14
46 43 21
46 44 15
46 45 23
46 46 -1
46 47 22
46 48 17
46 49 31
46 50 27
47 1 32
47 2 6
47 3 43
47 4 34
47 5 18
47 6 48
47 7 22
47 8 23
47 9 47
47 10 56
47 11 40
47 12 38
47 13 30
47 14 30
47 15 42
47 16 37
47 17 43
47 18 49
47 19 45
47 20 49
47 21 40
47 22 29
47 23 51
47 24 34
47 25 49
47 26 36
47 27 21
47 28 10
47 29 38
47 30 53
47 31 5
47 32 16
47 33 13
47 34 54
47 35 47
47 36 9
47 37 3
47 38 13
47 39 48
47 40 39
47 41 38
47 42 23
47 43 42
47 44 13
47 45 24
47 46 22
47 47 -1
47 48 31
47 49 27
47 50 37
48 1 1
48 2 31
48 3 19
48 4 6
48 5 17
48 6 19
48 7 9
48 8 28
48 9 25
48 10 25
48 11 8
48 12 20
48 13 21
48 14 30
48 15 10
48 16 10
48 17 12
48 18 22
48 19 16
48 20 18
48 21 11
48 22 7
48 23 20
48 24 4
48 25 18
48 26 5
48 27 10
48 28 21
48 29 25
48 30 23
48 31 30
48 32 20
48 33 30
48 34 25
48 35 15
48 36 34
48 37 28
48 38 18
48 39 19
48 40 8
48 41 17
48 42 8
48 43 16
48 44 18
48 45 16
48 46 17
48 47 31
48 48 -1
48 49 24
48 50 11
49 1 25
49 2 22
49 3 43
49 4 20
49 5 12
49 6 42
49 7 22
49 8 41
49 9 49
49 10 40
49 11 30
49 12 13
49 13 40
49 14 6
49 15 30
49 16 21
49 17 32
49 18 27
49 19 27
49 20 40
49 21 35
49 22 17
49 23 40
49 24 23
49 25 31
49 26 28
49 27 22
49 28 23
49 29 10
49 30 33
49 31 30
49 32 30
49 33 36
49 34 34
49 35 35
49 36 36
49 37 25
49 38 20
49 39 30
49 40 27
49 41 40
49 42 19
49 43 40
49 44 18
49 45 8
49 46 31
49 47 27
49 48 24
49 49 -1
49 50 20
50 1 11
50 2 35
50 3 28
50 4 5
50 5 19
50 6 24
50 7 18
50 8 38
50 9 34
50 10 20
50 11 12
50 12 10
50 13 32
50 14 26
50 15 11
50 16 1
50 17 13
50 18 12
50 19 8
50 20 21
50 21 19
50 22 8
50 23 20
50 24 7
50 25 12
50 26 11
50 27 18
50 28 27
50 29 17
50 30 15
50 31 37
50 32 30
50 33 38
50 34 17
50 35 15
50 36 42
50 37 33
50 38 24
50 39 11
50 40 8
50 41 27
50 42 14
50 43 24
50 44 24
50 45 14
50 46 27
50 47 37
50 48 11
50 49 20
50 50 -1
