43 41
43 3
43 21
43 6
47 2
47 36
47 37
47 31
31 33
31 36
31 37
31 47
31 28
6 43
6 20
6 21
6 23
26 1
26 4
26 40
26 11
26 15
26 48
26 17
26 21
26 24
12 29
48 1
48 4
48 7
48 40
48 42
48 11
48 16
48 22
48 24
48 26
48 27
25 34
25 35
25 39
25 10
25 18
25 19
25 30
33 32
33 36
33 31
23 35
23 6
23 10
23 17
23 20
15 1
15 35
15 40
15 11
15 17
15 20
15 21
15 24
15 26
36 33
36 47
36 31
4 1
4 40
4 11
4 16
4 48
4 50
4 22
4 24
4 26
46 32
46 13
45 49
45 5
45 22
17 35
17 40
17 11
17 15
17 20
17 21
17 23
17 26
9 41
9 3
3 9
3 43
3 21
3 41
39 34
39 10
39 18
39 19
39 25
39 30
19 34
19 39
19 40
19 16
19 18
19 50
19 25
19 30
13 46
10 34
10 39
10 23
10 25
10 30
21 3
21 6
21 11
21 43
21 15
21 17
21 20
21 26
24 1
24 4
24 40
24 11
24 15
24 16
24 48
24 50
24 22
24 26
38 37
38 5
38 44
38 27
38 28
5 42
5 44
5 45
5 38
2 37
2 47
49 45
49 14
18 34
18 39
18 19
18 25
18 30
20 35
20 6
20 15
20 17
20 21
20 23
22 1
22 4
22 42
22 45
22 16
22 48
22 50
22 24
35 40
35 11
35 15
35 17
35 20
35 23
35 25
28 32
28 37
28 38
28 44
28 31
29 12
41 9
41 3
41 43
32 33
32 28
32 46
11 1
11 35
11 4
11 40
11 15
11 48
11 17
11 21
11 24
11 26
42 1
42 5
42 7
42 48
42 22
42 27
14 49
16 4
16 40
16 48
16 50
16 19
16 22
16 24
27 38
27 7
27 42
27 44
27 48
50 4
50 40
50 16
50 19
50 22
50 24
34 39
34 10
34 18
34 19
34 25
34 30
44 37
44 5
44 38
44 27
44 28
