1 1 -1
1 2 13
1 3 13
1 4 13
1 5 6
1 6 22
1 7 12
1 8 16
1 9 10
1 10 13
1 11 15
1 12 7
1 13 16
1 14 14
1 15 3
1 16 14
1 17 13
1 18 10
1 19 11
1 20 18
1 21 17
1 22 11
1 23 13
1 24 12
1 25 18
1 26 4
1 27 18
1 28 14
1 29 19
1 30 15
1 31 11
1 32 15
2 1 13
2 2 -1
2 3 25
2 4 13
2 5 19
2 6 34
2 7 25
2 8 26
2 9 20
2 10 26
2 11 13
2 12 15
2 13 13
2 14 21
2 15 16
2 16 17
2 17 4
2 18 23
2 19 7
2 20 27
2 21 28
2 22 22
2 23 2
2 24 6
2 25 17
2 26 9
2 27 30
2 28 27
2 29 30
2 30 28
2 31 23
2 32 20
3 1 13
3 2 25
3 3 -1
3 4 17
3 5 8
3 6 20
3 7 3
3 8 21
3 9 18
3 10 8
3 11 28
3 12 10
3 13 20
3 14 9
3 15 10
3 16 26
3 17 24
3 18 11
3 19 25
3 20 7
3 21 3
3 22 3
3 23 24
3 24 25
3 25 31
3 26 17
3 27 20
3 28 12
3 29 21
3 30 5
3 31 14
3 32 25
4 1 13
4 2 13
4 3 17
4 4 -1
4 5 16
4 6 34
4 7 18
4 8 29
4 9 24
4 10 22
4 11 24
4 12 8
4 13 2
4 14 10
4 15 13
4 16 26
4 17 10
4 18 22
4 19 18
4 20 17
4 21 19
4 22 14
4 23 11
4 24 17
4 25 28
4 26 14
4 27 31
4 28 25
4 29 32
4 30 22
4 31 24
4 32 28
5 1 6
5 2 19
5 3 8
5 4 16
5 5 -1
5 6 17
5 7 6
5 8 15
5 9 10
5 10 7
5 11 20
5 12 8
5 13 19
5 14 13
5 15 3
5 16 17
5 17 19
5 18 5
5 19 17
5 20 14
5 21 12
5 22 7
5 23 18
5 24 18
5 25 22
5 26 10
5 27 15
5 28 9
5 29 16
5 30 9
5 31 8
5 32 17
6 1 22
6 2 34
6 3 20
6 4 34
6 5 17
6 6 -1
6 7 17
6 8 11
6 9 14
6 10 12
6 11 29
6 12 25
6 13 37
6 14 29
6 15 20
6 16 23
6 17 35
6 18 12
6 19 29
6 20 27
6 21 22
6 22 22
6 23 34
6 24 31
6 25 29
6 26 24
6 27 5
6 28 8
6 29 5
6 30 15
6 31 10
6 32 20
7 1 12
7 2 25
7 3 3
7 4 18
7 5 6
7 6 17
7 7 -1
7 8 18
7 9 15
7 10 5
7 11 27
7 12 10
7 13 21
7 14 11
7 15 9
7 16 24
7 17 24
7 18 8
7 19 24
7 20 10
7 21 5
7 22 5
7 23 24
7 24 24
7 25 29
7 26 16
7 27 17
7 28 9
7 29 18
7 30 3
7 31 11
7 32 23
8 1 16
8 2 26
8 3 21
8 4 29
8 5 15
8 6 11
8 7 18
8 8 -1
8 9 5
8 10 14
8 11 18
8 12 22
8 13 32
8 14 28
8 15 16
8 16 12
8 17 28
8 18 10
8 19 20
8 20 28
8 21 24
8 22 22
8 23 26
8 24 21
8 25 18
8 26 17
8 27 6
8 28 11
8 29 6
8 30 18
8 31 7
8 32 9
9 1 10
9 2 20
9 3 18
9 4 24
9 5 10
9 6 14
9 7 15
9 8 5
9 9 -1
9 10 12
9 11 15
9 12 17
9 13 26
9 14 23
9 15 11
9 16 9
9 17 22
9 18 7
9 19 15
9 20 25
9 21 21
9 22 18
9 23 21
9 24 16
9 25 15
9 26 11
9 27 9
9 28 10
9 29 10
9 30 16
9 31 5
9 32 7
10 1 13
10 2 26
10 3 8
10 4 22
10 5 7
10 6 12
10 7 5
10 8 14
10 9 12
10 10 -1
10 11 26
10 12 14
10 13 25
10 14 16
10 15 10
10 16 21
10 17 26
10 18 5
10 19 24
10 20 15
10 21 10
10 22 9
10 23 25
10 24 25
10 25 27
10 26 17
10 27 12
10 28 4
10 29 13
10 30 3
10 31 7
10 32 20
11 1 15
11 2 13
11 3 28
11 4 24
11 5 20
11 6 29
11 7 27
11 8 18
11 9 15
11 10 26
11 11 -1
11 12 22
11 13 25
11 14 29
11 15 18
11 16 6
11 17 17
11 18 21
11 19 6
11 20 33
11 21 32
11 22 27
11 23 15
11 24 7
11 25 4
11 26 12
11 27 24
11 28 25
11 29 24
11 30 29
11 31 20
11 32 10
12 1 7
12 2 15
12 3 10
12 4 8
12 5 8
12 6 25
12 7 10
12 8 22
12 9 17
12 10 14
12 11 22
12 12 -1
12 13 11
12 14 7
12 15 6
12 16 21
12 17 14
12 18 13
12 19 17
12 20 12
12 21 13
12 22 7
12 23 14
12 24 17
12 25 25
12 26 10
12 27 23
12 28 17
12 29 24
12 30 14
12 31 16
12 32 22
13 1 16
13 2 13
13 3 20
13 4 2
13 5 19
13 6 37
13 7 21
13 8 32
13 9 26
13 10 25
13 11 25
13 12 11
13 13 -1
13 14 12
13 15 16
13 16 28
13 17 10
13 18 25
13 19 19
13 20 19
13 21 22
13 22 17
13 23 11
13 24 18
13 25 29
13 26 16
13 27 34
13 28 28
13 29 34
13 30 25
13 31 26
13 32 30
14 1 14
14 2 21
14 3 9
14 4 10
14 5 13
14 6 29
14 7 11
14 8 28
14 9 23
14 10 16
14 11 29
14 12 7
14 13 12
14 14 -1
14 15 12
14 16 28
14 17 18
14 18 18
14 19 24
14 20 7
14 21 10
14 22 6
14 23 19
14 24 24
14 25 32
14 26 17
14 27 27
14 28 20
14 29 28
14 30 15
14 31 21
14 32 29
15 1 3
15 2 16
15 3 10
15 4 13
15 5 3
15 6 20
15 7 9
15 8 16
15 9 11
15 10 10
15 11 18
15 12 6
15 13 16
15 14 12
15 15 -1
15 16 16
15 17 16
15 18 8
15 19 14
15 20 15
15 21 13
15 22 8
15 23 15
15 24 15
15 25 21
15 26 7
15 27 17
15 28 12
15 29 18
15 30 12
15 31 10
15 32 17
16 1 14
16 2 17
16 3 26
16 4 26
16 5 17
16 6 23
16 7 24
16 8 12
16 9 9
16 10 21
16 11 6
16 12 21
16 13 28
16 14 28
16 15 16
16 16 -1
16 17 20
16 18 17
16 19 10
16 20 32
16 21 29
16 22 25
16 23 18
16 24 11
16 25 6
16 26 12
16 27 18
16 28 20
16 29 18
16 30 25
16 31 14
16 32 3
17 1 13
17 2 4
17 3 24
17 4 10
17 5 19
17 6 35
17 7 24
17 8 28
17 9 22
17 10 26
17 11 17
17 12 14
17 13 10
17 14 18
17 15 16
17 16 20
17 17 -1
17 18 24
17 19 11
17 20 25
17 21 27
17 22 21
17 23 2
17 24 10
17 25 21
17 26 11
17 27 31
17 28 28
17 29 32
17 30 27
17 31 25
17 32 23
18 1 10
18 2 23
18 3 11
18 4 22
18 5 5
18 6 12
18 7 8
18 8 10
18 9 7
18 10 5
18 11 21
18 12 13
18 13 25
18 14 18
18 15 8
18 16 17
18 17 24
18 18 -1
18 19 20
18 20 18
18 21 14
18 22 12
18 23 23
18 24 21
18 25 22
18 26 13
18 27 9
18 28 4
18 29 10
18 30 8
18 31 3
18 32 15
19 1 11
19 2 7
19 3 25
19 4 18
19 5 17
19 6 29
19 7 24
19 8 20
19 9 15
19 10 24
19 11 6
19 12 17
19 13 19
19 14 24
19 15 14
19 16 10
19 17 11
19 18 20
19 19 -1
19 20 29
19 21 28
19 22 22
19 23 9
19 24 1
19 25 10
19 26 7
19 27 25
19 28 24
19 29 25
19 30 26
19 31 19
19 32 13
20 1 18
20 2 27
20 3 7
20 4 17
20 5 14
20 6 27
20 7 10
20 8 28
20 9 25
20 10 15
20 11 33
20 12 12
20 13 19
20 14 7
20 15 15
20 16 32
20 17 25
20 18 18
20 19 29
20 20 -1
20 21 5
20 22 7
20 23 26
20 24 29
20 25 36
20 26 22
20 27 27
20 28 19
20 29 28
20 30 12
20 31 21
20 32 32
21 1 17
21 2 28
21 3 3
21 4 19
21 5 12
21 6 22
21 7 5
21 8 24
21 9 21
21 10 10
21 11 32
21 12 13
21 13 22
21 14 10
21 15 13
21 16 29
21 17 27
21 18 14
21 19 28
21 20 5
21 21 -1
21 22 6
21 23 27
21 24 29
21 25 34
21 26 21
21 27 22
21 28 14
21 29 23
21 30 7
21 31 17
21 32 29
22 1 11
22 2 22
22 3 3
22 4 14
22 5 7
22 6 22
22 7 5
22 8 22
22 9 18
22 10 9
22 11 27
22 12 7
22 13 17
22 14 6
22 15 8
22 16 25
22 17 21
22 18 12
22 19 22
22 20 7
22 21 6
22 22 -1
22 23 21
22 24 23
22 25 29
22 26 15
22 27 21
22 28 13
22 29 22
22 30 8
22 31 15
22 32 25
23 1 13
23 2 2
23 3 24
23 4 11
23 5 18
23 6 34
23 7 24
23 8 26
23 9 21
23 10 25
23 11 15
23 12 14
23 13 11
23 14 19
23 15 15
23 16 18
23 17 2
23 18 23
23 19 9
23 20 26
23 21 27
23 22 21
23 23 -1
23 24 8
23 25 19
23 26 10
23 27 30
23 28 27
23 29 31
23 30 27
23 31 23
23 32 21
24 1 12
24 2 6
24 3 25
24 4 17
24 5 18
24 6 31
24 7 24
24 8 21
24 9 16
24 10 25
24 11 7
24 12 17
24 13 18
24 14 24
24 15 15
24 16 11
24 17 10
24 18 21
24 19 1
24 20 29
24 21 29
24 22 23
24 23 8
24 24 -1
24 25 11
24 26 8
24 27 26
24 28 25
24 29 26
24 30 27
24 31 20
24 32 15
25 1 18
25 2 17
25 3 31
25 4 28
25 5 22
25 6 29
25 7 29
25 8 18
25 9 15
25 10 27
25 11 4
25 12 25
25 13 29
25 14 32
25 15 21
25 16 6
25 17 21
25 18 22
25 19 10
25 20 36
25 21 34
25 22 29
25 23 19
25 24 11
25 25 -1
25 26 15
25 27 24
25 28 26
25 29 24
25 30 30
25 31 20
25 32 9
26 1 4
26 2 9
26 3 17
26 4 14
26 5 10
26 6 24
26 7 16
26 8 17
26 9 11
26 10 17
26 11 12
26 12 10
26 13 16
26 14 17
26 15 7
26 16 12
26 17 11
26 18 13
26 19 7
26 20 22
26 21 21
26 22 15
26 23 10
26 24 8
26 25 15
26 26 -1
26 27 20
26 28 17
26 29 21
26 30 19
26 31 13
26 32 14
27 1 18
27 2 30
27 3 20
27 4 31
27 5 15
27 6 5
27 7 17
27 8 6
27 9 9
27 10 12
27 11 24
27 12 23
27 13 34
27 14 27
27 15 17
27 16 18
27 17 31
27 18 9
27 19 25
27 20 27
27 21 22
27 22 21
27 23 30
27 24 26
27 25 24
27 26 20
27 27 -1
27 28 8
27 29 1
27 30 15
27 31 7
27 32 15
28 1 14
28 2 27
28 3 12
28 4 25
28 5 9
28 6 8
28 7 9
28 8 11
28 9 10
28 10 4
28 11 25
28 12 17
28 13 28
28 14 20
28 15 12
28 16 20
28 17 28
28 18 4
28 19 24
28 20 19
28 21 14
28 22 13
28 23 27
28 24 25
28 25 26
28 26 17
28 27 8
28 28 -1
28 29 9
28 30 7
28 31 5
28 32 18
29 1 19
29 2 30
29 3 21
29 4 32
29 5 16
29 6 5
29 7 18
29 8 6
29 9 10
29 10 13
29 11 24
29 12 24
29 13 34
29 14 28
29 15 18
29 16 18
29 17 32
29 18 10
29 19 25
29 20 28
29 21 23
29 22 22
29 23 31
29 24 26
29 25 24
29 26 21
29 27 1
29 28 9
29 29 -1
29 30 16
29 31 8
29 32 15
30 1 15
30 2 28
30 3 5
30 4 22
30 5 9
30 6 15
30 7 3
30 8 18
30 9 16
30 10 3
30 11 29
30 12 14
30 13 25
30 14 15
30 15 12
30 16 25
30 17 27
30 18 8
30 19 26
30 20 12
30 21 7
30 22 8
30 23 27
30 24 27
30 25 30
30 26 19
30 27 15
30 28 7
30 29 16
30 30 -1
30 31 11
30 32 24
31 1 11
31 2 23
31 3 14
31 4 24
31 5 8
31 6 10
31 7 11
31 8 7
31 9 5
31 10 7
31 11 20
31 12 16
31 13 26
31 14 21
31 15 10
31 16 14
31 17 25
31 18 3
31 19 19
31 20 21
31 21 17
31 22 15
31 23 23
31 24 20
31 25 20
31 26 13
31 27 7
31 28 5
31 29 8
31 30 11
31 31 -1
31 32 13
32 1 15
32 2 20
32 3 25
32 4 28
32 5 17
32 6 20
32 7 23
32 8 9
32 9 7
32 10 20
32 11 10
32 12 22
32 13 30
32 14 29
32 15 17
32 16 3
32 17 23
32 18 15
32 19 13
32 20 32
32 21 29
32 22 25
32 23 21
32 24 15
32 25 9
32 26 14
32 27 15
32 28 18
32 29 15
32 30 24
32 31 13
32 32 -1
