1 1 -1
1 2 15
1 3 11
1 4 13
1 5 22
1 6 24
1 7 31
1 8 29
1 9 16
1 10 22
1 11 13
1 12 18
1 13 12
1 14 28
1 15 11
1 16 21
1 17 7
1 18 22
1 19 27
1 20 18
1 21 29
1 22 12
1 23 16
1 24 20
1 25 32
1 26 10
1 27 18
1 28 12
1 29 15
1 30 31
1 31 28
1 32 5
1 33 17
1 34 22
1 35 14
1 36 20
1 37 21
1 38 13
1 39 19
1 40 11
1 41 16
1 42 18
2 1 15
2 2 -1
2 3 14
2 4 27
2 5 21
2 6 31
2 7 18
2 8 31
2 9 12
2 10 17
2 11 20
2 12 32
2 13 12
2 14 23
2 15 24
2 16 33
2 17 13
2 18 29
2 19 33
2 20 3
2 21 17
2 22 10
2 23 9
2 24 22
2 25 34
2 26 21
2 27 33
2 28 12
2 29 14
2 30 16
2 31 27
2 32 20
2 33 14
2 34 23
2 35 7
2 36 9
2 37 7
2 38 20
2 39 5
2 40 10
2 41 3
2 42 16
3 1 11
3 2 14
3 3 -1
3 4 16
3 5 11
3 6 35
3 7 32
3 8 39
3 9 22
3 10 28
3 11 6
3 12 28
3 13 2
3 14 34
3 15 21
3 16 32
3 17 3
3 18 33
3 19 38
3 20 17
3 21 31
3 22 18
3 23 21
3 24 29
3 25 42
3 26 10
3 27 26
3 28 19
3 29 22
3 30 30
3 31 37
3 32 13
3 33 24
3 34 31
3 35 8
3 36 23
3 37 21
3 38 6
3 39 18
3 40 4
3 41 13
3 42 8
4 1 13
4 2 27
4 3 16
4 4 -1
4 5 25
4 6 31
4 7 44
4 8 39
4 9 28
4 10 34
4 11 12
4 12 15
4 13 19
4 14 40
4 15 13
4 16 21
4 17 15
4 18 29
4 19 34
4 20 30
4 21 42
4 22 25
4 23 29
4 24 30
4 25 41
4 26 6
4 27 11
4 28 24
4 29 27
4 30 43
4 31 39
4 32 7
4 33 29
4 34 33
4 35 23
4 36 33
4 37 33
4 38 13
4 39 32
4 40 19
4 41 27
4 42 23
5 1 22
5 2 21
5 3 11
5 4 25
5 5 -1
5 6 47
5 7 37
5 8 50
5 9 32
5 10 38
5 11 13
5 12 38
5 13 11
5 14 44
5 15 32
5 16 43
5 17 15
5 18 45
5 19 50
5 20 23
5 21 37
5 22 29
5 23 30
5 24 41
5 25 53
5 26 19
5 27 36
5 28 30
5 29 33
5 30 34
5 31 47
5 32 23
5 33 34
5 34 42
5 35 14
5 36 31
5 37 27
5 38 12
5 39 24
5 40 13
5 41 18
5 42 5
6 1 24
6 2 31
6 3 35
6 4 31
6 5 47
6 6 -1
6 7 38
6 8 11
6 9 21
6 10 19
6 11 37
6 12 19
6 13 36
6 14 21
6 15 17
6 16 13
6 17 32
6 18 2
6 19 3
6 20 33
6 21 33
6 22 21
6 23 24
6 24 10
6 25 12
6 26 32
6 27 25
6 28 19
6 29 18
6 30 40
6 31 14
6 32 26
6 33 19
6 34 12
6 35 35
6 36 28
6 37 33
6 38 38
6 39 34
6 40 34
6 41 35
6 42 43
7 1 31
7 2 18
7 3 32
7 4 44
7 5 37
7 6 38
7 7 -1
7 8 32
7 9 18
7 10 18
7 11 38
7 12 46
7 13 29
7 14 19
7 15 38
7 16 45
7 17 31
7 18 36
7 19 38
7 20 14
7 21 5
7 22 21
7 23 16
7 24 28
7 25 35
7 26 39
7 27 48
7 28 22
7 29 21
7 30 4
7 31 27
7 32 37
7 33 20
7 34 26
7 35 24
7 36 12
7 37 10
7 38 38
7 39 13
7 40 27
7 41 19
7 42 32
8 1 29
8 2 31
8 3 39
8 4 39
8 5 50
8 6 11
8 7 32
8 8 -1
8 9 18
8 10 14
8 11 42
8 12 29
8 13 38
8 14 13
8 15 26
8 16 24
8 17 35
8 18 11
8 19 9
8 20 31
8 21 27
8 22 21
8 23 21
8 24 9
8 25 3
8 26 39
8 27 35
8 28 19
8 29 17
8 30 35
8 31 5
8 32 32
8 33 16
8 34 7
8 35 36
8 36 24
8 37 29
8 38 43
8 39 31
8 40 36
8 41 34
8 42 45
9 1 16
9 2 12
9 3 22
9 4 28
9 5 32
9 6 21
9 7 18
9 8 18
9 9 -1
9 10 6
9 11 27
9 12 27
9 13 21
9 14 12
9 15 20
9 16 26
9 17 19
9 18 19
9 19 22
9 20 12
9 21 14
9 22 4
9 23 3
9 24 11
9 25 22
9 26 26
9 27 30
9 28 4
9 29 3
9 30 20
9 31 15
9 32 21
9 33 2
9 34 11
9 35 18
9 36 7
9 37 12
9 38 27
9 39 13
9 40 19
9 41 15
9 42 27
10 1 22
10 2 17
10 3 28
10 4 34
10 5 38
10 6 19
10 7 18
10 8 14
10 9 6
10 10 -1
10 11 33
10 12 30
10 13 27
10 14 6
10 15 24
10 16 28
10 17 25
10 18 18
10 19 20
10 20 17
10 21 13
10 22 10
10 23 7
10 24 9
10 25 18
10 26 32
10 27 34
10 28 10
10 29 7
10 30 21
10 31 10
10 32 27
10 33 5
10 34 8
10 35 24
10 36 9
10 37 15
10 38 33
10 39 17
10 40 25
10 41 21
10 42 33
11 1 13
11 2 20
11 3 6
11 4 12
11 5 13
11 6 37
11 7 38
11 8 42
11 9 27
11 10 33
11 11 -1
11 12 26
11 13 9
11 14 39
11 15 21
11 16 31
11 17 8
11 18 35
11 19 40
11 20 24
11 21 37
11 22 23
11 23 27
11 24 33
11 25 45
11 26 6
11 27 23
11 28 24
11 29 27
11 30 36
11 31 41
11 32 11
11 33 28
11 34 35
11 35 14
11 36 29
11 37 27
11 38 1
11 39 25
11 40 10
11 41 19
11 42 12
12 1 18
12 2 32
12 3 28
12 4 15
12 5 38
12 6 19
12 7 46
12 8 29
12 9 27
12 10 30
12 11 26
12 12 -1
12 13 30
12 14 35
12 15 7
12 16 6
12 17 25
12 18 18
12 19 22
12 20 35
12 21 42
12 22 25
12 23 29
12 24 22
12 25 31
12 26 20
12 27 6
12 28 23
12 29 24
12 30 46
12 31 31
12 32 15
12 33 26
12 34 26
12 35 32
12 36 34
12 37 37
12 38 27
12 39 36
12 40 29
12 41 34
12 42 36
13 1 12
13 2 12
13 3 2
13 4 19
13 5 11
13 6 36
13 7 29
13 8 38
13 9 21
13 10 27
13 11 9
13 12 30
13 13 -1
13 14 33
13 15 23
13 16 33
13 17 5
13 18 34
13 19 38
13 20 15
13 21 29
13 22 18
13 23 20
13 24 29
13 25 42
13 26 13
13 27 28
13 28 19
13 29 22
13 30 27
13 31 36
13 32 15
13 33 23
13 34 31
13 35 5
13 36 21
13 37 19
13 38 8
13 39 16
13 40 2
13 41 10
13 42 6
14 1 28
14 2 23
14 3 34
14 4 40
14 5 44
14 6 21
14 7 19
14 8 13
14 9 12
14 10 6
14 11 39
14 12 35
14 13 33
14 14 -1
14 15 29
14 16 32
14 17 32
14 18 20
14 19 21
14 20 21
14 21 14
14 22 16
14 23 13
14 24 12
14 25 16
14 26 38
14 27 39
14 28 16
14 29 13
14 30 22
14 31 8
14 32 33
14 33 11
14 34 9
14 35 30
14 36 14
14 37 19
14 38 40
14 39 21
14 40 31
14 41 26
14 42 38
15 1 11
15 2 24
15 3 21
15 4 13
15 5 32
15 6 17
15 7 38
15 8 26
15 9 20
15 10 24
15 11 21
15 12 7
15 13 23
15 14 29
15 15 -1
15 16 10
15 17 18
15 18 16
15 19 21
15 20 27
15 21 35
15 22 17
15 23 22
15 24 18
15 25 28
15 26 15
15 27 10
15 28 16
15 29 18
15 30 39
15 31 27
15 32 9
15 33 20
15 34 21
15 35 25
15 36 26
15 37 29
15 38 21
15 39 29
15 40 22
15 41 26
15 42 29
16 1 21
16 2 33
16 3 32
16 4 21
16 5 43
16 6 13
16 7 45
16 8 24
16 9 26
16 10 28
16 11 31
16 12 6
16 13 33
16 14 32
16 15 10
16 16 -1
16 17 28
16 18 12
16 19 16
16 20 36
16 21 41
16 22 24
16 23 29
16 24 19
16 25 25
16 26 25
16 27 13
16 28 22
16 29 23
16 30 46
16 31 26
16 32 19
16 33 25
16 34 22
16 35 35
16 36 33
16 37 37
16 38 32
16 39 37
16 40 32
16 41 36
16 42 40
17 1 7
17 2 13
17 3 3
17 4 15
17 5 15
17 6 32
17 7 31
17 8 35
17 9 19
17 10 25
17 11 8
17 12 25
17 13 5
17 14 32
17 15 18
17 16 28
17 17 -1
17 18 30
17 19 34
17 20 16
17 21 29
17 22 15
17 23 19
17 24 26
17 25 39
17 26 9
17 27 23
17 28 16
17 29 19
17 30 29
17 31 34
17 32 10
17 33 21
17 34 28
17 35 8
17 36 21
17 37 20
17 38 8
17 39 17
17 40 4
17 41 12
17 42 11
18 1 22
18 2 29
18 3 33
18 4 29
18 5 45
18 6 2
18 7 36
18 8 11
18 9 19
18 10 18
18 11 35
18 12 18
18 13 34
18 14 20
18 15 16
18 16 12
18 17 30
18 18 -1
18 19 5
18 20 31
18 21 31
18 22 19
18 23 22
18 24 8
18 25 13
18 26 30
18 27 24
18 28 17
18 29 16
18 30 38
18 31 14
18 32 24
18 33 17
18 34 10
18 35 33
18 36 26
18 37 31
18 38 36
18 39 32
18 40 32
18 41 32
18 42 40
19 1 27
19 2 33
19 3 38
19 4 34
19 5 50
19 6 3
19 7 38
19 8 9
19 9 22
19 10 20
19 11 40
19 12 22
19 13 38
19 14 21
19 15 21
19 16 16
19 17 34
19 18 5
19 19 -1
19 20 34
19 21 33
19 22 23
19 23 25
19 24 11
19 25 9
19 26 35
19 27 28
19 28 21
19 29 19
19 30 41
19 31 13
19 32 29
19 33 20
19 34 12
19 35 38
19 36 29
19 37 34
19 38 41
19 39 35
19 40 36
19 41 37
19 42 45
20 1 18
20 2 3
20 3 17
20 4 30
20 5 23
20 6 33
20 7 14
20 8 31
20 9 12
20 10 17
20 11 24
20 12 35
20 13 15
20 14 21
20 15 27
20 16 36
20 17 16
20 18 31
20 19 34
20 20 -1
20 21 14
20 22 12
20 23 9
20 24 23
20 25 34
20 26 25
20 27 36
20 28 14
20 29 15
20 30 13
20 31 27
20 32 24
20 33 14
20 34 23
20 35 10
20 36 7
20 37 4
20 38 23
20 39 1
20 40 13
20 41 5
20 42 18
21 1 29
21 2 17
21 3 31
21 4 42
21 5 37
21 6 33
21 7 5
21 8 27
21 9 14
21 10 13
21 11 37
21 12 42
21 13 29
21 14 14
21 15 35
21 16 41
21 17 29
21 18 31
21 19 33
21 20 14
21 21 -1
21 22 17
21 23 12
21 24 23
21 25 30
21 26 37
21 27 45
21 28 19
21 29 17
21 30 8
21 31 22
21 32 34
21 33 15
21 34 21
21 35 24
21 36 8
21 37 10
21 38 37
21 39 13
21 40 27
21 41 19
21 42 32
22 1 12
22 2 10
22 3 18
22 4 25
22 5 29
22 6 21
22 7 21
22 8 21
22 9 4
22 10 10
22 11 23
22 12 25
22 13 18
22 14 16
22 15 17
22 16 24
22 17 15
22 18 19
22 19 23
22 20 12
22 21 17
22 22 -1
22 23 5
22 24 12
22 25 24
22 26 22
22 27 27
22 28 2
22 29 4
22 30 21
22 31 18
22 32 17
22 33 5
22 34 13
22 35 15
22 36 9
22 37 12
22 38 23
22 39 13
22 40 15
22 41 13
22 42 24
23 1 16
23 2 9
23 3 21
23 4 29
23 5 30
23 6 24
23 7 16
23 8 21
23 9 3
23 10 7
23 11 27
23 12 29
23 13 20
23 14 13
23 15 22
23 16 29
23 17 19
23 18 22
23 19 25
23 20 9
23 21 12
23 22 5
23 23 -1
23 24 14
23 25 25
23 26 26
23 27 32
23 28 6
23 29 6
23 30 17
23 31 17
23 32 22
23 33 5
23 34 13
23 35 16
23 36 4
23 37 9
23 38 27
23 39 10
23 40 18
23 41 13
23 42 25
24 1 20
24 2 22
24 3 29
24 4 30
24 5 41
24 6 10
24 7 28
24 8 9
24 9 11
24 10 9
24 11 33
24 12 22
24 13 29
24 14 12
24 15 18
24 16 19
24 17 26
24 18 8
24 19 11
24 20 23
24 21 23
24 22 12
24 23 14
24 24 -1
24 25 12
24 26 29
24 27 27
24 28 10
24 29 8
24 30 30
24 31 9
24 32 23
24 33 9
24 34 3
24 35 28
24 36 18
24 37 23
24 38 33
24 39 24
24 40 27
24 41 26
24 42 36
25 1 32
25 2 34
25 3 42
25 4 41
25 5 53
25 6 12
25 7 35
25 8 3
25 9 22
25 10 18
25 11 45
25 12 31
25 13 42
25 14 16
25 15 28
25 16 25
25 17 39
25 18 13
25 19 9
25 20 34
25 21 30
25 22 24
25 23 25
25 24 12
25 25 -1
25 26 42
25 27 37
25 28 23
25 29 20
25 30 38
25 31 8
25 32 35
25 33 20
25 34 11
25 35 40
25 36 27
25 37 33
25 38 46
25 39 35
25 40 40
25 41 38
25 42 48
26 1 10
26 2 21
26 3 10
26 4 6
26 5 19
26 6 32
26 7 39
26 8 39
26 9 26
26 10 32
26 11 6
26 12 20
26 13 13
26 14 38
26 15 15
26 16 25
26 17 9
26 18 30
26 19 35
26 20 25
26 21 37
26 22 22
26 23 26
26 24 29
26 25 42
26 26 -1
26 27 17
26 28 22
26 29 25
26 30 38
26 31 38
26 32 6
26 33 27
26 34 32
26 35 17
26 36 29
26 37 29
26 38 7
26 39 26
26 40 13
26 41 22
26 42 17
27 1 18
27 2 33
27 3 26
27 4 11
27 5 36
27 6 25
27 7 48
27 8 35
27 9 30
27 10 34
27 11 23
27 12 6
27 13 28
27 14 39
27 15 10
27 16 13
27 17 23
27 18 24
27 19 28
27 20 36
27 21 45
27 22 27
27 23 32
27 24 27
27 25 37
27 26 17
27 27 -1
27 28 26
27 29 28
27 30 48
27 31 36
27 32 13
27 33 30
27 34 31
27 35 31
27 36 36
27 37 39
27 38 24
27 39 38
27 40 28
27 41 34
27 42 34
28 1 12
28 2 12
28 3 19
28 4 24
28 5 30
28 6 19
28 7 22
28 8 19
28 9 4
28 10 10
28 11 24
28 12 23
28 13 19
28 14 16
28 15 16
28 16 22
28 17 16
28 18 17
28 19 21
28 20 14
28 21 19
28 22 2
28 23 6
28 24 10
28 25 23
28 26 22
28 27 26
28 28 -1
28 29 3
28 30 23
28 31 17
28 32 17
28 33 5
28 34 12
28 35 17
28 36 10
28 37 14
28 38 24
28 39 15
28 40 17
28 41 15
28 42 25
29 1 15
29 2 14
29 3 22
29 4 27
29 5 33
29 6 18
29 7 21
29 8 17
29 9 3
29 10 7
29 11 27
29 12 24
29 13 22
29 14 13
29 15 18
29 16 23
29 17 19
29 18 16
29 19 19
29 20 15
29 21 17
29 22 4
29 23 6
29 24 8
29 25 20
29 26 25
29 27 28
29 28 3
29 29 -1
29 30 23
29 31 14
29 32 20
29 33 2
29 34 9
29 35 19
29 36 10
29 37 15
29 38 27
29 39 16
29 40 20
29 41 17
29 42 28
30 1 31
30 2 16
30 3 30
30 4 43
30 5 34
30 6 40
30 7 4
30 8 35
30 9 20
30 10 21
30 11 36
30 12 46
30 13 27
30 14 22
30 15 39
30 16 46
30 17 29
30 18 38
30 19 41
30 20 13
30 21 8
30 22 21
30 23 17
30 24 30
30 25 38
30 26 38
30 27 48
30 28 23
30 29 23
30 30 -1
30 31 30
30 32 36
30 33 21
30 34 29
30 35 22
30 36 13
30 37 9
30 38 36
30 39 11
30 40 26
30 41 17
30 42 29
31 1 28
31 2 27
31 3 37
31 4 39
31 5 47
31 6 14
31 7 27
31 8 5
31 9 15
31 10 10
31 11 41
31 12 31
31 13 36
31 14 8
31 15 27
31 16 26
31 17 34
31 18 14
31 19 13
31 20 27
31 21 22
31 22 18
31 23 17
31 24 9
31 25 8
31 26 38
31 27 36
31 28 17
31 29 14
31 30 30
31 31 -1
31 32 32
31 33 13
31 34 6
31 35 33
31 36 20
31 37 25
31 38 41
31 39 27
31 40 34
31 41 31
31 42 42
32 1 5
32 2 20
32 3 13
32 4 7
32 5 23
32 6 26
32 7 37
32 8 32
32 9 21
32 10 27
32 11 11
32 12 15
32 13 15
32 14 33
32 15 9
32 16 19
32 17 10
32 18 24
32 19 29
32 20 24
32 21 34
32 22 17
32 23 22
32 24 23
32 25 35
32 26 6
32 27 13
32 28 17
32 29 20
32 30 36
32 31 32
32 32 -1
32 33 22
32 34 26
32 35 18
32 36 25
32 37 27
32 38 12
32 39 25
32 40 14
32 41 21
32 42 21
33 1 17
33 2 14
33 3 24
33 4 29
33 5 34
33 6 19
33 7 20
33 8 16
33 9 2
33 10 5
33 11 28
33 12 26
33 13 23
33 14 11
33 15 20
33 16 25
33 17 21
33 18 17
33 19 20
33 20 14
33 21 15
33 22 5
33 23 5
33 24 9
33 25 20
33 26 27
33 27 30
33 28 5
33 29 2
33 30 21
33 31 13
33 32 22
33 33 -1
33 34 8
33 35 20
33 36 9
33 37 14
33 38 29
33 39 15
33 40 21
33 41 18
33 42 29
34 1 22
34 2 23
34 3 31
34 4 33
34 5 42
34 6 12
34 7 26
34 8 7
34 9 11
34 10 8
34 11 35
34 12 26
34 13 31
34 14 9
34 15 21
34 16 22
34 17 28
34 18 10
34 19 12
34 20 23
34 21 21
34 22 13
34 23 13
34 24 3
34 25 11
34 26 32
34 27 31
34 28 12
34 29 9
34 30 29
34 31 6
34 32 26
34 33 8
34 34 -1
34 35 29
34 36 17
34 37 22
34 38 35
34 39 24
34 40 29
34 41 26
34 42 37
35 1 14
35 2 7
35 3 8
35 4 23
35 5 14
35 6 35
35 7 24
35 8 36
35 9 18
35 10 24
35 11 14
35 12 32
35 13 5
35 14 30
35 15 25
35 16 35
35 17 8
35 18 33
35 19 38
35 20 10
35 21 24
35 22 15
35 23 16
35 24 28
35 25 40
35 26 17
35 27 31
35 28 17
35 29 19
35 30 22
35 31 33
35 32 18
35 33 20
35 34 29
35 35 -1
35 36 16
35 37 14
35 38 14
35 39 11
35 40 4
35 41 5
35 42 8
36 1 20
36 2 9
36 3 23
36 4 33
36 5 31
36 6 28
36 7 12
36 8 24
36 9 7
36 10 9
36 11 29
36 12 34
36 13 21
36 14 14
36 15 26
36 16 33
36 17 21
36 18 26
36 19 29
36 20 7
36 21 8
36 22 9
36 23 4
36 24 18
36 25 27
36 26 29
36 27 36
36 28 10
36 29 10
36 30 13
36 31 20
36 32 25
36 33 9
36 34 17
36 35 16
36 36 -1
36 37 5
36 38 29
36 39 7
36 40 19
36 41 12
36 42 25
37 1 21
37 2 7
37 3 21
37 4 33
37 5 27
37 6 33
37 7 10
37 8 29
37 9 12
37 10 15
37 11 27
37 12 37
37 13 19
37 14 19
37 15 29
37 16 37
37 17 20
37 18 31
37 19 34
37 20 4
37 21 10
37 22 12
37 23 9
37 24 23
37 25 33
37 26 29
37 27 39
37 28 14
37 29 15
37 30 9
37 31 25
37 32 27
37 33 14
37 34 22
37 35 14
37 36 5
37 37 -1
37 38 27
37 39 3
37 40 17
37 41 9
37 42 22
38 1 13
38 2 20
38 3 6
38 4 13
38 5 12
38 6 38
38 7 38
38 8 43
38 9 27
38 10 33
38 11 1
38 12 27
38 13 8
38 14 40
38 15 21
38 16 32
38 17 8
38 18 36
38 19 41
38 20 23
38 21 37
38 22 23
38 23 27
38 24 33
38 25 46
38 26 7
38 27 24
38 28 24
38 29 27
38 30 36
38 31 41
38 32 12
38 33 29
38 34 35
38 35 14
38 36 29
38 37 27
38 38 -1
38 39 25
38 40 10
38 41 19
38 42 11
39 1 19
39 2 5
39 3 18
39 4 32
39 5 24
39 6 34
39 7 13
39 8 31
39 9 13
39 10 17
39 11 25
39 12 36
39 13 16
39 14 21
39 15 29
39 16 37
39 17 17
39 18 32
39 19 35
39 20 1
39 21 13
39 22 13
39 23 10
39 24 24
39 25 35
39 26 26
39 27 38
39 28 15
39 29 16
39 30 11
39 31 27
39 32 25
39 33 15
39 34 24
39 35 11
39 36 7
39 37 3
39 38 25
39 39 -1
39 40 14
39 41 6
39 42 19
40 1 11
40 2 10
40 3 4
40 4 19
40 5 13
40 6 34
40 7 27
40 8 36
40 9 19
40 10 25
40 11 10
40 12 29
40 13 2
40 14 31
40 15 22
40 16 32
40 17 4
40 18 32
40 19 36
40 20 13
40 21 27
40 22 15
40 23 18
40 24 27
40 25 40
40 26 13
40 27 28
40 28 17
40 29 20
40 30 26
40 31 34
40 32 14
40 33 21
40 34 29
40 35 4
40 36 19
40 37 17
40 38 10
40 39 14
40 40 -1
40 41 8
40 42 8
41 1 16
41 2 3
41 3 13
41 4 27
41 5 18
41 6 35
41 7 19
41 8 34
41 9 15
41 10 21
41 11 19
41 12 34
41 13 10
41 14 26
41 15 26
41 16 36
41 17 12
41 18 32
41 19 37
41 20 5
41 21 19
41 22 13
41 23 13
41 24 26
41 25 38
41 26 22
41 27 34
41 28 15
41 29 17
41 30 17
41 31 31
41 32 21
41 33 18
41 34 26
41 35 5
41 36 12
41 37 9
41 38 19
41 39 6
41 40 8
41 41 -1
41 42 13
42 1 18
42 2 16
42 3 8
42 4 23
42 5 5
42 6 43
42 7 32
42 8 45
42 9 27
42 10 33
42 11 12
42 12 36
42 13 6
42 14 38
42 15 29
42 16 40
42 17 11
42 18 40
42 19 45
42 20 18
42 21 32
42 22 24
42 23 25
42 24 36
42 25 48
42 26 17
42 27 34
42 28 25
42 29 28
42 30 29
42 31 42
42 32 21
42 33 29
42 34 37
42 35 8
42 36 25
42 37 22
42 38 11
42 39 19
42 40 8
42 41 13
42 42 -1
