1 1 22
1 2 94
1 3 5
1 4 72
1 5 12
1 6 69
1 7 57
1 8 45
1 9 66
1 10 88
2 1 48
2 2 19
2 3 66
2 4 7
2 5 25
2 6 66
2 7 17
2 8 88
2 9 100
2 10 37
3 1 83
3 2 86
3 3 71
3 4 79
3 5 52
3 6 86
3 7 66
3 8 73
3 9 93
3 10 82
4 1 80
4 2 23
4 3 29
4 4 94
4 5 17
4 6 21
4 7 67
4 8 45
4 9 69
4 10 3
5 1 32
5 2 68
5 3 22
5 4 24
5 5 30
5 6 12
5 7 86
5 8 41
5 9 99
5 10 77
6 1 58
6 2 13
6 3 67
6 4 21
6 5 60
6 6 94
6 7 25
6 8 61
6 9 40
6 10 21
7 1 41
7 2 4
7 3 94
7 4 80
7 5 34
7 6 17
7 7 31
7 8 65
7 9 45
7 10 75
8 1 63
8 2 34
8 3 86
8 4 70
8 5 52
8 6 65
8 7 74
8 8 95
8 9 3
8 10 85
9 1 45
9 2 77
9 3 92
9 4 9
9 5 5
9 6 16
9 7 63
9 8 77
9 9 60
9 10 54
10 1 32
10 2 17
10 3 92
10 4 48
10 5 42
10 6 51
10 7 50
10 8 51
10 9 79
10 10 26
