1 1 -1
1 2 15
1 3 20
1 4 12
1 5 6
1 6 17
1 7 15
1 8 10
1 9 10
1 10 1
1 11 7
1 12 8
1 13 2
1 14 8
1 15 16
1 16 16
1 17 6
1 18 13
1 19 10
2 1 15
2 2 -1
2 3 7
2 4 9
2 5 15
2 6 11
2 7 7
2 8 14
2 9 7
2 10 14
2 11 10
2 12 9
2 13 13
2 14 16
2 15 6
2 16 2
2 17 18
2 18 3
2 19 6
3 1 20
3 2 7
3 3 -1
3 4 16
3 5 17
3 6 18
3 7 5
3 8 15
3 9 10
3 10 19
3 11 12
3 12 15
3 13 17
3 14 22
3 15 13
3 16 9
3 17 24
3 18 8
3 19 9
4 1 12
4 2 9
4 3 16
4 4 -1
4 5 15
4 6 4
4 7 15
4 8 17
4 9 10
4 10 11
4 11 12
4 12 5
4 13 11
4 14 8
4 15 5
4 16 8
4 17 12
4 18 9
4 19 10
5 1 6
5 2 15
5 3 17
5 4 15
5 5 -1
5 6 20
5 7 12
5 8 4
5 9 8
5 10 6
5 11 5
5 12 10
5 13 5
5 14 13
5 15 17
5 16 16
5 17 12
5 18 12
5 19 9
6 1 17
6 2 11
6 3 18
6 4 4
6 5 20
6 6 -1
6 7 17
6 8 21
6 9 14
6 10 16
6 11 16
6 12 9
6 13 15
6 14 12
6 15 5
6 16 9
6 17 16
6 18 11
6 19 13
7 1 15
7 2 7
7 3 5
7 4 15
7 5 12
7 6 17
7 7 -1
7 8 10
7 9 5
7 10 14
7 11 7
7 12 12
7 13 13
7 14 19
7 15 13
7 16 9
7 17 20
7 18 6
7 19 5
8 1 10
8 2 14
8 3 15
8 4 17
8 5 4
8 6 21
8 7 10
8 8 -1
8 9 8
8 10 10
8 11 5
8 12 13
8 13 9
8 14 17
8 15 18
8 16 16
8 17 16
8 18 12
8 19 8
9 1 10
9 2 7
9 3 10
9 4 10
9 5 8
9 6 14
9 7 5
9 8 8
9 9 -1
9 10 9
9 11 3
9 12 7
9 13 7
9 14 13
9 15 10
9 16 8
9 17 14
9 18 4
9 19 1
10 1 1
10 2 14
10 3 19
10 4 11
10 5 6
10 6 16
10 7 14
10 8 10
10 9 9
10 10 -1
10 11 7
10 12 7
10 13 1
10 14 7
10 15 15
10 16 15
10 17 6
10 18 12
10 19 10
11 1 7
11 2 10
11 3 12
11 4 12
11 5 5
11 6 16
11 7 7
11 8 5
11 9 3
11 10 7
11 11 -1
11 12 7
11 13 5
11 14 13
11 15 13
11 16 11
11 17 13
11 18 7
11 19 4
12 1 8
12 2 9
12 3 15
12 4 5
12 5 10
12 6 9
12 7 12
12 8 13
12 9 7
12 10 7
12 11 7
12 12 -1
12 13 6
12 14 7
12 15 8
12 16 8
12 17 9
12 18 7
12 19 7
13 1 2
13 2 13
13 3 17
13 4 11
13 5 5
13 6 15
13 7 13
13 8 9
13 9 7
13 10 1
13 11 5
13 12 6
13 13 -1
13 14 8
13 15 14
13 16 14
13 17 7
13 18 10
13 19 8
14 1 8
14 2 16
14 3 22
14 4 8
14 5 13
14 6 12
14 7 19
14 8 17
14 9 13
14 10 7
14 11 13
14 12 7
14 13 8
14 14 -1
14 15 13
14 16 15
14 17 4
14 18 14
14 19 13
15 1 16
15 2 6
15 3 13
15 4 5
15 5 17
15 6 5
15 7 13
15 8 18
15 9 10
15 10 15
15 11 13
15 12 8
15 13 14
15 14 13
15 15 -1
15 16 4
15 17 16
15 18 7
15 19 9
16 1 16
16 2 2
16 3 9
16 4 8
16 5 16
16 6 9
16 7 9
16 8 16
16 9 8
16 10 15
16 11 11
16 12 8
16 13 14
16 14 15
16 15 4
16 16 -1
16 17 18
16 18 4
16 19 7
17 1 6
17 2 18
17 3 24
17 4 12
17 5 12
17 6 16
17 7 20
17 8 16
17 9 14
17 10 6
17 11 13
17 12 9
17 13 7
17 14 4
17 15 16
17 16 18
17 17 -1
17 18 16
17 19 15
18 1 13
18 2 3
18 3 8
18 4 9
18 5 12
18 6 11
18 7 6
18 8 12
18 9 4
18 10 12
18 11 7
18 12 7
18 13 10
18 14 14
18 15 7
18 16 4
18 17 16
18 18 -1
18 19 3
19 1 10
19 2 6
19 3 9
19 4 10
19 5 9
19 6 13
19 7 5
19 8 8
19 9 1
19 10 10
19 11 4
19 12 7
19 13 8
19 14 13
19 15 9
19 16 7
19 17 15
19 18 3
19 19 -1
