1 1 -1
1 2 14
1 3 13
1 4 20
1 5 22
1 6 12
1 7 22
1 8 18
1 9 11
1 10 17
1 11 28
1 12 16
1 13 27
1 14 22
1 15 12
1 16 18
1 17 16
1 18 9
1 19 32
1 20 8
1 21 17
1 22 9
1 23 9
1 24 28
1 25 10
1 26 34
1 27 15
1 28 17
1 29 21
1 30 20
1 31 26
1 32 31
1 33 32
1 34 14
1 35 2
1 36 7
1 37 23
1 38 30
1 39 5
1 40 9
2 1 14
2 2 -1
2 3 27
2 4 26
2 5 35
2 6 9
2 7 28
2 8 20
2 9 5
2 10 31
2 11 23
2 12 30
2 13 38
2 14 18
2 15 21
2 16 33
2 17 28
2 18 22
2 19 41
2 20 14
2 21 16
2 22 12
2 23 16
2 24 21
2 25 5
2 26 42
2 27 29
2 28 3
2 29 35
2 30 29
2 31 17
2 32 24
2 33 37
2 34 25
2 35 14
2 36 20
2 37 35
2 38 39
2 39 16
2 40 15
3 1 13
3 2 27
3 3 -1
3 4 23
3 5 14
3 6 25
3 7 25
3 8 25
3 9 24
3 10 6
3 11 38
3 12 3
3 13 22
3 14 33
3 15 16
3 16 5
3 17 13
3 18 6
3 19 30
3 20 17
3 21 27
3 22 20
3 23 15
3 24 40
3 25 23
3 26 32
3 27 2
3 28 31
3 29 9
3 30 20
3 31 38
3 32 43
3 33 35
3 34 15
3 35 14
3 36 11
3 37 16
3 38 27
3 39 13
3 40 18
4 1 20
4 2 26
4 3 23
4 4 -1
4 5 17
4 6 17
4 7 2
4 8 7
4 9 27
4 10 20
4 11 19
4 12 27
4 13 15
4 14 16
4 15 8
4 16 27
4 17 12
4 18 25
4 19 15
4 20 13
4 21 12
4 22 14
4 23 29
4 24 23
4 25 26
4 26 16
4 27 22
4 28 27
4 29 22
4 30 5
4 31 24
4 32 25
4 33 12
4 34 8
4 35 18
4 36 14
4 37 16
4 38 14
4 39 25
4 40 12
5 1 22
5 2 35
5 3 14
5 4 17
5 5 -1
5 6 29
5 7 18
5 8 23
5 9 33
5 10 8
5 11 36
5 12 16
5 13 9
5 14 32
5 15 15
5 16 14
5 17 7
5 18 19
5 19 17
5 20 21
5 21 27
5 22 24
5 23 28
5 24 40
5 25 32
5 26 19
5 27 11
5 28 38
5 29 7
5 30 12
5 31 39
5 32 42
5 33 25
5 34 11
5 35 21
5 36 15
5 37 2
5 38 14
5 39 24
5 40 21
6 1 12
6 2 9
6 3 25
6 4 17
6 5 29
6 6 -1
6 7 19
6 8 11
6 9 12
6 10 26
6 11 16
6 12 28
6 13 30
6 14 11
6 15 14
6 16 30
6 17 22
6 18 21
6 19 32
6 20 8
6 21 7
6 22 5
6 23 19
6 24 16
6 25 11
6 26 33
6 27 25
6 28 10
6 29 30
6 30 20
6 31 13
6 32 19
6 33 28
6 34 18
6 35 11
6 36 14
6 37 29
6 38 31
6 39 17
6 40 8
7 1 22
7 2 28
7 3 25
7 4 2
7 5 18
7 6 19
7 7 -1
7 8 8
7 9 29
7 10 21
7 11 19
7 12 28
7 13 14
7 14 17
7 15 10
7 16 28
7 17 13
7 18 27
7 19 13
7 20 15
7 21 13
7 22 16
7 23 31
7 24 24
7 25 28
7 26 14
7 27 24
7 28 29
7 29 23
7 30 6
7 31 25
7 32 25
7 33 10
7 34 10
7 35 20
7 36 16
7 37 17
7 38 13
7 39 27
7 40 14
8 1 18
8 2 20
8 3 25
8 4 7
8 5 23
8 6 11
8 7 8
8 8 -1
8 9 22
8 10 24
8 11 13
8 12 29
8 13 22
8 14 9
8 15 9
8 16 30
8 17 16
8 18 25
8 19 22
8 20 10
8 21 5
8 22 9
8 23 27
8 24 17
8 25 21
8 26 22
8 27 25
8 28 21
8 29 27
8 30 12
8 31 17
8 32 19
8 33 17
8 34 12
8 35 16
8 36 14
8 37 22
8 38 21
8 39 23
8 40 9
9 1 11
9 2 5
9 3 24
9 4 27
9 5 33
9 6 12
9 7 29
9 8 22
9 9 -1
9 10 28
9 11 28
9 12 26
9 13 38
9 14 23
9 15 21
9 16 29
9 17 27
9 18 18
9 19 41
9 20 14
9 21 19
9 22 13
9 23 11
9 24 26
9 25 1
9 26 43
9 27 26
9 28 9
9 29 32
9 30 29
9 31 22
9 32 29
9 33 39
9 34 24
9 35 11
9 36 18
9 37 34
9 38 40
9 39 11
9 40 15
10 1 17
10 2 31
10 3 6
10 4 20
10 5 8
10 6 26
10 7 21
10 8 24
10 9 28
10 10 -1
10 11 37
10 12 8
10 13 16
10 14 32
10 15 14
10 16 7
10 17 8
10 18 12
10 19 24
10 20 18
10 21 27
10 22 21
10 23 21
10 24 40
10 25 27
10 26 26
10 27 3
10 28 34
10 29 4
10 30 15
10 31 38
10 32 42
10 33 30
10 34 12
10 35 17
10 36 11
10 37 9
10 38 21
10 39 18
10 40 18
11 1 28
11 2 23
11 3 38
11 4 19
11 5 36
11 6 16
11 7 19
11 8 13
11 9 28
11 10 37
11 11 -1
11 12 42
11 13 34
11 14 5
11 15 22
11 16 43
11 17 30
11 18 36
11 19 32
11 20 21
11 21 10
11 22 18
11 23 36
11 24 5
11 25 27
11 26 32
11 27 38
11 28 21
11 29 40
11 30 25
11 31 8
11 32 6
11 33 22
11 34 25
11 35 26
11 36 27
11 37 35
11 38 32
11 39 32
11 40 20
12 1 16
12 2 30
12 3 3
12 4 27
12 5 16
12 6 28
12 7 28
12 8 29
12 9 26
12 10 8
12 11 42
12 12 -1
12 13 25
12 14 36
12 15 20
12 16 3
12 17 16
12 18 8
12 19 32
12 20 21
12 21 31
12 22 24
12 23 17
12 24 43
12 25 25
12 26 34
12 27 5
12 28 34
12 29 10
12 30 23
12 31 41
12 32 46
12 33 38
12 34 18
12 35 17
12 36 15
12 37 18
12 38 29
12 39 15
12 40 21
13 1 27
13 2 38
13 3 22
13 4 15
13 5 9
13 6 30
13 7 14
13 8 22
13 9 38
13 10 16
13 11 34
13 12 25
13 13 -1
13 14 31
13 15 17
13 16 23
13 17 11
13 18 27
13 19 8
13 20 23
13 21 27
13 22 26
13 23 35
13 24 38
13 25 36
13 26 10
13 27 20
13 28 40
13 29 16
13 30 10
13 31 39
13 32 40
13 33 17
13 34 13
13 35 26
13 36 20
13 37 7
13 38 5
13 39 31
13 40 23
14 1 22
14 2 18
14 3 33
14 4 16
14 5 32
14 6 11
14 7 17
14 8 9
14 9 23
14 10 32
14 11 5
14 12 36
14 13 31
14 14 -1
14 15 18
14 16 38
14 17 25
14 18 31
14 19 30
14 20 15
14 21 5
14 22 13
14 23 30
14 24 7
14 25 22
14 26 30
14 27 33
14 28 17
14 29 36
14 30 21
14 31 8
14 32 10
14 33 22
14 34 21
14 35 21
14 36 21
14 37 31
14 38 30
14 39 27
14 40 15
15 1 12
15 2 21
15 3 16
15 4 8
15 5 15
15 6 14
15 7 10
15 8 9
15 9 21
15 10 14
15 11 22
15 12 20
15 13 17
15 14 18
15 15 -1
15 16 20
15 17 8
15 18 17
15 19 20
15 20 6
15 21 12
15 22 9
15 23 21
15 24 25
15 25 20
15 26 21
15 27 15
15 28 23
15 29 18
15 30 7
15 31 24
15 32 28
15 33 20
15 34 4
15 35 10
15 36 6
15 37 15
15 38 18
15 39 17
15 40 6
16 1 18
16 2 33
16 3 5
16 4 27
16 5 14
16 6 30
16 7 28
16 8 30
16 9 29
16 10 7
16 11 43
16 12 3
16 13 23
16 14 38
16 15 20
16 16 -1
16 17 15
16 18 11
16 19 31
16 20 22
16 21 32
16 22 25
16 23 20
16 24 45
16 25 28
16 26 33
16 27 5
16 28 36
16 29 7
16 30 22
16 31 43
16 32 48
16 33 37
16 34 18
16 35 19
16 36 16
16 37 16
16 38 28
16 39 18
16 40 23
17 1 16
17 2 28
17 3 13
17 4 12
17 5 7
17 6 22
17 7 13
17 8 16
17 9 27
17 10 8
17 11 30
17 12 16
17 13 11
17 14 25
17 15 8
17 16 15
17 17 -1
17 18 16
17 19 17
17 20 14
17 21 20
17 22 17
17 23 24
17 24 33
17 25 26
17 26 19
17 27 11
17 28 31
17 29 10
17 30 7
17 31 32
17 32 35
17 33 22
17 34 4
17 35 15
17 36 8
17 37 7
17 38 14
17 39 19
17 40 14
18 1 9
18 2 22
18 3 6
18 4 25
18 5 19
18 6 21
18 7 27
18 8 25
18 9 18
18 10 12
18 11 36
18 12 8
18 13 27
18 14 31
18 15 17
18 16 11
18 17 16
18 18 -1
18 19 34
18 20 15
18 21 25
18 22 18
18 23 9
18 24 37
18 25 17
18 26 35
18 27 8
18 28 26
18 29 15
18 30 22
18 31 35
18 32 40
18 33 37
18 34 17
18 35 10
18 36 11
18 37 21
18 38 31
18 39 7
18 40 16
19 1 32
19 2 41
19 3 30
19 4 15
19 5 17
19 6 32
19 7 13
19 8 22
19 9 41
19 10 24
19 11 32
19 12 32
19 13 8
19 14 30
19 15 20
19 16 31
19 17 17
19 18 34
19 19 -1
19 20 27
19 21 27
19 22 28
19 23 41
19 24 37
19 25 40
19 26 2
19 27 27
19 28 42
19 29 24
19 30 12
19 31 38
19 32 38
19 33 11
19 34 17
19 35 31
19 36 25
19 37 15
19 38 3
19 39 36
19 40 26
20 1 8
20 2 14
20 3 17
20 4 13
20 5 21
20 6 8
20 7 15
20 8 10
20 9 14
20 10 18
20 11 21
20 12 21
20 13 23
20 14 15
20 15 6
20 16 22
20 17 14
20 18 15
20 19 27
20 20 -1
20 21 10
20 22 3
20 23 17
20 24 22
20 25 13
20 26 28
20 27 18
20 28 17
20 29 22
20 30 14
20 31 20
20 32 25
20 33 25
20 34 10
20 35 6
20 36 6
20 37 21
20 38 25
20 39 13
20 40 1
21 1 17
21 2 16
21 3 27
21 4 12
21 5 27
21 6 7
21 7 13
21 8 5
21 9 19
21 10 27
21 11 10
21 12 31
21 13 27
21 14 5
21 15 12
21 16 32
21 17 20
21 18 25
21 19 27
21 20 10
21 21 -1
21 22 8
21 23 26
21 24 13
21 25 18
21 26 27
21 27 27
21 28 16
21 29 30
21 30 17
21 31 12
21 32 15
21 33 21
21 34 16
21 35 15
21 36 16
21 37 26
21 38 26
21 39 22
21 40 9
22 1 9
22 2 12
22 3 20
22 4 14
22 5 24
22 6 5
22 7 16
22 8 9
22 9 13
22 10 21
22 11 18
22 12 24
22 13 26
22 14 13
22 15 9
22 16 25
22 17 17
22 18 18
22 19 28
22 20 3
22 21 8
22 22 -1
22 23 18
22 24 19
22 25 12
22 26 30
22 27 21
22 28 14
22 29 25
22 30 16
22 31 17
22 32 22
22 33 26
22 34 13
22 35 7
22 36 9
22 37 24
22 38 27
22 39 14
22 40 3
23 1 9
23 2 16
23 3 15
23 4 29
23 5 28
23 6 19
23 7 31
23 8 27
23 9 11
23 10 21
23 11 36
23 12 17
23 13 35
23 14 30
23 15 21
23 16 20
23 17 24
23 18 9
23 19 41
23 20 17
23 21 26
23 22 18
23 23 -1
23 24 35
23 25 11
23 26 42
23 27 18
23 28 20
23 29 25
23 30 28
23 31 32
23 32 39
23 33 42
23 34 23
23 35 11
23 36 16
23 37 29
23 38 38
23 39 4
23 40 18
24 1 28
24 2 21
24 3 40
24 4 23
24 5 40
24 6 16
24 7 24
24 8 17
24 9 26
24 10 40
24 11 5
24 12 43
24 13 38
24 14 7
24 15 25
24 16 45
24 17 33
24 18 37
24 19 37
24 20 22
24 21 13
24 22 19
24 23 35
24 24 -1
24 25 25
24 26 37
24 27 40
24 28 19
24 29 43
24 30 29
24 31 4
24 32 3
24 33 27
24 34 29
24 35 27
24 36 29
24 37 39
24 38 37
24 39 33
24 40 21
25 1 10
25 2 5
25 3 23
25 4 26
25 5 32
25 6 11
25 7 28
25 8 21
25 9 1
25 10 27
25 11 27
25 12 25
25 13 36
25 14 22
25 15 20
25 16 28
25 17 26
25 18 17
25 19 40
25 20 13
25 21 18
25 22 12
25 23 11
25 24 25
25 25 -1
25 26 41
25 27 25
25 28 9
25 29 31
25 30 27
25 31 22
25 32 28
25 33 38
25 34 23
25 35 10
25 36 17
25 37 32
25 38 38
25 39 10
25 40 14
26 1 34
26 2 42
26 3 32
26 4 16
26 5 19
26 6 33
26 7 14
26 8 22
26 9 43
26 10 26
26 11 32
26 12 34
26 13 10
26 14 30
26 15 21
26 16 33
26 17 19
26 18 35
26 19 2
26 20 28
26 21 27
26 22 30
26 23 42
26 24 37
26 25 41
26 26 -1
26 27 29
26 28 43
26 29 26
26 30 14
26 31 38
26 32 38
26 33 10
26 34 19
26 35 32
26 36 26
26 37 17
26 38 5
26 39 38
26 40 27
27 1 15
27 2 29
27 3 2
27 4 22
27 5 11
27 6 25
27 7 24
27 8 25
27 9 26
27 10 3
27 11 38
27 12 5
27 13 20
27 14 33
27 15 15
27 16 5
27 17 11
27 18 8
27 19 27
27 20 18
27 21 27
27 22 21
27 23 18
27 24 40
27 25 25
27 26 29
27 27 -1
27 28 32
27 29 6
27 30 18
27 31 38
27 32 43
27 33 33
27 34 13
27 35 15
27 36 11
27 37 13
27 38 24
27 39 15
27 40 18
28 1 17
28 2 3
28 3 31
28 4 27
28 5 38
28 6 10
28 7 29
28 8 21
28 9 9
28 10 34
28 11 21
28 12 34
28 13 40
28 14 17
28 15 23
28 16 36
28 17 31
28 18 26
28 19 42
28 20 17
28 21 16
28 22 14
28 23 20
28 24 19
28 25 9
28 26 43
28 27 32
28 28 -1
28 29 38
28 30 31
28 31 15
28 32 22
28 33 38
28 34 27
28 35 17
28 36 23
28 37 38
28 38 41
28 39 19
28 40 17
29 1 21
29 2 35
29 3 9
29 4 22
29 5 7
29 6 30
29 7 23
29 8 27
29 9 32
29 10 4
29 11 40
29 12 10
29 13 16
29 14 36
29 15 18
29 16 7
29 17 10
29 18 15
29 19 24
29 20 22
29 21 30
29 22 25
29 23 25
29 24 43
29 25 31
29 26 26
29 27 6
29 28 38
29 29 -1
29 30 17
29 31 42
29 32 46
29 33 31
29 34 14
29 35 21
29 36 15
29 37 9
29 38 21
29 39 21
29 40 22
30 1 20
30 2 29
30 3 20
30 4 5
30 5 12
30 6 20
30 7 6
30 8 12
30 9 29
30 10 15
30 11 25
30 12 23
30 13 10
30 14 21
30 15 7
30 16 22
30 17 7
30 18 22
30 19 12
30 20 14
30 21 17
30 22 16
30 23 28
30 24 29
30 25 27
30 26 14
30 27 18
30 28 31
30 29 17
30 30 -1
30 31 29
30 32 31
30 33 15
30 34 5
30 35 18
30 36 12
30 37 10
30 38 10
30 39 24
30 40 13
31 1 26
31 2 17
31 3 38
31 4 24
31 5 39
31 6 13
31 7 25
31 8 17
31 9 22
31 10 38
31 11 8
31 12 41
31 13 39
31 14 8
31 15 24
31 16 43
31 17 32
31 18 35
31 19 38
31 20 20
31 21 12
31 22 17
31 23 32
31 24 4
31 25 22
31 26 38
31 27 38
31 28 15
31 29 42
31 30 29
31 31 -1
31 32 7
31 33 30
31 34 28
31 35 24
31 36 27
31 37 39
31 38 38
31 39 30
31 40 20
32 1 31
32 2 24
32 3 43
32 4 25
32 5 42
32 6 19
32 7 25
32 8 19
32 9 29
32 10 42
32 11 6
32 12 46
32 13 40
32 14 10
32 15 28
32 16 48
32 17 35
32 18 40
32 19 38
32 20 25
32 21 15
32 22 22
32 23 39
32 24 3
32 25 28
32 26 38
32 27 43
32 28 22
32 29 46
32 30 31
32 31 7
32 32 -1
32 33 28
32 34 31
32 35 30
32 36 31
32 37 41
32 38 38
32 39 36
32 40 24
33 1 32
33 2 37
33 3 35
33 4 12
33 5 25
33 6 28
33 7 10
33 8 17
33 9 39
33 10 30
33 11 22
33 12 38
33 13 17
33 14 22
33 15 20
33 16 37
33 17 22
33 18 37
33 19 11
33 20 25
33 21 21
33 22 26
33 23 42
33 24 27
33 25 38
33 26 10
33 27 33
33 28 38
33 29 31
33 30 15
33 31 30
33 32 28
33 33 -1
33 34 20
33 35 31
33 36 26
33 37 23
33 38 13
33 39 37
33 40 24
34 1 14
34 2 25
34 3 15
34 4 8
34 5 11
34 6 18
34 7 10
34 8 12
34 9 24
34 10 12
34 11 25
34 12 18
34 13 13
34 14 21
34 15 4
34 16 18
34 17 4
34 18 17
34 19 17
34 20 10
34 21 16
34 22 13
34 23 23
34 24 29
34 25 23
34 26 19
34 27 13
34 28 27
34 29 14
34 30 5
34 31 28
34 32 31
34 33 20
34 34 -1
34 35 13
34 36 7
34 37 11
34 38 15
34 39 18
34 40 10
35 1 2
35 2 14
35 3 14
35 4 18
35 5 21
35 6 11
35 7 20
35 8 16
35 9 11
35 10 17
35 11 26
35 12 17
35 13 26
35 14 21
35 15 10
35 16 19
35 17 15
35 18 10
35 19 31
35 20 6
35 21 15
35 22 7
35 23 11
35 24 27
35 25 10
35 26 32
35 27 15
35 28 17
35 29 21
35 30 18
35 31 24
35 32 30
35 33 31
35 34 13
35 35 -1
35 36 6
35 37 22
35 38 29
35 39 7
35 40 7
36 1 7
36 2 20
36 3 11
36 4 14
36 5 15
36 6 14
36 7 16
36 8 14
36 9 18
36 10 11
36 11 27
36 12 15
36 13 20
36 14 21
36 15 6
36 16 16
36 17 8
36 18 11
36 19 25
36 20 6
36 21 16
36 22 9
36 23 16
36 24 29
36 25 17
36 26 26
36 27 11
36 28 23
36 29 15
36 30 12
36 31 27
36 32 31
36 33 26
36 34 7
36 35 6
36 36 -1
36 37 15
36 38 22
36 39 11
36 40 7
37 1 23
37 2 35
37 3 16
37 4 16
37 5 2
37 6 29
37 7 17
37 8 22
37 9 34
37 10 9
37 11 35
37 12 18
37 13 7
37 14 31
37 15 15
37 16 16
37 17 7
37 18 21
37 19 15
37 20 21
37 21 26
37 22 24
37 23 29
37 24 39
37 25 32
37 26 17
37 27 13
37 28 38
37 29 9
37 30 10
37 31 39
37 32 41
37 33 23
37 34 11
37 35 22
37 36 15
37 37 -1
37 38 12
37 39 25
37 40 21
38 1 30
38 2 39
38 3 27
38 4 14
38 5 14
38 6 31
38 7 13
38 8 21
38 9 40
38 10 21
38 11 32
38 12 29
38 13 5
38 14 30
38 15 18
38 16 28
38 17 14
38 18 31
38 19 3
38 20 25
38 21 26
38 22 27
38 23 38
38 24 37
38 25 38
38 26 5
38 27 24
38 28 41
38 29 21
38 30 10
38 31 38
38 32 38
38 33 13
38 34 15
38 35 29
38 36 22
38 37 12
38 38 -1
38 39 34
38 40 24
39 1 5
39 2 16
39 3 13
39 4 25
39 5 24
39 6 17
39 7 27
39 8 23
39 9 11
39 10 18
39 11 32
39 12 15
39 13 31
39 14 27
39 15 17
39 16 18
39 17 19
39 18 7
39 19 36
39 20 13
39 21 22
39 22 14
39 23 4
39 24 33
39 25 10
39 26 38
39 27 15
39 28 19
39 29 21
39 30 24
39 31 30
39 32 36
39 33 37
39 34 18
39 35 7
39 36 11
39 37 25
39 38 34
39 39 -1
39 40 14
40 1 9
40 2 15
40 3 18
40 4 12
40 5 21
40 6 8
40 7 14
40 8 9
40 9 15
40 10 18
40 11 20
40 12 21
40 13 23
40 14 15
40 15 6
40 16 23
40 17 14
40 18 16
40 19 26
40 20 1
40 21 9
40 22 3
40 23 18
40 24 21
40 25 14
40 26 27
40 27 18
40 28 17
40 29 22
40 30 13
40 31 20
40 32 24
40 33 24
40 34 10
40 35 7
40 36 7
40 37 21
40 38 24
40 39 14
40 40 -1
