1 1 -1
1 2 42
1 3 28
1 4 48
1 5 43
1 6 25
1 7 51
1 8 51
1 9 36
1 10 22
1 11 43
1 12 23
1 13 30
1 14 28
1 15 45
1 16 22
1 17 39
1 18 8
1 19 41
1 20 42
1 21 42
1 22 25
1 23 43
1 24 4
1 25 45
1 26 19
1 27 17
1 28 42
1 29 11
1 30 34
1 31 42
1 32 13
1 33 29
1 34 27
1 35 44
1 36 32
1 37 48
1 38 41
1 39 29
1 40 31
1 41 20
1 42 50
1 43 40
1 44 6
1 45 31
1 46 13
1 47 53
1 48 42
1 49 49
1 50 46
1 51 37
1 52 23
1 53 46
1 54 17
1 55 30
1 56 37
1 57 25
1 58 48
1 59 35
1 60 16
1 61 27
1 62 22
1 63 40
1 64 49
1 65 21
1 66 7
1 67 3
1 68 35
1 69 49
1 70 18
1 71 43
1 72 30
1 73 15
1 74 12
2 1 42
2 2 -1
2 3 19
2 4 32
2 5 37
2 6 17
2 7 34
2 8 24
2 9 48
2 10 41
2 11 53
2 12 21
2 13 53
2 14 39
2 15 22
2 16 27
2 17 30
2 18 35
2 19 30
2 20 64
2 21 9
2 22 19
2 23 28
2 24 44
2 25 46
2 26 25
2 27 26
2 28 71
2 29 37
2 30 37
2 31 7
2 32 42
2 33 67
2 34 29
2 35 13
2 36 28
2 37 20
2 38 58
2 39 65
2 40 29
2 41 60
2 42 46
2 43 18
2 44 36
2 45 24
2 46 30
2 47 36
2 48 1
2 49 40
2 50 39
2 51 59
2 52 34
2 53 52
2 54 59
2 55 62
2 56 35
2 57 18
2 58 78
2 59 8
2 60 39
2 61 44
2 62 54
2 63 6
2 64 15
2 65 63
2 66 36
2 67 43
2 68 66
2 69 20
2 70 53
2 71 55
2 72 14
2 73 29
2 74 30
3 1 28
3 2 19
3 3 -1
3 4 44
3 5 45
3 6 13
3 7 46
3 8 23
3 9 49
3 10 38
3 11 56
3 12 5
3 13 49
3 14 20
3 15 17
3 16 8
3 17 16
3 18 20
3 19 39
3 20 62
3 21 15
3 22 3
3 23 17
3 24 29
3 25 51
3 26 21
3 27 20
3 28 66
3 29 29
3 30 40
3 31 23
3 32 34
3 33 50
3 34 10
3 35 29
3 36 11
3 37 35
3 38 57
3 39 47
3 40 11
3 41 48
3 42 54
3 43 30
3 44 21
3 45 7
3 46 21
3 47 49
3 48 19
3 49 50
3 50 48
3 51 57
3 52 15
3 53 56
3 54 45
3 55 55
3 56 40
3 57 4
3 58 72
3 59 17
3 60 33
3 61 25
3 62 46
3 63 14
3 64 33
3 65 48
3 66 25
3 67 30
3 68 60
3 69 21
3 70 35
3 71 57
3 72 5
3 73 13
3 74 16
4 1 48
4 2 32
4 3 44
4 4 -1
4 5 10
4 6 32
4 7 2
4 8 57
4 9 28
4 10 31
4 11 29
4 12 42
4 13 38
4 14 63
4 15 54
4 16 49
4 17 60
4 18 47
4 19 7
4 20 44
4 21 41
4 22 41
4 23 60
4 24 53
4 25 18
4 26 30
4 27 32
4 28 54
4 29 38
4 30 18
4 31 25
4 32 39
4 33 77
4 34 53
4 35 20
4 36 55
4 37 15
4 38 36
4 39 77
4 40 55
4 41 57
4 42 15
4 43 15
4 44 47
4 45 51
4 46 35
4 47 5
4 48 32
4 49 9
4 50 9
4 51 41
4 52 56
4 53 25
4 54 59
4 55 50
4 56 13
4 57 41
4 58 61
4 59 28
4 60 34
4 61 66
4 62 45
4 63 38
4 64 20
4 65 66
4 66 41
4 67 47
4 68 52
4 69 53
4 70 66
4 71 32
4 72 40
4 73 46
4 74 43
5 1 43
5 2 37
5 3 45
5 4 10
5 5 -1
5 6 32
5 7 12
5 8 61
5 9 18
5 10 23
5 11 19
5 12 42
5 13 28
5 14 61
5 15 57
5 16 48
5 17 61
5 18 43
5 19 7
5 20 34
5 21 45
5 22 42
5 23 61
5 24 47
5 25 9
5 26 26
5 27 29
5 28 44
5 29 32
5 30 10
5 31 31
5 32 32
5 33 71
5 34 53
5 35 26
5 36 56
5 37 23
5 38 26
5 39 72
5 40 56
5 41 49
5 42 9
5 43 19
5 44 42
5 45 52
5 46 31
5 47 13
5 48 36
5 49 5
5 50 3
5 51 31
5 52 54
5 53 15
5 54 52
5 55 41
5 56 5
5 57 41
5 58 51
5 59 31
5 60 27
5 61 64
5 62 36
5 63 42
5 64 28
5 65 58
5 66 35
5 67 41
5 68 42
5 69 57
5 70 61
5 71 22
5 72 41
5 73 44
5 74 39
6 1 25
6 2 17
6 3 13
6 4 32
6 5 32
6 6 -1
6 7 34
6 8 33
6 9 37
6 10 26
6 11 43
6 12 10
6 13 38
6 14 31
6 15 28
6 16 17
6 17 29
6 18 19
6 19 26
6 20 50
6 21 19
6 22 10
6 23 30
6 24 28
6 25 38
6 26 10
6 27 9
6 28 56
6 29 20
6 30 27
6 31 17
6 32 25
6 33 52
6 34 21
6 35 20
6 36 24
6 37 26
6 38 45
6 39 50
6 40 24
6 41 43
6 42 41
6 43 18
6 44 20
6 45 20
6 46 13
6 47 37
6 48 17
6 49 37
6 50 35
6 51 45
6 52 24
6 53 43
6 54 42
6 55 46
6 56 27
6 57 9
6 58 63
6 59 10
6 60 23
6 61 34
6 62 38
6 63 16
6 64 25
6 65 46
6 66 19
6 67 26
6 68 50
6 69 30
6 70 39
6 71 44
6 72 10
6 73 15
6 74 14
7 1 51
7 2 34
7 3 46
7 4 2
7 5 12
7 6 34
7 7 -1
7 8 59
7 9 30
7 10 34
7 11 30
7 12 44
7 13 40
7 14 65
7 15 56
7 16 51
7 17 62
7 18 50
7 19 10
7 20 46
7 21 43
7 22 44
7 23 62
7 24 55
7 25 19
7 26 33
7 27 35
7 28 56
7 29 41
7 30 21
7 31 27
7 32 42
7 33 80
7 34 56
7 35 21
7 36 57
7 37 15
7 38 38
7 39 80
7 40 58
7 41 60
7 42 16
7 43 17
7 44 50
7 45 53
7 46 38
7 47 2
7 48 33
7 49 9
7 50 11
7 51 43
7 52 58
7 53 26
7 54 62
7 55 53
7 56 16
7 57 43
7 58 63
7 59 30
7 60 37
7 61 68
7 62 47
7 63 40
7 64 21
7 65 69
7 66 43
7 67 50
7 68 54
7 69 55
7 70 69
7 71 33
7 72 42
7 73 49
7 74 45
8 1 51
8 2 24
8 3 23
8 4 57
8 5 61
8 6 33
8 7 59
8 8 -1
8 9 70
8 10 60
8 11 76
8 12 28
8 13 72
8 14 33
8 15 6
8 16 29
8 17 17
8 18 43
8 19 54
8 20 84
8 21 15
8 22 26
8 23 12
8 24 51
8 25 69
8 26 43
8 27 42
8 28 89
8 29 52
8 30 59
8 31 31
8 32 57
8 33 69
8 34 26
8 35 37
8 36 21
8 37 44
8 38 79
8 39 65
8 40 23
8 41 72
8 42 70
8 43 42
8 44 44
8 45 20
8 46 44
8 47 60
8 48 25
8 49 65
8 50 63
8 51 79
8 52 32
8 53 75
8 54 68
8 55 78
8 56 58
8 57 27
8 58 95
8 59 30
8 60 55
8 61 39
8 62 70
8 63 19
8 64 39
8 65 70
8 66 48
8 67 53
8 68 83
8 69 4
8 70 55
8 71 77
8 72 23
8 73 35
8 74 39
9 1 36
9 2 48
9 3 49
9 4 28
9 5 18
9 6 37
9 7 30
9 8 70
9 9 -1
9 10 14
9 11 7
9 12 45
9 13 11
9 14 61
9 15 65
9 16 49
9 17 65
9 18 40
9 19 22
9 20 16
9 21 55
9 22 46
9 23 67
9 24 40
9 25 12
9 26 28
9 27 29
9 28 26
9 29 26
9 30 11
9 31 43
9 32 23
9 33 61
9 34 55
9 35 41
9 36 59
9 37 39
9 38 9
9 39 63
9 40 58
9 41 35
9 42 18
9 43 33
9 44 39
9 45 56
9 46 29
9 47 31
9 48 48
9 49 21
9 50 19
9 51 13
9 52 54
9 53 10
9 54 39
9 55 24
9 56 15
9 57 45
9 58 33
9 59 41
9 60 20
9 61 62
9 62 21
9 63 51
9 64 43
9 65 46
9 66 31
9 67 33
9 68 24
9 69 67
9 70 54
9 71 7
9 72 47
9 73 43
9 74 38
10 1 22
10 2 41
10 3 38
10 4 31
10 5 23
10 6 26
10 7 34
10 8 60
10 9 14
10 10 -1
10 11 21
10 12 33
10 13 12
10 14 47
10 15 54
10 16 36
10 17 53
10 18 26
10 19 24
10 20 24
10 21 46
10 22 34
10 23 55
10 24 26
10 25 23
10 26 16
10 27 17
10 28 29
10 29 12
10 30 13
10 31 37
10 32 9
10 33 49
10 34 42
10 35 37
10 36 46
10 37 38
10 38 20
10 39 50
10 40 46
10 41 25
10 42 28
10 43 30
10 44 25
10 45 43
10 46 16
10 47 36
10 48 41
10 49 29
10 50 26
10 51 19
10 52 41
10 53 23
10 54 28
10 55 21
10 56 18
10 57 33
10 58 36
10 59 33
10 60 6
10 61 48
10 62 14
10 63 43
10 64 41
10 65 35
10 66 17
10 67 19
10 68 24
10 69 57
10 70 41
10 71 21
10 72 36
10 73 30
10 74 25
11 1 43
11 2 53
11 3 56
11 4 29
11 5 19
11 6 43
11 7 30
11 8 76
11 9 7
11 10 21
11 11 -1
11 12 51
11 13 16
11 14 68
11 15 71
11 16 56
11 17 72
11 18 47
11 19 25
11 20 16
11 21 60
11 22 52
11 23 73
11 24 47
11 25 11
11 26 34
11 27 36
11 28 26
11 29 33
11 30 16
11 31 48
11 32 30
11 33 68
11 34 61
11 35 45
11 36 66
11 37 42
11 38 8
11 39 70
11 40 65
11 41 40
11 42 16
11 43 37
11 44 46
11 45 62
11 46 36
11 47 31
11 48 53
11 49 21
11 50 19
11 51 14
11 52 61
11 53 5
11 54 45
11 55 27
11 56 19
11 57 51
11 58 33
11 59 46
11 60 27
11 61 69
11 62 26
11 63 57
11 64 47
11 65 52
11 66 38
11 67 40
11 68 26
11 69 72
11 70 61
11 71 3
11 72 53
11 73 50
11 74 45
12 1 23
12 2 21
12 3 5
12 4 42
12 5 42
12 6 10
12 7 44
12 8 28
12 9 45
12 10 33
12 11 51
12 12 -1
12 13 45
12 14 21
12 15 22
12 16 7
12 17 20
12 18 16
12 19 36
12 20 57
12 21 19
12 22 2
12 23 22
12 24 25
12 25 48
12 26 17
12 27 15
12 28 61
12 29 24
12 30 36
12 31 24
12 32 29
12 33 46
12 34 11
12 35 29
12 36 14
12 37 35
12 38 53
12 39 44
12 40 14
12 41 44
12 42 51
12 43 28
12 44 17
12 45 10
12 46 17
12 47 47
12 48 21
12 49 47
12 50 45
12 51 52
12 52 14
12 53 52
12 54 41
12 55 50
12 56 37
12 57 2
12 58 67
12 59 17
12 60 28
12 61 25
12 62 41
12 63 17
12 64 33
12 65 44
12 66 20
12 67 25
12 68 55
12 69 26
12 70 32
12 71 52
12 72 7
12 73 9
12 74 11
13 1 30
13 2 53
13 3 49
13 4 38
13 5 28
13 6 38
13 7 40
13 8 72
13 9 11
13 10 12
13 11 16
13 12 45
13 13 -1
13 14 57
13 15 66
13 16 47
13 17 64
13 18 35
13 19 32
13 20 12
13 21 58
13 22 46
13 23 67
13 24 34
13 25 24
13 26 29
13 27 29
13 28 17
13 29 21
13 30 20
13 31 49
13 32 17
13 33 52
13 34 53
13 35 48
13 36 58
13 37 47
13 38 11
13 39 54
13 40 57
13 41 24
13 42 30
13 43 40
13 44 34
13 45 55
13 46 28
13 47 41
13 48 52
13 49 32
13 50 30
13 51 7
13 52 51
13 53 21
13 54 29
13 55 12
13 56 25
13 57 45
13 58 25
13 59 45
13 60 16
13 61 57
13 62 10
13 63 55
13 64 51
13 65 36
13 66 26
13 67 27
13 68 14
13 69 69
13 70 47
13 71 14
13 72 48
13 73 41
13 74 35
14 1 28
14 2 39
14 3 20
14 4 63
14 5 61
14 6 31
14 7 65
14 8 33
14 9 61
14 10 47
14 11 68
14 12 21
14 13 57
14 14 -1
14 15 27
14 16 13
14 17 16
14 18 22
14 19 56
14 20 70
14 21 33
14 22 21
14 23 21
14 24 26
14 25 67
14 26 35
14 27 33
14 28 71
14 29 36
14 30 55
14 31 44
14 32 40
14 33 36
14 34 10
14 35 49
14 36 13
14 37 56
14 38 67
14 39 32
14 40 11
14 41 47
14 42 70
14 43 49
14 44 23
14 45 15
14 46 32
14 47 68
14 48 40
14 49 67
14 50 64
14 51 65
14 52 7
14 53 70
14 54 42
14 55 59
14 56 56
14 57 22
14 58 76
14 59 38
14 60 41
14 61 6
14 62 51
14 63 34
14 64 53
14 65 41
14 66 31
14 67 31
14 68 64
14 69 33
14 70 23
14 71 68
14 72 25
14 73 18
14 74 23
15 1 45
15 2 22
15 3 17
15 4 54
15 5 57
15 6 28
15 7 56
15 8 6
15 9 65
15 10 54
15 11 71
15 12 22
15 13 66
15 14 27
15 15 -1
15 16 23
15 17 12
15 18 37
15 19 50
15 20 78
15 21 13
15 22 20
15 23 8
15 24 45
15 25 65
15 26 37
15 27 36
15 28 83
15 29 46
15 30 55
15 31 29
15 32 51
15 33 63
15 34 20
15 35 35
15 36 15
15 37 42
15 38 73
15 39 59
15 40 17
15 41 65
15 42 66
15 43 39
15 44 38
15 45 14
15 46 38
15 47 58
15 48 23
15 49 61
15 50 60
15 51 73
15 52 26
15 53 70
15 54 62
15 55 72
15 56 53
15 57 21
15 58 90
15 59 26
15 60 50
15 61 33
15 62 64
15 63 16
15 64 37
15 65 64
15 66 42
15 67 47
15 68 77
15 69 6
15 70 49
15 71 72
15 72 17
15 73 29
15 74 33
16 1 22
16 2 27
16 3 8
16 4 49
16 5 48
16 6 17
16 7 51
16 8 29
16 9 49
16 10 36
16 11 56
16 12 7
16 13 47
16 14 13
16 15 23
16 16 -1
16 17 17
16 18 14
16 19 42
16 20 60
16 21 23
16 22 8
16 23 20
16 24 22
16 25 54
16 26 22
16 27 20
16 28 63
16 29 26
16 30 42
16 31 31
16 32 30
16 33 41
16 34 5
16 35 36
16 36 10
16 37 42
16 38 57
16 39 38
16 40 9
16 41 43
16 42 57
16 43 35
16 44 15
16 45 8
16 46 20
16 47 54
16 48 28
16 49 53
16 50 51
16 51 55
16 52 7
16 53 57
16 54 39
16 55 51
16 56 43
16 57 9
16 58 69
16 59 24
16 60 31
16 61 17
16 62 43
16 63 22
16 64 40
16 65 41
16 66 21
16 67 25
16 68 56
16 69 28
16 70 27
16 71 57
16 72 13
16 73 7
16 74 12
17 1 39
17 2 30
17 3 16
17 4 60
17 5 61
17 6 29
17 7 62
17 8 17
17 9 65
17 10 53
17 11 72
17 12 20
17 13 64
17 14 16
17 15 12
17 16 17
17 17 -1
17 18 31
17 19 55
17 20 77
17 21 22
17 22 19
17 23 5
17 24 38
17 25 68
17 26 37
17 27 35
17 28 80
17 29 43
17 30 56
17 31 36
17 32 47
17 33 52
17 34 12
17 35 42
17 36 6
17 37 49
17 38 73
17 39 48
17 40 7
17 41 59
17 42 70
17 43 45
17 44 32
17 45 9
17 46 36
17 47 64
17 48 31
17 49 66
17 50 64
17 51 72
17 52 16
17 53 72
17 54 55
17 55 68
17 56 56
17 57 20
17 58 86
17 59 32
17 60 48
17 61 22
17 62 60
17 63 24
17 64 45
17 65 55
17 66 38
17 67 41
17 68 73
17 69 18
17 70 38
17 71 73
17 72 20
17 73 24
17 74 29
18 1 8
18 2 35
18 3 20
18 4 47
18 5 43
18 6 19
18 7 50
18 8 43
18 9 40
18 10 26
18 11 47
18 12 16
18 13 35
18 14 22
18 15 37
18 16 14
18 17 31
18 18 -1
18 19 39
18 20 48
18 21 35
18 22 18
18 23 35
18 24 9
18 25 47
18 26 17
18 27 15
18 28 49
18 29 14
18 30 35
18 31 36
18 32 18
18 33 32
18 34 19
18 35 40
18 36 24
18 37 45
18 38 45
18 39 31
18 40 23
18 41 28
18 42 51
18 43 36
18 44 1
18 45 23
18 46 12
18 47 52
18 48 35
18 49 49
18 50 46
18 51 43
18 52 16
18 53 49
18 54 25
18 55 37
18 56 37
18 57 18
18 58 55
18 59 30
18 60 20
18 61 22
18 62 29
18 63 33
18 64 44
18 65 28
18 66 9
18 67 10
18 68 43
18 69 42
18 70 19
18 71 47
18 72 23
18 73 7
18 74 5
19 1 41
19 2 30
19 3 39
19 4 7
19 5 7
19 6 26
19 7 10
19 8 54
19 9 22
19 10 24
19 11 25
19 12 36
19 13 32
19 14 56
19 15 50
19 16 42
19 17 55
19 18 39
19 19 -1
19 20 39
19 21 38
19 22 36
19 23 55
19 24 45
19 25 16
19 26 22
19 27 25
19 28 48
19 29 30
19 30 12
19 31 23
19 32 31
19 33 70
19 34 47
19 35 19
19 36 50
19 37 16
19 38 31
19 39 70
19 40 50
19 41 50
19 42 16
19 43 12
19 44 39
19 45 46
19 46 28
19 47 12
19 48 29
19 49 11
19 50 9
19 51 35
19 52 49
19 53 22
19 54 51
19 55 44
19 56 7
19 57 35
19 58 55
19 59 24
19 60 26
19 61 59
19 62 38
19 63 35
19 64 21
19 65 58
19 66 33
19 67 39
19 68 46
19 69 50
19 70 59
19 71 28
19 72 35
19 73 39
19 74 35
20 1 42
20 2 64
20 3 62
20 4 44
20 5 34
20 6 50
20 7 46
20 8 84
20 9 16
20 10 24
20 11 16
20 12 57
20 13 12
20 14 70
20 15 78
20 16 60
20 17 77
20 18 48
20 19 39
20 20 -1
20 21 70
20 22 58
20 23 79
20 24 45
20 25 27
20 26 41
20 27 42
20 28 10
20 29 34
20 30 28
20 31 59
20 32 30
20 33 61
20 34 65
20 35 57
20 36 70
20 37 55
20 38 8
20 39 64
20 40 69
20 41 32
20 42 32
20 43 49
20 44 46
20 45 67
20 46 40
20 47 47
20 48 63
20 49 37
20 50 35
20 51 5
20 52 64
20 53 21
20 54 37
20 55 16
20 56 32
20 57 57
20 58 17
20 59 56
20 60 29
20 61 69
20 62 20
20 63 66
20 64 60
20 65 44
20 66 39
20 67 39
20 68 12
20 69 81
20 70 58
20 71 13
20 72 60
20 73 53
20 74 48
21 1 42
21 2 9
21 3 15
21 4 41
21 5 45
21 6 19
21 7 43
21 8 15
21 9 55
21 10 46
21 11 60
21 12 19
21 13 58
21 14 33
21 15 13
21 16 23
21 17 22
21 18 35
21 19 38
21 20 70
21 21 -1
21 22 17
21 23 20
21 24 44
21 25 54
21 26 29
21 27 29
21 28 76
21 29 40
21 30 44
21 31 16
21 32 45
21 33 65
21 34 23
21 35 22
21 36 21
21 37 29
21 38 64
21 39 62
21 40 22
21 41 62
21 42 54
21 43 26
21 44 36
21 45 18
21 46 32
21 47 45
21 48 10
21 49 49
21 50 48
21 51 65
21 52 29
21 53 59
21 54 59
21 55 66
21 56 42
21 57 17
21 58 82
21 59 14
21 60 43
21 61 39
21 62 57
21 63 3
21 64 24
21 65 63
21 66 37
21 67 43
21 68 70
21 69 12
21 70 51
21 71 62
21 72 12
21 73 28
21 74 30
22 1 25
22 2 19
22 3 3
22 4 41
22 5 42
22 6 10
22 7 44
22 8 26
22 9 46
22 10 34
22 11 52
22 12 2
22 13 46
22 14 21
22 15 20
22 16 8
22 17 19
22 18 18
22 19 36
22 20 58
22 21 17
22 22 -1
22 23 21
22 24 27
22 25 48
22 26 17
22 27 16
22 28 62
22 29 25
22 30 37
22 31 22
22 32 30
22 33 48
22 34 11
22 35 27
22 36 14
22 37 34
22 38 54
22 39 46
22 40 14
22 41 45
22 42 51
22 43 27
22 44 19
22 45 10
22 46 18
22 47 46
22 48 19
22 49 47
22 50 45
22 51 53
22 52 15
22 53 52
22 54 43
22 55 52
22 56 37
22 57 1
22 58 69
22 59 16
22 60 29
22 61 26
22 62 43
22 63 15
22 64 31
22 65 46
22 66 21
22 67 27
22 68 56
22 69 24
22 70 34
22 71 53
22 72 5
22 73 11
22 74 13
23 1 43
23 2 28
23 3 17
23 4 60
23 5 61
23 6 30
23 7 62
23 8 12
23 9 67
23 10 55
23 11 73
23 12 22
23 13 67
23 14 21
23 15 8
23 16 20
23 17 5
23 18 35
23 19 55
23 20 79
23 21 20
23 22 21
23 23 -1
23 24 42
23 25 69
23 26 39
23 27 38
23 28 83
23 29 46
23 30 58
23 31 35
23 32 50
23 33 57
23 34 16
23 35 41
23 36 10
23 37 48
23 38 75
23 39 53
23 40 12
23 41 63
23 42 71
23 43 45
23 44 36
23 45 12
23 46 39
23 47 64
23 48 29
23 49 66
23 50 64
23 51 74
23 52 21
23 53 74
23 54 59
23 55 72
23 56 57
23 57 22
23 58 89
23 59 32
23 60 50
23 61 27
23 62 63
23 63 22
23 64 44
23 65 60
23 66 41
23 67 45
23 68 77
23 69 14
23 70 43
23 71 75
23 72 20
23 73 27
23 74 32
24 1 4
24 2 44
24 3 29
24 4 53
24 5 47
24 6 28
24 7 55
24 8 51
24 9 40
24 10 26
24 11 47
24 12 25
24 13 34
24 14 26
24 15 45
24 16 22
24 17 38
24 18 9
24 19 45
24 20 45
24 21 44
24 22 27
24 23 42
24 24 -1
24 25 49
24 26 23
24 27 21
24 28 45
24 29 15
24 30 38
24 31 45
24 32 17
24 33 25
24 34 26
24 35 48
24 36 32
24 37 52
24 38 45
24 39 24
24 40 30
24 41 21
24 42 54
24 43 44
24 44 8
24 45 31
24 46 17
24 47 58
24 48 44
24 49 53
24 50 50
24 51 41
24 52 22
24 53 50
24 54 17
24 55 33
24 56 41
24 57 27
24 58 50
24 59 38
24 60 21
24 61 24
24 62 25
24 63 42
24 64 52
24 65 19
24 66 12
24 67 7
24 68 38
24 69 50
24 70 14
24 71 47
24 72 32
24 73 16
24 74 14
25 1 45
25 2 46
25 3 51
25 4 18
25 5 9
25 6 38
25 7 19
25 8 69
25 9 12
25 10 23
25 11 11
25 12 48
25 13 24
25 14 67
25 15 65
25 16 54
25 17 68
25 18 47
25 19 16
25 20 27
25 21 54
25 22 48
25 23 69
25 24 49
25 25 -1
25 26 32
25 27 34
25 28 37
25 29 34
25 30 12
25 31 40
25 32 33
25 33 72
25 34 59
25 35 36
25 36 62
25 37 32
25 38 19
25 39 73
25 40 62
25 41 47
25 42 5
25 43 28
25 44 46
25 45 58
25 46 35
25 47 20
25 48 45
25 49 10
25 50 8
25 51 24
25 52 60
25 53 6
25 54 50
25 55 36
25 56 11
25 57 47
25 58 44
25 59 39
25 60 28
25 61 68
25 62 33
25 63 50
25 64 37
25 65 58
25 66 38
25 67 42
25 68 36
25 69 66
25 70 64
25 71 14
25 72 48
25 73 49
25 74 44
26 1 19
26 2 25
26 3 21
26 4 30
26 5 26
26 6 10
26 7 33
26 8 43
26 9 28
26 10 16
26 11 34
26 12 17
26 13 29
26 14 35
26 15 37
26 16 22
26 17 37
26 18 17
26 19 22
26 20 41
26 21 29
26 22 17
26 23 39
26 24 23
26 25 32
26 26 -1
26 27 2
26 28 46
26 29 12
26 30 20
26 31 24
26 32 16
26 33 48
26 34 27
26 35 25
26 36 31
26 37 29
26 38 36
26 39 48
26 40 30
26 41 35
26 42 35
26 43 20
26 44 17
26 45 27
26 46 5
26 47 35
26 48 25
26 49 32
26 50 30
26 51 36
26 52 28
26 53 35
26 54 34
26 55 36
26 56 21
26 57 17
26 58 53
26 59 18
26 60 13
26 61 37
26 62 28
26 63 26
26 64 30
26 65 39
26 66 12
26 67 19
26 68 40
26 69 40
26 70 36
26 71 35
26 72 19
26 73 17
26 74 13
27 1 17
27 2 26
27 3 20
27 4 32
27 5 29
27 6 9
27 7 35
27 8 42
27 9 29
27 10 17
27 11 36
27 12 15
27 13 29
27 14 33
27 15 36
27 16 20
27 17 35
27 18 15
27 19 25
27 20 42
27 21 29
27 22 16
27 23 38
27 24 21
27 25 34
27 26 2
27 27 -1
27 28 46
27 29 11
27 30 22
27 31 25
27 32 15
27 33 46
27 34 25
27 35 27
27 36 29
27 37 30
27 38 37
27 39 46
27 40 29
27 41 34
27 42 37
27 43 22
27 44 14
27 45 26
27 46 4
27 47 37
27 48 26
27 49 34
27 50 32
27 51 37
27 52 26
27 53 37
27 54 33
27 55 36
27 56 23
27 57 15
27 58 53
27 59 19
27 60 13
27 61 34
27 62 28
27 63 26
27 64 31
27 65 38
27 66 10
27 67 17
27 68 41
27 69 39
27 70 34
27 71 37
27 72 19
27 73 15
27 74 10
28 1 42
28 2 71
28 3 66
28 4 54
28 5 44
28 6 56
28 7 56
28 8 89
28 9 26
28 10 29
28 11 26
28 12 61
28 13 17
28 14 71
28 15 83
28 16 63
28 17 80
28 18 49
28 19 48
28 20 10
28 21 76
28 22 62
28 23 83
28 24 45
28 25 37
28 26 46
28 27 46
28 28 -1
28 29 37
28 30 36
28 31 67
28 32 32
28 33 57
28 34 68
28 35 65
28 36 74
28 37 64
28 38 18
28 39 61
28 40 72
28 41 28
28 42 42
28 43 57
28 44 48
28 45 71
28 46 44
28 47 57
28 48 70
28 49 47
28 50 45
28 51 13
28 52 66
28 53 31
28 54 34
28 55 12
28 56 41
28 57 62
28 58 7
28 59 63
28 60 33
28 61 69
28 62 20
28 63 72
28 64 68
28 65 40
28 66 42
28 67 39
28 68 7
28 69 86
28 70 56
28 71 23
28 72 65
28 73 56
28 74 51
29 1 11
29 2 37
29 3 29
29 4 38
29 5 32
29 6 20
29 7 41
29 8 52
29 9 26
29 10 12
29 11 33
29 12 24
29 13 21
29 14 36
29 15 46
29 16 26
29 17 43
29 18 14
29 19 30
29 20 34
29 21 40
29 22 25
29 23 46
29 24 15
29 25 34
29 26 12
29 27 11
29 28 37
29 29 -1
29 30 22
29 31 36
29 32 5
29 33 39
29 34 31
29 35 37
29 36 36
29 37 40
29 38 31
29 39 40
29 40 35
29 41 23
29 42 38
29 43 31
29 44 13
29 45 34
29 46 7
29 47 43
29 48 37
29 49 38
29 50 35
29 51 29
29 52 29
29 53 35
29 54 22
29 55 26
29 56 26
29 57 25
29 58 43
29 59 30
29 60 6
29 61 36
29 62 17
29 63 37
29 64 41
29 65 28
29 66 5
29 67 9
29 68 31
29 69 49
29 70 29
29 71 33
29 72 29
29 73 19
29 74 13
30 1 34
30 2 37
30 3 40
30 4 18
30 5 10
30 6 27
30 7 21
30 8 59
30 9 11
30 10 13
30 11 16
30 12 36
30 13 20
30 14 55
30 15 55
30 16 42
30 17 56
30 18 35
30 19 12
30 20 28
30 21 44
30 22 37
30 23 58
30 24 38
30 25 12
30 26 20
30 27 22
30 28 36
30 29 22
30 30 -1
30 31 32
30 32 22
30 33 62
30 34 47
30 35 29
30 36 50
30 37 27
30 38 21
30 39 62
30 40 50
30 41 39
30 42 16
30 43 21
30 44 34
30 45 47
30 46 23
30 47 22
30 48 36
30 49 15
30 50 12
30 51 24
30 52 48
30 53 15
30 54 42
30 55 32
30 56 5
30 57 36
30 58 44
30 59 29
30 60 17
30 61 56
30 62 26
30 63 40
30 64 32
30 65 48
30 66 26
30 67 31
30 68 34
30 69 56
30 70 52
30 71 18
30 72 37
30 73 37
30 74 32
31 1 42
31 2 7
31 3 23
31 4 25
31 5 31
31 6 17
31 7 27
31 8 31
31 9 43
31 10 37
31 11 48
31 12 24
31 13 49
31 14 44
31 15 29
31 16 31
31 17 36
31 18 36
31 19 23
31 20 59
31 21 16
31 22 22
31 23 35
31 24 45
31 25 40
31 26 24
31 27 25
31 28 67
31 29 36
31 30 32
31 31 -1
31 32 40
31 33 69
31 34 33
31 35 6
31 36 33
31 37 13
31 38 53
31 39 67
31 40 34
31 41 59
31 42 39
31 43 11
31 44 37
31 45 29
31 46 29
31 47 29
31 48 6
31 49 34
31 50 33
31 51 55
31 52 38
31 53 46
31 54 58
31 55 59
31 56 29
31 57 21
31 58 74
31 59 6
31 60 36
31 61 48
31 62 51
31 63 13
31 64 9
31 65 63
31 66 35
31 67 42
31 68 62
31 69 27
31 70 55
31 71 50
31 72 18
31 73 31
31 74 31
32 1 13
32 2 42
32 3 34
32 4 39
32 5 32
32 6 25
32 7 42
32 8 57
32 9 23
32 10 9
32 11 30
32 12 29
32 13 17
32 14 40
32 15 51
32 16 30
32 17 47
32 18 18
32 19 31
32 20 30
32 21 45
32 22 30
32 23 50
32 24 17
32 25 33
32 26 16
32 27 15
32 28 32
32 29 5
32 30 22
32 31 40
32 32 -1
32 33 39
32 34 36
32 35 41
32 36 41
32 37 43
32 38 28
32 39 40
32 40 40
32 41 19
32 42 38
32 43 34
32 44 16
32 45 38
32 46 12
32 47 44
32 48 41
32 49 38
32 50 35
32 51 25
32 52 34
32 53 33
32 54 20
32 55 21
32 56 26
32 57 30
32 58 38
32 59 34
32 60 5
32 61 39
32 62 12
32 63 42
32 64 45
32 65 26
32 66 9
32 67 10
32 68 26
32 69 54
32 70 31
32 71 30
32 72 34
32 73 23
32 74 18
33 1 29
33 2 67
33 3 50
33 4 77
33 5 71
33 6 52
33 7 80
33 8 69
33 9 61
33 10 49
33 11 68
33 12 46
33 13 52
33 14 36
33 15 63
33 16 41
33 17 52
33 18 32
33 19 70
33 20 61
33 21 65
33 22 48
33 23 57
33 24 25
33 25 72
33 26 48
33 27 46
33 28 57
33 29 39
33 30 62
33 31 69
33 32 39
33 33 -1
33 34 43
33 35 72
33 36 48
33 37 77
33 38 63
33 39 5
33 40 46
33 41 29
33 42 77
33 43 69
33 44 32
33 45 49
33 46 42
33 47 82
33 48 68
33 49 77
33 50 74
33 51 57
33 52 37
33 53 72
33 54 23
33 55 45
33 56 65
33 57 49
33 58 59
33 59 62
33 60 44
33 61 30
33 62 42
33 63 64
33 64 77
33 65 17
33 66 36
33 67 30
33 68 50
33 69 69
33 70 14
33 71 66
33 72 53
33 73 37
33 74 38
34 1 27
34 2 29
34 3 10
34 4 53
34 5 53
34 6 21
34 7 56
34 8 26
34 9 55
34 10 42
34 11 61
34 12 11
34 13 53
34 14 10
34 15 20
34 16 5
34 17 12
34 18 19
34 19 47
34 20 65
34 21 23
34 22 11
34 23 16
34 24 26
34 25 59
34 26 27
34 27 25
34 28 68
34 29 31
34 30 47
34 31 33
34 32 36
34 33 43
34 34 -1
34 35 39
34 36 5
34 37 45
34 38 62
34 39 39
34 40 4
34 41 47
34 42 62
34 43 39
34 44 20
34 45 6
34 46 25
34 47 58
34 48 29
34 49 58
34 50 56
34 51 60
34 52 6
34 53 62
34 54 43
34 55 56
34 56 48
34 57 12
34 58 74
34 59 27
34 60 36
34 61 15
34 62 48
34 63 23
34 64 43
34 65 44
34 66 26
34 67 29
34 68 61
34 69 26
34 70 29
34 71 62
34 72 15
34 73 12
34 74 17
35 1 44
35 2 13
35 3 29
35 4 20
35 5 26
35 6 20
35 7 21
35 8 37
35 9 41
35 10 37
35 11 45
35 12 29
35 13 48
35 14 49
35 15 35
35 16 36
35 17 42
35 18 40
35 19 19
35 20 57
35 21 22
35 22 27
35 23 41
35 24 48
35 25 36
35 26 25
35 27 27
35 28 65
35 29 37
35 30 29
35 31 6
35 32 41
35 33 72
35 34 39
35 35 -1
35 36 39
35 37 7
35 38 50
35 39 71
35 40 40
35 41 60
35 42 35
35 43 8
35 44 40
35 45 35
35 46 31
35 47 23
35 48 12
35 49 29
35 50 28
35 51 53
35 52 43
35 53 42
35 54 60
35 55 58
35 56 25
35 57 27
35 58 73
35 59 11
35 60 37
35 61 54
35 62 51
35 63 19
35 64 4
35 65 65
35 66 37
35 67 44
35 68 61
35 69 33
35 70 59
35 71 47
35 72 24
35 73 36
35 74 34
36 1 32
36 2 28
36 3 11
36 4 55
36 5 56
36 6 24
36 7 57
36 8 21
36 9 59
36 10 46
36 11 66
36 12 14
36 13 58
36 14 13
36 15 15
36 16 10
36 17 6
36 18 24
36 19 50
36 20 70
36 21 21
36 22 14
36 23 10
36 24 32
36 25 62
36 26 31
36 27 29
36 28 74
36 29 36
36 30 50
36 31 33
36 32 41
36 33 48
36 34 5
36 35 39
36 36 -1
36 37 46
36 38 67
36 39 44
36 40 2
36 41 53
36 42 65
36 43 41
36 44 26
36 45 4
36 46 30
36 47 60
36 48 28
36 49 61
36 50 59
36 51 65
36 52 11
36 53 66
36 54 49
36 55 62
36 56 51
36 57 15
36 58 80
36 59 28
36 60 41
36 61 18
36 62 53
36 63 22
36 64 42
36 65 50
36 66 32
36 67 35
36 68 67
36 69 21
36 70 34
36 71 67
36 72 15
36 73 17
36 74 22
37 1 48
37 2 20
37 3 35
37 4 15
37 5 23
37 6 26
37 7 15
37 8 44
37 9 39
37 10 38
37 11 42
37 12 35
37 13 47
37 14 56
37 15 42
37 16 42
37 17 49
37 18 45
37 19 16
37 20 55
37 21 29
37 22 34
37 23 48
37 24 52
37 25 32
37 26 29
37 27 30
37 28 64
37 29 40
37 30 27
37 31 13
37 32 43
37 33 77
37 34 45
37 35 7
37 36 46
37 37 -1
37 38 48
37 39 76
37 40 47
37 41 62
37 42 30
37 43 8
37 44 45
37 45 42
37 46 34
37 47 17
37 48 19
37 49 24
37 50 24
37 51 51
37 52 49
37 53 38
37 54 62
37 55 59
37 56 23
37 57 33
37 58 72
37 59 17
37 60 38
37 61 60
37 62 52
37 63 26
37 64 5
37 65 68
37 66 41
37 67 48
37 68 61
37 69 40
37 70 64
37 71 44
37 72 30
37 73 41
37 74 39
38 1 41
38 2 58
38 3 57
38 4 36
38 5 26
38 6 45
38 7 38
38 8 79
38 9 9
38 10 20
38 11 8
38 12 53
38 13 11
38 14 67
38 15 73
38 16 57
38 17 73
38 18 45
38 19 31
38 20 8
38 21 64
38 22 54
38 23 75
38 24 45
38 25 19
38 26 36
38 27 37
38 28 18
38 29 31
38 30 21
38 31 53
38 32 28
38 33 63
38 34 62
38 35 50
38 36 67
38 37 48
38 38 -1
38 39 65
38 40 66
38 41 34
38 42 24
38 43 42
38 44 44
38 45 63
38 46 36
38 47 39
38 48 57
38 49 29
38 50 27
38 51 6
38 52 61
38 53 13
38 54 39
38 55 20
38 56 25
38 57 53
38 58 25
38 59 50
38 60 25
38 61 67
38 62 21
38 63 60
38 64 53
38 65 47
38 66 36
38 67 38
38 68 18
38 69 75
38 70 58
38 71 5
38 72 56
38 73 50
38 74 45
39 1 29
39 2 65
39 3 47
39 4 77
39 5 72
39 6 50
39 7 80
39 8 65
39 9 63
39 10 50
39 11 70
39 12 44
39 13 54
39 14 32
39 15 59
39 16 38
39 17 48
39 18 31
39 19 70
39 20 64
39 21 62
39 22 46
39 23 53
39 24 24
39 25 73
39 26 48
39 27 46
39 28 61
39 29 40
39 30 62
39 31 67
39 32 40
39 33 5
39 34 39
39 35 71
39 36 44
39 37 76
39 38 65
39 39 -1
39 40 42
39 41 33
39 42 78
39 43 68
39 44 31
39 45 45
39 46 42
39 47 82
39 48 65
39 49 78
39 50 75
39 51 61
39 52 33
39 53 73
39 54 27
39 55 49
39 56 66
39 57 46
39 58 63
39 59 60
39 60 45
39 61 26
39 62 44
39 63 61
39 64 76
39 65 21
39 66 36
39 67 31
39 68 54
39 69 65
39 70 11
39 71 69
39 72 51
39 73 35
39 74 36
40 1 31
40 2 29
40 3 11
40 4 55
40 5 56
40 6 24
40 7 58
40 8 23
40 9 58
40 10 46
40 11 65
40 12 14
40 13 57
40 14 11
40 15 17
40 16 9
40 17 7
40 18 23
40 19 50
40 20 69
40 21 22
40 22 14
40 23 12
40 24 30
40 25 62
40 26 30
40 27 29
40 28 72
40 29 35
40 30 50
40 31 34
40 32 40
40 33 46
40 34 4
40 35 40
40 36 2
40 37 47
40 38 66
40 39 42
40 40 -1
40 41 51
40 42 65
40 43 41
40 44 24
40 45 5
40 46 29
40 47 60
40 48 30
40 49 61
40 50 59
40 51 64
40 52 9
40 53 66
40 54 47
40 55 60
40 56 51
40 57 15
40 58 78
40 59 29
40 60 40
40 61 17
40 62 52
40 63 23
40 64 43
40 65 48
40 66 30
40 67 33
40 68 66
40 69 23
40 70 32
40 71 66
40 72 16
40 73 16
40 74 21
41 1 20
41 2 60
41 3 48
41 4 57
41 5 49
41 6 43
41 7 60
41 8 72
41 9 35
41 10 25
41 11 40
41 12 44
41 13 24
41 14 47
41 15 65
41 16 43
41 17 59
41 18 28
41 19 50
41 20 32
41 21 62
41 22 45
41 23 63
41 24 21
41 25 47
41 26 35
41 27 34
41 28 28
41 29 23
41 30 39
41 31 59
41 32 19
41 33 29
41 34 47
41 35 60
41 36 53
41 37 62
41 38 34
41 39 33
41 40 51
41 41 -1
41 42 53
41 43 53
41 44 27
41 45 51
41 46 30
41 47 62
41 48 60
41 49 54
41 50 51
41 51 29
41 52 43
41 53 45
41 54 6
41 55 16
41 56 44
41 57 45
41 58 31
41 59 53
41 60 23
41 61 44
41 62 14
41 63 59
41 64 64
41 65 12
41 66 24
41 67 18
41 68 21
41 69 70
41 70 28
41 71 39
41 72 50
41 73 36
41 74 32
42 1 50
42 2 46
42 3 54
42 4 15
42 5 9
42 6 41
42 7 16
42 8 70
42 9 18
42 10 28
42 11 16
42 12 51
42 13 30
42 14 70
42 15 66
42 16 57
42 17 70
42 18 51
42 19 16
42 20 32
42 21 54
42 22 51
42 23 71
42 24 54
42 25 5
42 26 35
42 27 37
42 28 42
42 29 38
42 30 16
42 31 39
42 32 38
42 33 77
42 34 62
42 35 35
42 36 65
42 37 30
42 38 24
42 39 78
42 40 65
42 41 53
42 42 -1
42 43 28
42 44 50
42 45 61
42 46 39
42 47 16
42 48 45
42 49 6
42 50 6
42 51 30
42 52 63
42 53 11
42 54 56
42 55 42
42 56 14
42 57 50
42 58 49
42 59 40
42 60 33
42 61 72
42 62 39
42 63 51
42 64 36
42 65 63
42 66 43
42 67 47
42 68 42
42 69 66
42 70 68
42 71 19
42 72 50
42 73 52
42 74 48
43 1 40
43 2 18
43 3 30
43 4 15
43 5 19
43 6 18
43 7 17
43 8 42
43 9 33
43 10 30
43 11 37
43 12 28
43 13 40
43 14 49
43 15 39
43 16 35
43 17 45
43 18 36
43 19 12
43 20 49
43 21 26
43 22 27
43 23 45
43 24 44
43 25 28
43 26 20
43 27 22
43 28 57
43 29 31
43 30 21
43 31 11
43 32 34
43 33 69
43 34 39
43 35 8
43 36 41
43 37 8
43 38 42
43 39 68
43 40 41
43 41 53
43 42 28
43 43 -1
43 44 37
43 45 36
43 46 26
43 47 19
43 48 17
43 49 22
43 50 21
43 51 45
43 52 42
43 53 34
43 54 54
43 55 51
43 56 17
43 57 26
43 58 65
43 59 13
43 60 30
43 61 53
43 62 44
43 63 23
43 64 11
43 65 60
43 66 32
43 67 39
43 68 54
43 69 38
43 70 56
43 71 39
43 72 25
43 73 34
43 74 31
44 1 6
44 2 36
44 3 21
44 4 47
44 5 42
44 6 20
44 7 50
44 8 44
44 9 39
44 10 25
44 11 46
44 12 17
44 13 34
44 14 23
44 15 38
44 16 15
44 17 32
44 18 1
44 19 39
44 20 46
44 21 36
44 22 19
44 23 36
44 24 8
44 25 46
44 26 17
44 27 14
44 28 48
44 29 13
44 30 34
44 31 37
44 32 16
44 33 32
44 34 20
44 35 40
44 36 26
44 37 45
44 38 44
44 39 31
44 40 24
44 41 27
44 42 50
44 43 37
44 44 -1
44 45 24
44 46 11
44 47 52
44 48 36
44 49 48
44 50 46
44 51 42
44 52 17
44 53 48
44 54 24
44 55 36
44 56 37
44 57 19
44 58 54
44 59 30
44 60 19
44 61 23
44 62 28
44 63 34
44 64 45
44 65 27
44 66 8
44 67 9
44 68 41
44 69 43
44 70 19
44 71 46
44 72 24
44 73 8
44 74 6
45 1 31
45 2 24
45 3 7
45 4 51
45 5 52
45 6 20
45 7 53
45 8 20
45 9 56
45 10 43
45 11 62
45 12 10
45 13 55
45 14 15
45 15 14
45 16 8
45 17 9
45 18 23
45 19 46
45 20 67
45 21 18
45 22 10
45 23 12
45 24 31
45 25 58
45 26 27
45 27 26
45 28 71
45 29 34
45 30 47
45 31 29
45 32 38
45 33 49
45 34 6
45 35 35
45 36 4
45 37 42
45 38 63
45 39 45
45 40 5
45 41 51
45 42 61
45 43 36
45 44 24
45 45 -1
45 46 27
45 47 55
45 48 25
45 49 57
45 50 55
45 51 62
45 52 12
45 53 63
45 54 48
45 55 60
45 56 47
45 57 11
45 58 77
45 59 24
45 60 38
45 61 21
45 62 51
45 63 18
45 64 38
45 65 50
45 66 29
45 67 33
45 68 65
45 69 20
45 70 35
45 71 63
45 72 11
45 73 15
45 74 20
46 1 13
46 2 30
46 3 21
46 4 35
46 5 31
46 6 13
46 7 38
46 8 44
46 9 29
46 10 16
46 11 36
46 12 17
46 13 28
46 14 32
46 15 38
46 16 20
46 17 36
46 18 12
46 19 28
46 20 40
46 21 32
46 22 18
46 23 39
46 24 17
46 25 35
46 26 5
46 27 4
46 28 44
46 29 7
46 30 23
46 31 29
46 32 12
46 33 42
46 34 25
46 35 31
46 36 30
46 37 34
46 38 36
46 39 42
46 40 29
46 41 30
46 42 39
46 43 26
46 44 11
46 45 27
46 46 -1
46 47 40
46 48 30
46 49 37
46 50 34
46 51 35
46 52 25
46 53 38
46 54 29
46 55 33
46 56 25
46 57 17
46 58 51
46 59 23
46 60 11
46 61 33
46 62 25
46 63 29
46 64 35
46 65 34
46 66 6
46 67 13
46 68 38
46 69 42
46 70 31
46 71 37
46 72 21
46 73 14
46 74 9
47 1 53
47 2 36
47 3 49
47 4 5
47 5 13
47 6 37
47 7 2
47 8 60
47 9 31
47 10 36
47 11 31
47 12 47
47 13 41
47 14 68
47 15 58
47 16 54
47 17 64
47 18 52
47 19 12
47 20 47
47 21 45
47 22 46
47 23 64
47 24 58
47 25 20
47 26 35
47 27 37
47 28 57
47 29 43
47 30 22
47 31 29
47 32 44
47 33 82
47 34 58
47 35 23
47 36 60
47 37 17
47 38 39
47 39 82
47 40 60
47 41 62
47 42 16
47 43 19
47 44 52
47 45 55
47 46 40
47 47 -1
47 48 35
47 49 10
47 50 12
47 51 44
47 52 61
47 53 26
47 54 64
47 55 54
47 56 17
47 57 45
47 58 64
47 59 32
47 60 39
47 61 71
47 62 49
47 63 42
47 64 22
47 65 71
47 66 46
47 67 52
47 68 55
47 69 56
47 70 71
47 71 34
47 72 44
47 73 51
47 74 48
48 1 42
48 2 1
48 3 19
48 4 32
48 5 36
48 6 17
48 7 33
48 8 25
48 9 48
48 10 41
48 11 53
48 12 21
48 13 52
48 14 40
48 15 23
48 16 28
48 17 31
48 18 35
48 19 29
48 20 63
48 21 10
48 22 19
48 23 29
48 24 44
48 25 45
48 26 25
48 27 26
48 28 70
48 29 37
48 30 36
48 31 6
48 32 41
48 33 68
48 34 29
48 35 12
48 36 28
48 37 19
48 38 57
48 39 65
48 40 30
48 41 60
48 42 45
48 43 17
48 44 36
48 45 25
48 46 30
48 47 35
48 48 -1
48 49 39
48 50 38
48 51 59
48 52 34
48 53 51
48 54 59
48 55 62
48 56 34
48 57 19
48 58 77
48 59 7
48 60 38
48 61 45
48 62 53
48 63 7
48 64 14
48 65 63
48 66 36
48 67 43
48 68 65
48 69 21
48 70 54
48 71 55
48 72 15
48 73 30
48 74 30
49 1 49
49 2 40
49 3 50
49 4 9
49 5 5
49 6 37
49 7 9
49 8 65
49 9 21
49 10 29
49 11 21
49 12 47
49 13 32
49 14 67
49 15 61
49 16 53
49 17 66
49 18 49
49 19 11
49 20 37
49 21 49
49 22 47
49 23 66
49 24 53
49 25 10
49 26 32
49 27 34
49 28 47
49 29 38
49 30 15
49 31 34
49 32 38
49 33 77
49 34 58
49 35 29
49 36 61
49 37 24
49 38 29
49 39 78
49 40 61
49 41 54
49 42 6
49 43 22
49 44 48
49 45 57
49 46 37
49 47 10
49 48 39
49 49 -1
49 50 2
49 51 34
49 52 60
49 53 16
49 54 57
49 55 45
49 56 11
49 57 46
49 58 54
49 59 34
49 60 33
49 61 69
49 62 41
49 63 45
49 64 29
49 65 64
49 66 41
49 67 47
49 68 46
49 69 61
49 70 67
49 71 24
49 72 46
49 73 49
49 74 45
50 1 46
50 2 39
50 3 48
50 4 9
50 5 3
50 6 35
50 7 11
50 8 63
50 9 19
50 10 26
50 11 19
50 12 45
50 13 30
50 14 64
50 15 60
50 16 51
50 17 64
50 18 46
50 19 9
50 20 35
50 21 48
50 22 45
50 23 64
50 24 50
50 25 8
50 26 30
50 27 32
50 28 45
50 29 35
50 30 12
50 31 33
50 32 35
50 33 74
50 34 56
50 35 28
50 36 59
50 37 24
50 38 27
50 39 75
50 40 59
50 41 51
50 42 6
50 43 21
50 44 46
50 45 55
50 46 34
50 47 12
50 48 38
50 49 2
50 50 -1
50 51 32
50 52 57
50 53 15
50 54 54
50 55 43
50 56 8
50 57 44
50 58 52
50 59 33
50 60 30
50 61 67
50 62 38
50 63 44
50 64 29
50 65 61
50 66 38
50 67 44
50 68 43
50 69 60
50 70 65
50 71 22
50 72 44
50 73 47
50 74 43
51 1 37
51 2 59
51 3 57
51 4 41
51 5 31
51 6 45
51 7 43
51 8 79
51 9 13
51 10 19
51 11 14
51 12 52
51 13 7
51 14 65
51 15 73
51 16 55
51 17 72
51 18 43
51 19 35
51 20 5
51 21 65
51 22 53
51 23 74
51 24 41
51 25 24
51 26 36
51 27 37
51 28 13
51 29 29
51 30 24
51 31 55
51 32 25
51 33 57
51 34 60
51 35 53
51 36 65
51 37 51
51 38 6
51 39 61
51 40 64
51 41 29
51 42 30
51 43 45
51 44 42
51 45 62
51 46 35
51 47 44
51 48 59
51 49 34
51 50 32
51 51 -1
51 52 59
51 53 19
51 54 34
51 55 14
51 56 28
51 57 52
51 58 20
51 59 51
51 60 24
51 61 64
51 62 16
51 63 61
51 64 56
51 65 41
51 66 34
51 67 34
51 68 12
51 69 76
51 70 54
51 71 11
51 72 55
51 73 48
51 74 43
52 1 23
52 2 34
52 3 15
52 4 56
52 5 54
52 6 24
52 7 58
52 8 32
52 9 54
52 10 41
52 11 61
52 12 14
52 13 51
52 14 7
52 15 26
52 16 7
52 17 16
52 18 16
52 19 49
52 20 64
52 21 29
52 22 15
52 23 21
52 24 22
52 25 60
52 26 28
52 27 26
52 28 66
52 29 29
52 30 48
52 31 38
52 32 34
52 33 37
52 34 6
52 35 43
52 36 11
52 37 49
52 38 61
52 39 33
52 40 9
52 41 43
52 42 63
52 43 42
52 44 17
52 45 12
52 46 25
52 47 61
52 48 34
52 49 60
52 50 57
52 51 59
52 52 -1
52 53 63
52 54 38
52 55 53
52 56 49
52 57 16
52 58 71
52 59 32
52 60 35
52 61 10
52 62 45
52 63 29
52 64 47
52 65 39
52 66 24
52 67 26
52 68 59
52 69 32
52 70 23
52 71 62
52 72 19
52 73 11
52 74 16
53 1 46
53 2 52
53 3 56
53 4 25
53 5 15
53 6 43
53 7 26
53 8 75
53 9 10
53 10 23
53 11 5
53 12 52
53 13 21
53 14 70
53 15 70
53 16 57
53 17 72
53 18 49
53 19 22
53 20 21
53 21 59
53 22 52
53 23 74
53 24 50
53 25 6
53 26 35
53 27 37
53 28 31
53 29 35
53 30 15
53 31 46
53 32 33
53 33 72
53 34 62
53 35 42
53 36 66
53 37 38
53 38 13
53 39 73
53 40 66
53 41 45
53 42 11
53 43 34
53 44 48
53 45 63
53 46 38
53 47 26
53 48 51
53 49 16
53 50 15
53 51 19
53 52 63
53 53 -1
53 54 49
53 55 33
53 56 17
53 57 51
53 58 38
53 59 44
53 60 29
53 61 71
53 62 31
53 63 56
53 64 44
53 65 56
53 66 40
53 67 43
53 68 32
53 69 71
53 70 64
53 71 8
53 72 53
53 73 52
53 74 47
54 1 17
54 2 59
54 3 45
54 4 59
54 5 52
54 6 42
54 7 62
54 8 68
54 9 39
54 10 28
54 11 45
54 12 41
54 13 29
54 14 42
54 15 62
54 16 39
54 17 55
54 18 25
54 19 51
54 20 37
54 21 59
54 22 43
54 23 59
54 24 17
54 25 50
54 26 34
54 27 33
54 28 34
54 29 22
54 30 42
54 31 58
54 32 20
54 33 23
54 34 43
54 35 60
54 36 49
54 37 62
54 38 39
54 39 27
54 40 47
54 41 6
54 42 56
54 43 54
54 44 24
54 45 48
54 46 29
54 47 64
54 48 59
54 49 57
54 50 54
54 51 34
54 52 38
54 53 49
54 54 -1
54 55 22
54 56 46
54 57 42
54 58 37
54 59 52
54 60 25
54 61 39
54 62 18
54 63 57
54 64 64
54 65 7
54 66 23
54 67 16
54 68 27
54 69 67
54 70 22
54 71 43
54 72 47
54 73 32
54 74 29
55 1 30
55 2 62
55 3 55
55 4 50
55 5 41
55 6 46
55 7 53
55 8 78
55 9 24
55 10 21
55 11 27
55 12 50
55 13 12
55 14 59
55 15 72
55 16 51
55 17 68
55 18 37
55 19 44
55 20 16
55 21 66
55 22 52
55 23 72
55 24 33
55 25 36
55 26 36
55 27 36
55 28 12
55 29 26
55 30 32
55 31 59
55 32 21
55 33 45
55 34 56
55 35 58
55 36 62
55 37 59
55 38 20
55 39 49
55 40 60
55 41 16
55 42 42
55 43 51
55 44 36
55 45 60
55 46 33
55 47 54
55 48 62
55 49 45
55 50 43
55 51 14
55 52 53
55 53 33
55 54 22
55 55 -1
55 56 37
55 57 51
55 58 17
55 59 54
55 60 23
55 61 57
55 62 8
55 63 63
55 64 62
55 65 28
55 66 30
55 67 27
55 68 5
55 69 76
55 70 43
55 71 25
55 72 55
55 73 44
55 74 39
56 1 37
56 2 35
56 3 40
56 4 13
56 5 5
56 6 27
56 7 16
56 8 58
56 9 15
56 10 18
56 11 19
56 12 37
56 13 25
56 14 56
56 15 53
56 16 43
56 17 56
56 18 37
56 19 7
56 20 32
56 21 42
56 22 37
56 23 57
56 24 41
56 25 11
56 26 21
56 27 23
56 28 41
56 29 26
56 30 5
56 31 29
56 32 26
56 33 65
56 34 48
56 35 25
56 36 51
56 37 23
56 38 25
56 39 66
56 40 51
56 41 44
56 42 14
56 43 17
56 44 37
56 45 47
56 46 25
56 47 17
56 48 34
56 49 11
56 50 8
56 51 28
56 52 49
56 53 17
56 54 46
56 55 37
56 56 -1
56 57 36
56 58 48
56 59 27
56 60 21
56 61 58
56 62 31
56 63 38
56 64 28
56 65 53
56 66 30
56 67 35
56 68 39
56 69 54
56 70 56
56 71 21
56 72 37
56 73 38
56 74 34
57 1 25
57 2 18
57 3 4
57 4 41
57 5 41
57 6 9
57 7 43
57 8 27
57 9 45
57 10 33
57 11 51
57 12 2
57 13 45
57 14 22
57 15 21
57 16 9
57 17 20
57 18 18
57 19 35
57 20 57
57 21 17
57 22 1
57 23 22
57 24 27
57 25 47
57 26 17
57 27 15
57 28 62
57 29 25
57 30 36
57 31 21
57 32 30
57 33 49
57 34 12
57 35 27
57 36 15
57 37 33
57 38 53
57 39 46
57 40 15
57 41 45
57 42 50
57 43 26
57 44 19
57 45 11
57 46 17
57 47 45
57 48 19
57 49 46
57 50 44
57 51 52
57 52 16
57 53 51
57 54 42
57 55 51
57 56 36
57 57 -1
57 58 68
57 59 15
57 60 29
57 61 27
57 62 42
57 63 15
57 64 31
57 65 46
57 66 21
57 67 27
57 68 56
57 69 25
57 70 35
57 71 52
57 72 5
57 73 11
57 74 13
58 1 48
58 2 78
58 3 72
58 4 61
58 5 51
58 6 63
58 7 63
58 8 95
58 9 33
58 10 36
58 11 33
58 12 67
58 13 25
58 14 76
58 15 90
58 16 69
58 17 86
58 18 55
58 19 55
58 20 17
58 21 82
58 22 69
58 23 89
58 24 50
58 25 44
58 26 53
58 27 53
58 28 7
58 29 43
58 30 44
58 31 74
58 32 38
58 33 59
58 34 74
58 35 73
58 36 80
58 37 72
58 38 25
58 39 63
58 40 78
58 41 31
58 42 49
58 43 65
58 44 54
58 45 77
58 46 51
58 47 64
58 48 77
58 49 54
58 50 52
58 51 20
58 52 71
58 53 38
58 54 37
58 55 17
58 56 48
58 57 68
58 58 -1
58 59 70
58 60 40
58 61 74
58 62 26
58 63 79
58 64 76
58 65 42
58 66 48
58 67 45
58 68 12
58 69 93
58 70 60
58 71 30
58 72 72
58 73 62
58 74 57
59 1 35
59 2 8
59 3 17
59 4 28
59 5 31
59 6 10
59 7 30
59 8 30
59 9 41
59 10 33
59 11 46
59 12 17
59 13 45
59 14 38
59 15 26
59 16 24
59 17 32
59 18 30
59 19 24
59 20 56
59 21 14
59 22 16
59 23 32
59 24 38
59 25 39
59 26 18
59 27 19
59 28 63
59 29 30
59 30 29
59 31 6
59 32 34
59 33 62
59 34 27
59 35 11
59 36 28
59 37 17
59 38 50
59 39 60
59 40 29
59 41 53
59 42 40
59 43 13
59 44 30
59 45 24
59 46 23
59 47 32
59 48 7
59 49 34
59 50 33
59 51 51
59 52 32
59 53 44
59 54 52
59 55 54
59 56 27
59 57 15
59 58 70
59 59 -1
59 60 31
59 61 42
59 62 46
59 63 11
59 64 15
59 65 56
59 66 29
59 67 36
59 68 58
59 69 26
59 70 49
59 71 48
59 72 13
59 73 25
59 74 24
60 1 16
60 2 39
60 3 33
60 4 34
60 5 27
60 6 23
60 7 37
60 8 55
60 9 20
60 10 6
60 11 27
60 12 28
60 13 16
60 14 41
60 15 50
60 16 31
60 17 48
60 18 20
60 19 26
60 20 29
60 21 43
60 22 29
60 23 50
60 24 21
60 25 28
60 26 13
60 27 13
60 28 33
60 29 6
60 30 17
60 31 36
60 32 5
60 33 44
60 34 36
60 35 37
60 36 41
60 37 38
60 38 25
60 39 45
60 40 40
60 41 23
60 42 33
60 43 30
60 44 19
60 45 38
60 46 11
60 47 39
60 48 38
60 49 33
60 50 30
60 51 24
60 52 35
60 53 29
60 54 25
60 55 23
60 56 21
60 57 29
60 58 40
60 59 31
60 60 -1
60 61 42
60 62 14
60 63 39
60 64 41
60 65 31
60 66 11
60 67 14
60 68 27
60 69 53
60 70 35
60 71 27
60 72 32
60 73 24
60 74 19
61 1 27
61 2 44
61 3 25
61 4 66
61 5 64
61 6 34
61 7 68
61 8 39
61 9 62
61 10 48
61 11 69
61 12 25
61 13 57
61 14 6
61 15 33
61 16 17
61 17 22
61 18 22
61 19 59
61 20 69
61 21 39
61 22 26
61 23 27
61 24 24
61 25 68
61 26 37
61 27 34
61 28 69
61 29 36
61 30 56
61 31 48
61 32 39
61 33 30
61 34 15
61 35 54
61 36 18
61 37 60
61 38 67
61 39 26
61 40 17
61 41 44
61 42 72
61 43 53
61 44 23
61 45 21
61 46 33
61 47 71
61 48 45
61 49 69
61 50 67
61 51 64
61 52 10
61 53 71
61 54 39
61 55 57
61 56 58
61 57 27
61 58 74
61 59 42
61 60 42
61 61 -1
61 62 49
61 63 39
61 64 58
61 65 37
61 66 31
61 67 30
61 68 62
61 69 40
61 70 18
61 71 69
61 72 30
61 73 19
61 74 24
62 1 22
62 2 54
62 3 46
62 4 45
62 5 36
62 6 38
62 7 47
62 8 70
62 9 21
62 10 14
62 11 26
62 12 41
62 13 10
62 14 51
62 15 64
62 16 43
62 17 60
62 18 29
62 19 38
62 20 20
62 21 57
62 22 43
62 23 63
62 24 25
62 25 33
62 26 28
62 27 28
62 28 20
62 29 17
62 30 26
62 31 51
62 32 12
62 33 42
62 34 48
62 35 51
62 36 53
62 37 52
62 38 21
62 39 44
62 40 52
62 41 14
62 42 39
62 43 44
62 44 28
62 45 51
62 46 25
62 47 49
62 48 53
62 49 41
62 50 38
62 51 16
62 52 45
62 53 31
62 54 18
62 55 8
62 56 31
62 57 42
62 58 26
62 59 46
62 60 14
62 61 49
62 62 -1
62 63 54
62 64 55
62 65 25
62 66 21
62 67 19
62 68 13
62 69 67
62 70 38
62 71 25
62 72 46
62 73 36
62 74 31
63 1 40
63 2 6
63 3 14
63 4 38
63 5 42
63 6 16
63 7 40
63 8 19
63 9 51
63 10 43
63 11 57
63 12 17
63 13 55
63 14 34
63 15 16
63 16 22
63 17 24
63 18 33
63 19 35
63 20 66
63 21 3
63 22 15
63 23 22
63 24 42
63 25 50
63 26 26
63 27 26
63 28 72
63 29 37
63 30 40
63 31 13
63 32 42
63 33 64
63 34 23
63 35 19
63 36 22
63 37 26
63 38 60
63 39 61
63 40 23
63 41 59
63 42 51
63 43 23
63 44 34
63 45 18
63 46 29
63 47 42
63 48 7
63 49 45
63 50 44
63 51 61
63 52 29
63 53 56
63 54 57
63 55 63
63 56 38
63 57 15
63 58 79
63 59 11
63 60 39
63 61 39
63 62 54
63 63 -1
63 64 21
63 65 61
63 66 34
63 67 41
63 68 67
63 69 15
63 70 50
63 71 59
63 72 10
63 73 26
63 74 28
64 1 49
64 2 15
64 3 33
64 4 20
64 5 28
64 6 25
64 7 21
64 8 39
64 9 43
64 10 41
64 11 47
64 12 33
64 13 51
64 14 53
64 15 37
64 16 40
64 17 45
64 18 44
64 19 21
64 20 60
64 21 24
64 22 31
64 23 44
64 24 52
64 25 37
64 26 30
64 27 31
64 28 68
64 29 41
64 30 32
64 31 9
64 32 45
64 33 77
64 34 43
64 35 4
64 36 42
64 37 5
64 38 53
64 39 76
64 40 43
64 41 64
64 42 36
64 43 11
64 44 45
64 45 38
64 46 35
64 47 22
64 48 14
64 49 29
64 50 29
64 51 56
64 52 47
64 53 44
64 54 64
64 55 62
64 56 28
64 57 31
64 58 76
64 59 15
64 60 41
64 61 58
64 62 55
64 63 21
64 64 -1
64 65 69
64 66 42
64 67 49
64 68 65
64 69 35
64 70 64
64 71 49
64 72 28
64 73 40
64 74 39
65 1 21
65 2 63
65 3 48
65 4 66
65 5 58
65 6 46
65 7 69
65 8 70
65 9 46
65 10 35
65 11 52
65 12 44
65 13 36
65 14 41
65 15 64
65 16 41
65 17 55
65 18 28
65 19 58
65 20 44
65 21 63
65 22 46
65 23 60
65 24 19
65 25 58
65 26 39
65 27 38
65 28 40
65 29 28
65 30 48
65 31 63
65 32 26
65 33 17
65 34 44
65 35 65
65 36 50
65 37 68
65 38 47
65 39 21
65 40 48
65 41 12
65 42 63
65 43 60
65 44 27
65 45 50
65 46 34
65 47 71
65 48 63
65 49 64
65 50 61
65 51 41
65 52 39
65 53 56
65 54 7
65 55 28
65 56 53
65 57 46
65 58 42
65 59 56
65 60 31
65 61 37
65 62 25
65 63 61
65 64 69
65 65 -1
65 66 27
65 67 20
65 68 33
65 69 69
65 70 19
65 71 51
65 72 51
65 73 35
65 74 33
66 1 7
66 2 36
66 3 25
66 4 41
66 5 35
66 6 19
66 7 43
66 8 48
66 9 31
66 10 17
66 11 38
66 12 20
66 13 26
66 14 31
66 15 42
66 16 21
66 17 38
66 18 9
66 19 33
66 20 39
66 21 37
66 22 21
66 23 41
66 24 12
66 25 38
66 26 12
66 27 10
66 28 42
66 29 5
66 30 26
66 31 35
66 32 9
66 33 36
66 34 26
66 35 37
66 36 32
66 37 41
66 38 36
66 39 36
66 40 30
66 41 24
66 42 43
66 43 32
66 44 8
66 45 29
66 46 6
66 47 46
66 48 36
66 49 41
66 50 38
66 51 34
66 52 24
66 53 40
66 54 23
66 55 30
66 56 30
66 57 21
66 58 48
66 59 29
66 60 11
66 61 31
66 62 21
66 63 34
66 64 42
66 65 27
66 66 -1
66 67 7
66 68 35
66 69 46
66 70 26
66 71 38
66 72 26
66 73 14
66 74 9
67 1 3
67 2 43
67 3 30
67 4 47
67 5 41
67 6 26
67 7 50
67 8 53
67 9 33
67 10 19
67 11 40
67 12 25
67 13 27
67 14 31
67 15 47
67 16 25
67 17 41
67 18 10
67 19 39
67 20 39
67 21 43
67 22 27
67 23 45
67 24 7
67 25 42
67 26 19
67 27 17
67 28 39
67 29 9
67 30 31
67 31 42
67 32 10
67 33 30
67 34 29
67 35 44
67 36 35
67 37 48
67 38 38
67 39 31
67 40 33
67 41 18
67 42 47
67 43 39
67 44 9
67 45 33
67 46 13
67 47 52
67 48 43
67 49 47
67 50 44
67 51 34
67 52 26
67 53 43
67 54 16
67 55 27
67 56 35
67 57 27
67 58 45
67 59 36
67 60 14
67 61 30
67 62 19
67 63 41
67 64 49
67 65 20
67 66 7
67 67 -1
67 68 32
67 69 52
67 70 21
67 71 40
67 72 32
67 73 18
67 74 13
68 1 35
68 2 66
68 3 60
68 4 52
68 5 42
68 6 50
68 7 54
68 8 83
68 9 24
68 10 24
68 11 26
68 12 55
68 13 14
68 14 64
68 15 77
68 16 56
68 17 73
68 18 43
68 19 46
68 20 12
68 21 70
68 22 56
68 23 77
68 24 38
68 25 36
68 26 40
68 27 41
68 28 7
68 29 31
68 30 34
68 31 62
68 32 26
68 33 50
68 34 61
68 35 61
68 36 67
68 37 61
68 38 18
68 39 54
68 40 66
68 41 21
68 42 42
68 43 54
68 44 41
68 45 65
68 46 38
68 47 55
68 48 65
68 49 46
68 50 43
68 51 12
68 52 59
68 53 32
68 54 27
68 55 5
68 56 39
68 57 56
68 58 12
68 59 58
68 60 27
68 61 62
68 62 13
68 63 67
68 64 65
68 65 33
68 66 35
68 67 32
68 68 -1
68 69 80
68 70 49
68 71 24
68 72 60
68 73 49
68 74 44
69 1 49
69 2 20
69 3 21
69 4 53
69 5 57
69 6 30
69 7 55
69 8 4
69 9 67
69 10 57
69 11 72
69 12 26
69 13 69
69 14 33
69 15 6
69 16 28
69 17 18
69 18 42
69 19 50
69 20 81
69 21 12
69 22 24
69 23 14
69 24 50
69 25 66
69 26 40
69 27 39
69 28 86
69 29 49
69 30 56
69 31 27
69 32 54
69 33 69
69 34 26
69 35 33
69 36 21
69 37 40
69 38 75
69 39 65
69 40 23
69 41 70
69 42 66
69 43 38
69 44 43
69 45 20
69 46 42
69 47 56
69 48 21
69 49 61
69 50 60
69 51 76
69 52 32
69 53 71
69 54 67
69 55 76
69 56 54
69 57 25
69 58 93
69 59 26
69 60 53
69 61 40
69 62 67
69 63 15
69 64 35
69 65 69
69 66 46
69 67 52
69 68 80
69 69 -1
69 70 55
69 71 74
69 72 20
69 73 34
69 74 38
70 1 18
70 2 53
70 3 35
70 4 66
70 5 61
70 6 39
70 7 69
70 8 55
70 9 54
70 10 41
70 11 61
70 12 32
70 13 47
70 14 23
70 15 49
70 16 27
70 17 38
70 18 19
70 19 59
70 20 58
70 21 51
70 22 34
70 23 43
70 24 14
70 25 64
70 26 36
70 27 34
70 28 56
70 29 29
70 30 52
70 31 55
70 32 31
70 33 14
70 34 29
70 35 59
70 36 34
70 37 64
70 38 58
70 39 11
70 40 32
70 41 28
70 42 68
70 43 56
70 44 19
70 45 35
70 46 31
70 47 71
70 48 54
70 49 67
70 50 65
70 51 54
70 52 23
70 53 64
70 54 22
70 55 43
70 56 56
70 57 35
70 58 60
70 59 49
70 60 35
70 61 18
70 62 38
70 63 50
70 64 64
70 65 19
70 66 26
70 67 21
70 68 49
70 69 55
70 70 -1
70 71 61
70 72 39
70 73 24
70 74 25
71 1 43
71 2 55
71 3 57
71 4 32
71 5 22
71 6 44
71 7 33
71 8 77
71 9 7
71 10 21
71 11 3
71 12 52
71 13 14
71 14 68
71 15 72
71 16 57
71 17 73
71 18 47
71 19 28
71 20 13
71 21 62
71 22 53
71 23 75
71 24 47
71 25 14
71 26 35
71 27 37
71 28 23
71 29 33
71 30 18
71 31 50
71 32 30
71 33 66
71 34 62
71 35 47
71 36 67
71 37 44
71 38 5
71 39 69
71 40 66
71 41 39
71 42 19
71 43 39
71 44 46
71 45 63
71 46 37
71 47 34
71 48 55
71 49 24
71 50 22
71 51 11
71 52 62
71 53 8
71 54 43
71 55 25
71 56 21
71 57 52
71 58 30
71 59 48
71 60 27
71 61 69
71 62 25
71 63 59
71 64 49
71 65 51
71 66 38
71 67 40
71 68 24
71 69 74
71 70 61
71 71 -1
71 72 55
71 73 51
71 74 45
72 1 30
72 2 14
72 3 5
72 4 40
72 5 41
72 6 10
72 7 42
72 8 23
72 9 47
72 10 36
72 11 53
72 12 7
72 13 48
72 14 25
72 15 17
72 16 13
72 17 20
72 18 23
72 19 35
72 20 60
72 21 12
72 22 5
72 23 20
72 24 32
72 25 48
72 26 19
72 27 19
72 28 65
72 29 29
72 30 37
72 31 18
72 32 34
72 33 53
72 34 15
72 35 24
72 36 15
72 37 30
72 38 56
72 39 51
72 40 16
72 41 50
72 42 50
72 43 25
72 44 24
72 45 11
72 46 21
72 47 44
72 48 15
72 49 46
72 50 44
72 51 55
72 52 19
72 53 53
72 54 47
72 55 55
72 56 37
72 57 5
72 58 72
72 59 13
72 60 32
72 61 30
72 62 46
72 63 10
72 64 28
72 65 51
72 66 26
72 67 32
72 68 60
72 69 20
72 70 39
72 71 55
72 72 -1
72 73 16
72 74 18
73 1 15
73 2 29
73 3 13
73 4 46
73 5 44
73 6 15
73 7 49
73 8 35
73 9 43
73 10 30
73 11 50
73 12 9
73 13 41
73 14 18
73 15 29
73 16 7
73 17 24
73 18 7
73 19 39
73 20 53
73 21 28
73 22 11
73 23 27
73 24 16
73 25 49
73 26 17
73 27 15
73 28 56
73 29 19
73 30 37
73 31 31
73 32 23
73 33 37
73 34 12
73 35 36
73 36 17
73 37 41
73 38 50
73 39 35
73 40 16
73 41 36
73 42 52
73 43 34
73 44 8
73 45 15
73 46 14
73 47 51
73 48 30
73 49 49
73 50 47
73 51 48
73 52 11
73 53 52
73 54 32
73 55 44
73 56 38
73 57 11
73 58 62
73 59 25
73 60 24
73 61 19
73 62 36
73 63 26
73 64 40
73 65 35
73 66 14
73 67 18
73 68 49
73 69 34
73 70 24
73 71 51
73 72 16
73 73 -1
73 74 5
74 1 12
74 2 30
74 3 16
74 4 43
74 5 39
74 6 14
74 7 45
74 8 39
74 9 38
74 10 25
74 11 45
74 12 11
74 13 35
74 14 23
74 15 33
74 16 12
74 17 29
74 18 5
74 19 35
74 20 48
74 21 30
74 22 13
74 23 32
74 24 14
74 25 44
74 26 13
74 27 10
74 28 51
74 29 13
74 30 32
74 31 31
74 32 18
74 33 38
74 34 17
74 35 34
74 36 22
74 37 39
74 38 45
74 39 36
74 40 21
74 41 32
74 42 48
74 43 31
74 44 6
74 45 20
74 46 9
74 47 48
74 48 30
74 49 45
74 50 43
74 51 43
74 52 16
74 53 47
74 54 29
74 55 39
74 56 34
74 57 13
74 58 57
74 59 24
74 60 19
74 61 24
74 62 31
74 63 28
74 64 39
74 65 33
74 66 9
74 67 13
74 68 44
74 69 38
74 70 25
74 71 45
74 72 18
74 73 5
74 74 -1
