28 68
28 51
28 20
28 55
28 58
56 4
56 5
56 49
56 50
56 19
56 25
56 30
38 71
38 9
38 11
38 13
38 51
38 20
38 53
68 51
68 20
68 55
68 58
68 28
68 62
63 2
63 72
63 48
63 21
63 59
63 31
10 32
10 13
10 60
10 29
10 30
11 38
11 71
11 9
11 53
11 25
3 34
3 36
3 6
3 40
3 72
3 73
3 12
3 45
3 16
3 22
3 57
9 38
9 71
9 11
9 13
9 51
9 53
9 25
9 30
33 39
53 38
53 71
53 9
53 42
53 11
53 25
49 4
49 5
49 7
49 42
49 47
49 50
49 19
49 56
49 25
23 36
23 8
23 40
23 45
23 15
23 17
41 65
41 54
15 69
15 8
15 17
15 21
15 23
45 34
45 3
45 36
45 40
45 72
45 12
45 16
45 17
45 52
45 22
45 23
45 57
65 41
65 54
73 34
73 3
73 74
73 12
73 44
73 16
73 18
73 52
73 22
73 57
29 32
29 1
29 66
29 67
29 10
29 74
29 44
29 46
29 26
29 27
29 60
44 1
44 66
44 67
44 73
44 74
44 46
44 18
44 24
44 29
16 34
16 3
16 36
16 40
16 72
16 73
16 74
16 12
16 45
16 14
16 52
16 22
16 57
18 1
18 66
18 67
18 73
18 74
18 44
18 46
18 24
66 32
66 1
66 67
66 74
66 44
66 46
66 18
66 24
66 26
66 27
66 60
66 29
60 32
60 66
60 10
60 46
60 26
60 27
60 29
58 28
58 68
39 33
39 70
62 32
62 68
62 13
62 55
6 3
6 72
6 59
6 12
6 46
6 22
6 57
6 26
6 27
4 5
4 7
4 47
4 49
4 50
4 19
4 56
2 35
2 48
2 21
2 59
2 63
2 31
21 2
21 69
21 72
21 15
21 48
21 63
48 2
48 35
48 21
48 59
48 63
48 31
69 8
69 21
69 15
57 34
57 3
57 6
57 72
57 73
57 74
57 12
57 45
57 16
57 22
7 4
7 5
7 47
7 49
7 50
7 19
8 23
8 69
8 15
19 4
19 5
19 7
19 43
19 47
19 49
19 50
19 56
19 30
