1 1 -1
1 2 71
1 3 69
1 4 66
1 5 68
1 6 56
1 7 106
1 8 87
1 9 28
1 10 45
1 11 36
1 12 90
1 13 109
1 14 22
1 15 58
1 16 88
1 17 86
1 18 68
1 19 52
1 20 76
1 21 63
1 22 70
1 23 88
1 24 63
1 25 69
1 26 50
1 27 45
1 28 50
1 29 55
1 30 71
1 31 52
1 32 34
1 33 41
1 34 34
1 35 18
1 36 48
1 37 73
1 38 37
1 39 115
1 40 32
1 41 78
1 42 29
1 43 50
1 44 74
1 45 44
1 46 114
1 47 60
1 48 28
1 49 60
1 50 67
1 51 50
1 52 77
1 53 97
1 54 22
1 55 80
1 56 97
1 57 65
1 58 41
1 59 62
1 60 49
1 61 99
1 62 25
1 63 92
1 64 71
1 65 29
1 66 17
1 67 20
1 68 73
1 69 83
1 70 50
1 71 51
1 72 59
1 73 61
1 74 10
1 75 39
1 76 78
1 77 40
1 78 70
1 79 22
1 80 93
1 81 58
1 82 76
1 83 84
1 84 101
1 85 62
1 86 64
1 87 65
1 88 89
1 89 8
1 90 87
1 91 59
1 92 31
1 93 53
1 94 93
1 95 44
1 96 77
1 97 71
1 98 82
1 99 32
1 100 63
2 1 71
2 2 -1
2 3 60
2 4 64
2 5 19
2 6 46
2 7 36
2 8 33
2 9 46
2 10 28
2 11 43
2 12 65
2 13 38
2 14 68
2 15 29
2 16 24
2 17 17
2 18 11
2 19 26
2 20 13
2 21 15
2 22 40
2 23 23
2 24 21
2 25 16
2 26 35
2 27 55
2 28 30
2 29 21
2 30 2
2 31 53
2 32 48
2 33 32
2 34 50
2 35 53
2 36 59
2 37 50
2 38 55
2 39 44
2 40 65
2 41 65
2 42 58
2 43 63
2 44 55
2 45 42
2 46 43
2 47 56
2 48 81
2 49 52
2 50 68
2 51 28
2 52 34
2 53 40
2 54 49
2 55 11
2 56 56
2 57 58
2 58 42
2 59 33
2 60 50
2 61 46
2 62 63
2 63 48
2 64 8
2 65 60
2 66 56
2 67 51
2 68 40
2 69 32
2 70 30
2 71 65
2 72 25
2 73 43
2 74 77
2 75 38
2 76 45
2 77 64
2 78 49
2 79 58
2 80 27
2 81 65
2 82 27
2 83 21
2 84 31
2 85 16
2 86 44
2 87 46
2 88 43
2 89 65
2 90 68
2 91 12
2 92 81
2 93 70
2 94 48
2 95 37
2 96 38
2 97 37
2 98 16
2 99 51
2 100 59
3 1 69
3 2 60
3 3 -1
3 4 6
3 5 41
3 6 17
3 7 90
3 8 42
3 9 46
3 10 45
3 11 72
3 12 22
3 13 76
3 14 49
3 15 77
3 16 54
3 17 61
3 18 68
3 19 38
3 20 73
3 21 45
3 22 21
3 23 55
3 24 73
3 25 73
3 26 30
3 27 24
3 28 35
3 29 65
3 30 62
3 31 93
3 32 37
3 33 63
3 34 77
3 35 55
3 36 94
3 37 13
3 38 31
3 39 92
3 40 39
3 41 8
3 42 81
3 43 98
3 44 9
3 45 30
3 46 90
3 47 99
3 48 55
3 49 96
3 50 111
3 51 38
3 52 91
3 53 49
3 54 56
3 55 58
3 56 35
3 57 104
3 58 75
3 59 27
3 60 21
3 61 47
3 62 45
3 63 34
3 64 52
3 65 82
3 66 66
3 67 62
3 68 94
3 69 38
3 70 36
3 71 21
3 72 74
3 73 90
3 74 67
3 75 39
3 76 21
3 77 31
3 78 11
3 79 47
3 80 58
3 81 104
3 82 37
3 83 50
3 84 70
3 85 44
3 86 16
3 87 95
3 88 35
3 89 69
3 90 17
3 91 55
3 92 52
3 93 23
3 94 36
3 95 73
3 96 94
3 97 24
3 98 76
3 99 77
3 100 6
4 1 66
4 2 64
4 3 6
4 4 -1
4 5 45
4 6 18
4 7 95
4 8 48
4 9 45
4 10 47
4 11 72
4 12 27
4 13 82
4 14 45
4 15 79
4 16 59
4 17 66
4 18 71
4 19 40
4 20 77
4 21 49
4 22 26
4 23 61
4 24 75
4 25 75
4 26 31
4 27 21
4 28 37
4 29 67
4 30 66
4 31 93
4 32 36
4 33 64
4 34 77
4 35 53
4 36 94
4 37 19
4 38 29
4 39 98
4 40 34
4 41 13
4 42 79
4 43 98
4 44 15
4 45 30
4 46 95
4 47 100
4 48 50
4 49 97
4 50 111
4 51 39
4 52 94
4 53 55
4 54 54
4 55 62
4 56 41
4 57 104
4 58 75
4 59 31
4 60 19
4 61 53
4 62 41
4 63 41
4 64 56
4 65 81
4 66 64
4 67 60
4 68 96
4 69 44
4 70 37
4 71 16
4 72 76
4 73 91
4 74 63
4 75 39
4 76 27
4 77 26
4 78 17
4 79 44
4 80 63
4 81 104
4 82 42
4 83 56
4 84 75
4 85 48
4 86 20
4 87 96
4 88 41
4 89 67
4 90 22
4 91 57
4 92 47
4 93 17
4 94 42
4 95 73
4 96 97
4 97 29
4 98 80
4 99 76
4 100 5
5 1 68
5 2 19
5 3 41
5 4 45
5 5 -1
5 6 28
5 7 50
5 8 20
5 9 40
5 10 24
5 11 49
5 12 46
5 13 43
5 14 59
5 15 43
5 16 20
5 17 22
5 18 29
5 19 16
5 20 33
5 21 8
5 22 20
5 23 20
5 24 36
5 25 34
5 26 21
5 27 41
5 28 18
5 29 32
5 30 22
5 31 65
5 32 38
5 33 38
5 34 56
5 35 49
5 36 70
5 37 30
5 38 42
5 39 55
5 40 53
5 41 45
5 42 63
5 43 73
5 44 35
5 45 29
5 46 53
5 47 70
5 48 71
5 49 66
5 50 82
5 51 18
5 52 53
5 53 30
5 54 46
5 55 18
5 56 39
5 57 73
5 58 50
5 59 14
5 60 34
5 61 33
5 62 53
5 63 31
5 64 11
5 65 65
5 66 56
5 67 51
5 68 58
5 69 17
5 70 19
5 71 49
5 72 40
5 73 58
5 74 72
5 75 29
5 76 25
5 77 50
5 78 30
5 79 50
5 80 25
5 81 77
5 82 10
5 83 16
5 84 35
5 85 8
5 86 25
5 87 62
5 88 26
5 89 63
5 90 49
5 91 19
5 92 70
5 93 53
5 94 31
5 95 46
5 96 56
5 97 17
5 98 35
5 99 57
5 100 40
6 1 56
6 2 46
6 3 17
6 4 18
6 5 28
6 6 -1
6 7 79
6 8 38
6 9 30
6 10 28
6 11 55
6 12 34
6 13 70
6 14 39
6 15 60
6 16 46
6 17 50
6 18 53
6 19 21
6 20 59
6 21 31
6 22 15
6 23 47
6 24 56
6 25 57
6 26 13
6 27 14
6 28 18
6 29 48
6 30 48
6 31 76
6 32 22
6 33 46
6 34 60
6 35 40
6 36 77
6 37 17
6 38 20
6 39 83
6 40 30
6 41 25
6 42 64
6 43 81
6 44 18
6 45 13
6 46 81
6 47 82
6 48 48
6 49 79
6 50 94
6 51 21
6 52 75
6 53 47
6 54 40
6 55 46
6 56 41
6 57 86
6 58 58
6 59 14
6 60 8
6 61 47
6 62 34
6 63 37
6 64 39
6 65 66
6 66 50
6 67 46
6 68 77
6 69 33
6 70 19
6 71 21
6 72 58
6 73 73
6 74 56
6 75 22
6 76 22
6 77 24
6 78 14
6 79 34
6 80 51
6 81 87
6 82 29
6 83 42
6 84 62
6 85 30
6 86 8
6 87 78
6 88 35
6 89 55
6 90 33
6 91 39
6 92 46
6 93 25
6 94 38
6 95 56
6 96 78
6 97 18
6 98 62
6 99 60
6 100 13
7 1 106
7 2 36
7 3 90
7 4 95
7 5 50
7 6 79
7 7 -1
7 8 51
7 9 82
7 10 64
7 11 73
7 12 89
7 13 24
7 14 104
7 15 53
7 16 38
7 17 29
7 18 38
7 19 62
7 20 30
7 21 50
7 22 69
7 23 36
7 24 45
7 25 38
7 26 71
7 27 91
7 28 65
7 29 51
7 30 36
7 31 75
7 32 84
7 33 65
7 34 79
7 35 89
7 36 83
7 37 78
7 38 91
7 39 12
7 40 101
7 41 93
7 42 88
7 43 85
7 44 83
7 45 78
7 46 13
7 47 74
7 48 117
7 49 70
7 50 84
7 51 64
7 52 42
7 53 51
7 54 84
7 55 32
7 56 73
7 57 74
7 58 70
7 59 65
7 60 85
7 61 57
7 62 99
7 63 66
7 64 41
7 65 90
7 66 90
7 67 86
7 68 51
7 69 54
7 70 66
7 71 100
7 72 50
7 73 61
7 74 113
7 75 74
7 76 71
7 77 100
7 78 79
7 79 94
7 80 35
7 81 84
7 82 53
7 83 40
7 84 25
7 85 51
7 86 75
7 87 62
7 88 62
7 89 99
7 90 94
7 91 48
7 92 117
7 93 104
7 94 65
7 95 65
7 96 46
7 97 66
7 98 24
7 99 81
7 100 90
8 1 87
8 2 33
8 3 42
8 4 48
8 5 20
8 6 38
8 7 51
8 8 -1
8 9 59
8 10 44
8 11 69
8 12 38
8 13 34
8 14 75
8 15 61
8 16 13
8 17 23
8 18 44
8 19 35
8 20 45
8 21 27
8 22 23
8 23 15
8 24 53
8 25 49
8 26 37
8 27 53
8 28 36
8 29 50
8 30 36
8 31 85
8 32 55
8 33 58
8 34 76
8 35 68
8 36 89
8 37 29
8 38 56
8 39 50
8 40 68
8 41 43
8 42 84
8 43 93
8 44 34
8 45 45
8 46 48
8 47 88
8 48 85
8 49 84
8 50 100
8 51 37
8 52 67
8 53 10
8 54 66
8 55 24
8 56 23
8 57 91
8 58 70
8 59 26
8 60 46
8 61 13
8 62 69
8 63 16
8 64 25
8 65 85
8 66 76
8 67 71
8 68 73
8 69 5
8 70 37
8 71 58
8 72 57
8 73 76
8 74 89
8 75 47
8 76 21
8 77 63
8 78 31
8 79 67
8 80 16
8 81 96
8 82 11
8 83 12
8 84 27
8 85 28
8 86 31
8 87 79
8 88 11
8 89 83
8 90 43
8 91 38
8 92 84
8 93 62
8 94 15
8 95 65
8 96 71
8 97 20
8 98 44
8 99 77
8 100 45
9 1 28
9 2 46
9 3 46
9 4 45
9 5 40
9 6 30
9 7 82
9 8 59
9 9 -1
9 10 18
9 11 28
9 12 65
9 13 82
9 14 21
9 15 43
9 16 60
9 17 59
9 18 46
9 19 24
9 20 54
9 21 35
9 22 42
9 23 60
9 24 44
9 25 48
9 26 22
9 27 25
9 28 22
9 29 35
9 30 46
9 31 50
9 32 9
9 33 25
9 34 32
9 35 10
9 36 50
9 37 47
9 38 17
9 39 90
9 40 23
9 41 55
9 42 34
9 43 53
9 44 49
9 45 17
9 46 89
9 47 58
9 48 35
9 49 56
9 50 68
9 51 22
9 52 62
9 53 69
9 54 9
9 55 53
9 56 69
9 57 62
9 58 33
9 59 34
9 60 25
9 61 71
9 62 18
9 63 64
9 64 44
9 65 36
9 66 20
9 67 15
9 68 61
9 69 54
9 70 21
9 71 35
9 72 42
9 73 52
9 74 31
9 75 11
9 76 50
9 77 26
9 78 44
9 79 11
9 80 65
9 81 60
9 82 47
9 83 56
9 84 74
9 85 34
9 86 37
9 87 57
9 88 61
9 89 25
9 90 63
9 91 34
9 92 35
9 93 38
9 94 65
9 95 33
9 96 63
9 97 43
9 98 59
9 99 31
9 100 41
10 1 45
10 2 28
10 3 45
10 4 47
10 5 24
10 6 28
10 7 64
10 8 44
10 9 18
10 10 -1
10 11 28
10 12 60
10 13 64
10 14 39
10 15 32
10 16 43
10 17 41
10 18 29
10 19 9
10 20 37
10 21 18
10 22 33
10 23 43
10 24 30
10 25 32
10 26 15
10 27 32
10 28 10
10 29 21
10 30 28
10 31 48
10 32 20
10 33 18
10 34 34
10 35 26
10 36 50
10 37 41
10 38 28
10 39 72
10 40 38
10 41 53
10 42 40
10 43 54
10 44 45
10 45 18
10 46 70
10 47 54
10 48 53
10 49 51
10 50 65
10 51 8
10 52 49
10 53 54
10 54 23
10 55 35
10 56 59
10 57 58
10 58 30
10 59 23
10 60 28
10 61 57
10 62 35
10 63 52
10 64 26
10 65 42
10 66 32
10 67 27
10 68 50
10 69 40
10 70 9
10 71 43
10 72 30
10 73 44
10 74 49
10 75 10
10 76 41
10 77 38
10 78 39
10 79 29
10 80 48
10 81 59
10 82 33
10 83 39
10 84 56
10 85 16
10 86 31
10 87 49
10 88 48
10 89 40
10 90 60
10 91 16
10 92 53
10 93 47
10 94 53
10 95 27
10 96 51
10 97 32
10 98 42
10 99 34
10 100 42
11 1 36
11 2 43
11 3 72
11 4 72
11 5 49
11 6 55
11 7 73
11 8 69
11 9 28
11 10 28
11 11 -1
11 12 88
11 13 81
11 14 46
11 15 21
11 16 66
11 17 60
11 18 36
11 19 38
11 20 43
11 21 41
11 22 61
11 23 65
11 24 28
11 25 35
11 26 42
11 27 53
11 28 38
11 29 22
11 30 41
11 31 21
11 32 37
11 33 11
11 34 7
11 35 26
11 36 22
11 37 69
11 38 46
11 39 84
11 40 50
11 41 80
11 42 15
11 43 26
11 44 73
11 45 42
11 46 83
11 47 29
11 48 58
11 49 27
11 50 39
11 51 36
11 52 41
11 53 79
11 54 22
11 55 54
11 56 87
11 57 34
11 58 5
11 59 51
11 60 52
11 61 83
11 62 44
11 63 80
11 64 47
11 65 17
11 66 19
11 67 18
11 68 36
11 69 66
11 70 38
11 71 63
11 72 24
11 73 25
11 74 45
11 75 32
11 76 69
11 77 55
11 78 67
11 79 37
11 80 70
11 81 32
11 82 59
11 83 62
11 84 74
11 85 41
11 86 59
11 87 30
11 88 75
11 89 28
11 90 87
11 91 33
11 92 60
11 93 67
11 94 80
11 95 8
11 96 40
11 97 60
11 98 49
11 99 8
11 100 67
12 1 90
12 2 65
12 3 22
12 4 27
12 5 46
12 6 34
12 7 89
12 8 38
12 9 65
12 10 60
12 11 88
12 12 -1
12 13 70
12 14 71
12 15 89
12 16 51
12 17 60
12 18 76
12 19 50
12 20 79
12 21 53
12 22 27
12 23 53
12 24 82
12 25 81
12 26 46
12 27 45
12 28 49
12 29 76
12 30 68
12 31 108
12 32 57
12 33 78
12 34 94
12 35 75
12 36 110
12 37 18
12 38 53
12 39 88
12 40 61
12 41 14
12 42 99
12 43 114
12 44 16
12 45 48
12 46 85
12 47 113
12 48 77
12 49 110
12 50 125
12 51 51
12 52 99
12 53 39
12 54 75
12 55 60
12 56 19
12 57 117
12 58 90
12 59 37
12 60 41
12 61 35
12 62 66
12 63 23
12 64 56
12 65 100
12 66 85
12 67 81
12 68 104
12 69 35
12 70 50
12 71 43
12 72 85
12 73 102
12 74 88
12 75 56
12 76 20
12 77 53
12 78 21
12 79 68
12 80 54
12 81 119
12 82 38
12 83 49
12 84 65
12 85 53
12 86 28
12 87 107
12 88 27
12 89 90
12 90 7
12 91 64
12 92 74
12 93 44
12 94 24
12 95 87
12 96 103
12 97 29
12 98 80
12 99 94
12 100 28
13 1 109
13 2 38
13 3 76
13 4 82
13 5 43
13 6 70
13 7 24
13 8 34
13 9 82
13 10 64
13 11 81
13 12 70
13 13 -1
13 14 102
13 15 65
13 16 23
13 17 22
13 18 46
13 19 58
13 20 41
13 21 46
13 22 56
13 23 22
13 24 56
13 25 49
13 26 65
13 27 83
13 28 61
13 29 58
13 30 39
13 31 89
13 32 81
13 33 71
13 34 88
13 35 90
13 36 96
13 37 64
13 38 85
13 39 18
13 40 96
13 41 77
13 42 96
13 43 99
13 44 68
13 45 72
13 46 15
13 47 89
13 48 114
13 49 85
13 50 100
13 51 60
13 52 59
13 53 31
13 54 86
13 55 28
13 56 53
13 57 90
13 58 79
13 59 56
13 60 77
13 61 36
13 62 96
13 63 47
13 64 37
13 65 98
13 66 94
13 67 89
13 68 68
13 69 38
13 70 62
13 71 91
13 72 61
13 73 76
13 74 113
13 75 71
13 76 55
13 77 93
13 78 65
13 79 92
13 80 18
13 81 99
13 82 41
13 83 27
13 84 7
13 85 47
13 86 63
13 87 78
13 88 43
13 89 103
13 90 76
13 91 49
13 92 113
13 93 94
13 94 46
13 95 74
13 96 64
13 97 53
13 98 36
13 99 89
13 100 78
14 1 22
14 2 68
14 3 49
14 4 45
14 5 59
14 6 39
14 7 104
14 8 75
14 9 21
14 10 39
14 11 46
14 12 71
14 13 102
14 14 -1
14 15 64
14 16 79
14 17 80
14 18 68
14 19 43
14 20 76
14 21 55
14 22 54
14 23 79
14 24 65
14 25 70
14 26 37
14 27 26
14 28 40
14 29 56
14 30 68
14 31 66
14 32 20
14 33 45
14 34 47
14 35 20
14 36 63
14 37 56
14 38 19
14 39 111
14 40 10
14 41 58
14 42 45
14 43 66
14 44 56
14 45 29
14 46 110
14 47 74
14 48 13
14 49 73
14 50 82
14 51 41
14 52 83
14 53 84
14 54 24
14 55 74
14 56 80
14 57 79
14 58 51
14 59 48
14 60 31
14 61 86
14 62 5
14 63 76
14 64 65
14 65 45
14 66 28
14 67 28
14 68 81
14 69 70
14 70 40
14 71 30
14 72 64
14 73 71
14 74 17
14 75 30
14 76 61
14 77 19
14 78 53
14 79 10
14 80 84
14 81 74
14 82 64
14 83 75
14 84 94
14 85 54
14 86 47
14 87 76
14 88 74
14 89 26
14 90 67
14 91 56
14 92 14
14 93 31
14 94 77
14 95 52
14 96 84
14 97 56
14 98 81
14 99 45
14 100 43
15 1 58
15 2 29
15 3 77
15 4 79
15 5 43
15 6 60
15 7 53
15 8 61
15 9 43
15 10 32
15 11 21
15 12 89
15 13 65
15 14 64
15 15 -1
15 16 54
15 17 46
15 18 19
15 19 39
15 20 24
15 21 36
15 22 61
15 23 52
15 24 9
15 25 16
15 26 47
15 27 63
15 28 41
15 29 12
15 30 27
15 31 24
15 32 50
15 33 18
15 34 26
15 35 44
15 36 31
15 37 71
15 38 59
15 39 64
15 40 66
15 41 84
15 42 35
15 43 34
15 44 75
15 45 50
15 46 64
15 47 26
15 48 77
15 49 22
15 50 38
15 51 39
15 52 19
15 53 70
15 54 40
15 55 40
15 56 83
15 57 29
15 58 17
15 59 51
15 60 60
15 61 75
15 62 61
15 63 75
15 64 36
15 65 37
15 66 41
15 67 38
15 68 18
15 69 60
15 70 41
15 71 74
15 72 4
15 73 14
15 74 66
15 75 41
15 76 68
15 77 69
15 78 69
15 79 54
15 80 57
15 81 35
15 82 54
15 83 51
15 84 59
15 85 36
15 86 62
15 87 18
15 88 70
15 89 50
15 90 90
15 91 24
15 92 78
15 93 78
15 94 75
15 95 13
15 96 20
15 97 59
15 98 29
15 99 28
15 100 74
16 1 88
16 2 24
16 3 54
16 4 59
16 5 20
16 6 46
16 7 38
16 8 13
16 9 60
16 10 43
16 11 66
16 12 51
16 13 23
16 14 79
16 15 54
16 16 -1
16 17 10
16 18 35
16 19 36
16 20 34
16 21 25
16 22 33
16 23 2
16 24 45
16 25 40
16 26 42
16 27 60
16 28 38
16 29 44
16 30 27
16 31 78
16 32 58
16 33 55
16 34 73
16 35 69
16 36 84
16 37 41
16 38 62
16 39 38
16 40 73
16 41 55
16 42 81
16 43 87
16 44 46
16 45 50
16 46 36
16 47 81
16 48 91
16 49 77
16 50 93
16 51 38
16 52 56
16 53 16
16 54 66
16 55 13
16 56 36
16 57 83
16 58 65
16 59 32
16 60 53
16 61 22
16 62 74
16 63 29
16 64 19
16 65 83
16 66 75
16 67 70
16 68 63
16 69 16
16 70 39
16 71 67
16 72 50
16 73 68
16 74 92
16 75 50
16 76 33
16 77 70
16 78 42
16 79 70
16 80 5
16 81 89
16 82 17
16 83 4
16 84 16
16 85 26
16 86 40
16 87 71
16 88 24
16 89 83
16 90 56
16 91 33
16 92 90
16 93 71
16 94 28
16 95 60
16 96 61
16 97 29
16 98 33
16 99 74
16 100 55
17 1 86
17 2 17
17 3 61
17 4 66
17 5 22
17 6 50
17 7 29
17 8 23
17 9 59
17 10 41
17 11 60
17 12 60
17 13 22
17 14 80
17 15 46
17 16 10
17 17 -1
17 18 26
17 19 36
17 20 24
17 21 24
17 22 39
17 23 8
17 24 37
17 25 31
17 26 44
17 27 63
17 28 39
17 29 38
17 30 19
17 31 70
17 32 59
17 33 49
17 34 67
17 35 68
17 36 76
17 37 49
17 38 64
17 39 32
17 40 75
17 41 64
17 42 75
17 43 79
17 44 54
17 45 51
17 46 30
17 47 72
17 48 92
17 49 68
17 50 84
17 51 38
17 52 46
17 53 27
17 54 64
17 55 6
17 56 47
17 57 74
17 58 59
17 59 36
17 60 57
17 61 33
17 62 75
17 63 39
17 64 15
17 65 77
17 66 72
17 67 67
17 68 53
17 69 25
17 70 40
17 71 72
17 72 41
17 73 59
17 74 91
17 75 49
17 76 42
17 77 73
17 78 49
17 79 70
17 80 11
17 81 81
17 82 24
17 83 11
17 84 14
17 85 25
17 86 46
17 87 61
17 88 34
17 89 80
17 90 65
17 91 27
17 92 91
17 93 76
17 94 39
17 95 54
17 96 50
17 97 36
17 98 22
17 99 68
17 100 61
18 1 68
18 2 11
18 3 68
18 4 71
18 5 29
18 6 53
18 7 38
18 8 44
18 9 46
18 10 29
18 11 36
18 12 76
18 13 46
18 14 68
18 15 19
18 16 35
18 17 26
18 18 -1
18 19 32
18 20 7
18 21 23
18 22 49
18 23 34
18 24 10
18 25 5
18 26 41
18 27 60
18 28 35
18 29 13
18 30 8
18 31 43
18 32 50
18 33 27
18 34 42
18 35 51
18 36 50
18 37 59
18 38 58
18 39 47
18 40 67
18 41 74
18 42 51
18 43 53
18 44 64
18 45 46
18 46 47
18 47 45
18 48 81
18 49 41
18 50 57
18 51 33
18 52 23
18 53 52
18 54 47
18 55 21
18 56 67
18 57 47
18 58 33
18 59 41
18 60 56
18 61 57
18 62 64
18 63 59
18 64 19
18 65 53
18 66 52
18 67 48
18 68 29
18 69 43
18 70 35
18 71 71
18 72 15
18 73 32
18 74 75
18 75 40
18 76 55
18 77 68
18 78 58
18 79 58
18 80 38
18 81 54
18 82 38
18 83 33
18 84 40
18 85 23
18 86 52
18 87 35
18 88 54
18 89 61
18 90 78
18 91 14
18 92 82
18 93 75
18 94 59
18 95 28
18 96 27
18 97 47
18 98 13
18 99 44
18 100 66
19 1 52
19 2 26
19 3 38
19 4 40
19 5 16
19 6 21
19 7 62
19 8 35
19 9 24
19 10 9
19 11 38
19 12 50
19 13 58
19 14 43
19 15 39
19 16 36
19 17 36
19 18 32
19 19 -1
19 20 38
19 21 12
19 22 23
19 23 36
19 24 35
19 25 36
19 26 9
19 27 29
19 28 3
19 29 27
19 30 28
19 31 57
19 32 22
19 33 27
19 34 44
19 35 33
19 36 60
19 37 32
19 38 28
19 39 68
19 40 39
19 41 45
19 42 50
19 43 63
19 44 36
19 45 15
19 46 67
19 47 63
19 48 55
19 49 59
19 50 74
19 51 2
19 52 53
19 53 45
19 54 31
19 55 31
19 56 49
19 57 66
19 58 40
19 59 13
19 60 24
19 61 48
19 62 38
19 63 42
19 64 22
19 65 52
19 66 41
19 67 36
19 68 56
19 69 31
19 70 3
19 71 39
19 72 36
19 73 52
19 74 55
19 75 13
19 76 31
19 77 37
19 78 30
19 79 34
19 80 41
19 81 68
19 82 24
19 83 32
19 84 50
19 85 11
19 86 23
19 87 57
19 88 38
19 89 48
19 90 51
19 91 18
19 92 55
19 93 43
19 94 43
19 95 36
19 96 56
19 97 22
19 98 42
19 99 44
19 100 35
20 1 76
20 2 13
20 3 73
20 4 77
20 5 33
20 6 59
20 7 30
20 8 45
20 9 54
20 10 37
20 11 43
20 12 79
20 13 41
20 14 76
20 15 24
20 16 34
20 17 24
20 18 7
20 19 38
20 20 -1
20 21 28
20 22 53
20 23 32
20 24 15
20 25 8
20 26 47
20 27 67
20 28 41
20 29 21
20 30 11
20 31 48
20 32 57
20 33 35
20 34 49
20 35 59
20 36 55
20 37 64
20 38 65
20 39 40
20 40 75
20 41 78
20 42 58
20 43 58
20 44 68
20 45 53
20 46 40
20 47 48
20 48 89
20 49 44
20 50 60
20 51 39
20 52 21
20 53 51
20 54 55
20 55 21
20 56 68
20 57 50
20 58 40
20 59 46
20 60 62
20 61 57
20 62 72
20 63 61
20 64 22
20 65 60
20 66 59
20 67 55
20 68 29
20 69 45
20 70 41
20 71 77
20 72 20
20 73 35
20 74 83
20 75 47
20 76 58
20 77 75
20 78 63
20 79 66
20 80 36
20 81 58
20 82 41
20 83 33
20 84 35
20 85 29
20 86 57
20 87 37
20 88 56
20 89 69
20 90 82
20 91 20
20 92 89
20 93 82
20 94 60
20 95 35
20 96 26
20 97 50
20 98 5
20 99 51
20 100 72
21 1 63
21 2 15
21 3 45
21 4 49
21 5 8
21 6 31
21 7 50
21 8 27
21 9 35
21 10 18
21 11 41
21 12 53
21 13 46
21 14 55
21 15 36
21 16 25
21 17 24
21 18 23
21 19 12
21 20 28
21 21 -1
21 22 26
21 23 25
21 24 29
21 25 27
21 26 21
21 27 41
21 28 15
21 29 24
21 30 17
21 31 57
21 32 35
21 33 30
21 34 49
21 35 44
21 36 62
21 37 36
21 38 41
21 39 56
21 40 52
21 41 51
21 42 56
21 43 65
21 44 41
21 45 28
21 46 54
21 47 62
21 48 68
21 49 58
21 50 74
21 51 14
21 52 46
21 53 37
21 54 41
21 55 18
21 56 47
21 57 65
21 58 42
21 59 18
21 60 35
21 61 41
21 62 50
21 63 39
21 64 9
21 65 58
21 66 49
21 67 44
21 68 50
21 69 25
21 70 16
21 71 50
21 72 32
21 73 50
21 74 67
21 75 25
21 76 33
21 77 50
21 78 35
21 79 46
21 80 30
21 81 69
21 82 18
21 83 21
21 84 38
21 85 1
21 86 29
21 87 54
21 88 34
21 89 57
21 90 55
21 91 11
21 92 68
21 93 55
21 94 39
21 95 38
21 96 50
21 97 24
21 98 31
21 99 49
21 100 44
22 1 70
22 2 40
22 3 21
22 4 26
22 5 20
22 6 15
22 7 69
22 8 23
22 9 42
22 10 33
22 11 61
22 12 27
22 13 56
22 14 54
22 15 61
22 16 33
22 17 39
22 18 49
22 19 23
22 20 53
22 21 26
22 22 -1
22 23 34
22 24 55
22 25 54
22 26 20
22 27 30
22 28 22
22 29 49
22 30 42
22 31 80
22 32 36
22 33 51
22 34 68
22 35 52
22 36 83
22 37 10
22 38 35
22 39 71
22 40 46
22 41 25
22 42 73
22 43 87
22 44 15
22 45 26
22 46 69
22 47 86
22 48 64
22 49 82
22 50 98
22 51 24
22 52 73
22 53 31
22 54 51
22 55 37
22 56 27
22 57 89
22 58 63
22 59 10
22 60 24
22 61 31
22 62 49
22 63 22
22 64 31
22 65 75
22 66 61
22 67 57
22 68 77
22 69 18
22 70 23
22 71 35
22 72 58
22 73 75
22 74 70
22 75 32
22 76 8
22 77 40
22 78 10
22 79 48
22 80 37
22 81 92
22 82 15
22 83 29
22 84 49
22 85 25
22 86 7
22 87 79
22 88 19
22 89 67
22 90 29
22 91 37
22 92 62
22 93 38
22 94 23
22 95 60
22 96 76
22 97 3
22 98 55
22 99 68
22 100 22
23 1 88
23 2 23
23 3 55
23 4 61
23 5 20
23 6 47
23 7 36
23 8 15
23 9 60
23 10 43
23 11 65
23 12 53
23 13 22
23 14 79
23 15 52
23 16 2
23 17 8
23 18 34
23 19 36
23 20 32
23 21 25
23 22 34
23 23 -1
23 24 44
23 25 38
23 26 42
23 27 60
23 28 39
23 29 43
23 30 25
23 31 76
23 32 59
23 33 54
23 34 72
23 35 69
23 36 82
23 37 43
23 38 63
23 39 37
23 40 74
23 41 57
23 42 80
23 43 86
23 44 48
23 45 50
23 46 34
23 47 79
23 48 91
23 49 75
23 50 91
23 51 38
23 52 54
23 53 19
23 54 66
23 55 12
23 56 38
23 57 81
23 58 64
23 59 33
23 60 54
23 61 24
23 62 74
23 63 31
23 64 18
23 65 82
23 66 74
23 67 70
23 68 61
23 69 18
23 70 39
23 71 68
23 72 48
23 73 66
23 74 92
23 75 50
23 76 35
23 77 70
23 78 43
23 79 70
23 80 5
23 81 88
23 82 18
23 83 5
23 84 15
23 85 26
23 86 41
23 87 69
23 88 26
23 89 83
23 90 58
23 91 32
23 92 90
23 93 72
23 94 30
23 95 59
23 96 59
23 97 31
23 98 31
23 99 73
23 100 56
24 1 63
24 2 21
24 3 73
24 4 75
24 5 36
24 6 56
24 7 45
24 8 53
24 9 44
24 10 30
24 11 28
24 12 82
24 13 56
24 14 65
24 15 9
24 16 45
24 17 37
24 18 10
24 19 35
24 20 15
24 21 29
24 22 55
24 23 44
24 24 -1
24 25 7
24 26 43
24 27 62
24 28 37
24 29 9
24 30 18
24 31 33
24 32 49
24 33 21
24 34 34
24 35 47
24 36 40
24 37 65
24 38 58
24 39 56
24 40 66
24 41 79
24 42 42
24 43 43
24 44 70
24 45 48
24 46 56
24 47 35
24 48 79
24 49 31
24 50 47
24 51 35
24 52 19
24 53 61
24 54 43
24 55 31
24 56 75
24 57 37
24 58 25
24 59 46
24 60 58
24 61 66
24 62 62
24 63 67
24 64 28
24 65 44
24 66 45
24 67 42
24 68 21
24 69 52
24 70 37
24 71 73
24 72 5
24 73 22
24 74 70
24 75 40
24 76 62
24 77 68
24 78 64
24 79 55
24 80 48
24 81 44
24 82 46
24 83 42
24 84 50
24 85 29
24 86 57
24 87 25
24 88 63
24 89 55
24 90 84
24 91 18
24 92 80
24 93 77
24 94 68
24 95 20
24 96 21
24 97 53
24 98 21
24 99 35
24 100 70
25 1 69
25 2 16
25 3 73
25 4 75
25 5 34
25 6 57
25 7 38
25 8 49
25 9 48
25 10 32
25 11 35
25 12 81
25 13 49
25 14 70
25 15 16
25 16 40
25 17 31
25 18 5
25 19 36
25 20 8
25 21 27
25 22 54
25 23 38
25 24 7
25 25 -1
25 26 45
25 27 64
25 28 39
25 29 14
25 30 13
25 31 40
25 32 53
25 33 27
25 34 41
25 35 53
25 36 47
25 37 64
25 38 61
25 39 49
25 40 70
25 41 79
25 42 50
25 43 50
25 44 69
25 45 50
25 46 49
25 47 41
25 48 84
25 49 37
25 50 53
25 51 37
25 52 18
25 53 56
25 54 48
25 55 26
25 56 72
25 57 43
25 58 32
25 59 45
25 60 60
25 61 62
25 62 66
25 63 64
25 64 24
25 65 52
25 66 52
25 67 48
25 68 24
25 69 48
25 70 39
25 71 75
25 72 12
25 73 28
25 74 76
25 75 43
25 76 60
25 77 71
25 78 63
25 79 60
25 80 42
25 81 50
25 82 43
25 83 38
25 84 43
25 85 28
25 86 57
25 87 30
25 88 59
25 89 61
25 90 83
25 91 18
25 92 84
25 93 79
25 94 64
25 95 27
25 96 22
25 97 51
25 98 13
25 99 42
25 100 70
26 1 50
26 2 35
26 3 30
26 4 31
26 5 21
26 6 13
26 7 71
26 8 37
26 9 22
26 10 15
26 11 42
26 12 46
26 13 65
26 14 37
26 15 47
26 16 42
26 17 44
26 18 41
26 19 9
26 20 47
26 21 21
26 22 20
26 23 42
26 24 43
26 25 45
26 26 -1
26 27 20
26 28 6
26 29 35
26 30 37
26 31 63
26 32 17
26 33 33
26 34 48
26 35 32
26 36 65
26 37 27
26 38 20
26 39 76
26 40 31
26 41 38
26 42 53
26 43 68
26 44 30
26 45 7
26 46 74
26 47 69
26 48 49
26 49 66
26 50 81
26 51 8
26 52 62
26 53 47
26 54 30
26 55 38
26 56 47
26 57 73
26 58 45
26 59 12
26 60 15
26 61 49
26 62 32
26 63 42
26 64 30
26 65 55
26 66 41
26 67 36
26 68 64
26 69 33
26 70 6
26 71 30
26 72 44
26 73 59
26 74 51
26 75 11
26 76 29
26 77 29
26 78 25
26 79 29
26 80 47
26 81 74
26 82 26
26 83 37
26 84 57
26 85 19
26 86 17
26 87 64
26 88 39
26 89 47
26 90 45
26 91 27
26 92 48
26 93 34
26 94 43
26 95 42
26 96 65
26 97 21
26 98 51
26 99 48
26 100 26
27 1 45
27 2 55
27 3 24
27 4 21
27 5 41
27 6 14
27 7 91
27 8 53
27 9 25
27 10 32
27 11 53
27 12 45
27 13 83
27 14 26
27 15 63
27 16 60
27 17 63
27 18 60
27 19 29
27 20 67
27 21 41
27 22 30
27 23 60
27 24 62
27 25 64
27 26 20
27 27 -1
27 28 25
27 29 53
27 30 57
27 31 75
27 32 15
27 33 47
27 34 57
27 35 32
27 36 75
27 37 30
27 38 8
27 39 96
27 40 16
27 41 32
27 42 59
27 43 78
27 44 30
27 45 14
27 46 94
27 47 82
27 48 33
27 49 79
27 50 93
27 51 27
27 52 81
27 53 61
27 54 33
27 55 58
27 56 54
27 57 86
27 58 57
27 59 27
27 60 6
27 61 62
27 62 21
27 63 51
27 64 50
27 65 60
27 66 43
27 67 40
27 68 81
27 69 48
27 70 25
27 71 11
27 72 62
27 73 75
27 74 43
27 75 22
27 76 36
27 77 10
27 78 27
27 79 23
27 80 65
27 81 85
27 82 43
27 83 55
27 84 75
27 85 39
27 86 22
27 87 80
27 88 50
27 89 46
27 90 41
27 91 46
27 92 31
27 93 15
27 94 52
27 95 56
27 96 83
27 97 32
27 98 71
27 99 56
27 100 18
28 1 50
28 2 30
28 3 35
28 4 37
28 5 18
28 6 18
28 7 65
28 8 36
28 9 22
28 10 10
28 11 38
28 12 49
28 13 61
28 14 40
28 15 41
28 16 38
28 17 39
28 18 35
28 19 3
28 20 41
28 21 15
28 22 22
28 23 39
28 24 37
28 25 39
28 26 6
28 27 25
28 28 -1
28 29 29
28 30 31
28 31 58
28 32 20
28 33 29
28 34 45
28 35 32
28 36 61
28 37 31
28 38 25
28 39 71
28 40 36
28 41 43
28 42 50
28 43 64
28 44 34
28 45 12
28 46 70
28 47 64
28 48 53
28 49 61
28 50 76
28 51 2
28 52 56
28 53 46
28 54 30
28 55 34
28 56 49
28 57 68
28 58 41
28 59 13
28 60 21
28 61 49
28 62 35
28 63 42
28 64 25
28 65 52
28 66 40
28 67 35
28 68 58
28 69 32
28 70 1
28 71 36
28 72 39
28 73 54
28 74 53
28 75 11
28 76 31
28 77 34
28 78 29
28 79 31
28 80 43
28 81 70
28 82 25
28 83 34
28 84 53
28 85 14
28 86 21
28 87 59
28 88 39
28 89 47
28 90 49
28 91 21
28 92 52
28 93 40
28 94 43
28 95 38
28 96 59
28 97 22
28 98 45
28 99 45
28 100 32
29 1 55
29 2 21
29 3 65
29 4 67
29 5 32
29 6 48
29 7 51
29 8 50
29 9 35
29 10 21
29 11 22
29 12 76
29 13 58
29 14 56
29 15 12
29 16 44
29 17 38
29 18 13
29 19 27
29 20 21
29 21 24
29 22 49
29 23 43
29 24 9
29 25 14
29 26 35
29 27 53
29 28 29
29 29 -1
29 30 19
29 31 34
29 32 40
29 33 13
29 34 29
29 35 38
29 36 39
29 37 59
29 38 49
29 39 61
29 40 57
29 41 72
29 42 38
29 43 42
29 44 63
29 45 39
29 46 61
29 47 38
29 48 70
29 49 34
29 50 50
29 51 27
29 52 28
29 53 59
29 54 34
29 55 32
29 56 71
29 57 41
29 58 21
29 59 39
29 60 49
29 61 64
29 62 53
29 63 63
29 64 26
29 65 40
29 66 38
29 67 34
29 68 29
29 69 48
29 70 29
29 71 64
29 72 9
29 73 26
29 74 62
29 75 31
29 76 56
29 77 59
29 78 57
29 79 46
29 80 48
29 81 45
29 82 42
29 83 41
29 84 52
29 85 24
29 86 50
29 87 30
29 88 59
29 89 47
29 90 77
29 91 13
29 92 70
29 93 68
29 94 64
29 95 16
29 96 30
29 97 47
29 98 27
29 99 30
29 100 62
30 1 71
30 2 2
30 3 62
30 4 66
30 5 22
30 6 48
30 7 36
30 8 36
30 9 46
30 10 28
30 11 41
30 12 68
30 13 39
30 14 68
30 15 27
30 16 27
30 17 19
30 18 8
30 19 28
30 20 11
30 21 17
30 22 42
30 23 25
30 24 18
30 25 13
30 26 37
30 27 57
30 28 31
30 29 19
30 30 -1
30 31 51
30 32 48
30 33 31
30 34 48
30 35 53
30 36 57
30 37 52
30 38 55
30 39 44
30 40 66
30 41 67
30 42 57
30 43 60
30 44 57
30 45 43
30 46 43
30 47 53
30 48 81
30 49 49
30 50 65
30 51 29
30 52 31
30 53 43
30 54 49
30 55 13
30 56 58
30 57 55
30 58 40
30 59 35
30 60 52
30 61 48
30 62 63
30 63 51
30 64 11
30 65 59
30 66 55
30 67 51
30 68 37
30 69 35
30 70 31
30 71 67
30 72 23
30 73 40
30 74 77
30 75 38
30 76 47
30 77 65
30 78 52
30 79 58
30 80 30
30 81 62
30 82 30
30 83 24
30 84 33
30 85 18
30 86 46
30 87 43
30 88 46
30 89 64
30 90 71
30 91 12
30 92 81
30 93 71
30 94 50
30 95 35
30 96 35
30 97 39
30 98 14
30 99 49
30 100 61
31 1 52
31 2 53
31 3 93
31 4 93
31 5 65
31 6 76
31 7 75
31 8 85
31 9 50
31 10 48
31 11 21
31 12 108
31 13 89
31 14 66
31 15 24
31 16 78
31 17 70
31 18 43
31 19 57
31 20 48
31 21 57
31 22 80
31 23 76
31 24 33
31 25 40
31 26 63
31 27 75
31 28 58
31 29 34
31 30 51
31 31 -1
31 32 59
31 33 29
31 34 19
31 35 46
31 36 8
31 37 89
31 38 68
31 39 87
31 40 72
31 41 101
31 42 23
31 43 10
31 44 93
31 45 63
31 46 87
31 47 8
31 48 78
31 49 8
31 50 18
31 51 56
31 52 34
31 53 93
31 54 43
31 55 65
31 56 104
31 57 13
31 58 18
31 59 70
31 60 74
31 61 98
31 62 65
31 63 97
31 64 60
31 65 24
31 66 38
31 67 38
31 68 26
31 69 82
31 70 58
31 71 85
31 72 28
31 73 13
31 74 62
31 75 54
31 76 88
31 77 77
31 78 87
31 79 58
31 80 81
31 81 11
31 82 76
31 83 75
31 84 83
31 85 57
31 86 79
31 87 15
31 88 92
31 89 44
31 90 108
31 91 46
31 92 80
31 93 89
31 94 97
31 95 20
31 96 32
31 97 79
31 98 53
31 99 21
31 100 89
32 1 34
32 2 48
32 3 37
32 4 36
32 5 38
32 6 22
32 7 84
32 8 55
32 9 9
32 10 20
32 11 37
32 12 57
32 13 81
32 14 20
32 15 50
32 16 58
32 17 59
32 18 50
32 19 22
32 20 57
32 21 35
32 22 36
32 23 59
32 24 49
32 25 53
32 26 17
32 27 15
32 28 20
32 29 40
32 30 48
32 31 59
32 32 -1
32 33 32
32 34 41
32 35 17
32 36 59
32 37 40
32 38 9
32 39 91
32 40 17
32 41 46
32 42 43
32 43 62
32 44 41
32 45 10
32 46 89
32 47 66
32 48 33
32 49 64
32 50 77
32 51 20
32 52 68
32 53 64
32 54 18
32 55 53
32 56 63
32 57 71
32 58 41
32 59 28
32 60 16
32 61 66
32 62 15
32 63 58
32 64 44
32 65 45
32 66 28
32 67 24
32 68 68
32 69 50
32 70 19
32 71 26
32 72 49
32 73 60
32 74 34
32 75 10
32 76 44
32 77 19
32 78 37
32 79 12
32 80 63
32 81 69
32 82 44
32 83 54
32 84 73
32 85 33
32 86 30
32 87 65
32 88 55
32 89 32
32 90 55
32 91 37
32 92 32
32 93 29
32 94 59
32 95 41
32 96 70
32 97 37
32 98 62
32 99 40
32 100 32
33 1 41
33 2 32
33 3 63
33 4 64
33 5 38
33 6 46
33 7 65
33 8 58
33 9 25
33 10 18
33 11 11
33 12 78
33 13 71
33 14 45
33 15 18
33 16 55
33 17 49
33 18 27
33 19 27
33 20 35
33 21 30
33 22 51
33 23 54
33 24 21
33 25 27
33 26 33
33 27 47
33 28 29
33 29 13
33 30 31
33 31 29
33 32 32
33 33 -1
33 34 18
33 35 26
33 36 32
33 37 60
33 38 41
33 39 75
33 40 48
33 41 71
33 42 26
33 43 36
33 44 63
33 45 34
33 46 74
33 47 36
33 48 58
33 49 33
33 50 47
33 51 26
33 52 37
33 53 68
33 54 21
33 55 43
33 56 76
33 57 40
33 58 12
33 59 41
33 60 45
33 61 72
33 62 42
33 63 69
33 64 36
33 65 28
33 66 24
33 67 21
33 68 36
33 69 55
33 70 28
33 71 58
33 72 18
33 73 27
33 74 49
33 75 25
33 76 59
33 77 51
33 78 57
33 79 35
33 80 59
33 81 41
33 82 48
33 83 51
33 84 64
33 85 30
33 86 50
33 87 32
33 88 65
33 89 34
33 90 78
33 91 22
33 92 59
33 93 61
33 94 69
33 95 9
33 96 38
33 97 50
33 98 40
33 99 19
33 100 59
34 1 34
34 2 50
34 3 77
34 4 77
34 5 56
34 6 60
34 7 79
34 8 76
34 9 32
34 10 34
34 11 7
34 12 94
34 13 88
34 14 47
34 15 26
34 16 73
34 17 67
34 18 42
34 19 44
34 20 49
34 21 49
34 22 68
34 23 72
34 24 34
34 25 41
34 26 48
34 27 57
34 28 45
34 29 29
34 30 48
34 31 19
34 32 41
34 33 18
34 34 -1
34 35 27
34 36 17
34 37 76
34 38 50
34 39 90
34 40 53
34 41 86
34 42 8
34 43 20
34 44 79
34 45 47
34 46 90
34 47 27
34 48 59
34 49 26
34 50 36
34 51 43
34 52 44
34 53 86
34 54 24
34 55 61
34 56 94
34 57 32
34 58 8
34 59 58
34 60 57
34 61 90
34 62 46
34 63 87
34 64 54
34 65 10
34 66 19
34 67 19
34 68 39
34 69 73
34 70 44
34 71 68
34 72 29
34 73 26
34 74 44
34 75 38
34 76 76
34 77 59
34 78 73
34 79 39
34 80 77
34 81 27
34 82 66
34 83 69
34 84 81
34 85 48
34 86 65
34 87 30
34 88 82
34 89 26
34 90 93
34 91 40
34 92 61
34 93 71
34 94 87
34 95 13
34 96 43
34 97 67
34 98 55
34 99 2
34 100 72
35 1 18
35 2 53
35 3 55
35 4 53
35 5 49
35 6 40
35 7 89
35 8 68
35 9 10
35 10 26
35 11 26
35 12 75
35 13 90
35 14 20
35 15 44
35 16 69
35 17 68
35 18 51
35 19 33
35 20 59
35 21 44
35 22 52
35 23 69
35 24 47
35 25 53
35 26 32
35 27 32
35 28 32
35 29 38
35 30 53
35 31 46
35 32 17
35 33 26
35 34 27
35 35 -1
35 36 44
35 37 57
35 38 24
35 39 97
35 40 25
35 41 64
35 42 27
35 43 47
35 44 59
35 45 26
35 46 96
35 47 54
35 48 32
35 49 53
35 50 63
35 51 31
35 52 64
35 53 78
35 54 4
35 55 61
35 56 79
35 57 59
35 58 31
35 59 44
35 60 34
35 61 81
35 62 18
35 63 74
35 64 52
35 65 28
35 66 11
35 67 8
35 68 61
35 69 64
35 70 31
35 71 41
35 72 45
35 73 51
35 74 24
35 75 21
35 76 60
35 77 31
35 78 54
35 79 11
35 80 74
35 81 55
35 82 57
35 83 65
35 84 82
35 85 43
35 86 47
35 87 56
35 88 71
35 89 15
35 90 72
35 91 41
35 92 34
35 93 44
35 94 75
35 95 32
35 96 64
35 97 53
35 98 65
35 99 26
35 100 49
36 1 48
36 2 59
36 3 94
36 4 94
36 5 70
36 6 77
36 7 83
36 8 89
36 9 50
36 10 50
36 11 22
36 12 110
36 13 96
36 14 63
36 15 31
36 16 84
36 17 76
36 18 50
36 19 60
36 20 55
36 21 62
36 22 83
36 23 82
36 24 40
36 25 47
36 26 65
36 27 75
36 28 61
36 29 39
36 30 57
36 31 8
36 32 59
36 33 32
36 34 17
36 35 44
36 36 -1
36 37 92
36 38 68
36 39 94
36 40 70
36 41 103
36 42 19
36 43 3
36 44 95
36 45 64
36 46 95
36 47 13
36 48 74
36 49 15
36 50 19
36 51 59
36 52 42
36 53 98
36 54 42
36 55 71
36 56 108
36 57 18
36 58 20
36 59 73
36 60 74
36 61 103
36 62 63
36 63 101
36 64 65
36 65 19
36 66 34
36 67 36
36 68 34
36 69 87
36 70 60
36 71 85
36 72 35
36 73 21
36 74 58
36 75 55
36 76 92
36 77 76
36 78 90
36 79 56
36 80 87
36 81 10
36 82 80
36 83 80
36 84 90
36 85 61
36 86 82
36 87 23
36 88 97
36 89 40
36 90 110
36 91 51
36 92 76
36 93 88
36 94 101
36 95 24
36 96 40
36 97 82
36 98 60
36 99 18
36 100 90
37 1 73
37 2 50
37 3 13
37 4 19
37 5 30
37 6 17
37 7 78
37 8 29
37 9 47
37 10 41
37 11 69
37 12 18
37 13 64
37 14 56
37 15 71
37 16 41
37 17 49
37 18 59
37 19 32
37 20 64
37 21 36
37 22 10
37 23 43
37 24 65
37 25 64
37 26 27
37 27 30
37 28 31
37 29 59
37 30 52
37 31 89
37 32 40
37 33 60
37 34 76
37 35 57
37 36 92
37 37 -1
37 38 37
37 39 80
37 40 46
37 41 15
37 42 80
37 43 95
37 44 5
37 45 30
37 46 77
37 47 95
37 48 63
37 49 92
37 50 107
37 51 33
37 52 83
37 53 36
37 54 57
37 55 47
37 56 24
37 57 99
37 58 72
37 59 19
37 60 25
37 61 34
37 62 51
37 63 22
37 64 41
37 65 82
37 66 67
37 67 63
37 68 87
37 69 25
37 70 31
37 71 31
37 72 68
37 73 85
37 74 73
37 75 38
37 76 8
37 77 39
37 78 3
37 79 51
37 80 45
37 81 101
37 82 25
37 83 38
37 84 57
37 85 36
37 86 10
37 87 89
37 88 22
37 89 72
37 90 18
37 91 47
37 92 61
37 93 34
37 94 23
37 95 69
37 96 86
37 97 13
37 98 65
37 99 75
37 100 16
38 1 37
38 2 55
38 3 31
38 4 29
38 5 42
38 6 20
38 7 91
38 8 56
38 9 17
38 10 28
38 11 46
38 12 53
38 13 85
38 14 19
38 15 59
38 16 62
38 17 64
38 18 58
38 19 28
38 20 65
38 21 41
38 22 35
38 23 63
38 24 58
38 25 61
38 26 20
38 27 8
38 28 25
38 29 49
38 30 55
38 31 68
38 32 9
38 33 41
38 34 50
38 35 24
38 36 68
38 37 37
38 38 -1
38 39 97
38 40 11
38 41 40
38 42 51
38 43 71
38 44 37
38 45 12
38 46 95
38 47 75
38 48 29
38 49 73
38 50 86
38 51 26
38 52 77
38 53 66
38 54 26
38 55 59
38 56 61
38 57 80
38 58 50
38 59 30
38 60 12
38 61 67
38 62 14
38 63 57
38 64 50
38 65 53
38 66 36
38 67 32
38 68 77
38 69 51
38 70 24
38 71 17
38 72 58
38 73 69
38 74 36
38 75 18
38 76 42
38 77 10
38 78 34
38 79 15
38 80 67
38 81 78
38 82 46
38 83 58
38 84 77
38 85 39
38 86 28
38 87 74
38 88 55
38 89 38
38 90 49
38 91 44
38 92 27
38 93 20
38 94 58
38 95 50
38 96 79
38 97 37
38 98 70
38 99 49
38 100 26
39 1 115
39 2 44
39 3 92
39 4 98
39 5 55
39 6 83
39 7 12
39 8 50
39 9 90
39 10 72
39 11 84
39 12 88
39 13 18
39 14 111
39 15 64
39 16 38
39 17 32
39 18 47
39 19 68
39 20 40
39 21 56
39 22 71
39 23 37
39 24 56
39 25 49
39 26 76
39 27 96
39 28 71
39 29 61
39 30 44
39 31 87
39 32 91
39 33 75
39 34 90
39 35 97
39 36 94
39 37 80
39 38 97
39 39 -1
39 40 108
39 41 94
39 42 99
39 43 97
39 44 84
39 45 84
39 46 3
39 47 86
39 48 124
39 49 82
39 50 96
39 51 70
39 52 54
39 53 49
39 54 93
39 55 37
39 56 71
39 57 86
39 58 81
39 59 69
39 60 90
39 61 54
39 62 106
39 63 65
39 64 46
39 65 101
39 66 99
39 67 95
39 68 63
39 69 54
39 70 72
39 71 104
39 72 61
39 73 73
39 74 121
39 75 81
39 76 72
39 77 105
39 78 80
39 79 101
39 80 34
39 81 96
39 82 55
39 83 41
39 84 23
39 85 57
39 86 78
39 87 74
39 88 61
39 89 108
39 90 93
39 91 56
39 92 124
39 93 108
39 94 64
39 95 76
39 96 58
39 97 68
39 98 35
39 99 91
39 100 93
40 1 32
40 2 65
40 3 39
40 4 34
40 5 53
40 6 30
40 7 101
40 8 68
40 9 23
40 10 38
40 11 50
40 12 61
40 13 96
40 14 10
40 15 66
40 16 73
40 17 75
40 18 67
40 19 39
40 20 75
40 21 52
40 22 46
40 23 74
40 24 66
40 25 70
40 26 31
40 27 16
40 28 36
40 29 57
40 30 66
40 31 72
40 32 17
40 33 48
40 34 53
40 35 25
40 36 70
40 37 46
40 38 11
40 39 108
40 40 -1
40 41 47
40 42 52
40 43 73
40 44 46
40 45 24
40 46 106
40 47 80
40 48 17
40 49 78
40 50 89
40 51 37
40 52 85
40 53 77
40 54 28
40 55 70
40 56 71
40 57 84
40 58 55
40 59 41
40 60 22
40 61 78
40 62 7
40 63 67
40 64 61
40 65 53
40 66 36
40 67 34
40 68 84
40 69 63
40 70 35
40 71 19
40 72 65
40 73 75
40 74 28
40 75 27
40 76 52
40 77 8
40 78 43
40 79 13
40 80 78
40 81 80
40 82 57
40 83 69
40 84 89
40 85 50
40 86 38
40 87 80
40 88 66
40 89 35
40 90 56
40 91 54
40 92 16
40 93 20
40 94 68
40 95 56
40 96 86
40 97 48
40 98 80
40 99 51
40 100 33
41 1 78
41 2 65
41 3 8
41 4 13
41 5 45
41 6 25
41 7 93
41 8 43
41 9 55
41 10 53
41 11 80
41 12 14
41 13 77
41 14 58
41 15 84
41 16 55
41 17 64
41 18 74
41 19 45
41 20 78
41 21 51
41 22 25
41 23 57
41 24 79
41 25 79
41 26 38
41 27 32
41 28 43
41 29 72
41 30 67
41 31 101
41 32 46
41 33 71
41 34 86
41 35 64
41 36 103
41 37 15
41 38 40
41 39 94
41 40 47
41 41 -1
41 42 89
41 43 106
41 44 10
41 45 39
41 46 91
41 47 107
41 48 63
41 49 104
41 50 119
41 51 45
41 52 97
41 53 48
41 54 64
41 55 62
41 56 31
41 57 111
41 58 83
41 59 33
41 60 30
41 61 45
41 62 53
41 63 32
41 64 56
41 65 91
41 66 75
41 67 71
41 68 101
41 69 39
41 70 43
41 71 29
41 72 81
41 73 97
41 74 75
41 75 48
41 76 22
41 77 39
41 78 15
41 79 56
41 80 59
41 81 112
41 82 40
41 83 53
41 84 71
41 85 50
41 86 22
41 87 102
41 88 34
41 89 78
41 90 9
41 91 61
41 92 60
41 93 30
41 94 33
41 95 81
41 96 101
41 97 28
41 98 80
41 99 85
41 100 14
42 1 29
42 2 58
42 3 81
42 4 79
42 5 63
42 6 64
42 7 88
42 8 84
42 9 34
42 10 40
42 11 15
42 12 99
42 13 96
42 14 45
42 15 35
42 16 81
42 17 75
42 18 51
42 19 50
42 20 58
42 21 56
42 22 73
42 23 80
42 24 42
42 25 50
42 26 53
42 27 59
42 28 50
42 29 38
42 30 57
42 31 23
42 32 43
42 33 26
42 34 8
42 35 27
42 36 19
42 37 80
42 38 51
42 39 99
42 40 52
42 41 89
42 42 -1
42 43 21
42 44 83
42 45 50
42 46 99
42 47 31
42 48 55
42 49 31
42 50 38
42 51 49
42 52 53
42 53 93
42 54 25
42 55 69
42 56 99
42 57 36
42 58 17
42 59 63
42 60 60
42 61 97
42 62 45
42 63 93
42 64 62
42 65 2
42 66 16
42 67 19
42 68 47
42 69 80
42 70 49
42 71 69
42 72 38
42 73 33
42 74 39
42 75 42
42 76 81
42 77 59
42 78 78
42 79 38
42 80 85
42 81 29
42 82 73
42 83 77
42 84 90
42 85 55
42 86 70
42 87 37
42 88 89
42 89 21
42 90 97
42 91 48
42 92 58
42 93 71
42 94 93
42 95 22
42 96 51
42 97 73
42 98 64
42 99 7
42 100 75
43 1 50
43 2 63
43 3 98
43 4 98
43 5 73
43 6 81
43 7 85
43 8 93
43 9 53
43 10 54
43 11 26
43 12 114
43 13 99
43 14 66
43 15 34
43 16 87
43 17 79
43 18 53
43 19 63
43 20 58
43 21 65
43 22 87
43 23 86
43 24 43
43 25 50
43 26 68
43 27 78
43 28 64
43 29 42
43 30 60
43 31 10
43 32 62
43 33 36
43 34 20
43 35 47
43 36 3
43 37 95
43 38 71
43 39 97
43 40 73
43 41 106
43 42 21
43 43 -1
43 44 99
43 45 68
43 46 97
43 47 14
43 48 76
43 49 16
43 50 17
43 51 62
43 52 44
43 53 102
43 54 45
43 55 74
43 56 112
43 57 18
43 58 23
43 59 77
43 60 78
43 61 106
43 62 66
43 63 105
43 64 68
43 65 21
43 66 37
43 67 39
43 68 36
43 69 90
43 70 64
43 71 88
43 72 38
43 73 24
43 74 60
43 75 58
43 76 95
43 77 79
43 78 93
43 79 59
43 80 90
43 81 8
43 82 84
43 83 84
43 84 93
43 85 65
43 86 85
43 87 25
43 88 100
43 89 42
43 90 113
43 91 55
43 92 79
43 93 91
43 94 105
43 95 27
43 96 42
43 97 86
43 98 63
43 99 21
43 100 93
44 1 74
44 2 55
44 3 9
44 4 15
44 5 35
44 6 18
44 7 83
44 8 34
44 9 49
44 10 45
44 11 73
44 12 16
44 13 68
44 14 56
44 15 75
44 16 46
44 17 54
44 18 64
44 19 36
44 20 68
44 21 41
44 22 15
44 23 48
44 24 70
44 25 69
44 26 30
44 27 30
44 28 34
44 29 63
44 30 57
44 31 93
44 32 41
44 33 63
44 34 79
44 35 59
44 36 95
44 37 5
44 38 37
44 39 84
44 40 46
44 41 10
44 42 83
44 43 99
44 44 -1
44 45 32
44 46 82
44 47 99
44 48 62
44 49 96
44 50 111
44 51 36
44 52 88
44 53 40
44 54 59
44 55 52
44 56 26
44 57 103
44 58 75
44 59 23
44 60 25
44 61 38
44 62 51
44 63 25
44 64 46
44 65 84
44 66 69
44 67 65
44 68 91
44 69 30
44 70 35
44 71 29
44 72 72
44 73 89
44 74 73
44 75 41
44 76 13
44 77 38
44 78 5
44 79 52
44 80 50
44 81 104
44 82 30
44 83 43
44 84 61
44 85 40
44 86 13
44 87 93
44 88 26
44 89 74
44 90 14
44 91 51
44 92 60
44 93 32
44 94 26
44 95 72
44 96 91
44 97 18
44 98 70
44 99 78
44 100 13
45 1 44
45 2 42
45 3 30
45 4 30
45 5 29
45 6 13
45 7 78
45 8 45
45 9 17
45 10 18
45 11 42
45 12 48
45 13 72
45 14 29
45 15 50
45 16 50
45 17 51
45 18 46
45 19 15
45 20 53
45 21 28
45 22 26
45 23 50
45 24 48
45 25 50
45 26 7
45 27 14
45 28 12
45 29 39
45 30 43
45 31 63
45 32 10
45 33 34
45 34 47
45 35 26
45 36 64
45 37 30
45 38 12
45 39 84
45 40 24
45 41 39
45 42 50
45 43 68
45 44 32
45 45 -1
45 46 82
45 47 70
45 48 41
45 49 67
45 50 81
45 51 13
45 52 67
45 53 55
45 54 26
45 55 46
45 56 53
45 57 74
45 58 45
45 59 18
45 60 10
45 61 56
45 62 24
45 63 48
45 64 37
45 65 52
45 66 37
45 67 32
45 68 68
45 69 40
45 70 12
45 71 25
45 72 48
45 73 62
45 74 44
45 75 9
45 76 34
45 77 21
45 78 27
45 79 22
45 80 55
45 81 74
45 82 34
45 83 45
45 84 65
45 85 26
45 86 20
45 87 67
45 88 45
45 89 41
45 90 46
45 91 32
45 92 40
45 93 29
45 94 49
45 95 43
45 96 69
45 97 27
45 98 57
45 99 46
45 100 25
46 1 114
46 2 43
46 3 90
46 4 95
46 5 53
46 6 81
46 7 13
46 8 48
46 9 89
46 10 70
46 11 83
46 12 85
46 13 15
46 14 110
46 15 64
46 16 36
46 17 30
46 18 47
46 19 67
46 20 40
46 21 54
46 22 69
46 23 34
46 24 56
46 25 49
46 26 74
46 27 94
46 28 70
46 29 61
46 30 43
46 31 87
46 32 89
46 33 74
46 34 90
46 35 96
46 36 95
46 37 77
46 38 95
46 39 3
46 40 106
46 41 91
46 42 99
46 43 97
46 44 82
46 45 82
46 46 -1
46 47 87
46 48 123
46 49 83
46 50 97
46 51 69
46 52 55
46 53 46
46 54 92
46 55 36
46 56 68
46 57 87
46 58 81
46 59 67
46 60 88
46 61 51
46 62 105
46 63 62
46 64 45
46 65 100
46 66 98
46 67 94
46 68 64
46 69 51
46 70 70
46 71 102
46 72 61
46 73 74
46 74 120
46 75 79
46 76 69
46 77 103
46 78 78
46 79 100
46 80 32
46 81 97
46 82 53
46 83 39
46 84 20
46 85 55
46 86 76
46 87 75
46 88 58
46 89 108
46 90 90
46 91 55
46 92 122
46 93 106
46 94 61
46 95 76
46 96 59
46 97 65
46 98 35
46 99 91
46 100 91
47 1 60
47 2 56
47 3 99
47 4 100
47 5 70
47 6 82
47 7 74
47 8 88
47 9 58
47 10 54
47 11 29
47 12 113
47 13 89
47 14 74
47 15 26
47 16 81
47 17 72
47 18 45
47 19 63
47 20 48
47 21 62
47 22 86
47 23 79
47 24 35
47 25 41
47 26 69
47 27 82
47 28 64
47 29 38
47 30 53
47 31 8
47 32 66
47 33 36
47 34 27
47 35 54
47 36 13
47 37 95
47 38 75
47 39 86
47 40 80
47 41 107
47 42 31
47 43 14
47 44 99
47 45 70
47 46 87
47 47 -1
47 48 86
47 49 4
47 50 12
47 51 62
47 52 32
47 53 97
47 54 51
47 55 67
47 56 109
47 57 5
47 58 25
47 59 76
47 60 81
47 61 102
47 62 73
47 63 101
47 64 63
47 65 32
47 66 46
47 67 46
47 68 23
47 69 86
47 70 64
47 71 93
47 72 30
47 73 13
47 74 70
47 75 60
47 76 94
47 77 85
47 78 93
47 79 66
47 80 83
47 81 10
47 82 80
47 83 78
47 84 84
47 85 62
47 86 85
47 87 12
47 88 97
47 89 52
47 90 114
47 91 51
47 92 88
47 93 96
47 94 102
47 95 26
47 96 29
47 97 84
47 98 53
47 99 29
47 100 95
48 1 28
48 2 81
48 3 55
48 4 50
48 5 71
48 6 48
48 7 117
48 8 85
48 9 35
48 10 53
48 11 58
48 12 77
48 13 114
48 14 13
48 15 77
48 16 91
48 17 92
48 18 81
48 19 55
48 20 89
48 21 68
48 22 64
48 23 91
48 24 79
48 25 84
48 26 49
48 27 33
48 28 53
48 29 70
48 30 81
48 31 78
48 32 33
48 33 58
48 34 59
48 35 32
48 36 74
48 37 63
48 38 29
48 39 124
48 40 17
48 41 63
48 42 55
48 43 76
48 44 62
48 45 41
48 46 123
48 47 86
48 48 -1
48 49 85
48 50 93
48 51 53
48 52 96
48 53 95
48 54 37
48 55 86
48 56 88
48 57 91
48 58 63
48 59 59
48 60 39
48 61 95
48 62 17
48 63 85
48 64 77
48 65 55
48 66 40
48 67 40
48 68 94
48 69 81
48 70 52
48 71 34
48 72 77
48 73 83
48 74 19
48 75 43
48 76 70
48 77 24
48 78 60
48 79 23
48 80 96
48 81 84
48 82 75
48 83 87
48 84 106
48 85 67
48 86 56
48 87 88
48 88 83
48 89 34
48 90 72
48 91 69
48 92 3
48 93 33
48 94 86
48 95 65
48 96 97
48 97 66
48 98 94
48 99 57
48 100 49
49 1 60
49 2 52
49 3 96
49 4 97
49 5 66
49 6 79
49 7 70
49 8 84
49 9 56
49 10 51
49 11 27
49 12 110
49 13 85
49 14 73
49 15 22
49 16 77
49 17 68
49 18 41
49 19 59
49 20 44
49 21 58
49 22 82
49 23 75
49 24 31
49 25 37
49 26 66
49 27 79
49 28 61
49 29 34
49 30 49
49 31 8
49 32 64
49 33 33
49 34 26
49 35 53
49 36 15
49 37 92
49 38 73
49 39 82
49 40 78
49 41 104
49 42 31
49 43 16
49 44 96
49 45 67
49 46 83
49 47 4
49 48 85
49 49 -1
49 50 16
49 51 59
49 52 28
49 53 93
49 54 49
49 55 63
49 56 105
49 57 7
49 58 22
49 59 72
49 60 78
49 61 98
49 62 71
49 63 98
49 64 59
49 65 32
49 66 45
49 67 45
49 68 20
49 69 82
49 70 60
49 71 90
49 72 26
49 73 9
49 74 70
49 75 58
49 76 90
49 77 82
49 78 90
49 79 64
49 80 79
49 81 14
49 82 76
49 83 74
49 84 80
49 85 58
49 86 82
49 87 8
49 88 93
49 89 51
49 90 110
49 91 47
49 92 87
49 93 94
49 94 98
49 95 23
49 96 25
49 97 81
49 98 49
49 99 28
49 100 92
50 1 67
50 2 68
50 3 111
50 4 111
50 5 82
50 6 94
50 7 84
50 8 100
50 9 68
50 10 65
50 11 39
50 12 125
50 13 100
50 14 82
50 15 38
50 16 93
50 17 84
50 18 57
50 19 74
50 20 60
50 21 74
50 22 98
50 23 91
50 24 47
50 25 53
50 26 81
50 27 93
50 28 76
50 29 50
50 30 65
50 31 18
50 32 77
50 33 47
50 34 36
50 35 63
50 36 19
50 37 107
50 38 86
50 39 96
50 40 89
50 41 119
50 42 38
50 43 17
50 44 111
50 45 81
50 46 97
50 47 12
50 48 93
50 49 16
50 50 -1
50 51 74
50 52 42
50 53 109
50 54 60
50 55 79
50 56 121
50 57 10
50 58 36
50 59 88
50 60 92
50 61 114
50 62 82
50 63 114
50 64 75
50 65 38
50 66 54
50 67 55
50 68 33
50 69 99
50 70 75
50 71 103
50 72 42
50 73 25
50 74 77
50 75 72
50 76 106
50 77 95
50 78 105
50 79 75
50 80 95
50 81 9
50 82 92
50 83 90
50 84 96
50 85 74
50 86 97
50 87 22
50 88 109
50 89 59
50 90 126
50 91 63
50 92 96
50 93 106
50 94 114
50 95 38
50 96 38
50 97 97
50 98 64
50 99 37
50 100 107
51 1 50
51 2 28
51 3 38
51 4 39
51 5 18
51 6 21
51 7 64
51 8 37
51 9 22
51 10 8
51 11 36
51 12 51
51 13 60
51 14 41
51 15 39
51 16 38
51 17 38
51 18 33
51 19 2
51 20 39
51 21 14
51 22 24
51 23 38
51 24 35
51 25 37
51 26 8
51 27 27
51 28 2
51 29 27
51 30 29
51 31 56
51 32 20
51 33 26
51 34 43
51 35 31
51 36 59
51 37 33
51 38 26
51 39 70
51 40 37
51 41 45
51 42 49
51 43 62
51 44 36
51 45 13
51 46 69
51 47 62
51 48 53
51 49 59
51 50 74
51 51 -1
51 52 54
51 53 47
51 54 29
51 55 33
51 56 50
51 57 66
51 58 39
51 59 14
51 60 23
51 61 50
51 62 36
51 63 44
51 64 24
51 65 50
51 66 39
51 67 34
51 68 56
51 69 33
51 70 2
51 71 38
51 72 37
51 73 52
51 74 53
51 75 11
51 76 33
51 77 35
51 78 31
51 79 31
51 80 43
51 81 67
51 82 26
51 83 34
51 84 53
51 85 13
51 86 23
51 87 57
51 88 40
51 89 46
51 90 51
51 91 19
51 92 53
51 93 42
51 94 45
51 95 36
51 96 57
51 97 24
51 98 43
51 99 43
51 100 34
52 1 77
52 2 34
52 3 91
52 4 94
52 5 53
52 6 75
52 7 42
52 8 67
52 9 62
52 10 49
52 11 41
52 12 99
52 13 59
52 14 83
52 15 19
52 16 56
52 17 46
52 18 23
52 19 53
52 20 21
52 21 46
52 22 73
52 23 54
52 24 19
52 25 18
52 26 62
52 27 81
52 28 56
52 29 28
52 30 31
52 31 34
52 32 68
52 33 37
52 34 44
52 35 64
52 36 42
52 37 83
52 38 77
52 39 54
52 40 85
52 41 97
52 42 53
52 43 44
52 44 88
52 45 67
52 46 55
52 47 32
52 48 96
52 49 28
52 50 42
52 51 54
52 52 -1
52 53 73
52 54 59
52 55 43
52 56 90
52 57 32
52 58 36
52 59 64
52 60 77
52 61 79
52 62 80
52 63 82
52 64 43
52 65 54
52 66 60
52 67 58
52 68 9
52 69 67
52 70 56
52 71 92
52 72 19
52 73 21
52 74 86
52 75 59
52 76 79
52 77 87
52 78 82
52 79 73
52 80 58
52 81 42
52 82 62
52 83 55
52 84 55
52 85 47
52 86 75
52 87 20
52 88 77
52 89 69
52 90 102
52 91 36
52 92 97
52 93 96
52 94 82
52 95 32
52 96 4
52 97 70
52 98 24
52 99 46
52 100 89
53 1 97
53 2 40
53 3 49
53 4 55
53 5 30
53 6 47
53 7 51
53 8 10
53 9 69
53 10 54
53 11 79
53 12 39
53 13 31
53 14 84
53 15 70
53 16 16
53 17 27
53 18 52
53 19 45
53 20 51
53 21 37
53 22 31
53 23 19
53 24 61
53 25 56
53 26 47
53 27 61
53 28 46
53 29 59
53 30 43
53 31 93
53 32 64
53 33 68
53 34 86
53 35 78
53 36 98
53 37 36
53 38 66
53 39 49
53 40 77
53 41 48
53 42 93
53 43 102
53 44 40
53 45 55
53 46 46
53 47 97
53 48 95
53 49 93
53 50 109
53 51 47
53 52 73
53 53 -1
53 54 76
53 55 30
53 56 22
53 57 99
53 58 79
53 59 36
53 60 55
53 61 5
53 62 79
53 63 16
53 64 33
53 65 95
53 66 86
53 67 81
53 68 80
53 69 14
53 70 47
53 71 66
53 72 66
53 73 84
53 74 99
53 75 57
53 76 27
53 77 71
53 78 38
53 79 77
53 80 17
53 81 105
53 82 21
53 83 18
53 84 26
53 85 38
53 86 39
53 87 87
53 88 13
53 89 93
53 90 45
53 91 47
53 92 93
53 93 70
53 94 15
53 95 75
53 96 77
53 97 29
53 98 50
53 99 87
53 100 52
54 1 22
54 2 49
54 3 56
54 4 54
54 5 46
54 6 40
54 7 84
54 8 66
54 9 9
54 10 23
54 11 22
54 12 75
54 13 86
54 14 24
54 15 40
54 16 66
54 17 64
54 18 47
54 19 31
54 20 55
54 21 41
54 22 51
54 23 66
54 24 43
54 25 48
54 26 30
54 27 33
54 28 30
54 29 34
54 30 49
54 31 43
54 32 18
54 33 21
54 34 24
54 35 4
54 36 42
54 37 57
54 38 26
54 39 93
54 40 28
54 41 64
54 42 25
54 43 45
54 44 59
54 45 26
54 46 92
54 47 51
54 48 37
54 49 49
54 50 60
54 51 29
54 52 59
54 53 76
54 54 -1
54 55 58
54 56 78
54 57 56
54 58 27
54 59 42
54 60 35
54 61 79
54 62 22
54 63 72
54 64 49
54 65 26
54 66 10
54 67 6
54 68 57
54 69 62
54 70 29
54 71 43
54 72 40
54 73 47
54 74 28
54 75 19
54 76 59
54 77 34
54 78 54
54 79 15
54 80 71
54 81 52
54 82 55
54 83 62
54 84 79
54 85 39
54 86 46
54 87 52
54 88 69
54 89 17
54 90 73
54 91 37
54 92 38
54 93 46
54 94 73
54 95 28
54 96 60
54 97 51
54 98 60
54 99 23
54 100 50
55 1 80
55 2 11
55 3 58
55 4 62
55 5 18
55 6 46
55 7 32
55 8 24
55 9 53
55 10 35
55 11 54
55 12 60
55 13 28
55 14 74
55 15 40
55 16 13
55 17 6
55 18 21
55 19 31
55 20 21
55 21 18
55 22 37
55 23 12
55 24 31
55 25 26
55 26 38
55 27 58
55 28 34
55 29 32
55 30 13
55 31 65
55 32 53
55 33 43
55 34 61
55 35 61
55 36 71
55 37 47
55 38 59
55 39 37
55 40 70
55 41 62
55 42 69
55 43 74
55 44 52
55 45 46
55 46 36
55 47 67
55 48 86
55 49 63
55 50 79
55 51 33
55 52 43
55 53 30
55 54 58
55 55 -1
55 56 48
55 57 69
55 58 53
55 59 32
55 60 52
55 61 36
55 62 69
55 63 40
55 64 9
55 65 71
55 66 65
55 67 61
55 68 50
55 69 25
55 70 34
55 71 67
55 72 36
55 73 54
55 74 85
55 75 43
55 76 40
55 77 67
55 78 47
55 79 64
55 80 16
55 81 76
55 82 22
55 83 12
55 84 21
55 85 19
55 86 42
55 87 57
55 88 35
55 89 74
55 90 63
55 91 21
55 92 86
55 93 71
55 94 39
55 95 48
55 96 47
55 97 34
55 98 20
55 99 62
55 100 58
56 1 97
56 2 56
56 3 35
56 4 41
56 5 39
56 6 41
56 7 73
56 8 23
56 9 69
56 10 59
56 11 87
56 12 19
56 13 53
56 14 80
56 15 83
56 16 36
56 17 47
56 18 67
56 19 49
56 20 68
56 21 47
56 22 27
56 23 38
56 24 75
56 25 72
56 26 47
56 27 54
56 28 49
56 29 71
56 30 58
56 31 104
56 32 63
56 33 76
56 34 94
56 35 79
56 36 108
56 37 24
56 38 61
56 39 71
56 40 71
56 41 31
56 42 99
56 43 112
56 44 26
56 45 53
56 46 68
56 47 109
56 48 88
56 49 105
56 50 121
56 51 50
56 52 90
56 53 22
56 54 78
56 55 48
56 56 -1
56 57 112
56 58 88
56 59 36
56 60 49
56 61 17
56 62 75
56 63 7
56 64 47
56 65 101
56 66 89
56 67 84
56 68 96
56 69 23
56 70 50
56 71 56
56 72 79
56 73 97
56 74 97
56 75 59
56 76 19
56 77 64
56 78 27
56 79 75
56 80 38
56 81 116
56 82 29
56 83 36
56 84 48
56 85 47
56 86 33
56 87 101
56 88 12
56 89 94
56 90 26
56 91 58
56 92 86
56 93 58
56 94 8
56 95 84
56 96 94
56 97 26
56 98 68
56 99 94
56 100 40
57 1 65
57 2 58
57 3 104
57 4 104
57 5 73
57 6 86
57 7 74
57 8 91
57 9 62
57 10 58
57 11 34
57 12 117
57 13 90
57 14 79
57 15 29
57 16 83
57 17 74
57 18 47
57 19 66
57 20 50
57 21 65
57 22 89
57 23 81
57 24 37
57 25 43
57 26 73
57 27 86
57 28 68
57 29 41
57 30 55
57 31 13
57 32 71
57 33 40
57 34 32
57 35 59
57 36 18
57 37 99
57 38 80
57 39 86
57 40 84
57 41 111
57 42 36
57 43 18
57 44 103
57 45 74
57 46 87
57 47 5
57 48 91
57 49 7
57 50 10
57 51 66
57 52 32
57 53 99
57 54 56
57 55 69
57 56 112
57 57 -1
57 58 29
57 59 80
57 60 85
57 61 104
57 62 78
57 63 104
57 64 66
57 65 36
57 66 51
57 67 51
57 68 23
57 69 89
57 70 68
57 71 97
57 72 33
57 73 15
57 74 75
57 75 65
57 76 97
57 77 89
57 78 97
57 79 71
57 80 85
57 81 12
57 82 83
57 83 80
57 84 85
57 85 65
57 86 89
57 87 12
57 88 100
57 89 57
57 90 118
57 91 54
57 92 93
57 93 101
57 94 105
57 95 30
57 96 28
57 97 88
57 98 54
57 99 34
57 100 99
58 1 41
58 2 42
58 3 75
58 4 75
58 5 50
58 6 58
58 7 70
58 8 70
58 9 33
58 10 30
58 11 5
58 12 90
58 13 79
58 14 51
58 15 17
58 16 65
58 17 59
58 18 33
58 19 40
58 20 40
58 21 42
58 22 63
58 23 64
58 24 25
58 25 32
58 26 45
58 27 57
58 28 41
58 29 21
58 30 40
58 31 18
58 32 41
58 33 12
58 34 8
58 35 31
58 36 20
58 37 72
58 38 50
58 39 81
58 40 55
58 41 83
58 42 17
58 43 23
58 44 75
58 45 45
58 46 81
58 47 25
58 48 63
58 49 22
58 50 36
58 51 39
58 52 36
58 53 79
58 54 27
58 55 53
58 56 88
58 57 29
58 58 -1
58 59 53
58 60 56
58 61 83
58 62 49
58 63 81
58 64 46
58 65 19
58 66 24
58 67 23
58 68 31
58 69 67
58 70 40
58 71 68
58 72 20
58 73 20
58 74 50
58 75 36
58 76 71
58 77 60
58 78 70
58 79 42
58 80 69
58 81 29
58 82 60
58 83 61
58 84 73
58 85 41
58 86 62
58 87 25
58 88 76
58 89 33
58 90 90
58 91 32
58 92 65
58 93 71
58 94 81
58 95 5
58 96 35
58 97 62
58 98 46
58 99 10
58 100 71
59 1 62
59 2 33
59 3 27
59 4 31
59 5 14
59 6 14
59 7 65
59 8 26
59 9 34
59 10 23
59 11 51
59 12 37
59 13 56
59 14 48
59 15 51
59 16 32
59 17 36
59 18 41
59 19 13
59 20 46
59 21 18
59 22 10
59 23 33
59 24 46
59 25 45
59 26 12
59 27 27
59 28 13
59 29 39
59 30 35
59 31 70
59 32 28
59 33 41
59 34 58
59 35 44
59 36 73
59 37 19
59 38 30
59 39 69
59 40 41
59 41 33
59 42 63
59 43 77
59 44 23
59 45 18
59 46 67
59 47 76
59 48 59
59 49 72
59 50 88
59 51 14
59 52 64
59 53 36
59 54 42
59 55 32
59 56 36
59 57 80
59 58 53
59 59 -1
59 60 21
59 61 37
59 62 43
59 63 30
59 64 25
59 65 65
59 66 52
59 67 47
59 68 67
59 69 21
59 70 13
59 71 35
59 72 48
59 73 65
59 74 63
59 75 23
59 76 18
59 77 37
59 78 17
59 79 41
59 80 37
59 81 82
59 82 15
59 83 28
59 84 48
59 85 17
59 86 11
59 87 70
59 88 27
59 89 59
59 90 38
59 91 28
59 92 58
59 93 39
59 94 31
59 95 50
59 96 67
59 97 9
59 98 49
59 99 58
59 100 26
60 1 49
60 2 50
60 3 21
60 4 19
60 5 34
60 6 8
60 7 85
60 8 46
60 9 25
60 10 28
60 11 52
60 12 41
60 13 77
60 14 31
60 15 60
60 16 53
60 17 57
60 18 56
60 19 24
60 20 62
60 21 35
60 22 24
60 23 54
60 24 58
60 25 60
60 26 15
60 27 6
60 28 21
60 29 49
60 30 52
60 31 74
60 32 16
60 33 45
60 34 57
60 35 34
60 36 74
60 37 25
60 38 12
60 39 90
60 40 22
60 41 30
60 42 60
60 43 78
60 44 25
60 45 10
60 46 88
60 47 81
60 48 39
60 49 78
60 50 92
60 51 23
60 52 77
60 53 55
60 54 35
60 55 52
60 56 49
60 57 85
60 58 56
60 59 21
60 60 -1
60 61 55
60 62 26
60 63 45
60 64 44
60 65 61
60 66 45
60 67 41
60 68 78
60 69 41
60 70 21
60 71 15
60 72 59
60 73 72
60 74 48
60 75 20
60 76 30
60 77 16
60 78 22
60 79 26
60 80 58
60 81 84
60 82 36
60 83 49
60 84 69
60 85 34
60 86 16
60 87 77
60 88 44
60 89 48
60 90 38
60 91 42
60 92 38
60 93 19
60 94 46
60 95 54
60 96 79
60 97 26
60 98 66
60 99 56
60 100 15
61 1 99
61 2 46
61 3 47
61 4 53
61 5 33
61 6 47
61 7 57
61 8 13
61 9 71
61 10 57
61 11 83
61 12 35
61 13 36
61 14 86
61 15 75
61 16 22
61 17 33
61 18 57
61 19 48
61 20 57
61 21 41
61 22 31
61 23 24
61 24 66
61 25 62
61 26 49
61 27 62
61 28 49
61 29 64
61 30 48
61 31 98
61 32 66
61 33 72
61 34 90
61 35 81
61 36 103
61 37 34
61 38 67
61 39 54
61 40 78
61 41 45
61 42 97
61 43 106
61 44 38
61 45 56
61 46 51
61 47 102
61 48 95
61 49 98
61 50 114
61 51 50
61 52 79
61 53 5
61 54 79
61 55 36
61 56 17
61 57 104
61 58 83
61 59 37
61 60 55
61 61 -1
61 62 80
61 63 13
61 64 38
61 65 99
61 66 89
61 67 84
61 68 86
61 69 17
61 70 50
61 71 66
61 72 71
61 73 89
61 74 101
61 75 60
61 76 26
61 77 72
61 78 37
61 79 78
61 80 22
61 81 110
61 82 24
61 83 24
61 84 31
61 85 42
61 86 39
61 87 92
61 88 12
61 89 96
61 90 42
61 91 51
61 92 93
61 93 69
61 94 11
61 95 79
61 96 83
61 97 29
61 98 55
61 99 91
61 100 51
62 1 25
62 2 63
62 3 45
62 4 41
62 5 53
62 6 34
62 7 99
62 8 69
62 9 18
62 10 35
62 11 44
62 12 66
62 13 96
62 14 5
62 15 61
62 16 74
62 17 75
62 18 64
62 19 38
62 20 72
62 21 50
62 22 49
62 23 74
62 24 62
62 25 66
62 26 32
62 27 21
62 28 35
62 29 53
62 30 63
62 31 65
62 32 15
62 33 42
62 34 46
62 35 18
62 36 63
62 37 51
62 38 14
62 39 106
62 40 7
62 41 53
62 42 45
62 43 66
62 44 51
62 45 24
62 46 105
62 47 73
62 48 17
62 49 71
62 50 82
62 51 36
62 52 80
62 53 79
62 54 22
62 55 69
62 56 75
62 57 78
62 58 49
62 59 43
62 60 26
62 61 80
62 62 -1
62 63 71
62 64 60
62 65 46
62 66 28
62 67 26
62 68 78
62 69 65
62 70 34
62 71 26
62 72 60
62 73 69
62 74 22
62 75 25
62 76 56
62 77 15
62 78 48
62 79 7
62 80 79
62 81 73
62 82 59
62 83 69
62 84 89
62 85 49
62 86 42
62 87 74
62 88 69
62 89 27
62 90 62
62 91 51
62 92 17
62 93 28
62 94 72
62 95 50
62 96 81
62 97 50
62 98 77
62 99 44
62 100 39
63 1 92
63 2 48
63 3 34
63 4 41
63 5 31
63 6 37
63 7 66
63 8 16
63 9 64
63 10 52
63 11 80
63 12 23
63 13 47
63 14 76
63 15 75
63 16 29
63 17 39
63 18 59
63 19 42
63 20 61
63 21 39
63 22 22
63 23 31
63 24 67
63 25 64
63 26 42
63 27 51
63 28 42
63 29 63
63 30 51
63 31 97
63 32 58
63 33 69
63 34 87
63 35 74
63 36 101
63 37 22
63 38 57
63 39 65
63 40 67
63 41 32
63 42 93
63 43 105
63 44 25
63 45 48
63 46 62
63 47 101
63 48 85
63 49 98
63 50 114
63 51 44
63 52 82
63 53 16
63 54 72
63 55 40
63 56 7
63 57 104
63 58 81
63 59 30
63 60 45
63 61 13
63 62 71
63 63 -1
63 64 39
63 65 95
63 66 83
63 67 78
63 68 88
63 69 15
63 70 43
63 71 54
63 72 71
63 73 89
63 74 92
63 75 53
63 76 14
63 77 61
63 78 25
63 79 70
63 80 31
63 81 109
63 82 21
63 83 28
63 84 42
63 85 39
63 86 28
63 87 93
63 88 5
63 89 89
63 90 29
63 91 50
63 92 83
63 93 57
63 94 1
63 95 77
63 96 86
63 97 21
63 98 60
63 99 87
63 100 38
64 1 71
64 2 8
64 3 52
64 4 56
64 5 11
64 6 39
64 7 41
64 8 25
64 9 44
64 10 26
64 11 47
64 12 56
64 13 37
64 14 65
64 15 36
64 16 19
64 17 15
64 18 19
64 19 22
64 20 22
64 21 9
64 22 31
64 23 18
64 24 28
64 25 24
64 26 30
64 27 50
64 28 25
64 29 26
64 30 11
64 31 60
64 32 44
64 33 36
64 34 54
64 35 52
64 36 65
64 37 41
64 38 50
64 39 46
64 40 61
64 41 56
64 42 62
64 43 68
64 44 46
64 45 37
64 46 45
64 47 63
64 48 77
64 49 59
64 50 75
64 51 24
64 52 43
64 53 33
64 54 49
64 55 9
64 56 47
64 57 66
64 58 46
64 59 25
64 60 44
64 61 38
64 62 60
64 63 39
64 64 -1
64 65 64
64 66 57
64 67 52
64 68 48
64 69 24
64 70 25
64 71 59
64 72 32
64 73 50
64 74 76
64 75 34
64 76 36
64 77 59
64 78 41
64 79 55
64 80 23
64 81 71
64 82 18
64 83 15
64 84 29
64 85 10
64 86 36
64 87 54
64 88 34
64 89 65
64 90 59
64 91 14
64 92 77
64 93 63
64 94 39
64 95 41
64 96 47
64 97 28
64 98 24
64 99 55
64 100 51
65 1 29
65 2 60
65 3 82
65 4 81
65 5 65
65 6 66
65 7 90
65 8 85
65 9 36
65 10 42
65 11 17
65 12 100
65 13 98
65 14 45
65 15 37
65 16 83
65 17 77
65 18 53
65 19 52
65 20 60
65 21 58
65 22 75
65 23 82
65 24 44
65 25 52
65 26 55
65 27 60
65 28 52
65 29 40
65 30 59
65 31 24
65 32 45
65 33 28
65 34 10
65 35 28
65 36 19
65 37 82
65 38 53
65 39 101
65 40 53
65 41 91
65 42 2
65 43 21
65 44 84
65 45 52
65 46 100
65 47 32
65 48 55
65 49 32
65 50 38
65 51 50
65 52 54
65 53 95
65 54 26
65 55 71
65 56 101
65 57 36
65 58 19
65 59 65
65 60 61
65 61 99
65 62 46
65 63 95
65 64 64
65 65 -1
65 66 17
65 67 20
65 68 48
65 69 82
65 70 51
65 71 70
65 72 40
65 73 35
65 74 39
65 75 43
65 76 83
65 77 60
65 78 79
65 79 39
65 80 87
65 81 29
65 82 75
65 83 79
65 84 92
65 85 57
65 86 72
65 87 38
65 88 91
65 89 21
65 90 99
65 91 50
65 92 58
65 93 73
65 94 95
65 95 24
65 96 53
65 97 75
65 98 65
65 99 9
65 100 77
66 1 17
66 2 56
66 3 66
66 4 64
66 5 56
66 6 50
66 7 90
66 8 76
66 9 20
66 10 32
66 11 19
66 12 85
66 13 94
66 14 28
66 15 41
66 16 75
66 17 72
66 18 52
66 19 41
66 20 59
66 21 49
66 22 61
66 23 74
66 24 45
66 25 52
66 26 41
66 27 43
66 28 40
66 29 38
66 30 55
66 31 38
66 32 28
66 33 24
66 34 19
66 35 11
66 36 34
66 37 67
66 38 36
66 39 99
66 40 36
66 41 75
66 42 16
66 43 37
66 44 69
66 45 37
66 46 98
66 47 46
66 48 40
66 49 45
66 50 54
66 51 39
66 52 60
66 53 86
66 54 10
66 55 65
66 56 89
66 57 51
66 58 24
66 59 52
66 60 45
66 61 89
66 62 28
66 63 83
66 64 57
66 65 17
66 66 -1
66 67 5
66 68 56
66 69 72
66 70 39
66 71 53
66 72 42
66 73 44
66 74 26
66 75 29
66 76 70
66 77 43
66 78 65
66 79 22
66 80 80
66 81 45
66 82 65
66 83 71
66 84 86
66 85 48
66 86 57
66 87 49
66 88 79
66 89 9
66 90 83
66 91 44
66 92 42
66 93 55
66 94 83
66 95 27
66 96 60
66 97 62
66 98 65
66 99 17
66 100 61
67 1 20
67 2 51
67 3 62
67 4 60
67 5 51
67 6 46
67 7 86
67 8 71
67 9 15
67 10 27
67 11 18
67 12 81
67 13 89
67 14 28
67 15 38
67 16 70
67 17 67
67 18 48
67 19 36
67 20 55
67 21 44
67 22 57
67 23 70
67 24 42
67 25 48
67 26 36
67 27 40
67 28 35
67 29 34
67 30 51
67 31 38
67 32 24
67 33 21
67 34 19
67 35 8
67 36 36
67 37 63
67 38 32
67 39 95
67 40 34
67 41 71
67 42 19
67 43 39
67 44 65
67 45 32
67 46 94
67 47 46
67 48 40
67 49 45
67 50 55
67 51 34
67 52 58
67 53 81
67 54 6
67 55 61
67 56 84
67 57 51
67 58 23
67 59 47
67 60 41
67 61 84
67 62 26
67 63 78
67 64 52
67 65 20
67 66 5
67 67 -1
67 68 54
67 69 67
67 70 34
67 71 50
67 72 39
67 73 43
67 74 28
67 75 25
67 76 65
67 77 40
67 78 60
67 79 20
67 80 75
67 81 46
67 82 60
67 83 66
67 84 82
67 85 43
67 86 52
67 87 48
67 88 74
67 89 13
67 90 79
67 91 39
67 92 42
67 93 52
67 94 78
67 95 25
67 96 58
67 97 57
67 98 61
67 99 17
67 100 57
68 1 73
68 2 40
68 3 94
68 4 96
68 5 58
68 6 77
68 7 51
68 8 73
68 9 61
68 10 50
68 11 36
68 12 104
68 13 68
68 14 81
68 15 18
68 16 63
68 17 53
68 18 29
68 19 56
68 20 29
68 21 50
68 22 77
68 23 61
68 24 21
68 25 24
68 26 64
68 27 81
68 28 58
68 29 29
68 30 37
68 31 26
68 32 68
68 33 36
68 34 39
68 35 61
68 36 34
68 37 87
68 38 77
68 39 63
68 40 84
68 41 101
68 42 47
68 43 36
68 44 91
68 45 68
68 46 64
68 47 23
68 48 94
68 49 20
68 50 33
68 51 56
68 52 9
68 53 80
68 54 57
68 55 50
68 56 96
68 57 23
68 58 31
68 59 67
68 60 78
68 61 86
68 62 78
68 63 88
68 64 48
68 65 48
68 66 56
68 67 54
68 68 -1
68 69 72
68 70 58
68 71 92
68 72 19
68 73 13
68 74 82
68 75 59
68 76 83
68 77 87
68 78 85
68 79 71
68 80 65
68 81 33
68 82 67
68 83 61
68 84 64
68 85 51
68 86 78
68 87 11
68 88 83
68 89 64
68 90 106
68 91 39
68 92 95
68 93 96
68 94 88
68 95 29
68 96 5
68 97 74
68 98 32
68 99 41
68 100 91
69 1 83
69 2 32
69 3 38
69 4 44
69 5 17
69 6 33
69 7 54
69 8 5
69 9 54
69 10 40
69 11 66
69 12 35
69 13 38
69 14 70
69 15 60
69 16 16
69 17 25
69 18 43
69 19 31
69 20 45
69 21 25
69 22 18
69 23 18
69 24 52
69 25 48
69 26 33
69 27 48
69 28 32
69 29 48
69 30 35
69 31 82
69 32 50
69 33 55
69 34 73
69 35 64
69 36 87
69 37 25
69 38 51
69 39 54
69 40 63
69 41 39
69 42 80
69 43 90
69 44 30
69 45 40
69 46 51
69 47 86
69 48 81
69 49 82
69 50 99
69 51 33
69 52 67
69 53 14
69 54 62
69 55 25
69 56 23
69 57 89
69 58 67
69 59 21
69 60 41
69 61 17
69 62 65
69 63 15
69 64 24
69 65 82
69 66 72
69 67 67
69 68 72
69 69 -1
69 70 33
69 71 53
69 72 56
69 73 74
69 74 85
69 75 43
69 76 17
69 77 58
69 78 26
69 79 62
69 80 19
69 81 94
69 82 7
69 83 14
69 84 31
69 85 25
69 86 26
69 87 78
69 88 10
69 89 79
69 90 40
69 91 35
69 92 79
69 93 57
69 94 15
69 95 63
69 96 71
69 97 15
69 98 45
69 99 74
69 100 40
70 1 50
70 2 30
70 3 36
70 4 37
70 5 19
70 6 19
70 7 66
70 8 37
70 9 21
70 10 9
70 11 38
70 12 50
70 13 62
70 14 40
70 15 41
70 16 39
70 17 40
70 18 35
70 19 3
70 20 41
70 21 16
70 22 23
70 23 39
70 24 37
70 25 39
70 26 6
70 27 25
70 28 1
70 29 29
70 30 31
70 31 58
70 32 19
70 33 28
70 34 44
70 35 31
70 36 60
70 37 31
70 38 24
70 39 72
70 40 35
70 41 43
70 42 49
70 43 64
70 44 35
70 45 12
70 46 70
70 47 64
70 48 52
70 49 60
70 50 75
70 51 2
70 52 56
70 53 47
70 54 29
70 55 34
70 56 50
70 57 68
70 58 40
70 59 13
70 60 21
70 61 50
70 62 34
70 63 43
70 64 25
70 65 51
70 66 39
70 67 34
70 68 58
70 69 33
70 70 -1
70 71 36
70 72 38
70 73 54
70 74 52
70 75 10
70 76 32
70 77 34
70 78 29
70 79 30
70 80 44
70 81 69
70 82 26
70 83 35
70 84 54
70 85 15
70 86 21
70 87 59
70 88 40
70 89 46
70 90 50
70 91 21
70 92 51
70 93 40
70 94 44
70 95 37
70 96 59
70 97 23
70 98 45
70 99 44
70 100 32
71 1 51
71 2 65
71 3 21
71 4 16
71 5 49
71 6 21
71 7 100
71 8 58
71 9 35
71 10 43
71 11 63
71 12 43
71 13 91
71 14 30
71 15 74
71 16 67
71 17 72
71 18 71
71 19 39
71 20 77
71 21 50
71 22 35
71 23 68
71 24 73
71 25 75
71 26 30
71 27 11
71 28 36
71 29 64
71 30 67
71 31 85
71 32 26
71 33 58
71 34 68
71 35 41
71 36 85
71 37 31
71 38 17
71 39 104
71 40 19
71 41 29
71 42 69
71 43 88
71 44 29
71 45 25
71 46 102
71 47 93
71 48 34
71 49 90
71 50 103
71 51 38
71 52 92
71 53 66
71 54 43
71 55 67
71 56 56
71 57 97
71 58 68
71 59 35
71 60 15
71 61 66
71 62 26
71 63 54
71 64 59
71 65 70
71 66 53
71 67 50
71 68 92
71 69 53
71 70 36
71 71 -1
71 72 73
71 73 86
71 74 47
71 75 33
71 76 39
71 77 11
71 78 29
71 79 31
71 80 72
71 81 95
71 82 50
71 83 63
71 84 83
71 85 49
71 86 27
71 87 91
71 88 53
71 89 54
71 90 38
71 91 57
71 92 31
71 93 4
71 94 55
71 95 67
71 96 94
71 97 38
71 98 81
71 99 66
71 100 15
72 1 59
72 2 25
72 3 74
72 4 76
72 5 40
72 6 58
72 7 50
72 8 57
72 9 42
72 10 30
72 11 24
72 12 85
72 13 61
72 14 64
72 15 4
72 16 50
72 17 41
72 18 15
72 19 36
72 20 20
72 21 32
72 22 58
72 23 48
72 24 5
72 25 12
72 26 44
72 27 62
72 28 39
72 29 9
72 30 23
72 31 28
72 32 49
72 33 18
72 34 29
72 35 45
72 36 35
72 37 68
72 38 58
72 39 61
72 40 65
72 41 81
72 42 38
72 43 38
72 44 72
72 45 48
72 46 61
72 47 30
72 48 77
72 49 26
72 50 42
72 51 37
72 52 19
72 53 66
72 54 40
72 55 36
72 56 79
72 57 33
72 58 20
72 59 48
72 60 59
72 61 71
72 62 60
72 63 71
72 64 32
72 65 40
72 66 42
72 67 39
72 68 19
72 69 56
72 70 38
72 71 73
72 72 -1
72 73 18
72 74 67
72 75 40
72 76 65
72 77 68
72 78 66
72 79 54
72 80 53
72 81 39
72 82 50
72 83 47
72 84 55
72 85 32
72 86 59
72 87 21
72 88 66
72 89 51
72 90 87
72 91 21
72 92 78
72 93 77
72 94 71
72 95 15
72 96 21
72 97 56
72 98 25
72 99 31
72 100 71
73 1 61
73 2 43
73 3 90
73 4 91
73 5 58
73 6 73
73 7 61
73 8 76
73 9 52
73 10 44
73 11 25
73 12 102
73 13 76
73 14 71
73 15 14
73 16 68
73 17 59
73 18 32
73 19 52
73 20 35
73 21 50
73 22 75
73 23 66
73 24 22
73 25 28
73 26 59
73 27 75
73 28 54
73 29 26
73 30 40
73 31 13
73 32 60
73 33 27
73 34 26
73 35 51
73 36 21
73 37 85
73 38 69
73 39 73
73 40 75
73 41 97
73 42 33
73 43 24
73 44 89
73 45 62
73 46 74
73 47 13
73 48 83
73 49 9
73 50 25
73 51 52
73 52 21
73 53 84
73 54 47
73 55 54
73 56 97
73 57 15
73 58 20
73 59 65
73 60 72
73 61 89
73 62 69
73 63 89
73 64 50
73 65 35
73 66 44
73 67 43
73 68 13
73 69 74
73 70 54
73 71 86
73 72 18
73 73 -1
73 74 70
73 75 52
73 76 82
73 77 79
73 78 83
73 79 62
73 80 70
73 81 23
73 82 68
73 83 65
73 84 71
73 85 50
73 86 75
73 87 5
73 88 84
73 89 52
73 90 103
73 91 38
73 92 85
73 93 89
73 94 89
73 95 19
73 96 18
73 97 73
73 98 40
73 99 28
73 100 86
74 1 10
74 2 77
74 3 67
74 4 63
74 5 72
74 6 56
74 7 113
74 8 89
74 9 31
74 10 49
74 11 45
74 12 88
74 13 113
74 14 17
74 15 66
74 16 92
74 17 91
74 18 75
74 19 55
74 20 83
74 21 67
74 22 70
74 23 92
74 24 70
74 25 76
74 26 51
74 27 43
74 28 53
74 29 62
74 30 77
74 31 62
74 32 34
74 33 49
74 34 44
74 35 24
74 36 58
74 37 73
74 38 36
74 39 121
74 40 28
74 41 75
74 42 39
74 43 60
74 44 73
74 45 44
74 46 120
74 47 70
74 48 19
74 49 70
74 50 77
74 51 53
74 52 86
74 53 99
74 54 28
74 55 85
74 56 97
74 57 75
74 58 50
74 59 63
74 60 48
74 61 101
74 62 22
74 63 92
74 64 76
74 65 39
74 66 26
74 67 28
74 68 82
74 69 85
74 70 52
74 71 47
74 72 67
74 73 70
74 74 -1
74 75 42
74 76 78
74 77 36
74 78 70
74 79 22
74 80 97
74 81 68
74 82 78
74 83 88
74 84 106
74 85 66
74 86 64
74 87 75
74 88 90
74 89 18
74 90 84
74 91 65
74 92 22
74 93 48
74 94 93
74 95 53
74 96 86
74 97 72
74 98 89
74 99 42
74 100 61
75 1 39
75 2 38
75 3 39
75 4 39
75 5 29
75 6 22
75 7 74
75 8 47
75 9 11
75 10 10
75 11 32
75 12 56
75 13 71
75 14 30
75 15 41
75 16 50
75 17 49
75 18 40
75 19 13
75 20 47
75 21 25
75 22 32
75 23 50
75 24 40
75 25 43
75 26 11
75 27 22
75 28 11
75 29 31
75 30 38
75 31 54
75 32 10
75 33 25
75 34 38
75 35 21
75 36 55
75 37 38
75 38 18
75 39 81
75 40 27
75 41 48
75 42 42
75 43 58
75 44 41
75 45 9
75 46 79
75 47 60
75 48 43
75 49 58
75 50 72
75 51 11
75 52 59
75 53 57
75 54 19
75 55 43
75 56 59
75 57 65
75 58 36
75 59 23
75 60 20
75 61 60
75 62 25
75 63 53
75 64 34
75 65 43
75 66 29
75 67 25
75 68 59
75 69 43
75 70 10
75 71 33
75 72 40
75 73 52
75 74 42
75 75 -1
75 76 40
75 77 28
75 78 35
75 79 20
75 80 55
75 81 64
75 82 36
75 83 45
75 84 64
75 85 24
75 86 28
75 87 57
75 88 50
75 89 36
75 90 55
75 91 26
75 92 43
75 93 37
75 94 54
75 95 34
75 96 61
75 97 32
75 98 52
75 99 37
75 100 35
76 1 78
76 2 45
76 3 21
76 4 27
76 5 25
76 6 22
76 7 71
76 8 21
76 9 50
76 10 41
76 11 69
76 12 20
76 13 55
76 14 61
76 15 68
76 16 33
76 17 42
76 18 55
76 19 31
76 20 58
76 21 33
76 22 8
76 23 35
76 24 62
76 25 60
76 26 29
76 27 36
76 28 31
76 29 56
76 30 47
76 31 88
76 32 44
76 33 59
76 34 76
76 35 60
76 36 92
76 37 8
76 38 42
76 39 72
76 40 52
76 41 22
76 42 81
76 43 95
76 44 13
76 45 34
76 46 69
76 47 94
76 48 70
76 49 90
76 50 106
76 51 33
76 52 79
76 53 27
76 54 59
76 55 40
76 56 19
76 57 97
76 58 71
76 59 18
76 60 30
76 61 26
76 62 56
76 63 14
76 64 36
76 65 83
76 66 70
76 67 65
76 68 83
76 69 17
76 70 32
76 71 39
76 72 65
76 73 82
76 74 78
76 75 40
76 76 -1
76 77 46
76 78 10
76 79 56
76 80 37
76 81 100
76 82 18
76 83 31
76 84 49
76 85 32
76 86 14
76 87 87
76 88 14
76 89 75
76 90 23
76 91 44
76 92 68
76 93 42
76 94 16
76 95 68
76 96 82
76 97 9
76 98 60
76 99 76
76 100 24
77 1 40
77 2 64
77 3 31
77 4 26
77 5 50
77 6 24
77 7 100
77 8 63
77 9 26
77 10 38
77 11 55
77 12 53
77 13 93
77 14 19
77 15 69
77 16 70
77 17 73
77 18 68
77 19 37
77 20 75
77 21 50
77 22 40
77 23 70
77 24 68
77 25 71
77 26 29
77 27 10
77 28 34
77 29 59
77 30 65
77 31 77
77 32 19
77 33 51
77 34 59
77 35 31
77 36 76
77 37 39
77 38 10
77 39 105
77 40 8
77 41 39
77 42 59
77 43 79
77 44 38
77 45 21
77 46 103
77 47 85
77 48 24
77 49 82
77 50 95
77 51 35
77 52 87
77 53 71
77 54 34
77 55 67
77 56 64
77 57 89
77 58 60
77 59 37
77 60 16
77 61 72
77 62 15
77 63 61
77 64 59
77 65 60
77 66 43
77 67 40
77 68 87
77 69 58
77 70 34
77 71 11
77 72 68
77 73 79
77 74 36
77 75 28
77 76 46
77 77 -1
77 78 36
77 79 20
77 80 74
77 81 86
77 82 53
77 83 65
77 84 85
77 85 48
77 86 32
77 87 84
77 88 59
77 89 43
77 90 48
77 91 54
77 92 22
77 93 12
77 94 62
77 95 60
77 96 89
77 97 42
77 98 79
77 99 57
77 100 25
78 1 70
78 2 49
78 3 11
78 4 17
78 5 30
78 6 14
78 7 79
78 8 31
78 9 44
78 10 39
78 11 67
78 12 21
78 13 65
78 14 53
78 15 69
78 16 42
78 17 49
78 18 58
78 19 30
78 20 63
78 21 35
78 22 10
78 23 43
78 24 64
78 25 63
78 26 25
78 27 27
78 28 29
78 29 57
78 30 52
78 31 87
78 32 37
78 33 57
78 34 73
78 35 54
78 36 90
78 37 3
78 38 34
78 39 80
78 40 43
78 41 15
78 42 78
78 43 93
78 44 5
78 45 27
78 46 78
78 47 93
78 48 60
78 49 90
78 50 105
78 51 31
78 52 82
78 53 38
78 54 54
78 55 47
78 56 27
78 57 97
78 58 70
78 59 17
78 60 22
78 61 37
78 62 48
78 63 25
78 64 41
78 65 79
78 66 65
78 67 60
78 68 85
78 69 26
78 70 29
78 71 29
78 72 66
78 73 83
78 74 70
78 75 35
78 76 10
78 77 36
78 78 -1
78 79 48
78 80 46
78 81 99
78 82 25
78 83 39
78 84 58
78 85 35
78 86 7
78 87 87
78 88 24
78 89 69
78 90 20
78 91 46
78 92 58
78 93 32
78 94 26
78 95 67
78 96 85
78 97 13
78 98 65
78 99 73
78 100 14
79 1 22
79 2 58
79 3 47
79 4 44
79 5 50
79 6 34
79 7 94
79 8 67
79 9 11
79 10 29
79 11 37
79 12 68
79 13 92
79 14 10
79 15 54
79 16 70
79 17 70
79 18 58
79 19 34
79 20 66
79 21 46
79 22 48
79 23 70
79 24 55
79 25 60
79 26 29
79 27 23
79 28 31
79 29 46
79 30 58
79 31 58
79 32 12
79 33 35
79 34 39
79 35 11
79 36 56
79 37 51
79 38 15
79 39 101
79 40 13
79 41 56
79 42 38
79 43 59
79 44 52
79 45 22
79 46 100
79 47 66
79 48 23
79 49 64
79 50 75
79 51 31
79 52 73
79 53 77
79 54 15
79 55 64
79 56 75
79 57 71
79 58 42
79 59 41
79 60 26
79 61 78
79 62 7
79 63 70
79 64 55
79 65 39
79 66 22
79 67 20
79 68 71
79 69 62
79 70 30
79 71 31
79 72 54
79 73 62
79 74 22
79 75 20
79 76 56
79 77 20
79 78 48
79 79 -1
79 80 75
79 81 67
79 82 56
79 83 66
79 84 84
79 85 45
79 86 42
79 87 67
79 88 67
79 89 23
79 90 64
79 91 46
79 92 24
79 93 33
79 94 71
79 95 43
79 96 74
79 97 49
79 98 71
79 99 37
79 100 41
80 1 93
80 2 27
80 3 58
80 4 63
80 5 25
80 6 51
80 7 35
80 8 16
80 9 65
80 10 48
80 11 70
80 12 54
80 13 18
80 14 84
80 15 57
80 16 5
80 17 11
80 18 38
80 19 41
80 20 36
80 21 30
80 22 37
80 23 5
80 24 48
80 25 42
80 26 47
80 27 65
80 28 43
80 29 48
80 30 30
80 31 81
80 32 63
80 33 59
80 34 77
80 35 74
80 36 87
80 37 45
80 38 67
80 39 34
80 40 78
80 41 59
80 42 85
80 43 90
80 44 50
80 45 55
80 46 32
80 47 83
80 48 96
80 49 79
80 50 95
80 51 43
80 52 58
80 53 17
80 54 71
80 55 16
80 56 38
80 57 85
80 58 69
80 59 37
80 60 58
80 61 22
80 62 79
80 63 31
80 64 23
80 65 87
80 66 80
80 67 75
80 68 65
80 69 19
80 70 44
80 71 72
80 72 53
80 73 70
80 74 97
80 75 55
80 76 37
80 77 74
80 78 46
80 79 75
80 80 -1
80 81 92
80 82 22
80 83 9
80 84 11
80 85 31
80 86 44
80 87 73
80 88 27
80 89 88
80 90 59
80 91 37
80 92 95
80 93 76
80 94 30
80 95 64
80 96 62
80 97 34
80 98 34
80 99 78
80 100 59
81 1 58
81 2 65
81 3 104
81 4 104
81 5 77
81 6 87
81 7 84
81 8 96
81 9 60
81 10 59
81 11 32
81 12 119
81 13 99
81 14 74
81 15 35
81 16 89
81 17 81
81 18 54
81 19 68
81 20 58
81 21 69
81 22 92
81 23 88
81 24 44
81 25 50
81 26 74
81 27 85
81 28 70
81 29 45
81 30 62
81 31 11
81 32 69
81 33 41
81 34 27
81 35 55
81 36 10
81 37 101
81 38 78
81 39 96
81 40 80
81 41 112
81 42 29
81 43 8
81 44 104
81 45 74
81 46 97
81 47 10
81 48 84
81 49 14
81 50 9
81 51 67
81 52 42
81 53 105
81 54 52
81 55 76
81 56 116
81 57 12
81 58 29
81 59 82
81 60 84
81 61 110
81 62 73
81 63 109
81 64 71
81 65 29
81 66 45
81 67 46
81 68 33
81 69 94
81 70 69
81 71 95
81 72 39
81 73 23
81 74 68
81 75 64
81 76 100
81 77 86
81 78 99
81 79 67
81 80 92
81 81 -1
81 82 87
81 83 86
81 84 94
81 85 69
81 86 91
81 87 22
81 88 104
81 89 50
81 90 119
81 91 58
81 92 87
81 93 98
81 94 109
81 95 32
81 96 39
81 97 91
81 98 63
81 99 29
81 100 99
82 1 76
82 2 27
82 3 37
82 4 42
82 5 10
82 6 29
82 7 53
82 8 11
82 9 47
82 10 33
82 11 59
82 12 38
82 13 41
82 14 64
82 15 54
82 16 17
82 17 24
82 18 38
82 19 24
82 20 41
82 21 18
82 22 15
82 23 18
82 24 46
82 25 43
82 26 26
82 27 43
82 28 25
82 29 42
82 30 30
82 31 76
82 32 44
82 33 48
82 34 66
82 35 57
82 36 80
82 37 25
82 38 46
82 39 55
82 40 57
82 41 40
82 42 73
82 43 84
82 44 30
82 45 34
82 46 53
82 47 80
82 48 75
82 49 76
82 50 92
82 51 26
82 52 62
82 53 21
82 54 55
82 55 22
82 56 29
82 57 83
82 58 60
82 59 15
82 60 36
82 61 24
82 62 59
82 63 21
82 64 18
82 65 75
82 66 65
82 67 60
82 68 67
82 69 7
82 70 26
82 71 50
82 72 50
82 73 68
82 74 78
82 75 36
82 76 18
82 77 53
82 78 25
82 79 56
82 80 22
82 81 87
82 82 -1
82 83 13
82 84 33
82 85 18
82 86 22
82 87 72
82 88 16
82 89 72
82 90 41
82 91 29
82 92 74
82 93 53
82 94 21
82 95 56
82 96 66
82 97 12
82 98 42
82 99 67
82 100 38
83 1 84
83 2 21
83 3 50
83 4 56
83 5 16
83 6 42
83 7 40
83 8 12
83 9 56
83 10 39
83 11 62
83 12 49
83 13 27
83 14 75
83 15 51
83 16 4
83 17 11
83 18 33
83 19 32
83 20 33
83 21 21
83 22 29
83 23 5
83 24 42
83 25 38
83 26 37
83 27 55
83 28 34
83 29 41
83 30 24
83 31 75
83 32 54
83 33 51
83 34 69
83 35 65
83 36 80
83 37 38
83 38 58
83 39 41
83 40 69
83 41 53
83 42 77
83 43 84
83 44 43
83 45 45
83 46 39
83 47 78
83 48 87
83 49 74
83 50 90
83 51 34
83 52 55
83 53 18
83 54 62
83 55 12
83 56 36
83 57 80
83 58 61
83 59 28
83 60 49
83 61 24
83 62 69
83 63 28
83 64 15
83 65 79
83 66 71
83 67 66
83 68 61
83 69 14
83 70 35
83 71 63
83 72 47
83 73 65
83 74 88
83 75 45
83 76 31
83 77 65
83 78 39
83 79 66
83 80 9
83 81 86
83 82 13
83 83 -1
83 84 20
83 85 22
83 86 36
83 87 68
83 88 23
83 89 79
83 90 54
83 91 29
83 92 85
83 93 67
83 94 28
83 95 57
83 96 59
83 97 26
83 98 32
83 99 70
83 100 52
84 1 101
84 2 31
84 3 70
84 4 75
84 5 35
84 6 62
84 7 25
84 8 27
84 9 74
84 10 56
84 11 74
84 12 65
84 13 7
84 14 94
84 15 59
84 16 16
84 17 14
84 18 40
84 19 50
84 20 35
84 21 38
84 22 49
84 23 15
84 24 50
84 25 43
84 26 57
84 27 75
84 28 53
84 29 52
84 30 33
84 31 83
84 32 73
84 33 64
84 34 81
84 35 82
84 36 90
84 37 57
84 38 77
84 39 23
84 40 89
84 41 71
84 42 90
84 43 93
84 44 61
84 45 65
84 46 20
84 47 84
84 48 106
84 49 80
84 50 96
84 51 53
84 52 55
84 53 26
84 54 79
84 55 21
84 56 48
84 57 85
84 58 73
84 59 48
84 60 69
84 61 31
84 62 89
84 63 42
84 64 29
84 65 92
84 66 86
84 67 82
84 68 64
84 69 31
84 70 54
84 71 83
84 72 55
84 73 71
84 74 106
84 75 64
84 76 49
84 77 85
84 78 58
84 79 84
84 80 11
84 81 94
84 82 33
84 83 20
84 84 -1
84 85 39
84 86 56
84 87 73
84 88 38
84 89 95
84 90 70
84 91 42
84 92 105
84 93 87
84 94 41
84 95 68
84 96 60
84 97 46
84 98 31
84 99 82
84 100 71
85 1 62
85 2 16
85 3 44
85 4 48
85 5 8
85 6 30
85 7 51
85 8 28
85 9 34
85 10 16
85 11 41
85 12 53
85 13 47
85 14 54
85 15 36
85 16 26
85 17 25
85 18 23
85 19 11
85 20 29
85 21 1
85 22 25
85 23 26
85 24 29
85 25 28
85 26 19
85 27 39
85 28 14
85 29 24
85 30 18
85 31 57
85 32 33
85 33 30
85 34 48
85 35 43
85 36 61
85 37 36
85 38 39
85 39 57
85 40 50
85 41 50
85 42 55
85 43 65
85 44 40
85 45 26
85 46 55
85 47 62
85 48 67
85 49 58
85 50 74
85 51 13
85 52 47
85 53 38
85 54 39
85 55 19
85 56 47
85 57 65
85 58 41
85 59 17
85 60 34
85 61 42
85 62 49
85 63 39
85 64 10
85 65 57
85 66 48
85 67 43
85 68 51
85 69 25
85 70 15
85 71 49
85 72 32
85 73 50
85 74 66
85 75 24
85 76 32
85 77 48
85 78 35
85 79 45
85 80 31
85 81 69
85 82 18
85 83 22
85 84 39
85 85 -1
85 86 28
85 87 54
85 88 35
85 89 56
85 90 55
85 91 11
85 92 66
85 93 53
85 94 40
85 95 37
85 96 50
85 97 23
85 98 32
85 99 48
85 100 43
86 1 64
86 2 44
86 3 16
86 4 20
86 5 25
86 6 8
86 7 75
86 8 31
86 9 37
86 10 31
86 11 59
86 12 28
86 13 63
86 14 47
86 15 62
86 16 40
86 17 46
86 18 52
86 19 23
86 20 57
86 21 29
86 22 7
86 23 41
86 24 57
86 25 57
86 26 17
86 27 22
86 28 21
86 29 50
86 30 46
86 31 79
86 32 30
86 33 50
86 34 65
86 35 47
86 36 82
86 37 10
86 38 28
86 39 78
86 40 38
86 41 22
86 42 70
86 43 85
86 44 13
86 45 20
86 46 76
86 47 85
86 48 56
86 49 82
86 50 97
86 51 23
86 52 75
86 53 39
86 54 46
86 55 42
86 56 33
86 57 89
86 58 62
86 59 11
86 60 16
86 61 39
86 62 42
86 63 28
86 64 36
86 65 72
86 66 57
86 67 52
86 68 78
86 69 26
86 70 21
86 71 27
86 72 59
86 73 75
86 74 64
86 75 28
86 76 14
86 77 32
86 78 7
86 79 42
86 80 44
86 81 91
86 82 22
86 83 36
86 84 56
86 85 28
86 86 -1
86 87 80
86 88 27
86 89 62
86 90 28
86 91 39
86 92 54
86 93 31
86 94 30
86 95 59
86 96 78
86 97 10
86 98 60
86 99 65
86 100 15
87 1 65
87 2 46
87 3 95
87 4 96
87 5 62
87 6 78
87 7 62
87 8 79
87 9 57
87 10 49
87 11 30
87 12 107
87 13 78
87 14 76
87 15 18
87 16 71
87 17 61
87 18 35
87 19 57
87 20 37
87 21 54
87 22 79
87 23 69
87 24 25
87 25 30
87 26 64
87 27 80
87 28 59
87 29 30
87 30 43
87 31 15
87 32 65
87 33 32
87 34 30
87 35 56
87 36 23
87 37 89
87 38 74
87 39 74
87 40 80
87 41 102
87 42 37
87 43 25
87 44 93
87 45 67
87 46 75
87 47 12
87 48 88
87 49 8
87 50 22
87 51 57
87 52 20
87 53 87
87 54 52
87 55 57
87 56 101
87 57 12
87 58 25
87 59 70
87 60 77
87 61 92
87 62 74
87 63 93
87 64 54
87 65 38
87 66 49
87 67 48
87 68 11
87 69 78
87 70 59
87 71 91
87 72 21
87 73 5
87 74 75
87 75 57
87 76 87
87 77 84
87 78 87
87 79 67
87 80 73
87 81 22
87 82 72
87 83 68
87 84 73
87 85 54
87 86 80
87 87 -1
87 88 88
87 89 56
87 90 108
87 91 43
87 92 90
87 93 94
87 94 93
87 95 24
87 96 17
87 97 78
87 98 41
87 99 32
87 100 91
88 1 89
88 2 43
88 3 35
88 4 41
88 5 26
88 6 35
88 7 62
88 8 11
88 9 61
88 10 48
88 11 75
88 12 27
88 13 43
88 14 74
88 15 70
88 16 24
88 17 34
88 18 54
88 19 38
88 20 56
88 21 34
88 22 19
88 23 26
88 24 63
88 25 59
88 26 39
88 27 50
88 28 39
88 29 59
88 30 46
88 31 92
88 32 55
88 33 65
88 34 82
88 35 71
88 36 97
88 37 22
88 38 55
88 39 61
88 40 66
88 41 34
88 42 89
88 43 100
88 44 26
88 45 45
88 46 58
88 47 97
88 48 83
88 49 93
88 50 109
88 51 40
88 52 77
88 53 13
88 54 69
88 55 35
88 56 12
88 57 100
88 58 76
88 59 27
88 60 44
88 61 12
88 62 69
88 63 5
88 64 34
88 65 91
88 66 79
88 67 74
88 68 83
88 69 10
88 70 40
88 71 53
88 72 66
88 73 84
88 74 90
88 75 50
88 76 14
88 77 59
88 78 24
88 79 67
88 80 27
88 81 104
88 82 16
88 83 23
88 84 38
88 85 35
88 86 27
88 87 88
88 88 -1
88 89 86
88 90 32
88 91 46
88 92 81
88 93 57
88 94 5
88 95 72
88 96 81
88 97 18
88 98 55
88 99 83
88 100 38
89 1 8
89 2 65
89 3 69
89 4 67
89 5 63
89 6 55
89 7 99
89 8 83
89 9 25
89 10 40
89 11 28
89 12 90
89 13 103
89 14 26
89 15 50
89 16 83
89 17 80
89 18 61
89 19 48
89 20 69
89 21 57
89 22 67
89 23 83
89 24 55
89 25 61
89 26 47
89 27 46
89 28 47
89 29 47
89 30 64
89 31 44
89 32 32
89 33 34
89 34 26
89 35 15
89 36 40
89 37 72
89 38 38
89 39 108
89 40 35
89 41 78
89 42 21
89 43 42
89 44 74
89 45 41
89 46 108
89 47 52
89 48 34
89 49 51
89 50 59
89 51 46
89 52 69
89 53 93
89 54 17
89 55 74
89 56 94
89 57 57
89 58 33
89 59 59
89 60 48
89 61 96
89 62 27
89 63 89
89 64 65
89 65 21
89 66 9
89 67 13
89 68 64
89 69 79
89 70 46
89 71 54
89 72 51
89 73 52
89 74 18
89 75 36
89 76 75
89 77 43
89 78 69
89 79 23
89 80 88
89 81 50
89 82 72
89 83 79
89 84 95
89 85 56
89 86 62
89 87 56
89 88 86
89 89 -1
89 90 87
89 91 53
89 92 37
89 93 55
89 94 90
89 95 36
89 96 68
89 97 68
89 98 74
89 99 24
89 100 63
90 1 87
90 2 68
90 3 17
90 4 22
90 5 49
90 6 33
90 7 94
90 8 43
90 9 63
90 10 60
90 11 87
90 12 7
90 13 76
90 14 67
90 15 90
90 16 56
90 17 65
90 18 78
90 19 51
90 20 82
90 21 55
90 22 29
90 23 58
90 24 84
90 25 83
90 26 45
90 27 41
90 28 49
90 29 77
90 30 71
90 31 108
90 32 55
90 33 78
90 34 93
90 35 72
90 36 110
90 37 18
90 38 49
90 39 93
90 40 56
90 41 9
90 42 97
90 43 113
90 44 14
90 45 46
90 46 90
90 47 114
90 48 72
90 49 110
90 50 126
90 51 51
90 52 102
90 53 45
90 54 73
90 55 63
90 56 26
90 57 118
90 58 90
90 59 38
90 60 38
90 61 42
90 62 62
90 63 29
90 64 59
90 65 99
90 66 83
90 67 79
90 68 106
90 69 40
90 70 50
90 71 38
90 72 87
90 73 103
90 74 84
90 75 55
90 76 23
90 77 48
90 78 20
90 79 64
90 80 59
90 81 119
90 82 41
90 83 54
90 84 70
90 85 55
90 86 28
90 87 108
90 88 32
90 89 87
90 90 -1
90 91 66
90 92 69
90 93 39
90 94 30
90 95 87
90 96 105
90 97 31
90 98 83
90 99 93
90 100 23
91 1 59
91 2 12
91 3 55
91 4 57
91 5 19
91 6 39
91 7 48
91 8 38
91 9 34
91 10 16
91 11 33
91 12 64
91 13 49
91 14 56
91 15 24
91 16 33
91 17 27
91 18 14
91 19 18
91 20 20
91 21 11
91 22 37
91 23 32
91 24 18
91 25 18
91 26 27
91 27 46
91 28 21
91 29 13
91 30 12
91 31 46
91 32 37
91 33 22
91 34 40
91 35 41
91 36 51
91 37 47
91 38 44
91 39 56
91 40 54
91 41 61
91 42 48
91 43 55
91 44 51
91 45 32
91 46 55
91 47 51
91 48 69
91 49 47
91 50 63
91 51 19
91 52 36
91 53 47
91 54 37
91 55 21
91 56 58
91 57 54
91 58 32
91 59 28
91 60 42
91 61 51
91 62 51
91 63 50
91 64 14
91 65 50
91 66 44
91 67 39
91 68 39
91 69 35
91 70 21
91 71 57
91 72 21
91 73 38
91 74 65
91 75 26
91 76 44
91 77 54
91 78 46
91 79 46
91 80 37
91 81 58
91 82 29
91 83 29
91 84 42
91 85 11
91 86 39
91 87 43
91 88 46
91 89 53
91 90 66
91 91 -1
91 92 69
91 93 61
91 94 51
91 95 27
91 96 39
91 97 35
91 98 25
91 99 41
91 100 52
92 1 31
92 2 81
92 3 52
92 4 47
92 5 70
92 6 46
92 7 117
92 8 84
92 9 35
92 10 53
92 11 60
92 12 74
92 13 113
92 14 14
92 15 78
92 16 90
92 17 91
92 18 82
92 19 55
92 20 89
92 21 68
92 22 62
92 23 90
92 24 80
92 25 84
92 26 48
92 27 31
92 28 52
92 29 70
92 30 81
92 31 80
92 32 32
92 33 59
92 34 61
92 35 34
92 36 76
92 37 61
92 38 27
92 39 124
92 40 16
92 41 60
92 42 58
92 43 79
92 44 60
92 45 40
92 46 122
92 47 88
92 48 3
92 49 87
92 50 96
92 51 53
92 52 97
92 53 93
92 54 38
92 55 86
92 56 86
92 57 93
92 58 65
92 59 58
92 60 38
92 61 93
92 62 17
92 63 83
92 64 77
92 65 58
92 66 42
92 67 42
92 68 95
92 69 79
92 70 51
92 71 31
92 72 78
92 73 85
92 74 22
92 75 43
92 76 68
92 77 22
92 78 58
92 79 24
92 80 95
92 81 87
92 82 74
92 83 85
92 84 105
92 85 66
92 86 54
92 87 90
92 88 81
92 89 37
92 90 69
92 91 69
92 92 -1
92 93 30
92 94 84
92 95 66
92 96 98
92 97 64
92 98 95
92 99 59
92 100 46
93 1 53
93 2 70
93 3 23
93 4 17
93 5 53
93 6 25
93 7 104
93 8 62
93 9 38
93 10 47
93 11 67
93 12 44
93 13 94
93 14 31
93 15 78
93 16 71
93 17 76
93 18 75
93 19 43
93 20 82
93 21 55
93 22 38
93 23 72
93 24 77
93 25 79
93 26 34
93 27 15
93 28 40
93 29 68
93 30 71
93 31 89
93 32 29
93 33 61
93 34 71
93 35 44
93 36 88
93 37 34
93 38 20
93 39 108
93 40 20
93 41 30
93 42 71
93 43 91
93 44 32
93 45 29
93 46 106
93 47 96
93 48 33
93 49 94
93 50 106
93 51 42
93 52 96
93 53 70
93 54 46
93 55 71
93 56 58
93 57 101
93 58 71
93 59 39
93 60 19
93 61 69
93 62 28
93 63 57
93 64 63
93 65 73
93 66 55
93 67 52
93 68 96
93 69 57
93 70 40
93 71 4
93 72 77
93 73 89
93 74 48
93 75 37
93 76 42
93 77 12
93 78 32
93 79 33
93 80 76
93 81 98
93 82 53
93 83 67
93 84 87
93 85 53
93 86 31
93 87 94
93 88 57
93 89 55
93 90 39
93 91 61
93 92 30
93 93 -1
93 94 58
93 95 70
93 96 98
93 97 41
93 98 85
93 99 69
93 100 18
94 1 93
94 2 48
94 3 36
94 4 42
94 5 31
94 6 38
94 7 65
94 8 15
94 9 65
94 10 53
94 11 80
94 12 24
94 13 46
94 14 77
94 15 75
94 16 28
94 17 39
94 18 59
94 19 43
94 20 60
94 21 39
94 22 23
94 23 30
94 24 68
94 25 64
94 26 43
94 27 52
94 28 43
94 29 64
94 30 50
94 31 97
94 32 59
94 33 69
94 34 87
94 35 75
94 36 101
94 37 23
94 38 58
94 39 64
94 40 68
94 41 33
94 42 93
94 43 105
94 44 26
94 45 49
94 46 61
94 47 102
94 48 86
94 49 98
94 50 114
94 51 45
94 52 82
94 53 15
94 54 73
94 55 39
94 56 8
94 57 105
94 58 81
94 59 31
94 60 46
94 61 11
94 62 72
94 63 1
94 64 39
94 65 95
94 66 83
94 67 78
94 68 88
94 69 15
94 70 44
94 71 55
94 72 71
94 73 89
94 74 93
94 75 54
94 76 16
94 77 62
94 78 26
94 79 71
94 80 30
94 81 109
94 82 21
94 83 28
94 84 41
94 85 40
94 86 30
94 87 93
94 88 5
94 89 90
94 90 30
94 91 51
94 92 84
94 93 58
94 94 -1
94 95 77
94 96 86
94 97 22
94 98 60
94 99 87
94 100 40
95 1 44
95 2 37
95 3 73
95 4 73
95 5 46
95 6 56
95 7 65
95 8 65
95 9 33
95 10 27
95 11 8
95 12 87
95 13 74
95 14 52
95 15 13
95 16 60
95 17 54
95 18 28
95 19 36
95 20 35
95 21 38
95 22 60
95 23 59
95 24 20
95 25 27
95 26 42
95 27 56
95 28 38
95 29 16
95 30 35
95 31 20
95 32 41
95 33 9
95 34 13
95 35 32
95 36 24
95 37 69
95 38 50
95 39 76
95 40 56
95 41 81
95 42 22
95 43 27
95 44 72
95 45 43
95 46 76
95 47 26
95 48 65
95 49 23
95 50 38
95 51 36
95 52 32
95 53 75
95 54 28
95 55 48
95 56 84
95 57 30
95 58 5
95 59 50
95 60 54
95 61 79
95 62 50
95 63 77
95 64 41
95 65 24
95 66 27
95 67 25
95 68 29
95 69 63
95 70 37
95 71 67
95 72 15
95 73 19
95 74 53
95 75 34
95 76 68
95 77 60
95 78 67
95 79 43
95 80 64
95 81 32
95 82 56
95 83 57
95 84 68
95 85 37
95 86 59
95 87 24
95 88 72
95 89 36
95 90 87
95 91 27
95 92 66
95 93 70
95 94 77
95 95 -1
95 96 32
95 97 59
95 98 41
95 99 15
95 100 69
96 1 77
96 2 38
96 3 94
96 4 97
96 5 56
96 6 78
96 7 46
96 8 71
96 9 63
96 10 51
96 11 40
96 12 103
96 13 64
96 14 84
96 15 20
96 16 61
96 17 50
96 18 27
96 19 56
96 20 26
96 21 50
96 22 76
96 23 59
96 24 21
96 25 22
96 26 65
96 27 83
96 28 59
96 29 30
96 30 35
96 31 32
96 32 70
96 33 38
96 34 43
96 35 64
96 36 40
96 37 86
96 38 79
96 39 58
96 40 86
96 41 101
96 42 51
96 43 42
96 44 91
96 45 69
96 46 59
96 47 29
96 48 97
96 49 25
96 50 38
96 51 57
96 52 4
96 53 77
96 54 60
96 55 47
96 56 94
96 57 28
96 58 35
96 59 67
96 60 79
96 61 83
96 62 81
96 63 86
96 64 47
96 65 53
96 66 60
96 67 58
96 68 5
96 69 71
96 70 59
96 71 94
96 72 21
96 73 18
96 74 86
96 75 61
96 76 82
96 77 89
96 78 85
96 79 74
96 80 62
96 81 39
96 82 66
96 83 59
96 84 60
96 85 50
96 86 78
96 87 17
96 88 81
96 89 68
96 90 105
96 91 39
96 92 98
96 93 98
96 94 86
96 95 32
96 96 -1
96 97 74
96 98 28
96 99 45
96 100 91
97 1 71
97 2 37
97 3 24
97 4 29
97 5 17
97 6 18
97 7 66
97 8 20
97 9 43
97 10 32
97 11 60
97 12 29
97 13 53
97 14 56
97 15 59
97 16 29
97 17 36
97 18 47
97 19 22
97 20 50
97 21 24
97 22 3
97 23 31
97 24 53
97 25 51
97 26 21
97 27 32
97 28 22
97 29 47
97 30 39
97 31 79
97 32 37
97 33 50
97 34 67
97 35 53
97 36 82
97 37 13
97 38 37
97 39 68
97 40 48
97 41 28
97 42 73
97 43 86
97 44 18
97 45 27
97 46 65
97 47 84
97 48 66
97 49 81
97 50 97
97 51 24
97 52 70
97 53 29
97 54 51
97 55 34
97 56 26
97 57 88
97 58 62
97 59 9
97 60 26
97 61 29
97 62 50
97 63 21
97 64 28
97 65 75
97 66 62
97 67 57
97 68 74
97 69 15
97 70 23
97 71 38
97 72 56
97 73 73
97 74 72
97 75 32
97 76 9
97 77 42
97 78 13
97 79 49
97 80 34
97 81 91
97 82 12
97 83 26
97 84 46
97 85 23
97 86 10
97 87 78
97 88 18
97 89 68
97 90 31
97 91 35
97 92 64
97 93 41
97 94 22
97 95 59
97 96 74
97 97 -1
97 98 52
97 99 67
97 100 25
98 1 82
98 2 16
98 3 76
98 4 80
98 5 35
98 6 62
98 7 24
98 8 44
98 9 59
98 10 42
98 11 49
98 12 80
98 13 36
98 14 81
98 15 29
98 16 33
98 17 22
98 18 13
98 19 42
98 20 5
98 21 31
98 22 55
98 23 31
98 24 21
98 25 13
98 26 51
98 27 71
98 28 45
98 29 27
98 30 14
98 31 53
98 32 62
98 33 40
98 34 55
98 35 65
98 36 60
98 37 65
98 38 70
98 39 35
98 40 80
98 41 80
98 42 64
98 43 63
98 44 70
98 45 57
98 46 35
98 47 53
98 48 94
98 49 49
98 50 64
98 51 43
98 52 24
98 53 50
98 54 60
98 55 20
98 56 68
98 57 54
98 58 46
98 59 49
98 60 66
98 61 55
98 62 77
98 63 60
98 64 24
98 65 65
98 66 65
98 67 61
98 68 32
98 69 45
98 70 45
98 71 81
98 72 25
98 73 40
98 74 89
98 75 52
98 76 60
98 77 79
98 78 65
98 79 71
98 80 34
98 81 63
98 82 42
98 83 32
98 84 31
98 85 32
98 86 60
98 87 41
98 88 55
98 89 74
98 90 83
98 91 25
98 92 95
98 93 85
98 94 60
98 95 41
98 96 28
98 97 52
98 98 -1
98 99 56
98 100 75
99 1 32
99 2 51
99 3 77
99 4 76
99 5 57
99 6 60
99 7 81
99 8 77
99 9 31
99 10 34
99 11 8
99 12 94
99 13 89
99 14 45
99 15 28
99 16 74
99 17 68
99 18 44
99 19 44
99 20 51
99 21 49
99 22 68
99 23 73
99 24 35
99 25 42
99 26 48
99 27 56
99 28 45
99 29 30
99 30 49
99 31 21
99 32 40
99 33 19
99 34 2
99 35 26
99 36 18
99 37 75
99 38 49
99 39 91
99 40 51
99 41 85
99 42 7
99 43 21
99 44 78
99 45 46
99 46 91
99 47 29
99 48 57
99 49 28
99 50 37
99 51 43
99 52 46
99 53 87
99 54 23
99 55 62
99 56 94
99 57 34
99 58 10
99 59 58
99 60 56
99 61 91
99 62 44
99 63 87
99 64 55
99 65 9
99 66 17
99 67 17
99 68 41
99 69 74
99 70 44
99 71 66
99 72 31
99 73 28
99 74 42
99 75 37
99 76 76
99 77 57
99 78 73
99 79 37
99 80 78
99 81 29
99 82 67
99 83 70
99 84 82
99 85 48
99 86 65
99 87 32
99 88 83
99 89 24
99 90 93
99 91 41
99 92 59
99 93 69
99 94 87
99 95 15
99 96 45
99 97 67
99 98 56
99 99 -1
99 100 72
100 1 63
100 2 59
100 3 6
100 4 5
100 5 40
100 6 13
100 7 90
100 8 45
100 9 41
100 10 42
100 11 67
100 12 28
100 13 78
100 14 43
100 15 74
100 16 55
100 17 61
100 18 66
100 19 35
100 20 72
100 21 44
100 22 22
100 23 56
100 24 70
100 25 70
100 26 26
100 27 18
100 28 32
100 29 62
100 30 61
100 31 89
100 32 32
100 33 59
100 34 72
100 35 49
100 36 90
100 37 16
100 38 26
100 39 93
100 40 33
100 41 14
100 42 75
100 43 93
100 44 13
100 45 25
100 46 91
100 47 95
100 48 49
100 49 92
100 50 107
100 51 34
100 52 89
100 53 52
100 54 50
100 55 58
100 56 40
100 57 99
100 58 71
100 59 26
100 60 15
100 61 51
100 62 39
100 63 38
100 64 51
100 65 77
100 66 61
100 67 57
100 68 91
100 69 40
100 70 32
100 71 15
100 72 71
100 73 86
100 74 61
100 75 35
100 76 24
100 77 25
100 78 14
100 79 41
100 80 59
100 81 99
100 82 38
100 83 52
100 84 71
100 85 43
100 86 15
100 87 91
100 88 38
100 89 63
100 90 23
100 91 52
100 92 46
100 93 18
100 94 40
100 95 69
100 96 91
100 97 25
100 98 75
100 99 72
100 100 -1
