21 64
21 2
21 5
21 70
21 10
21 91
21 82
21 19
21 51
21 85
21 55
21 59
21 28
21 30
74 48
74 1
74 14
74 89
44 97
44 3
44 4
44 37
44 6
44 100
44 41
44 12
44 76
44 78
44 22
44 86
44 90
31 34
31 36
31 73
31 43
31 47
31 49
31 50
31 81
31 87
31 57
31 58
9 32
9 35
9 67
9 38
9 10
9 75
9 45
9 79
9 54
9 62
59 97
59 5
59 6
59 37
59 70
59 76
59 45
59 78
59 82
59 19
59 51
59 21
59 22
59 85
59 86
59 26
59 28
34 33
34 65
34 66
34 36
34 67
34 99
34 42
34 11
34 58
34 95
34 31
14 38
14 40
14 74
14 77
14 79
14 48
14 92
14 62
3 4
3 37
3 6
3 100
3 41
3 44
3 78
3 86
3 90
48 40
48 74
48 14
48 92
48 62
75 32
75 38
75 70
75 9
75 10
75 45
75 19
75 51
75 54
75 26
75 28
81 36
81 43
81 47
81 49
81 50
81 57
81 31
5 64
5 97
5 2
5 69
5 70
5 91
5 82
5 51
5 19
5 21
5 83
5 55
5 85
5 59
5 28
12 37
12 41
12 44
12 56
12 90
91 64
91 2
91 5
91 10
91 18
91 19
91 51
91 21
91 85
91 24
91 25
91 29
91 30
73 96
73 68
73 72
73 47
73 15
73 49
73 87
73 57
73 95
73 31
15 33
15 68
15 72
15 73
15 18
15 52
15 87
15 24
15 25
15 58
15 29
15 95
29 33
29 72
29 15
29 18
29 24
29 25
29 91
29 30
29 95
69 97
69 5
69 8
69 76
69 16
69 80
69 82
69 83
69 53
69 22
69 23
69 88
69 61
69 94
69 63
84 13
84 16
84 17
84 80
84 83
84 23
60 32
60 4
60 100
60 6
60 38
60 71
60 45
60 77
60 86
60 26
60 27
60 93
92 40
92 62
92 48
92 14
46 39
46 13
46 7
32 35
32 38
32 70
32 40
32 9
32 75
32 45
32 60
32 77
32 79
32 54
32 26
32 27
32 28
32 62
36 65
36 34
36 99
36 42
36 43
36 47
36 49
36 50
36 81
36 57
36 31
98 2
98 18
98 20
98 25
98 30
37 97
37 3
37 4
37 100
37 6
37 41
37 12
37 44
37 76
37 78
37 22
37 86
37 90
37 59
72 33
72 68
72 73
72 15
72 18
72 52
72 24
72 25
72 29
72 95
39 13
39 46
39 7
68 96
68 72
68 73
68 15
68 52
68 87
64 2
64 5
64 16
64 17
64 18
64 82
64 83
64 21
64 55
64 23
64 85
64 91
64 30
58 33
58 34
58 65
58 99
58 42
58 11
58 15
58 95
58 31
26 32
26 6
26 70
26 10
26 75
26 45
26 60
26 19
26 51
26 85
26 86
26 59
26 28
42 65
42 34
42 66
42 36
42 67
42 99
42 11
42 58
66 1
66 34
66 35
66 65
66 67
66 99
66 42
66 11
66 54
66 89
96 73
96 52
96 87
96 68
55 64
55 2
55 5
55 16
55 17
55 80
55 83
55 21
55 85
55 23
55 30
47 36
47 73
47 43
47 49
47 50
47 81
47 87
47 57
47 31
18 64
18 2
18 98
18 72
18 15
18 20
18 24
18 25
18 91
18 29
18 30
49 36
49 73
49 43
49 47
49 81
49 50
49 87
49 57
49 31
82 64
82 97
82 5
82 69
82 8
82 88
82 76
82 16
82 83
82 21
82 22
82 23
82 85
82 59
40 32
40 38
40 71
40 77
40 14
40 79
40 48
40 27
40 92
40 62
79 32
79 35
79 38
79 40
79 9
79 14
79 54
79 62
99 33
99 34
99 65
99 36
99 66
99 67
99 42
99 11
99 58
99 95
4 3
4 100
4 37
4 6
4 71
4 41
4 44
4 78
4 60
4 93
65 34
65 66
65 36
65 99
65 42
65 11
65 58
62 32
62 35
62 38
62 40
62 9
62 77
62 14
62 79
62 48
62 92
86 97
86 3
86 100
86 37
86 6
86 44
86 76
86 78
86 22
86 26
86 59
86 60
20 2
20 98
20 18
20 24
20 25
20 30
22 97
22 69
22 37
22 6
22 44
22 76
22 78
22 82
22 86
22 88
22 59
