1 1 -1
1 2 52
1 3 54
1 4 34
1 5 67
1 6 84
1 7 38
1 8 17
1 9 22
1 10 60
1 11 9
1 12 46
1 13 39
1 14 64
1 15 57
1 16 25
1 17 16
1 18 65
1 19 71
1 20 36
1 21 65
1 22 72
1 23 14
1 24 65
1 25 40
1 26 75
1 27 40
1 28 14
1 29 38
1 30 58
1 31 63
1 32 54
1 33 67
1 34 13
1 35 47
1 36 23
1 37 26
1 38 64
1 39 48
1 40 43
1 41 48
1 42 53
1 43 67
1 44 71
1 45 52
1 46 50
1 47 23
1 48 71
1 49 59
1 50 52
1 51 50
1 52 86
1 53 20
1 54 28
1 55 50
1 56 81
1 57 51
1 58 76
1 59 52
1 60 59
1 61 35
1 62 91
1 63 72
1 64 21
1 65 46
1 66 26
1 67 50
1 68 44
1 69 18
1 70 43
1 71 70
1 72 51
1 73 31
1 74 31
1 75 72
1 76 36
2 1 52
2 2 -1
2 3 67
2 4 63
2 5 93
2 6 66
2 7 77
2 8 42
2 9 70
2 10 72
2 11 61
2 12 64
2 13 38
2 14 55
2 15 63
2 16 38
2 17 38
2 18 91
2 19 44
2 20 36
2 21 65
2 22 88
2 23 61
2 24 47
2 25 51
2 26 69
2 27 69
2 28 42
2 29 22
2 30 86
2 31 46
2 32 3
2 33 71
2 34 54
2 35 10
2 36 29
2 37 61
2 38 76
2 39 72
2 40 55
2 41 14
2 42 24
2 43 53
2 44 97
2 45 61
2 46 10
2 47 55
2 48 86
2 49 56
2 50 55
2 51 12
2 52 68
2 53 70
2 54 71
2 55 11
2 56 70
2 57 78
2 58 52
2 59 3
2 60 57
2 61 25
2 62 69
2 63 57
2 64 31
2 65 36
2 66 37
2 67 9
2 68 67
2 69 67
2 70 72
2 71 93
2 72 57
2 73 21
2 74 21
2 75 64
2 76 63
3 1 54
3 2 67
3 3 -1
3 4 22
3 5 28
3 6 44
3 7 32
3 8 40
3 9 48
3 10 6
3 11 56
3 12 8
3 13 29
3 14 25
3 15 8
3 16 36
3 17 46
3 18 26
3 19 46
3 20 31
3 21 16
3 22 21
3 23 45
3 24 35
3 25 17
3 26 27
3 27 19
3 28 43
3 29 45
3 30 24
3 31 34
3 32 66
3 33 15
3 34 41
3 35 56
3 36 56
3 37 30
3 38 10
3 39 13
3 40 12
3 41 53
3 42 46
3 43 31
3 44 30
3 45 5
3 46 57
3 47 31
3 48 19
3 49 19
3 50 13
3 51 55
3 52 44
3 53 51
3 54 39
3 55 56
3 56 35
3 57 18
3 58 45
3 59 69
3 60 17
3 61 43
3 62 51
3 63 33
3 64 53
3 65 32
3 66 36
3 67 58
3 68 13
3 69 49
3 70 19
3 71 26
3 72 11
3 73 57
3 74 55
3 75 26
3 76 20
4 1 34
4 2 63
4 3 22
4 4 -1
4 5 34
4 6 63
4 7 15
4 8 25
4 9 25
4 10 27
4 11 34
4 12 13
4 13 29
4 14 42
4 15 29
4 16 25
4 17 31
4 18 32
4 19 58
4 20 28
4 21 37
4 22 38
4 23 23
4 24 48
4 25 17
4 26 48
4 27 6
4 28 26
4 29 41
4 30 25
4 31 47
4 32 63
4 33 37
4 34 21
4 35 54
4 36 43
4 37 8
4 38 31
4 39 14
4 40 17
4 41 51
4 42 50
4 43 47
4 44 38
4 45 23
4 46 55
4 47 11
4 48 37
4 49 36
4 50 27
4 51 55
4 52 64
4 53 28
4 54 17
4 55 55
4 56 56
4 57 17
4 58 60
4 59 65
4 60 34
4 61 38
4 62 70
4 63 51
4 64 40
4 65 36
4 66 26
4 67 57
4 68 10
4 69 26
4 70 10
4 71 36
4 72 25
4 73 47
4 74 46
4 75 46
4 76 2
5 1 67
5 2 93
5 3 28
5 4 34
5 5 -1
5 6 68
5 7 30
5 8 58
5 9 51
5 10 26
5 11 64
5 12 29
5 13 55
5 14 52
5 15 35
5 16 58
5 17 65
5 18 2
5 19 74
5 20 56
5 21 41
5 22 17
5 23 54
5 24 63
5 25 42
5 26 49
5 27 27
5 28 60
5 29 71
5 30 8
5 31 62
5 32 93
5 33 36
5 34 54
5 35 83
5 36 77
5 37 40
5 38 24
5 39 21
5 40 38
5 41 80
5 42 75
5 43 58
5 44 5
5 45 34
5 46 84
5 47 45
5 48 19
5 49 47
5 50 41
5 51 83
5 52 68
5 53 55
5 54 41
5 55 83
5 56 57
5 57 16
5 58 72
5 59 95
5 60 45
5 61 68
5 62 75
5 63 60
5 64 74
5 65 60
5 66 58
5 67 85
5 68 26
5 69 54
5 70 23
5 71 7
5 72 39
5 73 80
5 74 78
5 75 51
5 76 32
6 1 84
6 2 66
6 3 44
6 4 63
6 5 68
6 6 -1
6 7 76
6 8 67
6 9 87
6 10 43
6 11 90
6 12 51
6 13 45
6 14 21
6 15 35
6 16 59
6 17 70
6 18 66
6 19 22
6 20 48
6 21 28
6 22 53
6 23 82
6 24 20
6 25 47
6 26 19
6 27 62
6 28 70
6 29 54
6 30 66
6 31 22
6 32 63
6 33 32
6 34 75
6 35 57
6 36 74
6 37 68
6 38 44
6 39 57
6 40 46
6 41 53
6 42 42
6 43 17
6 44 68
6 45 40
6 46 56
6 47 67
6 48 50
6 49 27
6 50 35
6 51 54
6 52 2
6 53 89
6 54 80
6 55 55
6 56 11
6 57 62
6 58 14
6 59 69
6 60 28
6 61 54
6 62 7
6 63 12
6 64 73
6 65 39
6 66 59
6 67 57
6 68 56
6 69 87
6 70 63
6 71 63
6 72 37
6 73 70
6 74 68
6 75 17
6 76 61
7 1 38
7 2 77
7 3 32
7 4 15
7 5 30
7 6 76
7 7 -1
7 8 36
7 9 21
7 10 36
7 11 35
7 12 25
7 13 44
7 14 55
7 15 40
7 16 39
7 17 42
7 18 29
7 19 73
7 20 43
7 21 48
7 22 40
7 23 25
7 24 63
7 25 32
7 26 60
7 27 13
7 28 37
7 29 55
7 30 22
7 31 61
7 32 77
7 33 47
7 34 27
7 35 68
7 36 54
7 37 16
7 38 37
7 39 19
7 40 31
7 41 66
7 42 65
7 43 61
7 44 35
7 45 35
7 46 69
7 47 21
7 48 40
7 49 49
7 50 40
7 51 69
7 52 77
7 53 25
7 54 11
7 55 69
7 56 68
7 57 17
7 58 74
7 59 78
7 60 47
7 61 52
7 62 83
7 63 64
7 64 51
7 65 51
7 66 39
7 67 71
7 68 19
7 69 24
7 70 13
7 71 35
7 72 39
7 73 59
7 74 58
7 75 58
7 76 16
8 1 17
8 2 42
8 3 40
8 4 25
8 5 58
8 6 67
8 7 36
8 8 -1
8 9 29
8 10 46
8 11 24
8 12 32
8 13 22
8 14 46
8 15 42
8 16 7
8 17 6
8 18 56
8 19 54
8 20 19
8 21 49
8 22 60
8 23 20
8 24 47
8 25 24
8 26 58
8 27 31
8 28 3
8 29 23
8 30 50
8 31 46
8 32 43
8 33 52
8 34 13
8 35 35
8 36 18
8 37 20
8 38 50
8 39 37
8 40 28
8 41 34
8 42 37
8 43 49
8 44 63
8 45 37
8 46 37
8 47 14
8 48 58
8 49 42
8 50 35
8 51 37
8 52 68
8 53 29
8 54 29
8 55 37
8 56 64
8 57 42
8 58 58
8 59 43
8 60 42
8 61 20
8 62 73
8 63 54
8 64 15
8 65 29
8 66 8
8 67 38
8 68 32
8 69 26
8 70 35
8 71 60
8 72 35
8 73 23
8 74 22
8 75 54
8 76 26
9 1 22
9 2 70
9 3 48
9 4 25
9 5 51
9 6 87
9 7 21
9 8 29
9 9 -1
9 10 52
9 11 15
9 12 39
9 13 46
9 14 65
9 15 54
9 16 35
9 17 32
9 18 50
9 19 79
9 20 44
9 21 62
9 22 60
9 23 9
9 24 70
9 25 39
9 26 73
9 27 29
9 28 28
9 29 52
9 30 43
9 31 69
9 32 72
9 33 62
9 34 16
9 35 64
9 36 43
9 37 18
9 38 55
9 39 37
9 40 41
9 41 63
9 42 65
9 43 70
9 44 56
9 45 48
9 46 66
9 47 20
9 48 60
9 49 60
9 50 51
9 51 66
9 52 88
9 53 4
9 54 10
9 55 66
9 56 81
9 57 37
9 58 82
9 59 71
9 60 58
9 61 49
9 62 94
9 63 74
9 64 40
9 65 54
9 66 36
9 67 67
9 68 34
9 69 4
9 70 31
9 71 56
9 72 50
9 73 50
9 74 49
9 75 71
9 76 27
10 1 60
10 2 72
10 3 6
10 4 27
10 5 26
10 6 43
10 7 36
10 8 46
10 9 52
10 10 -1
10 11 61
10 12 14
10 13 34
10 14 26
10 15 9
10 16 42
10 17 52
10 18 24
10 19 48
10 20 36
10 21 15
10 22 16
10 23 51
10 24 37
10 25 23
10 26 25
10 27 23
10 28 49
10 29 51
10 30 23
10 31 36
10 32 71
10 33 11
10 34 47
10 35 61
10 36 62
10 37 35
10 38 4
10 39 16
10 40 18
10 41 58
10 42 51
10 43 32
10 44 27
10 45 10
10 46 62
10 47 37
10 48 13
10 49 20
10 50 17
10 51 60
10 52 43
10 53 56
10 54 43
10 55 61
10 56 33
10 57 19
10 58 46
10 59 74
10 60 18
10 61 48
10 62 50
10 63 34
10 64 59
10 65 36
10 66 42
10 67 63
10 68 17
10 69 54
10 70 22
10 71 22
10 72 15
10 73 63
10 74 61
10 75 25
10 76 25
11 1 9
11 2 61
11 3 56
11 4 34
11 5 64
11 6 90
11 7 35
11 8 24
11 9 15
11 10 61
11 11 -1
11 12 47
11 13 46
11 14 69
11 15 60
11 16 32
11 17 24
11 18 63
11 19 78
11 20 43
11 21 68
11 22 72
11 23 11
11 24 71
11 25 43
11 26 79
11 27 40
11 28 21
11 29 46
11 30 56
11 31 70
11 32 63
11 33 70
11 34 14
11 35 56
11 36 32
11 37 26
11 38 65
11 39 48
11 40 46
11 41 56
11 42 61
11 43 73
11 44 69
11 45 55
11 46 58
11 47 24
11 48 71
11 49 64
11 50 56
11 51 59
11 52 91
11 53 12
11 54 24
11 55 58
11 56 86
11 57 50
11 58 82
11 59 61
11 60 63
11 61 43
11 62 97
11 63 77
11 64 30
11 65 53
11 66 33
11 67 59
11 68 44
11 69 11
11 70 43
11 71 69
11 72 55
11 73 40
11 74 40
11 75 76
11 76 36
12 1 46
12 2 64
12 3 8
12 4 13
12 5 29
12 6 51
12 7 25
12 8 32
12 9 39
12 10 14
12 11 47
12 12 -1
12 13 26
12 14 30
12 15 15
12 16 30
12 17 39
12 18 27
12 19 50
12 20 27
12 21 24
12 22 27
12 23 37
12 24 39
12 25 12
12 26 35
12 27 11
12 28 35
12 29 42
12 30 22
12 31 38
12 32 64
12 33 23
12 34 33
12 35 54
12 36 50
12 37 21
12 38 18
12 39 8
12 40 8
12 41 51
12 42 46
12 43 36
12 44 32
12 45 10
12 46 55
12 47 23
12 48 25
12 49 24
12 50 16
12 51 54
12 52 51
12 53 42
12 54 30
12 55 54
12 56 43
12 57 14
12 58 50
12 59 66
12 60 22
12 61 39
12 62 58
12 63 39
12 64 47
12 65 31
12 66 30
12 67 56
12 68 5
12 69 40
12 70 12
12 71 29
12 72 14
12 73 52
12 74 50
12 75 33
12 76 11
13 1 39
13 2 38
13 3 29
13 4 29
13 5 55
13 6 45
13 7 44
13 8 22
13 9 46
13 10 34
13 11 46
13 12 26
13 13 -1
13 14 25
13 15 26
13 16 14
13 17 25
13 18 53
13 19 32
13 20 3
13 21 31
13 22 50
13 23 39
13 24 25
13 25 13
13 26 39
13 27 33
13 28 25
13 29 16
13 30 48
13 31 24
13 32 37
13 33 36
13 34 32
13 35 27
13 36 31
13 37 30
13 38 39
13 39 34
13 40 17
13 41 24
13 42 21
13 43 28
13 44 58
13 45 23
13 46 28
13 47 26
13 48 48
13 49 23
13 50 18
13 51 27
13 52 47
13 53 48
13 54 42
13 55 28
13 56 43
13 57 40
13 58 36
13 59 40
13 60 23
13 61 14
13 62 51
13 63 32
13 64 29
13 65 7
13 66 13
13 67 30
13 68 29
13 69 45
13 70 36
13 71 55
13 72 19
13 73 29
13 74 27
13 75 34
13 76 28
14 1 64
14 2 55
14 3 25
14 4 42
14 5 52
14 6 21
14 7 55
14 8 46
14 9 65
14 10 26
14 11 69
14 12 30
14 13 25
14 14 -1
14 15 17
14 16 39
14 17 51
14 18 50
14 19 22
14 20 29
14 21 12
14 22 40
14 23 60
14 24 11
14 25 26
14 26 14
14 27 42
14 28 50
14 29 39
14 30 49
14 31 11
14 32 53
14 33 18
14 34 54
14 35 45
14 36 56
14 37 47
14 38 29
14 39 37
14 40 25
14 41 41
14 42 31
14 43 6
14 44 53
14 45 20
14 46 44
14 47 45
14 48 37
14 49 6
14 50 14
14 51 43
14 52 22
14 53 68
14 54 59
14 55 44
14 56 17
14 57 43
14 58 20
14 59 58
14 60 8
14 61 38
14 62 28
14 63 8
14 64 55
14 65 22
14 66 39
14 67 46
14 68 36
14 69 65
14 70 43
14 71 48
14 72 16
14 73 54
14 74 52
14 75 9
14 76 40
15 1 57
15 2 63
15 3 8
15 4 29
15 5 35
15 6 35
15 7 40
15 8 42
15 9 54
15 10 9
15 11 60
15 12 15
15 13 26
15 14 17
15 15 -1
15 16 37
15 17 48
15 18 33
15 19 38
15 20 29
15 21 8
15 22 25
15 23 51
15 24 27
15 25 18
15 26 19
15 27 27
15 28 45
15 29 43
15 30 32
15 31 26
15 32 62
15 33 10
15 34 46
15 35 53
15 36 56
15 37 36
15 38 13
15 39 21
15 40 14
15 41 49
15 42 41
15 43 23
15 44 37
15 45 5
15 46 53
15 47 36
15 48 22
15 49 11
15 50 8
15 51 51
15 52 36
15 53 57
15 54 45
15 55 52
15 56 27
15 57 26
15 58 37
15 59 66
15 60 9
15 61 41
15 62 43
15 63 25
15 64 54
15 65 27
15 66 37
15 67 54
15 68 20
15 69 54
15 70 27
15 71 32
15 72 7
15 73 56
15 74 54
15 75 18
15 76 26
16 1 25
16 2 38
16 3 36
16 4 25
16 5 58
16 6 59
16 7 39
16 8 7
16 9 35
16 10 42
16 11 32
16 12 30
16 13 14
16 14 39
16 15 37
16 16 -1
16 17 11
16 18 56
16 19 46
16 20 11
16 21 43
16 22 57
16 23 27
16 24 39
16 25 19
16 26 52
16 27 31
16 28 10
16 29 17
16 30 50
16 31 38
16 32 38
16 33 47
16 34 19
16 35 29
16 36 19
16 37 23
16 38 46
16 39 36
16 40 23
16 41 28
16 42 30
16 43 42
16 44 62
16 45 32
16 46 31
16 47 17
16 48 55
16 49 36
16 50 30
16 51 31
16 52 61
16 53 36
16 54 34
16 55 31
16 56 57
16 57 41
16 58 50
16 59 39
16 60 35
16 61 14
16 62 66
16 63 47
16 64 17
16 65 21
16 66 1
16 67 32
16 68 31
16 69 33
16 70 35
16 71 59
16 72 30
16 73 22
16 74 20
16 75 48
16 76 26
17 1 16
17 2 38
17 3 46
17 4 31
17 5 65
17 6 70
17 7 42
17 8 6
17 9 32
17 10 52
17 11 24
17 12 39
17 13 25
17 14 51
17 15 48
17 16 11
17 17 -1
17 18 63
17 19 55
17 20 22
17 21 54
17 22 66
17 23 23
17 24 50
17 25 30
17 26 63
17 27 38
17 28 5
17 29 21
17 30 57
17 31 49
17 32 40
17 33 58
17 34 16
17 35 32
17 36 12
17 37 26
17 38 56
17 39 44
17 40 34
17 41 32
17 42 37
17 43 53
17 44 69
17 45 43
17 46 34
17 47 20
17 48 65
17 49 47
17 50 41
17 51 34
17 52 72
17 53 32
17 54 34
17 55 34
17 56 68
17 57 48
17 58 61
17 59 38
17 60 47
17 61 19
17 62 76
17 63 58
17 64 9
17 65 31
17 66 11
17 67 35
17 68 39
17 69 29
17 70 41
17 71 67
17 72 41
17 73 18
17 74 17
17 75 59
17 76 32
18 1 65
18 2 91
18 3 26
18 4 32
18 5 2
18 6 66
18 7 29
18 8 56
18 9 50
18 10 24
18 11 63
18 12 27
18 13 53
18 14 50
18 15 33
18 16 56
18 17 63
18 18 -1
18 19 72
18 20 54
18 21 39
18 22 15
18 23 52
18 24 61
18 25 39
18 26 47
18 27 25
18 28 59
18 29 69
18 30 7
18 31 60
18 32 91
18 33 34
18 34 52
18 35 81
18 36 75
18 37 39
18 38 22
18 39 19
18 40 35
18 41 78
18 42 72
18 43 56
18 44 6
18 45 32
18 46 82
18 47 43
18 48 17
18 49 44
18 50 39
18 51 81
18 52 66
18 53 54
18 54 40
18 55 81
18 56 55
18 57 14
18 58 70
18 59 93
18 60 42
18 61 66
18 62 73
18 63 58
18 64 72
18 65 57
18 66 56
18 67 83
18 68 24
18 69 53
18 70 21
18 71 6
18 72 37
18 73 78
18 74 76
18 75 49
18 76 30
19 1 71
19 2 44
19 3 46
19 4 58
19 5 74
19 6 22
19 7 73
19 8 54
19 9 79
19 10 48
19 11 78
19 12 50
19 13 32
19 14 22
19 15 38
19 16 46
19 17 55
19 18 72
19 19 -1
19 20 35
19 21 34
19 22 62
19 23 72
19 24 11
19 25 41
19 26 32
19 27 60
19 28 56
19 29 36
19 30 70
19 31 12
19 32 41
19 33 41
19 34 65
19 35 35
19 36 56
19 37 62
19 38 51
19 39 58
19 40 42
19 41 32
19 42 21
19 43 17
19 44 75
19 45 41
19 46 34
19 47 58
19 48 59
19 49 27
19 50 34
19 51 32
19 52 24
19 53 81
19 54 74
19 55 33
19 56 29
19 57 64
19 58 8
19 59 47
19 60 29
19 61 37
19 62 25
19 63 17
19 64 56
19 65 25
19 66 45
19 67 35
19 68 55
19 69 77
19 70 62
19 71 71
19 72 36
19 73 50
19 74 49
19 75 27
19 76 57
20 1 36
20 2 36
20 3 31
20 4 28
20 5 56
20 6 48
20 7 43
20 8 19
20 9 44
20 10 36
20 11 43
20 12 27
20 13 3
20 14 29
20 15 29
20 16 11
20 17 22
20 18 54
20 19 35
20 20 -1
20 21 34
20 22 52
20 23 37
20 24 28
20 25 14
20 26 42
20 27 33
20 28 22
20 29 14
20 30 49
20 31 27
20 32 36
20 33 38
20 34 30
20 35 26
20 36 28
20 37 29
20 38 41
20 39 35
20 40 19
20 41 23
20 42 22
20 43 31
20 44 60
20 45 25
20 46 27
20 47 24
20 48 50
20 49 26
20 50 21
20 51 26
20 52 50
20 53 46
20 54 41
20 55 27
20 56 46
20 57 41
20 58 39
20 59 38
20 60 26
20 61 12
20 62 54
20 63 35
20 64 26
20 65 10
20 66 10
20 67 29
20 68 30
20 69 42
20 70 36
20 71 56
20 72 22
20 73 26
20 74 25
20 75 37
20 76 28
21 1 65
21 2 65
21 3 16
21 4 37
21 5 41
21 6 28
21 7 48
21 8 49
21 9 62
21 10 15
21 11 68
21 12 24
21 13 31
21 14 12
21 15 8
21 16 43
21 17 54
21 18 39
21 19 34
21 20 34
21 21 -1
21 22 27
21 23 59
21 24 24
21 25 25
21 26 11
21 27 35
21 28 52
21 29 46
21 30 38
21 31 23
21 32 64
21 33 6
21 34 54
21 35 55
21 36 62
21 37 44
21 38 17
21 39 29
21 40 22
21 41 51
21 42 42
21 43 18
21 44 41
21 45 14
21 46 55
21 47 44
21 48 24
21 49 9
21 50 13
21 51 53
21 52 28
21 53 65
21 54 54
21 55 54
21 56 19
21 57 34
21 58 31
21 59 68
21 60 8
21 61 45
21 62 35
21 63 19
21 64 60
21 65 30
21 66 43
21 67 56
21 68 29
21 69 63
21 70 35
21 71 36
21 72 13
21 73 60
21 74 58
21 75 10
21 76 35
22 1 72
22 2 88
22 3 21
22 4 38
22 5 17
22 6 53
22 7 40
22 8 60
22 9 60
22 10 16
22 11 72
22 12 27
22 13 50
22 14 40
22 15 25
22 16 57
22 17 66
22 18 15
22 19 62
22 20 52
22 21 27
22 22 -1
22 23 61
22 24 51
22 25 38
22 26 34
22 27 32
22 28 62
22 29 67
22 30 20
22 31 51
22 32 87
22 33 21
22 34 59
22 35 77
22 36 77
22 37 46
22 38 12
22 39 24
22 40 34
22 41 74
22 42 67
22 43 45
22 44 15
22 45 27
22 46 78
22 47 49
22 48 3
22 49 35
22 50 33
22 51 77
22 52 53
22 53 64
22 54 50
22 55 77
22 56 42
22 57 22
22 58 59
22 59 91
22 60 34
22 61 64
22 62 60
22 63 46
22 64 74
22 65 53
22 66 57
22 67 79
22 68 28
22 69 62
22 70 29
22 71 10
22 72 31
22 73 78
22 74 76
22 75 36
22 76 36
23 1 14
23 2 61
23 3 45
23 4 23
23 5 54
23 6 82
23 7 25
23 8 20
23 9 9
23 10 51
23 11 11
23 12 37
23 13 39
23 14 60
23 15 51
23 16 27
23 17 23
23 18 52
23 19 72
23 20 37
23 21 59
23 22 61
23 23 -1
23 24 64
23 25 34
23 26 70
23 27 29
23 28 19
23 29 43
23 30 45
23 31 62
23 32 63
23 33 60
23 34 7
23 35 55
23 36 33
23 37 15
23 38 54
23 39 37
23 40 36
23 41 54
23 42 57
23 43 65
23 44 59
23 45 45
23 46 57
23 47 15
23 48 60
23 49 55
23 50 47
23 51 57
23 52 83
23 53 9
23 54 14
23 55 57
23 56 77
23 57 39
23 58 75
23 59 61
23 60 54
23 61 40
23 62 89
23 63 69
23 64 31
23 65 47
23 66 28
23 67 58
23 68 33
23 69 6
23 70 32
23 71 58
23 72 46
23 73 41
23 74 40
23 75 67
23 76 25
24 1 65
24 2 47
24 3 35
24 4 48
24 5 63
24 6 20
24 7 63
24 8 47
24 9 70
24 10 37
24 11 71
24 12 39
24 13 25
24 14 11
24 15 27
24 16 39
24 17 50
24 18 61
24 19 11
24 20 28
24 21 24
24 22 51
24 23 64
24 24 -1
24 25 31
24 26 23
24 27 50
24 28 50
24 29 33
24 30 59
24 31 1
24 32 44
24 33 30
24 34 57
24 35 37
24 36 53
24 37 52
24 38 40
24 39 47
24 40 32
24 41 33
24 42 22
24 43 7
24 44 64
24 45 30
24 46 36
24 47 49
24 48 48
24 49 16
24 50 23
24 51 34
24 52 22
24 53 72
24 54 64
24 55 35
24 56 23
24 57 53
24 58 11
24 59 50
24 60 18
24 61 33
24 62 26
24 63 10
24 64 52
24 65 18
24 66 39
24 67 37
24 68 44
24 69 69
24 70 51
24 71 60
24 72 25
24 73 49
24 74 47
24 75 18
24 76 47
25 1 40
25 2 51
25 3 17
25 4 17
25 5 42
25 6 47
25 7 32
25 8 24
25 9 39
25 10 23
25 11 43
25 12 12
25 13 13
25 14 26
25 15 18
25 16 19
25 17 30
25 18 39
25 19 41
25 20 14
25 21 25
25 22 38
25 23 34
25 24 31
25 25 -1
25 26 35
25 27 20
25 28 27
25 29 29
25 30 34
25 31 30
25 32 51
25 33 28
25 34 29
25 35 41
25 36 39
25 37 21
25 38 27
25 39 20
25 40 4
25 41 38
25 42 34
25 43 30
25 44 45
25 45 13
25 46 42
25 47 19
25 48 36
25 49 20
25 50 12
25 51 41
25 52 48
25 53 42
25 54 33
25 55 41
25 56 42
25 57 26
25 58 42
25 59 53
25 60 19
25 61 26
25 62 54
25 63 34
25 64 36
25 65 19
25 66 19
25 67 43
25 68 16
25 69 39
25 70 22
25 71 41
25 72 11
25 73 40
25 74 38
25 75 32
25 76 16
26 1 75
26 2 69
26 3 27
26 4 48
26 5 49
26 6 19
26 7 60
26 8 58
26 9 73
26 10 25
26 11 79
26 12 35
26 13 39
26 14 14
26 15 19
26 16 52
26 17 63
26 18 47
26 19 32
26 20 42
26 21 11
26 22 34
26 23 70
26 24 23
26 25 35
26 26 -1
26 27 46
26 28 61
26 29 53
26 30 48
26 31 24
26 32 67
26 33 13
26 34 64
26 35 59
26 36 70
26 37 55
26 38 25
26 39 40
26 40 33
26 41 55
26 42 45
26 43 16
26 44 49
26 45 25
26 46 59
26 47 55
26 48 31
26 49 16
26 50 23
26 51 57
26 52 19
26 53 77
26 54 65
26 55 58
26 56 8
26 57 44
26 58 26
26 59 72
26 60 16
26 61 52
26 62 26
26 63 14
26 64 68
26 65 36
26 66 52
26 67 60
26 68 40
26 69 74
26 70 46
26 71 44
26 72 24
26 73 68
26 74 66
26 75 5
26 76 46
27 1 40
27 2 69
27 3 19
27 4 6
27 5 27
27 6 62
27 7 13
27 8 31
27 9 29
27 10 23
27 11 40
27 12 11
27 13 33
27 14 42
27 15 27
27 16 31
27 17 38
27 18 25
27 19 60
27 20 33
27 21 35
27 22 32
27 23 29
27 24 50
27 25 20
27 26 46
27 27 -1
27 28 33
27 29 47
27 30 18
27 31 48
27 32 69
27 33 34
27 34 27
27 35 59
27 36 50
27 37 14
27 38 26
27 39 8
27 40 18
27 41 56
27 42 54
27 43 47
27 44 31
27 45 21
27 46 60
27 47 18
27 48 31
27 49 35
27 50 27
27 51 60
27 52 63
27 53 32
27 54 19
27 55 60
27 56 55
27 57 10
27 58 61
27 59 70
27 60 34
27 61 43
27 62 70
27 63 51
27 64 47
27 65 39
27 66 32
27 67 62
27 68 6
27 69 31
27 70 3
27 71 30
27 72 25
27 73 53
27 74 52
27 75 45
27 76 5
28 1 14
28 2 42
28 3 43
28 4 26
28 5 60
28 6 70
28 7 37
28 8 3
28 9 28
28 10 49
28 11 21
28 12 35
28 13 25
28 14 50
28 15 45
28 16 10
28 17 5
28 18 59
28 19 56
28 20 22
28 21 52
28 22 62
28 23 19
28 24 50
28 25 27
28 26 61
28 27 33
28 28 -1
28 29 24
28 30 52
28 31 49
28 32 44
28 33 55
28 34 12
28 35 36
28 36 17
28 37 21
28 38 53
28 39 39
28 40 31
28 41 35
28 42 39
28 43 53
28 44 65
28 45 40
28 46 38
28 47 15
28 48 61
28 49 45
28 50 39
28 51 38
28 52 71
28 53 28
28 54 29
28 55 38
28 56 67
28 57 44
28 58 61
28 59 43
28 60 45
28 61 22
28 62 76
28 63 57
28 64 14
28 65 31
28 66 11
28 67 39
28 68 35
28 69 25
28 70 37
28 71 63
28 72 38
28 73 22
28 74 22
28 75 57
28 76 28
29 1 38
29 2 22
29 3 45
29 4 41
29 5 71
29 6 54
29 7 55
29 8 23
29 9 52
29 10 51
29 11 46
29 12 42
29 13 16
29 14 39
29 15 43
29 16 17
29 17 21
29 18 69
29 19 36
29 20 14
29 21 46
29 22 67
29 23 43
29 24 33
29 25 29
29 26 53
29 27 47
29 28 24
29 29 -1
29 30 64
29 31 32
29 32 22
29 33 52
29 34 36
29 35 12
29 36 20
29 37 40
29 38 55
29 39 49
29 40 33
29 41 11
29 42 16
29 43 39
29 44 74
29 45 40
29 46 14
29 47 34
29 48 64
29 49 37
29 50 35
29 51 14
29 52 56
29 53 52
29 54 51
29 55 14
29 56 56
29 57 55
29 58 42
29 59 24
29 60 38
29 61 3
29 62 59
29 63 43
29 64 19
29 65 17
29 66 16
29 67 15
29 68 45
29 69 49
29 70 50
29 71 71
29 72 36
29 73 15
29 74 13
29 75 48
29 76 41
30 1 58
30 2 86
30 3 24
30 4 25
30 5 8
30 6 66
30 7 22
30 8 50
30 9 43
30 10 23
30 11 56
30 12 22
30 13 48
30 14 49
30 15 32
30 16 50
30 17 57
30 18 7
30 19 70
30 20 49
30 21 38
30 22 20
30 23 45
30 24 59
30 25 34
30 26 48
30 27 18
30 28 52
30 29 64
30 30 -1
30 31 58
30 32 86
30 33 34
30 34 45
30 35 76
30 36 68
30 37 32
30 38 22
30 39 14
30 40 31
30 41 73
30 42 68
30 43 55
30 44 13
30 45 29
30 46 77
30 47 37
30 48 21
30 49 43
30 50 36
30 51 76
30 52 66
30 53 47
30 54 33
30 55 76
30 56 56
30 57 8
30 58 69
30 59 88
30 60 41
30 61 61
30 62 73
30 63 57
30 64 66
30 65 53
30 66 50
30 67 78
30 68 19
30 69 46
30 70 15
30 71 13
30 72 34
30 73 72
30 74 70
30 75 48
30 76 24
31 1 63
31 2 46
31 3 34
31 4 47
31 5 62
31 6 22
31 7 61
31 8 46
31 9 69
31 10 36
31 11 70
31 12 38
31 13 24
31 14 11
31 15 26
31 16 38
31 17 49
31 18 60
31 19 12
31 20 27
31 21 23
31 22 51
31 23 62
31 24 1
31 25 30
31 26 24
31 27 48
31 28 49
31 29 32
31 30 58
31 31 -1
31 32 43
31 33 30
31 34 56
31 35 36
31 36 52
31 37 51
31 38 39
31 39 46
31 40 30
31 41 32
31 42 21
31 43 7
31 44 64
31 45 29
31 46 35
31 47 48
31 48 48
31 49 15
31 50 22
31 51 33
31 52 24
31 53 71
31 54 63
31 55 34
31 56 24
31 57 52
31 58 13
31 59 49
31 60 17
31 61 32
31 62 27
31 63 11
31 64 51
31 65 17
31 66 37
31 67 36
31 68 43
31 69 68
31 70 50
31 71 59
31 72 24
31 73 48
31 74 46
31 75 18
31 76 45
32 1 54
32 2 3
32 3 66
32 4 63
32 5 93
32 6 63
32 7 77
32 8 43
32 9 72
32 10 71
32 11 63
32 12 64
32 13 37
32 14 53
32 15 62
32 16 38
32 17 40
32 18 91
32 19 41
32 20 36
32 21 64
32 22 87
32 23 63
32 24 44
32 25 51
32 26 67
32 27 69
32 28 44
32 29 22
32 30 86
32 31 43
32 32 -1
32 33 70
32 34 56
32 35 10
32 36 31
32 37 61
32 38 75
32 39 71
32 40 55
32 41 13
32 42 22
32 43 51
32 44 96
32 45 60
32 46 9
32 47 56
32 48 85
32 49 54
32 50 54
32 51 10
32 52 65
32 53 72
32 54 72
32 55 10
32 56 68
32 57 77
32 58 49
32 59 6
32 60 55
32 61 25
32 62 66
32 63 54
32 64 33
32 65 34
32 66 37
32 67 7
32 68 67
32 69 69
32 70 72
32 71 92
32 72 55
32 73 23
32 74 23
32 75 62
32 76 63
33 1 67
33 2 71
33 3 15
33 4 37
33 5 36
33 6 32
33 7 47
33 8 52
33 9 62
33 10 11
33 11 70
33 12 23
33 13 36
33 14 18
33 15 10
33 16 47
33 17 58
33 18 34
33 19 41
33 20 38
33 21 6
33 22 21
33 23 60
33 24 30
33 25 28
33 26 13
33 27 34
33 28 55
33 29 52
33 30 34
33 31 30
33 32 70
33 33 -1
33 34 55
33 35 60
33 36 66
33 37 45
33 38 12
33 39 27
33 40 24
33 41 56
33 42 48
33 43 24
33 44 36
33 45 15
33 46 61
33 47 45
33 48 18
33 49 15
33 50 17
33 51 59
33 52 32
33 53 66
33 54 54
33 55 60
33 56 22
33 57 31
33 58 37
33 59 74
33 60 14
33 61 50
33 62 39
33 63 24
33 64 64
33 65 35
33 66 47
33 67 62
33 68 28
33 69 64
33 70 33
33 71 31
33 72 17
33 73 65
33 74 63
33 75 15
33 76 35
34 1 13
34 2 54
34 3 41
34 4 21
34 5 54
34 6 75
34 7 27
34 8 13
34 9 16
34 10 47
34 11 14
34 12 33
34 13 32
34 14 54
34 15 46
34 16 19
34 17 16
34 18 52
34 19 65
34 20 30
34 21 54
34 22 59
34 23 7
34 24 57
34 25 29
34 26 64
34 27 27
34 28 12
34 29 36
34 30 45
34 31 56
34 32 56
34 33 55
34 34 -1
34 35 48
34 36 28
34 37 13
34 38 51
34 39 35
34 40 31
34 41 47
34 42 50
34 43 58
34 44 58
34 45 40
34 46 50
34 47 10
34 48 58
34 49 49
34 50 41
34 51 50
34 52 77
34 53 16
34 54 18
34 55 50
34 56 71
34 57 38
34 58 69
34 59 55
34 60 48
34 61 33
34 62 82
34 63 63
34 64 25
34 65 39
34 66 20
34 67 51
34 68 31
34 69 13
34 70 30
34 71 57
34 72 40
34 73 34
34 74 34
34 75 61
34 76 23
35 1 47
35 2 10
35 3 56
35 4 54
35 5 83
35 6 57
35 7 68
35 8 35
35 9 64
35 10 61
35 11 56
35 12 54
35 13 27
35 14 45
35 15 53
35 16 29
35 17 32
35 18 81
35 19 35
35 20 26
35 21 55
35 22 77
35 23 55
35 24 37
35 25 41
35 26 59
35 27 59
35 28 36
35 29 12
35 30 76
35 31 36
35 32 10
35 33 60
35 34 48
35 35 -1
35 36 26
35 37 52
35 38 66
35 39 61
35 40 45
35 41 4
35 42 15
35 43 43
35 44 86
35 45 50
35 46 2
35 47 47
35 48 75
35 49 45
35 50 45
35 51 3
35 52 59
35 53 64
35 54 63
35 55 2
35 56 60
35 57 67
35 58 43
35 59 13
35 60 46
35 61 15
35 62 60
35 63 47
35 64 27
35 65 25
35 66 28
35 67 3
35 68 57
35 69 61
35 70 62
35 71 82
35 72 46
35 73 18
35 74 17
35 75 54
35 76 54
36 1 23
36 2 29
36 3 56
36 4 43
36 5 77
36 6 74
36 7 54
36 8 18
36 9 43
36 10 62
36 11 32
36 12 50
36 13 31
36 14 56
36 15 56
36 16 19
36 17 12
36 18 75
36 19 56
36 20 28
36 21 62
36 22 77
36 23 33
36 24 53
36 25 39
36 26 70
36 27 50
36 28 17
36 29 20
36 30 68
36 31 52
36 32 31
36 33 66
36 34 28
36 35 26
36 36 -1
36 37 38
36 38 66
36 39 55
36 40 43
36 41 27
36 42 36
36 43 57
36 44 81
36 45 52
36 46 28
36 47 32
36 48 75
36 49 54
36 50 49
36 51 29
36 52 76
36 53 41
36 54 46
36 55 29
36 56 74
36 57 60
36 58 63
36 59 29
36 60 54
36 61 19
36 62 79
36 63 62
36 64 2
36 65 35
36 66 19
36 67 29
36 68 50
36 69 39
36 70 53
36 71 78
36 72 49
36 73 8
36 74 8
36 75 65
36 76 44
37 1 26
37 2 61
37 3 30
37 4 8
37 5 40
37 6 68
37 7 16
37 8 20
37 9 18
37 10 35
37 11 26
37 12 21
37 13 30
37 14 47
37 15 36
37 16 23
37 17 26
37 18 39
37 19 62
37 20 29
37 21 44
37 22 46
37 23 15
37 24 52
37 25 21
37 26 55
37 27 14
37 28 21
37 29 40
37 30 32
37 31 51
37 32 61
37 33 45
37 34 13
37 35 52
37 36 38
37 37 -1
37 38 39
37 39 22
37 40 22
37 41 50
37 42 51
37 43 52
37 44 45
37 45 30
37 46 54
37 47 5
37 48 45
37 49 41
37 50 33
37 51 53
37 52 70
37 53 21
37 54 12
37 55 54
37 56 63
37 57 24
37 58 64
37 59 62
37 60 40
37 61 36
37 62 76
37 63 56
37 64 35
37 65 37
37 66 24
37 67 55
37 68 18
37 69 18
37 70 17
37 71 44
37 72 31
37 73 43
37 74 42
37 75 53
37 76 10
38 1 64
38 2 76
38 3 10
38 4 31
38 5 24
38 6 44
38 7 37
38 8 50
38 9 55
38 10 4
38 11 65
38 12 18
38 13 39
38 14 29
38 15 13
38 16 46
38 17 56
38 18 22
38 19 51
38 20 41
38 21 17
38 22 12
38 23 54
38 24 40
38 25 27
38 26 25
38 27 26
38 28 53
38 29 55
38 30 22
38 31 39
38 32 75
38 33 12
38 34 51
38 35 66
38 36 66
38 37 39
38 38 -1
38 39 18
38 40 23
38 41 62
38 42 55
38 43 34
38 44 24
38 45 15
38 46 66
38 47 41
38 48 9
38 49 24
38 50 21
38 51 65
38 52 44
38 53 59
38 54 46
38 55 65
38 56 34
38 57 20
38 58 48
38 59 79
38 60 22
38 61 53
38 62 51
38 63 36
38 64 64
38 65 41
38 66 47
38 67 68
38 68 20
38 69 57
38 70 24
38 71 19
38 72 19
38 73 67
38 74 65
38 75 27
38 76 28
39 1 48
39 2 72
39 3 13
39 4 14
39 5 21
39 6 57
39 7 19
39 8 37
39 9 37
39 10 16
39 11 48
39 12 8
39 13 34
39 14 37
39 15 21
39 16 36
39 17 44
39 18 19
39 19 58
39 20 35
39 21 29
39 22 24
39 23 37
39 24 47
39 25 20
39 26 40
39 27 8
39 28 39
39 29 49
39 30 14
39 31 46
39 32 71
39 33 27
39 34 35
39 35 61
39 36 55
39 37 22
39 38 18
39 39 -1
39 40 17
39 41 58
39 42 54
39 43 43
39 44 25
39 45 17
39 46 62
39 47 25
39 48 23
39 49 31
39 50 24
39 51 61
39 52 58
39 53 41
39 54 27
39 55 62
39 56 48
39 57 6
39 58 57
39 59 73
39 60 29
39 61 46
39 62 65
39 63 46
39 64 52
39 65 39
39 66 37
39 67 64
39 68 5
39 69 39
39 70 6
39 71 23
39 72 22
39 73 58
39 74 56
39 75 39
39 76 12
40 1 43
40 2 55
40 3 12
40 4 17
40 5 38
40 6 46
40 7 31
40 8 28
40 9 41
40 10 18
40 11 46
40 12 8
40 13 17
40 14 25
40 15 14
40 16 23
40 17 34
40 18 35
40 19 42
40 20 19
40 21 22
40 22 34
40 23 36
40 24 32
40 25 4
40 26 33
40 27 18
40 28 31
40 29 33
40 30 31
40 31 30
40 32 55
40 33 24
40 34 31
40 35 45
40 36 43
40 37 22
40 38 23
40 39 17
40 40 -1
40 41 42
40 42 37
40 43 30
40 44 41
40 45 9
40 46 46
40 47 21
40 48 31
40 49 19
40 50 10
40 51 45
40 52 47
40 53 43
40 54 33
40 55 45
40 56 40
40 57 23
40 58 43
40 59 57
40 60 17
40 61 31
40 62 53
40 63 34
40 64 41
40 65 22
40 66 24
40 67 47
40 68 13
40 69 41
40 70 20
40 71 37
40 72 9
40 73 44
40 74 42
40 75 30
40 76 15
41 1 48
41 2 14
41 3 53
41 4 51
41 5 80
41 6 53
41 7 66
41 8 34
41 9 63
41 10 58
41 11 56
41 12 51
41 13 24
41 14 41
41 15 49
41 16 28
41 17 32
41 18 78
41 19 32
41 20 23
41 21 51
41 22 74
41 23 54
41 24 33
41 25 38
41 26 55
41 27 56
41 28 35
41 29 11
41 30 73
41 31 32
41 32 13
41 33 56
41 34 47
41 35 4
41 36 27
41 37 50
41 38 62
41 39 58
41 40 42
41 41 -1
41 42 11
41 43 39
41 44 83
41 45 47
41 46 4
41 47 45
41 48 71
41 49 41
41 50 41
41 51 3
41 52 55
41 53 63
41 54 62
41 55 3
41 56 56
41 57 65
41 58 39
41 59 17
41 60 42
41 61 14
41 62 56
41 63 43
41 64 28
41 65 21
41 66 27
41 67 5
41 68 54
41 69 60
41 70 59
41 71 79
41 72 42
41 73 20
41 74 19
41 75 50
41 76 51
42 1 53
42 2 24
42 3 46
42 4 50
42 5 75
42 6 42
42 7 65
42 8 37
42 9 65
42 10 51
42 11 61
42 12 46
42 13 21
42 14 31
42 15 41
42 16 30
42 17 37
42 18 72
42 19 21
42 20 22
42 21 42
42 22 67
42 23 57
42 24 22
42 25 34
42 26 45
42 27 54
42 28 39
42 29 16
42 30 68
42 31 21
42 32 22
42 33 48
42 34 50
42 35 15
42 36 36
42 37 51
42 38 55
42 39 54
42 40 37
42 41 11
42 42 -1
42 43 29
42 44 77
42 45 41
42 46 14
42 47 46
42 48 64
42 49 32
42 50 34
42 51 12
42 52 44
42 53 66
42 54 63
42 55 13
42 56 45
42 57 61
42 58 28
42 59 27
42 60 34
42 61 18
42 62 45
42 63 32
42 64 36
42 65 15
42 66 29
42 67 15
42 68 50
42 69 63
42 70 57
42 71 73
42 72 35
42 73 30
42 74 28
42 75 39
42 76 49
43 1 67
43 2 53
43 3 31
43 4 47
43 5 58
43 6 17
43 7 61
43 8 49
43 9 70
43 10 32
43 11 73
43 12 36
43 13 28
43 14 6
43 15 23
43 16 42
43 17 53
43 18 56
43 19 17
43 20 31
43 21 18
43 22 45
43 23 65
43 24 7
43 25 30
43 26 16
43 27 47
43 28 53
43 29 39
43 30 55
43 31 7
43 32 51
43 33 24
43 34 58
43 35 43
43 36 57
43 37 52
43 38 34
43 39 43
43 40 30
43 41 39
43 42 29
43 43 -1
43 44 59
43 45 26
43 46 43
43 47 50
43 48 42
43 49 12
43 50 20
43 51 41
43 52 18
43 53 73
43 54 64
43 55 42
43 56 17
43 57 49
43 58 14
43 59 56
43 60 14
43 61 38
43 62 24
43 63 4
43 64 56
43 65 22
43 66 42
43 67 44
43 68 41
43 69 70
43 70 48
43 71 54
43 72 22
43 73 54
43 74 52
43 75 11
43 76 45
44 1 71
44 2 97
44 3 30
44 4 38
44 5 5
44 6 68
44 7 35
44 8 63
44 9 56
44 10 27
44 11 69
44 12 32
44 13 58
44 14 53
44 15 37
44 16 62
44 17 69
44 18 6
44 19 75
44 20 60
44 21 41
44 22 15
44 23 59
44 24 64
44 25 45
44 26 49
44 27 31
44 28 65
44 29 74
44 30 13
44 31 64
44 32 96
44 33 36
44 34 58
44 35 86
44 36 81
44 37 45
44 38 24
44 39 25
44 40 41
44 41 83
44 42 77
44 43 59
44 44 -1
44 45 36
44 46 87
44 47 50
44 48 18
44 49 48
44 50 43
44 51 86
44 52 68
44 53 60
44 54 46
44 55 86
44 56 57
44 57 21
44 58 73
44 59 99
44 60 46
44 61 72
44 62 75
44 63 60
44 64 78
44 65 62
44 66 62
44 67 88
44 68 30
44 69 59
44 70 28
44 71 5
44 72 42
44 73 84
44 74 82
44 75 51
44 76 37
45 1 52
45 2 61
45 3 5
45 4 23
45 5 34
45 6 40
45 7 35
45 8 37
45 9 48
45 10 10
45 11 55
45 12 10
45 13 23
45 14 20
45 15 5
45 16 32
45 17 43
45 18 32
45 19 41
45 20 25
45 21 14
45 22 27
45 23 45
45 24 30
45 25 13
45 26 25
45 27 21
45 28 40
45 29 40
45 30 29
45 31 29
45 32 60
45 33 15
45 34 40
45 35 50
45 36 52
45 37 30
45 38 15
45 39 17
45 40 9
45 41 47
45 42 41
45 43 26
45 44 36
45 45 -1
45 46 51
45 47 30
45 48 24
45 49 14
45 50 7
45 51 50
45 52 41
45 53 51
45 54 40
45 55 50
45 56 33
45 57 23
45 58 40
45 59 64
45 60 12
45 61 38
45 62 48
45 63 29
45 64 49
45 65 26
45 66 32
45 67 53
45 68 15
45 69 49
45 70 22
45 71 32
45 72 5
45 73 52
45 74 50
45 75 23
45 76 21
46 1 50
46 2 10
46 3 57
46 4 55
46 5 84
46 6 56
46 7 69
46 8 37
46 9 66
46 10 62
46 11 58
46 12 55
46 13 28
46 14 44
46 15 53
46 16 31
46 17 34
46 18 82
46 19 34
46 20 27
46 21 55
46 22 78
46 23 57
46 24 36
46 25 42
46 26 59
46 27 60
46 28 38
46 29 14
46 30 77
46 31 35
46 32 9
46 33 61
46 34 50
46 35 2
46 36 28
46 37 54
46 38 66
46 39 62
46 40 46
46 41 4
46 42 14
46 43 43
46 44 87
46 45 51
46 46 -1
46 47 48
46 48 75
46 49 45
46 50 45
46 51 2
46 52 58
46 53 66
46 54 65
46 55 1
46 56 60
46 57 69
46 58 42
46 59 13
46 60 46
46 61 17
46 62 59
46 63 46
46 64 29
46 65 25
46 66 30
46 67 1
46 68 58
46 69 63
46 70 63
46 71 83
46 72 46
46 73 20
46 74 19
46 75 53
46 76 55
47 1 23
47 2 55
47 3 31
47 4 11
47 5 45
47 6 67
47 7 21
47 8 14
47 9 20
47 10 37
47 11 24
47 12 23
47 13 26
47 14 45
47 15 36
47 16 17
47 17 20
47 18 43
47 19 58
47 20 24
47 21 44
47 22 49
47 23 15
47 24 49
47 25 19
47 26 55
47 27 18
47 28 15
47 29 34
47 30 37
47 31 48
47 32 56
47 33 45
47 34 10
47 35 47
47 36 32
47 37 5
47 38 41
47 39 25
47 40 21
47 41 45
47 42 46
47 43 50
47 44 50
47 45 30
47 46 48
47 47 -1
47 48 48
47 49 40
47 50 32
47 51 48
47 52 68
47 53 22
47 54 17
47 55 48
47 56 62
47 57 29
47 58 61
47 59 56
47 60 39
47 61 31
47 62 74
47 63 54
47 64 29
47 65 33
47 66 18
47 67 50
47 68 21
47 69 19
47 70 21
47 71 48
47 72 31
47 73 37
47 74 36
47 75 52
47 76 13
48 1 71
48 2 86
48 3 19
48 4 37
48 5 19
48 6 50
48 7 40
48 8 58
48 9 60
48 10 13
48 11 71
48 12 25
48 13 48
48 14 37
48 15 22
48 16 55
48 17 65
48 18 17
48 19 59
48 20 50
48 21 24
48 22 3
48 23 60
48 24 48
48 25 36
48 26 31
48 27 31
48 28 61
48 29 64
48 30 21
48 31 48
48 32 85
48 33 18
48 34 58
48 35 75
48 36 75
48 37 45
48 38 9
48 39 23
48 40 31
48 41 71
48 42 64
48 43 42
48 44 18
48 45 24
48 46 75
48 47 48
48 48 -1
48 49 32
48 50 30
48 51 74
48 52 50
48 53 64
48 54 50
48 55 75
48 56 39
48 57 22
48 58 56
48 59 88
48 60 31
48 61 62
48 62 57
48 63 43
48 64 72
48 65 50
48 66 55
48 67 77
48 68 27
48 69 62
48 70 28
48 71 13
48 72 29
48 73 76
48 74 74
48 75 33
48 76 35
49 1 59
49 2 56
49 3 19
49 4 36
49 5 47
49 6 27
49 7 49
49 8 42
49 9 60
49 10 20
49 11 64
49 12 24
49 13 23
49 14 6
49 15 11
49 16 36
49 17 47
49 18 44
49 19 27
49 20 26
49 21 9
49 22 35
49 23 55
49 24 16
49 25 20
49 26 16
49 27 35
49 28 45
49 29 37
49 30 43
49 31 15
49 32 54
49 33 15
49 34 49
49 35 45
49 36 54
49 37 41
49 38 24
49 39 31
49 40 19
49 41 41
49 42 32
49 43 12
49 44 48
49 45 14
49 46 45
49 47 40
49 48 32
49 49 -1
49 50 8
49 51 43
49 52 28
49 53 62
49 54 53
49 55 44
49 56 21
49 57 37
49 58 26
49 59 59
49 60 2
49 61 36
49 62 34
49 63 15
49 64 52
49 65 20
49 66 35
49 67 47
49 68 29
49 69 60
49 70 36
49 71 43
49 72 10
49 73 52
49 74 50
49 75 12
49 76 34
50 1 52
50 2 55
50 3 13
50 4 27
50 5 41
50 6 35
50 7 40
50 8 35
50 9 51
50 10 17
50 11 56
50 12 16
50 13 18
50 14 14
50 15 8
50 16 30
50 17 41
50 18 39
50 19 34
50 20 21
50 21 13
50 22 33
50 23 47
50 24 23
50 25 12
50 26 23
50 27 27
50 28 39
50 29 35
50 30 36
50 31 22
50 32 54
50 33 17
50 34 41
50 35 45
50 36 49
50 37 33
50 38 21
50 39 24
50 40 10
50 41 41
50 42 34
50 43 20
50 44 43
50 45 7
50 46 45
50 47 32
50 48 30
50 49 8
50 50 -1
50 51 43
50 52 37
50 53 54
50 54 44
50 55 44
50 56 30
50 57 30
50 58 33
50 59 58
50 60 7
50 61 33
50 62 43
50 63 23
50 64 47
50 65 19
50 66 30
50 67 46
50 68 21
50 69 51
50 70 28
50 71 39
50 72 2
50 73 48
50 74 46
50 75 20
50 76 25
51 1 50
51 2 12
51 3 55
51 4 55
51 5 83
51 6 54
51 7 69
51 8 37
51 9 66
51 10 60
51 11 59
51 12 54
51 13 27
51 14 43
51 15 51
51 16 31
51 17 34
51 18 81
51 19 32
51 20 26
51 21 53
51 22 77
51 23 57
51 24 34
51 25 41
51 26 57
51 27 60
51 28 38
51 29 14
51 30 76
51 31 33
51 32 10
51 33 59
51 34 50
51 35 3
51 36 29
51 37 53
51 38 65
51 39 61
51 40 45
51 41 3
51 42 12
51 43 41
51 44 86
51 45 50
51 46 2
51 47 48
51 48 74
51 49 43
51 50 43
51 51 -1
51 52 56
51 53 66
51 54 65
51 55 1
51 56 58
51 57 68
51 58 40
51 59 15
51 60 44
51 61 17
51 62 57
51 63 44
51 64 30
51 65 24
51 66 30
51 67 3
51 68 57
51 69 63
51 70 63
51 71 82
51 72 45
51 73 22
51 74 20
51 75 51
51 76 54
52 1 86
52 2 68
52 3 44
52 4 64
52 5 68
52 6 2
52 7 77
52 8 68
52 9 88
52 10 43
52 11 91
52 12 51
52 13 47
52 14 22
52 15 36
52 16 61
52 17 72
52 18 66
52 19 24
52 20 50
52 21 28
52 22 53
52 23 83
52 24 22
52 25 48
52 26 19
52 27 63
52 28 71
52 29 56
52 30 66
52 31 24
52 32 65
52 33 32
52 34 77
52 35 59
52 36 76
52 37 70
52 38 44
52 39 58
52 40 47
52 41 55
52 42 44
52 43 18
52 44 68
52 45 41
52 46 58
52 47 68
52 48 50
52 49 28
52 50 37
52 51 56
52 52 -1
52 53 91
52 54 81
52 55 57
52 56 11
52 57 62
52 58 16
52 59 71
52 60 30
52 61 56
52 62 7
52 63 14
52 64 75
52 65 41
52 66 60
52 67 59
52 68 57
52 69 88
52 70 63
52 71 63
52 72 38
52 73 72
52 74 70
52 75 18
52 76 62
53 1 20
53 2 70
53 3 51
53 4 28
53 5 55
53 6 89
53 7 25
53 8 29
53 9 4
53 10 56
53 11 12
53 12 42
53 13 48
53 14 68
53 15 57
53 16 36
53 17 32
53 18 54
53 19 81
53 20 46
53 21 65
53 22 64
53 23 9
53 24 72
53 25 42
53 26 77
53 27 32
53 28 28
53 29 52
53 30 47
53 31 71
53 32 72
53 33 66
53 34 16
53 35 64
53 36 41
53 37 21
53 38 59
53 39 41
53 40 43
53 41 63
53 42 66
53 43 73
53 44 60
53 45 51
53 46 66
53 47 22
53 48 64
53 49 62
53 50 54
53 51 66
53 52 91
53 53 -1
53 54 14
53 55 66
53 56 84
53 57 41
53 58 84
53 59 70
53 60 61
53 61 49
53 62 97
53 63 77
53 64 39
53 65 55
53 66 37
53 67 67
53 68 38
53 69 3
53 70 35
53 71 60
53 72 53
53 73 49
53 74 49
53 75 74
53 76 30
54 1 28
54 2 71
54 3 39
54 4 17
54 5 41
54 6 80
54 7 11
54 8 29
54 9 10
54 10 43
54 11 24
54 12 30
54 13 42
54 14 59
54 15 45
54 16 34
54 17 34
54 18 40
54 19 74
54 20 41
54 21 54
54 22 50
54 23 14
54 24 64
54 25 33
54 26 65
54 27 19
54 28 29
54 29 51
54 30 33
54 31 63
54 32 72
54 33 54
54 34 18
54 35 63
54 36 46
54 37 12
54 38 46
54 39 27
54 40 33
54 41 62
54 42 63
54 43 64
54 44 46
54 45 40
54 46 65
54 47 17
54 48 50
54 49 53
54 50 44
54 51 65
54 52 81
54 53 14
54 54 -1
54 55 65
54 56 73
54 57 27
54 58 76
54 59 72
54 60 51
54 61 48
54 62 87
54 63 67
54 64 43
54 65 50
54 66 35
54 67 66
54 68 25
54 69 13
54 70 21
54 71 46
54 72 42
54 73 52
54 74 51
54 75 63
54 76 19
55 1 50
55 2 11
55 3 56
55 4 55
55 5 83
55 6 55
55 7 69
55 8 37
55 9 66
55 10 61
55 11 58
55 12 54
55 13 28
55 14 44
55 15 52
55 16 31
55 17 34
55 18 81
55 19 33
55 20 27
55 21 54
55 22 77
55 23 57
55 24 35
55 25 41
55 26 58
55 27 60
55 28 38
55 29 14
55 30 76
55 31 34
55 32 10
55 33 60
55 34 50
55 35 2
55 36 29
55 37 54
55 38 65
55 39 62
55 40 45
55 41 3
55 42 13
55 43 42
55 44 86
55 45 50
55 46 1
55 47 48
55 48 75
55 49 44
55 50 44
55 51 1
55 52 57
55 53 66
55 54 65
55 55 -1
55 56 59
55 57 68
55 58 41
55 59 14
55 60 45
55 61 17
55 62 58
55 63 45
55 64 29
55 65 24
55 66 30
55 67 2
55 68 57
55 69 63
55 70 63
55 71 82
55 72 46
55 73 21
55 74 20
55 75 52
55 76 55
56 1 81
56 2 70
56 3 35
56 4 56
56 5 57
56 6 11
56 7 68
56 8 64
56 9 81
56 10 33
56 11 86
56 12 43
56 13 43
56 14 17
56 15 27
56 16 57
56 17 68
56 18 55
56 19 29
56 20 46
56 21 19
56 22 42
56 23 77
56 24 23
56 25 42
56 26 8
56 27 55
56 28 67
56 29 56
56 30 56
56 31 24
56 32 68
56 33 22
56 34 71
56 35 60
56 36 74
56 37 63
56 38 34
56 39 48
56 40 40
56 41 56
56 42 45
56 43 17
56 44 57
56 45 33
56 46 60
56 47 62
56 48 39
56 49 21
56 50 30
56 51 58
56 52 11
56 53 84
56 54 73
56 55 59
56 56 -1
56 57 53
56 58 22
56 59 73
56 60 23
56 61 55
56 62 18
56 63 13
56 64 72
56 65 39
56 66 57
56 67 61
56 68 48
56 69 81
56 70 54
56 71 52
56 72 31
56 73 71
56 74 69
56 75 10
56 76 54
57 1 51
57 2 78
57 3 18
57 4 17
57 5 16
57 6 62
57 7 17
57 8 42
57 9 37
57 10 19
57 11 50
57 12 14
57 13 40
57 14 43
57 15 26
57 16 41
57 17 48
57 18 14
57 19 64
57 20 41
57 21 34
57 22 22
57 23 39
57 24 53
57 25 26
57 26 44
57 27 10
57 28 44
57 29 55
57 30 8
57 31 52
57 32 77
57 33 31
57 34 38
57 35 67
57 36 60
57 37 24
57 38 20
57 39 6
57 40 23
57 41 65
57 42 61
57 43 49
57 44 21
57 45 23
57 46 69
57 47 29
57 48 22
57 49 37
57 50 30
57 51 68
57 52 62
57 53 41
57 54 27
57 55 68
57 56 53
57 57 -1
57 58 63
57 59 79
57 60 35
57 61 52
57 62 69
57 63 51
57 64 57
57 65 45
57 66 42
57 67 70
57 68 10
57 69 40
57 70 7
57 71 19
57 72 28
57 73 63
57 74 62
57 75 44
57 76 16
58 1 76
58 2 52
58 3 45
58 4 60
58 5 72
58 6 14
58 7 74
58 8 58
58 9 82
58 10 46
58 11 82
58 12 50
58 13 36
58 14 20
58 15 37
58 16 50
58 17 61
58 18 70
58 19 8
58 20 39
58 21 31
58 22 59
58 23 75
58 24 11
58 25 42
58 26 26
58 27 61
58 28 61
58 29 42
58 30 69
58 31 13
58 32 49
58 33 37
58 34 69
58 35 43
58 36 63
58 37 64
58 38 48
58 39 57
58 40 43
58 41 39
58 42 28
58 43 14
58 44 73
58 45 40
58 46 42
58 47 61
58 48 56
58 49 26
58 50 33
58 51 40
58 52 16
58 53 84
58 54 76
58 55 41
58 56 22
58 57 63
58 58 -1
58 59 55
58 60 28
58 61 43
58 62 17
58 63 12
58 64 62
58 65 29
58 66 50
58 67 43
58 68 55
58 69 81
58 70 62
58 71 68
58 72 35
58 73 57
58 74 56
58 75 22
58 76 58
59 1 52
59 2 3
59 3 69
59 4 65
59 5 95
59 6 69
59 7 78
59 8 43
59 9 71
59 10 74
59 11 61
59 12 66
59 13 40
59 14 58
59 15 66
59 16 39
59 17 38
59 18 93
59 19 47
59 20 38
59 21 68
59 22 91
59 23 61
59 24 50
59 25 53
59 26 72
59 27 70
59 28 43
59 29 24
59 30 88
59 31 49
59 32 6
59 33 74
59 34 55
59 35 13
59 36 29
59 37 62
59 38 79
59 39 73
59 40 57
59 41 17
59 42 27
59 43 56
59 44 99
59 45 64
59 46 13
59 47 56
59 48 88
59 49 59
59 50 58
59 51 15
59 52 71
59 53 70
59 54 72
59 55 14
59 56 73
59 57 79
59 58 55
59 59 -1
59 60 59
59 61 27
59 62 72
59 63 60
59 64 31
59 65 38
59 66 38
59 67 12
59 68 69
59 69 67
59 70 74
59 71 95
59 72 59
59 73 21
59 74 21
59 75 67
59 76 65
60 1 59
60 2 57
60 3 17
60 4 34
60 5 45
60 6 28
60 7 47
60 8 42
60 9 58
60 10 18
60 11 63
60 12 22
60 13 23
60 14 8
60 15 9
60 16 35
60 17 47
60 18 42
60 19 29
60 20 26
60 21 8
60 22 34
60 23 54
60 24 18
60 25 19
60 26 16
60 27 34
60 28 45
60 29 38
60 30 41
60 31 17
60 32 55
60 33 14
60 34 48
60 35 46
60 36 54
60 37 40
60 38 22
60 39 29
60 40 17
60 41 42
60 42 34
60 43 14
60 44 46
60 45 12
60 46 46
60 47 39
60 48 31
60 49 2
60 50 7
60 51 44
60 52 30
60 53 61
60 54 51
60 55 45
60 56 23
60 57 35
60 58 28
60 59 59
60 60 -1
60 61 36
60 62 36
60 63 17
60 64 52
60 65 21
60 66 35
60 67 48
60 68 27
60 69 58
60 70 34
60 71 41
60 72 8
60 73 52
60 74 50
60 75 13
60 76 32
61 1 35
61 2 25
61 3 43
61 4 38
61 5 68
61 6 54
61 7 52
61 8 20
61 9 49
61 10 48
61 11 43
61 12 39
61 13 14
61 14 38
61 15 41
61 16 14
61 17 19
61 18 66
61 19 37
61 20 12
61 21 45
61 22 64
61 23 40
61 24 33
61 25 26
61 26 52
61 27 43
61 28 22
61 29 3
61 30 61
61 31 32
61 32 25
61 33 50
61 34 33
61 35 15
61 36 19
61 37 36
61 38 53
61 39 46
61 40 31
61 41 14
61 42 18
61 43 38
61 44 72
61 45 38
61 46 17
61 47 31
61 48 62
61 49 36
61 50 33
61 51 17
61 52 56
61 53 49
61 54 48
61 55 17
61 56 55
61 57 52
61 58 43
61 59 27
61 60 36
61 61 -1
61 62 60
61 63 42
61 64 18
61 65 16
61 66 13
61 67 18
61 68 42
61 69 46
61 70 47
61 71 68
61 72 34
61 73 16
61 74 14
61 75 47
61 76 38
62 1 91
62 2 69
62 3 51
62 4 70
62 5 75
62 6 7
62 7 83
62 8 73
62 9 94
62 10 50
62 11 97
62 12 58
62 13 51
62 14 28
62 15 43
62 16 66
62 17 76
62 18 73
62 19 25
62 20 54
62 21 35
62 22 60
62 23 89
62 24 26
62 25 54
62 26 26
62 27 70
62 28 76
62 29 59
62 30 73
62 31 27
62 32 66
62 33 39
62 34 82
62 35 60
62 36 79
62 37 76
62 38 51
62 39 65
62 40 53
62 41 56
62 42 45
62 43 24
62 44 75
62 45 48
62 46 59
62 47 74
62 48 57
62 49 34
62 50 43
62 51 57
62 52 7
62 53 97
62 54 87
62 55 58
62 56 18
62 57 69
62 58 17
62 59 72
62 60 36
62 61 60
62 62 -1
62 63 19
62 64 78
62 65 45
62 66 65
62 67 60
62 68 63
62 69 94
62 70 70
62 71 70
62 72 44
62 73 74
62 74 73
62 75 25
62 76 68
63 1 72
63 2 57
63 3 33
63 4 51
63 5 60
63 6 12
63 7 64
63 8 54
63 9 74
63 10 34
63 11 77
63 12 39
63 13 32
63 14 8
63 15 25
63 16 47
63 17 58
63 18 58
63 19 17
63 20 35
63 21 19
63 22 46
63 23 69
63 24 10
63 25 34
63 26 14
63 27 51
63 28 57
63 29 43
63 30 57
63 31 11
63 32 54
63 33 24
63 34 63
63 35 47
63 36 62
63 37 56
63 38 36
63 39 46
63 40 34
63 41 43
63 42 32
63 43 4
63 44 60
63 45 29
63 46 46
63 47 54
63 48 43
63 49 15
63 50 23
63 51 44
63 52 14
63 53 77
63 54 67
63 55 45
63 56 13
63 57 51
63 58 12
63 59 60
63 60 17
63 61 42
63 62 19
63 63 -1
63 64 61
63 65 27
63 66 46
63 67 47
63 68 44
63 69 74
63 70 51
63 71 55
63 72 25
63 73 58
63 74 56
63 75 10
63 76 49
64 1 21
64 2 31
64 3 53
64 4 40
64 5 74
64 6 73
64 7 51
64 8 15
64 9 40
64 10 59
64 11 30
64 12 47
64 13 29
64 14 55
64 15 54
64 16 17
64 17 9
64 18 72
64 19 56
64 20 26
64 21 60
64 22 74
64 23 31
64 24 52
64 25 36
64 26 68
64 27 47
64 28 14
64 29 19
64 30 66
64 31 51
64 32 33
64 33 64
64 34 25
64 35 27
64 36 2
64 37 35
64 38 64
64 39 52
64 40 41
64 41 28
64 42 36
64 43 56
64 44 78
64 45 49
64 46 29
64 47 29
64 48 72
64 49 52
64 50 47
64 51 30
64 52 75
64 53 39
64 54 43
64 55 29
64 56 72
64 57 57
64 58 62
64 59 31
64 60 52
64 61 18
64 62 78
64 63 61
64 64 -1
64 65 33
64 66 17
64 67 30
64 68 47
64 69 36
64 70 50
64 71 76
64 72 47
64 73 10
64 74 10
64 75 63
64 76 41
65 1 46
65 2 36
65 3 32
65 4 36
65 5 60
65 6 39
65 7 51
65 8 29
65 9 54
65 10 36
65 11 53
65 12 31
65 13 7
65 14 22
65 15 27
65 16 21
65 17 31
65 18 57
65 19 25
65 20 10
65 21 30
65 22 53
65 23 47
65 24 18
65 25 19
65 26 36
65 27 39
65 28 31
65 29 17
65 30 53
65 31 17
65 32 34
65 33 35
65 34 39
65 35 25
65 36 35
65 37 37
65 38 41
65 39 39
65 40 22
65 41 21
65 42 15
65 43 22
65 44 62
65 45 26
65 46 25
65 47 33
65 48 50
65 49 20
65 50 19
65 51 24
65 52 41
65 53 55
65 54 50
65 55 24
65 56 39
65 57 45
65 58 29
65 59 38
65 60 21
65 61 16
65 62 45
65 63 27
65 64 33
65 65 -1
65 66 20
65 67 27
65 68 35
65 69 52
65 70 41
65 71 58
65 72 21
65 73 32
65 74 30
65 75 31
65 76 35
66 1 26
66 2 37
66 3 36
66 4 26
66 5 58
66 6 59
66 7 39
66 8 8
66 9 36
66 10 42
66 11 33
66 12 30
66 13 13
66 14 39
66 15 37
66 16 1
66 17 11
66 18 56
66 19 45
66 20 10
66 21 43
66 22 57
66 23 28
66 24 39
66 25 19
66 26 52
66 27 32
66 28 11
66 29 16
66 30 50
66 31 37
66 32 37
66 33 47
66 34 20
66 35 28
66 36 19
66 37 24
66 38 47
66 39 37
66 40 24
66 41 27
66 42 29
66 43 42
66 44 62
66 45 32
66 46 30
66 47 18
66 48 55
66 49 35
66 50 30
66 51 30
66 52 60
66 53 37
66 54 35
66 55 30
66 56 57
66 57 42
66 58 50
66 59 38
66 60 35
66 61 13
66 62 65
66 63 46
66 64 17
66 65 20
66 66 -1
66 67 31
66 68 32
66 69 34
66 70 36
66 71 59
66 72 30
66 73 21
66 74 19
66 75 47
66 76 27
67 1 50
67 2 9
67 3 58
67 4 57
67 5 85
67 6 57
67 7 71
67 8 38
67 9 67
67 10 63
67 11 59
67 12 56
67 13 30
67 14 46
67 15 54
67 16 32
67 17 35
67 18 83
67 19 35
67 20 29
67 21 56
67 22 79
67 23 58
67 24 37
67 25 43
67 26 60
67 27 62
67 28 39
67 29 15
67 30 78
67 31 36
67 32 7
67 33 62
67 34 51
67 35 3
67 36 29
67 37 55
67 38 68
67 39 64
67 40 47
67 41 5
67 42 15
67 43 44
67 44 88
67 45 53
67 46 1
67 47 50
67 48 77
67 49 47
67 50 46
67 51 3
67 52 59
67 53 67
67 54 66
67 55 2
67 56 61
67 57 70
67 58 43
67 59 12
67 60 48
67 61 18
67 62 60
67 63 47
67 64 30
67 65 27
67 66 31
67 67 -1
67 68 59
67 69 64
67 70 65
67 71 85
67 72 48
67 73 21
67 74 20
67 75 55
67 76 56
68 1 44
68 2 67
68 3 13
68 4 10
68 5 26
68 6 56
68 7 19
68 8 32
68 9 34
68 10 17
68 11 44
68 12 5
68 13 29
68 14 36
68 15 20
68 16 31
68 17 39
68 18 24
68 19 55
68 20 30
68 21 29
68 22 28
68 23 33
68 24 44
68 25 16
68 26 40
68 27 6
68 28 35
68 29 45
68 30 19
68 31 43
68 32 67
68 33 28
68 34 31
68 35 57
68 36 50
68 37 18
68 38 20
68 39 5
68 40 13
68 41 54
68 42 50
68 43 41
68 44 30
68 45 15
68 46 58
68 47 21
68 48 27
68 49 29
68 50 21
68 51 57
68 52 57
68 53 38
68 54 25
68 55 57
68 56 48
68 57 10
68 58 55
68 59 69
68 60 27
68 61 42
68 62 63
68 63 44
68 64 47
68 65 35
68 66 32
68 67 59
68 68 -1
68 69 36
68 70 7
68 71 28
68 72 19
68 73 53
68 74 51
68 75 39
68 76 8
69 1 18
69 2 67
69 3 49
69 4 26
69 5 54
69 6 87
69 7 24
69 8 26
69 9 4
69 10 54
69 11 11
69 12 40
69 13 45
69 14 65
69 15 54
69 16 33
69 17 29
69 18 53
69 19 77
69 20 42
69 21 63
69 22 62
69 23 6
69 24 69
69 25 39
69 26 74
69 27 31
69 28 25
69 29 49
69 30 46
69 31 68
69 32 69
69 33 64
69 34 13
69 35 61
69 36 39
69 37 18
69 38 57
69 39 39
69 40 41
69 41 60
69 42 63
69 43 70
69 44 59
69 45 49
69 46 63
69 47 19
69 48 62
69 49 60
69 50 51
69 51 63
69 52 88
69 53 3
69 54 13
69 55 63
69 56 81
69 57 40
69 58 81
69 59 67
69 60 58
69 61 46
69 62 94
69 63 74
69 64 36
69 65 52
69 66 34
69 67 64
69 68 36
69 69 -1
69 70 33
69 71 59
69 72 50
69 73 46
69 74 46
69 75 71
69 76 28
70 1 43
70 2 72
70 3 19
70 4 10
70 5 23
70 6 63
70 7 13
70 8 35
70 9 31
70 10 22
70 11 43
70 12 12
70 13 36
70 14 43
70 15 27
70 16 35
70 17 41
70 18 21
70 19 62
70 20 36
70 21 35
70 22 29
70 23 32
70 24 51
70 25 22
70 26 46
70 27 3
70 28 37
70 29 50
70 30 15
70 31 50
70 32 72
70 33 33
70 34 30
70 35 62
70 36 53
70 37 17
70 38 24
70 39 6
70 40 20
70 41 59
70 42 57
70 43 48
70 44 28
70 45 22
70 46 63
70 47 21
70 48 28
70 49 36
70 50 28
70 51 63
70 52 63
70 53 35
70 54 21
70 55 63
70 56 54
70 57 7
70 58 62
70 59 74
70 60 34
70 61 47
70 62 70
70 63 51
70 64 50
70 65 41
70 66 36
70 67 65
70 68 7
70 69 33
70 70 -1
70 71 26
70 72 26
70 73 57
70 74 55
70 75 45
70 76 9
71 1 70
71 2 93
71 3 26
71 4 36
71 5 7
71 6 63
71 7 35
71 8 60
71 9 56
71 10 22
71 11 69
71 12 29
71 13 55
71 14 48
71 15 32
71 16 59
71 17 67
71 18 6
71 19 71
71 20 56
71 21 36
71 22 10
71 23 58
71 24 60
71 25 41
71 26 44
71 27 30
71 28 63
71 29 71
71 30 13
71 31 59
71 32 92
71 33 31
71 34 57
71 35 82
71 36 78
71 37 44
71 38 19
71 39 23
71 40 37
71 41 79
71 42 73
71 43 54
71 44 5
71 45 32
71 46 83
71 47 48
71 48 13
71 49 43
71 50 39
71 51 82
71 52 63
71 53 60
71 54 46
71 55 82
71 56 52
71 57 19
71 58 68
71 59 95
71 60 41
71 61 68
71 62 70
71 63 55
71 64 76
71 65 58
71 66 59
71 67 85
71 68 28
71 69 59
71 70 26
71 71 -1
71 72 37
71 73 81
71 74 79
71 75 46
71 76 35
72 1 51
72 2 57
72 3 11
72 4 25
72 5 39
72 6 37
72 7 39
72 8 35
72 9 50
72 10 15
72 11 55
72 12 14
72 13 19
72 14 16
72 15 7
72 16 30
72 17 41
72 18 37
72 19 36
72 20 22
72 21 13
72 22 31
72 23 46
72 24 25
72 25 11
72 26 24
72 27 25
72 28 38
72 29 36
72 30 34
72 31 24
72 32 55
72 33 17
72 34 40
72 35 46
72 36 49
72 37 31
72 38 19
72 39 22
72 40 9
72 41 42
72 42 35
72 43 22
72 44 42
72 45 5
72 46 46
72 47 31
72 48 29
72 49 10
72 50 2
72 51 45
72 52 38
72 53 53
72 54 42
72 55 46
72 56 31
72 57 28
72 58 35
72 59 59
72 60 8
72 61 34
72 62 44
72 63 25
72 64 47
72 65 21
72 66 30
72 67 48
72 68 19
72 69 50
72 70 26
72 71 37
72 72 -1
72 73 49
72 74 47
72 75 21
72 76 23
73 1 31
73 2 21
73 3 57
73 4 47
73 5 80
73 6 70
73 7 59
73 8 23
73 9 50
73 10 63
73 11 40
73 12 52
73 13 29
73 14 54
73 15 56
73 16 22
73 17 18
73 18 78
73 19 50
73 20 26
73 21 60
73 22 78
73 23 41
73 24 49
73 25 40
73 26 68
73 27 53
73 28 22
73 29 15
73 30 72
73 31 48
73 32 23
73 33 65
73 34 34
73 35 18
73 36 8
73 37 43
73 38 67
73 39 58
73 40 44
73 41 20
73 42 30
73 43 54
73 44 84
73 45 52
73 46 20
73 47 37
73 48 76
73 49 52
73 50 48
73 51 22
73 52 72
73 53 49
73 54 52
73 55 21
73 56 71
73 57 63
73 58 57
73 59 21
73 60 52
73 61 16
73 62 74
73 63 58
73 64 10
73 65 32
73 66 21
73 67 21
73 68 53
73 69 46
73 70 57
73 71 81
73 72 49
73 73 -1
73 74 2
73 75 63
73 76 48
74 1 31
74 2 21
74 3 55
74 4 46
74 5 78
74 6 68
74 7 58
74 8 22
74 9 49
74 10 61
74 11 40
74 12 50
74 13 27
74 14 52
74 15 54
74 16 20
74 17 17
74 18 76
74 19 49
74 20 25
74 21 58
74 22 76
74 23 40
74 24 47
74 25 38
74 26 66
74 27 52
74 28 22
74 29 13
74 30 70
74 31 46
74 32 23
74 33 63
74 34 34
74 35 17
74 36 8
74 37 42
74 38 65
74 39 56
74 40 42
74 41 19
74 42 28
74 43 52
74 44 82
74 45 50
74 46 19
74 47 36
74 48 74
74 49 50
74 50 46
74 51 20
74 52 70
74 53 49
74 54 51
74 55 20
74 56 69
74 57 62
74 58 56
74 59 21
74 60 50
74 61 14
74 62 73
74 63 56
74 64 10
74 65 30
74 66 19
74 67 20
74 68 51
74 69 46
74 70 55
74 71 79
74 72 47
74 73 2
74 74 -1
74 75 61
74 76 46
75 1 72
75 2 64
75 3 26
75 4 46
75 5 51
75 6 17
75 7 58
75 8 54
75 9 71
75 10 25
75 11 76
75 12 33
75 13 34
75 14 9
75 15 18
75 16 48
75 17 59
75 18 49
75 19 27
75 20 37
75 21 10
75 22 36
75 23 67
75 24 18
75 25 32
75 26 5
75 27 45
75 28 57
75 29 48
75 30 48
75 31 18
75 32 62
75 33 15
75 34 61
75 35 54
75 36 65
75 37 53
75 38 27
75 39 39
75 40 30
75 41 50
75 42 39
75 43 11
75 44 51
75 45 23
75 46 53
75 47 52
75 48 33
75 49 12
75 50 20
75 51 51
75 52 18
75 53 74
75 54 63
75 55 52
75 56 10
75 57 44
75 58 22
75 59 67
75 60 13
75 61 47
75 62 25
75 63 10
75 64 63
75 65 31
75 66 47
75 67 55
75 68 39
75 69 71
75 70 45
75 71 46
75 72 21
75 73 63
75 74 61
75 75 -1
75 76 44
76 1 36
76 2 63
76 3 20
76 4 2
76 5 32
76 6 61
76 7 16
76 8 26
76 9 27
76 10 25
76 11 36
76 12 11
76 13 28
76 14 40
76 15 26
76 16 26
76 17 32
76 18 30
76 19 57
76 20 28
76 21 35
76 22 36
76 23 25
76 24 47
76 25 16
76 26 46
76 27 5
76 28 28
76 29 41
76 30 24
76 31 45
76 32 63
76 33 35
76 34 23
76 35 54
76 36 44
76 37 10
76 38 28
76 39 12
76 40 15
76 41 51
76 42 49
76 43 45
76 44 37
76 45 21
76 46 55
76 47 13
76 48 35
76 49 34
76 50 25
76 51 54
76 52 62
76 53 30
76 54 19
76 55 55
76 56 54
76 57 16
76 58 58
76 59 65
76 60 32
76 61 38
76 62 68
76 63 49
76 64 41
76 65 35
76 66 27
76 67 56
76 68 8
76 69 28
76 70 9
76 71 35
76 72 23
76 73 48
76 74 46
76 75 44
76 76 -1
