25 40
25 72
25 12
25 45
25 13
25 50
25 20
26 33
26 75
26 14
26 21
26 56
26 63
33 3
33 38
33 10
33 15
33 21
33 26
33 60
72 3
72 40
72 12
72 45
72 15
72 49
72 50
72 21
72 25
72 60
49 72
49 43
49 75
49 45
49 14
49 15
49 50
49 21
49 60
47 34
47 4
47 37
47 8
47 76
47 23
4 68
4 37
4 70
4 39
4 7
4 12
4 76
4 47
4 27
63 56
63 58
63 6
63 43
63 75
63 14
63 52
63 24
63 26
63 31
65 20
65 13
27 4
27 37
27 68
27 39
27 7
27 70
27 12
27 76
27 57
70 4
70 68
70 39
70 7
70 12
70 76
70 57
70 27
43 75
43 14
43 49
43 24
43 58
43 60
43 63
43 31
36 64
36 17
36 74
36 73
2 32
2 35
2 67
2 41
2 46
2 51
2 55
2 59
38 33
38 3
38 10
38 15
38 48
38 22
11 1
11 34
11 69
11 53
11 23
5 18
5 44
5 30
5 71
30 5
30 39
30 71
30 44
30 18
30 57
56 6
56 75
56 52
56 26
56 63
