1 1 10000
1 2 1
1 3 1
1 4 10000
1 5 1
1 6 200
1 7 250
1 8 100
2 1 1
2 2 10000
2 3 1
2 4 10000
2 5 100
2 6 200
2 7 250
2 8 10000
3 1 1
3 2 10000
3 3 10000
3 4 100
3 5 10000
3 6 1
3 7 10000
3 8 10000
4 1 50
4 2 10000
4 3 100
4 4 10000
4 5 10000
4 6 10000
4 7 10000
4 8 10000
5 1 1
5 2 1
5 3 1
5 4 1
5 5 10000
5 6 10000
5 7 10000
5 8 1
6 1 200
6 2 10000
6 3 200
6 4 200
6 5 10000
6 6 10000
6 7 1
6 8 10000
7 1 250
7 2 10000
7 3 250
7 4 250
7 5 10000
7 6 1
7 7 10000
7 8 10000
8 1 50
8 2 500
8 3 100
8 4 500
8 5 500
8 6 500
8 7 10000
8 8 10000
