1 1 -1
1 2 35
1 3 48
1 4 26
1 5 35
1 6 27
1 7 20
1 8 9
1 9 22
1 10 38
1 11 34
1 12 5
1 13 11
1 14 33
1 15 16
1 16 6
1 17 41
1 18 50
1 19 28
1 20 50
1 21 26
1 22 29
1 23 42
1 24 28
1 25 29
1 26 38
1 27 26
1 28 40
1 29 38
1 30 33
1 31 53
1 32 24
1 33 4
1 34 42
1 35 10
1 36 16
1 37 44
1 38 19
1 39 15
1 40 50
1 41 31
1 42 55
1 43 20
1 44 42
1 45 27
1 46 39
1 47 36
1 48 42
1 49 14
1 50 47
1 51 48
1 52 23
2 1 35
2 2 -1
2 3 13
2 4 33
2 5 52
2 6 8
2 7 18
2 8 30
2 9 19
2 10 35
2 11 1
2 12 30
2 13 32
2 14 44
2 15 35
2 16 32
2 17 35
2 18 15
2 19 8
2 20 24
2 21 14
2 22 6
2 23 7
2 24 10
2 25 28
2 26 20
2 27 43
2 28 27
2 29 23
2 30 27
2 31 41
2 32 29
2 33 38
2 34 9
2 35 27
2 36 39
2 37 32
2 38 24
2 39 23
2 40 15
2 41 8
2 42 32
2 43 32
2 44 21
2 45 33
2 46 4
2 47 4
2 48 44
2 49 24
2 50 21
2 51 32
2 52 21
3 1 48
3 2 13
3 3 -1
3 4 43
3 5 62
3 6 21
3 7 31
3 8 42
3 9 31
3 10 41
3 11 14
3 12 43
3 13 45
3 14 53
3 15 46
3 16 45
3 17 40
3 18 2
3 19 21
3 20 22
3 21 25
3 22 19
3 23 6
3 24 22
3 25 37
3 26 24
3 27 54
3 28 31
3 29 27
3 30 34
3 31 42
3 32 40
3 33 50
3 34 10
3 35 40
3 36 51
3 37 35
3 38 36
3 39 36
3 40 2
3 41 19
3 42 30
3 43 43
3 44 23
3 45 42
3 46 9
3 47 13
3 48 51
3 49 37
3 50 20
3 51 33
3 52 31
4 1 26
4 2 33
4 3 43
4 4 -1
4 5 19
4 6 31
4 7 33
4 8 17
4 9 36
4 10 12
4 11 33
4 12 22
4 13 35
4 14 11
4 15 11
4 16 20
4 17 16
4 18 44
4 19 32
4 20 33
4 21 35
4 22 28
4 23 38
4 24 34
4 25 6
4 26 21
4 27 11
4 28 19
4 29 19
4 30 11
4 31 27
4 32 4
4 33 24
4 34 43
4 35 29
4 36 15
4 37 20
4 38 11
4 39 16
4 40 43
4 41 35
4 42 35
4 43 6
4 44 24
4 45 1
4 46 35
4 47 36
4 48 15
4 49 32
4 50 31
4 51 25
4 52 12
5 1 35
5 2 52
5 3 62
5 4 19
5 5 -1
5 6 49
5 7 48
5 8 29
5 9 51
5 10 24
5 11 52
5 12 33
5 13 46
5 14 9
5 15 20
5 16 30
5 17 28
5 18 63
5 19 50
5 20 50
5 21 52
5 22 47
5 23 57
5 24 52
5 25 25
5 26 39
5 27 9
5 28 35
5 29 37
5 30 28
5 31 38
5 32 22
5 33 31
5 34 61
5 35 42
5 36 19
5 37 34
5 38 28
5 39 31
5 40 62
5 41 53
5 42 50
5 43 20
5 44 42
5 45 19
5 46 54
5 47 55
5 48 19
5 49 46
5 50 48
5 51 39
5 52 31
6 1 27
6 2 8
6 3 21
6 4 31
6 5 49
6 6 -1
6 7 10
6 8 23
6 9 11
6 10 36
6 11 7
6 12 23
6 13 24
6 14 42
6 15 30
6 16 25
6 17 37
6 18 23
6 19 1
6 20 31
6 21 7
6 22 4
6 23 15
6 24 4
6 25 27
6 26 23
6 27 40
6 28 29
6 29 25
6 30 28
6 31 44
6 32 27
6 33 31
6 34 14
6 35 19
6 36 34
6 37 34
6 38 21
6 39 18
6 40 23
6 41 4
6 42 38
6 43 28
6 44 25
6 45 31
6 46 12
6 47 8
6 48 44
6 49 16
6 50 27
6 51 36
6 52 18
7 1 20
7 2 18
7 3 31
7 4 33
7 5 48
7 6 10
7 7 -1
7 8 19
7 9 3
7 10 40
7 11 17
7 12 17
7 13 14
7 14 43
7 15 28
7 16 20
7 17 42
7 18 33
7 19 10
7 20 41
7 21 6
7 22 14
7 23 25
7 24 9
7 25 31
7 26 31
7 27 39
7 28 37
7 29 33
7 30 33
7 31 51
7 32 29
7 33 24
7 34 23
7 35 9
7 36 31
7 37 42
7 38 22
7 39 17
7 40 33
7 41 12
7 42 48
7 43 28
7 44 34
7 45 33
7 46 23
7 47 18
7 48 48
7 49 6
7 50 37
7 51 44
7 52 22
8 1 9
8 2 30
8 3 42
8 4 17
8 5 29
8 6 23
8 7 19
8 8 -1
8 9 22
8 10 29
8 11 29
8 12 4
8 13 17
8 14 26
8 15 9
8 16 3
8 17 32
8 18 44
8 19 24
8 20 42
8 21 24
8 22 23
8 23 37
8 24 25
8 25 19
8 26 29
8 27 20
8 28 31
8 29 29
8 30 24
8 31 43
8 32 15
8 33 9
8 34 38
8 35 13
8 36 11
8 37 35
8 38 10
8 39 7
8 40 44
8 41 27
8 42 46
8 43 11
8 44 33
8 45 18
8 46 33
8 47 31
8 48 33
8 49 16
8 50 38
8 51 39
8 52 14
9 1 22
9 2 19
9 3 31
9 4 36
9 5 51
9 6 11
9 7 3
9 8 22
9 9 -1
9 10 43
9 11 17
9 12 20
9 13 15
9 14 46
9 15 31
9 16 23
9 17 45
9 18 32
9 19 10
9 20 42
9 21 5
9 22 15
9 23 25
9 24 8
9 25 34
9 26 33
9 27 42
9 28 39
9 29 35
9 30 35
9 31 54
9 32 32
9 33 26
9 34 22
9 35 12
9 36 34
9 37 44
9 38 25
9 39 20
9 40 33
9 41 11
9 42 49
9 43 31
9 44 36
9 45 36
9 46 23
9 47 17
9 48 51
9 49 8
9 50 38
9 51 46
9 52 25
10 1 38
10 2 35
10 3 41
10 4 12
10 5 24
10 6 36
10 7 40
10 8 29
10 9 43
10 10 -1
10 11 36
10 12 33
10 13 45
10 14 15
10 15 23
10 16 31
10 17 4
10 18 43
10 19 37
10 20 26
10 21 42
10 22 32
10 23 38
10 24 40
10 25 9
10 26 17
10 27 21
10 28 11
10 29 14
10 30 8
10 31 15
10 32 14
10 33 36
10 34 44
10 35 39
10 36 27
10 37 10
10 38 20
10 39 25
10 40 41
10 41 40
10 42 25
10 43 18
10 44 19
10 45 11
10 46 35
10 47 39
10 48 9
10 49 41
10 50 25
10 51 15
10 52 18
11 1 34
11 2 1
11 3 14
11 4 33
11 5 52
11 6 7
11 7 17
11 8 29
11 9 17
11 10 36
11 11 -1
11 12 30
11 13 31
11 14 44
11 15 35
11 16 31
11 17 36
11 18 16
11 19 7
11 20 26
11 21 13
11 22 5
11 23 8
11 24 9
11 25 29
11 26 21
11 27 43
11 28 28
11 29 24
11 30 28
11 31 42
11 32 30
11 33 37
11 34 9
11 35 26
11 36 39
11 37 33
11 38 24
11 39 23
11 40 16
11 41 7
11 42 34
11 43 32
11 44 22
11 45 33
11 46 5
11 47 3
11 48 45
11 49 23
11 50 22
11 51 33
11 52 21
12 1 5
12 2 30
12 3 43
12 4 22
12 5 33
12 6 23
12 7 17
12 8 4
12 9 20
12 10 33
12 11 30
12 12 -1
12 13 13
12 14 30
12 15 13
12 16 3
12 17 36
12 18 45
12 19 24
12 20 45
12 21 23
12 22 24
12 23 37
12 24 24
12 25 24
12 26 32
12 27 24
12 28 35
12 29 33
12 30 28
12 31 48
12 32 19
12 33 7
12 34 38
12 35 9
12 36 14
12 37 39
12 38 14
12 39 9
12 40 45
12 41 27
12 42 50
12 43 16
12 44 36
12 45 22
12 46 34
12 47 31
12 48 38
12 49 13
12 50 41
12 51 43
12 52 18
13 1 11
13 2 32
13 3 45
13 4 35
13 5 46
13 6 24
13 7 14
13 8 17
13 9 15
13 10 45
13 11 31
13 12 13
13 13 -1
13 14 43
13 15 26
13 16 16
13 17 48
13 18 47
13 19 24
13 20 52
13 21 20
13 22 27
13 23 39
13 24 23
13 25 35
13 26 41
13 27 37
13 28 45
13 29 42
13 30 39
13 31 59
13 32 31
13 33 15
13 34 37
13 35 6
13 36 27
13 37 49
13 38 25
13 39 20
13 40 47
13 41 26
13 42 58
13 43 29
13 44 45
13 45 35
13 46 36
13 47 32
13 48 50
13 49 8
13 50 48
13 51 53
13 52 28
14 1 33
14 2 44
14 3 53
14 4 11
14 5 9
14 6 42
14 7 43
14 8 26
14 9 46
14 10 15
14 11 44
14 12 30
14 13 43
14 14 -1
14 15 17
14 16 27
14 17 19
14 18 55
14 19 43
14 20 41
14 21 46
14 22 39
14 23 49
14 24 45
14 25 16
14 26 30
14 27 8
14 28 26
14 29 27
14 30 19
14 31 29
14 32 15
14 33 30
14 34 54
14 35 39
14 36 18
14 37 25
14 38 21
14 39 26
14 40 53
14 41 47
14 42 40
14 43 15
14 44 33
14 45 11
14 46 46
14 47 48
14 48 11
14 49 42
14 50 39
14 51 30
14 52 23
15 1 16
15 2 35
15 3 46
15 4 11
15 5 20
15 6 30
15 7 28
15 8 9
15 9 31
15 10 23
15 11 35
15 12 13
15 13 26
15 14 17
15 15 -1
15 16 10
15 17 27
15 18 48
15 19 31
15 20 42
15 21 32
15 22 29
15 23 41
15 24 32
15 25 15
15 26 29
15 27 11
15 28 28
15 29 28
15 30 20
15 31 39
15 32 10
15 33 13
15 34 44
15 35 22
15 36 5
15 37 31
15 38 10
15 39 12
15 40 47
15 41 34
15 42 44
15 43 5
15 44 33
15 45 12
15 46 38
15 47 37
15 48 26
15 49 25
15 50 39
15 51 36
15 52 15
16 1 6
16 2 32
16 3 45
16 4 20
16 5 30
16 6 25
16 7 20
16 8 3
16 9 23
16 10 31
16 11 31
16 12 3
16 13 16
16 14 27
16 15 10
16 16 -1
16 17 35
16 18 47
16 19 26
16 20 45
16 21 26
16 22 26
16 23 39
16 24 27
16 25 22
16 26 32
16 27 21
16 28 34
16 29 32
16 30 27
16 31 46
16 32 17
16 33 6
16 34 40
16 35 12
16 36 11
16 37 38
16 38 13
16 39 10
16 40 46
16 41 29
16 42 49
16 43 13
16 44 36
16 45 20
16 46 36
16 47 34
16 48 35
16 49 16
16 50 41
16 51 42
16 52 18
17 1 41
17 2 35
17 3 40
17 4 16
17 5 28
17 6 37
17 7 42
17 8 32
17 9 45
17 10 4
17 11 36
17 12 36
17 13 48
17 14 19
17 15 27
17 16 35
17 17 -1
17 18 41
17 19 38
17 20 23
17 21 43
17 22 33
17 23 38
17 24 41
17 25 12
17 26 16
17 27 25
17 28 9
17 29 13
17 30 9
17 31 11
17 32 17
17 33 40
17 34 44
17 35 42
17 36 31
17 37 6
17 38 23
17 39 28
17 40 39
17 41 41
17 42 21
17 43 22
17 44 17
17 45 15
17 46 35
17 47 39
17 48 11
17 49 43
17 50 22
17 51 11
17 52 20
18 1 50
18 2 15
18 3 2
18 4 44
18 5 63
18 6 23
18 7 33
18 8 44
18 9 32
18 10 43
18 11 16
18 12 45
18 13 47
18 14 55
18 15 48
18 16 47
18 17 41
18 18 -1
18 19 23
18 20 22
18 21 27
18 22 21
18 23 8
18 24 24
18 25 38
18 26 25
18 27 56
18 28 32
18 29 28
18 30 36
18 31 43
18 32 41
18 33 52
18 34 12
18 35 42
18 36 53
18 37 36
18 38 38
18 39 37
18 40 2
18 41 21
18 42 30
18 43 45
18 44 24
18 45 44
18 46 11
18 47 15
18 48 52
18 49 39
18 50 20
18 51 34
18 52 33
19 1 28
19 2 8
19 3 21
19 4 32
19 5 50
19 6 1
19 7 10
19 8 24
19 9 10
19 10 37
19 11 7
19 12 24
19 13 24
19 14 43
19 15 31
19 16 26
19 17 38
19 18 23
19 19 -1
19 20 31
19 21 6
19 22 5
19 23 15
19 24 3
19 25 28
19 26 24
19 27 41
19 28 30
19 29 26
19 30 29
19 31 45
19 32 28
19 33 31
19 34 13
19 35 19
19 36 35
19 37 35
19 38 21
19 39 19
19 40 23
19 41 3
19 42 39
19 43 29
19 44 26
19 45 31
19 46 12
19 47 8
19 48 45
19 49 16
19 50 28
19 51 37
19 52 19
20 1 50
20 2 24
20 3 22
20 4 33
20 5 50
20 6 31
20 7 41
20 8 42
20 9 42
20 10 26
20 11 26
20 12 45
20 13 52
20 14 41
20 15 42
20 16 45
20 17 23
20 18 22
20 19 31
20 20 -1
20 21 38
20 22 26
20 23 22
20 24 34
20 25 27
20 26 13
20 27 45
20 28 15
20 29 14
20 30 22
20 31 21
20 32 32
20 33 51
20 34 30
20 35 46
20 36 47
20 37 17
20 38 32
20 39 35
20 40 20
20 41 33
20 42 8
20 43 37
20 44 9
20 45 32
20 46 21
20 47 28
20 48 35
20 49 45
20 50 3
20 51 13
20 52 27
21 1 26
21 2 14
21 3 25
21 4 35
21 5 52
21 6 7
21 7 6
21 8 24
21 9 5
21 10 42
21 11 13
21 12 23
21 13 20
21 14 46
21 15 32
21 16 26
21 17 43
21 18 27
21 19 6
21 20 38
21 21 -1
21 22 11
21 23 20
21 24 3
21 25 33
21 26 30
21 27 43
21 28 36
21 29 32
21 30 34
21 31 51
21 32 31
21 33 30
21 34 17
21 35 16
21 36 36
21 37 41
21 38 25
21 39 21
21 40 28
21 41 6
21 42 45
21 43 32
21 44 33
21 45 35
21 46 18
21 47 12
21 48 50
21 49 12
21 50 34
21 51 43
21 52 24
22 1 29
22 2 6
22 3 19
22 4 28
22 5 47
22 6 4
22 7 14
22 8 23
22 9 15
22 10 32
22 11 5
22 12 24
22 13 27
22 14 39
22 15 29
22 16 26
22 17 33
22 18 21
22 19 5
22 20 26
22 21 11
22 22 -1
22 23 13
22 24 8
22 25 24
22 26 18
22 27 38
22 28 25
22 29 21
22 30 24
22 31 40
22 32 24
22 33 31
22 34 14
22 35 21
22 36 33
22 37 30
22 38 19
22 39 17
22 40 21
22 41 8
22 42 34
22 43 26
22 44 21
22 45 28
22 46 10
22 47 8
22 48 41
22 49 19
22 50 23
22 51 31
22 52 16
23 1 42
23 2 7
23 3 6
23 4 38
23 5 57
23 6 15
23 7 25
23 8 37
23 9 25
23 10 38
23 11 8
23 12 37
23 13 39
23 14 49
23 15 41
23 16 39
23 17 38
23 18 8
23 19 15
23 20 22
23 21 20
23 22 13
23 23 -1
23 24 16
23 25 33
23 26 22
23 27 49
23 28 29
23 29 25
23 30 31
23 31 42
23 32 35
23 33 45
23 34 7
23 35 34
23 36 46
23 37 33
23 38 31
23 39 30
23 40 8
23 41 13
23 42 31
23 43 38
23 44 22
23 45 38
23 46 3
23 47 7
23 48 48
23 49 31
23 50 20
23 51 33
23 52 27
24 1 28
24 2 10
24 3 22
24 4 34
24 5 52
24 6 4
24 7 9
24 8 25
24 9 8
24 10 40
24 11 9
24 12 24
24 13 23
24 14 45
24 15 32
24 16 27
24 17 41
24 18 24
24 19 3
24 20 34
24 21 3
24 22 8
24 23 16
24 24 -1
24 25 31
24 26 27
24 27 43
24 28 33
24 29 30
24 30 32
24 31 48
24 32 30
24 33 31
24 34 14
24 35 18
24 36 36
24 37 39
24 38 24
24 39 20
24 40 25
24 41 3
24 42 42
24 43 31
24 44 29
24 45 34
24 46 14
24 47 9
24 48 48
24 49 15
24 50 31
24 51 40
24 52 22
25 1 29
25 2 28
25 3 37
25 4 6
25 5 25
25 6 27
25 7 31
25 8 19
25 9 34
25 10 9
25 11 29
25 12 24
25 13 35
25 14 16
25 15 15
25 16 22
25 17 12
25 18 38
25 19 28
25 20 27
25 21 33
25 22 24
25 23 33
25 24 31
25 25 -1
25 26 14
25 27 18
25 28 13
25 29 13
25 30 5
25 31 24
25 32 5
25 33 28
25 34 38
25 35 29
25 36 20
25 37 15
25 38 10
25 39 15
25 40 37
25 41 32
25 42 29
25 43 10
25 44 18
25 45 5
25 46 30
25 47 32
25 48 17
25 49 31
25 50 24
25 51 20
25 52 9
26 1 38
26 2 20
26 3 24
26 4 21
26 5 39
26 6 23
26 7 31
26 8 29
26 9 33
26 10 17
26 11 21
26 12 32
26 13 41
26 14 30
26 15 29
26 16 32
26 17 16
26 18 25
26 19 24
26 20 13
26 21 30
26 22 18
26 23 22
26 24 27
26 25 14
26 26 -1
26 27 32
26 28 7
26 29 3
26 30 10
26 31 21
26 32 19
26 33 38
26 34 28
26 35 34
26 36 34
26 37 12
26 38 19
26 39 22
26 40 24
26 41 26
26 42 17
26 43 24
26 44 4
26 45 20
26 46 19
26 47 24
26 48 26
26 49 34
26 50 10
26 51 13
26 52 14
27 1 26
27 2 43
27 3 54
27 4 11
27 5 9
27 6 40
27 7 39
27 8 20
27 9 42
27 10 21
27 11 43
27 12 24
27 13 37
27 14 8
27 15 11
27 16 21
27 17 25
27 18 56
27 19 41
27 20 45
27 21 43
27 22 38
27 23 49
27 24 43
27 25 18
27 26 32
27 27 -1
27 28 30
27 29 31
27 30 22
27 31 36
27 32 14
27 33 22
27 34 53
27 35 33
27 36 10
27 37 31
27 38 19
27 39 22
27 40 54
27 41 44
27 42 46
27 43 11
27 44 36
27 45 12
27 46 46
27 47 46
27 48 19
27 49 36
27 50 42
27 51 36
27 52 22
28 1 40
28 2 27
28 3 31
28 4 19
28 5 35
28 6 29
28 7 37
28 8 31
28 9 39
28 10 11
28 11 28
28 12 35
28 13 45
28 14 26
28 15 28
28 16 34
28 17 9
28 18 32
28 19 30
28 20 15
28 21 36
28 22 25
28 23 29
28 24 33
28 25 13
28 26 7
28 27 30
28 28 -1
28 29 4
28 30 8
28 31 14
28 32 18
28 33 40
28 34 35
28 35 38
28 36 33
28 37 5
28 38 21
28 39 25
28 40 30
28 41 33
28 42 16
28 43 23
28 44 7
28 45 18
28 46 26
28 47 31
28 48 20
28 49 39
28 50 13
28 51 7
28 52 17
29 1 38
29 2 23
29 3 27
29 4 19
29 5 37
29 6 25
29 7 33
29 8 29
29 9 35
29 10 14
29 11 24
29 12 33
29 13 42
29 14 27
29 15 28
29 16 32
29 17 13
29 18 28
29 19 26
29 20 14
29 21 32
29 22 21
29 23 25
29 24 30
29 25 13
29 26 3
29 27 31
29 28 4
29 29 -1
29 30 8
29 31 18
29 32 18
29 33 38
29 34 31
29 35 36
29 36 33
29 37 9
29 38 19
29 39 23
29 40 27
29 41 29
29 42 17
29 43 23
29 44 5
29 45 18
29 46 22
29 47 27
29 48 23
29 49 36
29 50 11
29 51 10
29 52 14
30 1 33
30 2 27
30 3 34
30 4 11
30 5 28
30 6 28
30 7 33
30 8 24
30 9 35
30 10 8
30 11 28
30 12 28
30 13 39
30 14 19
30 15 20
30 16 27
30 17 9
30 18 36
30 19 29
30 20 22
30 21 34
30 22 24
30 23 31
30 24 32
30 25 5
30 26 10
30 27 22
30 28 8
30 29 8
30 30 -1
30 31 19
30 32 10
30 33 32
30 34 36
30 35 33
30 36 25
30 37 10
30 38 14
30 39 19
30 40 34
30 41 32
30 42 24
30 43 15
30 44 13
30 45 10
30 46 28
30 47 31
30 48 17
30 49 34
30 50 20
30 51 15
30 52 11
31 1 53
31 2 41
31 3 42
31 4 27
31 5 38
31 6 44
31 7 51
31 8 43
31 9 54
31 10 15
31 11 42
31 12 48
31 13 59
31 14 29
31 15 39
31 16 46
31 17 11
31 18 43
31 19 45
31 20 21
31 21 51
31 22 40
31 23 42
31 24 48
31 25 24
31 26 21
31 27 36
31 28 14
31 29 18
31 30 19
31 31 -1
31 32 29
31 33 52
31 34 49
31 35 53
31 36 42
31 37 9
31 38 33
31 39 39
31 40 41
31 41 48
31 42 16
31 43 33
31 44 20
31 45 26
31 46 40
31 47 45
31 48 19
31 49 53
31 50 22
31 51 9
31 52 30
32 1 24
32 2 29
32 3 40
32 4 4
32 5 22
32 6 27
32 7 29
32 8 15
32 9 32
32 10 14
32 11 30
32 12 19
32 13 31
32 14 15
32 15 10
32 16 17
32 17 17
32 18 41
32 19 28
32 20 32
32 21 31
32 22 24
32 23 35
32 24 30
32 25 5
32 26 19
32 27 14
32 28 18
32 29 18
32 30 10
32 31 29
32 32 -1
32 33 22
32 34 39
32 35 26
32 36 15
32 37 21
32 38 7
32 39 12
32 40 40
32 41 31
32 42 34
32 43 5
32 44 23
32 45 4
32 46 31
32 47 33
32 48 19
32 49 28
32 50 29
32 51 25
32 52 8
33 1 4
33 2 38
33 3 50
33 4 24
33 5 31
33 6 31
33 7 24
33 8 9
33 9 26
33 10 36
33 11 37
33 12 7
33 13 15
33 14 30
33 15 13
33 16 6
33 17 40
33 18 52
33 19 31
33 20 51
33 21 30
33 22 31
33 23 45
33 24 31
33 25 28
33 26 38
33 27 22
33 28 40
33 29 38
33 30 32
33 31 52
33 32 22
33 33 -1
33 34 45
33 35 14
33 36 12
33 37 43
33 38 19
33 39 16
33 40 52
33 41 34
33 42 55
33 43 18
33 44 42
33 45 25
33 46 41
33 47 39
33 48 39
33 49 19
33 50 48
33 51 47
33 52 24
34 1 42
34 2 9
34 3 10
34 4 43
34 5 61
34 6 14
34 7 23
34 8 38
34 9 22
34 10 44
34 11 9
34 12 38
34 13 37
34 14 54
34 15 44
34 16 40
34 17 44
34 18 12
34 19 13
34 20 30
34 21 17
34 22 14
34 23 7
34 24 14
34 25 38
34 26 28
34 27 53
34 28 35
34 29 31
34 30 36
34 31 49
34 32 39
34 33 45
34 34 -1
34 35 32
34 36 48
34 37 40
34 38 33
34 39 32
34 40 13
34 41 11
34 42 38
34 43 41
34 44 29
34 45 42
34 46 9
34 47 6
34 48 53
34 49 29
34 50 27
34 51 40
34 52 30
35 1 10
35 2 27
35 3 40
35 4 29
35 5 42
35 6 19
35 7 9
35 8 13
35 9 12
35 10 39
35 11 26
35 12 9
35 13 6
35 14 39
35 15 22
35 16 12
35 17 42
35 18 42
35 19 19
35 20 46
35 21 16
35 22 21
35 23 34
35 24 18
35 25 29
35 26 34
35 27 33
35 28 38
35 29 36
35 30 33
35 31 53
35 32 26
35 33 14
35 34 32
35 35 -1
35 36 24
35 37 43
35 38 19
35 39 14
35 40 42
35 41 21
35 42 52
35 43 24
35 44 38
35 45 30
35 46 31
35 47 27
35 48 45
35 49 4
35 50 42
35 51 46
35 52 22
36 1 16
36 2 39
36 3 51
36 4 15
36 5 19
36 6 34
36 7 31
36 8 11
36 9 34
36 10 27
36 11 39
36 12 14
36 13 27
36 14 18
36 15 5
36 16 11
36 17 31
36 18 53
36 19 35
36 20 47
36 21 36
36 22 33
36 23 46
36 24 36
36 25 20
36 26 34
36 27 10
36 28 33
36 29 33
36 30 25
36 31 42
36 32 15
36 33 12
36 34 48
36 35 24
36 36 -1
36 37 35
36 38 15
36 39 16
36 40 52
36 41 38
36 42 49
36 43 10
36 44 38
36 45 16
36 46 42
36 47 42
36 48 28
36 49 27
36 50 44
36 51 40
36 52 20
37 1 44
37 2 32
37 3 35
37 4 20
37 5 34
37 6 34
37 7 42
37 8 35
37 9 44
37 10 10
37 11 33
37 12 39
37 13 49
37 14 25
37 15 31
37 16 38
37 17 6
37 18 36
37 19 35
37 20 17
37 21 41
37 22 30
37 23 33
37 24 39
37 25 15
37 26 12
37 27 31
37 28 5
37 29 9
37 30 10
37 31 9
37 32 21
37 33 43
37 34 40
37 35 43
37 36 35
37 37 -1
37 38 24
37 39 29
37 40 34
37 41 38
37 42 15
37 43 26
37 44 11
37 45 19
37 46 31
37 47 36
37 48 18
37 49 44
37 50 16
37 51 5
37 52 21
38 1 19
38 2 24
38 3 36
38 4 11
38 5 28
38 6 21
38 7 22
38 8 10
38 9 25
38 10 20
38 11 24
38 12 14
38 13 25
38 14 21
38 15 10
38 16 13
38 17 23
38 18 38
38 19 21
38 20 32
38 21 25
38 22 19
38 23 31
38 24 24
38 25 10
38 26 19
38 27 19
38 28 21
38 29 19
38 30 14
38 31 33
38 32 7
38 33 19
38 34 33
38 35 19
38 36 15
38 37 24
38 38 -1
38 39 5
38 40 37
38 41 25
38 42 36
38 43 7
38 44 23
38 45 11
38 46 27
38 47 27
38 48 26
38 49 21
38 50 29
38 51 28
38 52 5
39 1 15
39 2 23
39 3 36
39 4 16
39 5 31
39 6 18
39 7 17
39 8 7
39 9 20
39 10 25
39 11 23
39 12 9
39 13 20
39 14 26
39 15 12
39 16 10
39 17 28
39 18 37
39 19 19
39 20 35
39 21 21
39 22 17
39 23 30
39 24 20
39 25 15
39 26 22
39 27 22
39 28 25
39 29 23
39 30 19
39 31 39
39 32 12
39 33 16
39 34 32
39 35 14
39 36 16
39 37 29
39 38 5
39 39 -1
39 40 37
39 41 22
39 42 40
39 43 11
39 44 26
39 45 16
39 46 26
39 47 25
39 48 31
39 49 16
39 50 32
39 51 33
39 52 8
40 1 50
40 2 15
40 3 2
40 4 43
40 5 62
40 6 23
40 7 33
40 8 44
40 9 33
40 10 41
40 11 16
40 12 45
40 13 47
40 14 53
40 15 47
40 16 46
40 17 39
40 18 2
40 19 23
40 20 20
40 21 28
40 22 21
40 23 8
40 24 25
40 25 37
40 26 24
40 27 54
40 28 30
40 29 27
40 30 34
40 31 41
40 32 40
40 33 52
40 34 13
40 35 42
40 36 52
40 37 34
40 38 37
40 39 37
40 40 -1
40 41 22
40 42 28
40 43 44
40 44 22
40 45 42
40 46 11
40 47 15
40 48 50
40 49 39
40 50 18
40 51 32
40 52 32
41 1 31
41 2 8
41 3 19
41 4 35
41 5 53
41 6 4
41 7 12
41 8 27
41 9 11
41 10 40
41 11 7
41 12 27
41 13 26
41 14 47
41 15 34
41 16 29
41 17 41
41 18 21
41 19 3
41 20 33
41 21 6
41 22 8
41 23 13
41 24 3
41 25 32
41 26 26
41 27 44
41 28 33
41 29 29
41 30 32
41 31 48
41 32 31
41 33 34
41 34 11
41 35 21
41 36 38
41 37 38
41 38 25
41 39 22
41 40 22
41 41 -1
41 42 40
41 43 33
41 44 28
41 45 35
41 46 12
41 47 6
41 48 48
41 49 18
41 50 29
41 51 39
41 52 23
42 1 55
42 2 32
42 3 30
42 4 35
42 5 50
42 6 38
42 7 48
42 8 46
42 9 49
42 10 25
42 11 34
42 12 50
42 13 58
42 14 40
42 15 44
42 16 49
42 17 21
42 18 30
42 19 39
42 20 8
42 21 45
42 22 34
42 23 31
42 24 42
42 25 29
42 26 17
42 27 46
42 28 16
42 29 17
42 30 24
42 31 16
42 32 34
42 33 55
42 34 38
42 35 52
42 36 49
42 37 15
42 38 36
42 39 40
42 40 28
42 41 40
42 42 -1
42 43 39
42 44 13
42 45 34
42 46 30
42 47 36
42 48 32
42 49 51
42 50 11
42 51 10
42 52 31
43 1 20
43 2 32
43 3 43
43 4 6
43 5 20
43 6 28
43 7 28
43 8 11
43 9 31
43 10 18
43 11 32
43 12 16
43 13 29
43 14 15
43 15 5
43 16 13
43 17 22
43 18 45
43 19 29
43 20 37
43 21 32
43 22 26
43 23 38
43 24 31
43 25 10
43 26 24
43 27 11
43 28 23
43 29 23
43 30 15
43 31 33
43 32 5
43 33 18
43 34 41
43 35 24
43 36 10
43 37 26
43 38 7
43 39 11
43 40 44
43 41 33
43 42 39
43 43 -1
43 44 28
43 45 7
43 46 35
43 47 35
43 48 21
43 49 27
43 50 34
43 51 30
43 52 11
44 1 42
44 2 21
44 3 23
44 4 24
44 5 42
44 6 25
44 7 34
44 8 33
44 9 36
44 10 19
44 11 22
44 12 36
44 13 45
44 14 33
44 15 33
44 16 36
44 17 17
44 18 24
44 19 26
44 20 9
44 21 33
44 22 21
44 23 22
44 24 29
44 25 18
44 26 4
44 27 36
44 28 7
44 29 5
44 30 13
44 31 20
44 32 23
44 33 42
44 34 29
44 35 38
44 36 38
44 37 11
44 38 23
44 39 26
44 40 22
44 41 28
44 42 13
44 43 28
44 44 -1
44 45 23
44 46 20
44 47 25
44 48 28
44 49 38
44 50 6
44 51 11
44 52 18
45 1 27
45 2 33
45 3 42
45 4 1
45 5 19
45 6 31
45 7 33
45 8 18
45 9 36
45 10 11
45 11 33
45 12 22
45 13 35
45 14 11
45 15 12
45 16 20
45 17 15
45 18 44
45 19 31
45 20 32
45 21 35
45 22 28
45 23 38
45 24 34
45 25 5
45 26 20
45 27 12
45 28 18
45 29 18
45 30 10
45 31 26
45 32 4
45 33 25
45 34 42
45 35 30
45 36 16
45 37 19
45 38 11
45 39 16
45 40 42
45 41 35
45 42 34
45 43 7
45 44 23
45 45 -1
45 46 34
45 47 36
45 48 15
45 49 32
45 50 30
45 51 24
45 52 12
46 1 39
46 2 4
46 3 9
46 4 35
46 5 54
46 6 12
46 7 23
46 8 33
46 9 23
46 10 35
46 11 5
46 12 34
46 13 36
46 14 46
46 15 38
46 16 36
46 17 35
46 18 11
46 19 12
46 20 21
46 21 18
46 22 10
46 23 3
46 24 14
46 25 30
46 26 19
46 27 46
46 28 26
46 29 22
46 30 28
46 31 40
46 32 31
46 33 41
46 34 9
46 35 31
46 36 42
46 37 31
46 38 27
46 39 26
46 40 11
46 41 12
46 42 30
46 43 35
46 44 20
46 45 34
46 46 -1
46 47 6
46 48 45
46 49 28
46 50 18
46 51 31
46 52 23
47 1 36
47 2 4
47 3 13
47 4 36
47 5 55
47 6 8
47 7 18
47 8 31
47 9 17
47 10 39
47 11 3
47 12 31
47 13 32
47 14 48
47 15 37
47 16 34
47 17 39
47 18 15
47 19 8
47 20 28
47 21 12
47 22 8
47 23 7
47 24 9
47 25 32
47 26 24
47 27 46
47 28 31
47 29 27
47 30 31
47 31 45
47 32 33
47 33 39
47 34 6
47 35 27
47 36 42
47 37 36
47 38 27
47 39 25
47 40 15
47 41 6
47 42 36
47 43 35
47 44 25
47 45 36
47 46 6
47 47 -1
47 48 48
47 49 24
47 50 25
47 51 36
47 52 24
48 1 42
48 2 44
48 3 51
48 4 15
48 5 19
48 6 44
48 7 48
48 8 33
48 9 51
48 10 9
48 11 45
48 12 38
48 13 50
48 14 11
48 15 26
48 16 35
48 17 11
48 18 52
48 19 45
48 20 35
48 21 50
48 22 41
48 23 48
48 24 48
48 25 17
48 26 26
48 27 19
48 28 20
48 29 23
48 30 17
48 31 19
48 32 19
48 33 39
48 34 53
48 35 45
48 36 28
48 37 18
48 38 26
48 39 31
48 40 50
48 41 48
48 42 32
48 43 21
48 44 28
48 45 15
48 46 45
48 47 48
48 48 -1
48 49 47
48 50 33
48 51 22
48 52 26
49 1 14
49 2 24
49 3 37
49 4 32
49 5 46
49 6 16
49 7 6
49 8 16
49 9 8
49 10 41
49 11 23
49 12 13
49 13 8
49 14 42
49 15 25
49 16 16
49 17 43
49 18 39
49 19 16
49 20 45
49 21 12
49 22 19
49 23 31
49 24 15
49 25 31
49 26 34
49 27 36
49 28 39
49 29 36
49 30 34
49 31 53
49 32 28
49 33 19
49 34 29
49 35 4
49 36 27
49 37 44
49 38 21
49 39 16
49 40 39
49 41 18
49 42 51
49 43 27
49 44 38
49 45 32
49 46 28
49 47 24
49 48 47
49 49 -1
49 50 41
49 51 47
49 52 23
50 1 47
50 2 21
50 3 20
50 4 31
50 5 48
50 6 27
50 7 37
50 8 38
50 9 38
50 10 25
50 11 22
50 12 41
50 13 48
50 14 39
50 15 39
50 16 41
50 17 22
50 18 20
50 19 28
50 20 3
50 21 34
50 22 23
50 23 20
50 24 31
50 25 24
50 26 10
50 27 42
50 28 13
50 29 11
50 30 20
50 31 22
50 32 29
50 33 48
50 34 27
50 35 42
50 36 44
50 37 16
50 38 29
50 39 32
50 40 18
50 41 29
50 42 11
50 43 34
50 44 6
50 45 30
50 46 18
50 47 25
50 48 33
50 49 41
50 50 -1
50 51 13
50 52 24
51 1 48
51 2 32
51 3 33
51 4 25
51 5 39
51 6 36
51 7 44
51 8 39
51 9 46
51 10 15
51 11 33
51 12 43
51 13 53
51 14 30
51 15 36
51 16 42
51 17 11
51 18 34
51 19 37
51 20 13
51 21 43
51 22 31
51 23 33
51 24 40
51 25 20
51 26 13
51 27 36
51 28 7
51 29 10
51 30 15
51 31 9
51 32 25
51 33 47
51 34 40
51 35 46
51 36 40
51 37 5
51 38 28
51 39 33
51 40 32
51 41 39
51 42 10
51 43 30
51 44 11
51 45 24
51 46 31
51 47 36
51 48 22
51 49 47
51 50 13
51 51 -1
51 52 24
52 1 23
52 2 21
52 3 31
52 4 12
52 5 31
52 6 18
52 7 22
52 8 14
52 9 25
52 10 18
52 11 21
52 12 18
52 13 28
52 14 23
52 15 15
52 16 18
52 17 20
52 18 33
52 19 19
52 20 27
52 21 24
52 22 16
52 23 27
52 24 22
52 25 9
52 26 14
52 27 22
52 28 17
52 29 14
52 30 11
52 31 30
52 32 8
52 33 24
52 34 30
52 35 22
52 36 20
52 37 21
52 38 5
52 39 8
52 40 32
52 41 23
52 42 31
52 43 11
52 44 18
52 45 12
52 46 23
52 47 24
52 48 26
52 49 23
52 50 24
52 51 24
52 52 -1
