46 2
46 3
46 34
46 11
46 47
46 23
42 20
9 24
9 49
9 21
9 7
8 1
8 33
8 39
8 12
8 15
8 16
25 32
25 4
25 10
25 45
25 52
25 30
15 8
15 43
15 36
47 2
47 34
47 6
47 41
47 11
47 46
47 19
47 22
47 23
47 24
4 32
4 25
4 43
4 45
10 48
10 17
10 25
10 30
51 28
51 37
51 31
30 10
30 17
30 25
30 28
30 29
37 17
37 51
37 28
37 29
37 31
52 32
52 25
52 38
52 39
13 49
13 35
7 35
7 9
7 49
7 21
7 24
33 8
33 1
33 12
33 16
6 2
6 41
6 11
6 47
6 19
6 21
6 22
6 24
49 9
49 35
49 13
49 7
20 42
20 44
20 50
24 6
24 7
24 9
24 41
24 11
24 47
24 19
24 21
24 22
48 10
50 20
50 44
44 50
44 20
44 26
44 28
44 29
27 5
27 14
29 37
29 44
29 26
29 28
29 30
41 2
41 6
41 11
41 47
41 19
41 21
41 22
41 24
