1 1 -1
1 2 14
1 3 24
1 4 20
1 5 26
1 6 20
1 7 23
1 8 30
1 9 30
1 10 6
1 11 28
1 12 16
1 13 38
1 14 8
1 15 34
1 16 47
1 17 17
1 18 36
1 19 11
1 20 10
1 21 35
1 22 39
1 23 28
1 24 5
1 25 24
1 26 51
1 27 42
1 28 25
1 29 35
1 30 29
1 31 6
1 32 44
1 33 18
1 34 9
1 35 12
1 36 27
1 37 16
1 38 41
1 39 38
1 40 29
1 41 37
1 42 23
1 43 25
1 44 30
1 45 34
1 46 37
1 47 10
1 48 31
1 49 20
1 50 11
1 51 11
1 52 38
1 53 38
1 54 38
2 1 14
2 2 -1
2 3 18
2 4 9
2 5 18
2 6 14
2 7 12
2 8 17
2 9 16
2 10 19
2 11 18
2 12 23
2 13 28
2 14 19
2 15 20
2 16 35
2 17 15
2 18 30
2 19 25
2 20 25
2 21 21
2 22 32
2 23 21
2 24 10
2 25 12
2 26 37
2 27 31
2 28 17
2 29 30
2 30 25
2 31 11
2 32 30
2 33 24
2 34 23
2 35 14
2 36 16
2 37 24
2 38 26
2 39 25
2 40 16
2 41 22
2 42 15
2 43 16
2 44 16
2 45 20
2 46 22
2 47 22
2 48 17
2 49 17
2 50 5
2 51 22
2 52 27
2 53 34
2 54 24
3 1 24
3 2 18
3 3 -1
3 4 9
3 5 35
3 6 4
3 7 28
3 8 14
3 9 21
3 10 30
3 11 8
3 12 18
3 13 16
3 14 22
3 15 26
3 16 47
3 17 33
3 18 48
3 19 34
3 20 32
3 21 29
3 22 49
3 23 4
3 24 23
3 25 28
3 26 46
3 27 47
3 28 3
3 29 48
3 30 43
3 31 25
3 32 37
3 33 40
3 34 29
3 35 13
3 36 32
3 37 20
3 38 28
3 39 22
3 40 13
3 41 27
3 42 32
3 43 33
3 44 20
3 45 26
3 46 25
3 47 34
3 48 19
3 49 35
3 50 22
3 51 35
3 52 42
3 53 53
3 54 33
4 1 20
4 2 9
4 3 9
4 4 -1
4 5 26
4 6 6
4 7 19
4 8 10
4 9 14
4 10 26
4 11 8
4 12 21
4 13 18
4 14 21
4 15 19
4 16 39
4 17 25
4 18 39
4 19 31
4 20 30
4 21 21
4 22 40
4 23 11
4 24 17
4 25 19
4 26 38
4 27 38
4 28 7
4 29 39
4 30 34
4 31 19
4 32 30
4 33 34
4 34 27
4 35 13
4 36 23
4 37 23
4 38 23
4 39 19
4 40 9
4 41 21
4 42 23
4 43 24
4 44 13
4 45 19
4 46 19
4 47 29
4 48 13
4 49 27
4 50 15
4 51 30
4 52 33
4 53 44
4 54 25
5 1 26
5 2 18
5 3 35
5 4 26
5 5 -1
5 6 31
5 7 6
5 8 28
5 9 22
5 10 29
5 11 32
5 12 40
5 13 40
5 14 34
5 15 21
5 16 22
5 17 12
5 18 13
5 19 33
5 20 35
5 21 19
5 22 14
5 23 37
5 24 21
5 25 7
5 26 28
5 27 15
5 28 33
5 29 13
5 30 10
5 31 20
5 32 26
5 33 23
5 34 36
5 35 32
5 36 5
5 37 41
5 38 29
5 39 31
5 40 27
5 41 23
5 42 3
5 43 2
5 44 22
5 45 22
5 46 25
5 47 27
5 48 24
5 49 9
5 50 16
5 51 27
5 52 12
5 53 19
5 54 19
6 1 20
6 2 14
6 3 4
6 4 6
6 5 31
6 6 -1
6 7 25
6 8 14
6 9 19
6 10 26
6 11 9
6 12 17
6 13 19
6 14 19
6 15 25
6 16 45
6 17 29
6 18 44
6 19 30
6 20 29
6 21 27
6 22 46
6 23 8
6 24 19
6 25 25
6 26 44
6 27 44
6 28 5
6 29 44
6 30 39
6 31 21
6 32 36
6 33 36
6 34 26
6 35 10
6 36 29
6 37 19
6 38 28
6 39 23
6 40 13
6 41 26
6 42 29
6 43 29
6 44 18
6 45 24
6 46 24
6 47 30
6 48 18
6 49 31
6 50 18
6 51 31
6 52 39
6 53 49
6 54 31
7 1 23
7 2 12
7 3 28
7 4 19
7 5 6
7 6 25
7 7 -1
7 8 21
7 9 16
7 10 27
7 11 25
7 12 35
7 13 33
7 14 30
7 15 16
7 16 24
7 17 13
7 18 20
7 19 32
7 20 33
7 21 16
7 22 20
7 23 31
7 24 18
7 25 1
7 26 28
7 27 19
7 28 26
7 29 19
7 30 16
7 31 17
7 32 23
7 33 25
7 34 33
7 35 26
7 36 4
7 37 36
7 38 24
7 39 25
7 40 21
7 41 19
7 42 5
7 43 5
7 44 16
7 45 17
7 46 20
7 47 26
7 48 18
7 49 12
7 50 12
7 51 26
7 52 15
7 53 25
7 54 16
8 1 30
8 2 17
8 3 14
8 4 10
8 5 28
8 6 14
8 7 21
8 8 -1
8 9 8
8 10 36
8 11 6
8 12 31
8 13 12
8 14 31
8 15 13
8 16 35
8 17 31
8 18 41
8 19 41
8 20 40
8 21 16
8 22 41
8 23 13
8 24 27
8 25 21
8 26 32
8 27 36
8 28 10
8 29 41
8 30 38
8 31 28
8 32 23
8 33 42
8 34 38
8 35 23
8 36 23
8 37 33
8 38 14
8 39 8
8 40 1
8 41 13
8 42 26
8 43 26
8 44 7
8 45 12
8 46 11
8 47 39
8 48 6
8 49 32
8 50 22
8 51 39
8 52 31
8 53 47
8 54 20
9 1 30
9 2 16
9 3 21
9 4 14
9 5 22
9 6 19
9 7 16
9 8 8
9 9 -1
9 10 36
9 11 14
9 12 36
9 13 19
9 14 34
9 15 5
9 16 27
9 17 27
9 18 34
9 19 41
9 20 41
9 21 8
9 22 34
9 23 21
9 24 26
9 25 15
9 26 25
9 27 28
9 28 17
9 29 34
9 30 32
9 31 27
9 32 16
9 33 39
9 34 39
9 35 26
9 36 16
9 37 37
9 38 10
9 39 9
9 40 8
9 41 7
9 42 21
9 43 20
9 44 1
9 45 5
9 46 6
9 47 38
9 48 2
9 49 27
9 50 21
9 51 38
9 52 23
9 53 41
9 54 12
10 1 6
10 2 19
10 3 30
10 4 26
10 5 29
10 6 26
10 7 27
10 8 36
10 9 36
10 10 -1
10 11 34
10 12 19
10 13 44
10 14 10
10 15 39
10 16 50
10 17 17
10 18 37
10 19 5
10 20 6
10 21 40
10 22 39
10 23 34
10 24 9
10 25 27
10 26 55
10 27 44
10 28 31
10 29 35
10 30 29
10 31 9
10 32 49
10 33 14
10 34 8
10 35 17
10 36 31
10 37 18
10 38 46
10 39 44
10 40 35
10 41 42
10 42 26
10 43 27
10 44 35
10 45 40
10 46 42
10 47 5
10 48 36
10 49 21
10 50 15
10 51 6
10 52 41
10 53 37
10 54 42
11 1 28
11 2 18
11 3 8
11 4 8
11 5 32
11 6 9
11 7 25
11 8 6
11 9 14
11 10 34
11 11 -1
11 12 26
11 13 10
11 14 28
11 15 19
11 16 41
11 17 33
11 18 45
11 19 39
11 20 38
11 21 22
11 22 46
11 23 7
11 24 26
11 25 25
11 26 38
11 27 41
11 28 5
11 29 45
11 30 41
11 31 27
11 32 29
11 33 42
11 34 35
11 35 19
11 36 28
11 37 28
11 38 20
11 39 14
11 40 6
11 41 19
11 42 30
11 43 30
11 44 13
11 45 18
11 46 17
11 47 38
11 48 12
11 49 34
11 50 23
11 51 38
11 52 36
11 53 51
11 54 26
12 1 16
12 2 23
12 3 18
12 4 21
12 5 40
12 6 17
12 7 35
12 8 31
12 9 36
12 10 19
12 11 26
12 12 -1
12 13 35
12 14 8
12 15 41
12 16 59
12 17 33
12 18 52
12 19 21
12 20 18
12 21 43
12 22 54
12 23 22
12 24 20
12 25 36
12 26 60
12 27 55
12 28 21
12 29 51
12 30 45
12 31 22
12 32 52
12 33 34
12 34 14
12 35 9
12 36 40
12 37 2
12 38 45
12 39 40
12 40 30
12 41 43
12 42 37
12 43 38
12 44 35
12 45 41
12 46 41
12 47 25
12 48 35
12 49 36
12 50 24
12 51 26
12 52 51
12 53 54
12 54 46
13 1 38
13 2 28
13 3 16
13 4 18
13 5 40
13 6 19
13 7 33
13 8 12
13 9 19
13 10 44
13 11 10
13 12 35
13 13 -1
13 14 38
13 15 23
13 16 44
13 17 43
13 18 53
13 19 49
13 20 48
13 21 25
13 22 53
13 23 12
13 24 36
13 25 33
13 26 40
13 27 47
13 28 14
13 29 53
13 30 50
13 31 38
13 32 31
13 33 52
13 34 45
13 35 29
13 36 35
13 37 37
13 38 20
13 39 13
13 40 12
13 41 22
13 42 38
13 43 38
13 44 18
13 45 21
13 46 19
13 47 48
13 48 17
13 49 44
13 50 33
13 51 49
13 52 42
13 53 59
13 54 29
14 1 8
14 2 19
14 3 22
14 4 21
14 5 34
14 6 19
14 7 30
14 8 31
14 9 34
14 10 10
14 11 28
14 12 8
14 13 38
14 14 -1
14 15 38
14 16 54
14 17 25
14 18 44
14 19 13
14 20 10
14 21 40
14 22 46
14 23 26
14 24 12
14 25 30
14 26 56
14 27 49
14 28 24
14 29 43
14 30 37
14 31 14
14 32 49
14 33 25
14 34 7
14 35 9
14 36 34
14 37 8
14 38 44
14 39 40
14 40 30
14 41 41
14 42 31
14 43 32
14 44 33
14 45 38
14 46 40
14 47 16
14 48 34
14 49 28
14 50 17
14 51 17
14 52 45
14 53 46
14 54 43
15 1 34
15 2 20
15 3 26
15 4 19
15 5 21
15 6 25
15 7 16
15 8 13
15 9 5
15 10 39
15 11 19
15 12 41
15 13 23
15 14 38
15 15 -1
15 16 22
15 17 29
15 18 32
15 19 44
15 20 45
15 21 3
15 22 31
15 23 26
15 24 30
15 25 15
15 26 19
15 27 24
15 28 23
15 29 32
15 30 31
15 31 30
15 32 11
15 33 41
15 34 43
15 35 31
15 36 15
15 37 42
15 38 8
15 39 11
15 40 13
15 41 3
15 42 20
15 43 20
15 44 6
15 45 1
15 46 5
15 47 41
15 48 7
15 49 28
15 50 24
15 51 40
15 52 19
15 53 39
15 54 7
16 1 47
16 2 35
16 3 47
16 4 39
16 5 22
16 6 45
16 7 24
16 8 35
16 9 27
16 10 50
16 11 41
16 12 59
16 13 44
16 14 54
16 15 22
16 16 -1
16 17 34
16 18 24
16 19 55
16 20 57
16 21 19
16 22 21
16 23 48
16 24 42
16 25 23
16 26 9
16 27 10
16 28 44
16 29 25
16 30 28
16 31 41
16 32 15
16 33 45
16 34 57
16 35 49
16 36 19
16 37 59
16 38 25
16 39 32
16 40 35
16 41 22
16 42 24
16 43 23
16 44 28
16 45 23
16 46 25
16 47 49
16 48 29
16 49 31
16 50 36
16 51 49
16 52 9
16 53 31
16 54 15
17 1 17
17 2 15
17 3 33
17 4 25
17 5 12
17 6 29
17 7 13
17 8 31
17 9 27
17 10 17
17 11 33
17 12 33
17 13 43
17 14 25
17 15 29
17 16 34
17 17 -1
17 18 19
17 19 22
17 20 24
17 21 29
17 22 22
17 23 36
17 24 13
17 25 14
17 26 40
17 27 26
17 28 32
17 29 18
17 30 12
17 31 11
17 32 36
17 33 12
17 34 25
17 35 25
17 36 15
17 37 33
17 38 37
17 39 37
17 40 30
17 41 32
17 42 9
17 43 11
17 44 28
17 45 30
17 46 33
17 47 15
17 48 29
17 49 3
17 50 10
17 51 14
17 52 25
17 53 21
17 54 29
18 1 36
18 2 30
18 3 48
18 4 39
18 5 13
18 6 44
18 7 20
18 8 41
18 9 34
18 10 37
18 11 45
18 12 52
18 13 53
18 14 44
18 15 32
18 16 24
18 17 19
18 18 -1
18 19 40
18 20 43
18 21 30
18 22 3
18 23 51
18 24 32
18 25 20
18 26 33
18 27 14
18 28 46
18 29 1
18 30 7
18 31 30
18 32 34
18 33 26
18 34 44
18 35 44
18 36 17
18 37 52
18 38 40
18 39 43
18 40 41
18 41 35
18 42 15
18 43 15
18 44 35
18 45 34
18 46 37
18 47 33
18 48 36
18 49 16
18 50 28
18 51 32
18 52 16
18 53 7
18 54 28
19 1 11
19 2 25
19 3 34
19 4 31
19 5 33
19 6 30
19 7 32
19 8 41
19 9 41
19 10 5
19 11 39
19 12 21
19 13 49
19 14 13
19 15 44
19 16 55
19 17 22
19 18 40
19 19 -1
19 20 3
19 21 46
19 22 43
19 23 38
19 24 14
19 25 33
19 26 60
19 27 49
19 28 35
19 29 39
19 30 33
19 31 14
19 32 55
19 33 16
19 34 7
19 35 21
19 36 36
19 37 19
19 38 51
19 39 49
19 40 40
19 41 47
19 42 31
19 43 32
19 44 41
19 45 45
19 46 47
19 47 7
19 48 41
19 49 25
19 50 21
19 51 8
19 52 46
19 53 40
19 54 47
20 1 10
20 2 25
20 3 32
20 4 30
20 5 35
20 6 29
20 7 33
20 8 40
20 9 41
20 10 6
20 11 38
20 12 18
20 13 48
20 14 10
20 15 45
20 16 57
20 17 24
20 18 43
20 19 3
20 20 -1
20 21 46
20 22 46
20 23 36
20 24 15
20 25 34
20 26 61
20 27 50
20 28 34
20 29 41
20 30 35
20 31 15
20 32 55
20 33 19
20 34 4
20 35 19
20 36 37
20 37 16
20 38 51
20 39 49
20 40 39
20 41 47
20 42 32
20 43 34
20 44 41
20 45 45
20 46 47
20 47 10
20 48 41
20 49 27
20 50 21
20 51 11
20 52 48
20 53 42
20 54 48
21 1 35
21 2 21
21 3 29
21 4 21
21 5 19
21 6 27
21 7 16
21 8 16
21 9 8
21 10 40
21 11 22
21 12 43
21 13 25
21 14 40
21 15 3
21 16 19
21 17 29
21 18 30
21 19 46
21 20 46
21 21 -1
21 22 29
21 23 29
21 24 31
21 25 15
21 26 17
21 27 21
21 28 25
21 29 31
21 30 30
21 31 31
21 32 9
21 33 41
21 34 45
21 35 34
21 36 14
21 37 44
21 38 9
21 39 13
21 40 16
21 41 4
21 42 20
21 43 19
21 44 9
21 45 4
21 46 7
21 47 41
21 48 10
21 49 28
21 50 25
21 51 41
21 52 16
21 53 37
21 54 4
22 1 39
22 2 32
22 3 49
22 4 40
22 5 14
22 6 46
22 7 20
22 8 41
22 9 34
22 10 39
22 11 46
22 12 54
22 13 53
22 14 46
22 15 31
22 16 21
22 17 22
22 18 3
22 19 43
22 20 46
22 21 29
22 22 -1
22 23 51
22 24 34
22 25 21
22 26 30
22 27 11
22 28 47
22 29 5
22 30 10
22 31 32
22 32 32
22 33 29
22 34 47
22 35 46
22 36 17
22 37 54
22 38 39
22 39 43
22 40 41
22 41 33
22 42 17
22 43 16
22 44 35
22 45 33
22 46 36
22 47 36
22 48 36
22 49 18
22 50 30
22 51 35
22 52 14
22 53 10
22 54 27
23 1 28
23 2 21
23 3 4
23 4 11
23 5 37
23 6 8
23 7 31
23 8 13
23 9 21
23 10 34
23 11 7
23 12 22
23 13 12
23 14 26
23 15 26
23 16 48
23 17 36
23 18 51
23 19 38
23 20 36
23 21 29
23 22 51
23 23 -1
23 24 27
23 25 30
23 26 45
23 27 48
23 28 4
23 29 50
23 30 46
23 31 29
23 32 37
23 33 44
23 34 33
23 35 17
23 36 34
23 37 24
23 38 27
23 39 20
23 40 13
23 41 27
23 42 35
23 43 35
23 44 20
23 45 25
23 46 24
23 47 38
23 48 19
23 49 38
23 50 26
23 51 39
23 52 43
23 53 55
23 54 33
24 1 5
24 2 10
24 3 23
24 4 17
24 5 21
24 6 19
24 7 18
24 8 27
24 9 26
24 10 9
24 11 26
24 12 20
24 13 36
24 14 12
24 15 30
24 16 42
24 17 13
24 18 32
24 19 14
24 20 15
24 21 31
24 22 34
24 23 27
24 24 -1
24 25 19
24 26 46
24 27 37
24 28 23
24 29 31
24 30 25
24 31 2
24 32 40
24 33 17
24 34 14
24 35 13
24 36 22
24 37 20
24 38 37
24 39 35
24 40 26
24 41 32
24 42 18
24 43 20
24 44 26
24 45 30
24 46 32
24 47 12
24 48 27
24 49 16
24 50 6
24 51 12
24 52 33
24 53 34
24 54 33
25 1 24
25 2 12
25 3 28
25 4 19
25 5 7
25 6 25
25 7 1
25 8 21
25 9 15
25 10 27
25 11 25
25 12 36
25 13 33
25 14 30
25 15 15
25 16 23
25 17 14
25 18 20
25 19 33
25 20 34
25 21 15
25 22 21
25 23 30
25 24 19
25 25 -1
25 26 27
25 27 19
25 28 26
25 29 20
25 30 17
25 31 18
25 32 22
25 33 26
25 34 33
25 35 26
25 36 4
25 37 36
25 38 23
25 39 25
25 40 20
25 41 18
25 42 5
25 43 5
25 44 15
25 45 16
25 46 19
25 47 27
25 48 17
25 49 13
25 50 12
25 51 27
25 52 15
25 53 26
25 54 15
26 1 51
26 2 37
26 3 46
26 4 38
26 5 28
26 6 44
26 7 28
26 8 32
26 9 25
26 10 55
26 11 38
26 12 60
26 13 40
26 14 56
26 15 19
26 16 9
26 17 40
26 18 33
26 19 60
26 20 61
26 21 17
26 22 30
26 23 45
26 24 46
26 25 27
26 26 -1
26 27 19
26 28 42
26 29 34
26 30 36
26 31 45
26 32 9
26 33 52
26 34 60
26 35 50
26 36 24
26 37 61
26 38 20
26 39 27
26 40 32
26 41 18
26 42 30
26 43 29
26 44 26
26 45 20
26 46 21
26 47 55
26 48 26
26 49 38
26 50 39
26 51 54
26 52 17
26 53 40
26 54 13
27 1 42
27 2 31
27 3 47
27 4 38
27 5 15
27 6 44
27 7 19
27 8 36
27 9 28
27 10 44
27 11 41
27 12 55
27 13 47
27 14 49
27 15 24
27 16 10
27 17 26
27 18 14
27 19 49
27 20 50
27 21 21
27 22 11
27 23 48
27 24 37
27 25 19
27 26 19
27 27 -1
27 28 44
27 29 15
27 30 18
27 31 35
27 32 22
27 33 37
27 34 51
27 35 46
27 36 15
27 37 55
27 38 30
27 39 35
27 40 36
27 41 26
27 42 18
27 43 17
27 44 29
27 45 25
27 46 29
27 47 42
27 48 30
27 49 24
27 50 31
27 51 41
27 52 5
27 53 21
27 54 18
28 1 25
28 2 17
28 3 3
28 4 7
28 5 33
28 6 5
28 7 26
28 8 10
28 9 17
28 10 31
28 11 5
28 12 21
28 13 14
28 14 24
28 15 23
28 16 44
28 17 32
28 18 46
28 19 35
28 20 34
28 21 25
28 22 47
28 23 4
28 24 23
28 25 26
28 26 42
28 27 44
28 28 -1
28 29 46
28 30 41
28 31 25
28 32 34
28 33 40
28 34 31
28 35 15
28 36 29
28 37 23
28 38 25
28 39 19
28 40 10
28 41 24
28 42 30
28 43 31
28 44 16
28 45 22
28 46 21
28 47 35
28 48 16
28 49 34
28 50 21
28 51 35
28 52 39
28 53 51
28 54 29
29 1 35
29 2 30
29 3 48
29 4 39
29 5 13
29 6 44
29 7 19
29 8 41
29 9 34
29 10 35
29 11 45
29 12 51
29 13 53
29 14 43
29 15 32
29 16 25
29 17 18
29 18 1
29 19 39
29 20 41
29 21 31
29 22 5
29 23 50
29 24 31
29 25 20
29 26 34
29 27 15
29 28 46
29 29 -1
29 30 6
29 31 29
29 32 34
29 33 25
29 34 43
29 35 43
29 36 17
29 37 51
29 38 40
29 39 43
29 40 40
29 41 35
29 42 15
29 43 14
29 44 35
29 45 34
29 46 37
29 47 32
29 48 36
29 49 15
29 50 27
29 51 31
29 52 17
29 53 6
29 54 29
30 1 29
30 2 25
30 3 43
30 4 34
30 5 10
30 6 39
30 7 16
30 8 38
30 9 32
30 10 29
30 11 41
30 12 45
30 13 50
30 14 37
30 15 31
30 16 28
30 17 12
30 18 7
30 19 33
30 20 35
30 21 30
30 22 10
30 23 46
30 24 25
30 25 17
30 26 36
30 27 18
30 28 41
30 29 6
30 30 -1
30 31 23
30 32 35
30 33 19
30 34 37
30 35 37
30 36 15
30 37 45
30 38 39
30 39 41
30 40 37
30 41 34
30 42 11
30 43 11
30 44 32
30 45 32
30 46 36
30 47 25
30 48 34
30 49 9
30 50 21
30 51 25
30 52 19
30 53 9
30 54 28
31 1 6
31 2 11
31 3 25
31 4 19
31 5 20
31 6 21
31 7 17
31 8 28
31 9 27
31 10 9
31 11 27
31 12 22
31 13 38
31 14 14
31 15 30
31 16 41
31 17 11
31 18 30
31 19 14
31 20 15
31 21 31
31 22 32
31 23 29
31 24 2
31 25 18
31 26 45
31 27 35
31 28 25
31 29 29
31 30 23
31 31 -1
31 32 40
31 33 15
31 34 15
31 35 15
31 36 21
31 37 22
31 38 37
31 39 36
31 40 27
31 41 33
31 42 17
31 43 18
31 44 27
31 45 31
31 46 33
31 47 11
31 48 28
31 49 14
31 50 6
31 51 11
31 52 32
31 53 32
31 54 33
32 1 44
32 2 30
32 3 37
32 4 30
32 5 26
32 6 36
32 7 23
32 8 23
32 9 16
32 10 49
32 11 29
32 12 52
32 13 31
32 14 49
32 15 11
32 16 15
32 17 36
32 18 34
32 19 55
32 20 55
32 21 9
32 22 32
32 23 37
32 24 40
32 25 22
32 26 9
32 27 22
32 28 34
32 29 34
32 30 35
32 31 40
32 32 -1
32 33 48
32 34 54
32 35 43
32 36 21
32 37 53
32 38 11
32 39 18
32 40 23
32 41 9
32 42 27
32 43 26
32 44 17
32 45 11
32 46 12
32 47 50
32 48 17
32 49 35
32 50 34
32 51 49
32 52 17
32 53 41
32 54 7
33 1 18
33 2 24
33 3 40
33 4 34
33 5 23
33 6 36
33 7 25
33 8 42
33 9 39
33 10 14
33 11 42
33 12 34
33 13 52
33 14 25
33 15 41
33 16 45
33 17 12
33 18 26
33 19 16
33 20 19
33 21 41
33 22 29
33 23 44
33 24 17
33 25 26
33 26 52
33 27 37
33 28 40
33 29 25
33 30 19
33 31 15
33 32 48
33 33 -1
33 34 22
33 35 29
33 36 27
33 37 33
33 38 49
33 39 48
33 40 41
33 41 44
33 42 21
33 43 23
33 44 39
33 45 42
33 46 45
33 47 9
33 48 40
33 49 13
33 50 19
33 51 8
33 52 36
33 53 24
33 54 41
34 1 9
34 2 23
34 3 29
34 4 27
34 5 36
34 6 26
34 7 33
34 8 38
34 9 39
34 10 8
34 11 35
34 12 14
34 13 45
34 14 7
34 15 43
34 16 57
34 17 25
34 18 44
34 19 7
34 20 4
34 21 45
34 22 47
34 23 33
34 24 14
34 25 33
34 26 60
34 27 51
34 28 31
34 29 43
34 30 37
34 31 15
34 32 54
34 33 22
34 34 -1
34 35 16
34 36 37
34 37 12
34 38 50
34 39 46
34 40 37
34 41 46
34 42 33
34 43 34
34 44 39
34 45 44
34 46 46
34 47 13
34 48 39
34 49 28
34 50 21
34 51 14
34 52 48
34 53 45
34 54 47
35 1 12
35 2 14
35 3 13
35 4 13
35 5 32
35 6 10
35 7 26
35 8 23
35 9 26
35 10 17
35 11 19
35 12 9
35 13 29
35 14 9
35 15 31
35 16 49
35 17 25
35 18 44
35 19 21
35 20 19
35 21 34
35 22 46
35 23 17
35 24 13
35 25 26
35 26 50
35 27 46
35 28 15
35 29 43
35 30 37
35 31 15
35 32 43
35 33 29
35 34 16
35 35 -1
35 36 31
35 37 10
35 38 36
35 39 32
35 40 22
35 41 33
35 42 29
35 43 30
35 44 26
35 45 31
35 46 32
35 47 22
35 48 26
35 49 28
35 50 16
35 51 23
35 52 42
35 53 47
35 54 37
36 1 27
36 2 16
36 3 32
36 4 23
36 5 5
36 6 29
36 7 4
36 8 23
36 9 16
36 10 31
36 11 28
36 12 40
36 13 35
36 14 34
36 15 15
36 16 19
36 17 15
36 18 17
36 19 36
36 20 37
36 21 14
36 22 17
36 23 34
36 24 22
36 25 4
36 26 24
36 27 15
36 28 29
36 29 17
36 30 15
36 31 21
36 32 21
36 33 27
36 34 37
36 35 31
36 36 -1
36 37 40
36 38 23
36 39 26
36 40 23
36 41 18
36 42 6
36 43 5
36 44 17
36 45 17
36 46 20
36 47 30
36 48 19
36 49 14
36 50 16
36 51 30
36 52 11
36 53 24
36 54 14
37 1 16
37 2 24
37 3 20
37 4 23
37 5 41
37 6 19
37 7 36
37 8 33
37 9 37
37 10 18
37 11 28
37 12 2
37 13 37
37 14 8
37 15 42
37 16 59
37 17 33
37 18 52
37 19 19
37 20 16
37 21 44
37 22 54
37 23 24
37 24 20
37 25 36
37 26 61
37 27 55
37 28 23
37 29 51
37 30 45
37 31 22
37 32 53
37 33 33
37 34 12
37 35 10
37 36 40
37 37 -1
37 38 47
37 39 42
37 40 32
37 41 44
37 42 38
37 43 39
37 44 36
37 45 42
37 46 43
37 47 24
37 48 36
37 49 36
37 50 24
37 51 25
37 52 52
37 53 54
37 54 47
38 1 41
38 2 26
38 3 28
38 4 23
38 5 29
38 6 28
38 7 24
38 8 14
38 9 10
38 10 46
38 11 20
38 12 45
38 13 20
38 14 44
38 15 8
38 16 25
38 17 37
38 18 40
38 19 51
38 20 51
38 21 9
38 22 39
38 23 27
38 24 37
38 25 23
38 26 20
38 27 30
38 28 25
38 29 40
38 30 39
38 31 37
38 32 11
38 33 49
38 34 50
38 35 36
38 36 23
38 37 47
38 38 -1
38 39 7
38 40 14
38 41 5
38 42 29
38 43 28
38 44 10
38 45 7
38 46 4
38 47 48
38 48 10
38 49 36
38 50 31
38 51 48
38 52 25
38 53 47
38 54 12
39 1 38
39 2 25
39 3 22
39 4 19
39 5 31
39 6 23
39 7 25
39 8 8
39 9 9
39 10 44
39 11 14
39 12 40
39 13 13
39 14 40
39 15 11
39 16 32
39 17 37
39 18 43
39 19 49
39 20 49
39 21 13
39 22 43
39 23 20
39 24 35
39 25 25
39 26 27
39 27 35
39 28 19
39 29 43
39 30 41
39 31 36
39 32 18
39 33 48
39 34 46
39 35 32
39 36 26
39 37 42
39 38 7
39 39 -1
39 40 9
39 41 9
39 42 30
39 43 30
39 44 9
39 45 10
39 46 6
39 47 47
39 48 8
39 49 37
39 50 30
39 51 47
39 52 30
39 53 50
39 54 17
40 1 29
40 2 16
40 3 13
40 4 9
40 5 27
40 6 13
40 7 21
40 8 1
40 9 8
40 10 35
40 11 6
40 12 30
40 13 12
40 14 30
40 15 13
40 16 35
40 17 30
40 18 41
40 19 40
40 20 39
40 21 16
40 22 41
40 23 13
40 24 26
40 25 20
40 26 32
40 27 36
40 28 10
40 29 40
40 30 37
40 31 27
40 32 23
40 33 41
40 34 37
40 35 22
40 36 23
40 37 32
40 38 14
40 39 9
40 40 -1
40 41 13
40 42 26
40 43 26
40 44 7
40 45 12
40 46 11
40 47 38
40 48 6
40 49 31
40 50 21
40 51 38
40 52 30
40 53 46
40 54 20
41 1 37
41 2 22
41 3 27
41 4 21
41 5 23
41 6 26
41 7 19
41 8 13
41 9 7
41 10 42
41 11 19
41 12 43
41 13 22
41 14 41
41 15 3
41 16 22
41 17 32
41 18 35
41 19 47
41 20 47
41 21 4
41 22 33
41 23 27
41 24 32
41 25 18
41 26 18
41 27 26
41 28 24
41 29 35
41 30 34
41 31 33
41 32 9
41 33 44
41 34 46
41 35 33
41 36 18
41 37 44
41 38 5
41 39 9
41 40 13
41 41 -1
41 42 23
41 43 23
41 44 7
41 45 2
41 46 3
41 47 43
41 48 8
41 49 31
41 50 26
41 51 43
41 52 20
41 53 41
41 54 7
42 1 23
42 2 15
42 3 32
42 4 23
42 5 3
42 6 29
42 7 5
42 8 26
42 9 21
42 10 26
42 11 30
42 12 37
42 13 38
42 14 31
42 15 20
42 16 24
42 17 9
42 18 15
42 19 31
42 20 32
42 21 20
42 22 17
42 23 35
42 24 18
42 25 5
42 26 30
42 27 18
42 28 30
42 29 15
42 30 11
42 31 17
42 32 27
42 33 21
42 34 33
42 35 29
42 36 6
42 37 38
42 38 29
42 39 30
42 40 26
42 41 23
42 42 -1
42 43 1
42 44 21
42 45 22
42 46 25
42 47 25
42 48 23
42 49 8
42 50 13
42 51 24
42 52 15
42 53 20
42 54 20
43 1 25
43 2 16
43 3 33
43 4 24
43 5 2
43 6 29
43 7 5
43 8 26
43 9 20
43 10 27
43 11 30
43 12 38
43 13 38
43 14 32
43 15 20
43 16 23
43 17 11
43 18 15
43 19 32
43 20 34
43 21 19
43 22 16
43 23 35
43 24 20
43 25 5
43 26 29
43 27 17
43 28 31
43 29 14
43 30 11
43 31 18
43 32 26
43 33 23
43 34 34
43 35 30
43 36 5
43 37 39
43 38 28
43 39 30
43 40 26
43 41 23
43 42 1
43 43 -1
43 44 21
43 45 21
43 46 25
43 47 26
43 48 22
43 49 9
43 50 14
43 51 25
43 52 14
43 53 20
43 54 19
44 1 30
44 2 16
44 3 20
44 4 13
44 5 22
44 6 18
44 7 16
44 8 7
44 9 1
44 10 35
44 11 13
44 12 35
44 13 18
44 14 33
44 15 6
44 16 28
44 17 28
44 18 35
44 19 41
44 20 41
44 21 9
44 22 35
44 23 20
44 24 26
44 25 15
44 26 26
44 27 29
44 28 16
44 29 35
44 30 32
44 31 27
44 32 17
44 33 39
44 34 39
44 35 26
44 36 17
44 37 36
44 38 10
44 39 9
44 40 7
44 41 7
44 42 21
44 43 21
44 44 -1
44 45 5
44 46 6
44 47 38
44 48 1
44 49 28
44 50 21
44 51 38
44 52 24
44 53 41
44 54 13
45 1 34
45 2 20
45 3 26
45 4 19
45 5 22
45 6 24
45 7 17
45 8 12
45 9 5
45 10 40
45 11 18
45 12 41
45 13 21
45 14 38
45 15 1
45 16 23
45 17 30
45 18 34
45 19 45
45 20 45
45 21 4
45 22 33
45 23 25
45 24 30
45 25 16
45 26 20
45 27 25
45 28 22
45 29 34
45 30 32
45 31 31
45 32 11
45 33 42
45 34 44
45 35 31
45 36 17
45 37 42
45 38 7
45 39 10
45 40 12
45 41 2
45 42 22
45 43 21
45 44 5
45 45 -1
45 46 3
45 47 41
45 48 6
45 49 29
45 50 24
45 51 41
45 52 20
45 53 40
45 54 8
46 1 37
46 2 22
46 3 25
46 4 19
46 5 25
46 6 24
46 7 20
46 8 11
46 9 6
46 10 42
46 11 17
46 12 41
46 13 19
46 14 40
46 15 5
46 16 25
46 17 33
46 18 37
46 19 47
46 20 47
46 21 7
46 22 36
46 23 24
46 24 32
46 25 19
46 26 21
46 27 29
46 28 21
46 29 37
46 30 36
46 31 33
46 32 12
46 33 45
46 34 46
46 35 32
46 36 20
46 37 43
46 38 4
46 39 6
46 40 11
46 41 3
46 42 25
46 43 25
46 44 6
46 45 3
46 46 -1
46 47 44
46 48 6
46 49 32
46 50 27
46 51 44
46 52 23
46 53 44
46 54 10
47 1 10
47 2 22
47 3 34
47 4 29
47 5 27
47 6 30
47 7 26
47 8 39
47 9 38
47 10 5
47 11 38
47 12 25
47 13 48
47 14 16
47 15 41
47 16 49
47 17 15
47 18 33
47 19 7
47 20 10
47 21 41
47 22 36
47 23 38
47 24 12
47 25 27
47 26 55
47 27 42
47 28 35
47 29 32
47 30 25
47 31 11
47 32 50
47 33 9
47 34 13
47 35 22
47 36 30
47 37 24
47 38 48
47 39 47
47 40 38
47 41 43
47 42 25
47 43 26
47 44 38
47 45 41
47 46 44
47 47 -1
47 48 39
47 49 18
47 50 17
47 51 1
47 52 40
47 53 32
47 54 43
48 1 31
48 2 17
48 3 19
48 4 13
48 5 24
48 6 18
48 7 18
48 8 6
48 9 2
48 10 36
48 11 12
48 12 35
48 13 17
48 14 34
48 15 7
48 16 29
48 17 29
48 18 36
48 19 41
48 20 41
48 21 10
48 22 36
48 23 19
48 24 27
48 25 17
48 26 26
48 27 30
48 28 16
48 29 36
48 30 34
48 31 28
48 32 17
48 33 40
48 34 39
48 35 26
48 36 19
48 37 36
48 38 10
48 39 8
48 40 6
48 41 8
48 42 23
48 43 22
48 44 1
48 45 6
48 46 6
48 47 39
48 48 -1
48 49 29
48 50 22
48 51 39
48 52 25
48 53 43
48 54 14
49 1 20
49 2 17
49 3 35
49 4 27
49 5 9
49 6 31
49 7 12
49 8 32
49 9 27
49 10 21
49 11 34
49 12 36
49 13 44
49 14 28
49 15 28
49 16 31
49 17 3
49 18 16
49 19 25
49 20 27
49 21 28
49 22 18
49 23 38
49 24 16
49 25 13
49 26 38
49 27 24
49 28 34
49 29 15
49 30 9
49 31 14
49 32 35
49 33 13
49 34 28
49 35 28
49 36 14
49 37 36
49 38 36
49 39 37
49 40 31
49 41 31
49 42 8
49 43 9
49 44 28
49 45 29
49 46 32
49 47 18
49 48 29
49 49 -1
49 50 13
49 51 17
49 52 22
49 53 18
49 54 28
50 1 11
50 2 5
50 3 22
50 4 15
50 5 16
50 6 18
50 7 12
50 8 22
50 9 21
50 10 15
50 11 23
50 12 24
50 13 33
50 14 17
50 15 24
50 16 36
50 17 10
50 18 28
50 19 21
50 20 21
50 21 25
50 22 30
50 23 26
50 24 6
50 25 12
50 26 39
50 27 31
50 28 21
50 29 27
50 30 21
50 31 6
50 32 34
50 33 19
50 34 21
50 35 16
50 36 16
50 37 24
50 38 31
50 39 30
50 40 21
50 41 26
50 42 13
50 43 14
50 44 21
50 45 24
50 46 27
50 47 17
50 48 22
50 49 13
50 50 -1
50 51 17
50 52 27
50 53 31
50 54 26
51 1 11
51 2 22
51 3 35
51 4 30
51 5 27
51 6 31
51 7 26
51 8 39
51 9 38
51 10 6
51 11 38
51 12 26
51 13 49
51 14 17
51 15 40
51 16 49
51 17 14
51 18 32
51 19 8
51 20 11
51 21 41
51 22 35
51 23 39
51 24 12
51 25 27
51 26 54
51 27 41
51 28 35
51 29 31
51 30 25
51 31 11
51 32 49
51 33 8
51 34 14
51 35 23
51 36 30
51 37 25
51 38 48
51 39 47
51 40 38
51 41 43
51 42 24
51 43 25
51 44 38
51 45 41
51 46 44
51 47 1
51 48 39
51 49 17
51 50 17
51 51 -1
51 52 39
51 53 32
51 54 42
52 1 38
52 2 27
52 3 42
52 4 33
52 5 12
52 6 39
52 7 15
52 8 31
52 9 23
52 10 41
52 11 36
52 12 51
52 13 42
52 14 45
52 15 19
52 16 9
52 17 25
52 18 16
52 19 46
52 20 48
52 21 16
52 22 14
52 23 43
52 24 33
52 25 15
52 26 17
52 27 5
52 28 39
52 29 17
52 30 19
52 31 32
52 32 17
52 33 36
52 34 48
52 35 42
52 36 11
52 37 52
52 38 25
52 39 30
52 40 30
52 41 20
52 42 15
52 43 14
52 44 24
52 45 20
52 46 23
52 47 40
52 48 25
52 49 22
52 50 27
52 51 39
52 52 -1
52 53 23
52 54 13
53 1 38
53 2 34
53 3 53
53 4 44
53 5 19
53 6 49
53 7 25
53 8 47
53 9 41
53 10 37
53 11 51
53 12 54
53 13 59
53 14 46
53 15 39
53 16 31
53 17 21
53 18 7
53 19 40
53 20 42
53 21 37
53 22 10
53 23 55
53 24 34
53 25 26
53 26 40
53 27 21
53 28 51
53 29 6
53 30 9
53 31 32
53 32 41
53 33 24
53 34 45
53 35 47
53 36 24
53 37 54
53 38 47
53 39 50
53 40 46
53 41 41
53 42 20
53 43 20
53 44 41
53 45 40
53 46 44
53 47 32
53 48 43
53 49 18
53 50 31
53 51 32
53 52 23
53 53 -1
53 54 35
54 1 38
54 2 24
54 3 33
54 4 25
54 5 19
54 6 31
54 7 16
54 8 20
54 9 12
54 10 42
54 11 26
54 12 46
54 13 29
54 14 43
54 15 7
54 16 15
54 17 29
54 18 28
54 19 47
54 20 48
54 21 4
54 22 27
54 23 33
54 24 33
54 25 15
54 26 13
54 27 18
54 28 29
54 29 29
54 30 28
54 31 33
54 32 7
54 33 41
54 34 47
54 35 37
54 36 14
54 37 47
54 38 12
54 39 17
54 40 20
54 41 7
54 42 20
54 43 19
54 44 13
54 45 8
54 46 10
54 47 43
54 48 14
54 49 28
54 50 26
54 51 42
54 52 13
54 53 35
54 54 -1
