1 1 16
1 2 80
1 3 70
1 4 86
1 5 82
1 6 39
1 7 6
1 8 11
1 9 62
1 10 36
2 1 38
2 2 31
2 3 86
2 4 86
2 5 41
2 6 43
2 7 99
2 8 36
2 9 55
2 10 33
3 1 68
3 2 95
3 3 73
3 4 75
3 5 32
3 6 11
3 7 63
3 8 57
3 9 62
3 10 74
4 1 94
4 2 24
4 3 89
4 4 95
4 5 53
4 6 5
4 7 32
4 8 40
4 9 4
4 10 98
5 1 10
5 2 20
5 3 38
5 4 7
5 5 47
5 6 91
5 7 29
5 8 43
5 9 54
5 10 74
6 1 9
6 2 12
6 3 75
6 4 28
6 5 69
6 6 32
6 7 36
6 8 52
6 9 92
6 10 59
7 1 100
7 2 2
7 3 94
7 4 37
7 5 32
7 6 65
7 7 67
7 8 51
7 9 62
7 10 94
8 1 9
8 2 19
8 3 2
8 4 81
8 5 30
8 6 87
8 7 97
8 8 93
8 9 69
8 10 68
9 1 15
9 2 79
9 3 35
9 4 59
9 5 27
9 6 7
9 7 54
9 8 41
9 9 82
9 10 89
10 1 34
10 2 93
10 3 7
10 4 75
10 5 97
10 6 52
10 7 47
10 8 96
10 9 6
10 10 47
