1 1 -1
1 2 21
1 3 47
1 4 18
1 5 48
1 6 48
1 7 6
1 8 39
1 9 24
1 10 17
1 11 7
1 12 14
1 13 4
1 14 41
1 15 22
1 16 44
1 17 43
1 18 21
1 19 8
1 20 28
1 21 27
1 22 39
1 23 32
1 24 36
1 25 20
1 26 43
1 27 10
1 28 56
1 29 28
1 30 42
1 31 17
1 32 35
1 33 27
1 34 39
1 35 17
1 36 39
1 37 33
1 38 14
1 39 30
1 40 10
1 41 25
1 42 46
1 43 49
1 44 36
1 45 41
1 46 18
1 47 9
1 48 13
1 49 32
1 50 24
1 51 40
1 52 52
1 53 26
1 54 32
1 55 7
1 56 39
1 57 22
1 58 35
1 59 19
1 60 11
1 61 19
1 62 31
2 1 21
2 2 -1
2 3 36
2 4 3
2 5 29
2 6 37
2 7 25
2 8 30
2 9 3
2 10 5
2 11 28
2 12 34
2 13 26
2 14 21
2 15 20
2 16 28
2 17 33
2 18 14
2 19 15
2 20 8
2 21 30
2 22 19
2 23 19
2 24 15
2 25 11
2 26 21
2 27 32
2 28 34
2 29 10
2 30 26
2 31 10
2 32 13
2 33 25
2 34 26
2 35 23
2 36 23
2 37 14
2 38 10
2 39 34
2 40 15
2 41 13
2 42 30
2 43 27
2 44 23
2 45 35
2 46 29
2 47 28
2 48 13
2 49 26
2 50 10
2 51 21
2 52 32
2 53 11
2 54 30
2 55 25
2 56 31
2 57 3
2 58 31
2 59 25
2 60 12
2 61 13
2 62 12
3 1 47
3 2 36
3 3 -1
3 4 35
3 5 19
3 6 2
3 7 45
3 8 8
3 9 34
3 10 38
3 11 47
3 12 49
3 13 50
3 14 48
3 15 56
3 16 58
3 17 3
3 18 50
3 19 39
3 20 30
3 21 25
3 22 26
3 23 17
3 24 42
3 25 28
3 26 44
3 27 55
3 28 46
3 29 43
3 30 57
3 31 45
3 32 32
3 33 21
3 34 10
3 35 57
3 36 14
3 37 24
3 38 34
3 39 70
3 40 47
3 41 23
3 42 12
3 43 37
3 44 13
3 45 71
3 46 62
3 47 46
3 48 46
3 49 63
3 50 26
3 51 19
3 52 56
3 53 24
3 54 66
3 55 53
3 56 66
3 57 32
3 58 14
3 59 59
3 60 44
3 61 28
3 62 25
4 1 18
4 2 3
4 3 35
4 4 -1
4 5 30
4 6 36
4 7 22
4 8 29
4 9 5
4 10 3
4 11 24
4 12 30
4 13 23
4 14 25
4 15 21
4 16 31
4 17 32
4 18 15
4 19 12
4 20 10
4 21 27
4 22 21
4 23 18
4 24 19
4 25 8
4 26 25
4 27 29
4 28 38
4 29 13
4 30 29
4 31 10
4 32 16
4 33 22
4 34 25
4 35 22
4 36 23
4 37 15
4 38 7
4 39 34
4 40 13
4 41 12
4 42 30
4 43 30
4 44 22
4 45 37
4 46 28
4 47 25
4 48 12
4 49 28
4 50 9
4 51 22
4 52 36
4 53 10
4 54 31
4 55 23
4 56 33
4 57 4
4 58 29
4 59 24
4 60 10
4 61 10
4 62 13
5 1 48
5 2 29
5 3 19
5 4 30
5 5 -1
5 6 19
5 7 49
5 8 22
5 9 26
5 10 33
5 11 51
5 12 55
5 13 52
5 14 33
5 15 49
5 16 43
5 17 19
5 18 42
5 19 40
5 20 21
5 21 36
5 22 11
5 23 17
5 24 27
5 25 28
5 26 28
5 27 58
5 28 27
5 29 33
5 30 42
5 31 39
5 32 19
5 33 30
5 34 14
5 35 52
5 36 10
5 37 15
5 38 34
5 39 62
5 40 43
5 41 23
5 42 7
5 43 18
5 44 14
5 45 60
5 46 58
5 47 50
5 48 42
5 49 52
5 50 24
5 51 8
5 52 38
5 53 22
5 54 57
5 55 53
5 56 54
5 57 26
5 58 28
5 59 54
5 60 40
5 61 29
5 62 17
6 1 48
6 2 37
6 3 2
6 4 36
6 5 19
6 6 -1
6 7 47
6 8 10
6 9 35
6 10 40
6 11 49
6 12 51
6 13 52
6 14 49
6 15 57
6 16 59
6 17 5
6 18 51
6 19 41
6 20 31
6 21 27
6 22 26
6 23 18
6 24 42
6 25 30
6 26 45
6 27 57
6 28 46
6 29 44
6 30 57
6 31 47
6 32 33
6 33 23
6 34 11
6 35 59
6 36 15
6 37 25
6 38 36
6 39 71
6 40 48
6 41 25
6 42 12
6 43 37
6 44 14
6 45 72
6 46 64
6 47 48
6 48 48
6 49 64
6 50 27
6 51 19
6 52 56
6 53 26
6 54 68
6 55 55
6 56 67
6 57 33
6 58 16
6 59 61
6 60 45
6 61 30
6 62 26
7 1 6
7 2 25
7 3 45
7 4 22
7 5 49
7 6 47
7 7 -1
7 8 37
7 9 28
7 10 21
7 11 2
7 12 8
7 13 5
7 14 46
7 15 28
7 16 50
7 17 42
7 18 27
7 19 10
7 20 31
7 21 24
7 22 42
7 23 33
7 24 41
7 25 21
7 26 47
7 27 9
7 28 60
7 29 33
7 30 48
7 31 23
7 32 38
7 33 25
7 34 39
7 35 23
7 36 40
7 37 35
7 38 16
7 39 36
7 40 16
7 41 26
7 42 47
7 43 52
7 44 37
7 45 47
7 46 24
7 47 3
7 48 18
7 49 38
7 50 25
7 51 41
7 52 57
7 53 27
7 54 38
7 55 11
7 56 45
7 57 25
7 58 33
7 59 25
7 60 16
7 61 20
7 62 33
8 1 39
8 2 30
8 3 8
8 4 29
8 5 22
8 6 10
8 7 37
8 8 -1
8 9 29
8 10 32
8 11 39
8 12 41
8 13 42
8 14 46
8 15 50
8 16 55
8 17 5
8 18 44
8 19 31
8 20 25
8 21 17
8 22 25
8 23 12
8 24 39
8 25 21
8 26 43
8 27 47
8 28 47
8 29 39
8 30 54
8 31 40
8 32 30
8 33 13
8 34 8
8 35 50
8 36 13
8 37 21
8 38 27
8 39 63
8 40 40
8 41 17
8 42 15
8 43 37
8 44 10
8 45 66
8 46 55
8 47 38
8 48 40
8 49 57
8 50 20
8 51 18
8 52 55
8 53 19
8 54 61
8 55 46
8 56 61
8 57 27
8 58 6
8 59 53
8 60 37
8 61 21
8 62 22
9 1 24
9 2 3
9 3 34
9 4 5
9 5 26
9 6 35
9 7 28
9 8 29
9 9 -1
9 10 8
9 11 30
9 12 36
9 13 28
9 14 20
9 15 23
9 16 28
9 17 31
9 18 16
9 19 18
9 20 5
9 21 30
9 22 16
9 23 17
9 24 13
9 25 11
9 26 20
9 27 35
9 28 32
9 29 10
9 30 26
9 31 13
9 32 10
9 33 25
9 34 24
9 35 26
9 36 21
9 37 11
9 38 12
9 39 36
9 40 18
9 41 13
9 42 28
9 43 24
9 44 21
9 45 37
9 46 32
9 47 30
9 48 16
9 49 28
9 50 10
9 51 19
9 52 31
9 53 10
9 54 32
9 55 28
9 56 32
9 57 3
9 58 30
9 59 27
9 60 15
9 61 13
9 62 9
10 1 17
10 2 5
10 3 38
10 4 3
10 5 33
10 6 40
10 7 21
10 8 32
10 9 8
10 10 -1
10 11 23
10 12 29
10 13 21
10 14 25
10 15 17
10 16 30
10 17 36
10 18 12
10 19 11
10 20 13
10 21 29
10 22 24
10 23 22
10 24 19
10 25 11
10 26 26
10 27 27
10 28 39
10 29 12
10 30 28
10 31 7
10 32 18
10 33 25
10 34 29
10 35 19
10 36 27
10 37 18
10 38 8
10 39 31
10 40 10
10 41 15
10 42 34
10 43 32
10 44 26
10 45 34
10 46 24
10 47 24
10 48 8
10 49 25
10 50 12
10 51 26
10 52 36
10 53 14
10 54 28
10 55 20
10 56 30
10 57 7
10 58 32
10 59 21
10 60 7
10 61 12
10 62 16
11 1 7
11 2 28
11 3 47
11 4 24
11 5 51
11 6 49
11 7 2
11 8 39
11 9 30
11 10 23
11 11 -1
11 12 6
11 13 6
11 14 48
11 15 29
11 16 52
11 17 44
11 18 29
11 19 12
11 20 34
11 21 25
11 22 44
11 23 35
11 24 43
11 25 23
11 26 49
11 27 7
11 28 62
11 29 35
11 30 49
11 31 25
11 32 40
11 33 26
11 34 41
11 35 24
11 36 42
11 37 37
11 38 18
11 39 37
11 40 17
11 41 28
11 42 49
11 43 55
11 44 39
11 45 48
11 46 24
11 47 2
11 48 20
11 49 40
11 50 27
11 51 43
11 52 59
11 53 29
11 54 39
11 55 12
11 56 46
11 57 28
11 58 34
11 59 26
11 60 18
11 61 22
11 62 35
12 1 14
12 2 34
12 3 49
12 4 30
12 5 55
12 6 51
12 7 8
12 8 41
12 9 36
12 10 29
12 11 6
12 12 -1
12 13 12
12 14 54
12 15 36
12 16 58
12 17 46
12 18 35
12 19 18
12 20 39
12 21 25
12 22 49
12 23 38
12 24 49
12 25 28
12 26 55
12 27 9
12 28 68
12 29 41
12 30 56
12 31 31
12 32 46
12 33 28
12 34 44
12 35 30
12 36 45
12 37 42
12 38 23
12 39 43
12 40 24
12 41 32
12 42 52
12 43 60
12 44 42
12 45 54
12 46 30
12 47 5
12 48 27
12 49 46
12 50 32
12 51 47
12 52 65
12 53 34
12 54 45
12 55 18
12 56 53
12 57 33
12 58 35
12 59 32
12 60 25
12 61 26
12 62 40
13 1 4
13 2 26
13 3 50
13 4 23
13 5 52
13 6 52
13 7 5
13 8 42
13 9 28
13 10 21
13 11 6
13 12 12
13 13 -1
13 14 44
13 15 24
13 16 47
13 17 47
13 18 24
13 19 12
13 20 32
13 21 29
13 22 43
13 23 36
13 24 40
13 25 24
13 26 46
13 27 6
13 28 60
13 29 32
13 30 45
13 31 21
13 32 39
13 33 30
13 34 42
13 35 18
13 36 43
13 37 37
13 38 18
13 39 31
13 40 13
13 41 29
13 42 50
13 43 53
13 44 40
13 45 42
13 46 18
13 47 8
13 48 16
13 49 34
13 50 28
13 51 44
13 52 55
13 53 30
13 54 33
13 55 6
13 56 41
13 57 26
13 58 38
13 59 20
13 60 15
13 61 23
13 62 35
14 1 41
14 2 21
14 3 48
14 4 25
14 5 33
14 6 49
14 7 46
14 8 46
14 9 20
14 10 25
14 11 48
14 12 54
14 13 44
14 14 -1
14 15 26
14 16 10
14 17 47
14 18 21
14 19 36
14 20 21
14 21 50
14 22 22
14 23 34
14 24 7
14 25 31
14 26 5
14 27 51
14 28 20
14 29 12
14 30 9
14 31 23
14 32 16
14 33 44
14 34 38
14 35 33
14 36 34
14 37 25
14 38 32
14 39 37
14 40 31
14 41 32
14 42 38
14 43 18
14 44 36
14 45 29
14 46 39
14 47 48
14 48 28
14 49 24
14 50 29
14 51 29
14 52 11
14 53 29
14 54 30
14 55 41
14 56 23
14 57 23
14 58 49
14 59 34
14 60 29
14 61 33
14 62 24
15 1 22
15 2 20
15 3 56
15 4 21
15 5 49
15 6 57
15 7 28
15 8 50
15 9 23
15 10 17
15 11 29
15 12 36
15 13 24
15 14 26
15 15 -1
15 16 25
15 17 53
15 18 6
15 19 23
15 20 28
15 21 45
15 22 38
15 23 39
15 24 26
15 25 28
15 26 31
15 27 29
15 28 46
15 29 17
15 30 23
15 31 10
15 32 30
15 33 42
15 34 46
15 35 7
15 36 44
15 37 34
15 38 24
15 39 13
15 40 13
15 41 33
15 42 51
15 43 42
15 44 43
15 45 19
15 46 13
15 47 31
15 48 11
15 49 10
15 50 30
15 51 42
15 52 36
15 53 31
15 54 10
15 55 19
15 56 16
15 57 24
15 58 49
15 59 7
15 60 14
15 61 30
15 62 32
16 1 44
16 2 28
16 3 58
16 4 31
16 5 43
16 6 59
16 7 50
16 8 55
16 9 28
16 10 30
16 11 52
16 12 58
16 13 47
16 14 10
16 15 25
16 16 -1
16 17 57
16 18 23
16 19 41
16 20 30
16 21 58
16 22 33
16 23 43
16 24 16
16 25 39
16 26 15
16 27 53
16 28 26
16 29 18
16 30 2
16 31 26
16 32 26
16 33 53
16 34 48
16 35 33
16 36 44
16 37 34
16 38 38
16 39 32
16 40 34
16 41 41
16 42 48
16 43 28
16 44 46
16 45 21
16 46 38
16 47 53
16 48 31
16 49 19
16 50 38
16 51 39
16 52 12
16 53 38
16 54 25
16 55 43
16 56 16
16 57 31
16 58 58
16 59 33
16 60 33
16 61 41
16 62 33
17 1 43
17 2 33
17 3 3
17 4 32
17 5 19
17 6 5
17 7 42
17 8 5
17 9 31
17 10 36
17 11 44
17 12 46
17 13 47
17 14 47
17 15 53
17 16 57
17 17 -1
17 18 47
17 19 36
17 20 27
17 21 22
17 22 25
17 23 14
17 24 40
17 25 25
17 26 43
17 27 51
17 28 46
17 29 41
17 30 55
17 31 43
17 32 30
17 33 18
17 34 8
17 35 54
17 36 13
17 37 22
17 38 31
17 39 67
17 40 44
17 41 20
17 42 12
17 43 36
17 44 10
17 45 69
17 46 59
17 47 42
17 48 43
17 49 60
17 50 23
17 51 18
17 52 55
17 53 22
17 54 64
17 55 50
17 56 64
17 57 30
17 58 11
17 59 56
17 60 41
17 61 25
17 62 23
18 1 21
18 2 14
18 3 50
18 4 15
18 5 42
18 6 51
18 7 27
18 8 44
18 9 16
18 10 12
18 11 29
18 12 35
18 13 24
18 14 21
18 15 6
18 16 23
18 17 47
18 18 -1
18 19 20
18 20 21
18 21 40
18 22 31
18 23 33
18 24 20
18 25 23
18 26 25
18 27 30
18 28 40
18 29 11
18 30 21
18 31 5
18 32 24
18 33 37
18 34 40
18 35 12
18 36 37
18 37 28
18 38 19
18 39 20
18 40 11
18 41 27
18 42 44
18 43 36
18 44 37
18 45 22
18 46 18
18 47 30
18 48 8
18 49 13
18 50 24
18 51 35
18 52 32
18 53 25
18 54 16
18 55 20
18 56 19
18 57 17
18 58 44
18 59 13
18 60 11
18 61 24
18 62 25
19 1 8
19 2 15
19 3 39
19 4 12
19 5 40
19 6 41
19 7 10
19 8 31
19 9 18
19 10 11
19 11 12
19 12 18
19 13 12
19 14 36
19 15 23
19 16 41
19 17 36
19 18 20
19 19 -1
19 20 21
19 21 22
19 22 32
19 23 24
19 24 31
19 25 12
19 26 37
19 27 18
19 28 50
19 29 23
19 30 39
19 31 15
19 32 28
19 33 20
19 34 31
19 35 20
19 36 31
19 37 25
19 38 6
19 39 34
19 40 10
19 41 17
19 42 38
19 43 42
19 44 28
19 45 42
19 46 24
19 47 12
19 48 12
19 49 33
19 50 16
19 51 32
19 52 47
19 53 18
19 54 33
19 55 14
19 56 39
19 57 15
19 58 29
19 59 22
19 60 9
19 61 11
19 62 23
20 1 28
20 2 8
20 3 30
20 4 10
20 5 21
20 6 31
20 7 31
20 8 25
20 9 5
20 10 13
20 11 34
20 12 39
20 13 32
20 14 21
20 15 28
20 16 30
20 17 27
20 18 21
20 19 21
20 20 -1
20 21 29
20 22 11
20 23 13
20 24 14
20 25 12
20 26 19
20 27 39
20 28 29
20 29 13
20 30 28
20 31 18
20 32 7
20 33 23
20 34 19
20 35 31
20 36 16
20 37 6
20 38 15
20 39 41
20 40 23
20 41 11
20 42 22
20 43 21
20 44 17
20 45 41
20 46 37
20 47 34
20 48 21
20 49 33
20 50 8
20 51 13
20 52 31
20 53 8
20 54 37
20 55 33
20 56 36
20 57 6
20 58 28
20 59 33
20 60 20
20 61 14
20 62 4
21 1 27
21 2 30
21 3 25
21 4 27
21 5 36
21 6 27
21 7 24
21 8 17
21 9 30
21 10 29
21 11 25
21 12 25
21 13 29
21 14 50
21 15 45
21 16 58
21 17 22
21 18 40
21 19 22
21 20 29
21 21 -1
21 22 35
21 23 20
21 24 43
21 25 19
21 26 49
21 27 32
21 28 57
21 29 40
21 30 56
21 31 35
21 32 36
21 33 6
21 34 22
21 35 42
21 36 26
21 37 28
21 38 21
21 39 56
21 40 32
21 41 18
21 42 31
21 43 48
21 44 22
21 45 63
21 46 46
21 47 23
21 48 33
21 49 54
21 50 20
21 51 30
21 52 61
21 53 21
21 54 55
21 55 34
21 56 59
21 57 27
21 58 11
21 59 45
21 60 30
21 61 17
21 62 28
22 1 39
22 2 19
22 3 26
22 4 21
22 5 11
22 6 26
22 7 42
22 8 25
22 9 16
22 10 24
22 11 44
22 12 49
22 13 43
22 14 22
22 15 38
22 16 33
22 17 25
22 18 31
22 19 32
22 20 11
22 21 35
22 22 -1
22 23 14
22 24 16
22 25 21
22 26 18
22 27 50
22 28 22
22 29 21
22 30 31
22 31 28
22 32 7
22 33 28
22 34 17
22 35 42
22 36 12
22 37 7
22 38 25
22 39 51
22 40 34
22 41 17
22 42 15
22 43 13
22 44 15
22 45 48
22 46 48
22 47 44
22 48 32
22 49 41
22 50 17
22 51 7
22 52 30
22 53 15
22 54 46
22 55 44
22 56 43
22 57 17
22 58 29
22 59 43
22 60 31
22 61 22
22 62 8
23 1 32
23 2 19
23 3 17
23 4 18
23 5 17
23 6 18
23 7 33
23 8 12
23 9 17
23 10 22
23 11 35
23 12 38
23 13 36
23 14 34
23 15 39
23 16 43
23 17 14
23 18 33
23 19 24
23 20 13
23 21 20
23 22 14
23 23 -1
23 24 27
23 25 12
23 26 31
23 27 42
23 28 37
23 29 27
23 30 41
23 31 29
23 32 18
23 33 14
23 34 7
23 35 41
23 36 7
23 37 9
23 38 18
23 39 53
23 40 30
23 41 7
23 42 14
23 43 27
23 44 4
23 45 54
23 46 46
23 47 34
23 48 30
23 49 46
23 50 9
23 51 10
23 52 43
23 53 7
23 54 49
23 55 38
23 56 49
23 57 15
23 58 15
23 59 43
23 60 27
23 61 13
23 62 10
24 1 36
24 2 15
24 3 42
24 4 19
24 5 27
24 6 42
24 7 41
24 8 39
24 9 13
24 10 19
24 11 43
24 12 49
24 13 40
24 14 7
24 15 26
24 16 16
24 17 40
24 18 20
24 19 31
24 20 14
24 21 43
24 22 16
24 23 27
24 24 -1
24 25 25
24 26 6
24 27 47
24 28 20
24 29 9
24 30 15
24 31 20
24 32 9
24 33 37
24 34 32
24 35 32
24 36 27
24 37 18
24 38 26
24 39 38
24 40 27
24 41 25
24 42 32
24 43 16
24 44 29
24 45 32
24 46 38
24 47 43
24 48 25
24 49 26
24 50 22
24 51 23
24 52 17
24 53 22
24 54 31
24 55 38
24 56 27
24 57 17
24 58 42
24 59 33
24 60 25
24 61 27
24 62 17
25 1 20
25 2 11
25 3 28
25 4 8
25 5 28
25 6 30
25 7 21
25 8 21
25 9 11
25 10 11
25 11 23
25 12 28
25 13 24
25 14 31
25 15 28
25 16 39
25 17 25
25 18 23
25 19 12
25 20 12
25 21 19
25 22 21
25 23 12
25 24 25
25 25 -1
25 26 30
25 27 30
25 28 41
25 29 21
25 30 37
25 31 18
25 32 19
25 33 14
25 34 19
25 35 29
25 36 19
25 37 13
25 38 6
25 39 41
25 40 18
25 41 5
25 42 26
25 43 32
25 44 17
25 45 45
25 46 33
25 47 23
25 48 18
25 49 36
25 50 4
25 51 20
25 52 42
25 53 6
25 54 39
25 55 25
25 56 41
25 57 8
25 58 21
25 59 31
25 60 15
25 61 2
25 62 12
26 1 43
26 2 21
26 3 44
26 4 25
26 5 28
26 6 45
26 7 47
26 8 43
26 9 20
26 10 26
26 11 49
26 12 55
26 13 46
26 14 5
26 15 31
26 16 15
26 17 43
26 18 25
26 19 37
26 20 19
26 21 49
26 22 18
26 23 31
26 24 6
26 25 30
26 26 -1
26 27 53
26 28 15
26 29 15
26 30 14
26 31 26
26 32 13
26 33 43
26 34 35
26 35 37
26 36 30
26 37 22
26 38 32
26 39 42
26 40 34
26 41 30
26 42 33
26 43 13
26 44 33
26 45 34
26 46 43
26 47 50
26 48 31
26 49 29
26 50 28
26 51 25
26 52 12
26 53 27
26 54 35
26 55 44
26 56 29
26 57 23
26 58 46
26 59 38
26 60 31
26 61 33
26 62 21
27 1 10
27 2 32
27 3 55
27 4 29
27 5 58
27 6 57
27 7 9
27 8 47
27 9 35
27 10 27
27 11 7
27 12 9
27 13 6
27 14 51
27 15 29
27 16 53
27 17 51
27 18 30
27 19 18
27 20 39
27 21 32
27 22 50
27 23 42
27 24 47
27 25 30
27 26 53
27 27 -1
27 28 67
27 29 38
27 30 51
27 31 27
27 32 45
27 33 34
27 34 48
27 35 22
27 36 49
27 37 43
27 38 24
27 39 34
27 40 19
27 41 35
27 42 56
27 43 60
27 44 46
27 45 47
27 46 21
27 47 9
27 48 22
27 49 39
27 50 34
27 51 50
27 52 62
27 53 36
27 54 37
27 55 10
27 56 46
27 57 33
27 58 42
27 59 24
27 60 21
27 61 29
27 62 41
28 1 56
28 2 34
28 3 46
28 4 38
28 5 27
28 6 46
28 7 60
28 8 47
28 9 32
28 10 39
28 11 62
28 12 68
28 13 60
28 14 20
28 15 46
28 16 26
28 17 46
28 18 40
28 19 50
28 20 29
28 21 57
28 22 22
28 23 37
28 24 20
28 25 41
28 26 15
28 27 67
28 28 -1
28 29 30
28 30 27
28 31 41
28 32 22
28 33 51
28 34 38
28 35 52
28 36 33
28 37 29
28 38 45
28 39 57
28 40 48
28 41 39
28 42 34
28 43 9
28 44 37
28 45 48
28 46 58
28 47 63
28 48 45
28 49 44
28 50 38
28 51 28
28 52 16
28 53 36
28 54 50
28 55 59
28 56 42
28 57 35
28 58 52
28 59 53
28 60 46
28 61 43
28 62 29
29 1 28
29 2 10
29 3 43
29 4 13
29 5 33
29 6 44
29 7 33
29 8 39
29 9 10
29 10 12
29 11 35
29 12 41
29 13 32
29 14 12
29 15 17
29 16 18
29 17 41
29 18 11
29 19 23
29 20 13
29 21 40
29 22 21
29 23 27
29 24 9
29 25 21
29 26 15
29 27 38
29 28 30
29 29 -1
29 30 16
29 31 11
29 32 13
29 33 35
29 34 33
29 35 23
29 36 30
29 37 20
29 38 20
29 39 30
29 40 18
29 41 23
29 42 36
29 43 25
29 44 30
29 45 27
29 46 29
29 47 36
29 48 16
29 49 19
29 50 20
29 51 26
29 52 24
29 53 20
29 54 24
29 55 29
29 56 22
29 57 13
29 58 40
29 59 24
29 60 17
29 61 23
29 62 18
30 1 42
30 2 26
30 3 57
30 4 29
30 5 42
30 6 57
30 7 48
30 8 54
30 9 26
30 10 28
30 11 49
30 12 56
30 13 45
30 14 9
30 15 23
30 16 2
30 17 55
30 18 21
30 19 39
30 20 28
30 21 56
30 22 31
30 23 41
30 24 15
30 25 37
30 26 14
30 27 51
30 28 27
30 29 16
30 30 -1
30 31 24
30 32 24
30 33 51
30 34 47
30 35 31
30 36 42
30 37 33
30 38 36
30 39 31
30 40 32
30 41 39
30 42 47
30 43 27
30 44 44
30 45 20
30 46 36
30 47 51
30 48 29
30 49 18
30 50 36
30 51 38
30 52 13
30 53 36
30 54 24
30 55 41
30 56 15
30 57 29
30 58 56
30 59 31
30 60 31
30 61 39
30 62 31
31 1 17
31 2 10
31 3 45
31 4 10
31 5 39
31 6 47
31 7 23
31 8 40
31 9 13
31 10 7
31 11 25
31 12 31
31 13 21
31 14 23
31 15 10
31 16 26
31 17 43
31 18 5
31 19 15
31 20 18
31 21 35
31 22 28
31 23 29
31 24 20
31 25 18
31 26 26
31 27 27
31 28 41
31 29 11
31 30 24
31 31 -1
31 32 22
31 33 31
31 34 36
31 35 13
31 36 33
31 37 24
31 38 14
31 39 24
31 40 7
31 41 22
31 42 40
31 43 35
31 44 33
31 45 27
31 46 19
31 47 26
31 48 5
31 49 18
31 50 19
31 51 32
31 52 34
31 53 21
31 54 21
31 55 18
31 56 24
31 57 13
31 58 39
31 59 14
31 60 6
31 61 19
31 62 22
32 1 35
32 2 13
32 3 32
32 4 16
32 5 19
32 6 33
32 7 38
32 8 30
32 9 10
32 10 18
32 11 40
32 12 46
32 13 39
32 14 16
32 15 30
32 16 26
32 17 30
32 18 24
32 19 28
32 20 7
32 21 36
32 22 7
32 23 18
32 24 9
32 25 19
32 26 13
32 27 45
32 28 22
32 29 13
32 30 24
32 31 22
32 32 -1
32 33 30
32 34 22
32 35 35
32 36 18
32 37 9
32 38 22
32 39 43
32 40 28
32 41 17
32 42 23
32 43 14
32 44 20
32 45 41
32 46 41
32 47 40
32 48 26
32 49 33
32 50 15
32 51 13
32 52 25
32 53 14
32 54 38
32 55 38
32 56 35
32 57 12
32 58 33
32 59 36
32 60 25
32 61 21
32 62 8
33 1 27
33 2 25
33 3 21
33 4 22
33 5 30
33 6 23
33 7 25
33 8 13
33 9 25
33 10 25
33 11 26
33 12 28
33 13 30
33 14 44
33 15 42
33 16 53
33 17 18
33 18 37
33 19 20
33 20 23
33 21 6
33 22 28
33 23 14
33 24 37
33 25 14
33 26 43
33 27 34
33 28 51
33 29 35
33 30 51
33 31 31
33 32 30
33 33 -1
33 34 17
33 35 40
33 36 20
33 37 21
33 38 17
33 39 54
33 40 30
33 41 12
33 42 25
33 43 41
33 44 16
33 45 59
33 46 44
33 47 25
33 48 30
33 49 50
33 50 15
33 51 24
33 52 55
33 53 15
33 54 52
33 55 34
33 56 55
33 57 22
33 58 8
33 59 43
33 60 27
33 61 12
33 62 21
34 1 39
34 2 26
34 3 10
34 4 25
34 5 14
34 6 11
34 7 39
34 8 8
34 9 24
34 10 29
34 11 41
34 12 44
34 13 42
34 14 38
34 15 46
34 16 48
34 17 8
34 18 40
34 19 31
34 20 19
34 21 22
34 22 17
34 23 7
34 24 32
34 25 19
34 26 35
34 27 48
34 28 38
34 29 33
34 30 47
34 31 36
34 32 22
34 33 17
34 34 -1
34 35 48
34 36 5
34 37 13
34 38 26
34 39 60
34 40 38
34 41 14
34 42 8
34 43 29
34 44 2
34 45 61
34 46 53
34 47 40
34 48 37
34 49 52
34 50 16
34 51 10
34 52 47
34 53 15
34 54 56
34 55 45
34 56 56
34 57 22
34 58 14
34 59 50
34 60 34
34 61 19
34 62 15
35 1 17
35 2 23
35 3 57
35 4 22
35 5 52
35 6 59
35 7 23
35 8 50
35 9 26
35 10 19
35 11 24
35 12 30
35 13 18
35 14 33
35 15 7
35 16 33
35 17 54
35 18 12
35 19 20
35 20 31
35 21 42
35 22 42
35 23 41
35 24 32
35 25 29
35 26 37
35 27 22
35 28 52
35 29 23
35 30 31
35 31 13
35 32 35
35 33 40
35 34 48
35 35 -1
35 36 46
35 37 37
35 38 23
35 39 13
35 40 10
35 41 34
35 42 53
35 43 48
35 44 45
35 45 24
35 46 6
35 47 26
35 48 10
35 49 17
35 50 31
35 51 45
35 52 43
35 53 33
35 54 15
35 55 12
35 56 23
35 57 26
35 58 49
35 59 2
35 60 13
35 61 29
35 62 35
36 1 39
36 2 23
36 3 14
36 4 23
36 5 10
36 6 15
36 7 40
36 8 13
36 9 21
36 10 27
36 11 42
36 12 45
36 13 43
36 14 34
36 15 44
36 16 44
36 17 13
36 18 37
36 19 31
36 20 16
36 21 26
36 22 12
36 23 7
36 24 27
36 25 19
36 26 30
36 27 49
36 28 33
36 29 30
36 30 42
36 31 33
36 32 18
36 33 20
36 34 5
36 35 46
36 36 -1
36 37 10
36 38 25
36 39 57
36 40 36
36 41 14
36 42 7
36 43 24
36 44 4
36 45 57
36 46 51
36 47 41
36 48 35
36 49 49
36 50 15
36 51 5
36 52 42
36 53 13
36 54 53
36 55 45
36 56 52
36 57 20
36 58 18
36 59 48
36 60 33
36 61 20
36 62 12
37 1 33
37 2 14
37 3 24
37 4 15
37 5 15
37 6 25
37 7 35
37 8 21
37 9 11
37 10 18
37 11 37
37 12 42
37 13 37
37 14 25
37 15 34
37 16 34
37 17 22
37 18 28
37 19 25
37 20 6
37 21 28
37 22 7
37 23 9
37 24 18
37 25 13
37 26 22
37 27 43
37 28 29
37 29 20
37 30 33
37 31 24
37 32 9
37 33 21
37 34 13
37 35 37
37 36 10
37 37 -1
37 38 19
37 39 48
37 40 28
37 41 10
37 42 16
37 43 19
37 44 11
37 45 47
37 46 43
37 47 37
37 48 27
37 49 39
37 50 9
37 51 7
37 52 34
37 53 8
37 54 43
37 55 38
37 56 42
37 57 11
37 58 24
37 59 39
37 60 25
37 61 15
37 62 2
38 1 14
38 2 10
38 3 34
38 4 7
38 5 34
38 6 36
38 7 16
38 8 27
38 9 12
38 10 8
38 11 18
38 12 23
38 13 18
38 14 32
38 15 24
38 16 38
38 17 31
38 18 19
38 19 6
38 20 15
38 21 21
38 22 25
38 23 18
38 24 26
38 25 6
38 26 32
38 27 24
38 28 45
38 29 20
38 30 36
38 31 14
38 32 22
38 33 17
38 34 26
38 35 23
38 36 25
38 37 19
38 38 -1
38 39 36
38 40 12
38 41 11
38 42 32
38 43 36
38 44 23
38 45 42
38 46 27
38 47 18
38 48 13
38 49 32
38 50 10
38 51 26
38 52 43
38 53 12
38 54 34
38 55 19
38 56 38
38 57 10
38 58 25
38 59 25
38 60 10
38 61 6
38 62 17
39 1 30
39 2 34
39 3 70
39 4 34
39 5 62
39 6 71
39 7 36
39 8 63
39 9 36
39 10 31
39 11 37
39 12 43
39 13 31
39 14 37
39 15 13
39 16 32
39 17 67
39 18 20
39 19 34
39 20 41
39 21 56
39 22 51
39 23 53
39 24 38
39 25 41
39 26 42
39 27 34
39 28 57
39 29 30
39 30 31
39 31 24
39 32 43
39 33 54
39 34 60
39 35 13
39 36 57
39 37 48
39 38 36
39 39 -1
39 40 24
39 41 46
39 42 64
39 43 54
39 44 57
39 45 15
39 46 13
39 47 39
39 48 23
39 49 13
39 50 43
39 51 55
39 52 44
39 53 45
39 54 7
39 55 25
39 56 17
39 57 37
39 58 62
39 59 11
39 60 26
39 61 42
39 62 46
40 1 10
40 2 15
40 3 47
40 4 13
40 5 43
40 6 48
40 7 16
40 8 40
40 9 18
40 10 10
40 11 17
40 12 24
40 13 13
40 14 31
40 15 13
40 16 34
40 17 44
40 18 11
40 19 10
40 20 23
40 21 32
40 22 34
40 23 30
40 24 27
40 25 18
40 26 34
40 27 19
40 28 48
40 29 18
40 30 32
40 31 7
40 32 28
40 33 30
40 34 38
40 35 10
40 36 36
40 37 28
40 38 12
40 39 24
40 40 -1
40 41 23
40 42 44
40 43 41
40 44 35
40 45 32
40 46 15
40 47 19
40 48 2
40 49 23
40 50 21
40 51 36
40 52 42
40 53 23
40 54 23
40 55 10
40 56 29
40 57 17
40 58 38
40 59 12
40 60 3
40 61 19
40 62 26
41 1 25
41 2 13
41 3 23
41 4 12
41 5 23
41 6 25
41 7 26
41 8 17
41 9 13
41 10 15
41 11 28
41 12 32
41 13 29
41 14 32
41 15 33
41 16 41
41 17 20
41 18 27
41 19 17
41 20 11
41 21 18
41 22 17
41 23 7
41 24 25
41 25 5
41 26 30
41 27 35
41 28 39
41 29 23
41 30 39
41 31 22
41 32 17
41 33 12
41 34 14
41 35 34
41 36 14
41 37 10
41 38 11
41 39 46
41 40 23
41 41 -1
41 42 21
41 43 30
41 44 11
41 45 49
41 46 39
41 47 27
41 48 23
41 49 40
41 50 3
41 51 15
41 52 42
41 53 3
41 54 43
41 55 31
41 56 44
41 57 10
41 58 17
41 59 36
41 60 20
41 61 6
41 62 10
42 1 46
42 2 30
42 3 12
42 4 30
42 5 7
42 6 12
42 7 47
42 8 15
42 9 28
42 10 34
42 11 49
42 12 52
42 13 50
42 14 38
42 15 51
42 16 48
42 17 12
42 18 44
42 19 38
42 20 22
42 21 31
42 22 15
42 23 14
42 24 32
42 25 26
42 26 33
42 27 56
42 28 34
42 29 36
42 30 47
42 31 40
42 32 23
42 33 25
42 34 8
42 35 53
42 36 7
42 37 16
42 38 32
42 39 64
42 40 44
42 41 21
42 42 -1
42 43 25
42 44 10
42 45 63
42 46 59
42 47 48
42 48 42
42 49 55
42 50 22
42 51 9
42 52 44
42 53 20
42 54 60
42 55 52
42 56 58
42 57 27
42 58 22
42 59 55
42 60 40
42 61 27
42 62 18
43 1 49
43 2 27
43 3 37
43 4 30
43 5 18
43 6 37
43 7 52
43 8 37
43 9 24
43 10 32
43 11 55
43 12 60
43 13 53
43 14 18
43 15 42
43 16 28
43 17 36
43 18 36
43 19 42
43 20 21
43 21 48
43 22 13
43 23 27
43 24 16
43 25 32
43 26 13
43 27 60
43 28 9
43 29 25
43 30 27
43 31 35
43 32 14
43 33 41
43 34 29
43 35 48
43 36 24
43 37 19
43 38 36
43 39 54
43 40 41
43 41 30
43 42 25
43 43 -1
43 44 27
43 45 47
43 46 54
43 47 55
43 48 39
43 49 42
43 50 29
43 51 18
43 52 21
43 53 27
43 54 48
43 55 52
43 56 42
43 57 26
43 58 42
43 59 49
43 60 39
43 61 34
43 62 20
44 1 36
44 2 23
44 3 13
44 4 22
44 5 14
44 6 14
44 7 37
44 8 10
44 9 21
44 10 26
44 11 39
44 12 42
44 13 40
44 14 36
44 15 43
44 16 46
44 17 10
44 18 37
44 19 28
44 20 17
44 21 22
44 22 15
44 23 4
44 24 29
44 25 17
44 26 33
44 27 46
44 28 37
44 29 30
44 30 44
44 31 33
44 32 20
44 33 16
44 34 2
44 35 45
44 36 4
44 37 11
44 38 23
44 39 57
44 40 35
44 41 11
44 42 10
44 43 27
44 44 -1
44 45 58
44 46 50
44 47 38
44 48 34
44 49 50
44 50 13
44 51 8
44 52 45
44 53 12
44 54 53
44 55 43
44 56 53
44 57 19
44 58 14
44 59 47
44 60 32
44 61 17
44 62 13
45 1 41
45 2 35
45 3 71
45 4 37
45 5 60
45 6 72
45 7 47
45 8 66
45 9 37
45 10 34
45 11 48
45 12 54
45 13 42
45 14 29
45 15 19
45 16 21
45 17 69
45 18 22
45 19 42
45 20 41
45 21 63
45 22 48
45 23 54
45 24 32
45 25 45
45 26 34
45 27 47
45 28 48
45 29 27
45 30 20
45 31 27
45 32 41
45 33 59
45 34 61
45 35 24
45 36 57
45 37 47
45 38 42
45 39 15
45 40 32
45 41 49
45 42 63
45 43 47
45 44 58
45 45 -1
45 46 26
45 47 50
45 48 30
45 49 9
45 50 46
45 51 54
45 52 33
45 53 47
45 54 9
45 55 37
45 56 5
45 57 39
45 58 66
45 59 23
45 60 33
45 61 47
45 62 45
46 1 18
46 2 29
46 3 62
46 4 28
46 5 58
46 6 64
46 7 24
46 8 55
46 9 32
46 10 24
46 11 24
46 12 30
46 13 18
46 14 39
46 15 13
46 16 38
46 17 59
46 18 18
46 19 24
46 20 37
46 21 46
46 22 48
46 23 46
46 24 38
46 25 33
46 26 43
46 27 21
46 28 58
46 29 29
46 30 36
46 31 19
46 32 41
46 33 44
46 34 53
46 35 6
46 36 51
46 37 43
46 38 27
46 39 13
46 40 15
46 41 39
46 42 59
46 43 54
46 44 50
46 45 26
46 46 -1
46 47 26
46 48 16
46 49 20
46 50 36
46 51 50
46 52 49
46 53 38
46 54 17
46 55 12
46 56 27
46 57 31
46 58 53
46 59 5
46 60 18
46 61 34
46 62 41
47 1 9
47 2 28
47 3 46
47 4 25
47 5 50
47 6 48
47 7 3
47 8 38
47 9 30
47 10 24
47 11 2
47 12 5
47 13 8
47 14 48
47 15 31
47 16 53
47 17 42
47 18 30
47 19 12
47 20 34
47 21 23
47 22 44
47 23 34
47 24 43
47 25 23
47 26 50
47 27 9
47 28 63
47 29 36
47 30 51
47 31 26
47 32 40
47 33 25
47 34 40
47 35 26
47 36 41
47 37 37
47 38 18
47 39 39
47 40 19
47 41 27
47 42 48
47 43 55
47 44 38
47 45 50
47 46 26
47 47 -1
47 48 21
47 49 41
47 50 27
47 51 42
47 52 60
47 53 29
47 54 41
47 55 14
47 56 48
47 57 28
47 58 33
47 59 28
47 60 19
47 61 21
47 62 35
48 1 13
48 2 13
48 3 46
48 4 12
48 5 42
48 6 48
48 7 18
48 8 40
48 9 16
48 10 8
48 11 20
48 12 27
48 13 16
48 14 28
48 15 11
48 16 31
48 17 43
48 18 8
48 19 12
48 20 21
48 21 33
48 22 32
48 23 30
48 24 25
48 25 18
48 26 31
48 27 22
48 28 45
48 29 16
48 30 29
48 31 5
48 32 26
48 33 30
48 34 37
48 35 10
48 36 35
48 37 27
48 38 13
48 39 23
48 40 2
48 41 23
48 42 42
48 43 39
48 44 34
48 45 30
48 46 16
48 47 21
48 48 -1
48 49 21
48 50 20
48 51 34
48 52 39
48 53 22
48 54 22
48 55 13
48 56 27
48 57 15
48 58 38
48 59 12
48 60 3
48 61 19
48 62 25
49 1 32
49 2 26
49 3 63
49 4 28
49 5 52
49 6 64
49 7 38
49 8 57
49 9 28
49 10 25
49 11 40
49 12 46
49 13 34
49 14 24
49 15 10
49 16 19
49 17 60
49 18 13
49 19 33
49 20 33
49 21 54
49 22 41
49 23 46
49 24 26
49 25 36
49 26 29
49 27 39
49 28 44
49 29 19
49 30 18
49 31 18
49 32 33
49 33 50
49 34 52
49 35 17
49 36 49
49 37 39
49 38 32
49 39 13
49 40 23
49 41 40
49 42 55
49 43 42
49 44 50
49 45 9
49 46 20
49 47 41
49 48 21
49 49 -1
49 50 37
49 51 46
49 52 31
49 53 38
49 54 6
49 55 29
49 56 6
49 57 30
49 58 57
49 59 15
49 60 24
49 61 38
49 62 37
50 1 24
50 2 10
50 3 26
50 4 9
50 5 24
50 6 27
50 7 25
50 8 20
50 9 10
50 10 12
50 11 27
50 12 32
50 13 28
50 14 29
50 15 30
50 16 38
50 17 23
50 18 24
50 19 16
50 20 8
50 21 20
50 22 17
50 23 9
50 24 22
50 25 4
50 26 28
50 27 34
50 28 38
50 29 20
50 30 36
50 31 19
50 32 15
50 33 15
50 34 16
50 35 31
50 36 15
50 37 9
50 38 10
50 39 43
50 40 21
50 41 3
50 42 22
50 43 29
50 44 13
50 45 46
50 46 36
50 47 27
50 48 20
50 49 37
50 50 -1
50 51 16
50 52 40
50 53 2
50 54 40
50 55 29
50 56 41
50 57 7
50 58 20
50 59 33
50 60 18
50 61 5
50 62 8
51 1 40
51 2 21
51 3 19
51 4 22
51 5 8
51 6 19
51 7 41
51 8 18
51 9 19
51 10 26
51 11 43
51 12 47
51 13 44
51 14 29
51 15 42
51 16 39
51 17 18
51 18 35
51 19 32
51 20 13
51 21 30
51 22 7
51 23 10
51 24 23
51 25 20
51 26 25
51 27 50
51 28 28
51 29 26
51 30 38
51 31 32
51 32 13
51 33 24
51 34 10
51 35 45
51 36 5
51 37 7
51 38 26
51 39 55
51 40 36
51 41 15
51 42 9
51 43 18
51 44 8
51 45 54
51 46 50
51 47 42
51 48 34
51 49 46
51 50 16
51 51 -1
51 52 37
51 53 14
51 54 51
51 55 45
51 56 49
51 57 18
51 58 23
51 59 47
51 60 32
51 61 21
51 62 9
52 1 52
52 2 32
52 3 56
52 4 36
52 5 38
52 6 56
52 7 57
52 8 55
52 9 31
52 10 36
52 11 59
52 12 65
52 13 55
52 14 11
52 15 36
52 16 12
52 17 55
52 18 32
52 19 47
52 20 31
52 21 61
52 22 30
52 23 43
52 24 17
52 25 42
52 26 12
52 27 62
52 28 16
52 29 24
52 30 13
52 31 34
52 32 25
52 33 55
52 34 47
52 35 43
52 36 42
52 37 34
52 38 43
52 39 44
52 40 42
52 41 42
52 42 44
52 43 21
52 44 45
52 45 33
52 46 49
52 47 60
52 48 39
52 49 31
52 50 40
52 51 37
52 52 -1
52 53 39
52 54 37
52 55 52
52 56 28
52 57 34
52 58 58
52 59 43
52 60 41
52 61 44
52 62 33
53 1 26
53 2 11
53 3 24
53 4 10
53 5 22
53 6 26
53 7 27
53 8 19
53 9 10
53 10 14
53 11 29
53 12 34
53 13 30
53 14 29
53 15 31
53 16 38
53 17 22
53 18 25
53 19 18
53 20 8
53 21 21
53 22 15
53 23 7
53 24 22
53 25 6
53 26 27
53 27 36
53 28 36
53 29 20
53 30 36
53 31 21
53 32 14
53 33 15
53 34 15
53 35 33
53 36 13
53 37 8
53 38 12
53 39 45
53 40 23
53 41 3
53 42 20
53 43 27
53 44 12
53 45 47
53 46 38
53 47 29
53 48 22
53 49 38
53 50 2
53 51 14
53 52 39
53 53 -1
53 54 42
53 55 31
53 56 42
53 57 8
53 58 20
53 59 35
53 60 20
53 61 7
53 62 7
54 1 32
54 2 30
54 3 66
54 4 31
54 5 57
54 6 68
54 7 38
54 8 61
54 9 32
54 10 28
54 11 39
54 12 45
54 13 33
54 14 30
54 15 10
54 16 25
54 17 64
54 18 16
54 19 33
54 20 37
54 21 55
54 22 46
54 23 49
54 24 31
54 25 39
54 26 35
54 27 37
54 28 50
54 29 24
54 30 24
54 31 21
54 32 38
54 33 52
54 34 56
54 35 15
54 36 53
54 37 43
54 38 34
54 39 7
54 40 23
54 41 43
54 42 60
54 43 48
54 44 53
54 45 9
54 46 17
54 47 41
54 48 22
54 49 6
54 50 40
54 51 51
54 52 37
54 53 42
54 54 -1
54 55 27
54 56 10
54 57 34
54 58 60
54 59 13
54 60 25
54 61 40
54 62 41
55 1 7
55 2 25
55 3 53
55 4 23
55 5 53
55 6 55
55 7 11
55 8 46
55 9 28
55 10 20
55 11 12
55 12 18
55 13 6
55 14 41
55 15 19
55 16 43
55 17 50
55 18 20
55 19 14
55 20 33
55 21 34
55 22 44
55 23 38
55 24 38
55 25 25
55 26 44
55 27 10
55 28 59
55 29 29
55 30 41
55 31 18
55 32 38
55 33 34
55 34 45
55 35 12
55 36 45
55 37 38
55 38 19
55 39 25
55 40 10
55 41 31
55 42 52
55 43 52
55 44 43
55 45 37
55 46 12
55 47 14
55 48 13
55 49 29
55 50 29
55 51 45
55 52 52
55 53 31
55 54 27
55 55 -1
55 56 35
55 57 27
55 58 42
55 59 14
55 60 13
55 61 25
55 62 36
56 1 39
56 2 31
56 3 66
56 4 33
56 5 54
56 6 67
56 7 45
56 8 61
56 9 32
56 10 30
56 11 46
56 12 53
56 13 41
56 14 23
56 15 16
56 16 16
56 17 64
56 18 19
56 19 39
56 20 36
56 21 59
56 22 43
56 23 49
56 24 27
56 25 41
56 26 29
56 27 46
56 28 42
56 29 22
56 30 15
56 31 24
56 32 35
56 33 55
56 34 56
56 35 23
56 36 52
56 37 42
56 38 38
56 39 17
56 40 29
56 41 44
56 42 58
56 43 42
56 44 53
56 45 5
56 46 27
56 47 48
56 48 27
56 49 6
56 50 41
56 51 49
56 52 28
56 53 42
56 54 10
56 55 35
56 56 -1
56 57 34
56 58 62
56 59 22
56 60 30
56 61 43
56 62 40
57 1 22
57 2 3
57 3 32
57 4 4
57 5 26
57 6 33
57 7 25
57 8 27
57 9 3
57 10 7
57 11 28
57 12 33
57 13 26
57 14 23
57 15 24
57 16 31
57 17 30
57 18 17
57 19 15
57 20 6
57 21 27
57 22 17
57 23 15
57 24 17
57 25 8
57 26 23
57 27 33
57 28 35
57 29 13
57 30 29
57 31 13
57 32 12
57 33 22
57 34 22
57 35 26
57 36 20
57 37 11
57 38 10
57 39 37
57 40 17
57 41 10
57 42 27
57 43 26
57 44 19
57 45 39
57 46 31
57 47 28
57 48 15
57 49 30
57 50 7
57 51 18
57 52 34
57 53 8
57 54 34
57 55 27
57 56 34
57 57 -1
57 58 27
57 59 28
57 60 14
57 61 10
57 62 9
58 1 35
58 2 31
58 3 14
58 4 29
58 5 28
58 6 16
58 7 33
58 8 6
58 9 30
58 10 32
58 11 34
58 12 35
58 13 38
58 14 49
58 15 49
58 16 58
58 17 11
58 18 44
58 19 29
58 20 28
58 21 11
58 22 29
58 23 15
58 24 42
58 25 21
58 26 46
58 27 42
58 28 52
58 29 40
58 30 56
58 31 39
58 32 33
58 33 8
58 34 14
58 35 49
58 36 18
58 37 24
58 38 25
58 39 62
58 40 38
58 41 17
58 42 22
58 43 42
58 44 14
58 45 66
58 46 53
58 47 33
58 48 38
58 49 57
58 50 20
58 51 23
58 52 58
58 53 20
58 54 60
58 55 42
58 56 62
58 57 27
58 58 -1
58 59 51
58 60 35
58 61 19
58 62 25
59 1 19
59 2 25
59 3 59
59 4 24
59 5 54
59 6 61
59 7 25
59 8 53
59 9 27
59 10 21
59 11 26
59 12 32
59 13 20
59 14 34
59 15 7
59 16 33
59 17 56
59 18 13
59 19 22
59 20 33
59 21 45
59 22 43
59 23 43
59 24 33
59 25 31
59 26 38
59 27 24
59 28 53
59 29 24
59 30 31
59 31 14
59 32 36
59 33 43
59 34 50
59 35 2
59 36 48
59 37 39
59 38 25
59 39 11
59 40 12
59 41 36
59 42 55
59 43 49
59 44 47
59 45 23
59 46 5
59 47 28
59 48 12
59 49 15
59 50 33
59 51 47
59 52 43
59 53 35
59 54 13
59 55 14
59 56 22
59 57 28
59 58 51
59 59 -1
59 60 15
59 61 31
59 62 37
60 1 11
60 2 12
60 3 44
60 4 10
60 5 40
60 6 45
60 7 16
60 8 37
60 9 15
60 10 7
60 11 18
60 12 25
60 13 15
60 14 29
60 15 14
60 16 33
60 17 41
60 18 11
60 19 9
60 20 20
60 21 30
60 22 31
60 23 27
60 24 25
60 25 15
60 26 31
60 27 21
60 28 46
60 29 17
60 30 31
60 31 6
60 32 25
60 33 27
60 34 34
60 35 13
60 36 33
60 37 25
60 38 10
60 39 26
60 40 3
60 41 20
60 42 40
60 43 39
60 44 32
60 45 33
60 46 18
60 47 19
60 48 3
60 49 24
60 50 18
60 51 32
60 52 41
60 53 20
60 54 25
60 55 13
60 56 30
60 57 14
60 58 35
60 59 15
60 60 -1
60 61 16
60 62 23
61 1 19
61 2 13
61 3 28
61 4 10
61 5 29
61 6 30
61 7 20
61 8 21
61 9 13
61 10 12
61 11 22
61 12 26
61 13 23
61 14 33
61 15 30
61 16 41
61 17 25
61 18 24
61 19 11
61 20 14
61 21 17
61 22 22
61 23 13
61 24 27
61 25 2
61 26 33
61 27 29
61 28 43
61 29 23
61 30 39
61 31 19
61 32 21
61 33 12
61 34 19
61 35 29
61 36 20
61 37 15
61 38 6
61 39 42
61 40 19
61 41 6
61 42 27
61 43 34
61 44 17
61 45 47
61 46 34
61 47 21
61 48 19
61 49 38
61 50 5
61 51 21
61 52 44
61 53 7
61 54 40
61 55 25
61 56 43
61 57 10
61 58 19
61 59 31
61 60 16
61 61 -1
61 62 14
62 1 31
62 2 12
62 3 25
62 4 13
62 5 17
62 6 26
62 7 33
62 8 22
62 9 9
62 10 16
62 11 35
62 12 40
62 13 35
62 14 24
62 15 32
62 16 33
62 17 23
62 18 25
62 19 23
62 20 4
62 21 28
62 22 8
62 23 10
62 24 17
62 25 12
62 26 21
62 27 41
62 28 29
62 29 18
62 30 31
62 31 22
62 32 8
62 33 21
62 34 15
62 35 35
62 36 12
62 37 2
62 38 17
62 39 46
62 40 26
62 41 10
62 42 18
62 43 20
62 44 13
62 45 45
62 46 41
62 47 35
62 48 25
62 49 37
62 50 8
62 51 9
62 52 33
62 53 7
62 54 41
62 55 36
62 56 40
62 57 9
62 58 25
62 59 37
62 60 23
62 61 14
62 62 -1
