1 1 -1
1 2 46
1 3 17
1 4 40
1 5 34
1 6 17
1 7 35
1 8 49
1 9 17
1 10 27
1 11 46
1 12 31
1 13 30
1 14 31
1 15 59
1 16 20
1 17 19
1 18 14
1 19 40
1 20 12
1 21 41
1 22 27
1 23 39
1 24 39
1 25 8
1 26 36
1 27 41
1 28 5
1 29 64
1 30 47
1 31 33
1 32 55
1 33 22
1 34 4
1 35 57
1 36 44
1 37 27
1 38 51
1 39 43
1 40 48
1 41 51
1 42 8
1 43 19
1 44 11
1 45 28
1 46 36
1 47 28
1 48 18
1 49 41
1 50 59
1 51 8
1 52 43
2 1 46
2 2 -1
2 3 29
2 4 6
2 5 41
2 6 33
2 7 55
2 8 56
2 9 44
2 10 24
2 11 40
2 12 26
2 13 37
2 14 15
2 15 45
2 16 26
2 17 50
2 18 46
2 19 13
2 20 42
2 21 30
2 22 30
2 23 7
2 24 47
2 25 45
2 26 34
2 27 8
2 28 42
2 29 48
2 30 66
2 31 44
2 32 48
2 33 41
2 34 42
2 35 41
2 36 65
2 37 22
2 38 41
2 39 50
2 40 18
2 41 47
2 42 51
2 43 46
2 44 52
2 45 23
2 46 43
2 47 18
2 48 39
2 49 45
2 50 43
2 51 40
2 52 50
3 1 17
3 2 29
3 3 -1
3 4 23
3 5 30
3 6 11
3 7 38
3 8 48
3 9 21
3 10 15
3 11 38
3 12 20
3 13 25
3 14 14
3 15 50
3 16 4
3 17 26
3 18 21
3 19 24
3 20 16
3 21 30
3 22 18
3 23 22
3 24 37
3 25 18
3 26 28
3 27 25
3 28 13
3 29 55
3 30 50
3 31 31
3 32 48
3 33 22
3 34 13
3 35 47
3 36 48
3 37 13
3 38 43
3 39 41
3 40 33
3 41 45
3 42 23
3 43 23
3 44 24
3 45 15
3 46 33
3 47 11
3 48 17
3 49 37
3 50 49
3 51 13
3 52 41
4 1 40
4 2 6
4 3 23
4 4 -1
4 5 38
4 6 29
4 7 52
4 8 55
4 9 40
4 10 21
4 11 40
4 12 23
4 13 34
4 14 9
4 15 47
4 16 20
4 17 45
4 18 41
4 19 13
4 20 37
4 21 30
4 22 26
4 23 4
4 24 45
4 25 40
4 26 32
4 27 9
4 28 36
4 29 50
4 30 64
4 31 42
4 32 48
4 33 37
4 34 36
4 35 43
4 36 62
4 37 18
4 38 42
4 39 49
4 40 20
4 41 47
4 42 46
4 43 42
4 44 46
4 45 20
4 46 41
4 47 12
4 48 34
4 49 43
4 50 45
4 51 35
4 52 48
5 1 34
5 2 41
5 3 30
5 4 38
5 5 -1
5 6 19
5 7 15
5 8 18
5 9 17
5 10 18
5 11 13
5 12 15
5 13 5
5 14 36
5 15 26
5 16 33
5 17 20
5 18 21
5 19 28
5 20 22
5 21 14
5 22 12
5 23 35
5 24 7
5 25 27
5 26 7
5 27 32
5 28 35
5 29 31
5 30 25
5 31 4
5 32 21
5 33 12
5 34 34
5 35 25
5 36 24
5 37 21
5 38 18
5 39 11
5 40 29
5 41 17
5 42 31
5 43 17
5 44 29
5 45 18
5 46 3
5 47 33
5 48 16
5 49 7
5 50 27
5 51 25
5 52 11
6 1 17
6 2 33
6 3 11
6 4 29
6 5 19
6 6 -1
6 7 26
6 8 37
6 9 11
6 10 11
6 11 30
6 12 14
6 13 14
6 14 22
6 15 42
6 16 15
6 17 16
6 18 12
6 19 25
6 20 9
6 21 24
6 22 10
6 23 26
6 24 26
6 25 13
6 26 19
6 27 27
6 28 17
6 29 47
6 30 39
6 31 20
6 32 39
6 33 10
6 34 15
6 35 40
6 36 37
6 37 12
6 38 35
6 39 30
6 40 31
6 41 36
6 42 19
6 43 13
6 44 19
6 45 12
6 46 22
6 47 19
6 48 6
6 49 26
6 50 42
6 51 8
6 52 30
7 1 35
7 2 55
7 3 38
7 4 52
7 5 15
7 6 26
7 7 -1
7 8 16
7 9 18
7 10 31
7 11 25
7 12 29
7 13 17
7 14 48
7 15 37
7 16 42
7 17 16
7 18 21
7 19 43
7 20 24
7 21 29
7 22 25
7 23 48
7 24 12
7 25 27
7 26 22
7 27 47
7 28 39
7 29 41
7 30 12
7 31 11
7 32 29
7 33 16
7 34 37
7 35 37
7 36 10
7 37 34
7 38 30
7 39 13
7 40 44
7 41 26
7 42 29
7 43 16
7 44 26
7 45 31
7 46 14
7 47 44
7 48 20
7 49 16
7 50 38
7 51 29
7 52 13
8 1 49
8 2 56
8 3 48
8 4 55
8 5 18
8 6 37
8 7 16
8 8 -1
8 9 31
8 10 36
8 11 17
8 12 31
8 13 23
8 14 54
8 15 24
8 16 51
8 17 32
8 18 35
8 19 43
8 20 37
8 21 26
8 22 30
8 23 51
8 24 11
8 25 41
8 26 22
8 27 48
8 28 52
8 29 28
8 30 16
8 31 17
8 32 16
8 33 27
8 34 50
8 35 25
8 36 17
8 37 39
8 38 19
8 39 7
8 40 41
8 41 13
8 42 45
8 43 30
8 44 42
8 45 36
8 46 15
8 47 51
8 48 32
8 49 11
8 50 26
8 51 42
8 52 7
9 1 17
9 2 44
9 3 21
9 4 40
9 5 17
9 6 11
9 7 18
9 8 31
9 9 -1
9 10 20
9 11 30
9 12 22
9 13 14
9 14 34
9 15 44
9 16 25
9 17 5
9 18 4
9 19 34
9 20 6
9 21 28
9 22 17
9 23 37
9 24 21
9 25 9
9 26 21
9 27 37
9 28 21
9 29 49
9 30 30
9 31 15
9 32 38
9 33 5
9 34 19
9 35 42
9 36 27
9 37 22
9 38 36
9 39 25
9 40 40
9 41 35
9 42 14
9 43 2
9 44 12
9 45 21
9 46 19
9 47 30
9 48 5
9 49 24
9 50 44
9 51 11
9 52 25
10 1 27
10 2 24
10 3 15
10 4 21
10 5 18
10 6 11
10 7 31
10 8 36
10 9 20
10 10 -1
10 11 24
10 12 5
10 13 13
10 14 18
10 15 35
10 16 16
10 17 25
10 18 23
10 19 14
10 20 20
10 21 15
10 22 5
10 23 17
10 24 25
10 25 24
10 26 14
10 27 17
10 28 26
10 29 39
10 30 43
10 31 21
10 32 33
10 33 17
10 34 25
10 35 32
10 36 41
10 37 3
10 38 28
10 39 29
10 40 20
10 41 31
10 42 30
10 43 22
10 44 30
10 45 1
10 46 21
10 47 15
10 48 15
10 49 24
10 50 34
10 51 19
10 52 29
11 1 46
11 2 40
11 3 38
11 4 40
11 5 13
11 6 30
11 7 25
11 8 17
11 9 30
11 10 24
11 11 -1
11 12 19
11 13 16
11 14 41
11 15 13
11 16 41
11 17 33
11 18 34
11 19 27
11 20 34
11 21 10
11 22 20
11 23 36
11 24 13
11 25 39
11 26 10
11 27 32
11 28 47
11 29 18
11 30 31
11 31 16
11 32 9
11 33 24
11 34 45
11 35 12
11 36 31
11 37 27
11 38 5
11 39 13
11 40 24
11 41 7
11 42 44
11 43 30
11 44 42
11 45 24
11 46 11
11 47 39
11 48 28
11 49 9
11 50 14
11 51 37
11 52 12
12 1 31
12 2 26
12 3 20
12 4 23
12 5 15
12 6 14
12 7 29
12 8 31
12 9 22
12 10 5
12 11 19
12 12 -1
12 13 11
12 14 22
12 15 29
12 16 22
12 17 27
12 18 25
12 19 13
12 20 22
12 21 10
12 22 5
12 23 20
12 24 21
12 25 27
12 26 9
12 27 17
12 28 31
12 29 34
12 30 40
12 31 18
12 32 28
12 33 17
12 34 29
12 35 26
12 36 38
12 37 8
12 38 23
12 39 25
12 40 18
12 41 26
12 42 33
12 43 23
12 44 32
12 45 5
12 46 17
12 47 20
12 48 17
12 49 20
12 50 29
12 51 23
12 52 25
13 1 30
13 2 37
13 3 25
13 4 34
13 5 5
13 6 14
13 7 17
13 8 23
13 9 14
13 10 13
13 11 16
13 12 11
13 13 -1
13 14 31
13 15 29
13 16 28
13 17 18
13 18 18
13 19 25
13 20 18
13 21 14
13 22 8
13 23 31
13 24 12
13 25 23
13 26 7
13 27 29
13 28 31
13 29 34
13 30 29
13 31 7
13 32 25
13 33 8
13 34 29
13 35 28
13 36 27
13 37 17
13 38 21
13 39 16
13 40 27
13 41 21
13 42 28
13 43 14
13 44 26
13 45 14
13 46 8
13 47 28
13 48 12
13 49 12
13 50 30
13 51 21
13 52 16
14 1 31
14 2 15
14 3 14
14 4 9
14 5 36
14 6 22
14 7 48
14 8 54
14 9 34
14 10 18
14 11 41
14 12 22
14 13 31
14 14 -1
14 15 49
14 16 11
14 17 39
14 18 34
14 19 17
14 20 30
14 21 31
14 22 23
14 23 10
14 24 43
14 25 32
14 26 31
14 27 14
14 28 27
14 29 53
14 30 60
14 31 38
14 32 50
14 33 32
14 34 27
14 35 46
14 36 58
14 37 14
14 38 44
14 39 47
14 40 26
14 41 48
14 42 37
14 43 36
14 44 39
14 45 17
14 46 39
14 47 3
14 48 29
14 49 42
14 50 48
14 51 27
14 52 47
15 1 59
15 2 45
15 3 50
15 4 47
15 5 26
15 6 42
15 7 37
15 8 24
15 9 44
15 10 35
15 11 13
15 12 29
15 13 29
15 14 49
15 15 -1
15 16 52
15 17 47
15 18 48
15 19 34
15 20 48
15 21 19
15 22 32
15 23 43
15 24 25
15 25 53
15 26 23
15 27 38
15 28 60
15 29 5
15 30 40
15 31 29
15 32 8
15 33 38
15 34 58
15 35 4
15 36 41
15 37 37
15 38 7
15 39 24
15 40 27
15 41 11
15 42 58
15 43 43
15 44 56
15 45 34
15 46 25
15 47 48
15 48 41
15 49 21
15 50 2
15 51 50
15 52 23
16 1 20
16 2 26
16 3 4
16 4 20
16 5 33
16 6 15
16 7 42
16 8 51
16 9 25
16 10 16
16 11 41
16 12 22
16 13 28
16 14 11
16 15 52
16 16 -1
16 17 30
16 18 25
16 19 23
16 20 21
16 21 32
16 22 21
16 23 19
16 24 40
16 25 22
16 26 30
16 27 23
16 28 16
16 29 56
16 30 54
16 31 34
16 32 50
16 33 26
16 34 16
16 35 48
16 36 52
16 37 14
16 38 45
16 39 44
16 40 32
16 41 47
16 42 27
16 43 28
16 44 28
16 45 17
16 46 36
16 47 8
16 48 21
16 49 40
16 50 50
16 51 17
16 52 44
17 1 19
17 2 50
17 3 26
17 4 45
17 5 20
17 6 16
17 7 16
17 8 32
17 9 5
17 10 25
17 11 33
17 12 27
17 13 18
17 14 39
17 15 47
17 16 30
17 17 -1
17 18 5
17 19 40
17 20 9
17 21 32
17 22 22
17 23 42
17 24 23
17 25 11
17 26 25
17 27 43
17 28 23
17 29 52
17 30 28
17 31 17
17 32 41
17 33 10
17 34 21
17 35 46
17 36 25
17 37 27
17 38 39
17 39 26
17 40 45
17 41 37
17 42 13
17 43 4
17 44 10
17 45 26
17 46 22
17 47 35
17 48 10
17 49 26
17 50 47
17 51 14
17 52 27
18 1 14
18 2 46
18 3 21
18 4 41
18 5 21
18 6 12
18 7 21
18 8 35
18 9 4
18 10 23
18 11 34
18 12 25
18 13 18
18 14 34
18 15 48
18 16 25
18 17 5
18 18 -1
18 19 37
18 20 4
18 21 32
18 22 20
18 23 39
18 24 26
18 25 6
18 26 25
18 27 39
18 28 18
18 29 53
18 30 33
18 31 20
18 32 43
18 33 10
18 34 16
18 35 46
18 36 30
18 37 24
18 38 40
18 39 29
18 40 43
18 41 39
18 42 9
18 43 5
18 44 8
18 45 24
18 46 24
18 47 31
18 48 8
18 49 28
18 50 48
18 51 8
18 52 30
19 1 40
19 2 13
19 3 24
19 4 13
19 5 28
19 6 25
19 7 43
19 8 43
19 9 34
19 10 14
19 11 27
19 12 13
19 13 25
19 14 17
19 15 34
19 16 23
19 17 40
19 18 37
19 19 -1
19 20 34
19 21 17
19 22 18
19 23 9
19 24 34
19 25 38
19 26 21
19 27 4
19 28 37
19 29 37
19 30 53
19 31 32
19 32 35
19 33 30
19 34 37
19 35 30
19 36 52
19 37 13
19 38 29
19 39 37
19 40 9
19 41 34
19 42 44
19 43 36
19 44 44
19 45 13
19 46 30
19 47 17
19 48 29
19 49 32
19 50 32
19 51 33
19 52 37
20 1 12
20 2 42
20 3 16
20 4 37
20 5 22
20 6 9
20 7 24
20 8 37
20 9 6
20 10 20
20 11 34
20 12 22
20 13 18
20 14 30
20 15 48
20 16 21
20 17 9
20 18 4
20 19 34
20 20 -1
20 21 30
20 22 18
20 23 35
20 24 27
20 25 5
20 26 25
20 27 36
20 28 15
20 29 53
20 30 36
20 31 21
20 32 43
20 33 10
20 34 13
20 35 46
20 36 33
20 37 21
20 38 40
20 39 31
20 40 40
20 41 40
20 42 10
20 43 8
20 44 10
20 45 21
20 46 24
20 47 26
20 48 6
20 49 29
20 50 48
20 51 5
20 52 31
21 1 41
21 2 30
21 3 30
21 4 30
21 5 14
21 6 24
21 7 29
21 8 26
21 9 28
21 10 15
21 11 10
21 12 10
21 13 14
21 14 31
21 15 19
21 16 32
21 17 32
21 18 32
21 19 17
21 20 30
21 21 -1
21 22 13
21 23 25
21 24 18
21 25 35
21 26 7
21 27 21
21 28 41
21 29 24
21 30 38
21 31 18
21 32 19
21 33 22
21 34 39
21 35 16
21 36 37
21 37 18
21 38 13
21 39 21
21 40 15
21 41 17
21 42 41
21 43 28
21 44 40
21 45 15
21 46 15
21 47 29
21 48 24
21 49 15
21 50 18
21 51 32
21 52 20
22 1 27
22 2 30
22 3 18
22 4 26
22 5 12
22 6 10
22 7 25
22 8 30
22 9 17
22 10 5
22 11 20
22 12 5
22 13 8
22 14 23
22 15 32
22 16 21
22 17 22
22 18 20
22 19 18
22 20 18
22 21 13
22 22 -1
22 23 23
22 24 19
22 25 22
22 26 9
22 27 21
22 28 27
22 29 37
22 30 37
22 31 15
22 32 29
22 33 12
22 34 26
22 35 29
22 36 35
22 37 8
22 38 25
22 39 23
22 40 23
22 41 26
22 42 28
22 43 18
22 44 27
22 45 6
22 46 15
22 47 20
22 48 12
22 49 19
22 50 32
22 51 19
22 52 23
23 1 39
23 2 7
23 3 22
23 4 4
23 5 35
23 6 26
23 7 48
23 8 51
23 9 37
23 10 17
23 11 36
23 12 20
23 13 31
23 14 10
23 15 43
23 16 19
23 17 42
23 18 39
23 19 9
23 20 35
23 21 25
23 22 23
23 23 -1
23 24 41
23 25 38
23 26 28
23 27 5
23 28 35
23 29 46
23 30 60
23 31 38
23 32 44
23 33 34
23 34 35
23 35 39
23 36 58
23 37 15
23 38 38
23 39 45
23 40 17
23 41 43
23 42 44
23 43 39
23 44 44
23 45 17
23 46 37
23 47 11
23 48 32
23 49 39
23 50 41
23 51 33
23 52 44
24 1 39
24 2 47
24 3 37
24 4 45
24 5 7
24 6 26
24 7 12
24 8 11
24 9 21
24 10 25
24 11 13
24 12 21
24 13 12
24 14 43
24 15 25
24 16 40
24 17 23
24 18 26
24 19 34
24 20 27
24 21 18
24 22 19
24 23 41
24 24 -1
24 25 31
24 26 13
24 27 39
24 28 41
24 29 30
24 30 19
24 31 6
24 32 18
24 33 17
24 34 39
24 35 25
24 36 18
24 37 28
24 38 18
24 39 4
24 40 34
24 41 14
24 42 35
24 43 20
24 44 33
24 45 26
24 46 4
24 47 40
24 48 21
24 49 4
24 50 26
24 51 31
24 52 4
25 1 8
25 2 45
25 3 18
25 4 40
25 5 27
25 6 13
25 7 27
25 8 41
25 9 9
25 10 24
25 11 39
25 12 27
25 13 23
25 14 32
25 15 53
25 16 22
25 17 11
25 18 6
25 19 38
25 20 5
25 21 35
25 22 22
25 23 38
25 24 31
25 25 -1
25 26 30
25 27 40
25 28 12
25 29 58
25 30 39
25 31 25
25 32 48
25 33 15
25 34 10
25 35 51
25 36 36
25 37 25
25 38 45
25 39 35
25 40 44
25 41 44
25 42 6
25 43 11
25 44 6
25 45 25
25 46 29
25 47 29
25 48 11
25 49 33
25 50 53
25 51 5
25 52 35
26 1 36
26 2 34
26 3 28
26 4 32
26 5 7
26 6 19
26 7 22
26 8 22
26 9 21
26 10 14
26 11 10
26 12 9
26 13 7
26 14 31
26 15 23
26 16 30
26 17 25
26 18 25
26 19 21
26 20 25
26 21 7
26 22 9
26 23 28
26 24 13
26 25 30
26 26 -1
26 27 25
26 28 36
26 29 28
26 30 32
26 31 11
26 32 20
26 33 16
26 34 35
26 35 21
26 36 31
26 37 17
26 38 15
26 39 16
26 40 21
26 41 17
26 42 35
26 43 22
26 44 34
26 45 14
26 46 9
26 47 29
26 48 18
26 49 11
26 50 23
26 51 27
26 52 16
27 1 41
27 2 8
27 3 25
27 4 9
27 5 32
27 6 27
27 7 47
27 8 48
27 9 37
27 10 17
27 11 32
27 12 17
27 13 29
27 14 14
27 15 38
27 16 23
27 17 43
27 18 39
27 19 4
27 20 36
27 21 21
27 22 21
27 23 5
27 24 39
27 25 40
27 26 25
27 27 -1
27 28 38
27 29 41
27 30 57
27 31 36
27 32 40
27 33 34
27 34 37
27 35 34
27 36 56
27 37 15
27 38 33
27 39 42
27 40 11
27 41 38
27 42 46
27 43 39
27 44 46
27 45 16
27 46 34
27 47 15
27 48 32
27 49 36
27 50 36
27 51 35
27 52 41
28 1 5
28 2 42
28 3 13
28 4 36
28 5 35
28 6 17
28 7 39
28 8 52
28 9 21
28 10 26
28 11 47
28 12 31
28 13 31
28 14 27
28 15 60
28 16 16
28 17 23
28 18 18
28 19 37
28 20 15
28 21 41
28 22 27
28 23 35
28 24 41
28 25 12
28 26 36
28 27 38
28 28 -1
28 29 64
28 30 51
28 31 35
28 32 56
28 33 24
28 34 2
28 35 57
28 36 48
28 37 25
28 38 52
28 39 45
28 40 46
28 41 53
28 42 14
28 43 23
28 44 16
28 45 27
28 46 38
28 47 24
28 48 19
28 49 43
28 50 59
28 51 10
28 52 45
29 1 64
29 2 48
29 3 55
29 4 50
29 5 31
29 6 47
29 7 41
29 8 28
29 9 49
29 10 39
29 11 18
29 12 34
29 13 34
29 14 53
29 15 5
29 16 56
29 17 52
29 18 53
29 19 37
29 20 53
29 21 24
29 22 37
29 23 46
29 24 30
29 25 58
29 26 28
29 27 41
29 28 64
29 29 -1
29 30 44
29 31 34
29 32 12
29 33 43
29 34 63
29 35 7
29 36 45
29 37 42
29 38 12
29 39 28
29 40 30
29 41 15
29 42 63
29 43 48
29 44 61
29 45 39
29 46 30
29 47 52
29 48 46
29 49 26
29 50 5
29 51 55
29 52 27
30 1 47
30 2 66
30 3 50
30 4 64
30 5 25
30 6 39
30 7 12
30 8 16
30 9 30
30 10 43
30 11 31
30 12 40
30 13 29
30 14 60
30 15 40
30 16 54
30 17 28
30 18 33
30 19 53
30 20 36
30 21 38
30 22 37
30 23 60
30 24 19
30 25 39
30 26 32
30 27 57
30 28 51
30 29 44
30 30 -1
30 31 22
30 32 32
30 33 28
30 34 49
30 35 41
30 36 3
30 37 46
30 38 34
30 39 17
30 40 54
30 41 29
30 42 40
30 43 28
30 44 37
30 45 43
30 46 23
30 47 57
30 48 33
30 49 22
30 50 42
30 51 41
30 52 18
31 1 33
31 2 44
31 3 31
31 4 42
31 5 4
31 6 20
31 7 11
31 8 17
31 9 15
31 10 21
31 11 16
31 12 18
31 13 7
31 14 38
31 15 29
31 16 34
31 17 17
31 18 20
31 19 32
31 20 21
31 21 18
31 22 15
31 23 38
31 24 6
31 25 25
31 26 11
31 27 36
31 28 35
31 29 34
31 30 22
31 31 -1
31 32 23
31 33 10
31 34 33
31 35 28
31 36 20
31 37 24
31 38 21
31 39 10
31 40 33
31 41 19
31 42 29
31 43 14
31 44 27
31 45 21
31 46 4
31 47 35
31 48 15
31 49 8
31 50 30
31 51 25
31 52 10
32 1 55
32 2 48
32 3 48
32 4 48
32 5 21
32 6 39
32 7 29
32 8 16
32 9 38
32 10 33
32 11 9
32 12 28
32 13 25
32 14 50
32 15 8
32 16 50
32 17 41
32 18 43
32 19 35
32 20 43
32 21 19
32 22 29
32 23 44
32 24 18
32 25 48
32 26 20
32 27 40
32 28 56
32 29 12
32 30 32
32 31 23
32 32 -1
32 33 33
32 34 54
32 35 10
32 36 33
32 37 36
32 38 6
32 39 16
32 40 30
32 41 3
32 42 53
32 43 38
32 44 50
32 45 33
32 46 19
32 47 48
32 48 37
32 49 15
32 50 10
32 51 46
32 52 15
33 1 22
33 2 41
33 3 22
33 4 37
33 5 12
33 6 10
33 7 16
33 8 27
33 9 5
33 10 17
33 11 24
33 12 17
33 13 8
33 14 32
33 15 38
33 16 26
33 17 10
33 18 10
33 19 30
33 20 10
33 21 22
33 22 12
33 23 34
33 24 17
33 25 15
33 26 16
33 27 34
33 28 24
33 29 43
33 30 28
33 31 10
33 32 33
33 33 -1
33 34 22
33 35 36
33 36 26
33 37 19
33 38 30
33 39 20
33 40 35
33 41 29
33 42 19
33 43 6
33 44 18
33 45 17
33 46 14
33 47 29
33 48 5
33 49 18
33 50 38
33 51 14
33 52 21
34 1 4
34 2 42
34 3 13
34 4 36
34 5 34
34 6 15
34 7 37
34 8 50
34 9 19
34 10 25
34 11 45
34 12 29
34 13 29
34 14 27
34 15 58
34 16 16
34 17 21
34 18 16
34 19 37
34 20 13
34 21 39
34 22 26
34 23 35
34 24 39
34 25 10
34 26 35
34 27 37
34 28 2
34 29 63
34 30 49
34 31 33
34 32 54
34 33 22
34 34 -1
34 35 55
34 36 46
34 37 24
34 38 50
34 39 43
34 40 45
34 41 51
34 42 12
34 43 21
34 44 15
34 45 26
34 46 36
34 47 24
34 48 18
34 49 41
34 50 58
34 51 8
34 52 43
35 1 57
35 2 41
35 3 47
35 4 43
35 5 25
35 6 40
35 7 37
35 8 25
35 9 42
35 10 32
35 11 12
35 12 26
35 13 28
35 14 46
35 15 4
35 16 48
35 17 46
35 18 46
35 19 30
35 20 46
35 21 16
35 22 29
35 23 39
35 24 25
35 25 51
35 26 21
35 27 34
35 28 57
35 29 7
35 30 41
35 31 28
35 32 10
35 33 36
35 34 55
35 35 -1
35 36 42
35 37 34
35 38 7
35 39 25
35 40 23
35 41 12
35 42 56
35 43 42
35 44 54
35 45 31
35 46 24
35 47 44
35 48 39
35 49 21
35 50 2
35 51 48
35 52 24
36 1 44
36 2 65
36 3 48
36 4 62
36 5 24
36 6 37
36 7 10
36 8 17
36 9 27
36 10 41
36 11 31
36 12 38
36 13 27
36 14 58
36 15 41
36 16 52
36 17 25
36 18 30
36 19 52
36 20 33
36 21 37
36 22 35
36 23 58
36 24 18
36 25 36
36 26 31
36 27 56
36 28 48
36 29 45
36 30 3
36 31 20
36 32 33
36 33 26
36 34 46
36 35 42
36 36 -1
36 37 44
36 38 35
36 39 17
36 40 53
36 41 30
36 42 37
36 43 25
36 44 34
36 45 41
36 46 22
36 47 55
36 48 31
36 49 22
36 50 43
36 51 38
36 52 18
37 1 27
37 2 22
37 3 13
37 4 18
37 5 21
37 6 12
37 7 34
37 8 39
37 9 22
37 10 3
37 11 27
37 12 8
37 13 17
37 14 14
37 15 37
37 16 14
37 17 27
37 18 24
37 19 13
37 20 21
37 21 18
37 22 8
37 23 15
37 24 28
37 25 25
37 26 17
37 27 15
37 28 25
37 29 42
37 30 46
37 31 24
37 32 36
37 33 19
37 34 24
37 35 34
37 36 44
37 37 -1
37 38 31
37 39 32
37 40 20
37 41 34
37 42 31
37 43 24
37 44 31
37 45 3
37 46 24
37 47 12
37 48 17
37 49 27
37 50 36
37 51 20
37 52 32
38 1 51
38 2 41
38 3 43
38 4 42
38 5 18
38 6 35
38 7 30
38 8 19
38 9 36
38 10 28
38 11 5
38 12 23
38 13 21
38 14 44
38 15 7
38 16 45
38 17 39
38 18 40
38 19 29
38 20 40
38 21 13
38 22 25
38 23 38
38 24 18
38 25 45
38 26 15
38 27 33
38 28 52
38 29 12
38 30 34
38 31 21
38 32 6
38 33 30
38 34 50
38 35 7
38 36 35
38 37 31
38 38 -1
38 39 18
38 40 24
38 41 6
38 42 50
38 43 36
38 44 48
38 45 28
38 46 17
38 47 42
38 48 33
38 49 14
38 50 8
38 51 43
38 52 17
39 1 43
39 2 50
39 3 41
39 4 49
39 5 11
39 6 30
39 7 13
39 8 7
39 9 25
39 10 29
39 11 13
39 12 25
39 13 16
39 14 47
39 15 24
39 16 44
39 17 26
39 18 29
39 19 37
39 20 31
39 21 21
39 22 23
39 23 45
39 24 4
39 25 35
39 26 16
39 27 42
39 28 45
39 29 28
39 30 17
39 31 10
39 32 16
39 33 20
39 34 43
39 35 25
39 36 17
39 37 32
39 38 18
39 39 -1
39 40 37
39 41 13
39 42 39
39 43 24
39 44 36
39 45 29
39 46 8
39 47 44
39 48 25
39 49 5
39 50 26
39 51 35
39 52 1
40 1 48
40 2 18
40 3 33
40 4 20
40 5 29
40 6 31
40 7 44
40 8 41
40 9 40
40 10 20
40 11 24
40 12 18
40 13 27
40 14 26
40 15 27
40 16 32
40 17 45
40 18 43
40 19 9
40 20 40
40 21 15
40 22 23
40 23 17
40 24 34
40 25 44
40 26 21
40 27 11
40 28 46
40 29 30
40 30 54
40 31 33
40 32 30
40 33 35
40 34 45
40 35 23
40 36 53
40 37 20
40 38 24
40 39 37
40 40 -1
40 41 30
40 42 50
40 43 41
40 44 50
40 45 19
40 46 30
40 47 26
40 48 35
40 49 31
40 50 25
40 51 40
40 52 36
41 1 51
41 2 47
41 3 45
41 4 47
41 5 17
41 6 36
41 7 26
41 8 13
41 9 35
41 10 31
41 11 7
41 12 26
41 13 21
41 14 48
41 15 11
41 16 47
41 17 37
41 18 39
41 19 34
41 20 40
41 21 17
41 22 26
41 23 43
41 24 14
41 25 44
41 26 17
41 27 38
41 28 53
41 29 15
41 30 29
41 31 19
41 32 3
41 33 29
41 34 51
41 35 12
41 36 30
41 37 34
41 38 6
41 39 13
41 40 30
41 41 -1
41 42 49
41 43 34
41 44 47
41 45 31
41 46 15
41 47 46
41 48 33
41 49 11
41 50 13
41 51 43
41 52 12
42 1 8
42 2 51
42 3 23
42 4 46
42 5 31
42 6 19
42 7 29
42 8 45
42 9 14
42 10 30
42 11 44
42 12 33
42 13 28
42 14 37
42 15 58
42 16 27
42 17 13
42 18 9
42 19 44
42 20 10
42 21 41
42 22 28
42 23 44
42 24 35
42 25 6
42 26 35
42 27 46
42 28 14
42 29 63
42 30 40
42 31 29
42 32 53
42 33 19
42 34 12
42 35 56
42 36 37
42 37 31
42 38 50
42 39 39
42 40 50
42 41 49
42 42 -1
42 43 15
42 44 3
42 45 31
42 46 33
42 47 34
42 48 17
42 49 38
42 50 58
42 51 11
42 52 39
43 1 19
43 2 46
43 3 23
43 4 42
43 5 17
43 6 13
43 7 16
43 8 30
43 9 2
43 10 22
43 11 30
43 12 23
43 13 14
43 14 36
43 15 43
43 16 28
43 17 4
43 18 5
43 19 36
43 20 8
43 21 28
43 22 18
43 23 39
43 24 20
43 25 11
43 26 22
43 27 39
43 28 23
43 29 48
43 30 28
43 31 14
43 32 38
43 33 6
43 34 21
43 35 42
43 36 25
43 37 24
43 38 36
43 39 24
43 40 41
43 41 34
43 42 15
43 43 -1
43 44 12
43 45 23
43 46 19
43 47 32
43 48 7
43 49 23
43 50 44
43 51 13
43 52 24
44 1 11
44 2 52
44 3 24
44 4 46
44 5 29
44 6 19
44 7 26
44 8 42
44 9 12
44 10 30
44 11 42
44 12 32
44 13 26
44 14 39
44 15 56
44 16 28
44 17 10
44 18 8
44 19 44
44 20 10
44 21 40
44 22 27
44 23 44
44 24 33
44 25 6
44 26 34
44 27 46
44 28 16
44 29 61
44 30 37
44 31 27
44 32 50
44 33 18
44 34 15
44 35 54
44 36 34
44 37 31
44 38 48
44 39 36
44 40 50
44 41 47
44 42 3
44 43 12
44 44 -1
44 45 31
44 46 31
44 47 35
44 48 15
44 49 36
44 50 56
44 51 11
44 52 37
45 1 28
45 2 23
45 3 15
45 4 20
45 5 18
45 6 12
45 7 31
45 8 36
45 9 21
45 10 1
45 11 24
45 12 5
45 13 14
45 14 17
45 15 34
45 16 17
45 17 26
45 18 24
45 19 13
45 20 21
45 21 15
45 22 6
45 23 17
45 24 26
45 25 25
45 26 14
45 27 16
45 28 27
45 29 39
45 30 43
45 31 21
45 32 33
45 33 17
45 34 26
45 35 31
45 36 41
45 37 3
45 38 28
45 39 29
45 40 19
45 41 31
45 42 31
45 43 23
45 44 31
45 45 -1
45 46 21
45 47 15
45 48 16
45 49 24
45 50 34
45 51 20
45 52 29
46 1 36
46 2 43
46 3 33
46 4 41
46 5 3
46 6 22
46 7 14
46 8 15
46 9 19
46 10 21
46 11 11
46 12 17
46 13 8
46 14 39
46 15 25
46 16 36
46 17 22
46 18 24
46 19 30
46 20 24
46 21 15
46 22 15
46 23 37
46 24 4
46 25 29
46 26 9
46 27 34
46 28 38
46 29 30
46 30 23
46 31 4
46 32 19
46 33 14
46 34 36
46 35 24
46 36 22
46 37 24
46 38 17
46 39 8
46 40 30
46 41 15
46 42 33
46 43 19
46 44 31
46 45 21
46 46 -1
46 47 36
46 48 18
46 49 4
46 50 26
46 51 28
46 52 8
47 1 28
47 2 18
47 3 11
47 4 12
47 5 33
47 6 19
47 7 44
47 8 51
47 9 30
47 10 15
47 11 39
47 12 20
47 13 28
47 14 3
47 15 48
47 16 8
47 17 35
47 18 31
47 19 17
47 20 26
47 21 29
47 22 20
47 23 11
47 24 40
47 25 29
47 26 29
47 27 15
47 28 24
47 29 52
47 30 57
47 31 35
47 32 48
47 33 29
47 34 24
47 35 44
47 36 55
47 37 12
47 38 42
47 39 44
47 40 26
47 41 46
47 42 34
47 43 32
47 44 35
47 45 15
47 46 36
47 47 -1
47 48 25
47 49 39
47 50 47
47 51 23
47 52 44
48 1 18
48 2 39
48 3 17
48 4 34
48 5 16
48 6 6
48 7 20
48 8 32
48 9 5
48 10 15
48 11 28
48 12 17
48 13 12
48 14 29
48 15 41
48 16 21
48 17 10
48 18 8
48 19 29
48 20 6
48 21 24
48 22 12
48 23 32
48 24 21
48 25 11
48 26 18
48 27 32
48 28 19
48 29 46
48 30 33
48 31 15
48 32 37
48 33 5
48 34 18
48 35 39
48 36 31
48 37 17
48 38 33
48 39 25
48 40 35
48 41 33
48 42 17
48 43 7
48 44 15
48 45 16
48 46 18
48 47 25
48 48 -1
48 49 23
48 50 41
48 51 9
48 52 25
49 1 41
49 2 45
49 3 37
49 4 43
49 5 7
49 6 26
49 7 16
49 8 11
49 9 24
49 10 24
49 11 9
49 12 20
49 13 12
49 14 42
49 15 21
49 16 40
49 17 26
49 18 28
49 19 32
49 20 29
49 21 15
49 22 19
49 23 39
49 24 4
49 25 33
49 26 11
49 27 36
49 28 43
49 29 26
49 30 22
49 31 8
49 32 15
49 33 18
49 34 41
49 35 21
49 36 22
49 37 27
49 38 14
49 39 5
49 40 31
49 41 11
49 42 38
49 43 23
49 44 36
49 45 24
49 46 4
49 47 39
49 48 23
49 49 -1
49 50 22
49 51 33
49 52 5
50 1 59
50 2 43
50 3 49
50 4 45
50 5 27
50 6 42
50 7 38
50 8 26
50 9 44
50 10 34
50 11 14
50 12 29
50 13 30
50 14 48
50 15 2
50 16 50
50 17 47
50 18 48
50 19 32
50 20 48
50 21 18
50 22 32
50 23 41
50 24 26
50 25 53
50 26 23
50 27 36
50 28 59
50 29 5
50 30 42
50 31 30
50 32 10
50 33 38
50 34 58
50 35 2
50 36 43
50 37 36
50 38 8
50 39 26
50 40 25
50 41 13
50 42 58
50 43 44
50 44 56
50 45 34
50 46 26
50 47 47
50 48 41
50 49 22
50 50 -1
50 51 50
50 52 25
51 1 8
51 2 40
51 3 13
51 4 35
51 5 25
51 6 8
51 7 29
51 8 42
51 9 11
51 10 19
51 11 37
51 12 23
51 13 21
51 14 27
51 15 50
51 16 17
51 17 14
51 18 8
51 19 33
51 20 5
51 21 32
51 22 19
51 23 33
51 24 31
51 25 5
51 26 27
51 27 35
51 28 10
51 29 55
51 30 41
51 31 25
51 32 46
51 33 14
51 34 8
51 35 48
51 36 38
51 37 20
51 38 43
51 39 35
51 40 40
51 41 43
51 42 11
51 43 13
51 44 11
51 45 20
51 46 28
51 47 23
51 48 9
51 49 33
51 50 50
51 51 -1
51 52 35
52 1 43
52 2 50
52 3 41
52 4 48
52 5 11
52 6 30
52 7 13
52 8 7
52 9 25
52 10 29
52 11 12
52 12 25
52 13 16
52 14 47
52 15 23
52 16 44
52 17 27
52 18 30
52 19 37
52 20 31
52 21 20
52 22 23
52 23 44
52 24 4
52 25 35
52 26 16
52 27 41
52 28 45
52 29 27
52 30 18
52 31 10
52 32 15
52 33 21
52 34 43
52 35 24
52 36 18
52 37 32
52 38 17
52 39 1
52 40 36
52 41 12
52 42 39
52 43 24
52 44 37
52 45 29
52 46 8
52 47 44
52 48 25
52 49 5
52 50 25
52 51 35
52 52 -1
