1 1 0.0
1 2 4.242640687119285
1 3 3.605551275463989
1 4 2.23606797749979
1 5 6.324555320336759
1 6 2.0
1 7 6.708203932499369
1 8 5.0
1 9 2.8284271247461903
1 10 8.06225774829855
2 1 4.242640687119285
2 2 0.0
2 3 5.0
2 4 2.23606797749979
2 5 5.830951894845301
2 6 5.830951894845301
2 7 6.708203932499369
2 8 1.0
2 9 7.0710678118654755
2 10 8.06225774829855
3 1 3.605551275463989
3 2 5.0
3 3 0.0
3 4 3.1622776601683795
3 5 9.433981132056603
3 6 3.0
3 7 10.0
3 8 5.0990195135927845
3 9 5.0
3 10 11.40175425099138
4 1 2.23606797749979
4 2 2.23606797749979
4 3 3.1622776601683795
4 4 0.0
4 5 6.4031242374328485
4 6 3.605551275463989
4 7 7.0710678118654755
4 8 2.8284271247461903
4 9 5.0
4 10 8.48528137423857
5 1 6.324555320336759
5 2 5.830951894845301
5 3 9.433981132056603
5 4 6.4031242374328485
5 5 0.0
5 6 8.246211251235321
5 7 1.0
5 8 6.708203932499369
5 9 8.0
5 10 2.23606797749979
6 1 2.0
6 2 5.830951894845301
6 3 3.0
6 4 3.605551275463989
6 5 8.246211251235321
6 6 0.0
6 7 8.54400374531753
6 8 6.4031242374328485
6 9 2.0
6 10 9.848857801796104
7 1 6.708203932499369
7 2 6.708203932499369
7 3 10.0
7 4 7.0710678118654755
7 5 1.0
7 6 8.54400374531753
7 7 0.0
7 8 7.615773105863909
7 9 8.06225774829855
7 10 1.4142135623730951
8 1 5.0
8 2 1.0
8 3 5.0990195135927845
8 4 2.8284271247461903
8 5 6.708203932499369
8 6 6.4031242374328485
8 7 7.615773105863909
8 8 0.0
8 9 7.810249675906654
8 10 8.94427190999916
9 1 2.8284271247461903
9 2 7.0710678118654755
9 3 5.0
9 4 5.0
9 5 8.0
9 6 2.0
9 7 8.06225774829855
9 8 7.810249675906654
9 9 0.0
9 10 9.219544457292887
10 1 8.06225774829855
10 2 8.06225774829855
10 3 11.40175425099138
10 4 8.48528137423857
10 5 2.23606797749979
10 6 9.848857801796104
10 7 1.4142135623730951
10 8 8.94427190999916
10 9 9.219544457292887
10 10 0.0
