1 1 -1
1 2 59
1 3 21
1 4 61
1 5 10
1 6 36
1 7 58
1 8 66
1 9 67
1 10 59
1 11 24
1 12 51
1 13 58
1 14 15
1 15 29
1 16 46
1 17 39
1 18 21
1 19 65
1 20 28
1 21 56
1 22 18
1 23 8
1 24 42
1 25 25
1 26 42
1 27 17
1 28 58
1 29 59
1 30 47
1 31 21
1 32 45
1 33 47
1 34 59
1 35 54
1 36 29
1 37 38
1 38 35
1 39 41
1 40 17
1 41 24
1 42 40
1 43 22
1 44 34
1 45 63
1 46 18
1 47 43
1 48 69
1 49 12
1 50 21
1 51 70
1 52 31
1 53 55
1 54 59
1 55 39
1 56 53
1 57 37
1 58 55
1 59 61
1 60 43
1 61 43
1 62 17
1 63 29
1 64 55
1 65 77
1 66 52
1 67 60
1 68 50
1 69 17
1 70 70
2 1 59
2 2 -1
2 3 46
2 4 5
2 5 54
2 6 46
2 7 2
2 8 56
2 9 24
2 10 20
2 11 39
2 12 17
2 13 23
2 14 49
2 15 54
2 16 12
2 17 26
2 18 72
2 19 8
2 20 39
2 21 58
2 22 56
2 23 50
2 24 18
2 25 43
2 26 61
2 27 52
2 28 3
2 29 14
2 30 54
2 31 38
2 32 36
2 33 21
2 34 10
2 35 49
2 36 29
2 37 28
2 38 53
2 39 30
2 40 49
2 41 48
2 42 20
2 43 43
2 44 42
2 45 13
2 46 42
2 47 39
2 48 13
2 49 60
2 50 47
2 51 57
2 52 40
2 53 4
2 54 34
2 55 29
2 56 58
2 57 44
2 58 10
2 59 9
2 60 61
2 61 34
2 62 43
2 63 59
2 64 6
2 65 26
2 66 40
2 67 46
2 68 9
2 69 42
2 70 13
3 1 21
3 2 46
3 3 -1
3 4 49
3 5 11
3 6 16
3 7 44
3 8 45
3 9 48
3 10 41
3 11 6
3 12 33
3 13 38
3 14 25
3 15 13
3 16 33
3 17 21
3 18 27
3 19 53
3 20 31
3 21 37
3 22 10
3 23 13
3 24 27
3 25 30
3 26 26
3 27 6
3 28 46
3 29 41
3 30 27
3 31 16
3 32 46
3 33 41
3 34 49
3 35 33
3 36 20
3 37 35
3 38 16
3 39 39
3 40 4
3 41 5
3 42 32
3 43 27
3 44 13
3 45 46
3 46 20
3 47 45
3 48 53
3 49 15
3 50 29
3 51 49
3 52 10
3 53 42
3 54 39
3 55 20
3 56 34
3 57 42
3 58 45
3 59 45
3 60 27
3 61 22
3 62 20
3 63 16
3 64 41
3 65 59
3 66 31
3 67 39
3 68 37
3 69 16
3 70 55
4 1 61
4 2 5
4 3 49
4 4 -1
4 5 57
4 6 51
4 7 7
4 8 61
4 9 29
4 10 25
4 11 42
4 12 22
4 13 29
4 14 50
4 15 58
4 16 16
4 17 30
4 18 76
4 19 3
4 20 39
4 21 64
4 22 59
4 23 53
4 24 22
4 25 43
4 26 66
4 27 55
4 28 3
4 29 19
4 30 59
4 31 40
4 32 34
4 33 19
4 34 6
4 35 54
4 36 32
4 37 27
4 38 57
4 39 28
4 40 52
4 41 52
4 42 21
4 43 44
4 44 46
4 45 18
4 46 43
4 47 37
4 48 16
4 49 63
4 50 48
4 51 63
4 52 44
4 53 7
4 54 39
4 55 34
4 56 63
4 57 42
4 58 8
4 59 14
4 60 66
4 61 39
4 62 44
4 63 63
4 64 11
4 65 30
4 66 46
4 67 52
4 68 12
4 69 44
4 70 15
5 1 10
5 2 54
5 3 11
5 4 57
5 5 -1
5 6 26
5 7 53
5 8 55
5 9 59
5 10 51
5 11 16
5 12 44
5 13 50
5 14 20
5 15 19
5 16 42
5 17 31
5 18 18
5 19 61
5 20 31
5 21 46
5 22 8
5 23 7
5 24 36
5 25 28
5 26 32
5 27 7
5 28 54
5 29 52
5 30 36
5 31 18
5 32 48
5 33 45
5 34 56
5 35 44
5 36 25
5 37 38
5 38 24
5 39 42
5 40 7
5 41 14
5 42 38
5 43 25
5 44 24
5 45 57
5 46 19
5 47 46
5 48 63
5 49 6
5 50 26
5 51 59
5 52 21
5 53 50
5 54 50
5 55 31
5 56 42
5 57 41
5 58 52
5 59 55
5 60 33
5 61 34
5 62 19
5 63 19
5 64 50
5 65 70
5 66 42
5 67 50
5 68 45
5 69 16
5 70 65
6 1 36
6 2 46
6 3 16
6 4 51
6 5 26
6 6 -1
6 7 44
6 8 29
6 9 40
6 10 34
6 11 16
6 12 30
6 13 31
6 14 40
6 15 10
6 16 36
6 17 21
6 18 35
6 19 54
6 20 45
6 21 21
6 22 20
6 23 29
6 24 30
6 25 45
6 26 15
6 27 19
6 28 48
6 29 37
6 30 12
6 31 29
6 32 58
6 33 48
6 34 53
6 35 18
6 36 29
6 37 45
6 38 6
6 39 50
6 40 19
6 41 12
6 42 39
6 43 42
6 44 5
6 45 42
6 46 34
6 47 57
6 48 49
6 49 27
6 50 45
6 51 33
6 52 9
6 53 44
6 54 27
6 55 17
6 56 18
6 57 56
6 58 50
6 59 42
6 60 15
6 61 13
6 62 35
6 63 14
6 64 40
6 65 52
6 66 17
6 67 24
6 68 40
6 69 31
6 70 52
7 1 58
7 2 2
7 3 44
7 4 7
7 5 53
7 6 44
7 7 -1
7 8 53
7 9 22
7 10 18
7 11 38
7 12 15
7 13 21
7 14 49
7 15 53
7 16 12
7 17 24
7 18 71
7 19 10
7 20 40
7 21 56
7 22 55
7 23 50
7 24 17
7 25 43
7 26 59
7 27 51
7 28 5
7 29 12
7 30 52
7 31 37
7 32 37
7 33 22
7 34 12
7 35 46
7 36 29
7 37 29
7 38 51
7 39 31
7 40 48
7 41 46
7 42 20
7 43 44
7 44 40
7 45 11
7 46 42
7 47 40
7 48 12
7 49 59
7 50 48
7 51 55
7 52 38
7 53 5
7 54 32
7 55 27
7 56 56
7 57 45
7 58 12
7 59 7
7 60 59
7 61 32
7 62 43
7 63 57
7 64 4
7 65 25
7 66 38
7 67 44
7 68 8
7 69 42
7 70 12
8 1 66
8 2 56
8 3 45
8 4 61
8 5 55
8 6 29
8 7 53
8 8 -1
8 9 36
8 10 36
8 11 44
8 12 39
8 13 32
8 14 69
8 15 38
8 16 51
8 17 39
8 18 61
8 19 63
8 20 71
8 21 12
8 22 49
8 23 59
8 24 46
8 25 72
8 26 29
8 27 48
8 28 59
8 29 42
8 30 20
8 31 56
8 32 80
8 33 67
8 34 65
8 35 11
8 36 53
8 37 67
8 38 32
8 39 72
8 40 49
8 41 41
8 42 59
8 43 69
8 44 32
8 45 45
8 46 62
8 47 81
8 48 51
8 49 56
8 50 72
8 51 4
8 52 36
8 53 55
8 54 21
8 55 35
8 56 16
8 57 81
8 58 64
8 59 48
8 60 28
8 61 28
8 62 63
8 63 40
8 64 50
8 65 46
8 66 17
8 67 9
8 68 53
8 69 59
8 70 54
9 1 67
9 2 24
9 3 48
9 4 29
9 5 59
9 6 40
9 7 22
9 8 36
9 9 -1
9 10 8
9 11 42
9 12 17
9 13 9
9 14 62
9 15 50
9 16 27
9 17 28
9 18 74
9 19 30
9 20 57
9 21 42
9 22 57
9 23 58
9 24 28
9 25 60
9 26 51
9 27 54
9 28 28
9 29 11
9 30 42
9 31 48
9 32 58
9 33 43
9 34 35
9 35 33
9 36 41
9 37 48
9 38 46
9 39 51
9 40 52
9 41 48
9 42 38
9 43 59
9 44 38
9 45 11
9 46 54
9 47 61
9 48 16
9 49 63
9 50 63
9 51 36
9 52 38
9 53 26
9 54 15
9 55 28
9 56 43
9 57 64
9 58 35
9 59 15
9 60 51
9 61 26
9 62 55
9 63 55
9 64 21
9 65 12
9 66 26
9 67 28
9 68 27
9 69 53
9 70 18
10 1 59
10 2 20
10 3 41
10 4 25
10 5 51
10 6 34
10 7 18
10 8 36
10 9 8
10 10 -1
10 11 35
10 12 9
10 13 4
10 14 54
10 15 44
10 16 20
10 17 20
10 18 67
10 19 27
10 20 49
10 21 41
10 22 50
10 23 50
10 24 20
10 25 52
10 26 47
10 27 47
10 28 23
10 29 5
10 30 38
10 31 40
10 32 51
10 33 36
10 34 30
10 35 31
10 36 33
10 37 40
10 38 41
10 39 44
10 40 44
10 41 41
10 42 31
10 43 51
10 44 31
10 45 9
10 46 46
10 47 53
10 48 16
10 49 56
10 50 55
10 51 37
10 52 31
10 53 21
10 54 14
10 55 20
10 56 41
10 57 56
10 58 29
10 59 11
10 60 47
10 61 20
10 62 47
10 63 49
10 64 15
10 65 18
10 66 23
10 67 27
10 68 21
10 69 45
10 70 19
11 1 24
11 2 39
11 3 6
11 4 42
11 5 16
11 6 16
11 7 38
11 8 44
11 9 42
11 10 35
11 11 -1
11 12 27
11 13 33
11 14 24
11 15 18
11 16 26
11 17 15
11 18 33
11 19 46
11 20 28
11 21 38
11 22 17
11 23 16
11 24 21
11 25 28
11 26 29
11 27 13
11 28 39
11 29 35
11 30 29
11 31 12
11 32 42
11 33 35
11 34 42
11 35 33
11 36 14
11 37 30
11 38 20
11 39 34
11 40 9
11 41 10
11 42 26
11 43 25
11 44 12
11 45 40
11 46 18
11 47 41
11 48 46
11 49 21
11 50 28
11 51 48
11 52 8
11 53 35
11 54 35
11 55 14
11 56 35
11 57 39
11 58 39
11 59 38
11 60 30
11 61 19
11 62 18
11 63 22
11 64 34
11 65 53
11 66 28
11 67 37
11 68 30
11 69 14
11 70 48
12 1 51
12 2 17
12 3 33
12 4 22
12 5 44
12 6 30
12 7 15
12 8 39
12 9 17
12 10 9
12 11 27
12 12 -1
12 13 9
12 14 45
12 15 39
12 16 12
12 17 12
12 18 60
12 19 25
12 20 40
12 21 41
12 22 43
12 23 42
12 24 11
12 25 43
12 26 44
12 27 40
12 28 19
12 29 7
12 30 37
12 31 32
12 32 43
12 33 29
12 34 26
12 35 32
12 36 24
12 37 32
12 38 37
12 39 35
12 40 37
12 41 34
12 42 22
12 43 42
12 44 26
12 45 12
12 46 37
12 47 45
12 48 19
12 49 48
12 50 46
12 51 41
12 52 25
12 53 16
12 54 19
12 55 14
12 56 41
12 57 48
12 58 24
12 59 12
12 60 44
12 61 17
12 62 38
12 63 44
12 64 11
12 65 26
12 66 23
12 67 30
12 68 14
12 69 36
12 70 21
13 1 58
13 2 23
13 3 38
13 4 29
13 5 50
13 6 31
13 7 21
13 8 32
13 9 9
13 10 4
13 11 33
13 12 9
13 13 -1
13 14 54
13 15 41
13 16 21
13 17 19
13 18 64
13 19 31
13 20 49
13 21 37
13 22 48
13 23 49
13 24 20
13 25 52
13 26 43
13 27 44
13 28 26
13 29 9
13 30 34
13 31 40
13 32 53
13 33 38
13 34 33
13 35 27
13 36 33
13 37 42
13 38 38
13 39 45
13 40 42
13 41 38
13 42 32
13 43 51
13 44 29
13 45 13
13 46 46
13 47 55
13 48 20
13 49 53
13 50 55
13 51 34
13 52 29
13 53 24
13 54 10
13 55 18
13 56 37
13 57 57
13 58 32
13 59 15
13 60 43
13 61 17
13 62 47
13 63 46
13 64 18
13 65 21
13 66 19
13 67 23
13 68 23
13 69 44
13 70 23
14 1 15
14 2 49
14 3 25
14 4 50
14 5 20
14 6 40
14 7 49
14 8 69
14 9 62
14 10 54
14 11 24
14 12 45
14 13 54
14 14 -1
14 15 37
14 16 38
14 17 35
14 18 36
14 19 54
14 20 13
14 21 62
14 22 28
14 23 13
14 24 35
14 25 10
14 26 50
14 27 25
14 28 48
14 29 52
14 30 52
14 31 14
14 32 30
14 33 34
14 34 47
14 35 57
14 36 21
14 37 25
14 38 41
14 39 27
14 40 22
14 41 29
14 42 29
14 43 7
14 44 36
14 45 56
14 46 8
14 47 28
14 48 60
14 49 25
14 50 6
14 51 73
14 52 32
14 53 45
14 54 58
14 55 37
14 56 59
14 57 22
14 58 43
14 59 53
14 60 51
14 61 42
14 62 7
14 63 39
14 64 47
14 65 71
14 66 53
14 67 61
14 68 40
14 69 10
14 70 62
15 1 29
15 2 54
15 3 13
15 4 58
15 5 19
15 6 10
15 7 53
15 8 38
15 9 50
15 10 44
15 11 18
15 12 39
15 13 41
15 14 37
15 15 -1
15 16 42
15 17 28
15 18 24
15 19 62
15 20 45
15 21 27
15 22 11
15 23 24
15 24 36
15 25 44
15 26 13
15 27 12
15 28 55
15 29 47
15 30 18
15 31 29
15 32 60
15 33 53
15 34 59
15 35 27
15 36 32
15 37 48
15 38 6
15 39 52
15 40 14
15 41 8
15 42 44
15 43 41
15 44 13
15 45 52
15 46 33
15 47 59
15 48 59
15 49 18
15 50 42
15 51 42
15 52 14
15 53 51
15 54 38
15 55 25
15 56 23
15 57 55
15 58 56
15 59 51
15 60 14
15 61 24
15 62 33
15 63 4
15 64 49
15 65 62
15 66 27
15 67 33
15 68 47
15 69 29
15 70 61
16 1 46
16 2 12
16 3 33
16 4 16
16 5 42
16 6 36
16 7 12
16 8 51
16 9 27
16 10 20
16 11 26
16 12 12
16 13 21
16 14 38
16 15 42
16 16 -1
16 17 15
16 18 60
16 19 19
16 20 30
16 21 51
16 22 43
16 23 38
16 24 6
16 25 33
16 26 51
16 27 39
16 28 13
16 29 16
16 30 44
16 31 25
16 32 31
16 33 17
16 34 17
16 35 42
16 36 17
16 37 20
16 38 42
16 39 23
16 40 36
16 41 36
16 42 11
16 43 32
16 44 31
16 45 19
16 46 30
16 47 33
16 48 22
16 49 47
16 50 37
16 51 53
16 52 28
16 53 8
16 54 31
16 55 19
16 56 50
16 57 36
16 58 14
16 59 15
16 60 51
16 61 25
16 62 31
16 63 47
16 64 8
16 65 34
16 66 34
16 67 41
16 68 4
16 69 30
16 70 24
17 1 39
17 2 26
17 3 21
17 4 30
17 5 31
17 6 21
17 7 24
17 8 39
17 9 28
17 10 20
17 11 15
17 12 12
17 13 19
17 14 35
17 15 28
17 16 15
17 17 -1
17 18 48
17 19 33
17 20 32
17 21 37
17 22 31
17 23 30
17 24 9
17 25 34
17 26 36
17 27 27
17 28 27
17 29 20
17 30 30
17 31 21
17 32 41
17 33 29
17 34 32
17 35 29
17 36 14
17 37 28
17 38 27
17 39 32
17 40 24
17 41 22
17 42 20
17 43 32
17 44 16
17 45 25
17 46 27
17 47 41
17 48 31
17 49 36
17 50 36
17 51 42
17 52 13
17 53 23
17 54 23
17 55 4
17 56 35
17 57 42
17 58 29
17 59 24
17 60 36
17 61 11
17 62 28
17 63 32
17 64 20
17 65 38
17 66 21
17 67 30
17 68 19
17 69 25
17 70 34
18 1 21
18 2 72
18 3 27
18 4 76
18 5 18
18 6 35
18 7 71
18 8 61
18 9 74
18 10 67
18 11 33
18 12 60
18 13 64
18 14 36
18 15 24
18 16 60
18 17 48
18 18 -1
18 19 79
18 20 49
18 21 50
18 22 16
18 23 25
18 24 54
18 25 46
18 26 33
18 27 20
18 28 73
18 29 68
18 30 41
18 31 37
18 32 66
18 33 64
18 34 75
18 35 51
18 36 44
18 37 57
18 38 30
18 39 60
18 40 23
18 41 26
18 42 57
18 43 43
18 44 36
18 45 73
18 46 37
18 47 64
18 48 80
18 49 13
18 50 42
18 51 65
18 52 35
18 53 69
18 54 62
18 55 46
18 56 46
18 57 58
18 58 71
18 59 72
18 60 34
18 61 47
18 62 37
18 63 21
18 64 68
18 65 85
18 66 52
18 67 58
18 68 64
18 69 34
18 70 82
19 1 65
19 2 8
19 3 53
19 4 3
19 5 61
19 6 54
19 7 10
19 8 63
19 9 30
19 10 27
19 11 46
19 12 25
19 13 31
19 14 54
19 15 62
19 16 19
19 17 33
19 18 79
19 19 -1
19 20 42
19 21 66
19 22 63
19 23 56
19 24 25
19 25 47
19 26 69
19 27 59
19 28 6
19 29 21
19 30 62
19 31 43
19 32 36
19 33 22
19 34 8
19 35 56
19 36 35
19 37 30
19 38 61
19 39 31
19 40 55
19 41 55
19 42 24
19 43 47
19 44 50
19 45 19
19 46 47
19 47 39
19 48 15
19 49 66
19 50 51
19 51 65
19 52 47
19 53 10
19 54 41
19 55 37
19 56 66
19 57 45
19 58 10
19 59 15
19 60 69
19 61 42
19 62 48
19 63 66
19 64 14
19 65 29
19 66 48
19 67 54
19 68 15
19 69 48
19 70 14
20 1 28
20 2 39
20 3 31
20 4 39
20 5 31
20 6 45
20 7 40
20 8 71
20 9 57
20 10 49
20 11 28
20 12 40
20 13 49
20 14 13
20 15 45
20 16 30
20 17 32
20 18 49
20 19 42
20 20 -1
20 21 66
20 22 38
20 23 24
20 24 29
20 25 4
20 26 57
20 27 34
20 28 37
20 29 46
20 30 57
20 31 15
20 32 17
20 33 21
20 34 35
20 35 60
20 36 17
20 37 12
20 38 48
20 39 13
20 40 31
20 41 36
20 42 19
20 43 6
20 44 40
20 45 49
20 46 12
20 47 15
20 48 52
20 49 37
20 50 9
20 51 74
20 52 36
20 53 35
20 54 56
20 55 36
20 56 63
20 57 10
20 58 32
20 59 45
20 60 58
20 61 43
20 62 12
20 63 47
20 64 38
20 65 64
20 66 53
20 67 62
20 68 31
20 69 15
20 70 52
21 1 56
21 2 58
21 3 37
21 4 64
21 5 46
21 6 21
21 7 56
21 8 12
21 9 42
21 10 41
21 11 38
21 12 41
21 13 37
21 14 62
21 15 27
21 16 51
21 17 37
21 18 50
21 19 66
21 20 66
21 21 -1
21 22 39
21 23 50
21 24 46
21 25 66
21 26 17
21 27 39
21 28 61
21 29 46
21 30 9
21 31 51
21 32 78
21 33 66
21 34 67
21 35 10
21 36 49
21 37 65
21 38 21
21 39 69
21 40 40
21 41 33
21 42 57
21 43 64
21 44 26
21 45 50
21 46 56
21 47 78
21 48 57
21 49 45
21 50 66
21 51 16
21 52 30
21 53 57
21 54 27
21 55 33
21 56 4
21 57 77
21 58 65
21 59 52
21 60 16
21 61 26
21 62 57
21 63 29
21 64 52
21 65 54
21 66 18
21 67 15
21 68 54
21 69 53
21 70 60
22 1 18
22 2 56
22 3 10
22 4 59
22 5 8
22 6 20
22 7 55
22 8 49
22 9 57
22 10 50
22 11 17
22 12 43
22 13 48
22 14 28
22 15 11
22 16 43
22 17 31
22 18 16
22 19 63
22 20 38
22 21 39
22 22 -1
22 23 15
22 24 38
22 25 36
22 26 24
22 27 4
22 28 56
22 29 51
22 30 29
22 31 24
22 32 54
22 33 50
22 34 59
22 35 38
22 36 29
22 37 44
22 38 17
22 39 48
22 40 8
22 41 9
22 42 41
22 43 33
22 44 19
22 45 56
22 46 25
22 47 53
22 48 63
22 49 7
22 50 34
22 51 53
22 52 18
22 53 52
22 54 46
22 55 29
22 56 35
22 57 48
22 58 55
22 59 55
22 60 25
22 61 30
22 62 26
22 63 11
22 64 51
22 65 69
22 66 37
22 67 44
22 68 47
22 69 22
22 70 65
23 1 8
23 2 50
23 3 13
23 4 53
23 5 7
23 6 29
23 7 50
23 8 59
23 9 58
23 10 50
23 11 16
23 12 42
23 13 49
23 14 13
23 15 24
23 16 38
23 17 30
23 18 25
23 19 56
23 20 24
23 21 50
23 22 15
23 23 -1
23 24 33
23 25 21
23 26 38
23 27 12
23 28 50
23 29 50
23 30 41
23 31 13
23 32 41
23 33 39
23 34 51
23 35 47
23 36 21
23 37 32
23 38 29
23 39 35
23 40 10
23 41 17
23 42 32
23 43 18
23 44 26
23 45 54
23 46 12
23 47 39
23 48 60
23 49 13
23 50 18
23 51 63
23 52 23
23 53 46
23 54 51
23 55 30
23 56 47
23 57 33
23 58 47
23 59 52
23 60 39
23 61 35
23 62 12
23 63 26
23 64 46
23 65 68
23 66 44
23 67 52
23 68 41
23 69 9
23 70 62
24 1 42
24 2 18
24 3 27
24 4 22
24 5 36
24 6 30
24 7 17
24 8 46
24 9 28
24 10 20
24 11 21
24 12 11
24 13 20
24 14 35
24 15 36
24 16 6
24 17 9
24 18 54
24 19 25
24 20 29
24 21 46
24 22 38
24 23 33
24 24 -1
24 25 32
24 26 45
24 27 34
24 28 18
24 29 17
24 30 39
24 31 21
24 32 34
24 33 20
24 34 23
24 35 37
24 36 13
24 37 21
24 38 36
24 39 25
24 40 30
24 41 30
24 42 12
24 43 31
24 44 25
24 45 21
24 46 27
24 47 35
24 48 26
24 49 42
24 50 35
24 51 49
24 52 22
24 53 14
24 54 28
24 55 13
24 56 44
24 57 37
24 58 20
24 59 18
24 60 45
24 61 19
24 62 28
24 63 41
24 64 13
24 65 36
24 66 29
24 67 37
24 68 10
24 69 26
24 70 28
25 1 25
25 2 43
25 3 30
25 4 43
25 5 28
25 6 45
25 7 43
25 8 72
25 9 60
25 10 52
25 11 28
25 12 43
25 13 52
25 14 10
25 15 44
25 16 33
25 17 34
25 18 46
25 19 47
25 20 4
25 21 66
25 22 36
25 23 21
25 24 32
25 25 -1
25 26 57
25 27 33
25 28 41
25 29 49
25 30 57
25 31 15
25 32 20
25 33 25
25 34 39
25 35 60
25 36 19
25 37 16
25 38 47
25 39 17
25 40 29
25 41 35
25 42 23
25 43 3
25 44 40
25 45 52
25 46 10
25 47 18
25 48 55
25 49 34
25 50 5
25 51 75
25 52 36
25 53 39
25 54 58
25 55 37
25 56 63
25 57 12
25 58 36
25 59 48
25 60 57
25 61 44
25 62 10
25 63 46
25 64 41
25 65 67
25 66 55
25 67 63
25 68 35
25 69 14
25 70 56
26 1 42
26 2 61
26 3 26
26 4 66
26 5 32
26 6 15
26 7 59
26 8 29
26 9 51
26 10 47
26 11 29
26 12 44
26 13 43
26 14 50
26 15 13
26 16 51
26 17 36
26 18 33
26 19 69
26 20 57
26 21 17
26 22 24
26 23 38
26 24 45
26 25 57
26 26 -1
26 27 25
26 28 63
26 29 51
26 30 10
26 31 42
26 32 72
26 33 63
26 34 68
26 35 21
26 36 43
26 37 59
26 38 9
26 39 64
26 40 28
26 41 21
26 42 54
26 43 54
26 44 20
26 45 55
26 46 46
26 47 71
26 48 63
26 49 30
26 50 55
26 51 33
26 52 23
26 53 59
26 54 37
26 55 32
26 56 13
26 57 68
26 58 65
26 59 56
26 60 1
26 61 27
26 62 47
26 63 13
26 64 55
26 65 64
26 66 25
26 67 28
26 68 55
26 69 42
26 70 66
27 1 17
27 2 52
27 3 6
27 4 55
27 5 7
27 6 19
27 7 51
27 8 48
27 9 54
27 10 47
27 11 13
27 12 40
27 13 44
27 14 25
27 15 12
27 16 39
27 17 27
27 18 20
27 19 59
27 20 34
27 21 39
27 22 4
27 23 12
27 24 34
27 25 33
27 26 25
27 27 -1
27 28 52
27 29 48
27 30 29
27 31 20
27 32 50
27 33 46
27 34 55
27 35 37
27 36 25
27 37 40
27 38 17
27 39 44
27 40 4
27 41 7
27 42 37
27 43 29
27 44 17
27 45 53
27 46 22
27 47 49
27 48 59
27 49 8
27 50 31
27 51 52
27 52 15
27 53 48
27 54 44
27 55 26
27 56 35
27 57 45
27 58 51
27 59 51
27 60 26
27 61 28
27 62 22
27 63 13
27 64 47
27 65 65
27 66 35
27 67 43
27 68 43
27 69 18
27 70 61
28 1 58
28 2 3
28 3 46
28 4 3
28 5 54
28 6 48
28 7 5
28 8 59
28 9 28
28 10 23
28 11 39
28 12 19
28 13 26
28 14 48
28 15 55
28 16 13
28 17 27
28 18 73
28 19 6
28 20 37
28 21 61
28 22 56
28 23 50
28 24 18
28 25 41
28 26 63
28 27 52
28 28 -1
28 29 17
28 30 56
28 31 37
28 32 33
28 33 18
28 34 7
28 35 51
28 36 29
28 37 25
28 38 54
28 39 27
28 40 49
28 41 49
28 42 18
28 43 42
28 44 43
28 45 17
28 46 41
28 47 36
28 48 16
28 49 60
28 50 46
28 51 60
28 52 41
28 53 4
28 54 37
28 55 31
28 56 60
28 57 41
28 58 7
28 59 12
28 60 63
28 61 36
28 62 42
28 63 60
28 64 8
28 65 30
28 66 43
28 67 49
28 68 8
28 69 41
28 70 16
29 1 59
29 2 14
29 3 41
29 4 19
29 5 52
29 6 37
29 7 12
29 8 42
29 9 11
29 10 5
29 11 35
29 12 7
29 13 9
29 14 52
29 15 47
29 16 16
29 17 20
29 18 68
29 19 21
29 20 46
29 21 46
29 22 51
29 23 50
29 24 17
29 25 49
29 26 51
29 27 48
29 28 17
29 29 -1
29 30 42
29 31 39
29 32 47
29 33 31
29 34 24
29 35 36
29 36 31
29 37 36
29 38 44
29 39 39
29 40 45
29 41 42
29 42 27
29 43 48
29 44 34
29 45 5
29 46 44
29 47 49
29 48 12
29 49 56
29 50 52
29 51 43
29 52 33
29 53 15
29 54 20
29 55 22
29 56 46
29 57 52
29 58 24
29 59 6
29 60 50
29 61 23
29 62 45
29 63 51
29 64 10
29 65 18
29 66 28
29 67 32
29 68 16
29 69 43
29 70 14
30 1 47
30 2 54
30 3 27
30 4 59
30 5 36
30 6 12
30 7 52
30 8 20
30 9 42
30 10 38
30 11 29
30 12 37
30 13 34
30 14 52
30 15 18
30 16 44
30 17 30
30 18 41
30 19 62
30 20 57
30 21 9
30 22 29
30 23 41
30 24 39
30 25 57
30 26 10
30 27 29
30 28 56
30 29 42
30 30 -1
30 31 41
30 32 69
30 33 59
30 34 61
30 35 10
30 36 41
30 37 56
30 38 12
30 39 61
30 40 30
30 41 23
30 42 50
30 43 54
30 44 17
30 45 47
30 46 46
30 47 69
30 48 54
30 49 36
30 50 57
30 51 24
30 52 21
30 53 52
30 54 26
30 55 25
30 56 6
30 57 68
30 58 59
30 59 48
30 60 9
30 61 20
30 62 47
30 63 20
30 64 48
30 65 54
30 66 15
30 67 18
30 68 48
30 69 43
30 70 57
31 1 21
31 2 38
31 3 16
31 4 40
31 5 18
31 6 29
31 7 37
31 8 56
31 9 48
31 10 40
31 11 12
31 12 32
31 13 40
31 14 14
31 15 29
31 16 25
31 17 21
31 18 37
31 19 43
31 20 15
31 21 51
31 22 24
31 23 13
31 24 21
31 25 15
31 26 42
31 27 20
31 28 37
31 29 39
31 30 41
31 31 -1
31 32 30
31 33 27
31 34 38
31 35 45
31 36 8
31 37 20
31 38 32
31 39 24
31 40 16
31 41 21
31 42 19
31 43 13
31 44 24
31 45 43
31 46 6
31 47 29
31 48 48
31 49 24
31 50 16
31 51 60
31 52 20
31 53 33
31 54 44
31 55 23
31 56 48
31 57 26
31 58 34
31 59 40
31 60 42
31 61 29
31 62 7
31 63 32
31 64 34
31 65 58
31 66 39
31 67 48
31 68 29
31 69 4
31 70 49
32 1 45
32 2 36
32 3 46
32 4 34
32 5 48
32 6 58
32 7 37
32 8 80
32 9 58
32 10 51
32 11 42
32 12 43
32 13 53
32 14 30
32 15 60
32 16 31
32 17 41
32 18 66
32 19 36
32 20 17
32 21 78
32 22 54
32 23 41
32 24 34
32 25 20
32 26 72
32 27 50
32 28 33
32 29 47
32 30 69
32 31 30
32 32 -1
32 33 15
32 34 28
32 35 70
32 36 28
32 37 12
32 38 62
32 39 8
32 40 46
32 41 51
32 42 21
32 43 23
32 44 52
32 45 48
32 46 29
32 47 3
32 48 49
32 49 54
32 50 25
32 51 83
32 52 48
32 53 32
32 54 62
32 55 45
32 56 75
32 57 11
32 58 26
32 59 44
32 60 72
32 61 52
32 62 29
32 63 63
32 64 37
32 65 62
32 66 62
32 67 71
32 68 31
32 69 32
32 70 49
33 1 47
33 2 21
33 3 41
33 4 19
33 5 45
33 6 48
33 7 22
33 8 67
33 9 43
33 10 36
33 11 35
33 12 29
33 13 38
33 14 34
33 15 53
33 16 17
33 17 29
33 18 64
33 19 22
33 20 21
33 21 66
33 22 50
33 23 39
33 24 20
33 25 25
33 26 63
33 27 46
33 28 18
33 29 31
33 30 59
33 31 27
33 32 15
33 33 -1
33 34 14
33 35 57
33 36 21
33 37 9
33 38 53
33 39 9
33 40 42
33 41 45
33 42 9
33 43 26
33 44 43
33 45 33
33 46 28
33 47 18
33 48 34
33 49 51
33 50 30
33 51 70
33 52 39
33 53 17
33 54 48
33 55 33
33 56 64
33 57 23
33 58 11
33 59 28
33 60 63
33 61 40
33 62 29
33 63 57
33 64 22
33 65 47
33 66 50
33 67 58
33 68 15
33 69 30
33 70 34
34 1 59
34 2 10
34 3 49
34 4 6
34 5 56
34 6 53
34 7 12
34 8 65
34 9 35
34 10 30
34 11 42
34 12 26
34 13 33
34 14 47
34 15 59
34 16 17
34 17 32
34 18 75
34 19 8
34 20 35
34 21 67
34 22 59
34 23 51
34 24 23
34 25 39
34 26 68
34 27 55
34 28 7
34 29 24
34 30 61
34 31 38
34 32 28
34 33 14
34 34 -1
34 35 57
34 36 30
34 37 23
34 38 59
34 39 23
34 40 51
34 41 52
34 42 18
34 43 40
34 44 48
34 45 24
34 46 41
34 47 31
34 48 22
34 49 62
34 50 44
34 51 67
34 52 45
34 53 9
34 54 44
34 55 36
34 56 66
34 57 37
34 58 3
34 59 19
34 60 68
34 61 41
34 62 41
34 63 63
34 64 15
34 65 36
34 66 49
34 67 56
34 68 13
34 69 42
34 70 21
35 1 54
35 2 49
35 3 33
35 4 54
35 5 44
35 6 18
35 7 46
35 8 11
35 9 33
35 10 31
35 11 33
35 12 32
35 13 27
35 14 57
35 15 27
35 16 42
35 17 29
35 18 51
35 19 56
35 20 60
35 21 10
35 22 38
35 23 47
35 24 37
35 25 60
35 26 21
35 27 37
35 28 51
35 29 36
35 30 10
35 31 45
35 32 70
35 33 57
35 34 57
35 35 -1
35 36 42
35 37 57
35 38 21
35 39 61
35 40 37
35 41 30
35 42 49
35 43 58
35 44 21
35 45 40
35 46 51
35 47 70
35 48 47
35 49 45
35 50 61
35 51 15
35 52 25
35 53 48
35 54 17
35 55 24
35 56 10
35 57 70
35 58 55
35 59 42
35 60 20
35 61 17
35 62 51
35 63 30
35 64 43
35 65 44
35 66 8
35 67 7
35 68 45
35 69 47
35 70 50
36 1 29
36 2 29
36 3 20
36 4 32
36 5 25
36 6 29
36 7 29
36 8 53
36 9 41
36 10 33
36 11 14
36 12 24
36 13 33
36 14 21
36 15 32
36 16 17
36 17 14
36 18 44
36 19 35
36 20 17
36 21 49
36 22 29
36 23 21
36 24 13
36 25 19
36 26 43
36 27 25
36 28 29
36 29 31
36 30 41
36 31 8
36 32 28
36 33 21
36 34 30
36 35 42
36 36 -1
36 37 16
36 38 33
36 39 20
36 40 21
36 41 24
36 42 12
36 43 18
36 44 24
36 45 35
36 46 13
36 47 28
36 48 39
36 49 31
36 50 22
36 51 56
36 52 20
36 53 25
36 54 38
36 55 18
36 56 47
36 57 27
36 58 26
36 59 32
36 60 44
36 61 25
36 62 14
36 63 36
36 64 26
36 65 50
36 66 36
36 67 44
36 68 20
36 69 13
36 70 41
37 1 38
37 2 28
37 3 35
37 4 27
37 5 38
37 6 45
37 7 29
37 8 67
37 9 48
37 10 40
37 11 30
37 12 32
37 13 42
37 14 25
37 15 48
37 16 20
37 17 28
37 18 57
37 19 30
37 20 12
37 21 65
37 22 44
37 23 32
37 24 21
37 25 16
37 26 59
37 27 40
37 28 25
37 29 36
37 30 56
37 31 20
37 32 12
37 33 9
37 34 23
37 35 57
37 36 16
37 37 -1
37 38 49
37 39 4
37 40 36
37 41 39
37 42 9
37 43 17
37 44 40
37 45 39
37 46 20
37 47 13
37 48 41
37 49 44
37 50 21
37 51 70
37 52 36
37 53 24
37 54 50
37 55 32
37 56 62
37 57 16
37 58 20
37 59 35
37 60 60
37 61 39
37 62 20
37 63 51
37 64 28
37 65 54
37 66 50
37 67 58
37 68 21
37 69 22
37 70 41
38 1 35
38 2 53
38 3 16
38 4 57
38 5 24
38 6 6
38 7 51
38 8 32
38 9 46
38 10 41
38 11 20
38 12 37
38 13 38
38 14 41
38 15 6
38 16 42
38 17 27
38 18 30
38 19 61
38 20 48
38 21 21
38 22 17
38 23 29
38 24 36
38 25 47
38 26 9
38 27 17
38 28 54
38 29 44
38 30 12
38 31 32
38 32 62
38 33 53
38 34 59
38 35 21
38 36 33
38 37 49
38 38 -1
38 39 54
38 40 19
38 41 12
38 42 44
38 43 44
38 44 11
38 45 49
38 46 36
38 47 61
38 48 56
38 49 24
38 50 46
38 51 36
38 52 14
38 53 50
38 54 33
38 55 23
38 56 18
38 57 59
38 58 56
38 59 49
38 60 10
38 61 20
38 62 37
38 63 8
38 64 47
38 65 59
38 66 22
38 67 28
38 68 46
38 69 33
38 70 59
39 1 41
39 2 30
39 3 39
39 4 28
39 5 42
39 6 50
39 7 31
39 8 72
39 9 51
39 10 44
39 11 34
39 12 35
39 13 45
39 14 27
39 15 52
39 16 23
39 17 32
39 18 60
39 19 31
39 20 13
39 21 69
39 22 48
39 23 35
39 24 25
39 25 17
39 26 64
39 27 44
39 28 27
39 29 39
39 30 61
39 31 24
39 32 8
39 33 9
39 34 23
39 35 61
39 36 20
39 37 4
39 38 54
39 39 -1
39 40 40
39 41 44
39 42 13
39 43 19
39 44 44
39 45 41
39 46 23
39 47 9
39 48 43
39 49 48
39 50 22
39 51 75
39 52 40
39 53 26
39 54 54
39 55 36
39 56 67
39 57 14
39 58 20
39 59 37
39 60 64
39 61 43
39 62 23
39 63 56
39 64 30
39 65 56
39 66 54
39 67 62
39 68 23
39 69 26
39 70 43
40 1 17
40 2 49
40 3 4
40 4 52
40 5 7
40 6 19
40 7 48
40 8 49
40 9 52
40 10 44
40 11 9
40 12 37
40 13 42
40 14 22
40 15 14
40 16 36
40 17 24
40 18 23
40 19 55
40 20 31
40 21 40
40 22 8
40 23 10
40 24 30
40 25 29
40 26 28
40 27 4
40 28 49
40 29 45
40 30 30
40 31 16
40 32 46
40 33 42
40 34 51
40 35 37
40 36 21
40 37 36
40 38 19
40 39 40
40 40 -1
40 41 7
40 42 33
40 43 26
40 44 17
40 45 50
40 46 18
40 47 45
40 48 56
40 49 11
40 50 27
40 51 53
40 52 14
40 53 45
40 54 43
40 55 24
40 56 37
40 57 41
40 58 48
40 59 48
40 60 29
40 61 26
40 62 19
40 63 17
40 64 44
40 65 63
40 66 35
40 67 43
40 68 40
40 69 15
40 70 58
41 1 24
41 2 48
41 3 5
41 4 52
41 5 14
41 6 12
41 7 46
41 8 41
41 9 48
41 10 41
41 11 10
41 12 34
41 13 38
41 14 29
41 15 8
41 16 36
41 17 22
41 18 26
41 19 55
41 20 36
41 21 33
41 22 9
41 23 17
41 24 30
41 25 35
41 26 21
41 27 7
41 28 49
41 29 42
41 30 23
41 31 21
41 32 51
41 33 45
41 34 52
41 35 30
41 36 24
41 37 39
41 38 12
41 39 44
41 40 7
41 41 -1
41 42 36
41 43 32
41 44 10
41 45 47
41 46 25
41 47 50
41 48 54
41 49 15
41 50 34
41 51 45
41 52 9
41 53 44
41 54 37
41 55 20
41 56 29
41 57 47
41 58 49
41 59 46
41 60 22
41 61 21
41 62 25
41 63 12
41 64 42
41 65 59
41 66 28
41 67 36
41 68 40
41 69 21
41 70 56
42 1 40
42 2 20
42 3 32
42 4 21
42 5 38
42 6 39
42 7 20
42 8 59
42 9 38
42 10 31
42 11 26
42 12 22
42 13 32
42 14 29
42 15 44
42 16 11
42 17 20
42 18 57
42 19 24
42 20 19
42 21 57
42 22 41
42 23 32
42 24 12
42 25 23
42 26 54
42 27 37
42 28 18
42 29 27
42 30 50
42 31 19
42 32 21
42 33 9
42 34 18
42 35 49
42 36 12
42 37 9
42 38 44
42 39 13
42 40 33
42 41 36
42 42 -1
42 43 23
42 44 34
42 45 30
42 46 22
42 47 22
42 48 32
42 49 44
42 50 27
42 51 62
42 52 30
42 53 16
42 54 41
42 55 24
42 56 55
42 57 25
42 58 15
42 59 26
42 60 54
42 61 31
42 62 23
42 63 48
42 64 19
42 65 45
42 66 41
42 67 50
42 68 12
42 69 23
42 70 33
43 1 22
43 2 43
43 3 27
43 4 44
43 5 25
43 6 42
43 7 44
43 8 69
43 9 59
43 10 51
43 11 25
43 12 42
43 13 51
43 14 7
43 15 41
43 16 32
43 17 32
43 18 43
43 19 47
43 20 6
43 21 64
43 22 33
43 23 18
43 24 31
43 25 3
43 26 54
43 27 29
43 28 42
43 29 48
43 30 54
43 31 13
43 32 23
43 33 26
43 34 40
43 35 58
43 36 18
43 37 17
43 38 44
43 39 19
43 40 26
43 41 32
43 42 23
43 43 -1
43 44 37
43 45 51
43 46 7
43 47 21
43 48 55
43 49 31
43 50 4
43 51 73
43 52 33
43 53 39
43 54 56
43 55 35
43 56 60
43 57 15
43 58 37
43 59 48
43 60 54
43 61 42
43 62 7
43 63 43
43 64 41
43 65 67
43 66 52
43 67 61
43 68 35
43 69 11
43 70 56
44 1 34
44 2 42
44 3 13
44 4 46
44 5 24
44 6 5
44 7 40
44 8 32
44 9 38
44 10 31
44 11 12
44 12 26
44 13 29
44 14 36
44 15 13
44 16 31
44 17 16
44 18 36
44 19 50
44 20 40
44 21 26
44 22 19
44 23 26
44 24 25
44 25 40
44 26 20
44 27 17
44 28 43
44 29 34
44 30 17
44 31 24
44 32 52
44 33 43
44 34 48
44 35 21
44 36 24
44 37 40
44 38 11
44 39 44
44 40 17
44 41 10
44 42 34
44 43 37
44 44 -1
44 45 39
44 46 30
44 47 52
44 48 46
44 49 26
44 50 40
44 51 36
44 52 4
44 53 39
44 54 26
44 55 12
44 56 23
44 57 50
44 58 45
44 59 38
44 60 20
44 61 11
44 62 31
44 63 17
44 64 36
44 65 50
44 66 18
44 67 26
44 68 35
44 69 26
44 70 48
45 1 63
45 2 13
45 3 46
45 4 18
45 5 57
45 6 42
45 7 11
45 8 45
45 9 11
45 10 9
45 11 40
45 12 12
45 13 13
45 14 56
45 15 52
45 16 19
45 17 25
45 18 73
45 19 19
45 20 49
45 21 50
45 22 56
45 23 54
45 24 21
45 25 52
45 26 55
45 27 53
45 28 17
45 29 5
45 30 47
45 31 43
45 32 48
45 33 33
45 34 24
45 35 40
45 36 35
45 37 39
45 38 49
45 39 41
45 40 50
45 41 47
45 42 30
45 43 51
45 44 39
45 45 -1
45 46 48
45 47 51
45 48 7
45 49 61
45 50 56
45 51 46
45 52 38
45 53 16
45 54 23
45 55 27
45 56 50
45 57 55
45 58 24
45 59 4
45 60 55
45 61 28
45 62 49
45 63 56
45 64 11
45 65 15
45 66 32
45 67 36
45 68 18
45 69 47
45 70 10
46 1 18
46 2 42
46 3 20
46 4 43
46 5 19
46 6 34
46 7 42
46 8 62
46 9 54
46 10 46
46 11 18
46 12 37
46 13 46
46 14 8
46 15 33
46 16 30
46 17 27
46 18 37
46 19 47
46 20 12
46 21 56
46 22 25
46 23 12
46 24 27
46 25 10
46 26 46
46 27 22
46 28 41
46 29 44
46 30 46
46 31 6
46 32 29
46 33 28
46 34 41
46 35 51
46 36 13
46 37 20
46 38 36
46 39 23
46 40 18
46 41 25
46 42 22
46 43 7
46 44 30
46 45 48
46 46 -1
46 47 27
46 48 53
46 49 25
46 50 10
46 51 66
46 52 26
46 53 38
46 54 50
46 55 29
46 56 53
46 57 22
46 58 37
46 59 45
46 60 47
46 61 35
46 62 1
46 63 35
46 64 39
46 65 63
46 66 45
46 67 54
46 68 33
46 69 3
46 70 54
47 1 43
47 2 39
47 3 45
47 4 37
47 5 46
47 6 57
47 7 40
47 8 81
47 9 61
47 10 53
47 11 41
47 12 45
47 13 55
47 14 28
47 15 59
47 16 33
47 17 41
47 18 64
47 19 39
47 20 15
47 21 78
47 22 53
47 23 39
47 24 35
47 25 18
47 26 71
47 27 49
47 28 36
47 29 49
47 30 69
47 31 29
47 32 3
47 33 18
47 34 31
47 35 70
47 36 28
47 37 13
47 38 61
47 39 9
47 40 45
47 41 50
47 42 22
47 43 21
47 44 52
47 45 51
47 46 27
47 47 -1
47 48 52
47 49 52
47 50 22
47 51 84
47 52 48
47 53 35
47 54 63
47 55 45
47 56 75
47 57 7
47 58 29
47 59 46
47 60 72
47 61 53
47 62 27
47 63 62
47 64 40
47 65 65
47 66 63
47 67 72
47 68 33
47 69 30
47 70 52
48 1 69
48 2 13
48 3 53
48 4 16
48 5 63
48 6 49
48 7 12
48 8 51
48 9 16
48 10 16
48 11 46
48 12 19
48 13 20
48 14 60
48 15 59
48 16 22
48 17 31
48 18 80
48 19 15
48 20 52
48 21 57
48 22 63
48 23 60
48 24 26
48 25 55
48 26 63
48 27 59
48 28 16
48 29 12
48 30 54
48 31 48
48 32 49
48 33 34
48 34 22
48 35 47
48 36 39
48 37 41
48 38 56
48 39 43
48 40 56
48 41 54
48 42 32
48 43 55
48 44 46
48 45 7
48 46 53
48 47 52
48 48 -1
48 49 67
48 50 59
48 51 52
48 52 45
48 53 17
48 54 30
48 55 33
48 56 57
48 57 57
48 58 23
48 59 7
48 60 62
48 61 35
48 62 54
48 63 63
48 64 13
48 65 13
48 66 39
48 67 43
48 68 20
48 69 52
48 70 3
49 1 12
49 2 60
49 3 15
49 4 63
49 5 6
49 6 27
49 7 59
49 8 56
49 9 63
49 10 56
49 11 21
49 12 48
49 13 53
49 14 25
49 15 18
49 16 47
49 17 36
49 18 13
49 19 66
49 20 37
49 21 45
49 22 7
49 23 13
49 24 42
49 25 34
49 26 30
49 27 8
49 28 60
49 29 56
49 30 36
49 31 24
49 32 54
49 33 51
49 34 62
49 35 45
49 36 31
49 37 44
49 38 24
49 39 48
49 40 11
49 41 15
49 42 44
49 43 31
49 44 26
49 45 61
49 46 25
49 47 52
49 48 67
49 49 -1
49 50 31
49 51 60
49 52 24
49 53 56
49 54 53
49 55 35
49 56 41
49 57 46
49 58 58
49 59 60
49 60 31
49 61 37
49 62 25
49 63 17
49 64 55
49 65 74
49 66 43
49 67 51
49 68 51
49 69 22
49 70 70
50 1 21
50 2 47
50 3 29
50 4 48
50 5 26
50 6 45
50 7 48
50 8 72
50 9 63
50 10 55
50 11 28
50 12 46
50 13 55
50 14 6
50 15 42
50 16 37
50 17 36
50 18 42
50 19 51
50 20 9
50 21 66
50 22 34
50 23 18
50 24 35
50 25 5
50 26 55
50 27 31
50 28 46
50 29 52
50 30 57
50 31 16
50 32 25
50 33 30
50 34 44
50 35 61
50 36 22
50 37 21
50 38 46
50 39 22
50 40 27
50 41 34
50 42 27
50 43 4
50 44 40
50 45 56
50 46 10
50 47 22
50 48 59
50 49 31
50 50 -1
50 51 76
50 52 36
50 53 43
50 54 60
50 55 39
50 56 63
50 57 16
50 58 41
50 59 52
50 60 56
50 61 45
50 62 9
50 63 44
50 64 45
50 65 71
50 66 56
50 67 65
50 68 39
50 69 13
50 70 60
51 1 70
51 2 57
51 3 49
51 4 63
51 5 59
51 6 33
51 7 55
51 8 4
51 9 36
51 10 37
51 11 48
51 12 41
51 13 34
51 14 73
51 15 42
51 16 53
51 17 42
51 18 65
51 19 65
51 20 74
51 21 16
51 22 53
51 23 63
51 24 49
51 25 75
51 26 33
51 27 52
51 28 60
51 29 43
51 30 24
51 31 60
51 32 83
51 33 70
51 34 67
51 35 15
51 36 56
51 37 70
51 38 36
51 39 75
51 40 53
51 41 45
51 42 62
51 43 73
51 44 36
51 45 46
51 46 66
51 47 84
51 48 52
51 49 60
51 50 76
51 51 -1
51 52 40
51 53 57
51 54 23
51 55 38
51 56 19
51 57 84
51 58 66
51 59 49
51 60 32
51 61 31
51 62 67
51 63 44
51 64 52
51 65 46
51 66 20
51 67 12
51 68 56
51 69 63
51 70 55
52 1 31
52 2 40
52 3 10
52 4 44
52 5 21
52 6 9
52 7 38
52 8 36
52 9 38
52 10 31
52 11 8
52 12 25
52 13 29
52 14 32
52 15 14
52 16 28
52 17 13
52 18 35
52 19 47
52 20 36
52 21 30
52 22 18
52 23 23
52 24 22
52 25 36
52 26 23
52 27 15
52 28 41
52 29 33
52 30 21
52 31 20
52 32 48
52 33 39
52 34 45
52 35 25
52 36 20
52 37 36
52 38 14
52 39 40
52 40 14
52 41 9
52 42 30
52 43 33
52 44 4
52 45 38
52 46 26
52 47 48
52 48 45
52 49 24
52 50 36
52 51 40
52 52 -1
52 53 37
52 54 28
52 55 11
52 56 27
52 57 46
52 58 42
52 59 37
52 60 24
52 61 12
52 62 26
52 63 18
52 64 34
52 65 50
52 66 21
52 67 29
52 68 32
52 69 22
52 70 47
53 1 55
53 2 4
53 3 42
53 4 7
53 5 50
53 6 44
53 7 5
53 8 55
53 9 26
53 10 21
53 11 35
53 12 16
53 13 24
53 14 45
53 15 51
53 16 8
53 17 23
53 18 69
53 19 10
53 20 35
53 21 57
53 22 52
53 23 46
53 24 14
53 25 39
53 26 59
53 27 48
53 28 4
53 29 15
53 30 52
53 31 33
53 32 32
53 33 17
53 34 9
53 35 48
53 36 25
53 37 24
53 38 50
53 39 26
53 40 45
53 41 44
53 42 16
53 43 39
53 44 39
53 45 16
53 46 38
53 47 35
53 48 17
53 49 56
53 50 43
53 51 57
53 52 37
53 53 -1
53 54 34
53 55 27
53 56 56
53 57 40
53 58 8
53 59 11
53 60 59
53 61 32
53 62 38
53 63 56
53 64 5
53 65 30
53 66 39
53 67 46
53 68 5
53 69 38
53 70 17
54 1 59
54 2 34
54 3 39
54 4 39
54 5 50
54 6 27
54 7 32
54 8 21
54 9 15
54 10 14
54 11 35
54 12 19
54 13 10
54 14 58
54 15 38
54 16 31
54 17 23
54 18 62
54 19 41
54 20 56
54 21 27
54 22 46
54 23 51
54 24 28
54 25 58
54 26 37
54 27 44
54 28 37
54 29 20
54 30 26
54 31 44
54 32 62
54 33 48
54 34 44
54 35 17
54 36 38
54 37 50
54 38 33
54 39 54
54 40 43
54 41 37
54 42 41
54 43 56
54 44 26
54 45 23
54 46 50
54 47 63
54 48 30
54 49 53
54 50 60
54 51 23
54 52 28
54 53 34
54 54 -1
54 55 21
54 56 28
54 57 65
54 58 43
54 59 26
54 60 36
54 61 16
54 62 51
54 63 42
54 64 29
54 65 27
54 66 11
54 67 13
54 68 33
54 69 48
54 70 33
55 1 39
55 2 29
55 3 20
55 4 34
55 5 31
55 6 17
55 7 27
55 8 35
55 9 28
55 10 20
55 11 14
55 12 14
55 13 18
55 14 37
55 15 25
55 16 19
55 17 4
55 18 46
55 19 37
55 20 36
55 21 33
55 22 29
55 23 30
55 24 13
55 25 37
55 26 32
55 27 26
55 28 31
55 29 22
55 30 25
55 31 23
55 32 45
55 33 33
55 34 36
55 35 24
55 36 18
55 37 32
55 38 23
55 39 36
55 40 24
55 41 20
55 42 24
55 43 35
55 44 12
55 45 27
55 46 29
55 47 45
55 48 33
55 49 35
55 50 39
55 51 38
55 52 11
55 53 27
55 54 21
55 55 -1
55 56 31
55 57 46
55 58 33
55 59 26
55 60 32
55 61 7
55 62 30
55 63 29
55 64 23
55 65 39
55 66 17
55 67 26
55 68 23
55 69 27
55 70 36
56 1 53
56 2 58
56 3 34
56 4 63
56 5 42
56 6 18
56 7 56
56 8 16
56 9 43
56 10 41
56 11 35
56 12 41
56 13 37
56 14 59
56 15 23
56 16 50
56 17 35
56 18 46
56 19 66
56 20 63
56 21 4
56 22 35
56 23 47
56 24 44
56 25 63
56 26 13
56 27 35
56 28 60
56 29 46
56 30 6
56 31 48
56 32 75
56 33 64
56 34 66
56 35 10
56 36 47
56 37 62
56 38 18
56 39 67
56 40 37
56 41 29
56 42 55
56 43 60
56 44 23
56 45 50
56 46 53
56 47 75
56 48 57
56 49 41
56 50 63
56 51 19
56 52 27
56 53 56
56 54 28
56 55 31
56 56 -1
56 57 74
56 58 64
56 59 52
56 60 12
56 61 25
56 62 54
56 63 25
56 64 52
56 65 55
56 66 18
56 67 17
56 68 53
56 69 49
56 70 60
57 1 37
57 2 44
57 3 42
57 4 42
57 5 41
57 6 56
57 7 45
57 8 81
57 9 64
57 10 56
57 11 39
57 12 48
57 13 57
57 14 22
57 15 55
57 16 36
57 17 42
57 18 58
57 19 45
57 20 10
57 21 77
57 22 48
57 23 33
57 24 37
57 25 12
57 26 68
57 27 45
57 28 41
57 29 52
57 30 68
57 31 26
57 32 11
57 33 23
57 34 37
57 35 70
57 36 27
57 37 16
57 38 59
57 39 14
57 40 41
57 41 47
57 42 25
57 43 15
57 44 50
57 45 55
57 46 22
57 47 7
57 48 57
57 49 46
57 50 16
57 51 84
57 52 46
57 53 40
57 54 65
57 55 46
57 56 74
57 57 -1
57 58 34
57 59 51
57 60 69
57 61 53
57 62 22
57 63 58
57 64 44
57 65 70
57 66 63
57 67 72
57 68 37
57 69 26
57 70 57
58 1 55
58 2 10
58 3 45
58 4 8
58 5 52
58 6 50
58 7 12
58 8 64
58 9 35
58 10 29
58 11 39
58 12 24
58 13 32
58 14 43
58 15 56
58 16 14
58 17 29
58 18 71
58 19 10
58 20 32
58 21 65
58 22 55
58 23 47
58 24 20
58 25 36
58 26 65
58 27 51
58 28 7
58 29 24
58 30 59
58 31 34
58 32 26
58 33 11
58 34 3
58 35 55
58 36 26
58 37 20
58 38 56
58 39 20
58 40 48
58 41 49
58 42 15
58 43 37
58 44 45
58 45 24
58 46 37
58 47 29
58 48 23
58 49 58
58 50 41
58 51 66
58 52 42
58 53 8
58 54 43
58 55 33
58 56 64
58 57 34
58 58 -1
58 59 19
58 60 65
58 61 39
58 62 38
58 63 60
58 64 14
58 65 37
58 66 47
58 67 54
58 68 10
58 69 38
58 70 23
59 1 61
59 2 9
59 3 45
59 4 14
59 5 55
59 6 42
59 7 7
59 8 48
59 9 15
59 10 11
59 11 38
59 12 12
59 13 15
59 14 53
59 15 51
59 16 15
59 17 24
59 18 72
59 19 15
59 20 45
59 21 52
59 22 55
59 23 52
59 24 18
59 25 48
59 26 56
59 27 51
59 28 12
59 29 6
59 30 48
59 31 40
59 32 44
59 33 28
59 34 19
59 35 42
59 36 32
59 37 35
59 38 49
59 39 37
59 40 48
59 41 46
59 42 26
59 43 48
59 44 38
59 45 4
59 46 45
59 47 46
59 48 7
59 49 60
59 50 52
59 51 49
59 52 37
59 53 11
59 54 26
59 55 26
59 56 52
59 57 51
59 58 19
59 59 -1
59 60 56
59 61 29
59 62 46
59 63 56
59 64 7
59 65 19
59 66 34
59 67 39
59 68 14
59 69 45
59 70 10
60 1 43
60 2 61
60 3 27
60 4 66
60 5 33
60 6 15
60 7 59
60 8 28
60 9 51
60 10 47
60 11 30
60 12 44
60 13 43
60 14 51
60 15 14
60 16 51
60 17 36
60 18 34
60 19 69
60 20 58
60 21 16
60 22 25
60 23 39
60 24 45
60 25 57
60 26 1
60 27 26
60 28 63
60 29 50
60 30 9
60 31 42
60 32 72
60 33 63
60 34 68
60 35 20
60 36 44
60 37 60
60 38 10
60 39 64
60 40 29
60 41 22
60 42 54
60 43 54
60 44 20
60 45 55
60 46 47
60 47 72
60 48 62
60 49 31
60 50 56
60 51 32
60 52 24
60 53 59
60 54 36
60 55 32
60 56 12
60 57 69
60 58 65
60 59 56
60 60 -1
60 61 27
60 62 47
60 63 13
60 64 55
60 65 63
60 66 25
60 67 27
60 68 55
60 69 43
60 70 65
61 1 43
61 2 34
61 3 22
61 4 39
61 5 34
61 6 13
61 7 32
61 8 28
61 9 26
61 10 20
61 11 19
61 12 17
61 13 17
61 14 42
61 15 24
61 16 25
61 17 11
61 18 47
61 19 42
61 20 43
61 21 26
61 22 30
61 23 35
61 24 19
61 25 44
61 26 27
61 27 28
61 28 36
61 29 23
61 30 20
61 31 29
61 32 52
61 33 40
61 34 41
61 35 17
61 36 25
61 37 39
61 38 20
61 39 43
61 40 26
61 41 21
61 42 31
61 43 42
61 44 11
61 45 28
61 46 35
61 47 53
61 48 35
61 49 37
61 50 45
61 51 31
61 52 12
61 53 32
61 54 16
61 55 7
61 56 25
61 57 53
61 58 39
61 59 29
61 60 27
61 61 -1
61 62 36
61 63 28
61 64 28
61 65 38
61 66 10
61 67 19
61 68 28
61 69 32
61 70 38
62 1 17
62 2 43
62 3 20
62 4 44
62 5 19
62 6 35
62 7 43
62 8 63
62 9 55
62 10 47
62 11 18
62 12 38
62 13 47
62 14 7
62 15 33
62 16 31
62 17 28
62 18 37
62 19 48
62 20 12
62 21 57
62 22 26
62 23 12
62 24 28
62 25 10
62 26 47
62 27 22
62 28 42
62 29 45
62 30 47
62 31 7
62 32 29
62 33 29
62 34 41
62 35 51
62 36 14
62 37 20
62 38 37
62 39 23
62 40 19
62 41 25
62 42 23
62 43 7
62 44 31
62 45 49
62 46 1
62 47 27
62 48 54
62 49 25
62 50 9
62 51 67
62 52 26
62 53 38
62 54 51
62 55 30
62 56 54
62 57 22
62 58 38
62 59 46
62 60 47
62 61 36
62 62 -1
62 63 36
62 64 40
62 65 64
62 66 46
62 67 55
62 68 34
62 69 4
62 70 55
63 1 29
63 2 59
63 3 16
63 4 63
63 5 19
63 6 14
63 7 57
63 8 40
63 9 55
63 10 49
63 11 22
63 12 44
63 13 46
63 14 39
63 15 4
63 16 47
63 17 32
63 18 21
63 19 66
63 20 47
63 21 29
63 22 11
63 23 26
63 24 41
63 25 46
63 26 13
63 27 13
63 28 60
63 29 51
63 30 20
63 31 32
63 32 63
63 33 57
63 34 63
63 35 30
63 36 36
63 37 51
63 38 8
63 39 56
63 40 17
63 41 12
63 42 48
63 43 43
63 44 17
63 45 56
63 46 35
63 47 62
63 48 63
63 49 17
63 50 44
63 51 44
63 52 18
63 53 56
63 54 42
63 55 29
63 56 25
63 57 58
63 58 60
63 59 56
63 60 13
63 61 28
63 62 36
63 63 -1
63 64 53
63 65 67
63 66 31
63 67 37
63 68 51
63 69 32
63 70 66
64 1 55
64 2 6
64 3 41
64 4 11
64 5 50
64 6 40
64 7 4
64 8 50
64 9 21
64 10 15
64 11 34
64 12 11
64 13 18
64 14 47
64 15 49
64 16 8
64 17 20
64 18 68
64 19 14
64 20 38
64 21 52
64 22 51
64 23 46
64 24 13
64 25 41
64 26 55
64 27 47
64 28 8
64 29 10
64 30 48
64 31 34
64 32 37
64 33 22
64 34 15
64 35 43
64 36 26
64 37 28
64 38 47
64 39 30
64 40 44
64 41 42
64 42 19
64 43 41
64 44 36
64 45 11
64 46 39
64 47 40
64 48 13
64 49 55
64 50 45
64 51 52
64 52 34
64 53 5
64 54 29
64 55 23
64 56 52
64 57 44
64 58 14
64 59 7
64 60 55
64 61 28
64 62 40
64 63 53
64 64 -1
64 65 26
64 66 34
64 67 41
64 68 7
64 69 39
64 70 15
65 1 77
65 2 26
65 3 59
65 4 30
65 5 70
65 6 52
65 7 25
65 8 46
65 9 12
65 10 18
65 11 53
65 12 26
65 13 21
65 14 71
65 15 62
65 16 34
65 17 38
65 18 85
65 19 29
65 20 64
65 21 54
65 22 69
65 23 68
65 24 36
65 25 67
65 26 64
65 27 65
65 28 30
65 29 18
65 30 54
65 31 58
65 32 62
65 33 47
65 34 36
65 35 44
65 36 50
65 37 54
65 38 59
65 39 56
65 40 63
65 41 59
65 42 45
65 43 67
65 44 50
65 45 15
65 46 63
65 47 65
65 48 13
65 49 74
65 50 71
65 51 46
65 52 50
65 53 30
65 54 27
65 55 39
65 56 55
65 57 70
65 58 37
65 59 19
65 60 63
65 61 38
65 62 64
65 63 67
65 64 26
65 65 -1
65 66 38
65 67 39
65 68 33
65 69 62
65 70 15
66 1 52
66 2 40
66 3 31
66 4 46
66 5 42
66 6 17
66 7 38
66 8 17
66 9 26
66 10 23
66 11 28
66 12 23
66 13 19
66 14 53
66 15 27
66 16 34
66 17 21
66 18 52
66 19 48
66 20 53
66 21 18
66 22 37
66 23 44
66 24 29
66 25 55
66 26 25
66 27 35
66 28 43
66 29 28
66 30 15
66 31 39
66 32 62
66 33 50
66 34 49
66 35 8
66 36 36
66 37 50
66 38 22
66 39 54
66 40 35
66 41 28
66 42 41
66 43 52
66 44 18
66 45 32
66 46 45
66 47 63
66 48 39
66 49 43
66 50 56
66 51 20
66 52 21
66 53 39
66 54 11
66 55 17
66 56 18
66 57 63
66 58 47
66 59 34
66 60 25
66 61 10
66 62 46
66 63 31
66 64 34
66 65 38
66 66 -1
66 67 8
66 68 37
66 69 43
66 70 42
67 1 60
67 2 46
67 3 39
67 4 52
67 5 50
67 6 24
67 7 44
67 8 9
67 9 28
67 10 27
67 11 37
67 12 30
67 13 23
67 14 61
67 15 33
67 16 41
67 17 30
67 18 58
67 19 54
67 20 62
67 21 15
67 22 44
67 23 52
67 24 37
67 25 63
67 26 28
67 27 43
67 28 49
67 29 32
67 30 18
67 31 48
67 32 71
67 33 58
67 34 56
67 35 7
67 36 44
67 37 58
67 38 28
67 39 62
67 40 43
67 41 36
67 42 50
67 43 61
67 44 26
67 45 36
67 46 54
67 47 72
67 48 43
67 49 51
67 50 65
67 51 12
67 52 29
67 53 46
67 54 13
67 55 26
67 56 17
67 57 72
67 58 54
67 59 39
67 60 27
67 61 19
67 62 55
67 63 37
67 64 41
67 65 39
67 66 8
67 67 -1
67 68 44
67 69 51
67 70 46
68 1 50
68 2 9
68 3 37
68 4 12
68 5 45
68 6 40
68 7 8
68 8 53
68 9 27
68 10 21
68 11 30
68 12 14
68 13 23
68 14 40
68 15 47
68 16 4
68 17 19
68 18 64
68 19 15
68 20 31
68 21 54
68 22 47
68 23 41
68 24 10
68 25 35
68 26 55
68 27 43
68 28 8
68 29 16
68 30 48
68 31 29
68 32 31
68 33 15
68 34 13
68 35 45
68 36 20
68 37 21
68 38 46
68 39 23
68 40 40
68 41 40
68 42 12
68 43 35
68 44 35
68 45 18
68 46 33
68 47 33
68 48 20
68 49 51
68 50 39
68 51 56
68 52 32
68 53 5
68 54 33
68 55 23
68 56 53
68 57 37
68 58 10
68 59 14
68 60 55
68 61 28
68 62 34
68 63 51
68 64 7
68 65 33
68 66 37
68 67 44
68 68 -1
68 69 33
68 70 21
69 1 17
69 2 42
69 3 16
69 4 44
69 5 16
69 6 31
69 7 42
69 8 59
69 9 53
69 10 45
69 11 14
69 12 36
69 13 44
69 14 10
69 15 29
69 16 30
69 17 25
69 18 34
69 19 48
69 20 15
69 21 53
69 22 22
69 23 9
69 24 26
69 25 14
69 26 42
69 27 18
69 28 41
69 29 43
69 30 43
69 31 4
69 32 32
69 33 30
69 34 42
69 35 47
69 36 13
69 37 22
69 38 33
69 39 26
69 40 15
69 41 21
69 42 23
69 43 11
69 44 26
69 45 47
69 46 3
69 47 30
69 48 52
69 49 22
69 50 13
69 51 63
69 52 22
69 53 38
69 54 48
69 55 27
69 56 49
69 57 26
69 58 38
69 59 45
69 60 43
69 61 32
69 62 4
69 63 32
69 64 39
69 65 62
69 66 43
69 67 51
69 68 33
69 69 -1
69 70 54
70 1 70
70 2 13
70 3 55
70 4 15
70 5 65
70 6 52
70 7 12
70 8 54
70 9 18
70 10 19
70 11 48
70 12 21
70 13 23
70 14 62
70 15 61
70 16 24
70 17 34
70 18 82
70 19 14
70 20 52
70 21 60
70 22 65
70 23 62
70 24 28
70 25 56
70 26 66
70 27 61
70 28 16
70 29 14
70 30 57
70 31 49
70 32 49
70 33 34
70 34 21
70 35 50
70 36 41
70 37 41
70 38 59
70 39 43
70 40 58
70 41 56
70 42 33
70 43 56
70 44 48
70 45 10
70 46 54
70 47 52
70 48 3
70 49 70
70 50 60
70 51 55
70 52 47
70 53 17
70 54 33
70 55 36
70 56 60
70 57 57
70 58 23
70 59 10
70 60 65
70 61 38
70 62 55
70 63 66
70 64 15
70 65 15
70 66 42
70 67 46
70 68 21
70 69 54
70 70 -1
