27 3
27 5
27 40
27 41
27 11
27 15
27 49
27 22
27 23
27 63
26 38
26 15
26 56
26 60
26 30
26 63
21 8
21 56
21 35
21 30
64 2
64 4
64 68
64 7
64 12
64 45
64 16
64 48
64 19
64 53
64 24
64 59
64 28
64 29
66 67
66 35
66 61
66 54
58 33
58 2
58 34
58 4
58 68
58 7
58 19
58 53
58 28
70 2
70 7
70 45
70 48
70 59
59 64
59 2
59 68
59 70
59 7
59 10
59 12
59 45
59 48
59 53
59 28
59 29
13 9
13 10
13 12
13 45
13 54
13 29
14 69
14 43
14 46
14 50
14 20
14 23
14 25
14 62
14 31
31 36
31 69
31 43
31 11
31 14
31 46
31 23
31 62
52 3
52 6
52 41
52 11
52 44
52 17
52 55
52 61
49 1
49 5
49 40
49 18
49 22
49 23
49 27
3 5
3 40
3 41
3 11
3 44
3 15
3 52
3 22
3 23
3 27
15 3
15 6
15 38
15 41
15 44
15 22
15 26
15 27
15 63
37 32
37 33
37 39
37 42
37 47
37 20
40 3
40 5
40 41
40 11
40 49
40 22
40 23
40 27
30 35
30 38
30 6
30 21
30 56
30 26
30 60
67 66
67 35
67 8
67 51
67 54
4 64
4 2
4 34
4 68
4 7
4 19
4 53
4 58
4 28
54 66
54 67
54 13
29 64
29 7
29 9
29 10
29 12
29 13
29 45
29 48
29 59
42 33
42 36
42 37
42 68
42 39
42 16
42 24
35 66
35 67
35 8
35 21
35 56
35 30
32 57
32 47
32 37
32 39
6 38
6 41
6 44
6 15
6 52
6 61
6 30
11 3
11 40
11 41
11 44
11 52
11 27
11 31
50 69
50 43
50 46
50 14
50 20
50 25
50 62
33 42
33 58
33 37
33 39
41 3
41 6
41 38
41 40
41 11
41 44
41 15
41 52
41 22
41 27
41 63
62 69
62 43
62 14
62 46
62 50
62 20
62 23
62 25
62 31
68 64
68 2
68 34
68 4
68 7
68 42
68 16
68 53
68 24
68 58
68 59
68 28
7 64
7 2
7 34
7 4
7 68
7 70
7 45
7 16
7 48
7 19
7 53
7 58
7 59
7 28
7 29
34 2
34 4
34 68
34 7
34 19
34 53
34 58
34 28
65 48
65 9
39 32
39 33
39 37
39 42
39 47
39 20
2 64
2 34
2 4
2 68
2 70
2 7
2 45
2 16
2 48
2 19
2 53
2 58
2 59
2 28
57 32
57 25
57 20
57 47
53 64
53 2
53 34
53 4
53 68
53 7
53 16
53 19
53 58
53 59
53 28
25 43
25 46
25 14
25 50
25 20
25 57
25 62
28 64
28 2
28 34
28 4
28 68
28 7
28 16
28 19
28 53
28 58
28 59
44 3
44 38
44 6
44 41
44 11
44 15
44 52
44 55
44 61
8 51
8 67
8 35
8 21
10 9
10 12
10 45
10 13
10 59
10 29
51 8
51 67
56 35
56 21
56 26
56 60
56 30
69 36
69 43
69 14
69 46
69 50
69 23
69 62
69 31
43 69
43 46
43 14
43 50
43 20
43 25
43 62
43 31
24 64
24 36
24 68
24 42
24 12
24 16
24 17
24 55
55 44
55 17
55 52
55 24
55 61
46 36
46 69
46 43
46 14
46 50
46 20
46 23
46 25
46 62
46 31
12 64
12 10
12 13
12 45
12 16
12 17
12 24
12 59
12 29
48 64
48 65
48 2
48 70
48 7
48 45
48 59
48 29
18 49
19 64
19 2
19 34
19 4
19 7
19 53
19 58
19 28
63 38
63 41
63 15
63 22
63 26
63 27
63 60
16 64
16 2
16 68
16 7
16 42
16 12
16 53
16 24
16 28
22 3
22 5
22 40
22 41
22 15
22 49
22 27
22 63
45 64
45 2
45 70
45 7
45 9
45 10
45 12
45 13
45 48
45 59
45 29
38 6
38 41
38 44
38 15
38 26
38 60
38 30
38 63
