1 1 -1
1 2 6
1 3 9
1 4 10
1 5 6
1 6 4
1 7 3
1 8 14
1 9 5
1 10 8
1 11 6
1 12 11
1 13 4
1 14 4
1 15 6
2 1 6
2 2 -1
2 3 13
2 4 16
2 5 2
2 6 11
2 7 5
2 8 14
2 9 7
2 10 1
2 11 12
2 12 14
2 13 10
2 14 6
2 15 3
3 1 9
3 2 13
3 3 -1
3 4 4
3 5 12
3 6 7
3 7 8
3 8 10
3 9 6
3 10 15
3 11 5
3 12 4
3 13 9
3 14 7
3 15 11
4 1 10
4 2 16
4 3 4
4 4 -1
4 5 14
4 6 7
4 7 10
4 8 14
4 9 9
4 10 17
4 11 4
4 12 8
4 13 9
4 14 10
4 15 14
5 1 6
5 2 2
5 3 12
5 4 14
5 5 -1
5 6 10
5 7 4
5 8 12
5 9 5
5 10 3
5 11 11
5 12 12
5 13 10
5 14 5
5 15 1
6 1 4
6 2 11
6 3 7
6 4 7
6 5 10
6 6 -1
6 7 7
6 8 15
6 9 7
6 10 12
6 11 3
6 12 11
6 13 2
6 14 7
6 15 10
7 1 3
7 2 5
7 3 8
7 4 10
7 5 4
7 6 7
7 7 -1
7 8 10
7 9 2
7 10 7
7 11 7
7 12 9
7 13 7
7 14 1
7 15 3
8 1 14
8 2 14
8 3 10
8 4 14
8 5 12
8 6 15
8 7 10
8 8 -1
8 9 9
8 10 15
8 11 14
8 12 6
8 13 17
8 14 10
8 15 11
9 1 5
9 2 7
9 3 6
9 4 9
9 5 5
9 6 7
9 7 2
9 8 9
9 9 -1
9 10 8
9 11 7
9 12 7
9 13 8
9 14 1
9 15 5
10 1 8
10 2 1
10 3 15
10 4 17
10 5 3
10 6 12
10 7 7
10 8 15
10 9 8
10 10 -1
10 11 14
10 12 15
10 13 11
10 14 8
10 15 4
11 1 6
11 2 12
11 3 5
11 4 4
11 5 11
11 6 3
11 7 7
11 8 14
11 9 7
11 10 14
11 11 -1
11 12 9
11 13 5
11 14 7
11 15 11
12 1 11
12 2 14
12 3 4
12 4 8
12 5 12
12 6 11
12 7 9
12 8 6
12 9 7
12 10 15
12 11 9
12 12 -1
12 13 13
12 14 8
12 15 11
13 1 4
13 2 10
13 3 9
13 4 9
13 5 10
13 6 2
13 7 7
13 8 17
13 9 8
13 10 11
13 11 5
13 12 13
13 13 -1
13 14 7
13 15 10
14 1 4
14 2 6
14 3 7
14 4 10
14 5 5
14 6 7
14 7 1
14 8 10
14 9 1
14 10 8
14 11 7
14 12 8
14 13 7
14 14 -1
14 15 4
15 1 6
15 2 3
15 3 11
15 4 14
15 5 1
15 6 10
15 7 3
15 8 11
15 9 5
15 10 4
15 11 11
15 12 11
15 13 10
15 14 4
15 15 -1
