1 1 -1
1 2 48
1 3 43
1 4 3
1 5 32
1 6 66
1 7 65
1 8 22
1 9 75
1 10 10
1 11 4
1 12 60
1 13 28
1 14 61
1 15 47
1 16 17
1 17 65
1 18 16
1 19 55
1 20 56
1 21 47
1 22 41
1 23 51
1 24 21
1 25 50
1 26 40
1 27 12
1 28 22
1 29 61
1 30 31
1 31 66
1 32 25
1 33 45
1 34 23
1 35 38
1 36 36
1 37 8
1 38 33
1 39 37
1 40 25
1 41 61
1 42 20
1 43 53
1 44 70
1 45 17
1 46 20
1 47 27
1 48 68
1 49 46
1 50 56
1 51 42
1 52 63
1 53 38
1 54 27
1 55 44
1 56 61
1 57 32
1 58 44
1 59 10
1 60 9
1 61 29
1 62 76
1 63 34
1 64 44
1 65 63
1 66 64
1 67 25
1 68 64
2 1 48
2 2 -1
2 3 5
2 4 45
2 5 34
2 6 35
2 7 19
2 8 27
2 9 26
2 10 42
2 11 44
2 12 11
2 13 44
2 14 44
2 15 11
2 16 31
2 17 19
2 18 54
2 19 36
2 20 12
2 21 12
2 22 8
2 23 17
2 24 31
2 25 48
2 26 39
2 27 52
2 28 39
2 29 54
2 30 62
2 31 19
2 32 41
2 33 3
2 34 36
2 35 46
2 36 26
2 37 42
2 38 18
2 39 21
2 40 56
2 41 14
2 42 32
2 43 26
2 44 48
2 45 36
2 46 46
2 47 25
2 48 52
2 49 11
2 50 38
2 51 41
2 52 18
2 53 20
2 54 60
2 55 12
2 56 15
2 57 57
2 58 25
2 59 44
2 60 41
2 61 56
2 62 27
2 63 41
2 64 40
2 65 27
2 66 39
2 67 33
2 68 29
3 1 43
3 2 5
3 3 -1
3 4 40
3 5 32
3 6 35
3 7 23
3 8 22
3 9 31
3 10 36
3 11 39
3 12 17
3 13 39
3 14 42
3 15 9
3 16 26
3 17 23
3 18 48
3 19 34
3 20 15
3 21 13
3 22 4
3 23 16
3 24 27
3 25 44
3 26 35
3 27 46
3 28 35
3 29 51
3 30 56
3 31 23
3 32 37
3 33 3
3 34 31
3 35 41
3 36 22
3 37 37
3 38 14
3 39 17
3 40 51
3 41 18
3 42 28
3 43 24
3 44 47
3 45 30
3 46 40
3 47 20
3 48 51
3 49 9
3 50 36
3 51 37
3 52 22
3 53 16
3 54 54
3 55 12
3 56 19
3 57 52
3 58 21
3 59 40
3 60 35
3 61 51
3 62 32
3 63 36
3 64 36
3 65 28
3 66 38
3 67 29
3 68 30
4 1 3
4 2 45
4 3 40
4 4 -1
4 5 28
4 6 64
4 7 62
4 8 20
4 9 72
4 10 10
4 11 2
4 12 56
4 13 29
4 14 60
4 15 44
4 16 14
4 17 62
4 18 19
4 19 54
4 20 54
4 21 43
4 22 38
4 23 49
4 24 18
4 25 50
4 26 39
4 27 15
4 28 19
4 29 61
4 30 33
4 31 63
4 32 22
4 33 42
4 34 22
4 35 38
4 36 34
4 37 5
4 38 29
4 39 35
4 40 27
4 41 58
4 42 16
4 43 51
4 44 69
4 45 15
4 46 21
4 47 25
4 48 67
4 49 43
4 50 55
4 51 41
4 52 61
4 53 36
4 54 29
4 55 41
4 56 58
4 57 34
4 58 42
4 59 7
4 60 7
4 61 31
4 62 72
4 63 33
4 64 43
4 65 61
4 66 63
4 67 21
4 68 62
5 1 32
5 2 34
5 3 32
5 4 28
5 5 -1
5 6 66
5 7 54
5 8 29
5 9 59
5 10 34
5 11 30
5 12 43
5 13 50
5 14 70
5 15 41
5 16 22
5 17 53
5 18 47
5 19 62
5 20 46
5 21 26
5 22 34
5 23 47
5 24 13
5 25 66
5 26 54
5 27 43
5 28 10
5 29 75
5 30 61
5 31 53
5 32 9
5 33 32
5 34 40
5 35 57
5 36 43
5 37 23
5 38 18
5 39 40
5 40 54
5 41 48
5 42 14
5 43 54
5 44 77
5 45 33
5 46 45
5 47 33
5 48 78
5 49 40
5 50 64
5 51 56
5 52 53
5 53 40
5 54 57
5 55 24
5 56 50
5 57 59
5 58 48
5 59 22
5 60 31
5 61 57
5 62 59
5 63 51
5 64 57
5 65 60
5 66 68
5 67 8
5 68 62
6 1 66
6 2 35
6 3 35
6 4 64
6 5 66
6 6 -1
6 7 24
6 8 44
6 9 36
6 10 56
6 11 62
6 12 36
6 13 44
6 14 17
6 15 25
6 16 52
6 17 25
6 18 62
6 19 14
6 20 25
6 21 47
6 22 33
6 23 19
6 24 58
6 25 30
6 26 31
6 27 62
6 28 67
6 29 28
6 30 61
6 31 27
6 32 70
6 33 36
6 34 44
6 35 39
6 36 30
6 37 64
6 38 48
6 39 29
6 40 59
6 41 28
6 42 58
6 43 13
6 44 15
6 45 49
6 46 51
6 47 39
6 48 22
6 49 26
6 50 14
6 51 31
6 52 23
6 53 28
6 54 62
6 55 47
6 56 24
6 57 55
6 58 22
6 59 67
6 60 57
6 61 56
6 62 38
6 63 37
6 64 28
6 65 8
6 66 6
6 67 62
6 68 6
7 1 65
7 2 19
7 3 23
7 4 62
7 5 54
7 6 24
7 7 -1
7 8 42
7 9 13
7 10 56
7 11 61
7 12 14
7 13 53
7 14 39
7 15 17
7 16 48
7 17 1
7 18 67
7 19 32
7 20 8
7 21 29
7 22 23
7 23 16
7 24 50
7 25 48
7 26 43
7 27 66
7 28 58
7 29 50
7 30 72
7 31 3
7 32 60
7 33 22
7 34 48
7 35 52
7 36 34
7 37 60
7 38 37
7 39 30
7 40 67
7 41 5
7 42 51
7 43 22
7 44 39
7 45 50
7 46 58
7 47 38
7 48 46
7 49 18
7 50 34
7 51 44
7 52 1
7 53 29
7 54 70
7 55 30
7 56 4
7 57 66
7 58 28
7 59 62
7 60 56
7 61 66
7 62 15
7 63 48
7 64 42
7 65 16
7 66 30
7 67 52
7 68 18
8 1 22
8 2 27
8 3 22
8 4 20
8 5 29
8 6 44
8 7 42
8 8 -1
8 9 53
8 10 14
8 11 18
8 12 39
8 13 22
8 14 43
8 15 25
8 16 8
8 17 43
8 18 27
8 19 36
8 20 34
8 21 29
8 22 19
8 23 29
8 24 16
8 25 37
8 26 25
8 27 24
8 28 24
8 29 47
8 30 37
8 31 43
8 32 28
8 33 24
8 34 12
8 35 28
8 36 16
8 37 19
8 38 17
8 39 15
8 40 30
8 41 39
8 42 16
8 43 31
8 44 51
8 45 8
8 46 20
8 47 5
8 48 51
8 49 24
8 50 38
8 51 28
8 52 41
8 53 16
8 54 34
8 55 27
8 56 38
8 57 33
8 58 23
8 59 22
8 60 13
8 61 32
8 62 54
8 63 22
8 64 29
8 65 41
8 66 44
8 67 21
8 68 42
9 1 75
9 2 26
9 3 31
9 4 72
9 5 59
9 6 36
9 7 13
9 8 53
9 9 -1
9 10 67
9 11 71
9 12 16
9 13 66
9 14 51
9 15 29
9 16 57
9 17 12
9 18 79
9 19 46
9 20 19
9 21 33
9 22 33
9 23 29
9 24 57
9 25 61
9 26 57
9 27 77
9 28 64
9 29 63
9 30 84
9 31 10
9 32 66
9 33 29
9 34 60
9 35 65
9 36 47
9 37 69
9 38 44
9 39 43
9 40 79
9 41 14
9 42 58
9 43 36
9 44 51
9 45 61
9 46 70
9 47 50
9 48 58
9 49 30
9 50 47
9 51 58
9 52 14
9 53 41
9 54 83
9 55 35
9 56 16
9 57 79
9 58 41
9 59 71
9 60 67
9 61 79
9 62 2
9 63 61
9 64 55
9 65 28
9 66 42
9 67 58
9 68 30
10 1 10
10 2 42
10 3 36
10 4 10
10 5 34
10 6 56
10 7 56
10 8 14
10 9 67
10 10 -1
10 11 7
10 12 53
10 13 19
10 14 50
10 15 39
10 16 13
10 17 57
10 18 13
10 19 44
10 20 48
10 21 43
10 22 34
10 23 42
10 24 21
10 25 40
10 26 29
10 27 10
10 28 25
10 29 51
10 30 27
10 31 58
10 32 29
10 33 39
10 34 12
10 35 28
10 36 26
10 37 13
10 38 29
10 39 27
10 40 20
10 41 53
10 42 20
10 43 43
10 44 60
10 45 7
10 46 12
10 47 18
10 48 57
10 49 38
10 50 46
10 51 31
10 52 55
10 53 28
10 54 23
10 55 40
10 56 52
10 57 25
10 58 34
10 59 16
10 60 3
10 61 23
10 62 68
10 63 23
10 64 34
10 65 53
10 66 54
10 67 26
10 68 54
11 1 4
11 2 44
11 3 39
11 4 2
11 5 30
11 6 62
11 7 61
11 8 18
11 9 71
11 10 7
11 11 -1
11 12 56
11 13 26
11 14 57
11 15 43
11 16 13
11 17 61
11 18 17
11 19 51
11 20 52
11 21 43
11 22 37
11 23 47
11 24 18
11 25 47
11 26 37
11 27 13
11 28 21
11 29 58
11 30 31
11 31 62
11 32 24
11 33 41
11 34 19
11 35 35
11 36 32
11 37 7
11 38 29
11 39 33
11 40 24
11 41 57
11 42 17
11 43 49
11 44 67
11 45 13
11 46 18
11 47 23
11 48 64
11 49 42
11 50 53
11 51 38
11 52 59
11 53 34
11 54 27
11 55 41
11 56 56
11 57 31
11 58 40
11 59 9
11 60 5
11 61 28
11 62 72
11 63 31
11 64 41
11 65 59
11 66 61
11 67 22
11 68 60
12 1 60
12 2 11
12 3 17
12 4 56
12 5 43
12 6 36
12 7 14
12 8 39
12 9 16
12 10 53
12 11 56
12 12 -1
12 13 55
12 14 49
12 15 18
12 16 42
12 17 13
12 18 65
12 19 42
12 20 12
12 21 17
12 22 19
12 23 22
12 24 41
12 25 55
12 26 48
12 27 63
12 28 48
12 29 60
12 30 73
12 31 12
12 32 50
12 33 14
12 34 47
12 35 56
12 36 36
12 37 53
12 38 28
12 39 31
12 40 67
12 41 8
12 42 43
12 43 31
12 44 51
12 45 47
12 46 57
12 47 36
12 48 57
12 49 19
12 50 44
12 51 50
12 52 14
12 53 30
12 54 71
12 55 19
12 56 12
12 57 68
12 58 32
12 59 55
12 60 52
12 61 67
12 62 16
12 63 50
12 64 48
12 65 28
12 66 41
12 67 42
12 68 30
13 1 28
13 2 44
13 3 39
13 4 29
13 5 50
13 6 44
13 7 53
13 8 22
13 9 66
13 10 19
13 11 26
13 12 55
13 13 -1
13 14 35
13 15 37
13 16 27
13 17 54
13 18 18
13 19 31
13 20 46
13 21 50
13 22 35
13 23 37
13 24 36
13 25 22
13 26 14
13 27 19
13 28 43
13 29 33
13 30 18
13 31 55
13 32 46
13 33 42
13 34 10
13 35 9
13 36 19
13 37 32
13 38 39
13 39 23
13 40 14
13 41 52
13 42 36
13 43 34
13 44 45
13 45 16
13 46 8
13 47 20
13 48 41
13 49 36
13 50 32
13 51 15
13 52 52
13 53 25
13 54 17
13 55 48
13 56 50
13 57 13
13 58 25
13 59 35
13 60 22
13 61 12
13 62 68
13 63 7
13 64 18
13 65 45
13 66 41
13 67 42
13 68 45
14 1 61
14 2 44
14 3 42
14 4 60
14 5 70
14 6 17
14 7 39
14 8 43
14 9 51
14 10 50
14 11 57
14 12 49
14 13 35
14 14 -1
14 15 33
14 16 51
14 17 40
14 18 53
14 19 8
14 20 37
14 21 55
14 22 38
14 23 27
14 24 59
14 25 15
14 26 21
14 27 54
14 28 67
14 29 11
14 30 49
14 31 42
14 32 71
14 33 44
14 34 37
14 35 27
14 36 27
14 37 61
14 38 52
14 39 29
14 40 48
14 41 42
14 42 59
14 43 18
14 44 10
14 45 44
14 46 43
14 47 38
14 48 8
14 49 33
14 50 5
14 51 20
14 52 38
14 53 29
14 54 50
14 55 55
14 56 38
14 57 42
14 58 22
14 59 64
14 60 52
14 61 44
14 62 53
14 63 28
14 64 17
14 65 23
14 66 10
14 67 63
14 68 21
15 1 47
15 2 11
15 3 9
15 4 44
15 5 41
15 6 25
15 7 17
15 8 25
15 9 29
15 10 39
15 11 43
15 12 18
15 13 37
15 14 33
15 15 -1
15 16 31
15 17 18
15 18 49
15 19 25
15 20 10
15 21 22
15 22 7
15 23 6
15 24 34
15 25 37
15 26 29
15 27 48
15 28 43
15 29 42
15 30 55
15 31 19
15 32 45
15 33 11
15 34 30
15 35 37
15 36 18
15 37 43
15 38 23
15 39 13
15 40 50
15 41 15
15 42 35
15 43 14
15 44 38
15 45 32
15 46 40
15 47 21
15 48 41
15 49 1
15 50 27
15 51 31
15 52 16
15 53 12
15 54 53
15 55 22
15 56 13
15 57 50
15 58 14
15 59 46
15 60 38
15 61 49
15 62 31
15 63 32
15 64 29
15 65 18
15 66 28
15 67 37
15 68 20
16 1 17
16 2 31
16 3 26
16 4 14
16 5 22
16 6 52
16 7 48
16 8 8
16 9 57
16 10 13
16 11 13
16 12 42
16 13 27
16 14 51
16 15 31
16 16 -1
16 17 48
16 18 26
16 19 44
16 20 40
16 21 30
16 22 24
16 23 36
16 24 9
16 25 44
16 26 33
16 27 23
16 28 17
16 29 55
16 30 39
16 31 49
16 32 20
16 33 28
16 34 17
16 35 34
16 36 24
16 37 12
16 38 16
16 39 23
16 40 32
16 41 44
16 42 8
16 43 39
16 44 59
16 45 11
16 46 23
16 47 13
16 48 59
16 49 30
16 50 46
16 51 35
16 52 47
16 53 23
16 54 35
16 55 27
16 56 44
16 57 37
16 58 31
16 59 15
16 60 10
16 61 35
16 62 58
16 63 29
16 64 36
16 65 48
16 66 52
16 67 14
16 68 49
17 1 65
17 2 19
17 3 23
17 4 62
17 5 53
17 6 25
17 7 1
17 8 43
17 9 12
17 10 57
17 11 61
17 12 13
17 13 54
17 14 40
17 15 18
17 16 48
17 17 -1
17 18 67
17 19 33
17 20 8
17 21 29
17 22 23
17 23 17
17 24 50
17 25 49
17 26 44
17 27 66
17 28 58
17 29 51
17 30 72
17 31 2
17 32 60
17 33 22
17 34 48
17 35 53
17 36 35
17 37 60
17 38 37
17 39 31
17 40 68
17 41 5
17 42 51
17 43 23
17 44 40
17 45 50
17 46 58
17 47 39
17 48 47
17 49 19
17 50 35
17 51 45
17 52 2
17 53 30
17 54 71
17 55 30
17 56 4
17 57 67
17 58 29
17 59 62
17 60 57
17 61 67
17 62 14
17 63 48
17 64 43
17 65 17
17 66 31
17 67 52
17 68 19
18 1 16
18 2 54
18 3 48
18 4 19
18 5 47
18 6 62
18 7 67
18 8 27
18 9 79
18 10 13
18 11 17
18 12 65
18 13 18
18 14 53
18 15 49
18 16 26
18 17 67
18 18 -1
18 19 49
18 20 59
18 21 56
18 22 46
18 23 51
18 24 34
18 25 40
18 26 32
18 27 4
18 28 38
18 29 50
18 30 14
18 31 69
18 32 41
18 33 51
18 34 19
18 35 26
18 36 33
18 37 24
18 38 42
18 39 36
18 40 8
18 41 65
18 42 33
18 43 50
18 44 63
18 45 18
18 46 10
18 47 29
18 48 58
18 49 48
18 50 50
18 51 33
18 52 66
18 53 38
18 54 10
18 55 53
18 56 63
18 57 16
18 58 41
18 59 26
18 60 16
18 61 13
18 62 80
18 63 25
18 64 36
18 65 61
18 66 59
18 67 39
18 68 61
19 1 55
19 2 36
19 3 34
19 4 54
19 5 62
19 6 14
19 7 32
19 8 36
19 9 46
19 10 44
19 11 51
19 12 42
19 13 31
19 14 8
19 15 25
19 16 44
19 17 33
19 18 49
19 19 -1
19 20 30
19 21 47
19 22 30
19 23 20
19 24 51
19 25 16
19 26 17
19 27 50
19 28 60
19 29 18
19 30 47
19 31 35
19 32 63
19 33 36
19 34 32
19 35 25
19 36 20
19 37 54
19 38 44
19 39 22
19 40 45
19 41 35
19 42 51
19 43 11
19 44 15
19 45 38
19 46 39
19 47 30
19 48 16
19 49 25
19 50 2
19 51 17
19 52 31
19 53 21
19 54 48
19 55 46
19 56 31
19 57 41
19 58 14
19 59 58
19 60 46
19 61 42
19 62 48
19 63 24
19 64 13
19 65 18
19 66 10
19 67 56
19 68 17
20 1 56
20 2 12
20 3 15
20 4 54
20 5 46
20 6 25
20 7 8
20 8 34
20 9 19
20 10 48
20 11 52
20 12 12
20 13 46
20 14 37
20 15 10
20 16 40
20 17 8
20 18 59
20 19 30
20 20 -1
20 21 23
20 22 15
20 23 10
20 24 42
20 25 44
20 26 38
20 27 58
20 28 50
20 29 48
20 30 65
20 31 9
20 32 52
20 33 14
20 34 40
20 35 46
20 36 27
20 37 51
20 38 29
20 39 23
20 40 60
20 41 5
20 42 43
20 43 19
20 44 39
20 45 42
20 46 50
20 47 30
20 48 44
20 49 10
20 50 32
20 51 39
20 52 7
20 53 21
20 54 63
20 55 24
20 56 4
20 57 59
20 58 22
20 59 54
20 60 48
20 61 59
20 62 21
20 63 41
20 64 37
20 65 16
20 66 29
20 67 44
20 68 18
21 1 47
21 2 12
21 3 13
21 4 43
21 5 26
21 6 47
21 7 29
21 8 29
21 9 33
21 10 43
21 11 43
21 12 17
21 13 50
21 14 55
21 15 22
21 16 30
21 17 29
21 18 56
21 19 47
21 20 23
21 21 -1
21 22 17
21 23 28
21 24 26
21 25 57
21 26 48
21 27 53
21 28 32
21 29 64
21 30 66
21 31 28
21 32 33
21 33 11
21 34 41
21 35 54
21 36 35
21 37 40
21 38 14
21 39 30
21 40 60
21 41 23
21 42 28
21 43 37
21 44 60
21 45 38
21 46 50
21 47 30
21 48 64
21 49 22
21 50 50
21 51 50
21 52 29
21 53 29
21 54 63
21 55 2
21 56 26
21 57 62
21 58 35
21 59 41
21 60 41
21 61 61
21 62 33
21 63 48
21 64 49
21 65 39
21 66 51
21 67 26
21 68 41
22 1 41
22 2 8
22 3 4
22 4 38
22 5 34
22 6 33
22 7 23
22 8 19
22 9 33
22 10 34
22 11 37
22 12 19
22 13 35
22 14 38
22 15 7
22 16 24
22 17 23
22 18 46
22 19 30
22 20 15
22 21 17
22 22 -1
22 23 13
22 24 27
22 25 40
22 26 31
22 27 44
22 28 35
22 29 47
22 30 53
22 31 24
22 32 38
22 33 7
22 34 27
22 35 37
22 36 18
22 37 36
22 38 15
22 39 13
22 40 47
22 41 19
22 42 28
22 43 21
22 44 44
22 45 27
22 46 37
22 47 16
22 48 47
22 49 6
22 50 33
22 51 33
22 52 22
22 53 12
22 54 51
22 55 16
22 56 19
22 57 48
22 58 17
22 59 39
22 60 33
22 61 48
22 62 34
22 63 32
22 64 32
22 65 26
22 66 35
22 67 30
22 68 28
23 1 51
23 2 17
23 3 16
23 4 49
23 5 47
23 6 19
23 7 16
23 8 29
23 9 29
23 10 42
23 11 47
23 12 22
23 13 37
23 14 27
23 15 6
23 16 36
23 17 17
23 18 51
23 19 20
23 20 10
23 21 28
23 22 13
23 23 -1
23 24 40
23 25 33
23 26 27
23 27 51
23 28 49
23 29 38
23 30 55
23 31 18
23 32 51
23 33 17
23 34 32
23 35 36
23 36 18
23 37 48
23 38 29
23 39 15
23 40 51
23 41 16
23 42 41
23 43 9
23 44 31
23 45 35
23 46 42
23 47 24
23 48 36
23 49 7
23 50 22
23 51 29
23 52 14
23 53 13
23 54 54
23 55 28
23 56 13
23 57 50
23 58 12
23 59 51
23 60 42
23 61 50
23 62 31
23 63 31
23 64 26
23 65 12
23 66 22
23 67 43
23 68 14
24 1 21
24 2 31
24 3 27
24 4 18
24 5 13
24 6 58
24 7 50
24 8 16
24 9 57
24 10 21
24 11 18
24 12 41
24 13 36
24 14 59
24 15 34
24 16 9
24 17 50
24 18 34
24 19 51
24 20 42
24 21 26
24 22 27
24 23 40
24 24 -1
24 25 53
24 26 42
24 27 31
24 28 8
24 29 63
24 30 48
24 31 50
24 32 12
24 33 28
24 34 26
24 35 44
24 36 31
24 37 13
24 38 13
24 39 29
24 40 41
24 41 45
24 42 1
24 43 45
24 44 67
24 45 20
24 46 32
24 47 21
24 48 67
24 49 33
24 50 53
24 51 44
24 52 49
24 53 30
24 54 44
24 55 24
24 56 46
24 57 46
24 58 37
24 59 14
24 60 18
24 61 44
24 62 58
24 63 38
24 64 45
24 65 52
24 66 59
24 67 5
24 68 54
25 1 50
25 2 48
25 3 44
25 4 50
25 5 66
25 6 30
25 7 48
25 8 37
25 9 61
25 10 40
25 11 47
25 12 55
25 13 22
25 14 15
25 15 37
25 16 44
25 17 49
25 18 40
25 19 16
25 20 44
25 21 57
25 22 40
25 23 33
25 24 53
25 25 -1
25 26 11
25 27 42
25 28 61
25 29 11
25 30 34
25 31 51
25 32 65
25 33 47
25 34 28
25 35 13
25 36 23
25 37 52
25 38 50
25 39 27
25 40 34
25 41 49
25 42 53
25 43 25
25 44 24
25 45 35
25 46 31
25 47 32
25 48 19
25 49 37
25 50 15
25 51 9
25 52 47
25 53 28
25 54 36
25 55 56
25 56 46
25 57 28
25 58 23
25 59 56
25 60 43
25 61 30
25 62 63
25 63 16
25 64 8
25 65 34
25 66 25
25 67 58
25 68 33
26 1 40
26 2 39
26 3 35
26 4 39
26 5 54
26 6 31
26 7 43
26 8 25
26 9 57
26 10 29
26 11 37
26 12 48
26 13 14
26 14 21
26 15 29
26 16 33
26 17 44
26 18 32
26 19 17
26 20 38
26 21 48
26 22 31
26 23 27
26 24 42
26 25 11
26 26 -1
26 27 33
26 28 50
26 29 22
26 30 30
26 31 46
26 32 53
26 33 38
26 34 17
26 35 8
26 36 13
26 37 41
26 38 39
26 39 18
26 40 27
26 41 43
26 42 42
26 43 21
26 44 31
26 45 24
26 46 22
26 47 21
26 48 27
26 49 29
26 50 18
26 51 2
26 52 42
26 53 19
26 54 30
26 55 46
26 56 40
26 57 24
26 58 15
26 59 45
26 60 32
26 61 25
26 62 58
26 63 7
26 64 4
26 65 32
26 66 27
26 67 47
26 68 32
27 1 12
27 2 52
27 3 46
27 4 15
27 5 43
27 6 62
27 7 66
27 8 24
27 9 77
27 10 10
27 11 13
27 12 63
27 13 19
27 14 54
27 15 48
27 16 23
27 17 66
27 18 4
27 19 50
27 20 58
27 21 53
27 22 44
27 23 51
27 24 31
27 25 42
27 26 33
27 27 -1
27 28 34
27 29 53
27 30 18
27 31 67
27 32 37
27 33 49
27 34 18
27 35 28
27 36 33
27 37 20
27 38 39
27 39 35
27 40 12
27 41 63
27 42 29
27 43 50
27 44 64
27 45 16
27 46 11
27 47 27
27 48 60
27 49 47
27 50 51
27 51 34
27 52 64
27 53 37
27 54 14
27 55 51
27 56 62
27 57 20
27 58 41
27 59 22
27 60 13
27 61 17
27 62 78
27 63 26
27 64 37
27 65 61
27 66 60
27 67 35
27 68 61
28 1 22
28 2 39
28 3 35
28 4 19
28 5 10
28 6 67
28 7 58
28 8 24
28 9 64
28 10 25
28 11 21
28 12 48
28 13 43
28 14 67
28 15 43
28 16 17
28 17 58
28 18 38
28 19 60
28 20 50
28 21 32
28 22 35
28 23 49
28 24 8
28 25 61
28 26 50
28 27 34
28 28 -1
28 29 72
28 30 52
28 31 58
28 32 3
28 33 36
28 34 34
28 35 51
28 36 40
28 37 14
28 38 21
28 39 38
28 40 45
28 41 53
28 42 8
28 43 54
28 44 76
28 45 27
28 46 37
28 47 29
28 48 76
28 49 42
28 50 62
28 51 52
28 52 57
28 53 38
28 54 48
28 55 30
28 56 54
28 57 51
28 58 46
28 59 12
28 60 22
28 61 49
28 62 65
28 63 46
28 64 53
28 65 61
28 66 68
28 67 6
28 68 63
29 1 61
29 2 54
29 3 51
29 4 61
29 5 75
29 6 28
29 7 50
29 8 47
29 9 63
29 10 51
29 11 58
29 12 60
29 13 33
29 14 11
29 15 42
29 16 55
29 17 51
29 18 50
29 19 18
29 20 48
29 21 64
29 22 47
29 23 38
29 24 63
29 25 11
29 26 22
29 27 53
29 28 72
29 29 -1
29 30 44
29 31 53
29 32 75
29 33 53
29 34 39
29 35 24
29 36 32
29 37 63
29 38 59
29 39 36
29 40 44
29 41 53
29 42 63
29 43 29
29 44 17
29 45 46
29 46 42
29 47 42
29 48 9
29 49 42
29 50 16
29 51 20
29 52 49
29 53 36
29 54 46
29 55 63
29 56 49
29 57 38
29 58 29
29 59 67
29 60 54
29 61 40
29 62 65
29 63 27
29 64 18
29 65 35
29 66 22
29 67 68
29 68 33
30 1 31
30 2 62
30 3 56
30 4 33
30 5 61
30 6 61
30 7 72
30 8 37
30 9 84
30 10 27
30 11 31
30 12 73
30 13 18
30 14 49
30 15 55
30 16 39
30 17 72
30 18 14
30 19 47
30 20 65
30 21 66
30 22 53
30 23 55
30 24 48
30 25 34
30 26 30
30 27 18
30 28 52
30 29 44
30 30 -1
30 31 74
30 32 55
30 33 60
30 34 25
30 35 22
30 36 37
30 37 38
30 38 54
30 39 41
30 40 7
30 41 70
30 42 47
30 43 51
30 44 59
30 45 28
30 46 16
30 47 37
30 48 53
30 49 54
30 50 47
30 51 30
30 52 70
30 53 43
30 54 4
30 55 64
30 56 68
30 57 6
30 58 44
30 59 41
30 60 30
30 61 5
30 62 86
30 63 24
30 64 33
30 65 62
30 66 57
30 67 53
30 68 62
31 1 66
31 2 19
31 3 23
31 4 63
31 5 53
31 6 27
31 7 3
31 8 43
31 9 10
31 10 58
31 11 62
31 12 12
31 13 55
31 14 42
31 15 19
31 16 49
31 17 2
31 18 69
31 19 35
31 20 9
31 21 28
31 22 24
31 23 18
31 24 50
31 25 51
31 26 46
31 27 67
31 28 58
31 29 53
31 30 74
31 31 -1
31 32 60
31 33 22
31 34 50
31 35 54
31 36 36
31 37 60
31 38 37
31 39 32
31 40 69
31 41 5
31 42 51
31 43 25
31 44 42
31 45 51
31 46 59
31 47 40
31 48 49
31 49 20
31 50 37
31 51 47
31 52 4
31 53 31
31 54 72
31 55 29
31 56 5
31 57 68
31 58 30
31 59 63
31 60 57
31 61 68
31 62 12
31 63 50
31 64 45
31 65 19
31 66 33
31 67 52
31 68 21
32 1 25
32 2 41
32 3 37
32 4 22
32 5 9
32 6 70
32 7 60
32 8 28
32 9 66
32 10 29
32 11 24
32 12 50
32 13 46
32 14 71
32 15 45
32 16 20
32 17 60
32 18 41
32 19 63
32 20 52
32 21 33
32 22 38
32 23 51
32 24 12
32 25 65
32 26 53
32 27 37
32 28 3
32 29 75
32 30 55
32 31 60
32 32 -1
32 33 38
32 34 37
32 35 55
32 36 44
32 37 17
32 38 23
32 39 41
32 40 48
32 41 55
32 42 12
32 43 57
32 44 79
32 45 30
32 46 41
32 47 33
32 48 79
32 49 44
32 50 65
32 51 56
32 52 59
32 53 42
32 54 51
32 55 31
32 56 56
32 57 54
32 58 49
32 59 15
32 60 25
32 61 52
32 62 66
32 63 49
32 64 57
32 65 64
32 66 71
32 67 8
32 68 66
33 1 45
33 2 3
33 3 3
33 4 42
33 5 32
33 6 36
33 7 22
33 8 24
33 9 29
33 10 39
33 11 41
33 12 14
33 13 42
33 14 44
33 15 11
33 16 28
33 17 22
33 18 51
33 19 36
33 20 14
33 21 11
33 22 7
33 23 17
33 24 28
33 25 47
33 26 38
33 27 49
33 28 36
33 29 53
33 30 60
33 31 22
33 32 38
33 33 -1
33 34 34
33 35 44
33 36 25
33 37 39
33 38 15
33 39 20
33 40 54
33 41 17
33 42 29
33 43 26
33 44 49
33 45 33
33 46 43
33 47 23
33 48 53
33 49 11
33 50 39
33 51 40
33 52 21
33 53 19
33 54 57
33 55 10
33 56 18
33 57 55
33 58 24
33 59 41
33 60 38
33 61 54
33 62 30
33 63 39
33 64 39
33 65 29
33 66 40
33 67 30
33 68 31
34 1 23
34 2 36
34 3 31
34 4 22
34 5 40
34 6 44
34 7 48
34 8 12
34 9 60
34 10 12
34 11 19
34 12 47
34 13 10
34 14 37
34 15 30
34 16 17
34 17 48
34 18 19
34 19 32
34 20 40
34 21 41
34 22 27
34 23 32
34 24 26
34 25 28
34 26 17
34 27 18
34 28 34
34 29 39
34 30 25
34 31 50
34 32 37
34 33 34
34 34 -1
34 35 17
34 36 14
34 37 24
34 38 29
34 39 17
34 40 20
34 41 46
34 42 26
34 43 31
34 44 47
34 45 7
34 46 9
34 47 11
34 48 45
34 49 29
34 50 33
34 51 19
34 52 46
34 53 18
34 54 23
34 55 38
34 56 44
34 57 21
34 58 22
34 59 27
34 60 14
34 61 20
34 62 61
34 63 12
34 64 21
34 65 42
34 66 42
34 67 32
34 68 42
35 1 38
35 2 46
35 3 41
35 4 38
35 5 57
35 6 39
35 7 52
35 8 28
35 9 65
35 10 28
35 11 35
35 12 56
35 13 9
35 14 27
35 15 37
35 16 34
35 17 53
35 18 26
35 19 25
35 20 46
35 21 54
35 22 37
35 23 36
35 24 44
35 25 13
35 26 8
35 27 28
35 28 51
35 29 24
35 30 22
35 31 54
35 32 55
35 33 44
35 34 17
35 35 -1
35 36 19
35 37 41
35 38 44
35 39 24
35 40 21
35 41 51
35 42 43
35 43 30
35 44 37
35 45 24
35 46 17
35 47 25
35 48 32
35 49 36
35 50 25
35 51 8
35 52 50
35 53 25
35 54 23
35 55 52
35 56 49
35 57 16
35 58 23
35 59 44
35 60 31
35 61 17
35 62 67
35 63 6
35 64 11
35 65 41
35 66 35
35 67 49
35 68 40
36 1 36
36 2 26
36 3 22
36 4 34
36 5 43
36 6 30
36 7 34
36 8 16
36 9 47
36 10 26
36 11 32
36 12 36
36 13 19
36 14 27
36 15 18
36 16 24
36 17 35
36 18 33
36 19 20
36 20 27
36 21 35
36 22 18
36 23 18
36 24 31
36 25 23
36 26 13
36 27 33
36 28 40
36 29 32
36 30 37
36 31 36
36 32 44
36 33 25
36 34 14
36 35 19
36 36 -1
36 37 34
36 38 27
36 39 5
36 40 32
36 41 33
36 42 32
36 43 17
36 44 35
36 45 19
36 46 23
36 47 10
36 48 35
36 49 17
36 50 21
36 51 15
36 52 33
36 53 6
36 54 36
36 55 33
36 56 31
36 57 32
36 58 8
36 59 38
36 60 27
36 61 31
36 62 48
36 63 14
36 64 14
36 65 27
36 66 28
36 67 36
36 68 28
37 1 8
37 2 42
37 3 37
37 4 5
37 5 23
37 6 64
37 7 60
37 8 19
37 9 69
37 10 13
37 11 7
37 12 53
37 13 32
37 14 61
37 15 43
37 16 12
37 17 60
37 18 24
37 19 54
37 20 51
37 21 40
37 22 36
37 23 48
37 24 13
37 25 52
37 26 41
37 27 20
37 28 14
37 29 63
37 30 38
37 31 60
37 32 17
37 33 39
37 34 24
37 35 41
37 36 34
37 37 -1
37 38 26
37 39 34
37 40 31
37 41 56
37 42 12
37 43 50
37 44 70
37 45 17
37 46 25
37 47 24
37 48 68
37 49 42
37 50 56
37 51 43
37 52 59
37 53 35
37 54 34
37 55 37
37 56 56
37 57 38
37 58 42
37 59 3
37 60 10
37 61 35
37 62 70
37 63 36
37 64 45
37 65 60
37 66 63
37 67 16
37 68 61
38 1 33
38 2 18
38 3 14
38 4 29
38 5 18
38 6 48
38 7 37
38 8 17
38 9 44
38 10 29
38 11 29
38 12 28
38 13 39
38 14 52
38 15 23
38 16 16
38 17 37
38 18 42
38 19 44
38 20 29
38 21 14
38 22 15
38 23 29
38 24 13
38 25 50
38 26 39
38 27 39
38 28 21
38 29 59
38 30 54
38 31 37
38 32 23
38 33 15
38 34 29
38 35 44
38 36 27
38 37 26
38 38 -1
38 39 23
38 40 47
38 41 32
38 42 14
38 43 36
38 44 59
38 45 25
38 46 37
38 47 19
38 48 61
38 49 22
38 50 46
38 51 42
38 52 36
38 53 23
38 54 50
38 55 11
38 56 33
38 57 50
38 58 30
38 59 27
38 60 27
38 61 49
38 62 44
38 63 38
38 64 42
38 65 42
38 66 50
38 67 15
38 68 43
39 1 37
39 2 21
39 3 17
39 4 35
39 5 40
39 6 29
39 7 30
39 8 15
39 9 43
39 10 27
39 11 33
39 12 31
39 13 23
39 14 29
39 15 13
39 16 23
39 17 31
39 18 36
39 19 22
39 20 23
39 21 30
39 22 13
39 23 15
39 24 29
39 25 27
39 26 18
39 27 35
39 28 38
39 29 36
39 30 41
39 31 32
39 32 41
39 33 20
39 34 17
39 35 24
39 36 5
39 37 34
39 38 23
39 39 -1
39 40 36
39 41 29
39 42 30
39 43 16
39 44 37
39 45 20
39 46 27
39 47 10
39 48 38
39 49 12
39 50 24
39 51 20
39 52 29
39 53 1
39 54 40
39 55 28
39 56 27
39 57 36
39 58 8
39 59 37
39 60 28
39 61 36
39 62 44
39 63 19
39 64 19
39 65 26
39 66 29
39 67 34
39 68 27
40 1 25
40 2 56
40 3 51
40 4 27
40 5 54
40 6 59
40 7 67
40 8 30
40 9 79
40 10 20
40 11 24
40 12 67
40 13 14
40 14 48
40 15 50
40 16 32
40 17 68
40 18 8
40 19 45
40 20 60
40 21 60
40 22 47
40 23 51
40 24 41
40 25 34
40 26 27
40 27 12
40 28 45
40 29 44
40 30 7
40 31 69
40 32 48
40 33 54
40 34 20
40 35 21
40 36 32
40 37 31
40 38 47
40 39 36
40 40 -1
40 41 65
40 42 40
40 43 48
40 44 58
40 45 22
40 46 10
40 47 31
40 48 53
40 49 49
40 50 45
40 51 28
40 52 66
40 53 38
40 54 3
40 55 57
40 56 63
40 57 7
40 58 39
40 59 34
40 60 23
40 61 5
40 62 81
40 63 21
40 64 31
40 65 59
40 66 55
40 67 46
40 68 59
41 1 61
41 2 14
41 3 18
41 4 58
41 5 48
41 6 28
41 7 5
41 8 39
41 9 14
41 10 53
41 11 57
41 12 8
41 13 52
41 14 42
41 15 15
41 16 44
41 17 5
41 18 65
41 19 35
41 20 5
41 21 23
41 22 19
41 23 16
41 24 45
41 25 49
41 26 43
41 27 63
41 28 53
41 29 53
41 30 70
41 31 5
41 32 55
41 33 17
41 34 46
41 35 51
41 36 33
41 37 56
41 38 32
41 39 29
41 40 65
41 41 -1
41 42 46
41 43 24
41 44 43
41 45 47
41 46 55
41 47 36
41 48 49
41 49 16
41 50 37
41 51 45
41 52 5
41 53 27
41 54 69
41 55 25
41 56 4
41 57 65
41 58 28
41 59 58
41 60 53
41 61 65
41 62 15
41 63 47
41 64 43
41 65 19
41 66 33
41 67 47
41 68 22
42 1 20
42 2 32
42 3 28
42 4 16
42 5 14
42 6 58
42 7 51
42 8 16
42 9 58
42 10 20
42 11 17
42 12 43
42 13 36
42 14 59
42 15 35
42 16 8
42 17 51
42 18 33
42 19 51
42 20 43
42 21 28
42 22 28
42 23 41
42 24 1
42 25 53
42 26 42
42 27 29
42 28 8
42 29 63
42 30 47
42 31 51
42 32 12
42 33 29
42 34 26
42 35 43
42 36 32
42 37 12
42 38 14
42 39 30
42 40 40
42 41 46
42 42 -1
42 43 45
42 44 67
42 45 19
42 46 31
42 47 21
42 48 67
42 49 34
42 50 53
42 51 44
42 52 50
42 53 30
42 54 43
42 55 25
42 56 47
42 57 45
42 58 38
42 59 13
42 60 17
42 61 43
42 62 59
42 63 38
42 64 45
42 65 53
42 66 59
42 67 6
42 68 55
43 1 53
43 2 26
43 3 24
43 4 51
43 5 54
43 6 13
43 7 22
43 8 31
43 9 36
43 10 43
43 11 49
43 12 31
43 13 34
43 14 18
43 15 14
43 16 39
43 17 23
43 18 50
43 19 11
43 20 19
43 21 37
43 22 21
43 23 9
43 24 45
43 25 25
43 26 21
43 27 50
43 28 54
43 29 29
43 30 51
43 31 25
43 32 57
43 33 26
43 34 31
43 35 30
43 36 17
43 37 50
43 38 36
43 39 16
43 40 48
43 41 24
43 42 45
43 43 -1
43 44 23
43 45 36
43 46 40
43 47 26
43 48 26
43 49 15
43 50 13
43 51 22
43 52 21
43 53 15
43 54 51
43 55 36
43 56 20
43 57 45
43 58 9
43 59 54
43 60 44
43 61 46
43 62 38
43 63 27
43 64 20
43 65 11
43 66 14
43 67 49
43 68 11
44 1 70
44 2 48
44 3 47
44 4 69
44 5 77
44 6 15
44 7 39
44 8 51
44 9 51
44 10 60
44 11 67
44 12 51
44 13 45
44 14 10
44 15 38
44 16 59
44 17 40
44 18 63
44 19 15
44 20 39
44 21 60
44 22 44
44 23 31
44 24 67
44 25 24
44 26 31
44 27 64
44 28 76
44 29 17
44 30 59
44 31 42
44 32 79
44 33 49
44 34 47
44 35 37
44 36 35
44 37 70
44 38 59
44 39 37
44 40 58
44 41 43
44 42 67
44 43 23
44 44 -1
44 45 53
44 46 53
44 47 46
44 48 8
44 49 38
44 50 13
44 51 30
44 52 38
44 53 37
44 54 60
44 55 60
44 56 39
44 57 52
44 58 29
44 59 73
44 60 61
44 61 54
44 62 53
44 63 38
44 64 27
44 65 23
44 66 9
44 67 71
44 68 21
45 1 17
45 2 36
45 3 30
45 4 15
45 5 33
45 6 49
45 7 50
45 8 8
45 9 61
45 10 7
45 11 13
45 12 47
45 13 16
45 14 44
45 15 32
45 16 11
45 17 50
45 18 18
45 19 38
45 20 42
45 21 38
45 22 27
45 23 35
45 24 20
45 25 35
45 26 24
45 27 16
45 28 27
45 29 46
45 30 28
45 31 51
45 32 30
45 33 33
45 34 7
45 35 24
45 36 19
45 37 17
45 38 25
45 39 20
45 40 22
45 41 47
45 42 19
45 43 36
45 44 53
45 45 -1
45 46 12
45 47 11
45 48 51
45 49 31
45 50 39
45 51 26
45 52 48
45 53 21
45 54 25
45 55 35
45 56 46
45 57 26
45 58 27
45 59 20
45 60 8
45 61 24
45 62 62
45 63 19
45 64 28
45 65 46
45 66 47
45 67 25
45 68 47
46 1 20
46 2 46
46 3 40
46 4 21
46 5 45
46 6 51
46 7 58
46 8 20
46 9 70
46 10 12
46 11 18
46 12 57
46 13 8
46 14 43
46 15 40
46 16 23
46 17 58
46 18 10
46 19 39
46 20 50
46 21 50
46 22 37
46 23 42
46 24 32
46 25 31
46 26 22
46 27 11
46 28 37
46 29 42
46 30 16
46 31 59
46 32 41
46 33 43
46 34 9
46 35 17
46 36 23
46 37 25
46 38 37
46 39 27
46 40 10
46 41 55
46 42 31
46 43 40
46 44 53
46 45 12
46 46 -1
46 47 20
46 48 49
46 49 39
46 50 40
46 51 23
46 52 56
46 53 28
46 54 13
46 55 47
46 56 54
46 57 14
46 58 31
46 59 28
46 60 15
46 61 12
46 62 71
46 63 15
46 64 26
46 65 51
46 66 49
46 67 37
46 68 51
47 1 27
47 2 25
47 3 20
47 4 25
47 5 33
47 6 39
47 7 38
47 8 5
47 9 50
47 10 18
47 11 23
47 12 36
47 13 20
47 14 38
47 15 21
47 16 13
47 17 39
47 18 29
47 19 30
47 20 30
47 21 30
47 22 16
47 23 24
47 24 21
47 25 32
47 26 21
47 27 27
47 28 29
47 29 42
47 30 37
47 31 40
47 32 33
47 33 23
47 34 11
47 35 25
47 36 10
47 37 24
47 38 19
47 39 10
47 40 31
47 41 36
47 42 21
47 43 26
47 44 46
47 45 11
47 46 20
47 47 -1
47 48 46
47 49 20
47 50 32
47 51 23
47 52 37
47 53 11
47 54 34
47 55 27
47 56 34
47 57 32
47 58 17
47 59 27
47 60 18
47 61 31
47 62 51
47 63 19
47 64 24
47 65 36
47 66 39
47 67 26
47 68 37
48 1 68
48 2 52
48 3 51
48 4 67
48 5 78
48 6 22
48 7 46
48 8 51
48 9 58
48 10 57
48 11 64
48 12 57
48 13 41
48 14 8
48 15 41
48 16 59
48 17 47
48 18 58
48 19 16
48 20 44
48 21 64
48 22 47
48 23 36
48 24 67
48 25 19
48 26 27
48 27 60
48 28 76
48 29 9
48 30 53
48 31 49
48 32 79
48 33 53
48 34 45
48 35 32
48 36 35
48 37 68
48 38 61
48 39 38
48 40 53
48 41 49
48 42 67
48 43 26
48 44 8
48 45 51
48 46 49
48 47 46
48 48 -1
48 49 42
48 50 14
48 51 26
48 52 45
48 53 38
48 54 55
48 55 63
48 56 45
48 57 47
48 58 30
48 59 72
48 60 59
48 61 49
48 62 60
48 63 34
48 64 23
48 65 30
48 66 16
48 67 72
48 68 28
49 1 46
49 2 11
49 3 9
49 4 43
49 5 40
49 6 26
49 7 18
49 8 24
49 9 30
49 10 38
49 11 42
49 12 19
49 13 36
49 14 33
49 15 1
49 16 30
49 17 19
49 18 48
49 19 25
49 20 10
49 21 22
49 22 6
49 23 7
49 24 33
49 25 37
49 26 29
49 27 47
49 28 42
49 29 42
49 30 54
49 31 20
49 32 44
49 33 11
49 34 29
49 35 36
49 36 17
49 37 42
49 38 22
49 39 12
49 40 49
49 41 16
49 42 34
49 43 15
49 44 38
49 45 31
49 46 39
49 47 20
49 48 42
49 49 -1
49 50 27
49 51 30
49 52 17
49 53 11
49 54 53
49 55 21
49 56 14
49 57 49
49 58 14
49 59 45
49 60 37
49 61 49
49 62 31
49 63 31
49 64 29
49 65 19
49 66 29
49 67 36
49 68 21
50 1 56
50 2 38
50 3 36
50 4 55
50 5 64
50 6 14
50 7 34
50 8 38
50 9 47
50 10 46
50 11 53
50 12 44
50 13 32
50 14 5
50 15 27
50 16 46
50 17 35
50 18 50
50 19 2
50 20 32
50 21 50
50 22 33
50 23 22
50 24 53
50 25 15
50 26 18
50 27 51
50 28 62
50 29 16
50 30 47
50 31 37
50 32 65
50 33 39
50 34 33
50 35 25
50 36 21
50 37 56
50 38 46
50 39 24
50 40 45
50 41 37
50 42 53
50 43 13
50 44 13
50 45 39
50 46 40
50 47 32
50 48 14
50 49 27
50 50 -1
50 51 17
50 52 33
50 53 24
50 54 48
50 55 49
50 56 33
50 57 41
50 58 16
50 59 60
50 60 48
50 61 42
50 62 49
50 63 25
50 64 14
50 65 19
50 66 9
50 67 58
50 68 18
51 1 42
51 2 41
51 3 37
51 4 41
51 5 56
51 6 31
51 7 44
51 8 28
51 9 58
51 10 31
51 11 38
51 12 50
51 13 15
51 14 20
51 15 31
51 16 35
51 17 45
51 18 33
51 19 17
51 20 39
51 21 50
51 22 33
51 23 29
51 24 44
51 25 9
51 26 2
51 27 34
51 28 52
51 29 20
51 30 30
51 31 47
51 32 56
51 33 40
51 34 19
51 35 8
51 36 15
51 37 43
51 38 42
51 39 20
51 40 28
51 41 45
51 42 44
51 43 22
51 44 30
51 45 26
51 46 23
51 47 23
51 48 26
51 49 30
51 50 17
51 51 -1
51 52 43
51 53 21
51 54 31
51 55 48
51 56 42
51 57 24
51 58 17
51 59 47
51 60 34
51 61 25
51 62 60
51 63 8
51 64 3
51 65 33
51 66 27
51 67 49
51 68 32
52 1 63
52 2 18
52 3 22
52 4 61
52 5 53
52 6 23
52 7 1
52 8 41
52 9 14
52 10 55
52 11 59
52 12 14
52 13 52
52 14 38
52 15 16
52 16 47
52 17 2
52 18 66
52 19 31
52 20 7
52 21 29
52 22 22
52 23 14
52 24 49
52 25 47
52 26 42
52 27 64
52 28 57
52 29 49
52 30 70
52 31 4
52 32 59
52 33 21
52 34 46
52 35 50
52 36 33
52 37 59
52 38 36
52 39 29
52 40 66
52 41 5
52 42 50
52 43 21
52 44 38
52 45 48
52 46 56
52 47 37
52 48 45
52 49 17
52 50 33
52 51 43
52 52 -1
52 53 28
52 54 69
52 55 30
52 56 3
52 57 65
52 58 27
52 59 61
52 60 55
52 61 65
52 62 16
52 63 46
52 64 41
52 65 15
52 66 29
52 67 51
52 68 17
53 1 38
53 2 20
53 3 16
53 4 36
53 5 40
53 6 28
53 7 29
53 8 16
53 9 41
53 10 28
53 11 34
53 12 30
53 13 25
53 14 29
53 15 12
53 16 23
53 17 30
53 18 38
53 19 21
53 20 21
53 21 29
53 22 12
53 23 13
53 24 30
53 25 28
53 26 19
53 27 37
53 28 38
53 29 36
53 30 43
53 31 31
53 32 42
53 33 19
53 34 18
53 35 25
53 36 6
53 37 35
53 38 23
53 39 1
53 40 38
53 41 27
53 42 30
53 43 15
53 44 37
53 45 21
53 46 28
53 47 11
53 48 38
53 49 11
53 50 24
53 51 21
53 52 28
53 53 -1
53 54 41
53 55 27
53 56 25
53 57 38
53 58 7
53 59 38
53 60 29
53 61 37
53 62 43
53 63 20
53 64 20
53 65 25
53 66 29
53 67 34
53 68 26
54 1 27
54 2 60
54 3 54
54 4 29
54 5 57
54 6 62
54 7 70
54 8 34
54 9 83
54 10 23
54 11 27
54 12 71
54 13 17
54 14 50
54 15 53
54 16 35
54 17 71
54 18 10
54 19 48
54 20 63
54 21 63
54 22 51
54 23 54
54 24 44
54 25 36
54 26 30
54 27 14
54 28 48
54 29 46
54 30 4
54 31 72
54 32 51
54 33 57
54 34 23
54 35 23
54 36 36
54 37 34
54 38 50
54 39 40
54 40 3
54 41 69
54 42 43
54 43 51
54 44 60
54 45 25
54 46 13
54 47 34
54 48 55
54 49 53
54 50 48
54 51 31
54 52 69
54 53 41
54 54 -1
54 55 61
54 56 67
54 57 8
54 58 43
54 59 36
54 60 26
54 61 6
54 62 84
54 63 24
54 64 34
54 65 62
54 66 58
54 67 49
54 68 62
55 1 44
55 2 12
55 3 12
55 4 41
55 5 24
55 6 47
55 7 30
55 8 27
55 9 35
55 10 40
55 11 41
55 12 19
55 13 48
55 14 55
55 15 22
55 16 27
55 17 30
55 18 53
55 19 46
55 20 24
55 21 2
55 22 16
55 23 28
55 24 24
55 25 56
55 26 46
55 27 51
55 28 30
55 29 63
55 30 64
55 31 29
55 32 31
55 33 10
55 34 38
55 35 52
55 36 33
55 37 37
55 38 11
55 39 28
55 40 57
55 41 25
55 42 25
55 43 36
55 44 60
55 45 35
55 46 47
55 47 27
55 48 63
55 49 21
55 50 49
55 51 48
55 52 30
55 53 27
55 54 61
55 55 -1
55 56 27
55 57 60
55 58 33
55 59 38
55 60 38
55 61 59
55 62 35
55 63 46
55 64 47
55 65 39
55 66 50
55 67 24
55 68 41
56 1 61
56 2 15
56 3 19
56 4 58
56 5 50
56 6 24
56 7 4
56 8 38
56 9 16
56 10 52
56 11 56
56 12 12
56 13 50
56 14 38
56 15 13
56 16 44
56 17 4
56 18 63
56 19 31
56 20 4
56 21 26
56 22 19
56 23 13
56 24 46
56 25 46
56 26 40
56 27 62
56 28 54
56 29 49
56 30 68
56 31 5
56 32 56
56 33 18
56 34 44
56 35 49
56 36 31
56 37 56
56 38 33
56 39 27
56 40 63
56 41 4
56 42 47
56 43 20
56 44 39
56 45 46
56 46 54
56 47 34
56 48 45
56 49 14
56 50 33
56 51 42
56 52 3
56 53 25
56 54 67
56 55 27
56 56 -1
56 57 63
56 58 25
56 59 58
56 60 52
56 61 62
56 62 18
56 63 44
56 64 39
56 65 15
56 66 29
56 67 48
56 68 18
57 1 32
57 2 57
57 3 52
57 4 34
57 5 59
57 6 55
57 7 66
57 8 33
57 9 79
57 10 25
57 11 31
57 12 68
57 13 13
57 14 42
57 15 50
57 16 37
57 17 67
57 18 16
57 19 41
57 20 59
57 21 62
57 22 48
57 23 50
57 24 46
57 25 28
57 26 24
57 27 20
57 28 51
57 29 38
57 30 6
57 31 68
57 32 54
57 33 55
57 34 21
57 35 16
57 36 32
57 37 38
57 38 50
57 39 36
57 40 7
57 41 65
57 42 45
57 43 45
57 44 52
57 45 26
57 46 14
57 47 32
57 48 47
57 49 49
57 50 41
57 51 24
57 52 65
57 53 38
57 54 8
57 55 60
57 56 63
57 57 -1
57 58 38
57 59 41
57 60 28
57 61 2
57 62 80
57 63 18
57 64 27
57 65 56
57 66 51
57 67 51
57 68 56
58 1 44
58 2 25
58 3 21
58 4 42
58 5 48
58 6 22
58 7 28
58 8 23
58 9 41
58 10 34
58 11 40
58 12 32
58 13 25
58 14 22
58 15 14
58 16 31
58 17 29
58 18 41
58 19 14
58 20 22
58 21 35
58 22 17
58 23 12
58 24 37
58 25 23
58 26 15
58 27 41
58 28 46
58 29 29
58 30 44
58 31 30
58 32 49
58 33 24
58 34 22
58 35 23
58 36 8
58 37 42
58 38 30
58 39 8
58 40 39
58 41 28
58 42 38
58 43 9
58 44 29
58 45 27
58 46 31
58 47 17
58 48 30
58 49 14
58 50 16
58 51 17
58 52 27
58 53 7
58 54 43
58 55 33
58 56 25
58 57 38
58 58 -1
58 59 45
58 60 35
58 61 38
58 62 43
58 63 19
58 64 15
58 65 19
58 66 21
58 67 42
58 68 20
59 1 10
59 2 44
59 3 40
59 4 7
59 5 22
59 6 67
59 7 62
59 8 22
59 9 71
59 10 16
59 11 9
59 12 55
59 13 35
59 14 64
59 15 46
59 16 15
59 17 62
59 18 26
59 19 58
59 20 54
59 21 41
59 22 39
59 23 51
59 24 14
59 25 56
59 26 45
59 27 22
59 28 12
59 29 67
59 30 41
59 31 63
59 32 15
59 33 41
59 34 27
59 35 44
59 36 38
59 37 3
59 38 27
59 39 37
59 40 34
59 41 58
59 42 13
59 43 54
59 44 73
59 45 20
59 46 28
59 47 27
59 48 72
59 49 45
59 50 60
59 51 47
59 52 61
59 53 38
59 54 36
59 55 38
59 56 58
59 57 41
59 58 45
59 59 -1
59 60 13
59 61 38
59 62 72
59 63 39
59 64 49
59 65 63
59 66 67
59 67 16
59 68 64
60 1 9
60 2 41
60 3 35
60 4 7
60 5 31
60 6 57
60 7 56
60 8 13
60 9 67
60 10 3
60 11 5
60 12 52
60 13 22
60 14 52
60 15 38
60 16 10
60 17 57
60 18 16
60 19 46
60 20 48
60 21 41
60 22 33
60 23 42
60 24 18
60 25 43
60 26 32
60 27 13
60 28 22
60 29 54
60 30 30
60 31 57
60 32 25
60 33 38
60 34 14
60 35 31
60 36 27
60 37 10
60 38 27
60 39 28
60 40 23
60 41 53
60 42 17
60 43 44
60 44 61
60 45 8
60 46 15
60 47 18
60 48 59
60 49 37
60 50 48
60 51 34
60 52 55
60 53 29
60 54 26
60 55 38
60 56 52
60 57 28
60 58 35
60 59 13
60 60 -1
60 61 26
60 62 68
60 63 26
60 64 36
60 65 54
60 66 55
60 67 23
60 68 55
61 1 29
61 2 56
61 3 51
61 4 31
61 5 57
61 6 56
61 7 66
61 8 32
61 9 79
61 10 23
61 11 28
61 12 67
61 13 12
61 14 44
61 15 49
61 16 35
61 17 67
61 18 13
61 19 42
61 20 59
61 21 61
61 22 48
61 23 50
61 24 44
61 25 30
61 26 25
61 27 17
61 28 49
61 29 40
61 30 5
61 31 68
61 32 52
61 33 54
61 34 20
61 35 17
61 36 31
61 37 35
61 38 49
61 39 36
61 40 5
61 41 65
61 42 43
61 43 46
61 44 54
61 45 24
61 46 12
61 47 31
61 48 49
61 49 49
61 50 42
61 51 25
61 52 65
61 53 37
61 54 6
61 55 59
61 56 62
61 57 2
61 58 38
61 59 38
61 60 26
61 61 -1
61 62 80
61 63 18
61 64 28
61 65 57
61 66 52
61 67 49
61 68 57
62 1 76
62 2 27
62 3 32
62 4 72
62 5 59
62 6 38
62 7 15
62 8 54
62 9 2
62 10 68
62 11 72
62 12 16
62 13 68
62 14 53
62 15 31
62 16 58
62 17 14
62 18 80
62 19 48
62 20 21
62 21 33
62 22 34
62 23 31
62 24 58
62 25 63
62 26 58
62 27 78
62 28 65
62 29 65
62 30 86
62 31 12
62 32 66
62 33 30
62 34 61
62 35 67
62 36 48
62 37 70
62 38 44
62 39 44
62 40 81
62 41 15
62 42 59
62 43 38
62 44 53
62 45 62
62 46 71
62 47 51
62 48 60
62 49 31
62 50 49
62 51 60
62 52 16
62 53 43
62 54 84
62 55 35
62 56 18
62 57 80
62 58 43
62 59 72
62 60 68
62 61 80
62 62 -1
62 63 62
62 64 57
62 65 30
62 66 44
62 67 59
62 68 32
63 1 34
63 2 41
63 3 36
63 4 33
63 5 51
63 6 37
63 7 48
63 8 22
63 9 61
63 10 23
63 11 31
63 12 50
63 13 7
63 14 28
63 15 32
63 16 29
63 17 48
63 18 25
63 19 24
63 20 41
63 21 48
63 22 32
63 23 31
63 24 38
63 25 16
63 26 7
63 27 26
63 28 46
63 29 27
63 30 24
63 31 50
63 32 49
63 33 39
63 34 12
63 35 6
63 36 14
63 37 36
63 38 38
63 39 19
63 40 21
63 41 47
63 42 38
63 43 27
63 44 38
63 45 19
63 46 15
63 47 19
63 48 34
63 49 31
63 50 25
63 51 8
63 52 46
63 53 20
63 54 24
63 55 46
63 56 44
63 57 18
63 58 19
63 59 39
63 60 26
63 61 18
63 62 62
63 63 -1
63 64 11
63 65 38
63 66 34
63 67 43
63 68 38
64 1 44
64 2 40
64 3 36
64 4 43
64 5 57
64 6 28
64 7 42
64 8 29
64 9 55
64 10 34
64 11 41
64 12 48
64 13 18
64 14 17
64 15 29
64 16 36
64 17 43
64 18 36
64 19 13
64 20 37
64 21 49
64 22 32
64 23 26
64 24 45
64 25 8
64 26 4
64 27 37
64 28 53
64 29 18
64 30 33
64 31 45
64 32 57
64 33 39
64 34 21
64 35 11
64 36 14
64 37 45
64 38 42
64 39 19
64 40 31
64 41 43
64 42 45
64 43 20
64 44 27
64 45 28
64 46 26
64 47 24
64 48 23
64 49 29
64 50 14
64 51 3
64 52 41
64 53 20
64 54 34
64 55 47
64 56 39
64 57 27
64 58 15
64 59 49
64 60 36
64 61 28
64 62 57
64 63 11
64 64 -1
64 65 30
64 66 24
64 67 50
64 68 29
65 1 63
65 2 27
65 3 28
65 4 61
65 5 60
65 6 8
65 7 16
65 8 41
65 9 28
65 10 53
65 11 59
65 12 28
65 13 45
65 14 23
65 15 18
65 16 48
65 17 17
65 18 61
65 19 18
65 20 16
65 21 39
65 22 26
65 23 12
65 24 52
65 25 34
65 26 32
65 27 61
65 28 61
65 29 35
65 30 62
65 31 19
65 32 64
65 33 29
65 34 42
65 35 41
65 36 27
65 37 60
65 38 42
65 39 26
65 40 59
65 41 19
65 42 53
65 43 11
65 44 23
65 45 46
65 46 51
65 47 36
65 48 30
65 49 19
65 50 19
65 51 33
65 52 15
65 53 25
65 54 62
65 55 39
65 56 15
65 57 56
65 58 19
65 59 63
65 60 54
65 61 57
65 62 30
65 63 38
65 64 30
65 65 -1
65 66 14
65 67 56
65 68 2
66 1 64
66 2 39
66 3 38
66 4 63
66 5 68
66 6 6
66 7 30
66 8 44
66 9 42
66 10 54
66 11 61
66 12 41
66 13 41
66 14 10
66 15 28
66 16 52
66 17 31
66 18 59
66 19 10
66 20 29
66 21 51
66 22 35
66 23 22
66 24 59
66 25 25
66 26 27
66 27 60
66 28 68
66 29 22
66 30 57
66 31 33
66 32 71
66 33 40
66 34 42
66 35 35
66 36 28
66 37 63
66 38 50
66 39 29
66 40 55
66 41 33
66 42 59
66 43 14
66 44 9
66 45 47
66 46 49
66 47 39
66 48 16
66 49 29
66 50 9
66 51 27
66 52 29
66 53 29
66 54 58
66 55 50
66 56 29
66 57 51
66 58 21
66 59 67
66 60 55
66 61 52
66 62 44
66 63 34
66 64 24
66 65 14
66 66 -1
66 67 63
66 68 12
67 1 25
67 2 33
67 3 29
67 4 21
67 5 8
67 6 62
67 7 52
67 8 21
67 9 58
67 10 26
67 11 22
67 12 42
67 13 42
67 14 63
67 15 37
67 16 14
67 17 52
67 18 39
67 19 56
67 20 44
67 21 26
67 22 30
67 23 43
67 24 5
67 25 58
67 26 47
67 27 35
67 28 6
67 29 68
67 30 53
67 31 52
67 32 8
67 33 30
67 34 32
67 35 49
67 36 36
67 37 16
67 38 15
67 39 34
67 40 46
67 41 47
67 42 6
67 43 49
67 44 71
67 45 25
67 46 37
67 47 26
67 48 72
67 49 36
67 50 58
67 51 49
67 52 51
67 53 34
67 54 49
67 55 24
67 56 48
67 57 51
67 58 42
67 59 16
67 60 23
67 61 49
67 62 59
67 63 43
67 64 50
67 65 56
67 66 63
67 67 -1
67 68 57
68 1 64
68 2 29
68 3 30
68 4 62
68 5 62
68 6 6
68 7 18
68 8 42
68 9 30
68 10 54
68 11 60
68 12 30
68 13 45
68 14 21
68 15 20
68 16 49
68 17 19
68 18 61
68 19 17
68 20 18
68 21 41
68 22 28
68 23 14
68 24 54
68 25 33
68 26 32
68 27 61
68 28 63
68 29 33
68 30 62
68 31 21
68 32 66
68 33 31
68 34 42
68 35 40
68 36 28
68 37 61
68 38 43
68 39 27
68 40 59
68 41 22
68 42 55
68 43 11
68 44 21
68 45 47
68 46 51
68 47 37
68 48 28
68 49 21
68 50 18
68 51 32
68 52 17
68 53 26
68 54 62
68 55 41
68 56 18
68 57 56
68 58 20
68 59 64
68 60 55
68 61 57
68 62 32
68 63 38
68 64 29
68 65 2
68 66 12
68 67 57
68 68 -1
