54 40
54 18
54 57
54 61
54 30
2 33
2 3
2 12
2 15
2 49
2 20
2 21
2 22
2 55
5 32
5 67
5 28
52 7
52 41
52 17
52 20
52 56
52 31
51 64
51 35
51 25
51 26
51 63
47 34
47 36
47 39
47 8
47 45
47 53
30 40
30 57
30 61
30 54
16 37
16 8
16 10
16 42
16 45
16 24
16 60
60 1
60 4
60 37
60 10
60 11
60 45
60 16
60 27
45 34
45 8
45 10
45 46
45 47
45 16
45 60
42 32
42 67
42 37
42 16
42 24
42 28
20 2
20 7
20 41
20 12
20 15
20 17
20 49
20 52
20 23
20 56
20 31
33 2
33 3
33 15
33 49
33 21
33 22
33 55
14 66
14 44
14 48
14 50
14 19
14 29
8 16
8 34
8 45
8 47
23 65
23 43
23 15
23 49
23 20
23 58
11 1
11 4
11 37
11 59
11 10
11 27
11 60
50 66
50 19
50 14
28 32
28 67
28 5
28 42
28 24
28 59
49 33
49 2
49 3
49 39
49 15
49 20
49 53
49 22
49 23
4 1
4 37
4 10
4 11
4 59
4 60
41 7
41 12
41 17
41 20
41 52
41 56
41 31
12 2
12 41
12 20
12 56
12 31
36 58
36 53
36 47
36 39
58 36
58 39
58 43
58 53
58 23
55 33
55 2
55 3
55 38
55 21
34 8
34 10
34 45
34 13
34 46
34 47
34 63
37 1
37 4
37 42
37 11
37 16
37 59
37 60
43 65
43 68
43 19
43 23
43 58
32 67
32 5
32 42
32 24
32 28
7 41
7 17
7 20
7 52
7 56
7 31
56 7
56 41
56 12
56 17
56 20
56 52
56 31
27 1
27 40
27 10
27 11
27 46
27 18
27 60
10 1
10 34
10 4
10 11
10 45
10 46
10 16
10 27
10 60
