1 1 -1
1 2 8
1 3 2
1 4 2
1 5 11
1 6 8
1 7 15
1 8 16
1 9 12
1 10 11
1 11 11
1 12 15
1 13 8
1 14 12
1 15 12
1 16 14
2 1 8
2 2 -1
2 3 7
2 4 9
2 5 13
2 6 5
2 7 8
2 8 10
2 9 13
2 10 6
2 11 12
2 12 9
2 13 12
2 14 10
2 15 3
2 16 13
3 1 2
3 2 7
3 3 -1
3 4 2
3 5 9
3 6 7
3 7 12
3 8 13
3 9 10
3 10 8
3 11 9
3 12 13
3 13 7
3 14 10
3 15 10
3 16 12
4 1 2
4 2 9
4 3 2
4 4 -1
4 5 9
4 6 9
4 7 14
4 8 15
4 9 10
4 10 10
4 11 9
4 12 14
4 13 5
4 14 10
4 15 12
4 16 12
5 1 11
5 2 13
5 3 9
5 4 9
5 5 -1
5 6 16
5 7 12
5 8 11
5 9 1
5 10 8
5 11 1
5 12 12
5 13 4
5 14 4
5 15 15
5 16 3
6 1 8
6 2 5
6 3 7
6 4 9
6 5 16
6 6 -1
6 7 13
6 8 15
6 9 17
6 10 11
6 11 15
6 12 14
6 13 14
6 14 14
6 15 6
6 16 17
7 1 15
7 2 8
7 3 12
7 4 14
7 5 12
7 6 13
7 7 -1
7 8 2
7 9 12
7 10 4
7 11 11
7 12 1
7 13 13
7 14 8
7 15 7
7 16 10
8 1 16
8 2 10
8 3 13
8 4 15
8 5 11
8 6 15
8 7 2
8 8 -1
8 9 11
8 10 5
8 11 10
8 12 1
8 13 13
8 14 7
8 15 9
8 16 9
9 1 12
9 2 13
9 3 10
9 4 10
9 5 1
9 6 17
9 7 12
9 8 11
9 9 -1
9 10 8
9 11 1
9 12 12
9 13 5
9 14 4
9 15 15
9 16 2
10 1 11
10 2 6
10 3 8
10 4 10
10 5 8
10 6 11
10 7 4
10 8 5
10 9 8
10 10 -1
10 11 7
10 12 5
10 13 9
10 14 4
10 15 7
10 16 7
11 1 11
11 2 12
11 3 9
11 4 9
11 5 1
11 6 15
11 7 11
11 8 10
11 9 1
11 10 7
11 11 -1
11 12 11
11 13 4
11 14 3
11 15 14
11 16 3
12 1 15
12 2 9
12 3 13
12 4 14
12 5 12
12 6 14
12 7 1
12 8 1
12 9 12
12 10 5
12 11 11
12 12 -1
12 13 14
12 14 8
12 15 8
12 16 10
13 1 8
13 2 12
13 3 7
13 4 5
13 5 4
13 6 14
13 7 13
13 8 13
13 9 5
13 10 9
13 11 4
13 12 14
13 13 -1
13 14 7
13 15 15
13 16 7
14 1 12
14 2 10
14 3 10
14 4 10
14 5 4
14 6 14
14 7 8
14 8 7
14 9 4
14 10 4
14 11 3
14 12 8
14 13 7
14 14 -1
14 15 12
14 16 2
15 1 12
15 2 3
15 3 10
15 4 12
15 5 15
15 6 6
15 7 7
15 8 9
15 9 15
15 10 7
15 11 14
15 12 8
15 13 15
15 14 12
15 15 -1
15 16 15
16 1 14
16 2 13
16 3 12
16 4 12
16 5 3
16 6 17
16 7 10
16 8 9
16 9 2
16 10 7
16 11 3
16 12 10
16 13 7
16 14 2
16 15 15
16 16 -1
