1 1 -1
1 2 30
1 3 56
1 4 8
1 5 34
1 6 44
1 7 58
1 8 55
1 9 48
1 10 7
1 11 37
1 12 46
1 13 19
1 14 36
1 15 45
1 16 44
1 17 42
1 18 47
1 19 55
1 20 43
1 21 20
1 22 42
1 23 34
1 24 32
1 25 8
1 26 34
1 27 27
1 28 16
1 29 25
1 30 45
1 31 43
1 32 41
1 33 22
1 34 16
1 35 8
1 36 28
1 37 11
1 38 49
1 39 46
1 40 33
1 41 40
1 42 17
1 43 23
1 44 30
1 45 37
1 46 15
1 47 54
1 48 46
1 49 42
1 50 48
1 51 38
1 52 55
1 53 31
1 54 45
1 55 36
1 56 43
1 57 24
1 58 53
1 59 42
1 60 43
1 61 44
1 62 18
1 63 21
1 64 36
1 65 43
1 66 57
1 67 46
1 68 43
1 69 54
1 70 42
2 1 30
2 2 -1
2 3 28
2 4 24
2 5 9
2 6 23
2 7 27
2 8 32
2 9 26
2 10 37
2 11 10
2 12 24
2 13 17
2 14 35
2 15 15
2 16 22
2 17 31
2 18 33
2 19 30
2 20 15
2 21 47
2 22 42
2 23 27
2 24 43
2 25 37
2 26 11
2 27 40
2 28 42
2 29 5
2 30 17
2 31 16
2 32 18
2 33 39
2 34 19
2 35 36
2 36 4
2 37 40
2 38 26
2 39 16
2 40 27
2 41 11
2 42 20
2 43 7
2 44 1
2 45 7
2 46 23
2 47 32
2 48 19
2 49 24
2 50 28
2 51 39
2 52 38
2 53 44
2 54 15
2 55 16
2 56 24
2 57 49
2 58 26
2 59 28
2 60 26
2 61 33
2 62 12
2 63 19
2 64 25
2 65 31
2 66 28
2 67 17
2 68 39
2 69 27
2 70 36
3 1 56
3 2 28
3 3 -1
3 4 48
3 5 32
3 6 41
3 7 17
3 8 44
3 9 42
3 10 61
3 11 31
3 12 14
3 13 45
3 14 39
3 15 22
3 16 13
3 17 54
3 18 25
3 19 40
3 20 28
3 21 68
3 22 69
3 23 31
3 24 71
3 25 60
3 26 35
3 27 69
3 28 69
3 29 33
3 30 11
3 31 32
3 32 15
3 33 68
3 34 48
3 35 59
3 36 32
3 37 67
3 38 12
3 39 15
3 40 53
3 41 17
3 42 49
3 43 35
3 44 28
3 45 22
3 46 43
3 47 12
3 48 10
3 49 44
3 50 16
3 51 66
3 52 21
3 53 72
3 54 21
3 55 39
3 56 17
3 57 69
3 58 3
3 59 24
3 60 46
3 61 29
3 62 38
3 63 47
3 64 27
3 65 54
3 66 6
3 67 12
3 68 65
3 69 33
3 70 61
4 1 8
4 2 24
4 3 48
4 4 -1
4 5 31
4 6 42
4 7 52
4 8 53
4 9 46
4 10 13
4 11 33
4 12 37
4 13 19
4 14 27
4 15 39
4 16 36
4 17 43
4 18 38
4 19 52
4 20 39
4 21 23
4 22 46
4 23 25
4 24 38
4 25 12
4 26 31
4 27 34
4 28 25
4 29 20
4 30 37
4 31 39
4 32 33
4 33 30
4 34 17
4 35 11
4 36 24
4 37 20
4 38 40
4 39 39
4 40 35
4 41 33
4 42 19
4 43 18
4 44 24
4 45 30
4 46 6
4 47 45
4 48 38
4 49 41
4 50 39
4 51 42
4 52 46
4 53 38
4 54 40
4 55 34
4 56 34
4 57 25
4 58 45
4 59 33
4 60 42
4 61 35
4 62 12
4 63 22
4 64 27
4 65 44
4 66 49
4 67 39
4 68 47
4 69 50
4 70 45
5 1 34
5 2 9
5 3 32
5 4 31
5 5 -1
5 6 14
5 7 26
5 8 23
5 9 17
5 10 42
5 11 2
5 12 31
5 13 17
5 14 44
5 15 12
5 16 29
5 17 23
5 18 41
5 19 21
5 20 8
5 21 53
5 22 36
5 23 36
5 24 40
5 25 42
5 26 2
5 27 38
5 28 43
5 29 11
5 30 21
5 31 8
5 32 25
5 33 39
5 34 20
5 35 42
5 36 7
5 37 43
5 38 33
5 39 17
5 40 21
5 41 16
5 42 21
5 43 12
5 44 10
5 45 10
5 46 31
5 47 38
5 48 24
5 49 15
5 50 35
5 51 34
5 52 45
5 53 41
5 54 13
5 55 8
5 56 32
5 57 56
5 58 30
5 59 36
5 60 17
5 61 42
5 62 18
5 63 18
5 64 34
5 65 23
5 66 29
5 67 20
5 68 33
5 69 19
5 70 29
6 1 44
6 2 23
6 3 41
6 4 42
6 5 14
6 6 -1
6 7 29
6 8 11
6 9 3
6 10 52
6 11 13
6 12 44
6 13 24
6 14 58
6 15 18
6 16 42
6 17 14
6 18 55
6 19 11
6 20 13
6 21 64
6 22 30
6 23 50
6 24 39
6 25 53
6 26 12
6 27 39
6 28 49
6 29 25
6 30 33
6 31 9
6 32 38
6 33 41
6 34 28
6 35 52
6 36 20
6 37 50
6 38 45
6 39 26
6 40 18
6 41 28
6 42 27
6 43 25
6 44 24
6 45 23
6 46 43
6 47 50
6 48 35
6 49 4
6 50 48
6 51 29
6 52 57
6 53 41
6 54 20
6 55 8
6 56 45
6 57 67
6 58 40
6 59 50
6 60 5
6 61 56
6 62 30
6 63 23
6 64 48
6 65 13
6 66 37
6 67 30
6 68 25
6 69 14
6 70 21
7 1 58
7 2 27
7 3 17
7 4 52
7 5 26
7 6 29
7 7 -1
7 8 29
7 9 29
7 10 64
7 11 24
7 12 28
7 13 43
7 14 52
7 15 14
7 16 26
7 17 43
7 18 40
7 19 25
7 20 18
7 21 74
7 22 59
7 23 43
7 24 65
7 25 64
7 26 28
7 27 64
7 28 69
7 29 32
7 30 17
7 31 21
7 32 25
7 33 65
7 34 46
7 35 63
7 36 30
7 37 68
7 38 27
7 39 12
7 40 45
7 41 19
7 42 47
7 43 34
7 44 28
7 45 21
7 46 49
7 47 29
7 48 18
7 49 33
7 50 31
7 51 58
7 52 38
7 53 67
7 54 13
7 55 31
7 56 31
7 57 76
7 58 18
7 59 38
7 60 35
7 61 44
7 62 39
7 63 44
7 64 39
7 65 43
7 66 11
7 67 14
7 68 55
7 69 18
7 70 51
8 1 55
8 2 32
8 3 44
8 4 53
8 5 23
8 6 11
8 7 29
8 8 -1
8 9 7
8 10 63
8 11 22
8 12 50
8 13 36
8 14 67
8 15 23
8 16 48
8 17 21
8 18 62
8 19 3
8 20 19
8 21 75
8 22 37
8 23 58
8 24 47
8 25 64
8 26 22
8 27 49
8 28 60
8 29 35
8 30 38
8 31 16
8 32 45
8 33 51
8 34 39
8 35 63
8 36 30
8 37 61
8 38 50
8 39 30
8 40 27
8 41 35
8 42 39
8 43 36
8 44 33
8 45 31
8 46 54
8 47 54
8 48 40
8 49 13
8 50 54
8 51 37
8 52 63
8 53 50
8 54 24
8 55 19
8 56 52
8 57 79
8 58 44
8 59 58
8 60 13
8 61 64
8 62 41
8 63 34
8 64 56
8 65 20
8 66 39
8 67 34
8 68 31
8 69 10
8 70 28
9 1 48
9 2 26
9 3 42
9 4 46
9 5 17
9 6 3
9 7 29
9 8 7
9 9 -1
9 10 55
9 11 16
9 12 46
9 13 28
9 14 61
9 15 20
9 16 44
9 17 15
9 18 57
9 19 8
9 20 14
9 21 68
9 22 31
9 23 53
9 24 41
9 25 56
9 26 15
9 27 41
9 28 52
9 29 28
9 30 35
9 31 11
9 32 40
9 33 44
9 34 31
9 35 56
9 36 24
9 37 53
9 38 47
9 39 27
9 40 20
9 41 30
9 42 31
9 43 29
9 44 27
9 45 26
9 46 47
9 47 52
9 48 37
9 49 6
9 50 50
9 51 31
9 52 59
9 53 43
9 54 21
9 55 12
9 56 47
9 57 71
9 58 42
9 59 53
9 60 7
9 61 59
9 62 34
9 63 27
9 64 51
9 65 14
9 66 38
9 67 31
9 68 26
9 69 12
9 70 22
10 1 7
10 2 37
10 3 61
10 4 13
10 5 42
10 6 52
10 7 64
10 8 63
10 9 55
10 10 -1
10 11 44
10 12 50
10 13 27
10 14 36
10 15 52
10 16 49
10 17 49
10 18 49
10 19 62
10 20 50
10 21 12
10 22 48
10 23 36
10 24 37
10 25 2
10 26 42
10 27 32
10 28 17
10 29 32
10 30 50
10 31 50
10 32 46
10 33 27
10 34 24
10 35 2
10 36 35
10 37 11
10 38 53
10 39 52
10 40 41
10 41 46
10 42 25
10 43 30
10 44 36
10 45 43
10 46 18
10 47 58
10 48 51
10 49 50
10 50 51
10 51 44
10 52 58
10 53 36
10 54 52
10 55 43
10 56 47
10 57 16
10 58 58
10 59 44
10 60 51
10 61 45
10 62 25
10 63 29
10 64 39
10 65 51
10 66 62
10 67 52
10 68 50
10 69 62
10 70 49
11 1 37
11 2 10
11 3 31
11 4 33
11 5 2
11 6 13
11 7 24
11 8 22
11 9 16
11 10 44
11 11 -1
11 12 31
11 13 19
11 14 45
11 15 10
11 16 29
11 17 23
11 18 42
11 19 20
11 20 6
11 21 56
11 22 37
11 23 37
11 24 41
11 25 45
11 26 4
11 27 40
11 28 45
11 29 13
11 30 21
11 31 6
11 32 25
11 33 41
11 34 22
11 35 44
11 36 9
11 37 45
11 38 33
11 39 15
11 40 22
11 41 16
11 42 23
11 43 14
11 44 11
11 45 10
11 46 33
11 47 38
11 48 23
11 49 14
11 50 35
11 51 35
11 52 45
11 53 43
11 54 11
11 55 8
11 56 32
11 57 58
11 58 29
11 59 37
11 60 17
11 61 43
11 62 20
11 63 20
11 64 35
11 65 23
11 66 28
11 67 19
11 68 33
11 69 17
11 70 30
12 1 46
12 2 24
12 3 14
12 4 37
12 5 31
12 6 44
12 7 28
12 8 50
12 9 46
12 10 50
12 11 31
12 12 -1
12 13 40
12 14 25
12 15 27
12 16 2
12 17 55
12 18 12
12 19 47
12 20 31
12 21 56
12 22 67
12 23 17
12 24 67
12 25 49
12 26 34
12 27 64
12 28 61
12 29 27
12 30 12
12 31 35
12 32 6
12 33 62
12 34 41
12 35 48
12 36 29
12 37 57
12 38 3
12 39 20
12 40 52
12 41 15
12 42 43
12 43 29
12 44 24
12 45 21
12 46 32
12 47 8
12 48 10
12 49 46
12 50 4
12 51 64
12 52 13
12 53 68
12 54 26
12 55 39
12 56 3
12 57 56
12 58 11
12 59 10
12 60 48
12 61 16
12 62 30
12 63 43
12 64 13
12 65 55
12 66 19
12 67 16
12 68 64
12 69 41
12 70 61
13 1 19
13 2 17
13 3 45
13 4 19
13 5 17
13 6 24
13 7 43
13 8 36
13 9 28
13 10 27
13 11 19
13 12 40
13 13 -1
13 14 42
13 15 29
13 16 38
13 17 23
13 18 47
13 19 35
13 20 25
13 21 40
13 22 29
13 23 36
13 24 26
13 25 28
13 26 15
13 27 23
13 28 26
13 29 13
13 30 34
13 31 24
13 32 34
13 33 22
13 34 3
13 35 28
13 36 13
13 37 26
13 38 43
13 39 32
13 40 16
13 41 28
13 42 4
13 43 11
13 44 17
13 45 23
13 46 23
13 47 48
13 48 36
13 49 22
13 50 43
13 51 25
13 52 53
13 53 27
13 54 30
13 55 16
13 56 39
13 57 43
13 58 43
13 59 41
13 60 23
13 61 45
13 62 12
13 63 3
13 64 36
13 65 24
13 66 45
13 67 34
13 68 28
13 69 35
13 70 26
14 1 36
14 2 35
14 3 39
14 4 27
14 5 44
14 6 58
14 7 52
14 8 67
14 9 61
14 10 36
14 11 45
14 12 25
14 13 42
14 14 -1
14 15 46
14 16 26
14 17 64
14 18 17
14 19 65
14 20 48
14 21 37
14 22 71
14 23 8
14 24 65
14 25 34
14 26 46
14 27 61
14 28 52
14 29 34
14 30 34
14 31 51
14 32 26
14 33 58
14 34 41
14 35 33
14 36 38
14 37 46
14 38 28
14 39 41
14 40 58
14 41 34
14 42 44
14 43 34
14 44 34
14 45 36
14 46 21
14 47 30
14 48 33
14 49 59
14 50 24
14 51 68
14 52 26
14 53 66
14 54 45
14 55 51
14 56 22
14 57 35
14 58 36
14 59 15
14 60 61
14 61 12
14 62 30
14 63 45
14 64 12
14 65 65
14 66 44
14 67 38
14 68 71
14 69 60
14 70 68
15 1 45
15 2 15
15 3 22
15 4 39
15 5 12
15 6 18
15 7 14
15 8 23
15 9 20
15 10 52
15 11 10
15 12 27
15 13 29
15 14 46
15 15 -1
15 16 25
15 17 31
15 18 39
15 19 20
15 20 5
15 21 62
15 22 47
15 23 37
15 24 51
15 25 52
15 26 14
15 27 50
15 28 55
15 29 20
15 30 15
15 31 9
15 32 22
15 33 51
15 34 32
15 35 51
15 36 16
15 37 54
15 38 27
15 39 7
15 40 32
15 41 12
15 42 33
15 43 21
15 44 15
15 45 10
15 46 38
15 47 31
15 48 17
15 49 21
15 50 31
15 51 45
15 52 40
15 53 53
15 54 1
15 55 17
15 56 29
15 57 65
15 58 21
15 59 35
15 60 24
15 61 41
15 62 27
15 63 30
15 64 34
15 65 31
15 66 19
15 67 11
15 68 42
15 69 14
15 70 39
16 1 44
16 2 22
16 3 13
16 4 36
16 5 29
16 6 42
16 7 26
16 8 48
16 9 44
16 10 49
16 11 29
16 12 2
16 13 38
16 14 26
16 15 25
16 16 -1
16 17 52
16 18 14
16 19 45
16 20 29
16 21 55
16 22 65
16 23 18
16 24 65
16 25 48
16 26 32
16 27 62
16 28 59
16 29 25
16 30 10
16 31 32
16 32 4
16 33 60
16 34 39
16 35 47
16 36 26
16 37 56
16 38 4
16 39 18
16 40 49
16 41 13
16 42 41
16 43 27
16 44 21
16 45 18
16 46 31
16 47 10
16 48 8
16 49 44
16 50 6
16 51 62
16 52 15
16 53 66
16 54 24
16 55 37
16 56 4
16 57 55
16 58 10
16 59 11
16 60 46
16 61 17
16 62 28
16 63 41
16 64 13
16 65 53
16 66 18
16 67 14
16 68 62
16 69 39
16 70 59
17 1 42
17 2 31
17 3 54
17 4 43
17 5 23
17 6 14
17 7 43
17 8 21
17 9 15
17 10 49
17 11 23
17 12 55
17 13 23
17 14 64
17 15 31
17 16 52
17 17 -1
17 18 64
17 19 23
17 20 26
17 21 62
17 22 16
17 23 57
17 24 26
17 25 50
17 26 20
17 27 28
17 28 41
17 29 30
17 30 45
17 31 22
17 32 48
17 33 31
17 34 26
17 35 50
17 36 27
17 37 44
17 38 56
17 39 38
17 40 8
17 41 39
17 42 24
17 43 30
17 44 31
17 45 34
17 46 46
17 47 61
17 48 47
17 49 10
17 50 59
17 51 16
17 52 68
17 53 29
17 54 33
17 55 15
17 56 55
17 57 66
17 58 53
17 59 59
17 60 8
17 61 64
17 62 34
17 63 20
17 64 56
17 65 1
17 66 51
17 67 42
17 68 11
17 69 27
17 70 7
18 1 47
18 2 33
18 3 25
18 4 38
18 5 41
18 6 55
18 7 40
18 8 62
18 9 57
18 10 49
18 11 42
18 12 12
18 13 47
18 14 17
18 15 39
18 16 14
18 17 64
18 18 -1
18 19 59
18 20 43
18 21 53
18 22 75
18 23 13
18 24 72
18 25 48
18 26 44
18 27 69
18 28 63
18 29 34
18 30 24
18 31 46
18 32 17
18 33 66
18 34 47
18 35 47
18 36 37
18 37 59
18 38 13
18 39 32
18 40 60
18 41 27
18 42 49
18 43 36
18 44 32
18 45 31
18 46 32
18 47 14
18 48 22
18 49 57
18 50 8
18 51 72
18 52 9
18 53 73
18 54 38
18 55 49
18 56 10
18 57 52
18 58 22
18 59 5
18 60 59
18 61 5
18 62 35
18 63 50
18 64 10
18 65 65
18 66 30
18 67 28
18 68 73
18 69 53
18 70 70
19 1 55
19 2 30
19 3 40
19 4 52
19 5 21
19 6 11
19 7 25
19 8 3
19 9 8
19 10 62
19 11 20
19 12 47
19 13 35
19 14 65
19 15 20
19 16 45
19 17 23
19 18 59
19 19 -1
19 20 16
19 21 74
19 22 39
19 23 56
19 24 49
19 25 63
19 26 21
19 27 50
19 28 60
19 29 33
19 30 35
19 31 13
19 32 42
19 33 52
19 34 39
19 35 62
19 36 29
19 37 61
19 38 47
19 39 27
19 40 28
19 41 32
19 42 38
19 43 34
19 44 31
19 45 28
19 46 53
19 47 51
19 48 37
19 49 14
19 50 51
19 51 39
19 52 59
19 53 51
19 54 21
19 55 19
19 56 49
19 57 77
19 58 40
19 59 55
19 60 15
19 61 61
19 62 40
19 63 34
19 64 53
19 65 22
19 66 35
19 67 31
19 68 33
19 69 7
19 70 30
20 1 43
20 2 15
20 3 28
20 4 39
20 5 8
20 6 13
20 7 18
20 8 19
20 9 14
20 10 50
20 11 6
20 12 31
20 13 25
20 14 48
20 15 5
20 16 29
20 17 26
20 18 43
20 19 16
20 20 -1
20 21 62
20 22 41
20 23 40
20 24 47
20 25 51
20 26 10
20 27 46
20 28 52
20 29 19
20 30 20
20 31 3
20 32 26
20 33 47
20 34 29
20 35 50
20 36 15
20 37 51
20 38 32
20 39 13
20 40 26
20 41 16
20 42 29
20 43 20
20 44 15
20 45 12
20 46 38
20 47 37
20 48 22
20 49 16
20 50 35
20 51 39
20 52 44
20 53 48
20 54 7
20 55 12
20 56 33
20 57 64
20 58 27
20 59 39
20 60 18
20 61 45
20 62 26
20 63 26
20 64 37
20 65 26
20 66 24
20 67 17
20 68 37
20 69 12
20 70 33
21 1 20
21 2 47
21 3 68
21 4 23
21 5 53
21 6 64
21 7 74
21 8 75
21 9 68
21 10 12
21 11 56
21 12 56
21 13 40
21 14 37
21 15 62
21 16 55
21 17 62
21 18 53
21 19 74
21 20 62
21 21 -1
21 22 60
21 23 40
21 24 48
21 25 11
21 26 53
21 27 43
21 28 27
21 29 43
21 30 59
21 31 62
21 32 53
21 33 38
21 34 36
21 35 12
21 36 47
21 37 21
21 38 59
21 39 62
21 40 53
21 41 55
21 42 37
21 43 41
21 44 47
21 45 53
21 46 25
21 47 64
21 48 59
21 49 62
21 50 57
21 51 56
21 52 62
21 53 47
21 54 63
21 55 55
21 56 53
21 57 5
21 58 65
21 59 49
21 60 63
21 61 48
21 62 35
21 63 41
21 64 44
21 65 63
21 66 71
21 67 61
21 68 62
21 69 73
21 70 62
22 1 42
22 2 42
22 3 69
22 4 46
22 5 36
22 6 30
22 7 59
22 8 37
22 9 31
22 10 48
22 11 37
22 12 67
22 13 29
22 14 71
22 15 47
22 16 65
22 17 16
22 18 75
22 19 39
22 20 41
22 21 60
22 22 -1
22 23 65
22 24 14
22 25 50
22 26 34
22 27 18
22 28 35
22 29 40
22 30 58
22 31 38
22 32 61
22 33 23
22 34 30
22 35 50
22 36 38
22 37 40
22 38 69
22 39 53
22 40 15
22 41 53
22 42 27
22 43 39
22 44 43
22 45 47
22 46 51
22 47 75
22 48 60
22 49 26
22 50 71
22 51 4
22 52 80
22 53 16
22 54 48
22 55 29
22 56 67
22 57 65
22 58 67
22 59 69
22 60 25
22 61 74
22 62 41
22 63 26
22 64 65
22 65 17
22 66 66
22 67 56
22 68 6
22 69 44
22 70 9
23 1 34
23 2 27
23 3 31
23 4 25
23 5 36
23 6 50
23 7 43
23 8 58
23 9 53
23 10 36
23 11 37
23 12 17
23 13 36
23 14 8
23 15 37
23 16 18
23 17 57
23 18 13
23 19 56
23 20 40
23 21 40
23 22 65
23 23 -1
23 24 61
23 25 34
23 26 38
23 27 57
23 28 50
23 29 26
23 30 25
23 31 42
23 32 17
23 33 54
23 34 36
23 35 33
23 36 30
23 37 45
23 38 20
23 39 32
23 40 51
23 41 25
23 42 38
23 43 26
23 44 26
23 45 27
23 46 18
23 47 24
23 48 24
23 49 51
23 50 17
23 51 62
23 52 22
23 53 61
23 54 36
23 55 43
23 56 14
23 57 39
23 58 28
23 59 9
23 60 53
23 61 10
23 62 24
23 63 39
23 64 4
23 65 57
23 66 36
23 67 29
23 68 64
23 69 51
23 70 61
24 1 32
24 2 43
24 3 71
24 4 38
24 5 40
24 6 39
24 7 65
24 8 47
24 9 41
24 10 37
24 11 41
24 12 67
24 13 26
24 14 65
24 15 51
24 16 65
24 17 26
24 18 72
24 19 49
24 20 47
24 21 48
24 22 14
24 23 61
24 24 -1
24 25 39
24 26 37
24 27 5
24 28 21
24 29 39
24 30 60
24 31 44
24 32 60
24 33 10
24 34 25
24 35 39
24 36 38
24 37 27
24 38 69
24 39 57
24 40 21
24 41 54
24 42 23
24 43 37
24 44 43
24 45 49
24 46 44
24 47 75
24 48 62
24 49 35
24 50 70
24 51 12
24 52 79
24 53 2
24 54 53
24 55 34
24 56 65
24 57 53
24 58 69
24 59 67
24 60 34
24 61 71
24 62 37
24 63 23
24 64 62
24 65 28
24 66 70
24 67 59
24 68 20
24 69 53
24 70 21
25 1 8
25 2 37
25 3 60
25 4 12
25 5 42
25 6 53
25 7 64
25 8 64
25 9 56
25 10 2
25 11 45
25 12 49
25 13 28
25 14 34
25 15 52
25 16 48
25 17 50
25 18 48
25 19 63
25 20 51
25 21 11
25 22 50
25 23 34
25 24 39
25 25 -1
25 26 42
25 27 34
25 28 20
25 29 32
25 30 50
25 31 51
25 32 45
25 33 29
25 34 25
25 35 1
25 36 36
25 37 13
25 38 52
25 39 52
25 40 42
25 41 45
25 42 26
25 43 30
25 44 36
25 45 43
25 46 17
25 47 57
25 48 50
25 49 51
25 50 50
25 51 46
25 52 56
25 53 38
25 54 52
25 55 44
25 56 46
25 57 15
25 58 57
25 59 43
25 60 52
25 61 44
25 62 25
25 63 30
25 64 37
25 65 52
25 66 62
25 67 51
25 68 52
25 69 62
25 70 51
26 1 34
26 2 11
26 3 35
26 4 31
26 5 2
26 6 12
26 7 28
26 8 22
26 9 15
26 10 42
26 11 4
26 12 34
26 13 15
26 14 46
26 15 14
26 16 32
26 17 20
26 18 44
26 19 21
26 20 10
26 21 53
26 22 34
26 23 38
26 24 37
26 25 42
26 26 -1
26 27 36
26 28 42
26 29 12
26 30 24
26 31 8
26 32 28
26 33 37
26 34 19
26 35 41
26 36 8
26 37 42
26 38 36
26 39 19
26 40 18
26 41 19
26 42 19
26 43 13
26 44 12
26 45 13
26 46 31
26 47 41
26 48 26
26 49 13
26 50 38
26 51 31
26 52 47
26 53 39
26 54 15
26 55 5
26 56 34
26 57 56
26 58 33
26 59 39
26 60 15
26 61 44
26 62 18
26 63 16
26 64 36
26 65 21
26 66 32
26 67 22
26 68 30
26 69 20
26 70 27
27 1 27
27 2 40
27 3 69
27 4 34
27 5 38
27 6 39
27 7 64
27 8 49
27 9 41
27 10 32
27 11 40
27 12 64
27 13 23
27 14 61
27 15 50
27 16 62
27 17 28
27 18 69
27 19 50
27 20 46
27 21 43
27 22 18
27 23 57
27 24 5
27 25 34
27 26 36
27 27 -1
27 28 16
27 29 36
27 30 58
27 31 44
27 32 57
27 33 5
27 34 22
27 35 34
27 36 36
27 37 22
27 38 66
27 39 55
27 40 21
27 41 52
27 42 20
27 43 34
27 44 41
27 45 47
27 46 39
27 47 72
27 48 59
27 49 35
27 50 67
27 51 15
27 52 76
27 53 4
27 54 51
27 55 34
27 56 62
27 57 48
27 58 67
27 59 63
27 60 35
27 61 67
27 62 34
27 63 21
27 64 58
27 65 29
27 66 68
27 67 57
27 68 23
27 69 53
27 70 24
28 1 16
28 2 42
28 3 69
28 4 25
28 5 43
28 6 49
28 7 69
28 8 60
28 9 52
28 10 17
28 11 45
28 12 61
28 13 26
28 14 52
28 15 55
28 16 59
28 17 41
28 18 63
28 19 60
28 20 52
28 21 27
28 22 35
28 23 50
28 24 21
28 25 20
28 26 42
28 27 16
28 28 -1
28 29 37
28 30 58
28 31 50
28 32 56
28 33 11
28 34 23
28 35 20
28 36 39
28 37 6
28 38 64
28 39 58
28 40 33
28 41 53
28 42 22
28 43 35
28 44 42
28 45 49
28 46 31
28 47 69
28 48 59
28 49 46
28 50 63
28 51 31
28 52 71
28 53 20
28 54 56
28 55 41
28 56 59
28 57 32
28 58 67
28 59 58
28 60 46
28 61 60
28 62 31
28 63 26
28 64 52
28 65 43
28 66 70
28 67 59
28 68 39
28 69 61
28 70 39
29 1 25
29 2 5
29 3 33
29 4 20
29 5 11
29 6 25
29 7 32
29 8 35
29 9 28
29 10 32
29 11 13
29 12 27
29 13 13
29 14 34
29 15 20
29 16 25
29 17 30
29 18 34
29 19 33
29 20 19
29 21 43
29 22 40
29 23 26
29 24 39
29 25 32
29 26 12
29 27 36
29 28 37
29 29 -1
29 30 21
29 31 20
29 32 21
29 33 35
29 34 14
29 35 31
29 36 4
29 37 35
29 38 30
29 39 21
29 40 25
29 41 16
29 42 16
29 43 2
29 44 5
29 45 12
29 46 19
29 47 35
29 48 23
29 49 25
29 50 31
29 51 37
29 52 40
29 53 40
29 54 20
29 55 17
29 56 26
29 57 45
29 58 30
29 59 29
29 60 27
29 61 34
29 62 7
29 63 15
29 64 25
29 65 31
29 66 33
29 67 22
29 68 38
29 69 31
29 70 35
30 1 45
30 2 17
30 3 11
30 4 37
30 5 21
30 6 33
30 7 17
30 8 38
30 9 35
30 10 50
30 11 21
30 12 12
30 13 34
30 14 34
30 15 15
30 16 10
30 17 45
30 18 24
30 19 35
30 20 20
30 21 59
30 22 58
30 23 25
30 24 60
30 25 50
30 26 24
30 27 58
30 28 58
30 29 21
30 30 -1
30 31 23
30 32 8
30 33 57
30 34 36
30 35 49
30 36 21
30 37 56
30 38 12
30 39 8
30 40 43
30 41 5
30 42 38
30 43 23
30 44 17
30 45 11
30 46 33
30 47 17
30 48 2
30 49 35
30 50 16
30 51 56
30 52 24
30 53 61
30 54 14
30 55 29
30 56 14
30 57 60
30 58 8
30 59 21
30 60 38
30 61 27
30 62 27
30 63 36
30 64 21
30 65 45
30 66 12
30 67 4
30 68 55
30 69 29
30 70 51
31 1 43
31 2 16
31 3 32
31 4 39
31 5 8
31 6 9
31 7 21
31 8 16
31 9 11
31 10 50
31 11 6
31 12 35
31 13 24
31 14 51
31 15 9
31 16 32
31 17 22
31 18 46
31 19 13
31 20 3
31 21 62
31 22 38
31 23 42
31 24 44
31 25 51
31 26 8
31 27 44
31 28 50
31 29 20
31 30 23
31 31 -1
31 32 29
31 33 45
31 34 28
31 35 50
31 36 15
31 37 51
31 38 36
31 39 16
31 40 24
31 41 19
31 42 28
31 43 21
31 44 17
31 45 15
31 46 39
31 47 40
31 48 26
31 49 12
31 50 39
31 51 36
31 52 48
31 53 46
31 54 10
31 55 10
31 56 36
31 57 65
31 58 31
31 59 42
31 60 14
31 61 48
31 62 26
31 63 24
31 64 40
31 65 22
31 66 28
31 67 20
31 68 33
31 69 11
31 70 30
32 1 41
32 2 18
32 3 15
32 4 33
32 5 25
32 6 38
32 7 25
32 8 45
32 9 40
32 10 46
32 11 25
32 12 6
32 13 34
32 14 26
32 15 22
32 16 4
32 17 48
32 18 17
32 19 42
32 20 26
32 21 53
32 22 61
32 23 17
32 24 60
32 25 45
32 26 28
32 27 57
32 28 56
32 29 21
32 30 8
32 31 29
32 32 -1
32 33 56
32 34 35
32 35 44
32 36 22
32 37 52
32 38 8
32 39 15
32 40 45
32 41 10
32 42 37
32 43 23
32 44 17
32 45 14
32 46 28
32 47 14
32 48 7
32 49 40
32 50 10
32 51 58
32 52 19
32 53 61
32 54 21
32 55 33
32 56 7
32 57 53
32 58 12
32 59 13
32 60 42
32 61 19
32 62 24
32 63 37
32 64 13
32 65 49
32 66 18
32 67 12
32 68 58
32 69 36
32 70 54
33 1 22
33 2 39
33 3 68
33 4 30
33 5 39
33 6 41
33 7 65
33 8 51
33 9 44
33 10 27
33 11 41
33 12 62
33 13 22
33 14 58
33 15 51
33 16 60
33 17 31
33 18 66
33 19 52
33 20 47
33 21 38
33 22 23
33 23 54
33 24 10
33 25 29
33 26 37
33 27 5
33 28 11
33 29 35
33 30 57
33 31 45
33 32 56
33 33 -1
33 34 20
33 35 29
33 36 36
33 37 17
33 38 64
33 39 55
33 40 24
33 41 51
33 42 18
33 43 33
33 44 40
33 45 46
33 46 36
33 47 70
33 48 58
33 49 37
33 50 65
33 51 20
33 52 73
33 53 9
33 54 52
33 55 35
33 56 60
33 57 43
33 58 66
33 59 61
33 60 37
33 61 64
33 62 31
33 63 21
33 64 55
33 65 33
33 66 67
33 67 57
33 68 27
33 69 54
33 70 28
34 1 16
34 2 19
34 3 48
34 4 17
34 5 20
34 6 28
34 7 46
34 8 39
34 9 31
34 10 24
34 11 22
34 12 41
34 13 3
34 14 41
34 15 32
34 16 39
34 17 26
34 18 47
34 19 39
34 20 29
34 21 36
34 22 30
34 23 36
34 24 25
34 25 25
34 26 19
34 27 22
34 28 23
34 29 14
34 30 36
34 31 28
34 32 35
34 33 20
34 34 -1
34 35 24
34 36 16
34 37 22
34 38 44
34 39 35
34 40 18
34 41 31
34 42 2
34 43 13
34 44 19
34 45 26
34 46 21
34 47 50
34 48 38
34 49 26
34 50 45
34 51 26
34 52 53
34 53 26
34 54 33
34 55 20
34 56 40
34 57 40
34 58 45
34 59 41
34 60 27
34 61 45
34 62 12
34 63 5
34 64 37
34 65 27
34 66 47
34 67 36
34 68 30
34 69 39
34 70 28
35 1 8
35 2 36
35 3 59
35 4 11
35 5 42
35 6 52
35 7 63
35 8 63
35 9 56
35 10 2
35 11 44
35 12 48
35 13 28
35 14 33
35 15 51
35 16 47
35 17 50
35 18 47
35 19 62
35 20 50
35 21 12
35 22 50
35 23 33
35 24 39
35 25 1
35 26 41
35 27 34
35 28 20
35 29 31
35 30 49
35 31 50
35 32 44
35 33 29
35 34 24
35 35 -1
35 36 35
35 37 14
35 38 51
35 39 51
35 40 42
35 41 44
35 42 25
35 43 29
35 44 35
35 45 42
35 46 16
35 47 56
35 48 49
35 49 50
35 50 49
35 51 46
35 52 55
35 53 38
35 54 51
35 55 43
35 56 45
35 57 15
35 58 56
35 59 42
35 60 51
35 61 43
35 62 24
35 63 30
35 64 36
35 65 51
35 66 61
35 67 50
35 68 52
35 69 61
35 70 50
36 1 28
36 2 4
36 3 32
36 4 24
36 5 7
36 6 20
36 7 30
36 8 30
36 9 24
36 10 35
36 11 9
36 12 29
36 13 13
36 14 38
36 15 16
36 16 26
36 17 27
36 18 37
36 19 29
36 20 15
36 21 47
36 22 38
36 23 30
36 24 38
36 25 36
36 26 8
36 27 36
36 28 39
36 29 4
36 30 21
36 31 15
36 32 22
36 33 36
36 34 16
36 35 35
36 36 -1
36 37 37
36 38 31
36 39 19
36 40 23
36 41 15
36 42 17
36 43 5
36 44 5
36 45 10
36 46 23
36 47 36
36 48 23
36 49 21
36 50 32
36 51 35
36 52 42
36 53 40
36 54 17
36 55 13
36 56 28
36 57 49
36 58 30
36 59 32
36 60 23
36 61 37
36 62 11
36 63 15
36 64 28
36 65 27
36 66 31
36 67 20
36 68 35
36 69 26
36 70 32
37 1 11
37 2 40
37 3 67
37 4 20
37 5 43
37 6 50
37 7 68
37 8 61
37 9 53
37 10 11
37 11 45
37 12 57
37 13 26
37 14 46
37 15 54
37 16 56
37 17 44
37 18 59
37 19 61
37 20 51
37 21 21
37 22 40
37 23 45
37 24 27
37 25 13
37 26 42
37 27 22
37 28 6
37 29 35
37 30 56
37 31 51
37 32 52
37 33 17
37 34 22
37 35 14
37 36 37
37 37 -1
37 38 60
37 39 56
37 40 36
37 41 51
37 42 22
37 43 33
37 44 40
37 45 47
37 46 26
37 47 66
37 48 57
37 49 47
37 50 59
37 51 36
37 52 67
37 53 26
37 54 55
37 55 42
37 56 55
37 57 26
37 58 64
37 59 53
37 60 48
37 61 55
37 62 29
37 63 26
37 64 48
37 65 46
37 66 68
37 67 57
37 68 43
37 69 62
37 70 43
38 1 49
38 2 26
38 3 12
38 4 40
38 5 33
38 6 45
38 7 27
38 8 50
38 9 47
38 10 53
38 11 33
38 12 3
38 13 43
38 14 28
38 15 27
38 16 4
38 17 56
38 18 13
38 19 47
38 20 32
38 21 59
38 22 69
38 23 20
38 24 69
38 25 52
38 26 36
38 27 66
38 28 64
38 29 30
38 30 12
38 31 36
38 32 8
38 33 64
38 34 44
38 35 51
38 36 31
38 37 60
38 38 -1
38 39 20
38 40 53
38 41 17
38 42 46
38 43 31
38 44 26
38 45 22
38 46 35
38 47 5
38 48 10
38 49 47
38 50 4
38 51 66
38 52 12
38 53 70
38 54 26
38 55 41
38 56 6
38 57 59
38 58 9
38 59 12
38 60 50
38 61 17
38 62 33
38 63 45
38 64 16
38 65 56
38 66 17
38 67 16
38 68 66
38 69 41
38 70 63
39 1 46
39 2 16
39 3 15
39 4 39
39 5 17
39 6 26
39 7 12
39 8 30
39 9 27
39 10 52
39 11 15
39 12 20
39 13 32
39 14 41
39 15 7
39 16 18
39 17 38
39 18 32
39 19 27
39 20 13
39 21 62
39 22 53
39 23 32
39 24 57
39 25 52
39 26 19
39 27 55
39 28 58
39 29 21
39 30 8
39 31 16
39 32 15
39 33 55
39 34 35
39 35 51
39 36 19
39 37 56
39 38 20
39 39 -1
39 40 38
39 41 7
39 42 36
39 43 23
39 44 16
39 45 9
39 46 36
39 47 24
39 48 10
39 49 29
39 50 24
39 51 51
39 52 32
39 53 58
39 54 6
39 55 24
39 56 22
39 57 63
39 58 14
39 59 28
39 60 31
39 61 34
39 62 27
39 63 33
39 64 28
39 65 38
39 66 13
39 67 4
39 68 49
39 69 21
39 70 46
40 1 33
40 2 27
40 3 53
40 4 35
40 5 21
40 6 18
40 7 45
40 8 27
40 9 20
40 10 41
40 11 22
40 12 52
40 13 16
40 14 58
40 15 32
40 16 49
40 17 8
40 18 60
40 19 28
40 20 26
40 21 53
40 22 15
40 23 51
40 24 21
40 25 42
40 26 18
40 27 21
40 28 33
40 29 25
40 30 43
40 31 24
40 32 45
40 33 24
40 34 18
40 35 42
40 36 23
40 37 36
40 38 53
40 39 38
40 40 -1
40 41 37
40 42 16
40 43 24
40 44 28
40 45 31
40 46 39
40 47 59
40 48 45
40 49 14
40 50 55
40 51 13
40 52 65
40 53 23
40 54 33
40 55 14
40 56 51
40 57 57
40 58 51
40 59 55
40 60 13
40 61 60
40 62 27
40 63 13
40 64 51
40 65 10
40 66 51
40 67 41
40 68 13
40 69 32
40 70 10
41 1 40
41 2 11
41 3 17
41 4 33
41 5 16
41 6 28
41 7 19
41 8 35
41 9 30
41 10 46
41 11 16
41 12 15
41 13 28
41 14 34
41 15 12
41 16 13
41 17 39
41 18 27
41 19 32
41 20 16
41 21 55
41 22 53
41 23 25
41 24 54
41 25 45
41 26 19
41 27 52
41 28 53
41 29 16
41 30 5
41 31 19
41 32 10
41 33 51
41 34 31
41 35 44
41 36 15
41 37 51
41 38 17
41 39 7
41 40 37
41 41 -1
41 42 32
41 43 18
41 44 11
41 45 5
41 46 29
41 47 22
41 48 7
41 49 30
41 50 19
41 51 50
41 52 29
41 53 55
41 54 11
41 55 24
41 56 17
41 57 56
41 58 14
41 59 23
41 60 33
41 61 29
41 62 22
41 63 30
41 64 22
41 65 39
41 66 17
41 67 6
41 68 49
41 69 26
41 70 46
42 1 17
42 2 20
42 3 49
42 4 19
42 5 21
42 6 27
42 7 47
42 8 39
42 9 31
42 10 25
42 11 23
42 12 43
42 13 4
42 14 44
42 15 33
42 16 41
42 17 24
42 18 49
42 19 38
42 20 29
42 21 37
42 22 27
42 23 38
42 24 23
42 25 26
42 26 19
42 27 20
42 28 22
42 29 16
42 30 38
42 31 28
42 32 37
42 33 18
42 34 2
42 35 25
42 36 17
42 37 22
42 38 46
42 39 36
42 40 16
42 41 32
42 42 -1
42 43 14
42 44 21
42 45 27
42 46 23
42 47 52
42 48 39
42 49 25
42 50 47
42 51 24
42 52 55
42 53 24
42 54 34
42 55 19
42 56 42
42 57 41
42 58 47
42 59 43
42 60 26
42 61 48
42 62 14
42 63 4
42 64 39
42 65 26
42 66 49
42 67 38
42 68 28
42 69 39
42 70 26
43 1 23
43 2 7
43 3 35
43 4 18
43 5 12
43 6 25
43 7 34
43 8 36
43 9 29
43 10 30
43 11 14
43 12 29
43 13 11
43 14 34
43 15 21
43 16 27
43 17 30
43 18 36
43 19 34
43 20 20
43 21 41
43 22 39
43 23 26
43 24 37
43 25 30
43 26 13
43 27 34
43 28 35
43 29 2
43 30 23
43 31 21
43 32 23
43 33 33
43 34 13
43 35 29
43 36 5
43 37 33
43 38 31
43 39 23
43 40 24
43 41 18
43 42 14
43 43 -1
43 44 7
43 45 14
43 46 18
43 47 37
43 48 25
43 49 25
43 50 32
43 51 36
43 52 41
43 53 38
43 54 22
43 55 17
43 56 28
43 57 43
43 58 32
43 59 30
43 60 27
43 61 35
43 62 5
43 63 14
43 64 26
43 65 31
43 66 35
43 67 24
43 68 37
43 69 32
43 70 34
44 1 30
44 2 1
44 3 28
44 4 24
44 5 10
44 6 24
44 7 28
44 8 33
44 9 27
44 10 36
44 11 11
44 12 24
44 13 17
44 14 34
44 15 15
44 16 21
44 17 31
44 18 32
44 19 31
44 20 15
44 21 47
44 22 43
44 23 26
44 24 43
44 25 36
44 26 12
44 27 41
44 28 42
44 29 5
44 30 17
44 31 17
44 32 17
44 33 40
44 34 19
44 35 35
44 36 5
44 37 40
44 38 26
44 39 16
44 40 28
44 41 11
44 42 21
44 43 7
44 44 -1
44 45 7
44 46 22
44 47 31
44 48 18
44 49 25
44 50 27
44 51 40
44 52 37
44 53 44
44 54 16
44 55 17
44 56 23
44 57 49
44 58 26
44 59 27
44 60 27
44 61 32
44 62 11
44 63 19
44 64 24
44 65 32
44 66 28
44 67 17
44 68 40
44 69 28
44 70 37
45 1 37
45 2 7
45 3 22
45 4 30
45 5 10
45 6 23
45 7 21
45 8 31
45 9 26
45 10 43
45 11 10
45 12 21
45 13 23
45 14 36
45 15 10
45 16 18
45 17 34
45 18 31
45 19 28
45 20 12
45 21 53
45 22 47
45 23 27
45 24 49
45 25 43
45 26 13
45 27 47
45 28 49
45 29 12
45 30 11
45 31 15
45 32 14
45 33 46
45 34 26
45 35 42
45 36 10
45 37 47
45 38 22
45 39 9
45 40 31
45 41 5
45 42 27
45 43 14
45 44 7
45 45 -1
45 46 28
45 47 27
45 48 13
45 49 25
45 50 25
45 51 44
45 52 34
45 53 50
45 54 9
45 55 18
45 56 21
45 57 55
45 58 20
45 59 27
45 60 27
45 61 33
45 62 18
45 63 25
45 64 25
45 65 34
45 66 21
45 67 10
45 68 44
45 69 23
45 70 40
46 1 15
46 2 23
46 3 43
46 4 6
46 5 31
46 6 43
46 7 49
46 8 54
46 9 47
46 10 18
46 11 33
46 12 32
46 13 23
46 14 21
46 15 38
46 16 31
46 17 46
46 18 32
46 19 53
46 20 38
46 21 25
46 22 51
46 23 18
46 24 44
46 25 17
46 26 31
46 27 39
46 28 31
46 29 19
46 30 33
46 31 39
46 32 28
46 33 36
46 34 21
46 35 16
46 36 23
46 37 26
46 38 35
46 39 36
46 40 39
46 41 29
46 42 23
46 43 18
46 44 22
46 45 28
46 46 -1
46 47 40
46 48 33
46 49 43
46 50 33
46 51 47
46 52 40
46 53 44
46 54 38
46 55 35
46 56 29
46 57 26
46 58 40
46 59 26
46 60 44
46 61 28
46 62 13
46 63 26
46 64 21
46 65 47
46 66 45
46 67 35
46 68 51
46 69 50
46 70 49
47 1 54
47 2 32
47 3 12
47 4 45
47 5 38
47 6 50
47 7 29
47 8 54
47 9 52
47 10 58
47 11 38
47 12 8
47 13 48
47 14 30
47 15 31
47 16 10
47 17 61
47 18 14
47 19 51
47 20 37
47 21 64
47 22 75
47 23 24
47 24 75
47 25 57
47 26 41
47 27 72
47 28 69
47 29 35
47 30 17
47 31 40
47 32 14
47 33 70
47 34 50
47 35 56
47 36 36
47 37 66
47 38 5
47 39 24
47 40 59
47 41 22
47 42 52
47 43 37
47 44 31
47 45 27
47 46 40
47 47 -1
47 48 14
47 49 52
47 50 7
47 51 72
47 52 9
47 53 76
47 54 30
47 55 46
47 56 11
47 57 63
47 58 11
47 59 15
47 60 55
47 61 19
47 62 38
47 63 51
47 64 20
47 65 62
47 66 18
47 67 20
47 68 71
47 69 44
47 70 68
48 1 46
48 2 19
48 3 10
48 4 38
48 5 24
48 6 35
48 7 18
48 8 40
48 9 37
48 10 51
48 11 23
48 12 10
48 13 36
48 14 33
48 15 17
48 16 8
48 17 47
48 18 22
48 19 37
48 20 22
48 21 59
48 22 60
48 23 24
48 24 62
48 25 50
48 26 26
48 27 59
48 28 59
48 29 23
48 30 2
48 31 26
48 32 7
48 33 58
48 34 38
48 35 49
48 36 23
48 37 57
48 38 10
48 39 10
48 40 45
48 41 7
48 42 39
48 43 25
48 44 18
48 45 13
48 46 33
48 47 14
48 48 -1
48 49 38
48 50 14
48 51 58
48 52 22
48 53 63
48 54 16
48 55 32
48 56 12
48 57 60
48 58 7
48 59 19
48 60 40
48 61 25
48 62 28
48 63 38
48 64 20
48 65 47
48 66 12
48 67 6
48 68 57
48 69 31
48 70 53
49 1 42
49 2 24
49 3 44
49 4 41
49 5 15
49 6 4
49 7 33
49 8 13
49 9 6
49 10 50
49 11 14
49 12 46
49 13 22
49 14 59
49 15 21
49 16 44
49 17 10
49 18 57
49 19 14
49 20 16
49 21 62
49 22 26
49 23 51
49 24 35
49 25 51
49 26 13
49 27 35
49 28 46
49 29 25
49 30 35
49 31 12
49 32 40
49 33 37
49 34 26
49 35 50
49 36 21
49 37 47
49 38 47
49 39 29
49 40 14
49 41 30
49 42 25
49 43 25
49 44 25
49 45 25
49 46 43
49 47 52
49 48 38
49 49 -1
49 50 50
49 51 25
49 52 60
49 53 37
49 54 23
49 55 8
49 56 47
49 57 66
49 58 43
49 59 52
49 60 2
49 61 57
49 62 30
49 63 21
49 64 49
49 65 10
49 66 41
49 67 33
49 68 21
49 69 18
49 70 17
50 1 48
50 2 28
50 3 16
50 4 39
50 5 35
50 6 48
50 7 31
50 8 54
50 9 50
50 10 51
50 11 35
50 12 4
50 13 43
50 14 24
50 15 31
50 16 6
50 17 59
50 18 8
50 19 51
50 20 35
50 21 57
50 22 71
50 23 17
50 24 70
50 25 50
50 26 38
50 27 67
50 28 63
50 29 31
50 30 16
50 31 39
50 32 10
50 33 65
50 34 45
50 35 49
50 36 32
50 37 59
50 38 4
50 39 24
50 40 55
50 41 19
50 42 47
50 43 32
50 44 27
50 45 25
50 46 33
50 47 7
50 48 14
50 49 50
50 50 -1
50 51 68
50 52 9
50 53 71
50 54 30
50 55 43
50 56 4
50 57 56
50 58 13
50 59 8
50 60 52
50 61 13
50 62 33
50 63 46
50 64 13
50 65 59
50 66 21
50 67 20
50 68 68
50 69 45
50 70 65
51 1 38
51 2 39
51 3 66
51 4 42
51 5 34
51 6 29
51 7 58
51 8 37
51 9 31
51 10 44
51 11 35
51 12 64
51 13 25
51 14 68
51 15 45
51 16 62
51 17 16
51 18 72
51 19 39
51 20 39
51 21 56
51 22 4
51 23 62
51 24 12
51 25 46
51 26 31
51 27 15
51 28 31
51 29 37
51 30 56
51 31 36
51 32 58
51 33 20
51 34 26
51 35 46
51 36 35
51 37 36
51 38 66
51 39 51
51 40 13
51 41 50
51 42 24
51 43 36
51 44 40
51 45 44
51 46 47
51 47 72
51 48 58
51 49 25
51 50 68
51 51 -1
51 52 77
51 53 14
51 54 46
51 55 27
51 56 64
51 57 61
51 58 64
51 59 66
51 60 24
51 61 71
51 62 37
51 63 22
51 64 62
51 65 17
51 66 64
51 67 54
51 68 7
51 69 43
51 70 9
52 1 55
52 2 38
52 3 21
52 4 46
52 5 45
52 6 57
52 7 38
52 8 63
52 9 59
52 10 58
52 11 45
52 12 13
52 13 53
52 14 26
52 15 40
52 16 15
52 17 68
52 18 9
52 19 59
52 20 44
52 21 62
52 22 80
52 23 22
52 24 79
52 25 56
52 26 47
52 27 76
52 28 71
52 29 40
52 30 24
52 31 48
52 32 19
52 33 73
52 34 53
52 35 55
52 36 42
52 37 67
52 38 12
52 39 32
52 40 65
52 41 29
52 42 55
52 43 41
52 44 37
52 45 34
52 46 40
52 47 9
52 48 22
52 49 60
52 50 9
52 51 77
52 52 -1
52 53 80
52 54 38
52 55 53
52 56 13
52 57 61
52 58 20
52 59 13
52 60 62
52 61 14
52 62 42
52 63 55
52 64 18
52 65 68
52 66 27
52 67 28
52 68 77
52 69 53
52 70 74
53 1 31
53 2 44
53 3 72
53 4 38
53 5 41
53 6 41
53 7 67
53 8 50
53 9 43
53 10 36
53 11 43
53 12 68
53 13 27
53 14 66
53 15 53
53 16 66
53 17 29
53 18 73
53 19 51
53 20 48
53 21 47
53 22 16
53 23 61
53 24 2
53 25 38
53 26 39
53 27 4
53 28 20
53 29 40
53 30 61
53 31 46
53 32 61
53 33 9
53 34 26
53 35 38
53 36 40
53 37 26
53 38 70
53 39 58
53 40 23
53 41 55
53 42 24
53 43 38
53 44 44
53 45 50
53 46 44
53 47 76
53 48 63
53 49 37
53 50 71
53 51 14
53 52 80
53 53 -1
53 54 54
53 55 36
53 56 66
53 57 52
53 58 70
53 59 67
53 60 36
53 61 71
53 62 38
53 63 25
53 64 62
53 65 30
53 66 71
53 67 60
53 68 22
53 69 55
53 70 23
54 1 45
54 2 15
54 3 21
54 4 40
54 5 13
54 6 20
54 7 13
54 8 24
54 9 21
54 10 52
54 11 11
54 12 26
54 13 30
54 14 45
54 15 1
54 16 24
54 17 33
54 18 38
54 19 21
54 20 7
54 21 63
54 22 48
54 23 36
54 24 53
54 25 52
54 26 15
54 27 51
54 28 56
54 29 20
54 30 14
54 31 10
54 32 21
54 33 52
54 34 33
54 35 51
54 36 17
54 37 55
54 38 26
54 39 6
54 40 33
54 41 11
54 42 34
54 43 22
54 44 16
54 45 9
54 46 38
54 47 30
54 48 16
54 49 23
54 50 30
54 51 46
54 52 38
54 53 54
54 54 -1
54 55 19
54 56 28
54 57 65
54 58 20
54 59 34
54 60 25
54 61 40
54 62 27
54 63 31
54 64 33
54 65 33
54 66 17
54 67 10
54 68 44
54 69 15
54 70 40
55 1 36
55 2 16
55 3 39
55 4 34
55 5 8
55 6 8
55 7 31
55 8 19
55 9 12
55 10 43
55 11 8
55 12 39
55 13 16
55 14 51
55 15 17
55 16 37
55 17 15
55 18 49
55 19 19
55 20 12
55 21 55
55 22 29
55 23 43
55 24 34
55 25 44
55 26 5
55 27 34
55 28 41
55 29 17
55 30 29
55 31 10
55 32 33
55 33 35
55 34 20
55 35 43
55 36 13
55 37 42
55 38 41
55 39 24
55 40 14
55 41 24
55 42 19
55 43 17
55 44 17
55 45 18
55 46 35
55 47 46
55 48 32
55 49 8
55 50 43
55 51 27
55 52 53
55 53 36
55 54 19
55 55 -1
55 56 40
55 57 59
55 58 38
55 59 44
55 60 10
55 61 50
55 62 22
55 63 15
55 64 41
55 65 15
55 66 36
55 67 27
55 68 25
55 69 19
55 70 21
56 1 43
56 2 24
56 3 17
56 4 34
56 5 32
56 6 45
56 7 31
56 8 52
56 9 47
56 10 47
56 11 32
56 12 3
56 13 39
56 14 22
56 15 29
56 16 4
56 17 55
56 18 10
56 19 49
56 20 33
56 21 53
56 22 67
56 23 14
56 24 65
56 25 46
56 26 34
56 27 62
56 28 59
56 29 26
56 30 14
56 31 36
56 32 7
56 33 60
56 34 40
56 35 45
56 36 28
56 37 55
56 38 6
56 39 22
56 40 51
56 41 17
56 42 42
56 43 28
56 44 23
56 45 21
56 46 29
56 47 11
56 48 12
56 49 47
56 50 4
56 51 64
56 52 13
56 53 66
56 54 28
56 55 40
56 56 -1
56 57 52
56 58 14
56 59 7
56 60 49
56 61 13
56 62 28
56 63 42
56 64 9
56 65 55
56 66 22
56 67 18
56 68 64
56 69 43
56 70 61
57 1 24
57 2 49
57 3 69
57 4 25
57 5 56
57 6 67
57 7 76
57 8 79
57 9 71
57 10 16
57 11 58
57 12 56
57 13 43
57 14 35
57 15 65
57 16 55
57 17 66
57 18 52
57 19 77
57 20 64
57 21 5
57 22 65
57 23 39
57 24 53
57 25 15
57 26 56
57 27 48
57 28 32
57 29 45
57 30 60
57 31 65
57 32 53
57 33 43
57 34 40
57 35 15
57 36 49
57 37 26
57 38 59
57 39 63
57 40 57
57 41 56
57 42 41
57 43 43
57 44 49
57 45 55
57 46 26
57 47 63
57 48 60
57 49 66
57 50 56
57 51 61
57 52 61
57 53 52
57 54 65
57 55 59
57 56 52
57 57 -1
57 58 66
57 59 48
57 60 67
57 61 47
57 62 38
57 63 45
57 64 43
57 65 67
57 66 72
57 67 62
57 68 67
57 69 76
57 70 66
58 1 53
58 2 26
58 3 3
58 4 45
58 5 30
58 6 40
58 7 18
58 8 44
58 9 42
58 10 58
58 11 29
58 12 11
58 13 43
58 14 36
58 15 21
58 16 10
58 17 53
58 18 22
58 19 40
58 20 27
58 21 65
58 22 67
58 23 28
58 24 69
58 25 57
58 26 33
58 27 67
58 28 67
58 29 30
58 30 8
58 31 31
58 32 12
58 33 66
58 34 45
58 35 56
58 36 30
58 37 64
58 38 9
58 39 14
58 40 51
58 41 14
58 42 47
58 43 32
58 44 26
58 45 20
58 46 40
58 47 11
58 48 7
58 49 43
58 50 13
58 51 64
58 52 20
58 53 70
58 54 20
58 55 38
58 56 14
58 57 66
58 58 -1
58 59 21
58 60 45
58 61 27
58 62 35
58 63 45
58 64 24
58 65 53
58 66 8
58 67 10
58 68 63
58 69 33
58 70 60
59 1 42
59 2 28
59 3 24
59 4 33
59 5 36
59 6 50
59 7 38
59 8 58
59 9 53
59 10 44
59 11 37
59 12 10
59 13 41
59 14 15
59 15 35
59 16 11
59 17 59
59 18 5
59 19 55
59 20 39
59 21 49
59 22 69
59 23 9
59 24 67
59 25 43
59 26 39
59 27 63
59 28 58
59 29 29
59 30 21
59 31 42
59 32 13
59 33 61
59 34 41
59 35 42
59 36 32
59 37 53
59 38 12
59 39 28
59 40 55
59 41 23
59 42 43
59 43 30
59 44 27
59 45 27
59 46 26
59 47 15
59 48 19
59 49 52
59 50 8
59 51 66
59 52 13
59 53 67
59 54 34
59 55 44
59 56 7
59 57 48
59 58 21
59 59 -1
59 60 54
59 61 6
59 62 29
59 63 44
59 64 5
59 65 60
59 66 29
59 67 25
59 68 67
59 69 49
59 70 64
60 1 43
60 2 26
60 3 46
60 4 42
60 5 17
60 6 5
60 7 35
60 8 13
60 9 7
60 10 51
60 11 17
60 12 48
60 13 23
60 14 61
60 15 24
60 16 46
60 17 8
60 18 59
60 19 15
60 20 18
60 21 63
60 22 25
60 23 53
60 24 34
60 25 52
60 26 15
60 27 35
60 28 46
60 29 27
60 30 38
60 31 14
60 32 42
60 33 37
60 34 27
60 35 51
60 36 23
60 37 48
60 38 50
60 39 31
60 40 13
60 41 33
60 42 26
60 43 27
60 44 27
60 45 27
60 46 44
60 47 55
60 48 40
60 49 2
60 50 52
60 51 24
60 52 62
60 53 36
60 54 25
60 55 10
60 56 49
60 57 67
60 58 45
60 59 54
60 60 -1
60 61 60
60 62 32
60 63 22
60 64 51
60 65 8
60 66 43
60 67 35
60 68 19
60 69 19
60 70 16
61 1 44
61 2 33
61 3 29
61 4 35
61 5 42
61 6 56
61 7 44
61 8 64
61 9 59
61 10 45
61 11 43
61 12 16
61 13 45
61 14 12
61 15 41
61 16 17
61 17 64
61 18 5
61 19 61
61 20 45
61 21 48
61 22 74
61 23 10
61 24 71
61 25 44
61 26 44
61 27 67
61 28 60
61 29 34
61 30 27
61 31 48
61 32 19
61 33 64
61 34 45
61 35 43
61 36 37
61 37 55
61 38 17
61 39 34
61 40 60
61 41 29
61 42 48
61 43 35
61 44 32
61 45 33
61 46 28
61 47 19
61 48 25
61 49 57
61 50 13
61 51 71
61 52 14
61 53 71
61 54 40
61 55 50
61 56 13
61 57 47
61 58 27
61 59 6
61 60 60
61 61 -1
61 62 33
61 63 48
61 64 8
61 65 65
61 66 35
61 67 31
61 68 73
61 69 55
61 70 70
62 1 18
62 2 12
62 3 38
62 4 12
62 5 18
62 6 30
62 7 39
62 8 41
62 9 34
62 10 25
62 11 20
62 12 30
62 13 12
62 14 30
62 15 27
62 16 28
62 17 34
62 18 35
62 19 40
62 20 26
62 21 35
62 22 41
62 23 24
62 24 37
62 25 25
62 26 18
62 27 34
62 28 31
62 29 7
62 30 27
62 31 26
62 32 24
62 33 31
62 34 12
62 35 24
62 36 11
62 37 29
62 38 33
62 39 27
62 40 27
62 41 22
62 42 14
62 43 5
62 44 11
62 45 18
62 46 13
62 47 38
62 48 28
62 49 30
62 50 33
62 51 37
62 52 42
62 53 38
62 54 27
62 55 22
62 56 28
62 57 38
62 58 35
62 59 29
62 60 32
62 61 33
62 62 -1
62 63 15
62 64 25
62 65 35
62 66 39
62 67 28
62 68 40
62 69 38
62 70 37
63 1 21
63 2 19
63 3 47
63 4 22
63 5 18
63 6 23
63 7 44
63 8 34
63 9 27
63 10 29
63 11 20
63 12 43
63 13 3
63 14 45
63 15 30
63 16 41
63 17 20
63 18 50
63 19 34
63 20 26
63 21 41
63 22 26
63 23 39
63 24 23
63 25 30
63 26 16
63 27 21
63 28 26
63 29 15
63 30 36
63 31 24
63 32 37
63 33 21
63 34 5
63 35 30
63 36 15
63 37 26
63 38 45
63 39 33
63 40 13
63 41 30
63 42 4
63 43 14
63 44 19
63 45 25
63 46 26
63 47 51
63 48 38
63 49 21
63 50 46
63 51 22
63 52 55
63 53 25
63 54 31
63 55 15
63 56 42
63 57 45
63 58 45
63 59 44
63 60 22
63 61 48
63 62 15
63 63 -1
63 64 39
63 65 22
63 66 46
63 67 36
63 68 25
63 69 35
63 70 23
64 1 36
64 2 25
64 3 27
64 4 27
64 5 34
64 6 48
64 7 39
64 8 56
64 9 51
64 10 39
64 11 35
64 12 13
64 13 36
64 14 12
64 15 34
64 16 13
64 17 56
64 18 10
64 19 53
64 20 37
64 21 44
64 22 65
64 23 4
64 24 62
64 25 37
64 26 36
64 27 58
64 28 52
64 29 25
64 30 21
64 31 40
64 32 13
64 33 55
64 34 37
64 35 36
64 36 28
64 37 48
64 38 16
64 39 28
64 40 51
64 41 22
64 42 39
64 43 26
64 44 24
64 45 25
64 46 21
64 47 20
64 48 20
64 49 49
64 50 13
64 51 62
64 52 18
64 53 62
64 54 33
64 55 41
64 56 9
64 57 43
64 58 24
64 59 5
64 60 51
64 61 8
64 62 25
64 63 39
64 64 -1
64 65 56
64 66 31
64 67 25
64 68 64
64 69 48
64 70 61
65 1 43
65 2 31
65 3 54
65 4 44
65 5 23
65 6 13
65 7 43
65 8 20
65 9 14
65 10 51
65 11 23
65 12 55
65 13 24
65 14 65
65 15 31
65 16 53
65 17 1
65 18 65
65 19 22
65 20 26
65 21 63
65 22 17
65 23 57
65 24 28
65 25 52
65 26 21
65 27 29
65 28 43
65 29 31
65 30 45
65 31 22
65 32 49
65 33 33
65 34 27
65 35 51
65 36 27
65 37 46
65 38 56
65 39 38
65 40 10
65 41 39
65 42 26
65 43 31
65 44 32
65 45 34
65 46 47
65 47 62
65 48 47
65 49 10
65 50 59
65 51 17
65 52 68
65 53 30
65 54 33
65 55 15
65 56 55
65 57 67
65 58 53
65 59 60
65 60 8
65 61 65
65 62 35
65 63 22
65 64 56
65 65 -1
65 66 50
65 67 42
65 68 11
65 69 27
65 70 8
66 1 57
66 2 28
66 3 6
66 4 49
66 5 29
66 6 37
66 7 11
66 8 39
66 9 38
66 10 62
66 11 28
66 12 19
66 13 45
66 14 44
66 15 19
66 16 18
66 17 51
66 18 30
66 19 35
66 20 24
66 21 71
66 22 66
66 23 36
66 24 70
66 25 62
66 26 32
66 27 68
66 28 70
66 29 33
66 30 12
66 31 28
66 32 18
66 33 67
66 34 47
66 35 61
66 36 31
66 37 68
66 38 17
66 39 13
66 40 51
66 41 17
66 42 49
66 43 35
66 44 28
66 45 21
66 46 45
66 47 18
66 48 12
66 49 41
66 50 21
66 51 64
66 52 27
66 53 71
66 54 17
66 55 36
66 56 22
66 57 72
66 58 8
66 59 29
66 60 43
66 61 35
66 62 39
66 63 46
66 64 31
66 65 50
66 66 -1
66 67 11
66 68 62
66 69 28
66 70 58
67 1 46
67 2 17
67 3 12
67 4 39
67 5 20
67 6 30
67 7 14
67 8 34
67 9 31
67 10 52
67 11 19
67 12 16
67 13 34
67 14 38
67 15 11
67 16 14
67 17 42
67 18 28
67 19 31
67 20 17
67 21 61
67 22 56
67 23 29
67 24 59
67 25 51
67 26 22
67 27 57
67 28 59
67 29 22
67 30 4
67 31 20
67 32 12
67 33 57
67 34 36
67 35 50
67 36 20
67 37 57
67 38 16
67 39 4
67 40 41
67 41 6
67 42 38
67 43 24
67 44 17
67 45 10
67 46 35
67 47 20
67 48 6
67 49 33
67 50 20
67 51 54
67 52 28
67 53 60
67 54 10
67 55 27
67 56 18
67 57 62
67 58 10
67 59 25
67 60 35
67 61 31
67 62 28
67 63 36
67 64 25
67 65 42
67 66 11
67 67 -1
67 68 53
67 69 25
67 70 49
68 1 43
68 2 39
68 3 65
68 4 47
68 5 33
68 6 25
68 7 55
68 8 31
68 9 26
68 10 50
68 11 33
68 12 64
68 13 28
68 14 71
68 15 42
68 16 62
68 17 11
68 18 73
68 19 33
68 20 37
68 21 62
68 22 6
68 23 64
68 24 20
68 25 52
68 26 30
68 27 23
68 28 39
68 29 38
68 30 55
68 31 33
68 32 58
68 33 27
68 34 30
68 35 52
68 36 35
68 37 43
68 38 66
68 39 49
68 40 13
68 41 49
68 42 28
68 43 37
68 44 40
68 45 44
68 46 51
68 47 71
68 48 57
68 49 21
68 50 68
68 51 7
68 52 77
68 53 22
68 54 44
68 55 25
68 56 64
68 57 67
68 58 63
68 59 67
68 60 19
68 61 73
68 62 40
68 63 25
68 64 64
68 65 11
68 66 62
68 67 53
68 68 -1
68 69 38
68 70 3
69 1 54
69 2 27
69 3 33
69 4 50
69 5 19
69 6 14
69 7 18
69 8 10
69 9 12
69 10 62
69 11 17
69 12 41
69 13 35
69 14 60
69 15 14
69 16 39
69 17 27
69 18 53
69 19 7
69 20 12
69 21 73
69 22 44
69 23 51
69 24 53
69 25 62
69 26 20
69 27 53
69 28 61
69 29 31
69 30 29
69 31 11
69 32 36
69 33 54
69 34 39
69 35 61
69 36 26
69 37 62
69 38 41
69 39 21
69 40 32
69 41 26
69 42 39
69 43 32
69 44 28
69 45 23
69 46 50
69 47 44
69 48 31
69 49 18
69 50 45
69 51 43
69 52 53
69 53 55
69 54 15
69 55 19
69 56 43
69 57 76
69 58 33
69 59 49
69 60 19
69 61 55
69 62 38
69 63 35
69 64 48
69 65 27
69 66 28
69 67 25
69 68 38
69 69 -1
69 70 35
70 1 42
70 2 36
70 3 61
70 4 45
70 5 29
70 6 21
70 7 51
70 8 28
70 9 22
70 10 49
70 11 30
70 12 61
70 13 26
70 14 68
70 15 39
70 16 59
70 17 7
70 18 70
70 19 30
70 20 33
70 21 62
70 22 9
70 23 61
70 24 21
70 25 51
70 26 27
70 27 24
70 28 39
70 29 35
70 30 51
70 31 30
70 32 54
70 33 28
70 34 28
70 35 50
70 36 32
70 37 43
70 38 63
70 39 46
70 40 10
70 41 46
70 42 26
70 43 34
70 44 37
70 45 40
70 46 49
70 47 68
70 48 53
70 49 17
70 50 65
70 51 9
70 52 74
70 53 23
70 54 40
70 55 21
70 56 61
70 57 66
70 58 60
70 59 64
70 60 16
70 61 70
70 62 37
70 63 23
70 64 61
70 65 8
70 66 58
70 67 49
70 68 3
70 69 35
70 70 -1
