11 2
11 36
11 5
11 6
11 44
11 45
11 15
11 20
11 54
11 55
11 26
11 29
11 31
40 65
40 68
40 70
40 17
40 51
40 60
40 63
22 51
22 68
22 70
52 38
52 12
52 47
52 18
52 50
52 56
52 59
23 64
23 14
23 18
23 59
23 61
29 2
29 36
29 5
29 11
29 43
29 13
29 44
29 45
29 26
29 62
25 1
25 35
25 4
25 37
25 10
25 21
35 1
35 4
35 10
35 21
35 25
68 65
68 70
68 40
68 17
68 51
68 22
14 64
14 61
14 23
49 65
49 6
49 8
49 9
49 17
49 55
49 26
49 60
49 31
30 32
30 66
30 3
30 67
30 38
30 39
30 41
30 12
30 45
30 16
30 48
30 58
31 5
31 6
31 69
31 9
31 11
31 15
31 49
31 19
31 20
31 54
31 55
31 26
26 2
26 36
26 5
26 6
26 11
26 43
26 44
26 45
26 49
26 20
26 55
26 29
26 31
5 2
5 36
5 11
5 43
5 44
5 45
5 15
5 20
5 54
5 55
5 26
5 29
5 31
10 1
10 35
10 4
10 37
10 21
10 25
39 66
39 67
39 7
39 41
39 45
39 15
39 48
39 20
39 54
39 30
62 34
62 2
62 4
62 36
62 43
62 44
62 13
62 46
62 29
2 36
2 5
2 41
2 11
2 43
2 44
2 45
2 26
2 29
2 62
32 64
32 67
32 38
32 41
32 12
32 16
32 48
32 50
32 56
32 58
32 59
32 30
20 5
20 6
20 39
20 69
20 11
20 45
20 15
20 54
20 55
20 26
20 31
61 64
61 14
61 18
61 50
61 23
61 56
61 59
59 32
59 64
59 38
59 12
59 16
59 18
59 50
59 52
59 23
59 56
59 61
54 67
54 5
54 7
54 39
54 41
54 11
54 45
54 15
54 20
54 31
57 21
4 1
4 35
4 10
4 46
4 25
4 62
36 2
36 5
36 11
36 43
36 13
36 44
36 45
36 55
36 26
36 29
36 62
37 1
37 10
37 28
37 25
46 4
46 62
51 68
51 70
51 40
51 22
51 24
