1 1 -1
1 2 17
1 3 17
1 4 16
1 5 2
1 6 12
1 7 12
1 8 5
1 9 3
1 10 23
1 11 16
1 12 14
1 13 22
1 14 5
1 15 3
1 16 9
1 17 18
1 18 11
1 19 8
1 20 12
1 21 4
2 1 17
2 2 -1
2 3 12
2 4 17
2 5 15
2 6 6
2 7 9
2 8 11
2 9 19
2 10 8
2 11 7
2 12 9
2 13 10
2 14 13
2 15 13
2 16 11
2 17 2
2 18 15
2 19 13
2 20 10
2 21 14
3 1 17
3 2 12
3 3 -1
3 4 6
3 5 16
3 6 8
3 7 5
3 8 13
3 9 18
3 10 11
3 11 5
3 12 3
3 13 8
3 14 11
3 15 14
3 16 7
3 17 10
3 18 7
3 19 8
3 20 5
3 21 13
4 1 16
4 2 17
4 3 6
4 4 -1
4 5 16
4 6 12
4 7 7
4 8 13
4 9 16
4 10 17
4 11 10
4 12 7
4 13 14
4 14 11
4 15 14
4 16 8
4 17 16
4 18 5
4 19 8
4 20 7
4 21 12
5 1 2
5 2 15
5 3 16
5 4 16
5 5 -1
5 6 10
5 7 11
5 8 4
5 9 5
5 10 21
5 11 15
5 12 13
5 13 21
5 14 5
5 15 2
5 16 9
5 17 16
5 18 11
5 19 8
5 20 11
5 21 4
6 1 12
6 2 6
6 3 8
6 4 12
6 5 10
6 6 -1
6 7 4
6 8 6
6 9 14
6 10 11
6 11 5
6 12 5
6 13 11
6 14 7
6 15 8
6 16 5
6 17 6
6 18 9
6 19 7
6 20 5
6 21 8
7 1 12
7 2 9
7 3 5
7 4 7
7 5 11
7 6 4
7 7 -1
7 8 8
7 9 14
7 10 12
7 11 4
7 12 2
7 13 10
7 14 7
7 15 9
7 16 2
7 17 9
7 18 6
7 19 5
7 20 1
7 21 8
8 1 5
8 2 11
8 3 13
8 4 13
8 5 4
8 6 6
8 7 8
8 8 -1
8 9 8
8 10 17
8 11 11
8 12 10
8 13 17
8 14 3
8 15 2
8 16 6
8 17 12
8 18 9
8 19 5
8 20 8
8 21 4
9 1 3
9 2 19
9 3 18
9 4 16
9 5 5
9 6 14
9 7 14
9 8 8
9 9 -1
9 10 25
9 11 18
9 12 16
9 13 24
9 14 7
9 15 6
9 16 11
9 17 20
9 18 11
9 19 9
9 20 13
9 21 5
10 1 23
10 2 8
10 3 11
10 4 17
10 5 21
10 6 11
10 7 12
10 8 17
10 9 25
10 10 -1
10 11 7
10 12 10
10 13 3
10 14 18
10 15 19
10 16 14
10 17 6
10 18 17
10 19 17
10 20 13
10 21 20
11 1 16
11 2 7
11 3 5
11 4 10
11 5 15
11 6 5
11 7 4
11 8 11
11 9 18
11 10 7
11 11 -1
11 12 3
11 13 6
11 14 11
11 15 13
11 16 7
11 17 5
11 18 10
11 19 9
11 20 5
11 21 12
12 1 14
12 2 9
12 3 3
12 4 7
12 5 13
12 6 5
12 7 2
12 8 10
12 9 16
12 10 10
12 11 3
12 12 -1
12 13 8
12 14 9
12 15 11
12 16 5
12 17 8
12 18 7
12 19 7
12 20 2
12 21 10
13 1 22
13 2 10
13 3 8
13 4 14
13 5 21
13 6 11
13 7 10
13 8 17
13 9 24
13 10 3
13 11 6
13 12 8
13 13 -1
13 14 17
13 15 19
13 16 13
13 17 8
13 18 15
13 19 15
13 20 11
13 21 19
14 1 5
14 2 13
14 3 11
14 4 11
14 5 5
14 6 7
14 7 7
14 8 3
14 9 7
14 10 18
14 11 11
14 12 9
14 13 17
14 14 -1
14 15 3
14 16 4
14 17 13
14 18 6
14 19 3
14 20 6
14 21 1
15 1 3
15 2 13
15 3 14
15 4 14
15 5 2
15 6 8
15 7 9
15 8 2
15 9 6
15 10 19
15 11 13
15 12 11
15 13 19
15 14 3
15 15 -1
15 16 7
15 17 14
15 18 9
15 19 6
15 20 9
15 21 2
16 1 9
16 2 11
16 3 7
16 4 8
16 5 9
16 6 5
16 7 2
16 8 6
16 9 11
16 10 14
16 11 7
16 12 5
16 13 13
16 14 4
16 15 7
16 16 -1
16 17 11
16 18 4
16 19 2
16 20 2
16 21 5
17 1 18
17 2 2
17 3 10
17 4 16
17 5 16
17 6 6
17 7 9
17 8 12
17 9 20
17 10 6
17 11 5
17 12 8
17 13 8
17 14 13
17 15 14
17 16 11
17 17 -1
17 18 15
17 19 13
17 20 10
17 21 15
18 1 11
18 2 15
18 3 7
18 4 5
18 5 11
18 6 9
18 7 6
18 8 9
18 9 11
18 10 17
18 11 10
18 12 7
18 13 15
18 14 6
18 15 9
18 16 4
18 17 15
18 18 -1
18 19 3
18 20 5
18 21 7
19 1 8
19 2 13
19 3 8
19 4 8
19 5 8
19 6 7
19 7 5
19 8 5
19 9 9
19 10 17
19 11 9
19 12 7
19 13 15
19 14 3
19 15 6
19 16 2
19 17 13
19 18 3
19 19 -1
19 20 4
19 21 4
20 1 12
20 2 10
20 3 5
20 4 7
20 5 11
20 6 5
20 7 1
20 8 8
20 9 13
20 10 13
20 11 5
20 12 2
20 13 11
20 14 6
20 15 9
20 16 2
20 17 10
20 18 5
20 19 4
20 20 -1
20 21 8
21 1 4
21 2 14
21 3 13
21 4 12
21 5 4
21 6 8
21 7 8
21 8 4
21 9 5
21 10 20
21 11 12
21 12 10
21 13 19
21 14 1
21 15 2
21 16 5
21 17 15
21 18 7
21 19 4
21 20 8
21 21 -1
