1 1 28
1 2 86
1 3 29
1 4 24
1 5 20
1 6 71
1 7 92
1 8 34
1 9 44
1 10 52
1 11 97
1 12 85
1 13 20
1 14 1
1 15 15
1 16 97
1 17 32
1 18 37
1 19 40
1 20 96
1 21 44
1 22 52
1 23 67
1 24 85
1 25 68
1 26 72
1 27 20
1 28 93
1 29 48
1 30 45
1 31 64
1 32 57
1 33 78
1 34 27
1 35 7
1 36 14
1 37 92
1 38 26
1 39 79
1 40 18
1 41 41
1 42 53
1 43 50
1 44 5
1 45 89
1 46 39
1 47 11
1 48 78
1 49 13
1 50 3
1 51 2
1 52 94
1 53 15
1 54 27
1 55 42
1 56 50
1 57 12
1 58 81
1 59 76
1 60 83
1 61 98
1 62 63
1 63 75
1 64 29
1 65 49
1 66 29
1 67 48
1 68 91
1 69 24
1 70 72
1 71 31
1 72 6
1 73 59
1 74 35
1 75 36
1 76 21
1 77 53
1 78 94
1 79 38
1 80 13
2 1 56
2 2 26
2 3 68
2 4 28
2 5 38
2 6 100
2 7 54
2 8 45
2 9 21
2 10 38
2 11 45
2 12 77
2 13 55
2 14 82
2 15 74
2 16 47
2 17 38
2 18 23
2 19 46
2 20 34
2 21 12
2 22 34
2 23 58
2 24 24
2 25 82
2 26 92
2 27 9
2 28 13
2 29 18
2 30 75
2 31 49
2 32 2
2 33 28
2 34 44
2 35 31
2 36 3
2 37 26
2 38 3
2 39 80
2 40 90
2 41 29
2 42 60
2 43 61
2 44 83
2 45 17
2 46 36
2 47 33
2 48 16
2 49 61
2 50 100
2 51 49
2 52 57
2 53 35
2 54 54
2 55 56
2 56 82
2 57 28
2 58 73
2 59 94
2 60 62
2 61 65
2 62 23
2 63 93
2 64 54
2 65 72
2 66 99
2 67 80
2 68 41
2 69 10
2 70 46
2 71 70
2 72 92
2 73 12
2 74 82
2 75 48
2 76 80
2 77 82
2 78 23
2 79 40
2 80 11
3 1 19
3 2 83
3 3 75
3 4 37
3 5 93
3 6 70
3 7 29
3 8 20
3 9 75
3 10 7
3 11 1
3 12 37
3 13 46
3 14 94
3 15 72
3 16 63
3 17 39
3 18 11
3 19 86
3 20 2
3 21 39
3 22 67
3 23 20
3 24 73
3 25 43
3 26 48
3 27 57
3 28 56
3 29 26
3 30 42
3 31 27
3 32 41
3 33 2
3 34 2
3 35 50
3 36 45
3 37 39
3 38 71
3 39 1
3 40 70
3 41 90
3 42 75
3 43 80
3 44 79
3 45 95
3 46 51
3 47 88
3 48 98
3 49 46
3 50 3
3 51 3
3 52 37
3 53 86
3 54 36
3 55 29
3 56 55
3 57 78
3 58 9
3 59 60
3 60 44
3 61 69
3 62 65
3 63 97
3 64 1
3 65 38
3 66 18
3 67 16
3 68 24
3 69 97
3 70 67
3 71 26
3 72 84
3 73 19
3 74 14
3 75 86
3 76 73
3 77 75
3 78 36
3 79 76
3 80 69
4 1 55
4 2 61
4 3 50
4 4 95
4 5 41
4 6 87
4 7 27
4 8 52
4 9 48
4 10 37
4 11 52
4 12 63
4 13 26
4 14 75
4 15 20
4 16 85
4 17 4
4 18 88
4 19 74
4 20 1
4 21 90
4 22 46
4 23 1
4 24 30
4 25 9
4 26 85
4 27 51
4 28 83
4 29 18
4 30 86
4 31 41
4 32 48
4 33 13
4 34 32
4 35 63
4 36 91
4 37 33
4 38 39
4 39 62
4 40 26
4 41 99
4 42 47
4 43 4
4 44 24
4 45 81
4 46 91
4 47 11
4 48 9
4 49 70
4 50 25
4 51 68
4 52 80
4 53 69
4 54 68
4 55 23
4 56 79
4 57 76
4 58 41
4 59 90
4 60 44
4 61 83
4 62 41
4 63 30
4 64 15
4 65 77
4 66 11
4 67 17
4 68 4
4 69 15
4 70 51
4 71 9
4 72 6
4 73 25
4 74 21
4 75 59
4 76 16
4 77 97
4 78 29
4 79 91
4 80 98
5 1 54
5 2 72
5 3 80
5 4 24
5 5 84
5 6 18
5 7 100
5 8 74
5 9 97
5 10 54
5 11 74
5 12 6
5 13 68
5 14 77
5 15 64
5 16 33
5 17 46
5 18 29
5 19 70
5 20 11
5 21 83
5 22 15
5 23 79
5 24 65
5 25 78
5 26 81
5 27 56
5 28 2
5 29 32
5 30 5
5 31 15
5 32 16
5 33 10
5 34 87
5 35 45
5 36 41
5 37 44
5 38 71
5 39 49
5 40 38
5 41 53
5 42 9
5 43 90
5 44 17
5 45 12
5 46 2
5 47 65
5 48 93
5 49 28
5 50 14
5 51 43
5 52 8
5 53 46
5 54 65
5 55 20
5 56 32
5 57 41
5 58 14
5 59 49
5 60 18
5 61 5
5 62 87
5 63 100
5 64 54
5 65 40
5 66 21
5 67 76
5 68 67
5 69 76
5 70 33
5 71 62
5 72 31
5 73 33
5 74 69
5 75 12
5 76 96
5 77 6
5 78 52
5 79 69
5 80 92
6 1 2
6 2 28
6 3 20
6 4 46
6 5 30
6 6 88
6 7 60
6 8 4
6 9 18
6 10 5
6 11 22
6 12 100
6 13 67
6 14 57
6 15 82
6 16 79
6 17 89
6 18 53
6 19 49
6 20 9
6 21 65
6 22 60
6 23 68
6 24 50
6 25 82
6 26 2
6 27 27
6 28 63
6 29 26
6 30 81
6 31 37
6 32 71
6 33 99
6 34 62
6 35 94
6 36 2
6 37 51
6 38 1
6 39 89
6 40 7
6 41 9
6 42 57
6 43 42
6 44 76
6 45 94
6 46 22
6 47 31
6 48 75
6 49 30
6 50 71
6 51 36
6 52 85
6 53 42
6 54 37
6 55 87
6 56 47
6 57 75
6 58 60
6 59 100
6 60 43
6 61 73
6 62 78
6 63 87
6 64 29
6 65 51
6 66 39
6 67 10
6 68 4
6 69 21
6 70 29
6 71 70
6 72 59
6 73 65
6 74 91
6 75 64
6 76 36
6 77 7
6 78 27
6 79 29
6 80 12
7 1 94
7 2 28
7 3 21
7 4 93
7 5 49
7 6 95
7 7 77
7 8 34
7 9 75
7 10 7
7 11 99
7 12 24
7 13 53
7 14 83
7 15 58
7 16 78
7 17 91
7 18 94
7 19 60
7 20 83
7 21 13
7 22 71
7 23 15
7 24 70
7 25 95
7 26 1
7 27 44
7 28 63
7 29 21
7 30 27
7 31 38
7 32 60
7 33 40
7 34 22
7 35 77
7 36 72
7 37 88
7 38 42
7 39 75
7 40 17
7 41 26
7 42 57
7 43 94
7 44 54
7 45 43
7 46 81
7 47 14
7 48 38
7 49 8
7 50 68
7 51 82
7 52 90
7 53 61
7 54 35
7 55 8
7 56 4
7 57 85
7 58 7
7 59 69
7 60 45
7 61 45
7 62 5
7 63 62
7 64 20
7 65 62
7 66 41
7 67 8
7 68 43
7 69 13
7 70 32
7 71 63
7 72 72
7 73 8
7 74 10
7 75 28
7 76 74
7 77 12
7 78 28
7 79 54
7 80 15
8 1 16
8 2 34
8 3 9
8 4 81
8 5 18
8 6 92
8 7 91
8 8 48
8 9 43
8 10 48
8 11 99
8 12 43
8 13 100
8 14 99
8 15 9
8 16 78
8 17 78
8 18 24
8 19 7
8 20 47
8 21 42
8 22 24
8 23 3
8 24 8
8 25 71
8 26 92
8 27 86
8 28 7
8 29 48
8 30 93
8 31 67
8 32 5
8 33 41
8 34 74
8 35 70
8 36 41
8 37 23
8 38 42
8 39 69
8 40 48
8 41 2
8 42 59
8 43 59
8 44 10
8 45 28
8 46 19
8 47 10
8 48 28
8 49 6
8 50 93
8 51 24
8 52 24
8 53 21
8 54 11
8 55 77
8 56 97
8 57 93
8 58 38
8 59 93
8 60 38
8 61 42
8 62 76
8 63 52
8 64 86
8 65 83
8 66 93
8 67 49
8 68 34
8 69 65
8 70 84
8 71 51
8 72 17
8 73 54
8 74 93
8 75 33
8 76 13
8 77 98
8 78 91
8 79 31
8 80 25
9 1 99
9 2 94
9 3 6
9 4 23
9 5 100
9 6 69
9 7 15
9 8 67
9 9 52
9 10 59
9 11 91
9 12 79
9 13 68
9 14 47
9 15 80
9 16 48
9 17 11
9 18 13
9 19 16
9 20 53
9 21 8
9 22 39
9 23 54
9 24 49
9 25 67
9 26 75
9 27 61
9 28 18
9 29 6
9 30 79
9 31 76
9 32 10
9 33 45
9 34 49
9 35 29
9 36 82
9 37 89
9 38 1
9 39 77
9 40 79
9 41 8
9 42 80
9 43 72
9 44 6
9 45 81
9 46 21
9 47 81
9 48 44
9 49 4
9 50 20
9 51 78
9 52 95
9 53 25
9 54 33
9 55 35
9 56 45
9 57 71
9 58 76
9 59 70
9 60 23
9 61 73
9 62 49
9 63 73
9 64 55
9 65 62
9 66 99
9 67 37
9 68 20
9 69 33
9 70 54
9 71 5
9 72 56
9 73 93
9 74 96
9 75 3
9 76 97
9 77 61
9 78 51
9 79 45
9 80 23
10 1 98
10 2 21
10 3 59
10 4 72
10 5 20
10 6 64
10 7 13
10 8 58
10 9 90
10 10 52
10 11 60
10 12 88
10 13 99
10 14 68
10 15 82
10 16 58
10 17 34
10 18 74
10 19 12
10 20 57
10 21 11
10 22 14
10 23 46
10 24 64
10 25 26
10 26 31
10 27 89
10 28 9
10 29 72
10 30 4
10 31 17
10 32 53
10 33 39
10 34 7
10 35 92
10 36 48
10 37 74
10 38 74
10 39 91
10 40 6
10 41 2
10 42 40
10 43 36
10 44 70
10 45 18
10 46 26
10 47 36
10 48 78
10 49 1
10 50 99
10 51 35
10 52 44
10 53 68
10 54 75
10 55 28
10 56 16
10 57 38
10 58 71
10 59 51
10 60 81
10 61 41
10 62 61
10 63 68
10 64 15
10 65 90
10 66 98
10 67 96
10 68 29
10 69 58
10 70 49
10 71 20
10 72 86
10 73 12
10 74 43
10 75 73
10 76 64
10 77 14
10 78 56
10 79 69
10 80 97
11 1 94
11 2 72
11 3 77
11 4 41
11 5 6
11 6 14
11 7 31
11 8 68
11 9 87
11 10 17
11 11 61
11 12 30
11 13 1
11 14 36
11 15 89
11 16 29
11 17 81
11 18 27
11 19 82
11 20 92
11 21 61
11 22 94
11 23 3
11 24 17
11 25 6
11 26 21
11 27 19
11 28 59
11 29 4
11 30 24
11 31 27
11 32 79
11 33 22
11 34 4
11 35 61
11 36 84
11 37 65
11 38 39
11 39 25
11 40 70
11 41 13
11 42 61
11 43 51
11 44 8
11 45 14
11 46 2
11 47 99
11 48 58
11 49 35
11 50 39
11 51 16
11 52 90
11 53 59
11 54 15
11 55 97
11 56 11
11 57 96
11 58 65
11 59 15
11 60 88
11 61 22
11 62 84
11 63 10
11 64 34
11 65 96
11 66 45
11 67 43
11 68 37
11 69 61
11 70 9
11 71 13
11 72 20
11 73 100
11 74 37
11 75 1
11 76 14
11 77 44
11 78 18
11 79 40
11 80 34
12 1 77
12 2 3
12 3 6
12 4 10
12 5 70
12 6 92
12 7 97
12 8 70
12 9 41
12 10 67
12 11 86
12 12 17
12 13 94
12 14 98
12 15 63
12 16 32
12 17 23
12 18 18
12 19 40
12 20 5
12 21 81
12 22 69
12 23 40
12 24 11
12 25 76
12 26 36
12 27 5
12 28 7
12 29 70
12 30 53
12 31 54
12 32 24
12 33 56
12 34 79
12 35 70
12 36 59
12 37 71
12 38 25
12 39 47
12 40 83
12 41 28
12 42 16
12 43 70
12 44 74
12 45 16
12 46 63
12 47 94
12 48 53
12 49 6
12 50 49
12 51 55
12 52 19
12 53 75
12 54 55
12 55 5
12 56 36
12 57 73
12 58 94
12 59 22
12 60 40
12 61 78
12 62 29
12 63 52
12 64 19
12 65 84
12 66 13
12 67 62
12 68 45
12 69 53
12 70 38
12 71 49
12 72 5
12 73 94
12 74 15
12 75 72
12 76 5
12 77 67
12 78 55
12 79 67
12 80 11
13 1 75
13 2 14
13 3 76
13 4 63
13 5 12
13 6 98
13 7 3
13 8 15
13 9 97
13 10 97
13 11 41
13 12 44
13 13 23
13 14 59
13 15 32
13 16 40
13 17 37
13 18 29
13 19 4
13 20 15
13 21 85
13 22 95
13 23 94
13 24 70
13 25 26
13 26 35
13 27 38
13 28 60
13 29 11
13 30 93
13 31 14
13 32 58
13 33 20
13 34 12
13 35 38
13 36 82
13 37 54
13 38 81
13 39 56
13 40 69
13 41 39
13 42 82
13 43 18
13 44 93
13 45 51
13 46 71
13 47 96
13 48 87
13 49 16
13 50 89
13 51 84
13 52 96
13 53 34
13 54 28
13 55 63
13 56 92
13 57 64
13 58 72
13 59 25
13 60 46
13 61 83
13 62 90
13 63 75
13 64 51
13 65 95
13 66 71
13 67 56
13 68 70
13 69 72
13 70 80
13 71 92
13 72 55
13 73 39
13 74 18
13 75 62
13 76 34
13 77 75
13 78 39
13 79 63
13 80 9
14 1 90
14 2 7
14 3 81
14 4 34
14 5 18
14 6 59
14 7 79
14 8 65
14 9 17
14 10 89
14 11 39
14 12 45
14 13 27
14 14 1
14 15 37
14 16 10
14 17 63
14 18 98
14 19 15
14 20 3
14 21 91
14 22 69
14 23 53
14 24 80
14 25 31
14 26 54
14 27 42
14 28 33
14 29 64
14 30 47
14 31 72
14 32 65
14 33 14
14 34 83
14 35 11
14 36 35
14 37 65
14 38 53
14 39 81
14 40 1
14 41 4
14 42 83
14 43 51
14 44 1
14 45 50
14 46 46
14 47 88
14 48 29
14 49 15
14 50 94
14 51 78
14 52 59
14 53 73
14 54 44
14 55 46
14 56 41
14 57 19
14 58 32
14 59 13
14 60 7
14 61 22
14 62 86
14 63 72
14 64 84
14 65 79
14 66 95
14 67 10
14 68 96
14 69 49
14 70 27
14 71 74
14 72 98
14 73 48
14 74 79
14 75 95
14 76 29
14 77 3
14 78 74
14 79 81
14 80 98
15 1 41
15 2 40
15 3 11
15 4 80
15 5 35
15 6 73
15 7 57
15 8 54
15 9 33
15 10 54
15 11 13
15 12 36
15 13 97
15 14 50
15 15 42
15 16 31
15 17 6
15 18 76
15 19 55
15 20 26
15 21 9
15 22 46
15 23 45
15 24 58
15 25 56
15 26 84
15 27 97
15 28 36
15 29 33
15 30 67
15 31 69
15 32 96
15 33 59
15 34 18
15 35 47
15 36 72
15 37 73
15 38 17
15 39 70
15 40 4
15 41 8
15 42 85
15 43 18
15 44 93
15 45 68
15 46 11
15 47 51
15 48 25
15 49 46
15 50 33
15 51 90
15 52 82
15 53 83
15 54 49
15 55 30
15 56 55
15 57 85
15 58 58
15 59 89
15 60 71
15 61 50
15 62 75
15 63 86
15 64 36
15 65 85
15 66 70
15 67 35
15 68 94
15 69 10
15 70 50
15 71 88
15 72 9
15 73 31
15 74 55
15 75 4
15 76 94
15 77 100
15 78 7
15 79 59
15 80 22
16 1 52
16 2 83
16 3 16
16 4 100
16 5 47
16 6 89
16 7 44
16 8 50
16 9 73
16 10 91
16 11 13
16 12 10
16 13 17
16 14 9
16 15 87
16 16 31
16 17 33
16 18 40
16 19 98
16 20 18
16 21 66
16 22 66
16 23 94
16 24 40
16 25 13
16 26 62
16 27 51
16 28 59
16 29 46
16 30 6
16 31 50
16 32 39
16 33 53
16 34 37
16 35 95
16 36 92
16 37 57
16 38 69
16 39 63
16 40 61
16 41 50
16 42 93
16 43 23
16 44 56
16 45 73
16 46 81
16 47 16
16 48 88
16 49 23
16 50 92
16 51 19
16 52 31
16 53 62
16 54 55
16 55 49
16 56 3
16 57 26
16 58 66
16 59 29
16 60 17
16 61 51
16 62 61
16 63 9
16 64 29
16 65 39
16 66 14
16 67 93
16 68 30
16 69 93
16 70 36
16 71 94
16 72 42
16 73 96
16 74 96
16 75 93
16 76 53
16 77 48
16 78 21
16 79 27
16 80 9
17 1 25
17 2 90
17 3 98
17 4 92
17 5 1
17 6 86
17 7 44
17 8 97
17 9 56
17 10 77
17 11 81
17 12 70
17 13 32
17 14 72
17 15 76
17 16 90
17 17 86
17 18 35
17 19 8
17 20 79
17 21 48
17 22 54
17 23 53
17 24 40
17 25 22
17 26 7
17 27 77
17 28 96
17 29 6
17 30 54
17 31 71
17 32 100
17 33 99
17 34 50
17 35 59
17 36 83
17 37 9
17 38 7
17 39 11
17 40 53
17 41 59
17 42 76
17 43 83
17 44 13
17 45 54
17 46 65
17 47 64
17 48 100
17 49 77
17 50 33
17 51 46
17 52 35
17 53 24
17 54 48
17 55 53
17 56 44
17 57 98
17 58 61
17 59 59
17 60 53
17 61 90
17 62 32
17 63 67
17 64 67
17 65 98
17 66 88
17 67 75
17 68 94
17 69 35
17 70 54
17 71 43
17 72 64
17 73 48
17 74 95
17 75 42
17 76 29
17 77 91
17 78 1
17 79 2
17 80 33
18 1 59
18 2 19
18 3 47
18 4 43
18 5 78
18 6 99
18 7 26
18 8 24
18 9 80
18 10 45
18 11 4
18 12 13
18 13 63
18 14 82
18 15 58
18 16 26
18 17 67
18 18 76
18 19 94
18 20 82
18 21 2
18 22 57
18 23 78
18 24 88
18 25 60
18 26 66
18 27 95
18 28 46
18 29 88
18 30 89
18 31 42
18 32 19
18 33 71
18 34 65
18 35 57
18 36 92
18 37 100
18 38 13
18 39 84
18 40 32
18 41 52
18 42 39
18 43 33
18 44 45
18 45 76
18 46 98
18 47 35
18 48 33
18 49 75
18 50 12
18 51 86
18 52 7
18 53 48
18 54 74
18 55 23
18 56 68
18 57 65
18 58 100
18 59 84
18 60 29
18 61 17
18 62 32
18 63 63
18 64 88
18 65 79
18 66 61
18 67 88
18 68 16
18 69 73
18 70 82
18 71 99
18 72 90
18 73 78
18 74 64
18 75 8
18 76 4
18 77 82
18 78 90
18 79 49
18 80 17
19 1 90
19 2 82
19 3 8
19 4 80
19 5 79
19 6 34
19 7 31
19 8 78
19 9 76
19 10 26
19 11 67
19 12 33
19 13 36
19 14 1
19 15 69
19 16 15
19 17 86
19 18 80
19 19 43
19 20 28
19 21 21
19 22 79
19 23 79
19 24 75
19 25 78
19 26 56
19 27 58
19 28 75
19 29 67
19 30 63
19 31 66
19 32 90
19 33 40
19 34 61
19 35 49
19 36 80
19 37 55
19 38 99
19 39 67
19 40 46
19 41 72
19 42 36
19 43 84
19 44 7
19 45 91
19 46 24
19 47 12
19 48 51
19 49 70
19 50 76
19 51 25
19 52 94
19 53 71
19 54 2
19 55 38
19 56 99
19 57 81
19 58 67
19 59 77
19 60 72
19 61 15
19 62 27
19 63 56
19 64 28
19 65 73
19 66 65
19 67 42
19 68 64
19 69 53
19 70 96
19 71 54
19 72 36
19 73 52
19 74 60
19 75 74
19 76 32
19 77 45
19 78 16
19 79 45
19 80 62
20 1 35
20 2 60
20 3 62
20 4 52
20 5 33
20 6 67
20 7 96
20 8 56
20 9 4
20 10 74
20 11 45
20 12 31
20 13 85
20 14 33
20 15 8
20 16 77
20 17 27
20 18 39
20 19 82
20 20 11
20 21 51
20 22 41
20 23 53
20 24 51
20 25 91
20 26 85
20 27 88
20 28 28
20 29 51
20 30 54
20 31 18
20 32 55
20 33 44
20 34 92
20 35 86
20 36 16
20 37 41
20 38 70
20 39 86
20 40 7
20 41 2
20 42 43
20 43 10
20 44 30
20 45 36
20 46 32
20 47 65
20 48 81
20 49 78
20 50 11
20 51 66
20 52 57
20 53 75
20 54 77
20 55 83
20 56 16
20 57 25
20 58 89
20 59 78
20 60 10
20 61 67
20 62 80
20 63 5
20 64 48
20 65 73
20 66 13
20 67 95
20 68 52
20 69 56
20 70 59
20 71 86
20 72 35
20 73 16
20 74 96
20 75 63
20 76 98
20 77 98
20 78 72
20 79 94
20 80 45
21 1 97
21 2 19
21 3 15
21 4 47
21 5 91
21 6 62
21 7 44
21 8 49
21 9 66
21 10 2
21 11 80
21 12 77
21 13 50
21 14 28
21 15 94
21 16 18
21 17 39
21 18 31
21 19 88
21 20 49
21 21 30
21 22 51
21 23 20
21 24 95
21 25 70
21 26 54
21 27 60
21 28 8
21 29 42
21 30 13
21 31 100
21 32 20
21 33 46
21 34 53
21 35 64
21 36 50
21 37 6
21 38 68
21 39 23
21 40 68
21 41 18
21 42 60
21 43 3
21 44 25
21 45 99
21 46 81
21 47 32
21 48 26
21 49 25
21 50 16
21 51 61
21 52 44
21 53 41
21 54 51
21 55 95
21 56 2
21 57 23
21 58 56
21 59 82
21 60 50
21 61 10
21 62 92
21 63 92
21 64 93
21 65 35
21 66 61
21 67 94
21 68 13
21 69 73
21 70 41
21 71 11
21 72 85
21 73 91
21 74 95
21 75 22
21 76 9
21 77 60
21 78 29
21 79 76
21 80 19
22 1 83
22 2 36
22 3 73
22 4 19
22 5 64
22 6 1
22 7 22
22 8 63
22 9 11
22 10 27
22 11 65
22 12 99
22 13 50
22 14 15
22 15 83
22 16 54
22 17 84
22 18 39
22 19 92
22 20 6
22 21 66
22 22 78
22 23 32
22 24 27
22 25 33
22 26 21
22 27 22
22 28 50
22 29 53
22 30 58
22 31 67
22 32 45
22 33 92
22 34 57
22 35 10
22 36 6
22 37 7
22 38 68
22 39 58
22 40 70
22 41 43
22 42 79
22 43 27
22 44 68
22 45 64
22 46 82
22 47 7
22 48 81
22 49 68
22 50 63
22 51 79
22 52 98
22 53 45
22 54 87
22 55 56
22 56 4
22 57 97
22 58 46
22 59 30
22 60 78
22 61 82
22 62 72
22 63 46
22 64 50
22 65 67
22 66 24
22 67 68
22 68 17
22 69 7
22 70 4
22 71 34
22 72 22
22 73 25
22 74 37
22 75 18
22 76 71
22 77 26
22 78 42
22 79 79
22 80 26
23 1 20
23 2 56
23 3 8
23 4 43
23 5 67
23 6 49
23 7 92
23 8 49
23 9 54
23 10 90
23 11 23
23 12 41
23 13 81
23 14 85
23 15 87
23 16 7
23 17 24
23 18 98
23 19 52
23 20 23
23 21 66
23 22 91
23 23 11
23 24 70
23 25 25
23 26 40
23 27 86
23 28 45
23 29 89
23 30 63
23 31 75
23 32 20
23 33 81
23 34 96
23 35 98
23 36 61
23 37 1
23 38 35
23 39 29
23 40 56
23 41 23
23 42 8
23 43 94
23 44 55
23 45 22
23 46 46
23 47 39
23 48 84
23 49 53
23 50 30
23 51 67
23 52 37
23 53 87
23 54 40
23 55 17
23 56 47
23 57 20
23 58 7
23 59 65
23 60 83
23 61 17
23 62 86
23 63 91
23 64 44
23 65 73
23 66 52
23 67 25
23 68 27
23 69 48
23 70 25
23 71 48
23 72 61
23 73 64
23 74 95
23 75 29
23 76 7
23 77 55
23 78 24
23 79 10
23 80 30
24 1 90
24 2 97
24 3 34
24 4 54
24 5 59
24 6 51
24 7 16
24 8 15
24 9 24
24 10 61
24 11 96
24 12 52
24 13 48
24 14 11
24 15 87
24 16 1
24 17 12
24 18 11
24 19 49
24 20 52
24 21 19
24 22 98
24 23 45
24 24 100
24 25 51
24 26 60
24 27 100
24 28 49
24 29 99
24 30 36
24 31 63
24 32 74
24 33 66
24 34 73
24 35 89
24 36 26
24 37 2
24 38 62
24 39 14
24 40 29
24 41 64
24 42 44
24 43 1
24 44 55
24 45 39
24 46 53
24 47 88
24 48 41
24 49 27
24 50 78
24 51 44
24 52 65
24 53 2
24 54 97
24 55 91
24 56 4
24 57 15
24 58 48
24 59 5
24 60 36
24 61 67
24 62 12
24 63 51
24 64 53
24 65 8
24 66 3
24 67 72
24 68 18
24 69 71
24 70 59
24 71 8
24 72 65
24 73 98
24 74 83
24 75 42
24 76 72
24 77 85
24 78 34
24 79 48
24 80 39
25 1 29
25 2 84
25 3 39
25 4 58
25 5 82
25 6 13
25 7 86
25 8 14
25 9 10
25 10 72
25 11 4
25 12 62
25 13 8
25 14 36
25 15 62
25 16 61
25 17 32
25 18 54
25 19 31
25 20 98
25 21 41
25 22 94
25 23 13
25 24 9
25 25 60
25 26 68
25 27 24
25 28 8
25 29 58
25 30 77
25 31 69
25 32 55
25 33 38
25 34 28
25 35 85
25 36 47
25 37 52
25 38 94
25 39 43
25 40 42
25 41 23
25 42 52
25 43 7
25 44 29
25 45 28
25 46 44
25 47 98
25 48 42
25 49 10
25 50 73
25 51 85
25 52 39
25 53 33
25 54 66
25 55 70
25 56 22
25 57 89
25 58 71
25 59 13
25 60 45
25 61 2
25 62 41
25 63 31
25 64 14
25 65 93
25 66 91
25 67 29
25 68 25
25 69 6
25 70 8
25 71 32
25 72 34
25 73 81
25 74 91
25 75 6
25 76 40
25 77 35
25 78 14
25 79 47
25 80 57
26 1 7
26 2 74
26 3 87
26 4 41
26 5 63
26 6 45
26 7 89
26 8 49
26 9 85
26 10 86
26 11 81
26 12 45
26 13 46
26 14 6
26 15 4
26 16 30
26 17 52
26 18 18
26 19 16
26 20 86
26 21 84
26 22 12
26 23 88
26 24 13
26 25 95
26 26 93
26 27 51
26 28 36
26 29 40
26 30 84
26 31 96
26 32 66
26 33 6
26 34 96
26 35 38
26 36 11
26 37 38
26 38 19
26 39 53
26 40 47
26 41 53
26 42 72
26 43 35
26 44 56
26 45 70
26 46 46
26 47 56
26 48 77
26 49 74
26 50 73
26 51 57
26 52 31
26 53 30
26 54 88
26 55 77
26 56 61
26 57 34
26 58 65
26 59 30
26 60 54
26 61 24
26 62 3
26 63 16
26 64 81
26 65 29
26 66 83
26 67 90
26 68 60
26 69 55
26 70 48
26 71 3
26 72 66
26 73 84
26 74 43
26 75 77
26 76 39
26 77 14
26 78 82
26 79 35
26 80 27
27 1 62
27 2 68
27 3 72
27 4 94
27 5 55
27 6 32
27 7 33
27 8 95
27 9 22
27 10 21
27 11 10
27 12 65
27 13 40
27 14 36
27 15 4
27 16 70
27 17 20
27 18 84
27 19 34
27 20 66
27 21 4
27 22 46
27 23 71
27 24 47
27 25 93
27 26 81
27 27 68
27 28 70
27 29 66
27 30 51
27 31 94
27 32 67
27 33 54
27 34 4
27 35 43
27 36 15
27 37 11
27 38 50
27 39 86
27 40 54
27 41 96
27 42 51
27 43 46
27 44 63
27 45 84
27 46 89
27 47 43
27 48 20
27 49 58
27 50 64
27 51 40
27 52 75
27 53 56
27 54 87
27 55 99
27 56 17
27 57 2
27 58 31
27 59 84
27 60 62
27 61 8
27 62 38
27 63 70
27 64 65
27 65 52
27 66 64
27 67 7
27 68 37
27 69 71
27 70 26
27 71 40
27 72 1
27 73 80
27 74 36
27 75 40
27 76 4
27 77 47
27 78 96
27 79 18
27 80 62
28 1 66
28 2 20
28 3 8
28 4 56
28 5 36
28 6 86
28 7 23
28 8 57
28 9 68
28 10 58
28 11 3
28 12 98
28 13 75
28 14 5
28 15 66
28 16 92
28 17 40
28 18 47
28 19 20
28 20 58
28 21 18
28 22 84
28 23 3
28 24 76
28 25 41
28 26 63
28 27 76
28 28 53
28 29 75
28 30 13
28 31 17
28 32 9
28 33 61
28 34 67
28 35 99
28 36 64
28 37 18
28 38 26
28 39 64
28 40 78
28 41 30
28 42 84
28 43 56
28 44 39
28 45 82
28 46 86
28 47 88
28 48 16
28 49 76
28 50 87
28 51 33
28 52 71
28 53 15
28 54 24
28 55 37
28 56 67
28 57 100
28 58 54
28 59 25
28 60 59
28 61 8
28 62 77
28 63 70
28 64 100
28 65 73
28 66 31
28 67 94
28 68 39
28 69 83
28 70 10
28 71 76
28 72 80
28 73 39
28 74 90
28 75 89
28 76 11
28 77 76
28 78 74
28 79 56
28 80 52
29 1 100
29 2 92
29 3 6
29 4 23
29 5 58
29 6 70
29 7 79
29 8 24
29 9 64
29 10 22
29 11 60
29 12 6
29 13 39
29 14 42
29 15 19
29 16 60
29 17 82
29 18 35
29 19 81
29 20 43
29 21 68
29 22 63
29 23 69
29 24 87
29 25 71
29 26 10
29 27 47
29 28 52
29 29 2
29 30 59
29 31 16
29 32 10
29 33 4
29 34 99
29 35 13
29 36 77
29 37 22
29 38 38
29 39 29
29 40 24
29 41 61
29 42 72
29 43 26
29 44 41
29 45 83
29 46 73
29 47 11
29 48 87
29 49 61
29 50 46
29 51 6
29 52 59
29 53 62
29 54 88
29 55 97
29 56 86
29 57 37
29 58 33
29 59 55
29 60 68
29 61 56
29 62 91
29 63 79
29 64 81
29 65 34
29 66 48
29 67 67
29 68 41
29 69 55
29 70 86
29 71 12
29 72 7
29 73 36
29 74 71
29 75 30
29 76 73
29 77 11
29 78 49
29 79 39
29 80 43
30 1 68
30 2 88
30 3 48
30 4 66
30 5 2
30 6 37
30 7 92
30 8 86
30 9 21
30 10 26
30 11 50
30 12 28
30 13 71
30 14 36
30 15 52
30 16 87
30 17 13
30 18 97
30 19 90
30 20 79
30 21 22
30 22 44
30 23 25
30 24 19
30 25 61
30 26 8
30 27 50
30 28 85
30 29 71
30 30 98
30 31 64
30 32 96
30 33 47
30 34 44
30 35 45
30 36 86
30 37 91
30 38 84
30 39 23
30 40 34
30 41 75
30 42 90
30 43 76
30 44 20
30 45 10
30 46 24
30 47 76
30 48 52
30 49 1
30 50 2
30 51 46
30 52 58
30 53 1
30 54 94
30 55 59
30 56 52
30 57 6
30 58 13
30 59 56
30 60 81
30 61 99
30 62 28
30 63 29
30 64 74
30 65 50
30 66 41
30 67 32
30 68 30
30 69 80
30 70 47
30 71 28
30 72 22
30 73 62
30 74 55
30 75 88
30 76 21
30 77 44
30 78 8
30 79 25
30 80 21
31 1 49
31 2 15
31 3 35
31 4 84
31 5 61
31 6 91
31 7 94
31 8 66
31 9 99
31 10 31
31 11 96
31 12 12
31 13 94
31 14 57
31 15 13
31 16 6
31 17 81
31 18 63
31 19 38
31 20 79
31 21 3
31 22 20
31 23 37
31 24 9
31 25 55
31 26 33
31 27 62
31 28 75
31 29 20
31 30 43
31 31 42
31 32 30
31 33 30
31 34 57
31 35 89
31 36 91
31 37 67
31 38 36
31 39 89
31 40 36
31 41 43
31 42 87
31 43 33
31 44 3
31 45 65
31 46 18
31 47 9
31 48 18
31 49 39
31 50 29
31 51 25
31 52 6
31 53 1
31 54 45
31 55 25
31 56 96
31 57 72
31 58 94
31 59 58
31 60 28
31 61 66
31 62 26
31 63 20
31 64 80
31 65 99
31 66 49
31 67 54
31 68 89
31 69 11
31 70 74
31 71 17
31 72 35
31 73 18
31 74 28
31 75 47
31 76 14
31 77 3
31 78 31
31 79 56
31 80 46
32 1 24
32 2 3
32 3 48
32 4 2
32 5 22
32 6 20
32 7 63
32 8 71
32 9 97
32 10 91
32 11 71
32 12 21
32 13 41
32 14 88
32 15 31
32 16 55
32 17 15
32 18 92
32 19 47
32 20 15
32 21 100
32 22 47
32 23 32
32 24 100
32 25 97
32 26 63
32 27 55
32 28 98
32 29 30
32 30 27
32 31 56
32 32 1
32 33 56
32 34 97
32 35 6
32 36 97
32 37 57
32 38 61
32 39 40
32 40 77
32 41 43
32 42 61
32 43 18
32 44 55
32 45 54
32 46 2
32 47 70
32 48 31
32 49 68
32 50 42
32 51 2
32 52 19
32 53 87
32 54 20
32 55 55
32 56 29
32 57 24
32 58 45
32 59 37
32 60 12
32 61 9
32 62 88
32 63 55
32 64 47
32 65 82
32 66 21
32 67 54
32 68 2
32 69 69
32 70 7
32 71 99
32 72 89
32 73 80
32 74 11
32 75 59
32 76 90
32 77 82
32 78 91
32 79 93
32 80 77
33 1 24
33 2 8
33 3 5
33 4 26
33 5 58
33 6 33
33 7 78
33 8 55
33 9 33
33 10 36
33 11 18
33 12 5
33 13 4
33 14 93
33 15 55
33 16 37
33 17 91
33 18 53
33 19 19
33 20 17
33 21 68
33 22 48
33 23 16
33 24 47
33 25 26
33 26 94
33 27 10
33 28 62
33 29 26
33 30 61
33 31 66
33 32 37
33 33 51
33 34 39
33 35 12
33 36 20
33 37 88
33 38 4
33 39 43
33 40 55
33 41 14
33 42 60
33 43 12
33 44 10
33 45 55
33 46 47
33 47 33
33 48 41
33 49 68
33 50 62
33 51 83
33 52 18
33 53 4
33 54 72
33 55 34
33 56 17
33 57 6
33 58 88
33 59 14
33 60 91
33 61 9
33 62 92
33 63 62
33 64 92
33 65 23
33 66 1
33 67 83
33 68 29
33 69 55
33 70 99
33 71 27
33 72 16
33 73 63
33 74 10
33 75 8
33 76 20
33 77 53
33 78 12
33 79 82
33 80 8
34 1 36
34 2 69
34 3 11
34 4 90
34 5 10
34 6 88
34 7 34
34 8 18
34 9 41
34 10 38
34 11 86
34 12 35
34 13 63
34 14 78
34 15 66
34 16 78
34 17 42
34 18 62
34 19 87
34 20 80
34 21 40
34 22 17
34 23 45
34 24 100
34 25 41
34 26 89
34 27 51
34 28 3
34 29 60
34 30 26
34 31 46
34 32 16
34 33 43
34 34 56
34 35 90
34 36 16
34 37 31
34 38 4
34 39 19
34 40 3
34 41 80
34 42 14
34 43 92
34 44 16
34 45 2
34 46 17
34 47 4
34 48 91
34 49 72
34 50 28
34 51 14
34 52 28
34 53 71
34 54 38
34 55 21
34 56 38
34 57 89
34 58 50
34 59 66
34 60 19
34 61 19
34 62 25
34 63 29
34 64 70
34 65 70
34 66 21
34 67 46
34 68 99
34 69 53
34 70 60
34 71 76
34 72 32
34 73 78
34 74 35
34 75 97
34 76 47
34 77 46
34 78 18
34 79 45
34 80 85
35 1 31
35 2 14
35 3 99
35 4 89
35 5 24
35 6 49
35 7 29
35 8 29
35 9 43
35 10 35
35 11 14
35 12 60
35 13 80
35 14 2
35 15 2
35 16 36
35 17 91
35 18 12
35 19 5
35 20 77
35 21 26
35 22 47
35 23 89
35 24 87
35 25 89
35 26 55
35 27 61
35 28 19
35 29 10
35 30 65
35 31 55
35 32 10
35 33 72
35 34 14
35 35 1
35 36 76
35 37 66
35 38 17
35 39 89
35 40 48
35 41 82
35 42 100
35 43 38
35 44 20
35 45 9
35 46 1
35 47 88
35 48 18
35 49 64
35 50 58
35 51 27
35 52 55
35 53 35
35 54 72
35 55 82
35 56 95
35 57 41
35 58 7
35 59 75
35 60 57
35 61 100
35 62 10
35 63 34
35 64 87
35 65 63
35 66 94
35 67 40
35 68 40
35 69 78
35 70 78
35 71 57
35 72 91
35 73 95
35 74 49
35 75 28
35 76 46
35 77 70
35 78 58
35 79 97
35 80 76
36 1 55
36 2 14
36 3 85
36 4 62
36 5 13
36 6 99
36 7 52
36 8 85
36 9 45
36 10 98
36 11 53
36 12 12
36 13 91
36 14 64
36 15 70
36 16 80
36 17 75
36 18 13
36 19 34
36 20 27
36 21 85
36 22 33
36 23 6
36 24 34
36 25 55
36 26 79
36 27 51
36 28 96
36 29 84
36 30 19
36 31 24
36 32 74
36 33 42
36 34 79
36 35 68
36 36 69
36 37 61
36 38 47
36 39 74
36 40 58
36 41 53
36 42 87
36 43 91
36 44 35
36 45 76
36 46 19
36 47 56
36 48 8
36 49 18
36 50 55
36 51 70
36 52 55
36 53 53
36 54 90
36 55 98
36 56 74
36 57 63
36 58 53
36 59 26
36 60 7
36 61 45
36 62 39
36 63 83
36 64 45
36 65 41
36 66 44
36 67 93
36 68 11
36 69 8
36 70 39
36 71 33
36 72 79
36 73 19
36 74 44
36 75 39
36 76 69
36 77 85
36 78 36
36 79 100
36 80 29
37 1 68
37 2 6
37 3 66
37 4 49
37 5 83
37 6 33
37 7 70
37 8 69
37 9 54
37 10 26
37 11 97
37 12 71
37 13 8
37 14 26
37 15 72
37 16 10
37 17 69
37 18 52
37 19 39
37 20 10
37 21 100
37 22 4
37 23 88
37 24 50
37 25 29
37 26 63
37 27 52
37 28 34
37 29 65
37 30 55
37 31 42
37 32 40
37 33 79
37 34 10
37 35 65
37 36 45
37 37 70
37 38 8
37 39 55
37 40 10
37 41 53
37 42 81
37 43 12
37 44 21
37 45 67
37 46 43
37 47 4
37 48 39
37 49 45
37 50 76
37 51 11
37 52 94
37 53 23
37 54 12
37 55 18
37 56 49
37 57 99
37 58 54
37 59 53
37 60 89
37 61 9
37 62 1
37 63 42
37 64 88
37 65 63
37 66 33
37 67 33
37 68 75
37 69 36
37 70 28
37 71 19
37 72 52
37 73 95
37 74 68
37 75 31
37 76 74
37 77 51
37 78 7
37 79 44
37 80 34
38 1 46
38 2 27
38 3 18
38 4 10
38 5 66
38 6 75
38 7 66
38 8 92
38 9 20
38 10 6
38 11 31
38 12 54
38 13 79
38 14 81
38 15 58
38 16 56
38 17 42
38 18 86
38 19 51
38 20 83
38 21 98
38 22 40
38 23 27
38 24 55
38 25 94
38 26 97
38 27 37
38 28 67
38 29 62
38 30 9
38 31 10
38 32 90
38 33 2
38 34 8
38 35 32
38 36 32
38 37 52
38 38 32
38 39 48
38 40 80
38 41 52
38 42 22
38 43 40
38 44 14
38 45 94
38 46 44
38 47 64
38 48 72
38 49 81
38 50 22
38 51 40
38 52 28
38 53 43
38 54 93
38 55 15
38 56 27
38 57 40
38 58 17
38 59 65
38 60 59
38 61 57
38 62 48
38 63 38
38 64 61
38 65 5
38 66 3
38 67 15
38 68 5
38 69 28
38 70 87
38 71 59
38 72 10
38 73 52
38 74 100
38 75 65
38 76 52
38 77 1
38 78 28
38 79 20
38 80 84
39 1 22
39 2 48
39 3 43
39 4 47
39 5 22
39 6 3
39 7 20
39 8 68
39 9 62
39 10 22
39 11 56
39 12 6
39 13 40
39 14 3
39 15 40
39 16 61
39 17 7
39 18 22
39 19 18
39 20 38
39 21 85
39 22 75
39 23 3
39 24 100
39 25 59
39 26 60
39 27 66
39 28 91
39 29 13
39 30 91
39 31 34
39 32 92
39 33 55
39 34 92
39 35 24
39 36 22
39 37 61
39 38 64
39 39 46
39 40 25
39 41 7
39 42 53
39 43 38
39 44 79
39 45 72
39 46 41
39 47 56
39 48 90
39 49 23
39 50 35
39 51 46
39 52 10
39 53 42
39 54 13
39 55 72
39 56 78
39 57 90
39 58 6
39 59 46
39 60 73
39 61 89
39 62 73
39 63 56
39 64 30
39 65 99
39 66 55
39 67 62
39 68 16
39 69 90
39 70 98
39 71 60
39 72 98
39 73 67
39 74 3
39 75 96
39 76 67
39 77 51
39 78 7
39 79 40
39 80 92
40 1 36
40 2 96
40 3 75
40 4 92
40 5 51
40 6 71
40 7 94
40 8 38
40 9 50
40 10 9
40 11 87
40 12 7
40 13 59
40 14 35
40 15 93
40 16 9
40 17 4
40 18 70
40 19 69
40 20 78
40 21 59
40 22 6
40 23 8
40 24 34
40 25 31
40 26 94
40 27 33
40 28 8
40 29 24
40 30 61
40 31 45
40 32 88
40 33 91
40 34 60
40 35 15
40 36 86
40 37 83
40 38 1
40 39 93
40 40 73
40 41 32
40 42 19
40 43 44
40 44 96
40 45 13
40 46 2
40 47 8
40 48 69
40 49 80
40 50 12
40 51 95
40 52 45
40 53 90
40 54 13
40 55 1
40 56 44
40 57 95
40 58 2
40 59 42
40 60 11
40 61 88
40 62 47
40 63 64
40 64 33
40 65 78
40 66 95
40 67 61
40 68 12
40 69 63
40 70 74
40 71 79
40 72 94
40 73 28
40 74 10
40 75 10
40 76 8
40 77 55
40 78 28
40 79 72
40 80 31
41 1 83
41 2 34
41 3 79
41 4 72
41 5 77
41 6 3
41 7 72
41 8 69
41 9 55
41 10 83
41 11 63
41 12 90
41 13 54
41 14 74
41 15 56
41 16 22
41 17 22
41 18 12
41 19 42
41 20 85
41 21 66
41 22 65
41 23 98
41 24 40
41 25 73
41 26 32
41 27 99
41 28 64
41 29 5
41 30 5
41 31 20
41 32 16
41 33 41
41 34 82
41 35 79
41 36 4
41 37 20
41 38 13
41 39 37
41 40 61
41 41 67
41 42 32
41 43 83
41 44 89
41 45 9
41 46 76
41 47 45
41 48 89
41 49 42
41 50 88
41 51 26
41 52 35
41 53 72
41 54 27
41 55 44
41 56 21
41 57 29
41 58 74
41 59 5
41 60 81
41 61 63
41 62 48
41 63 26
41 64 83
41 65 55
41 66 48
41 67 74
41 68 85
41 69 37
41 70 37
41 71 30
41 72 83
41 73 7
41 74 3
41 75 96
41 76 28
41 77 78
41 78 62
41 79 77
41 80 45
42 1 99
42 2 77
42 3 20
42 4 63
42 5 22
42 6 93
42 7 38
42 8 79
42 9 53
42 10 10
42 11 72
42 12 56
42 13 70
42 14 48
42 15 36
42 16 24
42 17 18
42 18 34
42 19 66
42 20 3
42 21 98
42 22 74
42 23 37
42 24 47
42 25 67
42 26 2
42 27 20
42 28 34
42 29 20
42 30 91
42 31 3
42 32 62
42 33 24
42 34 65
42 35 1
42 36 68
42 37 74
42 38 55
42 39 1
42 40 85
42 41 88
42 42 84
42 43 53
42 44 61
42 45 93
42 46 53
42 47 1
42 48 29
42 49 42
42 50 81
42 51 100
42 52 16
42 53 39
42 54 77
42 55 57
42 56 5
42 57 19
42 58 87
42 59 58
42 60 95
42 61 3
42 62 26
42 63 56
42 64 33
42 65 32
42 66 29
42 67 31
42 68 76
42 69 17
42 70 1
42 71 9
42 72 56
42 73 94
42 74 75
42 75 4
42 76 71
42 77 49
42 78 21
42 79 60
42 80 41
43 1 76
43 2 81
43 3 11
43 4 8
43 5 5
43 6 75
43 7 100
43 8 41
43 9 82
43 10 45
43 11 100
43 12 61
43 13 88
43 14 74
43 15 62
43 16 50
43 17 89
43 18 15
43 19 65
43 20 75
43 21 53
43 22 91
43 23 95
43 24 93
43 25 29
43 26 31
43 27 44
43 28 24
43 29 19
43 30 41
43 31 19
43 32 39
43 33 56
43 34 42
43 35 78
43 36 67
43 37 74
43 38 12
43 39 3
43 40 27
43 41 32
43 42 47
43 43 35
43 44 13
43 45 61
43 46 3
43 47 85
43 48 80
43 49 65
43 50 64
43 51 14
43 52 25
43 53 100
43 54 43
43 55 37
43 56 27
43 57 5
43 58 63
43 59 35
43 60 46
43 61 64
43 62 22
43 63 58
43 64 73
43 65 19
43 66 15
43 67 26
43 68 81
43 69 2
43 70 68
43 71 40
43 72 9
43 73 58
43 74 62
43 75 10
43 76 97
43 77 62
43 78 86
43 79 33
43 80 75
44 1 81
44 2 61
44 3 89
44 4 49
44 5 52
44 6 11
44 7 61
44 8 88
44 9 27
44 10 45
44 11 33
44 12 11
44 13 58
44 14 99
44 15 10
44 16 47
44 17 18
44 18 19
44 19 86
44 20 76
44 21 84
44 22 6
44 23 44
44 24 24
44 25 8
44 26 61
44 27 56
44 28 52
44 29 58
44 30 4
44 31 30
44 32 21
44 33 8
44 34 61
44 35 37
44 36 26
44 37 8
44 38 59
44 39 8
44 40 3
44 41 85
44 42 74
44 43 66
44 44 73
44 45 52
44 46 83
44 47 95
44 48 8
44 49 60
44 50 19
44 51 2
44 52 67
44 53 25
44 54 4
44 55 19
44 56 4
44 57 74
44 58 32
44 59 21
44 60 25
44 61 57
44 62 1
44 63 2
44 64 16
44 65 15
44 66 93
44 67 35
44 68 73
44 69 24
44 70 41
44 71 38
44 72 56
44 73 7
44 74 62
44 75 98
44 76 84
44 77 58
44 78 31
44 79 89
44 80 71
45 1 65
45 2 65
45 3 82
45 4 32
45 5 71
45 6 6
45 7 39
45 8 26
45 9 90
45 10 25
45 11 73
45 12 25
45 13 88
45 14 71
45 15 25
45 16 10
45 17 59
45 18 78
45 19 87
45 20 39
45 21 78
45 22 24
45 23 25
45 24 96
45 25 32
45 26 71
45 27 48
45 28 46
45 29 3
45 30 62
45 31 80
45 32 64
45 33 71
45 34 26
45 35 69
45 36 93
45 37 42
45 38 3
45 39 35
45 40 91
45 41 1
45 42 37
45 43 26
45 44 10
45 45 4
45 46 93
45 47 29
45 48 55
45 49 33
45 50 11
45 51 96
45 52 68
45 53 100
45 54 40
45 55 44
45 56 16
45 57 40
45 58 66
45 59 1
45 60 24
45 61 10
45 62 43
45 63 6
45 64 25
45 65 12
45 66 70
45 67 2
45 68 77
45 69 96
45 70 58
45 71 48
45 72 57
45 73 94
45 74 7
45 75 71
45 76 50
45 77 68
45 78 76
45 79 60
45 80 22
46 1 52
46 2 72
46 3 72
46 4 52
46 5 11
46 6 32
46 7 6
46 8 14
46 9 18
46 10 51
46 11 15
46 12 60
46 13 60
46 14 18
46 15 67
46 16 23
46 17 17
46 18 26
46 19 67
46 20 9
46 21 24
46 22 89
46 23 38
46 24 19
46 25 49
46 26 96
46 27 83
46 28 47
46 29 20
46 30 11
46 31 99
46 32 16
46 33 4
46 34 59
46 35 3
46 36 95
46 37 63
46 38 84
46 39 69
46 40 85
46 41 38
46 42 94
46 43 88
46 44 75
46 45 100
46 46 6
46 47 70
46 48 82
46 49 71
46 50 40
46 51 99
46 52 57
46 53 22
46 54 6
46 55 36
46 56 80
46 57 10
46 58 8
46 59 29
46 60 61
46 61 24
46 62 69
46 63 49
46 64 62
46 65 63
46 66 64
46 67 41
46 68 56
46 69 66
46 70 32
46 71 76
46 72 51
46 73 13
46 74 64
46 75 24
46 76 68
46 77 59
46 78 10
46 79 89
46 80 68
47 1 79
47 2 99
47 3 32
47 4 73
47 5 35
47 6 48
47 7 79
47 8 45
47 9 52
47 10 22
47 11 64
47 12 56
47 13 72
47 14 80
47 15 49
47 16 76
47 17 66
47 18 64
47 19 82
47 20 3
47 21 44
47 22 31
47 23 97
47 24 65
47 25 5
47 26 7
47 27 68
47 28 86
47 29 20
47 30 5
47 31 81
47 32 90
47 33 19
47 34 20
47 35 71
47 36 55
47 37 78
47 38 6
47 39 8
47 40 16
47 41 31
47 42 50
47 43 37
47 44 91
47 45 71
47 46 51
47 47 11
47 48 12
47 49 68
47 50 34
47 51 11
47 52 3
47 53 28
47 54 5
47 55 88
47 56 21
47 57 39
47 58 70
47 59 34
47 60 20
47 61 52
47 62 8
47 63 59
47 64 15
47 65 63
47 66 18
47 67 41
47 68 95
47 69 26
47 70 86
47 71 42
47 72 17
47 73 12
47 74 69
47 75 83
47 76 33
47 77 41
47 78 79
47 79 35
47 80 87
48 1 92
48 2 24
48 3 94
48 4 2
48 5 97
48 6 88
48 7 69
48 8 42
48 9 78
48 10 39
48 11 96
48 12 79
48 13 54
48 14 5
48 15 50
48 16 83
48 17 40
48 18 90
48 19 83
48 20 99
48 21 68
48 22 35
48 23 18
48 24 96
48 25 85
48 26 71
48 27 94
48 28 24
48 29 55
48 30 78
48 31 84
48 32 16
48 33 16
48 34 63
48 35 2
48 36 59
48 37 6
48 38 15
48 39 26
48 40 95
48 41 58
48 42 60
48 43 61
48 44 41
48 45 18
48 46 26
48 47 26
48 48 43
48 49 61
48 50 88
48 51 83
48 52 23
48 53 80
48 54 73
48 55 33
48 56 12
48 57 28
48 58 71
48 59 43
48 60 1
48 61 97
48 62 2
48 63 99
48 64 92
48 65 75
48 66 56
48 67 27
48 68 11
48 69 31
48 70 78
48 71 52
48 72 14
48 73 40
48 74 89
48 75 100
48 76 19
48 77 96
48 78 99
48 79 13
48 80 37
49 1 95
49 2 34
49 3 87
49 4 29
49 5 85
49 6 79
49 7 59
49 8 1
49 9 83
49 10 64
49 11 74
49 12 52
49 13 68
49 14 34
49 15 65
49 16 55
49 17 29
49 18 62
49 19 84
49 20 5
49 21 78
49 22 34
49 23 33
49 24 14
49 25 94
49 26 76
49 27 31
49 28 59
49 29 22
49 30 55
49 31 83
49 32 18
49 33 67
49 34 3
49 35 58
49 36 3
49 37 20
49 38 94
49 39 22
49 40 47
49 41 86
49 42 78
49 43 67
49 44 30
49 45 41
49 46 83
49 47 27
49 48 22
49 49 64
49 50 51
49 51 60
49 52 54
49 53 70
49 54 98
49 55 47
49 56 84
49 57 69
49 58 38
49 59 12
49 60 48
49 61 55
49 62 77
49 63 38
49 64 46
49 65 22
49 66 6
49 67 80
49 68 55
49 69 96
49 70 48
49 71 65
49 72 43
49 73 35
49 74 10
49 75 87
49 76 55
49 77 23
49 78 10
49 79 51
49 80 97
50 1 26
50 2 33
50 3 12
50 4 72
50 5 17
50 6 21
50 7 44
50 8 64
50 9 75
50 10 88
50 11 4
50 12 52
50 13 70
50 14 4
50 15 65
50 16 19
50 17 19
50 18 83
50 19 86
50 20 78
50 21 60
50 22 32
50 23 82
50 24 67
50 25 62
50 26 80
50 27 50
50 28 100
50 29 60
50 30 38
50 31 88
50 32 86
50 33 21
50 34 93
50 35 95
50 36 3
50 37 8
50 38 87
50 39 3
50 40 75
50 41 10
50 42 39
50 43 83
50 44 33
50 45 92
50 46 44
50 47 5
50 48 83
50 49 7
50 50 69
50 51 11
50 52 78
50 53 26
50 54 12
50 55 33
50 56 69
50 57 75
50 58 66
50 59 95
50 60 54
50 61 64
50 62 96
50 63 65
50 64 61
50 65 50
50 66 72
50 67 61
50 68 97
50 69 35
50 70 73
50 71 30
50 72 56
50 73 7
50 74 15
50 75 75
50 76 34
50 77 76
50 78 92
50 79 77
50 80 99
51 1 21
51 2 80
51 3 86
51 4 82
51 5 34
51 6 50
51 7 71
51 8 4
51 9 34
51 10 33
51 11 64
51 12 3
51 13 61
51 14 63
51 15 52
51 16 90
51 17 13
51 18 64
51 19 42
51 20 68
51 21 98
51 22 63
51 23 90
51 24 95
51 25 22
51 26 67
51 27 66
51 28 32
51 29 31
51 30 1
51 31 33
51 32 94
51 33 28
51 34 13
51 35 1
51 36 32
51 37 77
51 38 70
51 39 79
51 40 45
51 41 54
51 42 65
51 43 30
51 44 47
51 45 20
51 46 3
51 47 45
51 48 88
51 49 31
51 50 35
51 51 83
51 52 98
51 53 28
51 54 80
51 55 56
51 56 38
51 57 9
51 58 70
51 59 25
51 60 28
51 61 72
51 62 64
51 63 4
51 64 88
51 65 55
51 66 29
51 67 31
51 68 81
51 69 24
51 70 76
51 71 82
51 72 54
51 73 18
51 74 91
51 75 83
51 76 95
51 77 97
51 78 84
51 79 80
51 80 84
52 1 93
52 2 77
52 3 87
52 4 88
52 5 63
52 6 48
52 7 73
52 8 90
52 9 16
52 10 85
52 11 91
52 12 65
52 13 93
52 14 86
52 15 66
52 16 36
52 17 80
52 18 28
52 19 15
52 20 91
52 21 86
52 22 27
52 23 35
52 24 67
52 25 13
52 26 10
52 27 37
52 28 29
52 29 57
52 30 84
52 31 25
52 32 86
52 33 48
52 34 36
52 35 38
52 36 9
52 37 1
52 38 42
52 39 79
52 40 73
52 41 47
52 42 7
52 43 31
52 44 99
52 45 96
52 46 35
52 47 5
52 48 13
52 49 44
52 50 17
52 51 23
52 52 63
52 53 94
52 54 26
52 55 57
52 56 83
52 57 26
52 58 29
52 59 49
52 60 67
52 61 65
52 62 53
52 63 81
52 64 25
52 65 1
52 66 22
52 67 43
52 68 90
52 69 85
52 70 69
52 71 4
52 72 63
52 73 91
52 74 17
52 75 7
52 76 63
52 77 63
52 78 35
52 79 4
52 80 96
53 1 14
53 2 77
53 3 81
53 4 15
53 5 49
53 6 37
53 7 84
53 8 41
53 9 9
53 10 25
53 11 79
53 12 63
53 13 99
53 14 95
53 15 78
53 16 60
53 17 51
53 18 87
53 19 47
53 20 3
53 21 39
53 22 43
53 23 63
53 24 54
53 25 75
53 26 89
53 27 84
53 28 36
53 29 82
53 30 38
53 31 70
53 32 89
53 33 58
53 34 14
53 35 69
53 36 35
53 37 1
53 38 83
53 39 58
53 40 68
53 41 15
53 42 3
53 43 82
53 44 40
53 45 63
53 46 78
53 47 18
53 48 98
53 49 72
53 50 79
53 51 26
53 52 92
53 53 70
53 54 13
53 55 82
53 56 32
53 57 59
53 58 71
53 59 11
53 60 5
53 61 21
53 62 21
53 63 86
53 64 36
53 65 7
53 66 54
53 67 56
53 68 79
53 69 84
53 70 36
53 71 88
53 72 59
53 73 4
53 74 61
53 75 55
53 76 33
53 77 35
53 78 8
53 79 73
53 80 81
54 1 70
54 2 34
54 3 84
54 4 20
54 5 35
54 6 51
54 7 65
54 8 48
54 9 68
54 10 61
54 11 22
54 12 17
54 13 70
54 14 27
54 15 15
54 16 36
54 17 1
54 18 9
54 19 55
54 20 2
54 21 59
54 22 58
54 23 48
54 24 39
54 25 24
54 26 61
54 27 60
54 28 69
54 29 63
54 30 81
54 31 24
54 32 1
54 33 97
54 34 92
54 35 7
54 36 42
54 37 31
54 38 10
54 39 55
54 40 30
54 41 28
54 42 71
54 43 63
54 44 97
54 45 97
54 46 80
54 47 42
54 48 94
54 49 59
54 50 83
54 51 52
54 52 6
54 53 57
54 54 38
54 55 68
54 56 38
54 57 97
54 58 10
54 59 16
54 60 42
54 61 75
54 62 99
54 63 77
54 64 40
54 65 31
54 66 89
54 67 98
54 68 28
54 69 54
54 70 91
54 71 56
54 72 94
54 73 65
54 74 71
54 75 98
54 76 37
54 77 45
54 78 84
54 79 49
54 80 99
55 1 100
55 2 91
55 3 74
55 4 4
55 5 68
55 6 54
55 7 14
55 8 83
55 9 99
55 10 22
55 11 35
55 12 7
55 13 82
55 14 50
55 15 24
55 16 91
55 17 82
55 18 47
55 19 34
55 20 22
55 21 81
55 22 26
55 23 4
55 24 15
55 25 9
55 26 71
55 27 100
55 28 28
55 29 27
55 30 83
55 31 84
55 32 35
55 33 89
55 34 21
55 35 90
55 36 91
55 37 17
55 38 82
55 39 1
55 40 20
55 41 92
55 42 39
55 43 14
55 44 84
55 45 92
55 46 100
55 47 1
55 48 86
55 49 37
55 50 73
55 51 24
55 52 9
55 53 80
55 54 36
55 55 58
55 56 10
55 57 1
55 58 39
55 59 22
55 60 11
55 61 23
55 62 97
55 63 62
55 64 30
55 65 6
55 66 62
55 67 27
55 68 40
55 69 72
55 70 18
55 71 36
55 72 56
55 73 39
55 74 7
55 75 84
55 76 66
55 77 83
55 78 36
55 79 35
55 80 46
56 1 60
56 2 33
56 3 5
56 4 98
56 5 89
56 6 40
56 7 80
56 8 2
56 9 25
56 10 43
56 11 45
56 12 33
56 13 67
56 14 14
56 15 31
56 16 45
56 17 97
56 18 35
56 19 86
56 20 40
56 21 20
56 22 88
56 23 41
56 24 65
56 25 32
56 26 1
56 27 9
56 28 88
56 29 51
56 30 82
56 31 73
56 32 99
56 33 47
56 34 65
56 35 89
56 36 21
56 37 61
56 38 53
56 39 32
56 40 74
56 41 16
56 42 32
56 43 65
56 44 64
56 45 3
56 46 31
56 47 1
56 48 69
56 49 36
56 50 99
56 51 92
56 52 45
56 53 90
56 54 8
56 55 30
56 56 73
56 57 61
56 58 47
56 59 48
56 60 75
56 61 79
56 62 94
56 63 78
56 64 7
56 65 71
56 66 30
56 67 3
56 68 60
56 69 66
56 70 65
56 71 51
56 72 67
56 73 88
56 74 17
56 75 69
56 76 13
56 77 5
56 78 24
56 79 39
56 80 38
57 1 84
57 2 33
57 3 14
57 4 94
57 5 10
57 6 81
57 7 21
57 8 48
57 9 53
57 10 30
57 11 98
57 12 72
57 13 7
57 14 52
57 15 88
57 16 51
57 17 45
57 18 53
57 19 67
57 20 47
57 21 75
57 22 57
57 23 62
57 24 76
57 25 93
57 26 59
57 27 84
57 28 59
57 29 90
57 30 81
57 31 24
57 32 92
57 33 39
57 34 37
57 35 76
57 36 17
57 37 73
57 38 73
57 39 23
57 40 40
57 41 52
57 42 38
57 43 93
57 44 33
57 45 3
57 46 54
57 47 100
57 48 43
57 49 47
57 50 72
57 51 5
57 52 94
57 53 54
57 54 3
57 55 84
57 56 58
57 57 15
57 58 44
57 59 14
57 60 22
57 61 33
57 62 45
57 63 35
57 64 2
57 65 78
57 66 27
57 67 51
57 68 26
57 69 20
57 70 13
57 71 19
57 72 63
57 73 42
57 74 95
57 75 61
57 76 94
57 77 43
57 78 98
57 79 10
57 80 55
58 1 20
58 2 22
58 3 71
58 4 27
58 5 19
58 6 71
58 7 43
58 8 44
58 9 54
58 10 93
58 11 42
58 12 85
58 13 64
58 14 60
58 15 31
58 16 56
58 17 44
58 18 28
58 19 80
58 20 29
58 21 28
58 22 19
58 23 73
58 24 15
58 25 67
58 26 37
58 27 59
58 28 59
58 29 98
58 30 60
58 31 63
58 32 66
58 33 94
58 34 94
58 35 30
58 36 19
58 37 42
58 38 16
58 39 79
58 40 45
58 41 43
58 42 93
58 43 13
58 44 83
58 45 96
58 46 19
58 47 30
58 48 35
58 49 95
58 50 27
58 51 90
58 52 96
58 53 84
58 54 54
58 55 77
58 56 33
58 57 82
58 58 91
58 59 48
58 60 40
58 61 45
58 62 57
58 63 94
58 64 27
58 65 32
58 66 17
58 67 23
58 68 32
58 69 34
58 70 67
58 71 79
58 72 70
58 73 16
58 74 100
58 75 80
58 76 34
58 77 79
58 78 21
58 79 65
58 80 55
59 1 34
59 2 19
59 3 3
59 4 25
59 5 55
59 6 88
59 7 3
59 8 8
59 9 22
59 10 61
59 11 94
59 12 9
59 13 80
59 14 64
59 15 96
59 16 69
59 17 47
59 18 60
59 19 41
59 20 73
59 21 55
59 22 9
59 23 73
59 24 26
59 25 35
59 26 14
59 27 47
59 28 51
59 29 13
59 30 20
59 31 82
59 32 53
59 33 2
59 34 42
59 35 73
59 36 74
59 37 53
59 38 97
59 39 77
59 40 66
59 41 75
59 42 16
59 43 79
59 44 3
59 45 33
59 46 17
59 47 91
59 48 59
59 49 61
59 50 70
59 51 91
59 52 26
59 53 22
59 54 55
59 55 9
59 56 19
59 57 21
59 58 8
59 59 8
59 60 59
59 61 43
59 62 31
59 63 27
59 64 66
59 65 63
59 66 38
59 67 12
59 68 30
59 69 4
59 70 42
59 71 27
59 72 18
59 73 42
59 74 36
59 75 8
59 76 77
59 77 4
59 78 36
59 79 13
59 80 63
60 1 38
60 2 63
60 3 16
60 4 34
60 5 4
60 6 93
60 7 21
60 8 15
60 9 5
60 10 82
60 11 67
60 12 80
60 13 5
60 14 26
60 15 33
60 16 27
60 17 24
60 18 95
60 19 67
60 20 29
60 21 53
60 22 89
60 23 98
60 24 17
60 25 46
60 26 46
60 27 70
60 28 6
60 29 18
60 30 26
60 31 95
60 32 69
60 33 24
60 34 67
60 35 64
60 36 53
60 37 76
60 38 8
60 39 42
60 40 28
60 41 68
60 42 64
60 43 1
60 44 56
60 45 85
60 46 38
60 47 28
60 48 20
60 49 49
60 50 40
60 51 70
60 52 16
60 53 59
60 54 56
60 55 1
60 56 32
60 57 68
60 58 2
60 59 35
60 60 56
60 61 94
60 62 73
60 63 12
60 64 36
60 65 46
60 66 4
60 67 97
60 68 5
60 69 83
60 70 6
60 71 63
60 72 56
60 73 26
60 74 11
60 75 2
60 76 98
60 77 35
60 78 18
60 79 26
60 80 45
61 1 28
61 2 13
61 3 92
61 4 53
61 5 86
61 6 74
61 7 26
61 8 36
61 9 32
61 10 38
61 11 7
61 12 100
61 13 78
61 14 95
61 15 29
61 16 31
61 17 35
61 18 31
61 19 74
61 20 78
61 21 58
61 22 27
61 23 41
61 24 33
61 25 38
61 26 9
61 27 97
61 28 86
61 29 87
61 30 22
61 31 34
61 32 94
61 33 86
61 34 38
61 35 82
61 36 27
61 37 99
61 38 62
61 39 45
61 40 6
61 41 40
61 42 1
61 43 99
61 44 41
61 45 25
61 46 6
61 47 18
61 48 66
61 49 40
61 50 79
61 51 71
61 52 21
61 53 98
61 54 90
61 55 75
61 56 54
61 57 49
61 58 9
61 59 43
61 60 26
61 61 98
61 62 69
61 63 17
61 64 88
61 65 10
61 66 99
61 67 92
61 68 88
61 69 45
61 70 44
61 71 40
61 72 84
61 73 91
61 74 77
61 75 69
61 76 33
61 77 84
61 78 83
61 79 44
61 80 75
62 1 37
62 2 99
62 3 83
62 4 77
62 5 12
62 6 45
62 7 62
62 8 19
62 9 79
62 10 5
62 11 39
62 12 72
62 13 18
62 14 23
62 15 74
62 16 54
62 17 13
62 18 5
62 19 10
62 20 35
62 21 11
62 22 100
62 23 52
62 24 16
62 25 14
62 26 24
62 27 67
62 28 95
62 29 57
62 30 55
62 31 19
62 32 58
62 33 34
62 34 36
62 35 24
62 36 12
62 37 39
62 38 5
62 39 92
62 40 89
62 41 100
62 42 100
62 43 38
62 44 91
62 45 77
62 46 60
62 47 62
62 48 79
62 49 56
62 50 9
62 51 65
62 52 47
62 53 34
62 54 89
62 55 70
62 56 49
62 57 24
62 58 88
62 59 97
62 60 23
62 61 27
62 62 75
62 63 74
62 64 23
62 65 23
62 66 5
62 67 64
62 68 94
62 69 15
62 70 99
62 71 49
62 72 74
62 73 77
62 74 7
62 75 26
62 76 66
62 77 30
62 78 19
62 79 2
62 80 55
63 1 97
63 2 92
63 3 90
63 4 10
63 5 18
63 6 98
63 7 59
63 8 93
63 9 12
63 10 33
63 11 100
63 12 86
63 13 66
63 14 98
63 15 18
63 16 55
63 17 99
63 18 19
63 19 60
63 20 95
63 21 61
63 22 48
63 23 14
63 24 96
63 25 94
63 26 11
63 27 15
63 28 94
63 29 5
63 30 54
63 31 37
63 32 51
63 33 58
63 34 53
63 35 67
63 36 45
63 37 16
63 38 59
63 39 29
63 40 82
63 41 22
63 42 47
63 43 55
63 44 17
63 45 3
63 46 5
63 47 7
63 48 96
63 49 31
63 50 26
63 51 7
63 52 60
63 53 34
63 54 60
63 55 29
63 56 95
63 57 97
63 58 46
63 59 64
63 60 28
63 61 97
63 62 4
63 63 48
63 64 59
63 65 11
63 66 23
63 67 53
63 68 18
63 69 14
63 70 36
63 71 70
63 72 1
63 73 26
63 74 15
63 75 64
63 76 18
63 77 94
63 78 48
63 79 100
63 80 46
64 1 90
64 2 82
64 3 11
64 4 52
64 5 77
64 6 50
64 7 42
64 8 71
64 9 95
64 10 92
64 11 71
64 12 10
64 13 44
64 14 24
64 15 50
64 16 41
64 17 49
64 18 23
64 19 91
64 20 13
64 21 27
64 22 44
64 23 58
64 24 79
64 25 37
64 26 25
64 27 84
64 28 97
64 29 47
64 30 59
64 31 24
64 32 88
64 33 26
64 34 23
64 35 86
64 36 2
64 37 31
64 38 86
64 39 87
64 40 86
64 41 98
64 42 38
64 43 62
64 44 92
64 45 4
64 46 7
64 47 53
64 48 67
64 49 22
64 50 91
64 51 32
64 52 21
64 53 66
64 54 19
64 55 24
64 56 78
64 57 96
64 58 86
64 59 48
64 60 7
64 61 15
64 62 91
64 63 80
64 64 50
64 65 42
64 66 63
64 67 18
64 68 70
64 69 6
64 70 51
64 71 28
64 72 34
64 73 78
64 74 66
64 75 19
64 76 27
64 77 79
64 78 36
64 79 69
64 80 27
65 1 97
65 2 35
65 3 31
65 4 21
65 5 63
65 6 40
65 7 39
65 8 2
65 9 52
65 10 84
65 11 47
65 12 47
65 13 59
65 14 2
65 15 62
65 16 86
65 17 68
65 18 36
65 19 86
65 20 57
65 21 83
65 22 57
65 23 70
65 24 65
65 25 52
65 26 59
65 27 65
65 28 29
65 29 59
65 30 97
65 31 63
65 32 3
65 33 98
65 34 17
65 35 69
65 36 94
65 37 14
65 38 51
65 39 38
65 40 61
65 41 46
65 42 75
65 43 55
65 44 70
65 45 96
65 46 81
65 47 16
65 48 88
65 49 45
65 50 25
65 51 73
65 52 4
65 53 55
65 54 38
65 55 16
65 56 79
65 57 2
65 58 43
65 59 80
65 60 53
65 61 61
65 62 43
65 63 25
65 64 75
65 65 18
65 66 82
65 67 79
65 68 20
65 69 33
65 70 21
65 71 81
65 72 8
65 73 24
65 74 75
65 75 31
65 76 34
65 77 78
65 78 54
65 79 71
65 80 39
66 1 76
66 2 92
66 3 62
66 4 82
66 5 79
66 6 58
66 7 76
66 8 52
66 9 44
66 10 91
66 11 32
66 12 36
66 13 76
66 14 15
66 15 10
66 16 41
66 17 90
66 18 90
66 19 59
66 20 60
66 21 52
66 22 24
66 23 2
66 24 3
66 25 65
66 26 49
66 27 59
66 28 68
66 29 43
66 30 100
66 31 94
66 32 29
66 33 2
66 34 70
66 35 54
66 36 47
66 37 49
66 38 45
66 39 88
66 40 1
66 41 8
66 42 63
66 43 62
66 44 8
66 45 94
66 46 97
66 47 97
66 48 71
66 49 69
66 50 19
66 51 84
66 52 83
66 53 53
66 54 100
66 55 53
66 56 54
66 57 8
66 58 80
66 59 44
66 60 22
66 61 29
66 62 14
66 63 57
66 64 29
66 65 19
66 66 70
66 67 25
66 68 85
66 69 15
66 70 94
66 71 22
66 72 10
66 73 33
66 74 16
66 75 49
66 76 12
66 77 17
66 78 88
66 79 70
66 80 7
67 1 80
67 2 83
67 3 6
67 4 6
67 5 63
67 6 40
67 7 5
67 8 24
67 9 61
67 10 44
67 11 6
67 12 47
67 13 79
67 14 98
67 15 66
67 16 48
67 17 68
67 18 54
67 19 18
67 20 22
67 21 92
67 22 81
67 23 11
67 24 96
67 25 41
67 26 47
67 27 80
67 28 43
67 29 99
67 30 89
67 31 55
67 32 59
67 33 61
67 34 59
67 35 45
67 36 3
67 37 21
67 38 90
67 39 48
67 40 1
67 41 52
67 42 52
67 43 85
67 44 69
67 45 31
67 46 39
67 47 64
67 48 85
67 49 86
67 50 40
67 51 37
67 52 64
67 53 57
67 54 25
67 55 49
67 56 35
67 57 79
67 58 85
67 59 29
67 60 18
67 61 70
67 62 77
67 63 69
67 64 13
67 65 5
67 66 42
67 67 32
67 68 28
67 69 29
67 70 35
67 71 32
67 72 91
67 73 6
67 74 57
67 75 76
67 76 22
67 77 34
67 78 87
67 79 6
67 80 58
68 1 42
68 2 40
68 3 62
68 4 52
68 5 25
68 6 2
68 7 73
68 8 31
68 9 89
68 10 36
68 11 75
68 12 47
68 13 65
68 14 25
68 15 41
68 16 44
68 17 75
68 18 31
68 19 54
68 20 85
68 21 57
68 22 97
68 23 84
68 24 94
68 25 20
68 26 83
68 27 62
68 28 23
68 29 45
68 30 99
68 31 56
68 32 19
68 33 49
68 34 38
68 35 62
68 36 26
68 37 77
68 38 94
68 39 6
68 40 67
68 41 54
68 42 17
68 43 1
68 44 94
68 45 51
68 46 5
68 47 99
68 48 61
68 49 44
68 50 28
68 51 65
68 52 81
68 53 99
68 54 71
68 55 84
68 56 1
68 57 91
68 58 63
68 59 11
68 60 11
68 61 55
68 62 91
68 63 92
68 64 87
68 65 84
68 66 1
68 67 54
68 68 50
68 69 72
68 70 44
68 71 45
68 72 12
68 73 27
68 74 9
68 75 69
68 76 7
68 77 81
68 78 35
68 79 100
68 80 32
69 1 87
69 2 95
69 3 76
69 4 39
69 5 45
69 6 56
69 7 90
69 8 85
69 9 56
69 10 57
69 11 69
69 12 96
69 13 28
69 14 2
69 15 4
69 16 17
69 17 42
69 18 32
69 19 51
69 20 63
69 21 47
69 22 75
69 23 31
69 24 84
69 25 19
69 26 81
69 27 75
69 28 58
69 29 3
69 30 81
69 31 77
69 32 43
69 33 87
69 34 5
69 35 34
69 36 65
69 37 99
69 38 90
69 39 86
69 40 65
69 41 1
69 42 94
69 43 41
69 44 98
69 45 88
69 46 2
69 47 22
69 48 79
69 49 93
69 50 65
69 51 9
69 52 52
69 53 38
69 54 94
69 55 81
69 56 74
69 57 8
69 58 45
69 59 99
69 60 44
69 61 39
69 62 65
69 63 22
69 64 69
69 65 23
69 66 53
69 67 1
69 68 49
69 69 23
69 70 74
69 71 60
69 72 60
69 73 96
69 74 62
69 75 76
69 76 40
69 77 35
69 78 64
69 79 84
69 80 13
70 1 29
70 2 9
70 3 81
70 4 41
70 5 51
70 6 7
70 7 33
70 8 22
70 9 46
70 10 67
70 11 44
70 12 2
70 13 39
70 14 43
70 15 47
70 16 9
70 17 84
70 18 13
70 19 22
70 20 71
70 21 81
70 22 8
70 23 55
70 24 81
70 25 12
70 26 29
70 27 57
70 28 7
70 29 34
70 30 98
70 31 10
70 32 71
70 33 78
70 34 28
70 35 72
70 36 70
70 37 58
70 38 83
70 39 52
70 40 12
70 41 94
70 42 71
70 43 3
70 44 48
70 45 60
70 46 37
70 47 58
70 48 40
70 49 39
70 50 54
70 51 20
70 52 46
70 53 6
70 54 36
70 55 65
70 56 79
70 57 93
70 58 9
70 59 11
70 60 37
70 61 100
70 62 41
70 63 92
70 64 59
70 65 64
70 66 51
70 67 36
70 68 24
70 69 21
70 70 30
70 71 21
70 72 68
70 73 34
70 74 7
70 75 84
70 76 28
70 77 12
70 78 70
70 79 13
70 80 66
71 1 32
71 2 56
71 3 22
71 4 14
71 5 7
71 6 47
71 7 63
71 8 66
71 9 80
71 10 26
71 11 69
71 12 15
71 13 2
71 14 71
71 15 60
71 16 54
71 17 29
71 18 31
71 19 74
71 20 62
71 21 40
71 22 38
71 23 80
71 24 7
71 25 99
71 26 81
71 27 22
71 28 61
71 29 25
71 30 93
71 31 73
71 32 86
71 33 88
71 34 81
71 35 23
71 36 92
71 37 24
71 38 88
71 39 59
71 40 19
71 41 44
71 42 100
71 43 54
71 44 69
71 45 64
71 46 85
71 47 15
71 48 4
71 49 66
71 50 98
71 51 87
71 52 89
71 53 41
71 54 21
71 55 97
71 56 85
71 57 13
71 58 43
71 59 78
71 60 24
71 61 82
71 62 57
71 63 70
71 64 34
71 65 6
71 66 21
71 67 76
71 68 29
71 69 93
71 70 94
71 71 96
71 72 1
71 73 67
71 74 92
71 75 2
71 76 83
71 77 35
71 78 39
71 79 6
71 80 85
72 1 39
72 2 43
72 3 50
72 4 7
72 5 22
72 6 48
72 7 85
72 8 31
72 9 34
72 10 68
72 11 90
72 12 83
72 13 17
72 14 9
72 15 14
72 16 26
72 17 75
72 18 72
72 19 55
72 20 99
72 21 71
72 22 10
72 23 38
72 24 12
72 25 85
72 26 43
72 27 90
72 28 28
72 29 47
72 30 60
72 31 47
72 32 83
72 33 51
72 34 67
72 35 43
72 36 3
72 37 78
72 38 76
72 39 60
72 40 70
72 41 79
72 42 59
72 43 27
72 44 98
72 45 67
72 46 91
72 47 34
72 48 15
72 49 77
72 50 2
72 51 70
72 52 15
72 53 45
72 54 93
72 55 79
72 56 1
72 57 62
72 58 63
72 59 76
72 60 55
72 61 4
72 62 79
72 63 73
72 64 32
72 65 82
72 66 36
72 67 31
72 68 74
72 69 10
72 70 78
72 71 93
72 72 40
72 73 84
72 74 13
72 75 79
72 76 21
72 77 50
72 78 70
72 79 98
72 80 27
73 1 32
73 2 14
73 3 1
73 4 29
73 5 95
73 6 20
73 7 88
73 8 46
73 9 82
73 10 87
73 11 51
73 12 51
73 13 6
73 14 50
73 15 19
73 16 48
73 17 54
73 18 58
73 19 38
73 20 74
73 21 77
73 22 22
73 23 40
73 24 91
73 25 47
73 26 42
73 27 66
73 28 28
73 29 33
73 30 28
73 31 24
73 32 40
73 33 9
73 34 26
73 35 36
73 36 54
73 37 60
73 38 62
73 39 57
73 40 67
73 41 34
73 42 32
73 43 98
73 44 4
73 45 62
73 46 7
73 47 82
73 48 74
73 49 28
73 50 89
73 51 50
73 52 57
73 53 77
73 54 55
73 55 43
73 56 7
73 57 90
73 58 30
73 59 32
73 60 64
73 61 30
73 62 27
73 63 74
73 64 3
73 65 15
73 66 92
73 67 51
73 68 64
73 69 61
73 70 29
73 71 49
73 72 19
73 73 8
73 74 67
73 75 5
73 76 90
73 77 59
73 78 86
73 79 43
73 80 80
74 1 19
74 2 31
74 3 45
74 4 45
74 5 9
74 6 96
74 7 59
74 8 90
74 9 63
74 10 67
74 11 31
74 12 11
74 13 75
74 14 63
74 15 45
74 16 48
74 17 37
74 18 58
74 19 51
74 20 11
74 21 55
74 22 93
74 23 61
74 24 70
74 25 60
74 26 35
74 27 35
74 28 58
74 29 46
74 30 46
74 31 47
74 32 30
74 33 12
74 34 56
74 35 41
74 36 17
74 37 55
74 38 64
74 39 40
74 40 40
74 41 42
74 42 1
74 43 55
74 44 59
74 45 8
74 46 11
74 47 11
74 48 54
74 49 30
74 50 83
74 51 51
74 52 67
74 53 77
74 54 25
74 55 68
74 56 81
74 57 68
74 58 63
74 59 60
74 60 39
74 61 51
74 62 32
74 63 72
74 64 38
74 65 40
74 66 89
74 67 43
74 68 60
74 69 12
74 70 25
74 71 89
74 72 43
74 73 10
74 74 92
74 75 26
74 76 68
74 77 41
74 78 56
74 79 46
74 80 100
75 1 62
75 2 20
75 3 72
75 4 58
75 5 68
75 6 52
75 7 36
75 8 39
75 9 7
75 10 94
75 11 15
75 12 29
75 13 17
75 14 52
75 15 9
75 16 48
75 17 59
75 18 8
75 19 2
75 20 37
75 21 54
75 22 7
75 23 37
75 24 14
75 25 40
75 26 27
75 27 26
75 28 87
75 29 7
75 30 75
75 31 93
75 32 42
75 33 47
75 34 77
75 35 88
75 36 10
75 37 24
75 38 40
75 39 62
75 40 20
75 41 35
75 42 67
75 43 72
75 44 16
75 45 26
75 46 7
75 47 19
75 48 43
75 49 23
75 50 77
75 51 9
75 52 13
75 53 73
75 54 63
75 55 17
75 56 45
75 57 93
75 58 40
75 59 35
75 60 65
75 61 100
75 62 92
75 63 41
75 64 75
75 65 99
75 66 65
75 67 22
75 68 74
75 69 62
75 70 64
75 71 68
75 72 9
75 73 60
75 74 52
75 75 76
75 76 68
75 77 74
75 78 25
75 79 39
75 80 10
76 1 72
76 2 59
76 3 82
76 4 50
76 5 93
76 6 29
76 7 9
76 8 3
76 9 64
76 10 87
76 11 42
76 12 99
76 13 42
76 14 96
76 15 46
76 16 77
76 17 99
76 18 43
76 19 55
76 20 11
76 21 89
76 22 20
76 23 98
76 24 58
76 25 34
76 26 31
76 27 15
76 28 97
76 29 43
76 30 58
76 31 48
76 32 63
76 33 71
76 34 92
76 35 60
76 36 91
76 37 71
76 38 87
76 39 98
76 40 10
76 41 84
76 42 61
76 43 93
76 44 89
76 45 91
76 46 11
76 47 9
76 48 10
76 49 39
76 50 92
76 51 79
76 52 72
76 53 76
76 54 85
76 55 55
76 56 71
76 57 79
76 58 58
76 59 97
76 60 41
76 61 27
76 62 81
76 63 45
76 64 58
76 65 16
76 66 2
76 67 94
76 68 33
76 69 36
76 70 31
76 71 75
76 72 39
76 73 99
76 74 52
76 75 7
76 76 58
76 77 69
76 78 73
76 79 64
76 80 75
77 1 43
77 2 72
77 3 64
77 4 83
77 5 42
77 6 77
77 7 99
77 8 10
77 9 97
77 10 23
77 11 32
77 12 44
77 13 81
77 14 51
77 15 20
77 16 99
77 17 49
77 18 18
77 19 31
77 20 13
77 21 95
77 22 61
77 23 78
77 24 31
77 25 10
77 26 40
77 27 59
77 28 65
77 29 79
77 30 76
77 31 61
77 32 27
77 33 32
77 34 7
77 35 81
77 36 54
77 37 65
77 38 20
77 39 34
77 40 22
77 41 86
77 42 59
77 43 84
77 44 2
77 45 87
77 46 34
77 47 75
77 48 5
77 49 61
77 50 45
77 51 18
77 52 12
77 53 10
77 54 83
77 55 60
77 56 64
77 57 4
77 58 42
77 59 58
77 60 89
77 61 28
77 62 25
77 63 32
77 64 81
77 65 23
77 66 89
77 67 43
77 68 87
77 69 51
77 70 78
77 71 8
77 72 66
77 73 61
77 74 26
77 75 53
77 76 21
77 77 100
77 78 97
77 79 22
77 80 41
78 1 29
78 2 64
78 3 86
78 4 55
78 5 67
78 6 41
78 7 36
78 8 52
78 9 72
78 10 80
78 11 82
78 12 64
78 13 9
78 14 74
78 15 2
78 16 6
78 17 28
78 18 20
78 19 14
78 20 12
78 21 13
78 22 56
78 23 61
78 24 14
78 25 22
78 26 36
78 27 87
78 28 26
78 29 46
78 30 50
78 31 18
78 32 61
78 33 92
78 34 86
78 35 51
78 36 35
78 37 37
78 38 25
78 39 89
78 40 51
78 41 17
78 42 71
78 43 17
78 44 73
78 45 27
78 46 88
78 47 67
78 48 4
78 49 84
78 50 33
78 51 61
78 52 78
78 53 60
78 54 98
78 55 47
78 56 23
78 57 48
78 58 82
78 59 69
78 60 42
78 61 85
78 62 52
78 63 86
78 64 68
78 65 29
78 66 29
78 67 70
78 68 31
78 69 51
78 70 23
78 71 46
78 72 53
78 73 84
78 74 68
78 75 53
78 76 93
78 77 82
78 78 86
78 79 28
78 80 12
79 1 85
79 2 81
79 3 55
79 4 12
79 5 16
79 6 85
79 7 79
79 8 36
79 9 58
79 10 4
79 11 4
79 12 94
79 13 31
79 14 72
79 15 78
79 16 86
79 17 100
79 18 92
79 19 11
79 20 78
79 21 87
79 22 83
79 23 51
79 24 24
79 25 22
79 26 36
79 27 81
79 28 63
79 29 33
79 30 80
79 31 72
79 32 23
79 33 41
79 34 75
79 35 28
79 36 53
79 37 83
79 38 71
79 39 84
79 40 81
79 41 8
79 42 66
79 43 97
79 44 60
79 45 40
79 46 56
79 47 25
79 48 90
79 49 92
79 50 26
79 51 40
79 52 70
79 53 54
79 54 90
79 55 14
79 56 76
79 57 1
79 58 38
79 59 22
79 60 9
79 61 72
79 62 99
79 63 41
79 64 65
79 65 93
79 66 82
79 67 71
79 68 42
79 69 12
79 70 62
79 71 6
79 72 78
79 73 68
79 74 3
79 75 30
79 76 28
79 77 17
79 78 60
79 79 18
79 80 14
80 1 10
80 2 12
80 3 31
80 4 51
80 5 40
80 6 28
80 7 22
80 8 49
80 9 23
80 10 80
80 11 55
80 12 44
80 13 34
80 14 35
80 15 74
80 16 50
80 17 46
80 18 65
80 19 26
80 20 23
80 21 26
80 22 27
80 23 16
80 24 52
80 25 45
80 26 86
80 27 17
80 28 33
80 29 97
80 30 75
80 31 66
80 32 11
80 33 19
80 34 70
80 35 73
80 36 5
80 37 26
80 38 57
80 39 81
80 40 84
80 41 26
80 42 31
80 43 24
80 44 28
80 45 57
80 46 87
80 47 39
80 48 58
80 49 60
80 50 85
80 51 67
80 52 20
80 53 33
80 54 48
80 55 27
80 56 9
80 57 19
80 58 13
80 59 100
80 60 32
80 61 34
80 62 86
80 63 25
80 64 19
80 65 6
80 66 52
80 67 21
80 68 25
80 69 57
80 70 1
80 71 56
80 72 36
80 73 97
80 74 78
80 75 68
80 76 8
80 77 18
80 78 81
80 79 54
80 80 39
