2 32
2 36
2 38
3 64
3 33
3 34
3 39
3 11
3 50
3 51
3 20
4 68
4 43
4 17
4 20
4 23
5 28
5 46
6 1
6 36
6 68
6 38
6 8
6 26
7 56
7 26
8 41
8 23
9 49
9 75
9 38
10 41
10 30
10 49
11 34
11 75
11 13
11 46
11 23
11 29
12 2
13 19
13 7
14 40
14 41
14 44
14 77
14 14
14 20
15 40
15 75
16 56
17 5
17 78
17 79
18 11
18 76
18 21
19 54
19 14
20 9
20 41
21 56
21 10
21 43
22 56
22 70
22 6
23 37
24 66
24 37
24 43
24 16
24 53
24 56
25 11
25 61
26 71
26 62
26 15
27 34
27 72
27 76
27 15
27 21
27 57
28 11
28 23
29 33
29 29
30 49
30 50
30 53
30 5
31 77
31 53
31 44
31 21
32 32
32 2
32 4
32 68
32 46
32 51
33 66
33 53
33 13
33 38
34 38
34 40
34 45
34 47
34 28
35 46
35 35
35 14
35 15
37 62
37 22
37 47
38 33
38 66
38 77
39 74
39 23
39 6
39 14
40 38
40 46
40 17
40 55
40 58
41 74
41 36
41 6
42 35
42 70
42 39
42 75
42 47
42 20
42 26
42 61
42 31
43 69
43 46
43 39
44 40
44 51
44 54
44 56
44 62
44 30
44 63
45 67
45 38
45 41
45 45
45 59
45 29
46 33
46 35
47 20
47 52
48 62
48 35
48 4
48 60
49 8
49 34
49 36
50 11
50 36
50 14
50 39
51 35
51 8
51 12
51 46
51 30
51 63
52 65
52 37
52 79
52 71
53 73
53 42
53 20
53 37
54 32
54 17
54 20
55 4
55 39
55 47
55 23
55 57
56 67
56 8
56 45
56 47
56 26
57 64
57 45
57 54
59 33
59 3
59 69
59 7
59 44
59 77
60 66
60 5
60 43
60 75
60 55
60 58
61 42
62 79
63 72
63 45
63 62
64 36
64 45
65 32
65 8
65 14
65 52
65 57
66 24
66 33
66 40
66 23
67 40
67 36
68 56
68 66
68 43
68 6
69 67
69 41
69 46
69 14
69 15
69 29
70 43
70 12
71 48
71 75
71 72
71 13
72 56
72 50
72 36
72 61
73 64
73 3
73 44
74 42
75 19
76 8
76 66
77 57
77 44
78 48
78 15
79 57
79 10
79 11
79 74
80 70
