1 1 22
1 2 61
1 3 23
1 4 98
1 5 9
1 6 28
1 7 82
1 8 72
1 9 64
1 10 100
1 11 41
1 12 7
1 13 23
1 14 11
1 15 17
1 16 40
1 17 12
1 18 27
1 19 35
1 20 7
1 21 43
1 22 39
1 23 98
1 24 61
1 25 38
1 26 21
1 27 78
1 28 31
1 29 55
1 30 75
1 31 58
1 32 26
1 33 98
1 34 30
1 35 72
1 36 53
1 37 97
1 38 44
1 39 76
1 40 66
1 41 75
1 42 44
1 43 36
1 44 13
1 45 12
1 46 23
1 47 42
1 48 83
1 49 2
1 50 37
1 51 54
1 52 46
1 53 22
1 54 86
1 55 56
1 56 50
1 57 91
1 58 14
1 59 2
1 60 48
1 61 49
1 62 14
1 63 43
1 64 82
1 65 90
1 66 52
1 67 81
1 68 17
1 69 76
1 70 68
1 71 16
1 72 22
1 73 5
1 74 63
1 75 47
1 76 95
1 77 72
1 78 88
1 79 19
1 80 21
1 81 16
1 82 82
1 83 22
1 84 77
1 85 94
1 86 98
1 87 14
1 88 82
1 89 52
1 90 10
2 1 91
2 2 52
2 3 47
2 4 51
2 5 91
2 6 57
2 7 88
2 8 42
2 9 68
2 10 85
2 11 25
2 12 33
2 13 91
2 14 2
2 15 46
2 16 62
2 17 72
2 18 53
2 19 49
2 20 75
2 21 4
2 22 99
2 23 28
2 24 37
2 25 35
2 26 19
2 27 44
2 28 75
2 29 100
2 30 74
2 31 84
2 32 90
2 33 66
2 34 32
2 35 96
2 36 28
2 37 46
2 38 76
2 39 30
2 40 21
2 41 6
2 42 2
2 43 57
2 44 27
2 45 1
2 46 71
2 47 81
2 48 7
2 49 8
2 50 24
2 51 38
2 52 2
2 53 67
2 54 41
2 55 34
2 56 99
2 57 9
2 58 26
2 59 22
2 60 36
2 61 31
2 62 68
2 63 89
2 64 29
2 65 41
2 66 46
2 67 6
2 68 69
2 69 25
2 70 18
2 71 41
2 72 66
2 73 90
2 74 44
2 75 5
2 76 98
2 77 12
2 78 15
2 79 60
2 80 26
2 81 71
2 82 58
2 83 31
2 84 23
2 85 31
2 86 47
2 87 44
2 88 15
2 89 72
2 90 50
3 1 84
3 2 94
3 3 78
3 4 13
3 5 31
3 6 33
3 7 30
3 8 18
3 9 32
3 10 82
3 11 75
3 12 2
3 13 82
3 14 49
3 15 60
3 16 66
3 17 99
3 18 77
3 19 79
3 20 12
3 21 94
3 22 73
3 23 89
3 24 22
3 25 55
3 26 51
3 27 18
3 28 57
3 29 54
3 30 75
3 31 58
3 32 68
3 33 94
3 34 8
3 35 89
3 36 24
3 37 76
3 38 79
3 39 45
3 40 30
3 41 35
3 42 28
3 43 59
3 44 66
3 45 39
3 46 96
3 47 100
3 48 14
3 49 52
3 50 57
3 51 2
3 52 33
3 53 53
3 54 67
3 55 71
3 56 6
3 57 69
3 58 9
3 59 5
3 60 51
3 61 55
3 62 33
3 63 9
3 64 67
3 65 18
3 66 14
3 67 74
3 68 60
3 69 68
3 70 20
3 71 69
3 72 74
3 73 72
3 74 63
3 75 100
3 76 11
3 77 43
3 78 67
3 79 99
3 80 9
3 81 2
3 82 100
3 83 81
3 84 14
3 85 83
3 86 56
3 87 99
3 88 52
3 89 91
3 90 22
4 1 36
4 2 28
4 3 88
4 4 67
4 5 53
4 6 45
4 7 13
4 8 75
4 9 87
4 10 5
4 11 62
4 12 53
4 13 20
4 14 54
4 15 11
4 16 15
4 17 65
4 18 63
4 19 55
4 20 80
4 21 50
4 22 29
4 23 93
4 24 19
4 25 5
4 26 55
4 27 62
4 28 72
4 29 18
4 30 65
4 31 79
4 32 71
4 33 14
4 34 8
4 35 18
4 36 29
4 37 95
4 38 73
4 39 37
4 40 28
4 41 6
4 42 35
4 43 1
4 44 40
4 45 1
4 46 27
4 47 29
4 48 92
4 49 1
4 50 16
4 51 66
4 52 100
4 53 45
4 54 43
4 55 10
4 56 48
4 57 81
4 58 8
4 59 96
4 60 33
4 61 44
4 62 80
4 63 35
4 64 61
4 65 79
4 66 81
4 67 89
4 68 16
4 69 12
4 70 35
4 71 13
4 72 24
4 73 8
4 74 23
4 75 79
4 76 72
4 77 58
4 78 14
4 79 37
4 80 19
4 81 82
4 82 38
4 83 65
4 84 14
4 85 65
4 86 64
4 87 55
4 88 97
4 89 47
4 90 26
5 1 16
5 2 41
5 3 16
5 4 79
5 5 68
5 6 59
5 7 27
5 8 30
5 9 73
5 10 94
5 11 7
5 12 51
5 13 70
5 14 38
5 15 70
5 16 7
5 17 28
5 18 18
5 19 17
5 20 16
5 21 27
5 22 88
5 23 14
5 24 61
5 25 74
5 26 47
5 27 48
5 28 77
5 29 97
5 30 69
5 31 42
5 32 67
5 33 33
5 34 31
5 35 68
5 36 100
5 37 28
5 38 31
5 39 83
5 40 86
5 41 43
5 42 6
5 43 14
5 44 98
5 45 64
5 46 12
5 47 43
5 48 13
5 49 16
5 50 69
5 51 49
5 52 46
5 53 64
5 54 63
5 55 88
5 56 95
5 57 23
5 58 82
5 59 14
5 60 93
5 61 70
5 62 5
5 63 88
5 64 77
5 65 60
5 66 88
5 67 34
5 68 2
5 69 42
5 70 51
5 71 56
5 72 1
5 73 53
5 74 32
5 75 45
5 76 36
5 77 68
5 78 69
5 79 18
5 80 55
5 81 41
5 82 96
5 83 91
5 84 22
5 85 47
5 86 10
5 87 17
5 88 51
5 89 20
5 90 66
6 1 82
6 2 56
6 3 77
6 4 14
6 5 25
6 6 87
6 7 52
6 8 90
6 9 51
6 10 32
6 11 25
6 12 47
6 13 8
6 14 48
6 15 37
6 16 41
6 17 79
6 18 17
6 19 65
6 20 100
6 21 74
6 22 63
6 23 75
6 24 97
6 25 86
6 26 8
6 27 36
6 28 62
6 29 71
6 30 23
6 31 30
6 32 11
6 33 76
6 34 17
6 35 70
6 36 49
6 37 67
6 38 12
6 39 33
6 40 13
6 41 61
6 42 36
6 43 72
6 44 7
6 45 59
6 46 81
6 47 62
6 48 40
6 49 88
6 50 91
6 51 25
6 52 36
6 53 59
6 54 2
6 55 45
6 56 93
6 57 1
6 58 96
6 59 53
6 60 90
6 61 54
6 62 79
6 63 36
6 64 67
6 65 98
6 66 91
6 67 40
6 68 55
6 69 76
6 70 64
6 71 77
6 72 21
6 73 92
6 74 29
6 75 13
6 76 56
6 77 29
6 78 27
6 79 90
6 80 63
6 81 95
6 82 9
6 83 48
6 84 76
6 85 93
6 86 49
6 87 96
6 88 50
6 89 54
6 90 32
7 1 44
7 2 47
7 3 50
7 4 54
7 5 38
7 6 10
7 7 27
7 8 83
7 9 59
7 10 42
7 11 51
7 12 86
7 13 9
7 14 65
7 15 9
7 16 17
7 17 39
7 18 43
7 19 88
7 20 86
7 21 19
7 22 31
7 23 16
7 24 62
7 25 56
7 26 42
7 27 2
7 28 45
7 29 37
7 30 30
7 31 4
7 32 4
7 33 57
7 34 78
7 35 98
7 36 45
7 37 30
7 38 92
7 39 11
7 40 48
7 41 80
7 42 5
7 43 83
7 44 37
7 45 50
7 46 61
7 47 69
7 48 62
7 49 74
7 50 39
7 51 43
7 52 27
7 53 26
7 54 5
7 55 34
7 56 33
7 57 51
7 58 75
7 59 10
7 60 59
7 61 91
7 62 26
7 63 21
7 64 76
7 65 75
7 66 15
7 67 40
7 68 56
7 69 53
7 70 3
7 71 32
7 72 89
7 73 43
7 74 4
7 75 71
7 76 82
7 77 3
7 78 5
7 79 33
7 80 83
7 81 15
7 82 33
7 83 93
7 84 83
7 85 66
7 86 69
7 87 32
7 88 79
7 89 73
7 90 59
8 1 39
8 2 85
8 3 71
8 4 44
8 5 80
8 6 91
8 7 48
8 8 92
8 9 25
8 10 64
8 11 83
8 12 83
8 13 67
8 14 39
8 15 21
8 16 43
8 17 46
8 18 60
8 19 7
8 20 31
8 21 20
8 22 46
8 23 44
8 24 16
8 25 80
8 26 55
8 27 77
8 28 65
8 29 40
8 30 67
8 31 95
8 32 91
8 33 33
8 34 9
8 35 37
8 36 74
8 37 94
8 38 21
8 39 86
8 40 42
8 41 79
8 42 29
8 43 72
8 44 78
8 45 55
8 46 56
8 47 53
8 48 19
8 49 65
8 50 8
8 51 43
8 52 92
8 53 32
8 54 90
8 55 94
8 56 32
8 57 5
8 58 79
8 59 78
8 60 71
8 61 25
8 62 62
8 63 93
8 64 85
8 65 74
8 66 53
8 67 72
8 68 77
8 69 56
8 70 29
8 71 98
8 72 71
8 73 16
8 74 40
8 75 23
8 76 88
8 77 92
8 78 75
8 79 56
8 80 81
8 81 61
8 82 20
8 83 88
8 84 2
8 85 91
8 86 40
8 87 60
8 88 49
8 89 26
8 90 21
9 1 42
9 2 23
9 3 41
9 4 31
9 5 78
9 6 99
9 7 45
9 8 65
9 9 45
9 10 11
9 11 82
9 12 61
9 13 19
9 14 98
9 15 43
9 16 28
9 17 42
9 18 98
9 19 76
9 20 78
9 21 42
9 22 72
9 23 8
9 24 25
9 25 20
9 26 48
9 27 21
9 28 40
9 29 92
9 30 44
9 31 58
9 32 84
9 33 32
9 34 79
9 35 69
9 36 61
9 37 73
9 38 30
9 39 61
9 40 9
9 41 56
9 42 71
9 43 92
9 44 40
9 45 24
9 46 87
9 47 22
9 48 73
9 49 99
9 50 3
9 51 42
9 52 70
9 53 98
9 54 9
9 55 90
9 56 84
9 57 98
9 58 1
9 59 31
9 60 67
9 61 5
9 62 43
9 63 92
9 64 23
9 65 49
9 66 32
9 67 80
9 68 90
9 69 44
9 70 80
9 71 56
9 72 46
9 73 45
9 74 2
9 75 65
9 76 100
9 77 67
9 78 59
9 79 37
9 80 2
9 81 50
9 82 93
9 83 77
9 84 38
9 85 85
9 86 77
9 87 28
9 88 50
9 89 14
9 90 90
10 1 53
10 2 46
10 3 66
10 4 27
10 5 26
10 6 27
10 7 25
10 8 95
10 9 52
10 10 61
10 11 34
10 12 51
10 13 40
10 14 94
10 15 83
10 16 89
10 17 3
10 18 99
10 19 70
10 20 17
10 21 40
10 22 13
10 23 6
10 24 23
10 25 56
10 26 49
10 27 89
10 28 41
10 29 83
10 30 90
10 31 96
10 32 1
10 33 71
10 34 40
10 35 19
10 36 28
10 37 10
10 38 12
10 39 98
10 40 57
10 41 85
10 42 12
10 43 1
10 44 49
10 45 51
10 46 51
10 47 93
10 48 73
10 49 11
10 50 60
10 51 22
10 52 16
10 53 27
10 54 83
10 55 21
10 56 77
10 57 87
10 58 42
10 59 15
10 60 78
10 61 90
10 62 66
10 63 43
10 64 46
10 65 16
10 66 17
10 67 24
10 68 73
10 69 15
10 70 78
10 71 29
10 72 50
10 73 19
10 74 25
10 75 95
10 76 84
10 77 27
10 78 48
10 79 21
10 80 21
10 81 71
10 82 87
10 83 89
10 84 51
10 85 31
10 86 13
10 87 81
10 88 27
10 89 60
10 90 56
11 1 91
11 2 5
11 3 4
11 4 73
11 5 86
11 6 11
11 7 30
11 8 38
11 9 74
11 10 57
11 11 82
11 12 20
11 13 47
11 14 88
11 15 67
11 16 72
11 17 21
11 18 77
11 19 87
11 20 37
11 21 70
11 22 35
11 23 89
11 24 88
11 25 94
11 26 5
11 27 90
11 28 77
11 29 68
11 30 72
11 31 7
11 32 57
11 33 63
11 34 87
11 35 68
11 36 98
11 37 77
11 38 89
11 39 62
11 40 4
11 41 41
11 42 7
11 43 92
11 44 28
11 45 6
11 46 61
11 47 62
11 48 15
11 49 37
11 50 88
11 51 68
11 52 100
11 53 27
11 54 69
11 55 37
11 56 98
11 57 21
11 58 83
11 59 89
11 60 81
11 61 33
11 62 35
11 63 79
11 64 42
11 65 90
11 66 97
11 67 45
11 68 67
11 69 52
11 70 85
11 71 50
11 72 59
11 73 40
11 74 89
11 75 68
11 76 59
11 77 13
11 78 51
11 79 77
11 80 14
11 81 5
11 82 81
11 83 100
11 84 80
11 85 92
11 86 71
11 87 79
11 88 42
11 89 67
11 90 76
12 1 73
12 2 47
12 3 2
12 4 46
12 5 85
12 6 72
12 7 35
12 8 42
12 9 50
12 10 24
12 11 60
12 12 65
12 13 81
12 14 29
12 15 79
12 16 69
12 17 99
12 18 94
12 19 27
12 20 21
12 21 78
12 22 93
12 23 8
12 24 66
12 25 33
12 26 42
12 27 90
12 28 4
12 29 31
12 30 5
12 31 75
12 32 25
12 33 6
12 34 81
12 35 97
12 36 3
12 37 44
12 38 42
12 39 83
12 40 2
12 41 58
12 42 100
12 43 10
12 44 68
12 45 45
12 46 49
12 47 8
12 48 43
12 49 71
12 50 12
12 51 16
12 52 14
12 53 37
12 54 14
12 55 12
12 56 21
12 57 52
12 58 61
12 59 48
12 60 80
12 61 50
12 62 47
12 63 31
12 64 55
12 65 55
12 66 49
12 67 52
12 68 88
12 69 45
12 70 30
12 71 75
12 72 31
12 73 96
12 74 49
12 75 49
12 76 42
12 77 23
12 78 14
12 79 100
12 80 6
12 81 18
12 82 28
12 83 73
12 84 57
12 85 58
12 86 76
12 87 12
12 88 83
12 89 19
12 90 66
13 1 27
13 2 7
13 3 97
13 4 82
13 5 43
13 6 69
13 7 18
13 8 28
13 9 8
13 10 38
13 11 38
13 12 83
13 13 38
13 14 43
13 15 35
13 16 21
13 17 5
13 18 100
13 19 60
13 20 66
13 21 43
13 22 23
13 23 86
13 24 73
13 25 48
13 26 77
13 27 81
13 28 58
13 29 66
13 30 78
13 31 21
13 32 11
13 33 77
13 34 86
13 35 95
13 36 26
13 37 55
13 38 96
13 39 28
13 40 17
13 41 59
13 42 75
13 43 93
13 44 92
13 45 92
13 46 88
13 47 70
13 48 12
13 49 36
13 50 82
13 51 19
13 52 35
13 53 2
13 54 12
13 55 46
13 56 2
13 57 1
13 58 18
13 59 60
13 60 79
13 61 62
13 62 20
13 63 91
13 64 52
13 65 57
13 66 42
13 67 95
13 68 15
13 69 37
13 70 2
13 71 13
13 72 88
13 73 39
13 74 74
13 75 93
13 76 26
13 77 1
13 78 75
13 79 25
13 80 47
13 81 63
13 82 32
13 83 94
13 84 73
13 85 95
13 86 29
13 87 35
13 88 41
13 89 88
13 90 90
14 1 79
14 2 67
14 3 53
14 4 45
14 5 92
14 6 57
14 7 2
14 8 12
14 9 62
14 10 89
14 11 94
14 12 89
14 13 71
14 14 81
14 15 38
14 16 18
14 17 73
14 18 84
14 19 81
14 20 89
14 21 80
14 22 35
14 23 44
14 24 46
14 25 27
14 26 42
14 27 26
14 28 52
14 29 69
14 30 74
14 31 41
14 32 32
14 33 55
14 34 24
14 35 33
14 36 100
14 37 96
14 38 46
14 39 80
14 40 75
14 41 84
14 42 1
14 43 13
14 44 82
14 45 38
14 46 56
14 47 60
14 48 37
14 49 83
14 50 20
14 51 75
14 52 92
14 53 2
14 54 6
14 55 4
14 56 42
14 57 85
14 58 74
14 59 71
14 60 40
14 61 88
14 62 56
14 63 97
14 64 100
14 65 92
14 66 96
14 67 11
14 68 71
14 69 93
14 70 16
14 71 73
14 72 4
14 73 66
14 74 80
14 75 61
14 76 8
14 77 10
14 78 22
14 79 59
14 80 59
14 81 16
14 82 66
14 83 38
14 84 22
14 85 8
14 86 57
14 87 76
14 88 45
14 89 86
14 90 54
15 1 75
15 2 20
15 3 85
15 4 90
15 5 62
15 6 77
15 7 92
15 8 79
15 9 26
15 10 17
15 11 58
15 12 81
15 13 61
15 14 50
15 15 37
15 16 78
15 17 7
15 18 22
15 19 3
15 20 56
15 21 32
15 22 81
15 23 47
15 24 66
15 25 10
15 26 30
15 27 75
15 28 77
15 29 20
15 30 19
15 31 58
15 32 40
15 33 51
15 34 50
15 35 53
15 36 66
15 37 69
15 38 34
15 39 45
15 40 16
15 41 40
15 42 18
15 43 52
15 44 8
15 45 72
15 46 58
15 47 75
15 48 10
15 49 34
15 50 47
15 51 69
15 52 60
15 53 15
15 54 42
15 55 78
15 56 44
15 57 16
15 58 72
15 59 42
15 60 81
15 61 3
15 62 13
15 63 99
15 64 44
15 65 30
15 66 38
15 67 17
15 68 68
15 69 37
15 70 47
15 71 34
15 72 48
15 73 55
15 74 79
15 75 65
15 76 64
15 77 49
15 78 31
15 79 66
15 80 52
15 81 69
15 82 63
15 83 18
15 84 22
15 85 44
15 86 80
15 87 41
15 88 56
15 89 54
15 90 1
16 1 52
16 2 46
16 3 3
16 4 74
16 5 62
16 6 87
16 7 41
16 8 4
16 9 39
16 10 36
16 11 95
16 12 23
16 13 35
16 14 46
16 15 58
16 16 92
16 17 70
16 18 20
16 19 98
16 20 46
16 21 49
16 22 49
16 23 89
16 24 54
16 25 7
16 26 73
16 27 35
16 28 47
16 29 30
16 30 79
16 31 62
16 32 15
16 33 39
16 34 97
16 35 1
16 36 99
16 37 84
16 38 62
16 39 31
16 40 40
16 41 35
16 42 66
16 43 55
16 44 81
16 45 28
16 46 39
16 47 39
16 48 32
16 49 64
16 50 19
16 51 19
16 52 48
16 53 89
16 54 79
16 55 17
16 56 15
16 57 96
16 58 94
16 59 74
16 60 41
16 61 34
16 62 54
16 63 43
16 64 47
16 65 100
16 66 83
16 67 80
16 68 42
16 69 93
16 70 36
16 71 49
16 72 32
16 73 90
16 74 58
16 75 88
16 76 93
16 77 66
16 78 31
16 79 5
16 80 52
16 81 75
16 82 51
16 83 28
16 84 54
16 85 40
16 86 94
16 87 20
16 88 45
16 89 16
16 90 92
17 1 47
17 2 8
17 3 74
17 4 83
17 5 21
17 6 100
17 7 83
17 8 87
17 9 96
17 10 22
17 11 60
17 12 7
17 13 41
17 14 98
17 15 81
17 16 85
17 17 44
17 18 38
17 19 64
17 20 41
17 21 97
17 22 40
17 23 30
17 24 65
17 25 95
17 26 95
17 27 33
17 28 63
17 29 78
17 30 48
17 31 32
17 32 10
17 33 69
17 34 6
17 35 27
17 36 50
17 37 75
17 38 39
17 39 83
17 40 66
17 41 95
17 42 34
17 43 97
17 44 59
17 45 62
17 46 3
17 47 90
17 48 76
17 49 93
17 50 10
17 51 51
17 52 70
17 53 90
17 54 100
17 55 62
17 56 24
17 57 40
17 58 10
17 59 86
17 60 59
17 61 18
17 62 33
17 63 5
17 64 72
17 65 61
17 66 1
17 67 82
17 68 16
17 69 45
17 70 96
17 71 44
17 72 42
17 73 39
17 74 12
17 75 91
17 76 93
17 77 45
17 78 44
17 79 50
17 80 11
17 81 66
17 82 91
17 83 49
17 84 40
17 85 48
17 86 99
17 87 19
17 88 7
17 89 17
17 90 84
18 1 72
18 2 35
18 3 76
18 4 48
18 5 75
18 6 49
18 7 72
18 8 87
18 9 22
18 10 80
18 11 88
18 12 43
18 13 41
18 14 58
18 15 65
18 16 77
18 17 76
18 18 25
18 19 4
18 20 41
18 21 9
18 22 95
18 23 76
18 24 53
18 25 18
18 26 51
18 27 93
18 28 67
18 29 28
18 30 40
18 31 53
18 32 13
18 33 16
18 34 19
18 35 14
18 36 87
18 37 75
18 38 30
18 39 43
18 40 97
18 41 78
18 42 96
18 43 2
18 44 97
18 45 33
18 46 57
18 47 27
18 48 16
18 49 18
18 50 11
18 51 63
18 52 50
18 53 63
18 54 37
18 55 98
18 56 9
18 57 16
18 58 23
18 59 84
18 60 97
18 61 39
18 62 95
18 63 47
18 64 12
18 65 19
18 66 21
18 67 32
18 68 73
18 69 51
18 70 49
18 71 14
18 72 68
18 73 90
18 74 14
18 75 1
18 76 35
18 77 79
18 78 86
18 79 82
18 80 28
18 81 82
18 82 65
18 83 37
18 84 75
18 85 61
18 86 2
18 87 52
18 88 33
18 89 28
18 90 48
19 1 6
19 2 68
19 3 52
19 4 87
19 5 70
19 6 33
19 7 66
19 8 94
19 9 53
19 10 46
19 11 84
19 12 50
19 13 7
19 14 94
19 15 21
19 16 91
19 17 51
19 18 53
19 19 92
19 20 67
19 21 39
19 22 32
19 23 70
19 24 16
19 25 84
19 26 47
19 27 43
19 28 91
19 29 45
19 30 62
19 31 68
19 32 80
19 33 61
19 34 88
19 35 51
19 36 31
19 37 75
19 38 2
19 39 6
19 40 98
19 41 9
19 42 26
19 43 53
19 44 69
19 45 7
19 46 66
19 47 100
19 48 9
19 49 53
19 50 4
19 51 76
19 52 27
19 53 74
19 54 58
19 55 94
19 56 57
19 57 26
19 58 98
19 59 70
19 60 99
19 61 28
19 62 4
19 63 47
19 64 16
19 65 25
19 66 42
19 67 20
19 68 33
19 69 100
19 70 16
19 71 85
19 72 64
19 73 16
19 74 25
19 75 51
19 76 37
19 77 98
19 78 45
19 79 73
19 80 64
19 81 71
19 82 35
19 83 7
19 84 64
19 85 74
19 86 58
19 87 82
19 88 13
19 89 18
19 90 58
20 1 13
20 2 47
20 3 22
20 4 65
20 5 45
20 6 33
20 7 95
20 8 40
20 9 44
20 10 10
20 11 89
20 12 54
20 13 73
20 14 94
20 15 55
20 16 87
20 17 50
20 18 79
20 19 92
20 20 96
20 21 27
20 22 61
20 23 78
20 24 63
20 25 2
20 26 13
20 27 10
20 28 18
20 29 44
20 30 84
20 31 85
20 32 85
20 33 53
20 34 77
20 35 79
20 36 34
20 37 7
20 38 20
20 39 59
20 40 2
20 41 14
20 42 49
20 43 56
20 44 12
20 45 35
20 46 36
20 47 25
20 48 71
20 49 84
20 50 40
20 51 17
20 52 46
20 53 16
20 54 96
20 55 58
20 56 6
20 57 52
20 58 56
20 59 10
20 60 30
20 61 74
20 62 99
20 63 58
20 64 74
20 65 56
20 66 19
20 67 51
20 68 2
20 69 53
20 70 40
20 71 11
20 72 77
20 73 1
20 74 39
20 75 55
20 76 18
20 77 84
20 78 10
20 79 32
20 80 77
20 81 76
20 82 3
20 83 8
20 84 88
20 85 86
20 86 39
20 87 36
20 88 70
20 89 34
20 90 60
21 1 16
21 2 72
21 3 24
21 4 27
21 5 29
21 6 38
21 7 15
21 8 11
21 9 11
21 10 98
21 11 35
21 12 85
21 13 26
21 14 44
21 15 83
21 16 90
21 17 5
21 18 56
21 19 28
21 20 16
21 21 85
21 22 52
21 23 22
21 24 58
21 25 87
21 26 98
21 27 40
21 28 58
21 29 2
21 30 86
21 31 9
21 32 67
21 33 98
21 34 91
21 35 52
21 36 56
21 37 38
21 38 57
21 39 53
21 40 8
21 41 52
21 42 14
21 43 40
21 44 59
21 45 21
21 46 75
21 47 83
21 48 62
21 49 40
21 50 32
21 51 68
21 52 58
21 53 56
21 54 91
21 55 1
21 56 89
21 57 38
21 58 94
21 59 3
21 60 96
21 61 46
21 62 92
21 63 48
21 64 93
21 65 41
21 66 83
21 67 29
21 68 45
21 69 66
21 70 32
21 71 77
21 72 10
21 73 60
21 74 48
21 75 77
21 76 41
21 77 24
21 78 91
21 79 51
21 80 18
21 81 70
21 82 51
21 83 74
21 84 50
21 85 79
21 86 79
21 87 17
21 88 2
21 89 82
21 90 18
22 1 32
22 2 33
22 3 46
22 4 57
22 5 10
22 6 63
22 7 23
22 8 11
22 9 67
22 10 17
22 11 30
22 12 64
22 13 74
22 14 43
22 15 5
22 16 84
22 17 29
22 18 84
22 19 85
22 20 74
22 21 51
22 22 71
22 23 5
22 24 72
22 25 31
22 26 10
22 27 35
22 28 20
22 29 87
22 30 33
22 31 80
22 32 43
22 33 40
22 34 2
22 35 26
22 36 93
22 37 43
22 38 63
22 39 61
22 40 84
22 41 38
22 42 74
22 43 13
22 44 78
22 45 43
22 46 49
22 47 52
22 48 47
22 49 49
22 50 92
22 51 43
22 52 44
22 53 33
22 54 80
22 55 52
22 56 16
22 57 9
22 58 47
22 59 72
22 60 11
22 61 1
22 62 26
22 63 46
22 64 24
22 65 59
22 66 74
22 67 88
22 68 100
22 69 66
22 70 77
22 71 20
22 72 59
22 73 79
22 74 49
22 75 99
22 76 82
22 77 98
22 78 15
22 79 4
22 80 13
22 81 24
22 82 44
22 83 88
22 84 7
22 85 12
22 86 90
22 87 72
22 88 1
22 89 19
22 90 17
23 1 4
23 2 45
23 3 89
23 4 73
23 5 81
23 6 2
23 7 66
23 8 100
23 9 33
23 10 34
23 11 30
23 12 26
23 13 11
23 14 92
23 15 36
23 16 68
23 17 44
23 18 30
23 19 71
23 20 16
23 21 23
23 22 82
23 23 99
23 24 45
23 25 26
23 26 95
23 27 90
23 28 74
23 29 1
23 30 3
23 31 22
23 32 51
23 33 20
23 34 59
23 35 1
23 36 84
23 37 2
23 38 84
23 39 74
23 40 13
23 41 47
23 42 31
23 43 89
23 44 97
23 45 16
23 46 29
23 47 67
23 48 90
23 49 58
23 50 93
23 51 42
23 52 76
23 53 75
23 54 7
23 55 18
23 56 61
23 57 92
23 58 65
23 59 88
23 60 53
23 61 61
23 62 83
23 63 11
23 64 38
23 65 98
23 66 11
23 67 31
23 68 99
23 69 76
23 70 55
23 71 35
23 72 40
23 73 6
23 74 43
23 75 67
23 76 29
23 77 33
23 78 12
23 79 13
23 80 9
23 81 43
23 82 28
23 83 59
23 84 22
23 85 60
23 86 3
23 87 86
23 88 41
23 89 31
23 90 88
24 1 83
24 2 61
24 3 36
24 4 48
24 5 72
24 6 55
24 7 71
24 8 74
24 9 81
24 10 94
24 11 45
24 12 94
24 13 28
24 14 24
24 15 38
24 16 62
24 17 68
24 18 2
24 19 76
24 20 50
24 21 8
24 22 14
24 23 77
24 24 48
24 25 58
24 26 71
24 27 60
24 28 82
24 29 45
24 30 68
24 31 30
24 32 76
24 33 59
24 34 7
24 35 45
24 36 26
24 37 82
24 38 81
24 39 72
24 40 83
24 41 93
24 42 97
24 43 27
24 44 18
24 45 94
24 46 47
24 47 50
24 48 44
24 49 91
24 50 15
24 51 62
24 52 48
24 53 44
24 54 71
24 55 78
24 56 100
24 57 46
24 58 84
24 59 98
24 60 66
24 61 67
24 62 78
24 63 85
24 64 68
24 65 64
24 66 89
24 67 26
24 68 49
24 69 54
24 70 60
24 71 68
24 72 20
24 73 22
24 74 75
24 75 100
24 76 2
24 77 80
24 78 68
24 79 78
24 80 88
24 81 47
24 82 77
24 83 71
24 84 49
24 85 76
24 86 95
24 87 47
24 88 25
24 89 13
24 90 81
25 1 53
25 2 16
25 3 18
25 4 66
25 5 33
25 6 49
25 7 21
25 8 84
25 9 4
25 10 50
25 11 5
25 12 17
25 13 73
25 14 92
25 15 34
25 16 11
25 17 23
25 18 82
25 19 41
25 20 2
25 21 35
25 22 47
25 23 77
25 24 21
25 25 25
25 26 9
25 27 80
25 28 94
25 29 1
25 30 11
25 31 38
25 32 11
25 33 46
25 34 63
25 35 68
25 36 72
25 37 94
25 38 97
25 39 81
25 40 94
25 41 21
25 42 77
25 43 31
25 44 38
25 45 1
25 46 42
25 47 61
25 48 4
25 49 5
25 50 91
25 51 66
25 52 63
25 53 65
25 54 35
25 55 61
25 56 89
25 57 89
25 58 78
25 59 83
25 60 96
25 61 90
25 62 28
25 63 62
25 64 79
25 65 14
25 66 68
25 67 13
25 68 66
25 69 55
25 70 74
25 71 83
25 72 59
25 73 52
25 74 89
25 75 27
25 76 4
25 77 35
25 78 29
25 79 29
25 80 52
25 81 90
25 82 71
25 83 65
25 84 64
25 85 50
25 86 47
25 87 40
25 88 22
25 89 27
25 90 61
26 1 7
26 2 57
26 3 86
26 4 54
26 5 54
26 6 4
26 7 69
26 8 54
26 9 13
26 10 49
26 11 39
26 12 51
26 13 10
26 14 35
26 15 75
26 16 79
26 17 85
26 18 64
26 19 13
26 20 27
26 21 38
26 22 70
26 23 51
26 24 28
26 25 85
26 26 64
26 27 43
26 28 7
26 29 43
26 30 78
26 31 51
26 32 62
26 33 67
26 34 15
26 35 86
26 36 18
26 37 27
26 38 39
26 39 87
26 40 92
26 41 73
26 42 13
26 43 46
26 44 34
26 45 14
26 46 93
26 47 46
26 48 17
26 49 32
26 50 4
26 51 30
26 52 96
26 53 42
26 54 56
26 55 61
26 56 26
26 57 46
26 58 70
26 59 83
26 60 20
26 61 14
26 62 13
26 63 34
26 64 60
26 65 84
26 66 51
26 67 88
26 68 44
26 69 11
26 70 94
26 71 28
26 72 60
26 73 1
26 74 62
26 75 71
26 76 42
26 77 17
26 78 13
26 79 30
26 80 9
26 81 82
26 82 27
26 83 84
26 84 14
26 85 1
26 86 95
26 87 79
26 88 16
26 89 21
26 90 96
27 1 52
27 2 55
27 3 28
27 4 6
27 5 97
27 6 25
27 7 15
27 8 56
27 9 92
27 10 78
27 11 6
27 12 32
27 13 22
27 14 64
27 15 64
27 16 39
27 17 43
27 18 75
27 19 85
27 20 4
27 21 46
27 22 85
27 23 3
27 24 72
27 25 99
27 26 1
27 27 92
27 28 2
27 29 56
27 30 62
27 31 87
27 32 87
27 33 87
27 34 65
27 35 89
27 36 20
27 37 75
27 38 20
27 39 54
27 40 78
27 41 70
27 42 12
27 43 68
27 44 72
27 45 99
27 46 49
27 47 76
27 48 31
27 49 97
27 50 97
27 51 25
27 52 75
27 53 61
27 54 97
27 55 67
27 56 50
27 57 90
27 58 77
27 59 79
27 60 73
27 61 76
27 62 11
27 63 97
27 64 43
27 65 11
27 66 12
27 67 69
27 68 31
27 69 79
27 70 33
27 71 49
27 72 87
27 73 31
27 74 100
27 75 65
27 76 8
27 77 64
27 78 6
27 79 1
27 80 2
27 81 65
27 82 17
27 83 74
27 84 72
27 85 16
27 86 9
27 87 34
27 88 44
27 89 21
27 90 59
28 1 64
28 2 23
28 3 92
28 4 52
28 5 72
28 6 76
28 7 98
28 8 52
28 9 99
28 10 93
28 11 40
28 12 30
28 13 14
28 14 46
28 15 98
28 16 33
28 17 48
28 18 53
28 19 7
28 20 94
28 21 99
28 22 88
28 23 31
28 24 25
28 25 77
28 26 24
28 27 57
28 28 64
28 29 77
28 30 37
28 31 39
28 32 77
28 33 17
28 34 80
28 35 89
28 36 74
28 37 14
28 38 42
28 39 23
28 40 76
28 41 4
28 42 94
28 43 69
28 44 65
28 45 84
28 46 1
28 47 71
28 48 18
28 49 30
28 50 6
28 51 53
28 52 99
28 53 93
28 54 10
28 55 11
28 56 58
28 57 31
28 58 50
28 59 42
28 60 31
28 61 58
28 62 34
28 63 62
28 64 19
28 65 26
28 66 57
28 67 41
28 68 60
28 69 8
28 70 92
28 71 78
28 72 32
28 73 57
28 74 36
28 75 6
28 76 63
28 77 50
28 78 68
28 79 19
28 80 23
28 81 99
28 82 2
28 83 35
28 84 90
28 85 83
28 86 24
28 87 18
28 88 6
28 89 65
28 90 45
29 1 6
29 2 97
29 3 3
29 4 16
29 5 72
29 6 90
29 7 70
29 8 56
29 9 8
29 10 15
29 11 85
29 12 13
29 13 19
29 14 89
29 15 34
29 16 95
29 17 93
29 18 57
29 19 86
29 20 69
29 21 63
29 22 70
29 23 90
29 24 52
29 25 51
29 26 31
29 27 25
29 28 17
29 29 57
29 30 38
29 31 12
29 32 40
29 33 21
29 34 29
29 35 97
29 36 51
29 37 100
29 38 33
29 39 27
29 40 78
29 41 89
29 42 6
29 43 84
29 44 71
29 45 91
29 46 18
29 47 46
29 48 94
29 49 65
29 50 38
29 51 89
29 52 77
29 53 48
29 54 18
29 55 31
29 56 97
29 57 4
29 58 3
29 59 79
29 60 59
29 61 62
29 62 74
29 63 21
29 64 23
29 65 97
29 66 93
29 67 58
29 68 11
29 69 76
29 70 67
29 71 71
29 72 89
29 73 94
29 74 71
29 75 31
29 76 93
29 77 9
29 78 71
29 79 3
29 80 59
29 81 50
29 82 64
29 83 99
29 84 96
29 85 21
29 86 64
29 87 7
29 88 93
29 89 50
29 90 10
30 1 41
30 2 42
30 3 94
30 4 76
30 5 25
30 6 22
30 7 2
30 8 4
30 9 4
30 10 61
30 11 51
30 12 16
30 13 25
30 14 100
30 15 49
30 16 34
30 17 78
30 18 76
30 19 91
30 20 90
30 21 64
30 22 55
30 23 68
30 24 77
30 25 19
30 26 98
30 27 18
30 28 89
30 29 52
30 30 11
30 31 11
30 32 74
30 33 14
30 34 92
30 35 95
30 36 49
30 37 60
30 38 73
30 39 81
30 40 81
30 41 54
30 42 15
30 43 90
30 44 14
30 45 27
30 46 100
30 47 61
30 48 82
30 49 25
30 50 74
30 51 89
30 52 68
30 53 1
30 54 82
30 55 92
30 56 19
30 57 67
30 58 71
30 59 90
30 60 31
30 61 90
30 62 6
30 63 7
30 64 99
30 65 4
30 66 67
30 67 76
30 68 100
30 69 52
30 70 18
30 71 82
30 72 88
30 73 56
30 74 44
30 75 5
30 76 2
30 77 5
30 78 92
30 79 21
30 80 69
30 81 46
30 82 72
30 83 87
30 84 17
30 85 76
30 86 28
30 87 87
30 88 47
30 89 91
30 90 99
31 1 26
31 2 4
31 3 10
31 4 60
31 5 35
31 6 30
31 7 62
31 8 84
31 9 50
31 10 95
31 11 72
31 12 39
31 13 11
31 14 78
31 15 86
31 16 7
31 17 16
31 18 83
31 19 21
31 20 58
31 21 74
31 22 27
31 23 9
31 24 33
31 25 64
31 26 92
31 27 60
31 28 22
31 29 62
31 30 20
31 31 21
31 32 54
31 33 74
31 34 93
31 35 20
31 36 43
31 37 100
31 38 71
31 39 48
31 40 28
31 41 2
31 42 32
31 43 72
31 44 33
31 45 29
31 46 10
31 47 52
31 48 74
31 49 28
31 50 63
31 51 89
31 52 48
31 53 59
31 54 85
31 55 40
31 56 87
31 57 68
31 58 31
31 59 3
31 60 50
31 61 78
31 62 25
31 63 23
31 64 15
31 65 7
31 66 86
31 67 31
31 68 36
31 69 60
31 70 41
31 71 31
31 72 62
31 73 3
31 74 1
31 75 30
31 76 95
31 77 1
31 78 57
31 79 31
31 80 11
31 81 63
31 82 38
31 83 57
31 84 47
31 85 7
31 86 28
31 87 26
31 88 15
31 89 87
31 90 73
32 1 74
32 2 78
32 3 56
32 4 10
32 5 44
32 6 87
32 7 9
32 8 40
32 9 33
32 10 18
32 11 12
32 12 49
32 13 57
32 14 64
32 15 38
32 16 93
32 17 58
32 18 51
32 19 58
32 20 73
32 21 76
32 22 89
32 23 88
32 24 65
32 25 41
32 26 55
32 27 61
32 28 48
32 29 49
32 30 30
32 31 19
32 32 9
32 33 51
32 34 52
32 35 41
32 36 66
32 37 86
32 38 68
32 39 79
32 40 94
32 41 96
32 42 2
32 43 22
32 44 91
32 45 84
32 46 44
32 47 4
32 48 79
32 49 45
32 50 97
32 51 25
32 52 36
32 53 37
32 54 55
32 55 64
32 56 54
32 57 61
32 58 54
32 59 98
32 60 44
32 61 92
32 62 86
32 63 71
32 64 32
32 65 35
32 66 60
32 67 14
32 68 48
32 69 36
32 70 34
32 71 72
32 72 82
32 73 100
32 74 74
32 75 13
32 76 16
32 77 9
32 78 70
32 79 98
32 80 41
32 81 7
32 82 86
32 83 88
32 84 32
32 85 71
32 86 60
32 87 2
32 88 25
32 89 18
32 90 99
33 1 24
33 2 19
33 3 53
33 4 7
33 5 48
33 6 8
33 7 97
33 8 13
33 9 51
33 10 33
33 11 47
33 12 13
33 13 35
33 14 60
33 15 75
33 16 22
33 17 78
33 18 75
33 19 63
33 20 80
33 21 65
33 22 16
33 23 70
33 24 90
33 25 32
33 26 50
33 27 60
33 28 2
33 29 38
33 30 70
33 31 45
33 32 35
33 33 62
33 34 22
33 35 26
33 36 29
33 37 34
33 38 45
33 39 64
33 40 39
33 41 68
33 42 60
33 43 61
33 44 44
33 45 16
33 46 58
33 47 22
33 48 19
33 49 76
33 50 71
33 51 17
33 52 7
33 53 98
33 54 89
33 55 30
33 56 18
33 57 74
33 58 99
33 59 46
33 60 96
33 61 25
33 62 73
33 63 64
33 64 5
33 65 40
33 66 64
33 67 29
33 68 79
33 69 64
33 70 93
33 71 10
33 72 57
33 73 2
33 74 11
33 75 89
33 76 55
33 77 44
33 78 43
33 79 3
33 80 27
33 81 10
33 82 37
33 83 100
33 84 92
33 85 31
33 86 78
33 87 12
33 88 53
33 89 47
33 90 8
34 1 68
34 2 82
34 3 7
34 4 97
34 5 85
34 6 87
34 7 25
34 8 95
34 9 27
34 10 79
34 11 9
34 12 53
34 13 86
34 14 87
34 15 54
34 16 4
34 17 25
34 18 58
34 19 10
34 20 15
34 21 94
34 22 99
34 23 99
34 24 81
34 25 52
34 26 87
34 27 87
34 28 60
34 29 31
34 30 41
34 31 84
34 32 21
34 33 62
34 34 34
34 35 41
34 36 41
34 37 70
34 38 65
34 39 29
34 40 10
34 41 81
34 42 99
34 43 37
34 44 76
34 45 4
34 46 30
34 47 83
34 48 45
34 49 51
34 50 57
34 51 21
34 52 100
34 53 7
34 54 58
34 55 72
34 56 17
34 57 28
34 58 64
34 59 74
34 60 59
34 61 15
34 62 39
34 63 70
34 64 65
34 65 61
34 66 74
34 67 99
34 68 3
34 69 42
34 70 36
34 71 72
34 72 8
34 73 83
34 74 15
34 75 33
34 76 51
34 77 72
34 78 11
34 79 15
34 80 61
34 81 95
34 82 62
34 83 20
34 84 60
34 85 1
34 86 71
34 87 25
34 88 33
34 89 51
34 90 1
35 1 77
35 2 37
35 3 51
35 4 21
35 5 24
35 6 59
35 7 92
35 8 93
35 9 40
35 10 4
35 11 61
35 12 35
35 13 73
35 14 41
35 15 16
35 16 15
35 17 70
35 18 29
35 19 12
35 20 70
35 21 67
35 22 63
35 23 56
35 24 37
35 25 76
35 26 70
35 27 91
35 28 24
35 29 66
35 30 83
35 31 65
35 32 7
35 33 96
35 34 7
35 35 6
35 36 34
35 37 3
35 38 72
35 39 21
35 40 70
35 41 62
35 42 55
35 43 50
35 44 30
35 45 20
35 46 22
35 47 64
35 48 87
35 49 79
35 50 9
35 51 21
35 52 12
35 53 80
35 54 78
35 55 25
35 56 30
35 57 87
35 58 34
35 59 99
35 60 41
35 61 77
35 62 79
35 63 3
35 64 23
35 65 32
35 66 3
35 67 35
35 68 75
35 69 17
35 70 39
35 71 28
35 72 23
35 73 36
35 74 4
35 75 77
35 76 85
35 77 12
35 78 43
35 79 51
35 80 88
35 81 73
35 82 72
35 83 87
35 84 40
35 85 85
35 86 93
35 87 86
35 88 81
35 89 82
35 90 91
36 1 34
36 2 3
36 3 85
36 4 96
36 5 48
36 6 81
36 7 84
36 8 37
36 9 71
36 10 6
36 11 94
36 12 40
36 13 8
36 14 33
36 15 76
36 16 19
36 17 60
36 18 48
36 19 29
36 20 66
36 21 5
36 22 97
36 23 3
36 24 6
36 25 62
36 26 52
36 27 12
36 28 50
36 29 16
36 30 8
36 31 59
36 32 83
36 33 34
36 34 84
36 35 65
36 36 10
36 37 20
36 38 85
36 39 41
36 40 89
36 41 71
36 42 96
36 43 84
36 44 82
36 45 27
36 46 31
36 47 85
36 48 86
36 49 11
36 50 8
36 51 74
36 52 67
36 53 28
36 54 15
36 55 64
36 56 73
36 57 69
36 58 8
36 59 38
36 60 50
36 61 74
36 62 88
36 63 77
36 64 2
36 65 94
36 66 74
36 67 90
36 68 5
36 69 79
36 70 80
36 71 42
36 72 50
36 73 25
36 74 77
36 75 22
36 76 69
36 77 72
36 78 85
36 79 48
36 80 59
36 81 66
36 82 63
36 83 79
36 84 36
36 85 10
36 86 26
36 87 2
36 88 83
36 89 13
36 90 62
37 1 86
37 2 66
37 3 6
37 4 94
37 5 50
37 6 86
37 7 22
37 8 14
37 9 76
37 10 84
37 11 36
37 12 20
37 13 46
37 14 32
37 15 74
37 16 26
37 17 97
37 18 74
37 19 76
37 20 46
37 21 16
37 22 34
37 23 79
37 24 58
37 25 58
37 26 68
37 27 37
37 28 22
37 29 82
37 30 5
37 31 93
37 32 29
37 33 45
37 34 46
37 35 68
37 36 85
37 37 65
37 38 23
37 39 46
37 40 19
37 41 85
37 42 49
37 43 18
37 44 56
37 45 18
37 46 62
37 47 3
37 48 8
37 49 87
37 50 44
37 51 88
37 52 31
37 53 12
37 54 54
37 55 78
37 56 6
37 57 6
37 58 5
37 59 44
37 60 1
37 61 99
37 62 35
37 63 64
37 64 16
37 65 71
37 66 79
37 67 10
37 68 81
37 69 44
37 70 56
37 71 21
37 72 9
37 73 33
37 74 12
37 75 69
37 76 36
37 77 31
37 78 45
37 79 68
37 80 11
37 81 35
37 82 22
37 83 66
37 84 78
37 85 16
37 86 92
37 87 54
37 88 70
37 89 97
37 90 15
38 1 20
38 2 92
38 3 80
38 4 61
38 5 7
38 6 49
38 7 23
38 8 12
38 9 64
38 10 13
38 11 3
38 12 96
38 13 67
38 14 31
38 15 81
38 16 67
38 17 83
38 18 51
38 19 78
38 20 60
38 21 93
38 22 68
38 23 25
38 24 63
38 25 54
38 26 30
38 27 11
38 28 50
38 29 40
38 30 55
38 31 41
38 32 65
38 33 54
38 34 2
38 35 53
38 36 95
38 37 72
38 38 84
38 39 3
38 40 19
38 41 69
38 42 72
38 43 26
38 44 43
38 45 94
38 46 19
38 47 39
38 48 83
38 49 40
38 50 14
38 51 26
38 52 89
38 53 66
38 54 38
38 55 71
38 56 92
38 57 99
38 58 16
38 59 66
38 60 61
38 61 10
38 62 84
38 63 33
38 64 24
38 65 28
38 66 90
38 67 29
38 68 24
38 69 64
38 70 42
38 71 33
38 72 25
38 73 69
38 74 93
38 75 75
38 76 60
38 77 43
38 78 89
38 79 95
38 80 84
38 81 51
38 82 45
38 83 88
38 84 46
38 85 67
38 86 37
38 87 30
38 88 71
38 89 95
38 90 46
39 1 25
39 2 53
39 3 67
39 4 49
39 5 72
39 6 96
39 7 81
39 8 100
39 9 76
39 10 56
39 11 99
39 12 82
39 13 97
39 14 65
39 15 87
39 16 62
39 17 95
39 18 11
39 19 92
39 20 36
39 21 44
39 22 99
39 23 98
39 24 23
39 25 82
39 26 97
39 27 41
39 28 14
39 29 92
39 30 73
39 31 63
39 32 88
39 33 42
39 34 93
39 35 23
39 36 90
39 37 71
39 38 52
39 39 91
39 40 97
39 41 31
39 42 2
39 43 47
39 44 55
39 45 69
39 46 35
39 47 98
39 48 44
39 49 91
39 50 61
39 51 88
39 52 21
39 53 8
39 54 30
39 55 31
39 56 65
39 57 25
39 58 11
39 59 52
39 60 80
39 61 64
39 62 28
39 63 77
39 64 70
39 65 63
39 66 47
39 67 43
39 68 72
39 69 77
39 70 18
39 71 23
39 72 85
39 73 23
39 74 38
39 75 74
39 76 97
39 77 75
39 78 87
39 79 15
39 80 10
39 81 63
39 82 1
39 83 77
39 84 90
39 85 18
39 86 12
39 87 89
39 88 32
39 89 70
39 90 91
40 1 7
40 2 93
40 3 98
40 4 12
40 5 74
40 6 9
40 7 99
40 8 29
40 9 53
40 10 82
40 11 71
40 12 1
40 13 56
40 14 58
40 15 26
40 16 85
40 17 30
40 18 35
40 19 67
40 20 17
40 21 23
40 22 100
40 23 26
40 24 36
40 25 22
40 26 58
40 27 60
40 28 8
40 29 40
40 30 48
40 31 99
40 32 9
40 33 71
40 34 37
40 35 23
40 36 58
40 37 56
40 38 83
40 39 33
40 40 49
40 41 99
40 42 6
40 43 65
40 44 71
40 45 31
40 46 94
40 47 16
40 48 51
40 49 96
40 50 4
40 51 91
40 52 8
40 53 56
40 54 74
40 55 47
40 56 65
40 57 90
40 58 9
40 59 39
40 60 67
40 61 1
40 62 94
40 63 80
40 64 76
40 65 22
40 66 93
40 67 3
40 68 87
40 69 46
40 70 56
40 71 73
40 72 11
40 73 28
40 74 19
40 75 39
40 76 99
40 77 54
40 78 55
40 79 52
40 80 21
40 81 99
40 82 58
40 83 47
40 84 57
40 85 81
40 86 9
40 87 43
40 88 93
40 89 2
40 90 93
41 1 93
41 2 73
41 3 73
41 4 63
41 5 89
41 6 86
41 7 85
41 8 72
41 9 6
41 10 13
41 11 13
41 12 35
41 13 2
41 14 100
41 15 37
41 16 60
41 17 89
41 18 63
41 19 80
41 20 73
41 21 41
41 22 29
41 23 19
41 24 4
41 25 54
41 26 24
41 27 59
41 28 16
41 29 88
41 30 98
41 31 78
41 32 22
41 33 80
41 34 63
41 35 92
41 36 27
41 37 32
41 38 82
41 39 21
41 40 13
41 41 80
41 42 86
41 43 83
41 44 26
41 45 66
41 46 91
41 47 22
41 48 54
41 49 7
41 50 66
41 51 5
41 52 18
41 53 74
41 54 95
41 55 18
41 56 70
41 57 32
41 58 38
41 59 23
41 60 62
41 61 85
41 62 30
41 63 50
41 64 18
41 65 67
41 66 62
41 67 67
41 68 100
41 69 78
41 70 28
41 71 27
41 72 33
41 73 21
41 74 29
41 75 96
41 76 49
41 77 80
41 78 99
41 79 35
41 80 41
41 81 32
41 82 54
41 83 49
41 84 77
41 85 81
41 86 78
41 87 82
41 88 7
41 89 26
41 90 12
42 1 35
42 2 23
42 3 86
42 4 5
42 5 29
42 6 22
42 7 86
42 8 28
42 9 31
42 10 83
42 11 55
42 12 79
42 13 30
42 14 73
42 15 14
42 16 3
42 17 88
42 18 31
42 19 74
42 20 78
42 21 6
42 22 73
42 23 34
42 24 66
42 25 17
42 26 24
42 27 9
42 28 32
42 29 56
42 30 87
42 31 95
42 32 35
42 33 60
42 34 15
42 35 14
42 36 97
42 37 16
42 38 19
42 39 99
42 40 9
42 41 45
42 42 62
42 43 97
42 44 87
42 45 12
42 46 2
42 47 66
42 48 49
42 49 85
42 50 56
42 51 51
42 52 42
42 53 29
42 54 56
42 55 17
42 56 54
42 57 71
42 58 89
42 59 90
42 60 34
42 61 34
42 62 87
42 63 64
42 64 53
42 65 99
42 66 26
42 67 57
42 68 41
42 69 42
42 70 41
42 71 60
42 72 76
42 73 10
42 74 64
42 75 19
42 76 19
42 77 38
42 78 19
42 79 19
42 80 27
42 81 56
42 82 57
42 83 32
42 84 60
42 85 39
42 86 42
42 87 66
42 88 17
42 89 68
42 90 24
43 1 95
43 2 85
43 3 15
43 4 25
43 5 30
43 6 42
43 7 98
43 8 10
43 9 83
43 10 91
43 11 90
43 12 98
43 13 75
43 14 72
43 15 79
43 16 80
43 17 73
43 18 7
43 19 74
43 20 3
43 21 4
43 22 39
43 23 15
43 24 13
43 25 53
43 26 51
43 27 95
43 28 27
43 29 77
43 30 71
43 31 52
43 32 41
43 33 1
43 34 41
43 35 98
43 36 25
43 37 91
43 38 1
43 39 12
43 40 82
43 41 70
43 42 10
43 43 15
43 44 8
43 45 99
43 46 74
43 47 9
43 48 37
43 49 88
43 50 16
43 51 91
43 52 46
43 53 76
43 54 58
43 55 51
43 56 57
43 57 25
43 58 98
43 59 44
43 60 29
43 61 58
43 62 37
43 63 1
43 64 67
43 65 52
43 66 27
43 67 6
43 68 39
43 69 97
43 70 97
43 71 84
43 72 18
43 73 97
43 74 91
43 75 38
43 76 87
43 77 6
43 78 26
43 79 36
43 80 78
43 81 37
43 82 15
43 83 52
43 84 53
43 85 15
43 86 37
43 87 62
43 88 56
43 89 21
43 90 53
44 1 92
44 2 5
44 3 29
44 4 10
44 5 83
44 6 92
44 7 26
44 8 62
44 9 89
44 10 28
44 11 37
44 12 25
44 13 24
44 14 9
44 15 58
44 16 7
44 17 20
44 18 41
44 19 39
44 20 56
44 21 75
44 22 41
44 23 34
44 24 8
44 25 63
44 26 3
44 27 25
44 28 41
44 29 22
44 30 5
44 31 52
44 32 69
44 33 92
44 34 75
44 35 83
44 36 90
44 37 67
44 38 87
44 39 89
44 40 87
44 41 96
44 42 22
44 43 97
44 44 4
44 45 67
44 46 39
44 47 23
44 48 2
44 49 45
44 50 22
44 51 1
44 52 6
44 53 31
44 54 14
44 55 98
44 56 79
44 57 93
44 58 25
44 59 34
44 60 1
44 61 17
44 62 20
44 63 12
44 64 51
44 65 39
44 66 79
44 67 64
44 68 31
44 69 98
44 70 41
44 71 89
44 72 99
44 73 3
44 74 65
44 75 37
44 76 99
44 77 56
44 78 71
44 79 82
44 80 81
44 81 58
44 82 9
44 83 44
44 84 57
44 85 54
44 86 31
44 87 78
44 88 71
44 89 20
44 90 83
45 1 53
45 2 10
45 3 92
45 4 55
45 5 62
45 6 71
45 7 91
45 8 83
45 9 35
45 10 3
45 11 24
45 12 41
45 13 17
45 14 72
45 15 54
45 16 72
45 17 88
45 18 93
45 19 89
45 20 85
45 21 44
45 22 69
45 23 60
45 24 57
45 25 53
45 26 57
45 27 89
45 28 6
45 29 16
45 30 66
45 31 99
45 32 67
45 33 3
45 34 9
45 35 1
45 36 48
45 37 18
45 38 73
45 39 50
45 40 33
45 41 88
45 42 10
45 43 70
45 44 9
45 45 12
45 46 57
45 47 25
45 48 8
45 49 1
45 50 82
45 51 30
45 52 2
45 53 38
45 54 17
45 55 91
45 56 94
45 57 31
45 58 91
45 59 14
45 60 100
45 61 58
45 62 96
45 63 40
45 64 92
45 65 77
45 66 35
45 67 34
45 68 14
45 69 5
45 70 46
45 71 46
45 72 43
45 73 15
45 74 44
45 75 10
45 76 42
45 77 81
45 78 96
45 79 25
45 80 45
45 81 88
45 82 89
45 83 2
45 84 58
45 85 25
45 86 94
45 87 60
45 88 13
45 89 96
45 90 64
46 1 61
46 2 100
46 3 55
46 4 10
46 5 92
46 6 92
46 7 3
46 8 9
46 9 95
46 10 73
46 11 13
46 12 50
46 13 67
46 14 88
46 15 76
46 16 36
46 17 47
46 18 95
46 19 10
46 20 7
46 21 35
46 22 46
46 23 72
46 24 32
46 25 25
46 26 34
46 27 5
46 28 18
46 29 45
46 30 91
46 31 8
46 32 82
46 33 70
46 34 12
46 35 59
46 36 14
46 37 23
46 38 89
46 39 28
46 40 89
46 41 18
46 42 17
46 43 6
46 44 1
46 45 65
46 46 66
46 47 98
46 48 50
46 49 77
46 50 48
46 51 53
46 52 23
46 53 97
46 54 46
46 55 55
46 56 26
46 57 94
46 58 65
46 59 14
46 60 82
46 61 62
46 62 90
46 63 82
46 64 52
46 65 64
46 66 53
46 67 9
46 68 73
46 69 65
46 70 41
46 71 62
46 72 41
46 73 70
46 74 44
46 75 15
46 76 11
46 77 34
46 78 84
46 79 63
46 80 62
46 81 88
46 82 58
46 83 86
46 84 1
46 85 33
46 86 82
46 87 26
46 88 38
46 89 40
46 90 77
47 1 56
47 2 35
47 3 85
47 4 40
47 5 31
47 6 9
47 7 81
47 8 4
47 9 60
47 10 87
47 11 30
47 12 73
47 13 65
47 14 37
47 15 17
47 16 40
47 17 63
47 18 42
47 19 57
47 20 19
47 21 24
47 22 40
47 23 99
47 24 89
47 25 74
47 26 13
47 27 43
47 28 80
47 29 39
47 30 69
47 31 22
47 32 90
47 33 80
47 34 76
47 35 14
47 36 26
47 37 53
47 38 75
47 39 27
47 40 26
47 41 68
47 42 42
47 43 81
47 44 36
47 45 80
47 46 38
47 47 71
47 48 20
47 49 75
47 50 71
47 51 49
47 52 35
47 53 100
47 54 99
47 55 81
47 56 54
47 57 57
47 58 29
47 59 87
47 60 90
47 61 30
47 62 50
47 63 27
47 64 40
47 65 37
47 66 82
47 67 4
47 68 61
47 69 46
47 70 15
47 71 83
47 72 11
47 73 98
47 74 80
47 75 8
47 76 29
47 77 39
47 78 47
47 79 36
47 80 95
47 81 19
47 82 20
47 83 82
47 84 79
47 85 19
47 86 4
47 87 36
47 88 68
47 89 62
47 90 68
48 1 13
48 2 93
48 3 97
48 4 93
48 5 67
48 6 18
48 7 100
48 8 8
48 9 80
48 10 24
48 11 64
48 12 6
48 13 37
48 14 74
48 15 7
48 16 31
48 17 36
48 18 31
48 19 37
48 20 41
48 21 65
48 22 66
48 23 54
48 24 12
48 25 46
48 26 12
48 27 75
48 28 37
48 29 73
48 30 60
48 31 96
48 32 20
48 33 46
48 34 53
48 35 69
48 36 65
48 37 43
48 38 59
48 39 36
48 40 61
48 41 17
48 42 30
48 43 70
48 44 100
48 45 97
48 46 91
48 47 80
48 48 39
48 49 91
48 50 50
48 51 5
48 52 23
48 53 2
48 54 17
48 55 38
48 56 58
48 57 11
48 58 26
48 59 87
48 60 12
48 61 90
48 62 24
48 63 14
48 64 70
48 65 96
48 66 14
48 67 88
48 68 37
48 69 25
48 70 29
48 71 22
48 72 54
48 73 15
48 74 13
48 75 78
48 76 72
48 77 89
48 78 91
48 79 34
48 80 85
48 81 17
48 82 15
48 83 7
48 84 43
48 85 37
48 86 50
48 87 14
48 88 69
48 89 93
48 90 81
49 1 58
49 2 95
49 3 9
49 4 68
49 5 48
49 6 25
49 7 10
49 8 96
49 9 41
49 10 8
49 11 78
49 12 60
49 13 22
49 14 85
49 15 24
49 16 41
49 17 53
49 18 11
49 19 13
49 20 64
49 21 73
49 22 44
49 23 78
49 24 88
49 25 4
49 26 81
49 27 12
49 28 39
49 29 46
49 30 69
49 31 44
49 32 91
49 33 81
49 34 56
49 35 50
49 36 63
49 37 46
49 38 67
49 39 44
49 40 60
49 41 31
49 42 61
49 43 82
49 44 33
49 45 51
49 46 39
49 47 73
49 48 35
49 49 74
49 50 80
49 51 91
49 52 30
49 53 63
49 54 50
49 55 95
49 56 66
49 57 88
49 58 58
49 59 15
49 60 67
49 61 42
49 62 17
49 63 86
49 64 8
49 65 100
49 66 24
49 67 86
49 68 3
49 69 31
49 70 47
49 71 26
49 72 74
49 73 52
49 74 13
49 75 95
49 76 80
49 77 78
49 78 36
49 79 82
49 80 66
49 81 86
49 82 82
49 83 92
49 84 64
49 85 56
49 86 61
49 87 45
49 88 63
49 89 25
49 90 45
50 1 55
50 2 73
50 3 24
50 4 64
50 5 17
50 6 47
50 7 65
50 8 93
50 9 15
50 10 17
50 11 20
50 12 91
50 13 17
50 14 77
50 15 100
50 16 64
50 17 55
50 18 67
50 19 86
50 20 44
50 21 46
50 22 43
50 23 84
50 24 57
50 25 50
50 26 60
50 27 14
50 28 44
50 29 82
50 30 16
50 31 86
50 32 45
50 33 65
50 34 56
50 35 53
50 36 17
50 37 19
50 38 89
50 39 100
50 40 72
50 41 40
50 42 57
50 43 2
50 44 12
50 45 78
50 46 61
50 47 32
50 48 70
50 49 27
50 50 6
50 51 34
50 52 32
50 53 68
50 54 5
50 55 45
50 56 55
50 57 69
50 58 50
50 59 7
50 60 53
50 61 50
50 62 53
50 63 61
50 64 55
50 65 15
50 66 96
50 67 28
50 68 100
50 69 65
50 70 93
50 71 64
50 72 8
50 73 86
50 74 33
50 75 6
50 76 2
50 77 6
50 78 62
50 79 36
50 80 42
50 81 45
50 82 71
50 83 25
50 84 17
50 85 96
50 86 8
50 87 68
50 88 10
50 89 99
50 90 92
51 1 5
51 2 6
51 3 61
51 4 75
51 5 51
51 6 94
51 7 49
51 8 80
51 9 46
51 10 1
51 11 55
51 12 69
51 13 88
51 14 42
51 15 83
51 16 60
51 17 84
51 18 8
51 19 58
51 20 57
51 21 98
51 22 95
51 23 20
51 24 90
51 25 55
51 26 5
51 27 39
51 28 69
51 29 85
51 30 14
51 31 77
51 32 63
51 33 61
51 34 90
51 35 77
51 36 71
51 37 2
51 38 31
51 39 23
51 40 15
51 41 40
51 42 43
51 43 11
51 44 81
51 45 61
51 46 79
51 47 79
51 48 72
51 49 89
51 50 28
51 51 45
51 52 27
51 53 84
51 54 37
51 55 50
51 56 58
51 57 43
51 58 66
51 59 61
51 60 61
51 61 83
51 62 1
51 63 34
51 64 100
51 65 4
51 66 47
51 67 38
51 68 14
51 69 84
51 70 83
51 71 8
51 72 20
51 73 36
51 74 11
51 75 55
51 76 84
51 77 49
51 78 94
51 79 32
51 80 36
51 81 16
51 82 4
51 83 82
51 84 95
51 85 79
51 86 96
51 87 75
51 88 88
51 89 95
51 90 38
52 1 76
52 2 39
52 3 87
52 4 61
52 5 70
52 6 25
52 7 92
52 8 89
52 9 67
52 10 77
52 11 86
52 12 86
52 13 97
52 14 61
52 15 9
52 16 4
52 17 7
52 18 57
52 19 18
52 20 13
52 21 75
52 22 38
52 23 91
52 24 86
52 25 73
52 26 77
52 27 63
52 28 77
52 29 39
52 30 3
52 31 91
52 32 31
52 33 1
52 34 32
52 35 49
52 36 97
52 37 53
52 38 22
52 39 28
52 40 7
52 41 34
52 42 45
52 43 56
52 44 1
52 45 17
52 46 69
52 47 36
52 48 14
52 49 40
52 50 59
52 51 60
52 52 88
52 53 8
52 54 93
52 55 62
52 56 75
52 57 52
52 58 46
52 59 55
52 60 55
52 61 47
52 62 60
52 63 63
52 64 25
52 65 32
52 66 2
52 67 42
52 68 74
52 69 65
52 70 56
52 71 77
52 72 36
52 73 75
52 74 76
52 75 52
52 76 16
52 77 74
52 78 90
52 79 34
52 80 29
52 81 87
52 82 61
52 83 90
52 84 33
52 85 5
52 86 3
52 87 23
52 88 61
52 89 28
52 90 10
53 1 59
53 2 18
53 3 22
53 4 65
53 5 50
53 6 100
53 7 40
53 8 3
53 9 20
53 10 53
53 11 44
53 12 57
53 13 75
53 14 84
53 15 1
53 16 88
53 17 5
53 18 100
53 19 95
53 20 58
53 21 100
53 22 57
53 23 86
53 24 29
53 25 91
53 26 54
53 27 57
53 28 82
53 29 91
53 30 38
53 31 93
53 32 34
53 33 79
53 34 98
53 35 72
53 36 52
53 37 87
53 38 91
53 39 25
53 40 59
53 41 97
53 42 61
53 43 23
53 44 87
53 45 7
53 46 95
53 47 97
53 48 24
53 49 12
53 50 21
53 51 7
53 52 85
53 53 96
53 54 87
53 55 43
53 56 61
53 57 95
53 58 13
53 59 42
53 60 78
53 61 35
53 62 40
53 63 57
53 64 64
53 65 60
53 66 83
53 67 88
53 68 75
53 69 20
53 70 41
53 71 40
53 72 26
53 73 7
53 74 80
53 75 29
53 76 91
53 77 89
53 78 75
53 79 55
53 80 92
53 81 95
53 82 66
53 83 63
53 84 1
53 85 35
53 86 45
53 87 92
53 88 81
53 89 50
53 90 43
54 1 7
54 2 32
54 3 8
54 4 52
54 5 84
54 6 85
54 7 22
54 8 56
54 9 33
54 10 5
54 11 63
54 12 16
54 13 47
54 14 34
54 15 43
54 16 62
54 17 83
54 18 67
54 19 7
54 20 91
54 21 93
54 22 9
54 23 84
54 24 96
54 25 88
54 26 31
54 27 100
54 28 39
54 29 96
54 30 83
54 31 28
54 32 95
54 33 34
54 34 71
54 35 30
54 36 93
54 37 50
54 38 43
54 39 56
54 40 61
54 41 88
54 42 90
54 43 57
54 44 45
54 45 29
54 46 10
54 47 73
54 48 60
54 49 7
54 50 9
54 51 80
54 52 37
54 53 64
54 54 42
54 55 1
54 56 60
54 57 75
54 58 26
54 59 12
54 60 84
54 61 68
54 62 64
54 63 48
54 64 90
54 65 35
54 66 74
54 67 77
54 68 12
54 69 85
54 70 18
54 71 12
54 72 11
54 73 59
54 74 43
54 75 54
54 76 4
54 77 44
54 78 18
54 79 63
54 80 11
54 81 64
54 82 93
54 83 1
54 84 97
54 85 32
54 86 21
54 87 54
54 88 52
54 89 12
54 90 79
55 1 23
55 2 48
55 3 13
55 4 79
55 5 93
55 6 4
55 7 48
55 8 73
55 9 78
55 10 2
55 11 62
55 12 61
55 13 80
55 14 21
55 15 24
55 16 22
55 17 50
55 18 55
55 19 92
55 20 45
55 21 17
55 22 52
55 23 90
55 24 42
55 25 72
55 26 25
55 27 56
55 28 25
55 29 65
55 30 1
55 31 24
55 32 3
55 33 91
55 34 47
55 35 89
55 36 4
55 37 33
55 38 39
55 39 43
55 40 4
55 41 42
55 42 35
55 43 91
55 44 91
55 45 84
55 46 82
55 47 44
55 48 13
55 49 41
55 50 71
55 51 86
55 52 93
55 53 6
55 54 15
55 55 41
55 56 88
55 57 23
55 58 63
55 59 100
55 60 54
55 61 25
55 62 21
55 63 59
55 64 36
55 65 91
55 66 17
55 67 65
55 68 87
55 69 94
55 70 28
55 71 38
55 72 11
55 73 38
55 74 6
55 75 14
55 76 14
55 77 97
55 78 44
55 79 55
55 80 45
55 81 19
55 82 81
55 83 85
55 84 16
55 85 58
55 86 99
55 87 78
55 88 38
55 89 60
55 90 46
56 1 72
56 2 30
56 3 43
56 4 23
56 5 38
56 6 74
56 7 42
56 8 82
56 9 20
56 10 72
56 11 12
56 12 86
56 13 55
56 14 17
56 15 67
56 16 75
56 17 93
56 18 19
56 19 62
56 20 43
56 21 39
56 22 67
56 23 77
56 24 27
56 25 11
56 26 4
56 27 38
56 28 62
56 29 39
56 30 32
56 31 34
56 32 31
56 33 5
56 34 89
56 35 68
56 36 76
56 37 70
56 38 35
56 39 20
56 40 16
56 41 51
56 42 61
56 43 19
56 44 5
56 45 54
56 46 72
56 47 94
56 48 92
56 49 36
56 50 61
56 51 99
56 52 39
56 53 83
56 54 67
56 55 72
56 56 96
56 57 24
56 58 41
56 59 90
56 60 66
56 61 35
56 62 56
56 63 30
56 64 76
56 65 39
56 66 24
56 67 59
56 68 22
56 69 54
56 70 28
56 71 4
56 72 70
56 73 60
56 74 58
56 75 7
56 76 11
56 77 54
56 78 15
56 79 87
56 80 41
56 81 85
56 82 77
56 83 76
56 84 80
56 85 67
56 86 91
56 87 66
56 88 93
56 89 28
56 90 46
57 1 68
57 2 31
57 3 32
57 4 56
57 5 88
57 6 30
57 7 7
57 8 90
57 9 20
57 10 69
57 11 6
57 12 53
57 13 32
57 14 61
57 15 22
57 16 73
57 17 45
57 18 43
57 19 13
57 20 33
57 21 77
57 22 41
57 23 40
57 24 6
57 25 63
57 26 72
57 27 18
57 28 45
57 29 86
57 30 93
57 31 95
57 32 87
57 33 25
57 34 78
57 35 73
57 36 19
57 37 16
57 38 89
57 39 15
57 40 99
57 41 75
57 42 75
57 43 32
57 44 72
57 45 40
57 46 49
57 47 25
57 48 40
57 49 96
57 50 100
57 51 90
57 52 63
57 53 14
57 54 28
57 55 75
57 56 7
57 57 40
57 58 45
57 59 44
57 60 5
57 61 6
57 62 22
57 63 12
57 64 21
57 65 58
57 66 35
57 67 74
57 68 41
57 69 97
57 70 63
57 71 67
57 72 13
57 73 67
57 74 80
57 75 83
57 76 4
57 77 22
57 78 7
57 79 90
57 80 13
57 81 57
57 82 41
57 83 57
57 84 12
57 85 50
57 86 67
57 87 40
57 88 91
57 89 54
57 90 31
58 1 9
58 2 31
58 3 92
58 4 69
58 5 73
58 6 33
58 7 47
58 8 42
58 9 71
58 10 77
58 11 14
58 12 33
58 13 98
58 14 5
58 15 51
58 16 3
58 17 83
58 18 22
58 19 19
58 20 32
58 21 48
58 22 12
58 23 80
58 24 52
58 25 10
58 26 21
58 27 53
58 28 44
58 29 3
58 30 54
58 31 74
58 32 56
58 33 46
58 34 7
58 35 81
58 36 78
58 37 95
58 38 86
58 39 26
58 40 26
58 41 20
58 42 66
58 43 49
58 44 37
58 45 26
58 46 8
58 47 85
58 48 87
58 49 50
58 50 23
58 51 20
58 52 60
58 53 68
58 54 52
58 55 48
58 56 5
58 57 6
58 58 52
58 59 94
58 60 61
58 61 75
58 62 26
58 63 94
58 64 74
58 65 5
58 66 75
58 67 19
58 68 84
58 69 58
58 70 83
58 71 79
58 72 14
58 73 59
58 74 79
58 75 59
58 76 32
58 77 78
58 78 86
58 79 48
58 80 50
58 81 62
58 82 12
58 83 9
58 84 91
58 85 73
58 86 50
58 87 35
58 88 8
58 89 49
58 90 42
59 1 10
59 2 2
59 3 60
59 4 12
59 5 27
59 6 96
59 7 58
59 8 67
59 9 44
59 10 98
59 11 39
59 12 22
59 13 38
59 14 57
59 15 38
59 16 51
59 17 76
59 18 54
59 19 59
59 20 33
59 21 17
59 22 81
59 23 3
59 24 96
59 25 42
59 26 27
59 27 16
59 28 13
59 29 63
59 30 62
59 31 20
59 32 7
59 33 30
59 34 3
59 35 58
59 36 2
59 37 27
59 38 31
59 39 23
59 40 75
59 41 57
59 42 40
59 43 80
59 44 18
59 45 91
59 46 5
59 47 87
59 48 90
59 49 38
59 50 93
59 51 73
59 52 2
59 53 99
59 54 66
59 55 52
59 56 89
59 57 17
59 58 72
59 59 50
59 60 86
59 61 89
59 62 89
59 63 77
59 64 69
59 65 83
59 66 64
59 67 67
59 68 84
59 69 83
59 70 26
59 71 96
59 72 49
59 73 22
59 74 86
59 75 18
59 76 41
59 77 54
59 78 55
59 79 96
59 80 78
59 81 18
59 82 99
59 83 65
59 84 31
59 85 69
59 86 92
59 87 64
59 88 79
59 89 76
59 90 73
60 1 56
60 2 13
60 3 12
60 4 15
60 5 18
60 6 11
60 7 14
60 8 17
60 9 34
60 10 84
60 11 91
60 12 77
60 13 19
60 14 82
60 15 80
60 16 57
60 17 54
60 18 21
60 19 1
60 20 95
60 21 99
60 22 91
60 23 71
60 24 2
60 25 43
60 26 57
60 27 75
60 28 31
60 29 23
60 30 68
60 31 28
60 32 57
60 33 12
60 34 40
60 35 36
60 36 34
60 37 83
60 38 54
60 39 3
60 40 70
60 41 53
60 42 1
60 43 86
60 44 14
60 45 66
60 46 96
60 47 52
60 48 61
60 49 76
60 50 31
60 51 27
60 52 68
60 53 22
60 54 44
60 55 91
60 56 50
60 57 15
60 58 94
60 59 27
60 60 89
60 61 12
60 62 67
60 63 47
60 64 38
60 65 80
60 66 31
60 67 13
60 68 20
60 69 68
60 70 60
60 71 83
60 72 42
60 73 15
60 74 91
60 75 42
60 76 23
60 77 62
60 78 94
60 79 66
60 80 16
60 81 33
60 82 31
60 83 15
60 84 7
60 85 45
60 86 79
60 87 27
60 88 6
60 89 91
60 90 23
61 1 100
61 2 34
61 3 22
61 4 67
61 5 37
61 6 72
61 7 17
61 8 83
61 9 84
61 10 34
61 11 65
61 12 74
61 13 77
61 14 52
61 15 53
61 16 37
61 17 56
61 18 7
61 19 17
61 20 50
61 21 99
61 22 56
61 23 74
61 24 94
61 25 89
61 26 26
61 27 8
61 28 86
61 29 39
61 30 33
61 31 48
61 32 84
61 33 94
61 34 85
61 35 30
61 36 32
61 37 56
61 38 1
61 39 92
61 40 100
61 41 56
61 42 55
61 43 5
61 44 84
61 45 31
61 46 92
61 47 3
61 48 60
61 49 30
61 50 34
61 51 26
61 52 94
61 53 47
61 54 84
61 55 19
61 56 90
61 57 91
61 58 88
61 59 57
61 60 21
61 61 25
61 62 3
61 63 25
61 64 69
61 65 79
61 66 92
61 67 46
61 68 41
61 69 36
61 70 87
61 71 57
61 72 49
61 73 31
61 74 91
61 75 15
61 76 20
61 77 36
61 78 26
61 79 53
61 80 31
61 81 15
61 82 62
61 83 12
61 84 7
61 85 23
61 86 73
61 87 9
61 88 4
61 89 17
61 90 12
62 1 57
62 2 49
62 3 5
62 4 37
62 5 57
62 6 11
62 7 94
62 8 45
62 9 30
62 10 21
62 11 7
62 12 32
62 13 66
62 14 35
62 15 97
62 16 98
62 17 67
62 18 68
62 19 55
62 20 87
62 21 92
62 22 97
62 23 43
62 24 36
62 25 56
62 26 68
62 27 24
62 28 3
62 29 80
62 30 36
62 31 3
62 32 100
62 33 6
62 34 16
62 35 98
62 36 23
62 37 53
62 38 1
62 39 34
62 40 25
62 41 49
62 42 33
62 43 46
62 44 44
62 45 41
62 46 68
62 47 17
62 48 14
62 49 12
62 50 35
62 51 53
62 52 2
62 53 15
62 54 78
62 55 94
62 56 30
62 57 96
62 58 84
62 59 52
62 60 12
62 61 7
62 62 15
62 63 85
62 64 39
62 65 80
62 66 42
62 67 22
62 68 81
62 69 10
62 70 38
62 71 81
62 72 85
62 73 78
62 74 43
62 75 70
62 76 71
62 77 61
62 78 17
62 79 3
62 80 5
62 81 34
62 82 22
62 83 50
62 84 80
62 85 50
62 86 82
62 87 61
62 88 27
62 89 53
62 90 94
63 1 7
63 2 91
63 3 8
63 4 31
63 5 72
63 6 28
63 7 40
63 8 90
63 9 34
63 10 79
63 11 7
63 12 63
63 13 41
63 14 98
63 15 25
63 16 53
63 17 95
63 18 50
63 19 29
63 20 66
63 21 67
63 22 92
63 23 70
63 24 60
63 25 92
63 26 54
63 27 4
63 28 37
63 29 81
63 30 99
63 31 69
63 32 95
63 33 20
63 34 10
63 35 69
63 36 41
63 37 49
63 38 55
63 39 83
63 40 23
63 41 83
63 42 25
63 43 64
63 44 10
63 45 60
63 46 92
63 47 20
63 48 96
63 49 20
63 50 94
63 51 21
63 52 28
63 53 35
63 54 97
63 55 91
63 56 57
63 57 33
63 58 5
63 59 67
63 60 91
63 61 27
63 62 6
63 63 80
63 64 48
63 65 92
63 66 44
63 67 23
63 68 6
63 69 82
63 70 74
63 71 45
63 72 4
63 73 36
63 74 10
63 75 100
63 76 11
63 77 43
63 78 85
63 79 96
63 80 8
63 81 14
63 82 82
63 83 19
63 84 40
63 85 63
63 86 23
63 87 100
63 88 62
63 89 8
63 90 72
64 1 37
64 2 23
64 3 53
64 4 10
64 5 40
64 6 92
64 7 62
64 8 29
64 9 36
64 10 29
64 11 59
64 12 94
64 13 89
64 14 98
64 15 31
64 16 55
64 17 55
64 18 43
64 19 51
64 20 20
64 21 36
64 22 63
64 23 78
64 24 91
64 25 66
64 26 57
64 27 93
64 28 86
64 29 31
64 30 64
64 31 61
64 32 14
64 33 48
64 34 94
64 35 35
64 36 94
64 37 25
64 38 12
64 39 75
64 40 24
64 41 35
64 42 4
64 43 38
64 44 95
64 45 64
64 46 26
64 47 68
64 48 53
64 49 55
64 50 47
64 51 77
64 52 8
64 53 31
64 54 15
64 55 66
64 56 7
64 57 71
64 58 14
64 59 36
64 60 24
64 61 26
64 62 5
64 63 4
64 64 76
64 65 34
64 66 43
64 67 38
64 68 29
64 69 71
64 70 83
64 71 33
64 72 4
64 73 72
64 74 35
64 75 89
64 76 64
64 77 46
64 78 14
64 79 26
64 80 29
64 81 84
64 82 51
64 83 2
64 84 79
64 85 1
64 86 25
64 87 95
64 88 40
64 89 56
64 90 38
65 1 83
65 2 7
65 3 29
65 4 45
65 5 69
65 6 94
65 7 17
65 8 97
65 9 79
65 10 92
65 11 93
65 12 3
65 13 7
65 14 21
65 15 84
65 16 64
65 17 95
65 18 6
65 19 92
65 20 55
65 21 13
65 22 80
65 23 82
65 24 71
65 25 67
65 26 90
65 27 68
65 28 95
65 29 75
65 30 20
65 31 65
65 32 32
65 33 85
65 34 91
65 35 2
65 36 13
65 37 47
65 38 2
65 39 27
65 40 67
65 41 20
65 42 65
65 43 58
65 44 49
65 45 1
65 46 73
65 47 41
65 48 66
65 49 41
65 50 68
65 51 27
65 52 41
65 53 40
65 54 36
65 55 17
65 56 59
65 57 16
65 58 33
65 59 88
65 60 90
65 61 70
65 62 47
65 63 14
65 64 78
65 65 91
65 66 1
65 67 52
65 68 81
65 69 20
65 70 92
65 71 98
65 72 69
65 73 13
65 74 68
65 75 34
65 76 83
65 77 88
65 78 20
65 79 10
65 80 17
65 81 20
65 82 4
65 83 64
65 84 39
65 85 83
65 86 50
65 87 73
65 88 18
65 89 30
65 90 17
66 1 82
66 2 99
66 3 41
66 4 57
66 5 35
66 6 40
66 7 57
66 8 54
66 9 79
66 10 14
66 11 45
66 12 35
66 13 94
66 14 44
66 15 67
66 16 49
66 17 64
66 18 3
66 19 1
66 20 13
66 21 34
66 22 54
66 23 15
66 24 31
66 25 4
66 26 80
66 27 46
66 28 51
66 29 59
66 30 97
66 31 97
66 32 14
66 33 67
66 34 59
66 35 99
66 36 17
66 37 91
66 38 5
66 39 28
66 40 93
66 41 90
66 42 79
66 43 43
66 44 1
66 45 14
66 46 39
66 47 96
66 48 43
66 49 93
66 50 36
66 51 74
66 52 64
66 53 32
66 54 5
66 55 66
66 56 33
66 57 100
66 58 19
66 59 24
66 60 50
66 61 8
66 62 41
66 63 89
66 64 44
66 65 38
66 66 83
66 67 87
66 68 35
66 69 90
66 70 92
66 71 55
66 72 67
66 73 40
66 74 45
66 75 60
66 76 67
66 77 58
66 78 32
66 79 32
66 80 50
66 81 67
66 82 8
66 83 44
66 84 50
66 85 29
66 86 91
66 87 61
66 88 55
66 89 61
66 90 85
67 1 41
67 2 23
67 3 25
67 4 77
67 5 74
67 6 89
67 7 16
67 8 96
67 9 80
67 10 85
67 11 77
67 12 92
67 13 27
67 14 33
67 15 3
67 16 16
67 17 22
67 18 10
67 19 72
67 20 42
67 21 26
67 22 30
67 23 95
67 24 92
67 25 3
67 26 79
67 27 25
67 28 51
67 29 84
67 30 78
67 31 93
67 32 96
67 33 57
67 34 88
67 35 81
67 36 97
67 37 53
67 38 11
67 39 43
67 40 30
67 41 59
67 42 13
67 43 15
67 44 44
67 45 6
67 46 11
67 47 9
67 48 15
67 49 48
67 50 63
67 51 29
67 52 8
67 53 75
67 54 9
67 55 15
67 56 33
67 57 29
67 58 86
67 59 27
67 60 48
67 61 52
67 62 33
67 63 47
67 64 38
67 65 52
67 66 88
67 67 6
67 68 9
67 69 4
67 70 46
67 71 43
67 72 24
67 73 48
67 74 74
67 75 67
67 76 89
67 77 1
67 78 63
67 79 3
67 80 69
67 81 68
67 82 94
67 83 69
67 84 88
67 85 78
67 86 23
67 87 4
67 88 66
67 89 42
67 90 48
68 1 35
68 2 41
68 3 88
68 4 28
68 5 17
68 6 24
68 7 23
68 8 61
68 9 1
68 10 28
68 11 82
68 12 23
68 13 87
68 14 27
68 15 16
68 16 64
68 17 47
68 18 20
68 19 32
68 20 36
68 21 3
68 22 23
68 23 7
68 24 57
68 25 28
68 26 10
68 27 51
68 28 8
68 29 65
68 30 92
68 31 79
68 32 77
68 33 47
68 34 44
68 35 15
68 36 30
68 37 76
68 38 74
68 39 78
68 40 10
68 41 97
68 42 49
68 43 62
68 44 93
68 45 76
68 46 91
68 47 49
68 48 10
68 49 65
68 50 29
68 51 22
68 52 44
68 53 48
68 54 39
68 55 44
68 56 24
68 57 44
68 58 20
68 59 56
68 60 44
68 61 44
68 62 59
68 63 16
68 64 7
68 65 21
68 66 53
68 67 37
68 68 43
68 69 94
68 70 75
68 71 53
68 72 5
68 73 71
68 74 51
68 75 78
68 76 64
68 77 5
68 78 85
68 79 99
68 80 27
68 81 23
68 82 33
68 83 83
68 84 15
68 85 77
68 86 94
68 87 91
68 88 31
68 89 97
68 90 4
69 1 23
69 2 20
69 3 59
69 4 90
69 5 55
69 6 75
69 7 36
69 8 44
69 9 21
69 10 5
69 11 82
69 12 39
69 13 27
69 14 25
69 15 20
69 16 65
69 17 59
69 18 27
69 19 60
69 20 64
69 21 2
69 22 78
69 23 31
69 24 51
69 25 40
69 26 94
69 27 68
69 28 58
69 29 10
69 30 81
69 31 53
69 32 44
69 33 52
69 34 10
69 35 91
69 36 21
69 37 79
69 38 92
69 39 7
69 40 55
69 41 20
69 42 46
69 43 8
69 44 30
69 45 78
69 46 30
69 47 12
69 48 44
69 49 73
69 50 69
69 51 39
69 52 77
69 53 3
69 54 33
69 55 63
69 56 72
69 57 38
69 58 83
69 59 54
69 60 69
69 61 9
69 62 43
69 63 50
69 64 54
69 65 57
69 66 96
69 67 86
69 68 42
69 69 3
69 70 21
69 71 98
69 72 58
69 73 43
69 74 53
69 75 76
69 76 73
69 77 15
69 78 13
69 79 34
69 80 20
69 81 97
69 82 17
69 83 46
69 84 40
69 85 98
69 86 15
69 87 30
69 88 77
69 89 20
69 90 9
70 1 46
70 2 15
70 3 3
70 4 77
70 5 42
70 6 59
70 7 30
70 8 92
70 9 15
70 10 29
70 11 18
70 12 25
70 13 63
70 14 36
70 15 57
70 16 86
70 17 59
70 18 63
70 19 72
70 20 37
70 21 31
70 22 37
70 23 8
70 24 3
70 25 7
70 26 67
70 27 54
70 28 40
70 29 41
70 30 19
70 31 71
70 32 45
70 33 77
70 34 66
70 35 79
70 36 99
70 37 57
70 38 68
70 39 97
70 40 84
70 41 55
70 42 83
70 43 82
70 44 7
70 45 67
70 46 28
70 47 78
70 48 29
70 49 85
70 50 40
70 51 5
70 52 11
70 53 49
70 54 71
70 55 60
70 56 70
70 57 89
70 58 66
70 59 57
70 60 94
70 61 89
70 62 58
70 63 99
70 64 70
70 65 90
70 66 73
70 67 94
70 68 81
70 69 56
70 70 33
70 71 32
70 72 68
70 73 73
70 74 77
70 75 18
70 76 81
70 77 58
70 78 58
70 79 21
70 80 30
70 81 23
70 82 14
70 83 34
70 84 7
70 85 84
70 86 61
70 87 10
70 88 50
70 89 38
70 90 74
71 1 37
71 2 60
71 3 49
71 4 11
71 5 19
71 6 28
71 7 75
71 8 57
71 9 81
71 10 2
71 11 39
71 12 30
71 13 41
71 14 44
71 15 34
71 16 57
71 17 17
71 18 49
71 19 1
71 20 31
71 21 16
71 22 26
71 23 82
71 24 87
71 25 68
71 26 49
71 27 29
71 28 44
71 29 21
71 30 89
71 31 9
71 32 73
71 33 7
71 34 65
71 35 50
71 36 47
71 37 74
71 38 20
71 39 75
71 40 4
71 41 58
71 42 22
71 43 30
71 44 24
71 45 88
71 46 95
71 47 97
71 48 6
71 49 10
71 50 70
71 51 74
71 52 36
71 53 92
71 54 40
71 55 47
71 56 57
71 57 74
71 58 75
71 59 12
71 60 20
71 61 26
71 62 99
71 63 17
71 64 33
71 65 17
71 66 30
71 67 11
71 68 5
71 69 62
71 70 49
71 71 97
71 72 94
71 73 41
71 74 1
71 75 99
71 76 59
71 77 37
71 78 65
71 79 6
71 80 63
71 81 32
71 82 21
71 83 66
71 84 52
71 85 44
71 86 60
71 87 5
71 88 49
71 89 58
71 90 48
72 1 7
72 2 98
72 3 64
72 4 59
72 5 73
72 6 85
72 7 94
72 8 61
72 9 5
72 10 56
72 11 30
72 12 79
72 13 31
72 14 94
72 15 99
72 16 76
72 17 4
72 18 51
72 19 56
72 20 72
72 21 17
72 22 41
72 23 22
72 24 91
72 25 80
72 26 15
72 27 32
72 28 11
72 29 55
72 30 93
72 31 4
72 32 88
72 33 35
72 34 11
72 35 62
72 36 50
72 37 88
72 38 28
72 39 22
72 40 10
72 41 55
72 42 52
72 43 88
72 44 7
72 45 50
72 46 20
72 47 32
72 48 6
72 49 85
72 50 89
72 51 17
72 52 43
72 53 79
72 54 49
72 55 98
72 56 61
72 57 89
72 58 80
72 59 65
72 60 70
72 61 71
72 62 22
72 63 5
72 64 35
72 65 32
72 66 71
72 67 59
72 68 79
72 69 47
72 70 31
72 71 18
72 72 71
72 73 71
72 74 13
72 75 75
72 76 69
72 77 91
72 78 34
72 79 28
72 80 75
72 81 15
72 82 9
72 83 13
72 84 14
72 85 34
72 86 38
72 87 33
72 88 74
72 89 73
72 90 90
73 1 1
73 2 65
73 3 2
73 4 54
73 5 8
73 6 97
73 7 65
73 8 41
73 9 13
73 10 2
73 11 74
73 12 43
73 13 79
73 14 66
73 15 56
73 16 33
73 17 35
73 18 28
73 19 97
73 20 73
73 21 1
73 22 45
73 23 41
73 24 9
73 25 15
73 26 49
73 27 83
73 28 69
73 29 27
73 30 38
73 31 73
73 32 15
73 33 72
73 34 32
73 35 79
73 36 99
73 37 39
73 38 38
73 39 10
73 40 47
73 41 69
73 42 74
73 43 84
73 44 67
73 45 1
73 46 74
73 47 57
73 48 94
73 49 31
73 50 8
73 51 75
73 52 74
73 53 90
73 54 13
73 55 47
73 56 62
73 57 1
73 58 57
73 59 85
73 60 23
73 61 61
73 62 84
73 63 56
73 64 29
73 65 3
73 66 91
73 67 45
73 68 22
73 69 43
73 70 38
73 71 24
73 72 15
73 73 23
73 74 6
73 75 31
73 76 21
73 77 18
73 78 80
73 79 99
73 80 56
73 81 45
73 82 18
73 83 73
73 84 33
73 85 62
73 86 74
73 87 86
73 88 41
73 89 1
73 90 24
74 1 2
74 2 70
74 3 19
74 4 50
74 5 7
74 6 12
74 7 92
74 8 48
74 9 47
74 10 48
74 11 7
74 12 55
74 13 31
74 14 24
74 15 99
74 16 16
74 17 76
74 18 53
74 19 81
74 20 65
74 21 95
74 22 17
74 23 4
74 24 86
74 25 71
74 26 91
74 27 12
74 28 74
74 29 74
74 30 85
74 31 87
74 32 90
74 33 62
74 34 7
74 35 86
74 36 100
74 37 69
74 38 14
74 39 61
74 40 81
74 41 11
74 42 22
74 43 20
74 44 49
74 45 35
74 46 1
74 47 95
74 48 77
74 49 58
74 50 82
74 51 68
74 52 13
74 53 37
74 54 66
74 55 73
74 56 51
74 57 46
74 58 48
74 59 19
74 60 6
74 61 11
74 62 96
74 63 21
74 64 23
74 65 22
74 66 48
74 67 87
74 68 30
74 69 37
74 70 60
74 71 77
74 72 22
74 73 57
74 74 94
74 75 46
74 76 93
74 77 24
74 78 28
74 79 35
74 80 15
74 81 27
74 82 95
74 83 30
74 84 85
74 85 14
74 86 73
74 87 32
74 88 85
74 89 34
74 90 51
75 1 20
75 2 62
75 3 17
75 4 34
75 5 86
75 6 94
75 7 33
75 8 71
75 9 61
75 10 63
75 11 38
75 12 90
75 13 20
75 14 77
75 15 82
75 16 75
75 17 30
75 18 57
75 19 52
75 20 84
75 21 4
75 22 66
75 23 66
75 24 6
75 25 95
75 26 86
75 27 80
75 28 94
75 29 23
75 30 83
75 31 57
75 32 35
75 33 95
75 34 14
75 35 37
75 36 96
75 37 50
75 38 27
75 39 91
75 40 22
75 41 29
75 42 54
75 43 46
75 44 31
75 45 100
75 46 79
75 47 77
75 48 74
75 49 19
75 50 95
75 51 86
75 52 87
75 53 54
75 54 81
75 55 67
75 56 56
75 57 29
75 58 56
75 59 9
75 60 53
75 61 83
75 62 82
75 63 85
75 64 72
75 65 27
75 66 8
75 67 50
75 68 54
75 69 60
75 70 20
75 71 93
75 72 24
75 73 26
75 74 72
75 75 51
75 76 26
75 77 5
75 78 86
75 79 46
75 80 34
75 81 58
75 82 81
75 83 57
75 84 89
75 85 45
75 86 61
75 87 72
75 88 56
75 89 34
75 90 72
76 1 40
76 2 100
76 3 90
76 4 22
76 5 85
76 6 67
76 7 68
76 8 61
76 9 42
76 10 11
76 11 72
76 12 39
76 13 11
76 14 83
76 15 20
76 16 88
76 17 5
76 18 86
76 19 6
76 20 70
76 21 14
76 22 92
76 23 9
76 24 54
76 25 40
76 26 27
76 27 32
76 28 77
76 29 80
76 30 36
76 31 9
76 32 67
76 33 49
76 34 39
76 35 88
76 36 25
76 37 63
76 38 68
76 39 90
76 40 62
76 41 46
76 42 92
76 43 1
76 44 54
76 45 99
76 46 11
76 47 51
76 48 70
76 49 79
76 50 61
76 51 82
76 52 46
76 53 22
76 54 29
76 55 20
76 56 88
76 57 35
76 58 24
76 59 43
76 60 69
76 61 91
76 62 100
76 63 42
76 64 18
76 65 6
76 66 29
76 67 52
76 68 16
76 69 28
76 70 8
76 71 10
76 72 9
76 73 27
76 74 35
76 75 29
76 76 42
76 77 77
76 78 70
76 79 73
76 80 46
76 81 52
76 82 95
76 83 67
76 84 82
76 85 11
76 86 53
76 87 89
76 88 21
76 89 22
76 90 86
77 1 1
77 2 76
77 3 68
77 4 23
77 5 76
77 6 86
77 7 7
77 8 72
77 9 18
77 10 58
77 11 31
77 12 21
77 13 83
77 14 82
77 15 48
77 16 60
77 17 57
77 18 68
77 19 17
77 20 9
77 21 38
77 22 5
77 23 25
77 24 88
77 25 25
77 26 92
77 27 11
77 28 62
77 29 8
77 30 23
77 31 99
77 32 37
77 33 82
77 34 89
77 35 88
77 36 17
77 37 60
77 38 50
77 39 56
77 40 9
77 41 78
77 42 1
77 43 69
77 44 11
77 45 35
77 46 92
77 47 4
77 48 64
77 49 38
77 50 60
77 51 99
77 52 75
77 53 27
77 54 68
77 55 50
77 56 44
77 57 65
77 58 37
77 59 94
77 60 16
77 61 43
77 62 57
77 63 64
77 64 90
77 65 55
77 66 42
77 67 23
77 68 80
77 69 5
77 70 43
77 71 2
77 72 51
77 73 25
77 74 98
77 75 84
77 76 86
77 77 3
77 78 43
77 79 43
77 80 62
77 81 57
77 82 24
77 83 33
77 84 12
77 85 17
77 86 59
77 87 39
77 88 83
77 89 90
77 90 94
78 1 29
78 2 35
78 3 70
78 4 55
78 5 78
78 6 66
78 7 9
78 8 91
78 9 99
78 10 1
78 11 83
78 12 56
78 13 69
78 14 88
78 15 98
78 16 9
78 17 85
78 18 96
78 19 84
78 20 19
78 21 59
78 22 87
78 23 60
78 24 56
78 25 57
78 26 98
78 27 33
78 28 27
78 29 14
78 30 66
78 31 26
78 32 86
78 33 86
78 34 35
78 35 46
78 36 80
78 37 33
78 38 79
78 39 12
78 40 87
78 41 52
78 42 3
78 43 38
78 44 36
78 45 10
78 46 68
78 47 66
78 48 68
78 49 50
78 50 6
78 51 94
78 52 13
78 53 25
78 54 59
78 55 1
78 56 95
78 57 28
78 58 65
78 59 41
78 60 42
78 61 50
78 62 43
78 63 20
78 64 85
78 65 53
78 66 32
78 67 43
78 68 42
78 69 100
78 70 41
78 71 20
78 72 58
78 73 48
78 74 4
78 75 91
78 76 25
78 77 81
78 78 95
78 79 11
78 80 56
78 81 67
78 82 83
78 83 70
78 84 92
78 85 98
78 86 60
78 87 2
78 88 15
78 89 3
78 90 17
79 1 78
79 2 29
79 3 70
79 4 96
79 5 49
79 6 28
79 7 92
79 8 16
79 9 35
79 10 27
79 11 38
79 12 53
79 13 81
79 14 31
79 15 83
79 16 58
79 17 64
79 18 96
79 19 44
79 20 41
79 21 49
79 22 24
79 23 72
79 24 31
79 25 80
79 26 67
79 27 13
79 28 60
79 29 71
79 30 96
79 31 1
79 32 99
79 33 9
79 34 71
79 35 7
79 36 63
79 37 65
79 38 54
79 39 90
79 40 66
79 41 51
79 42 71
79 43 85
79 44 22
79 45 86
79 46 65
79 47 10
79 48 26
79 49 96
79 50 73
79 51 54
79 52 64
79 53 3
79 54 98
79 55 58
79 56 84
79 57 10
79 58 10
79 59 60
79 60 93
79 61 97
79 62 6
79 63 1
79 64 34
79 65 3
79 66 86
79 67 5
79 68 88
79 69 5
79 70 49
79 71 21
79 72 1
79 73 72
79 74 71
79 75 84
79 76 67
79 77 56
79 78 46
79 79 67
79 80 71
79 81 95
79 82 3
79 83 99
79 84 37
79 85 65
79 86 52
79 87 60
79 88 76
79 89 92
79 90 33
80 1 9
80 2 35
80 3 87
80 4 26
80 5 66
80 6 94
80 7 6
80 8 17
80 9 45
80 10 88
80 11 20
80 12 19
80 13 82
80 14 3
80 15 84
80 16 40
80 17 75
80 18 39
80 19 14
80 20 95
80 21 59
80 22 38
80 23 1
80 24 94
80 25 53
80 26 64
80 27 81
80 28 20
80 29 38
80 30 90
80 31 42
80 32 37
80 33 60
80 34 70
80 35 5
80 36 35
80 37 53
80 38 2
80 39 24
80 40 57
80 41 33
80 42 86
80 43 10
80 44 82
80 45 87
80 46 86
80 47 17
80 48 60
80 49 80
80 50 26
80 51 81
80 52 81
80 53 27
80 54 15
80 55 99
80 56 63
80 57 99
80 58 98
80 59 26
80 60 53
80 61 19
80 62 64
80 63 55
80 64 10
80 65 8
80 66 59
80 67 20
80 68 46
80 69 87
80 70 29
80 71 89
80 72 65
80 73 74
80 74 100
80 75 91
80 76 47
80 77 75
80 78 64
80 79 77
80 80 89
80 81 94
80 82 5
80 83 10
80 84 99
80 85 55
80 86 92
80 87 100
80 88 81
80 89 84
80 90 28
81 1 72
81 2 58
81 3 10
81 4 73
81 5 100
81 6 64
81 7 75
81 8 91
81 9 15
81 10 8
81 11 64
81 12 87
81 13 38
81 14 22
81 15 2
81 16 1
81 17 18
81 18 55
81 19 69
81 20 29
81 21 81
81 22 21
81 23 26
81 24 53
81 25 98
81 26 9
81 27 68
81 28 93
81 29 98
81 30 64
81 31 67
81 32 94
81 33 62
81 34 53
81 35 52
81 36 37
81 37 39
81 38 91
81 39 100
81 40 28
81 41 55
81 42 14
81 43 88
81 44 61
81 45 19
81 46 80
81 47 89
81 48 65
81 49 61
81 50 9
81 51 23
81 52 42
81 53 35
81 54 78
81 55 69
81 56 99
81 57 65
81 58 71
81 59 28
81 60 97
81 61 2
81 62 95
81 63 6
81 64 7
81 65 8
81 66 76
81 67 88
81 68 9
81 69 15
81 70 21
81 71 64
81 72 66
81 73 4
81 74 72
81 75 78
81 76 53
81 77 11
81 78 36
81 79 29
81 80 1
81 81 25
81 82 82
81 83 97
81 84 15
81 85 91
81 86 89
81 87 99
81 88 72
81 89 98
81 90 21
82 1 90
82 2 60
82 3 50
82 4 84
82 5 7
82 6 79
82 7 85
82 8 13
82 9 93
82 10 27
82 11 40
82 12 29
82 13 80
82 14 28
82 15 73
82 16 7
82 17 72
82 18 72
82 19 57
82 20 57
82 21 77
82 22 96
82 23 49
82 24 3
82 25 65
82 26 12
82 27 26
82 28 7
82 29 43
82 30 15
82 31 70
82 32 96
82 33 9
82 34 4
82 35 2
82 36 60
82 37 56
82 38 97
82 39 95
82 40 78
82 41 14
82 42 85
82 43 27
82 44 5
82 45 84
82 46 74
82 47 73
82 48 32
82 49 95
82 50 28
82 51 28
82 52 85
82 53 53
82 54 44
82 55 66
82 56 26
82 57 14
82 58 78
82 59 55
82 60 89
82 61 49
82 62 45
82 63 87
82 64 99
82 65 52
82 66 74
82 67 99
82 68 7
82 69 82
82 70 40
82 71 54
82 72 42
82 73 27
82 74 98
82 75 63
82 76 95
82 77 26
82 78 99
82 79 40
82 80 38
82 81 94
82 82 37
82 83 41
82 84 28
82 85 36
82 86 16
82 87 23
82 88 16
82 89 63
82 90 91
83 1 87
83 2 80
83 3 78
83 4 76
83 5 49
83 6 73
83 7 22
83 8 41
83 9 38
83 10 93
83 11 97
83 12 83
83 13 4
83 14 22
83 15 47
83 16 5
83 17 62
83 18 84
83 19 100
83 20 81
83 21 90
83 22 2
83 23 70
83 24 77
83 25 63
83 26 19
83 27 49
83 28 38
83 29 62
83 30 57
83 31 10
83 32 79
83 33 46
83 34 79
83 35 2
83 36 98
83 37 7
83 38 82
83 39 92
83 40 49
83 41 88
83 42 67
83 43 84
83 44 98
83 45 89
83 46 18
83 47 36
83 48 2
83 49 63
83 50 37
83 51 8
83 52 98
83 53 3
83 54 9
83 55 87
83 56 74
83 57 13
83 58 90
83 59 3
83 60 6
83 61 94
83 62 90
83 63 53
83 64 32
83 65 27
83 66 22
83 67 90
83 68 38
83 69 41
83 70 34
83 71 26
83 72 100
83 73 64
83 74 7
83 75 52
83 76 79
83 77 78
83 78 29
83 79 75
83 80 18
83 81 73
83 82 82
83 83 38
83 84 67
83 85 91
83 86 32
83 87 30
83 88 94
83 89 64
83 90 97
84 1 30
84 2 71
84 3 53
84 4 56
84 5 60
84 6 51
84 7 87
84 8 70
84 9 2
84 10 3
84 11 52
84 12 36
84 13 85
84 14 48
84 15 20
84 16 55
84 17 22
84 18 45
84 19 10
84 20 79
84 21 66
84 22 68
84 23 8
84 24 46
84 25 8
84 26 79
84 27 26
84 28 35
84 29 34
84 30 53
84 31 46
84 32 59
84 33 20
84 34 19
84 35 73
84 36 91
84 37 72
84 38 7
84 39 32
84 40 84
84 41 56
84 42 42
84 43 93
84 44 71
84 45 6
84 46 85
84 47 95
84 48 12
84 49 81
84 50 19
84 51 86
84 52 41
84 53 38
84 54 45
84 55 57
84 56 92
84 57 73
84 58 20
84 59 73
84 60 35
84 61 27
84 62 77
84 63 53
84 64 49
84 65 96
84 66 5
84 67 24
84 68 20
84 69 5
84 70 37
84 71 65
84 72 10
84 73 71
84 74 44
84 75 35
84 76 17
84 77 78
84 78 71
84 79 5
84 80 90
84 81 10
84 82 77
84 83 19
84 84 25
84 85 87
84 86 71
84 87 49
84 88 5
84 89 91
84 90 3
85 1 74
85 2 45
85 3 53
85 4 1
85 5 66
85 6 77
85 7 70
85 8 89
85 9 21
85 10 49
85 11 23
85 12 11
85 13 2
85 14 32
85 15 78
85 16 9
85 17 63
85 18 62
85 19 26
85 20 31
85 21 20
85 22 69
85 23 44
85 24 66
85 25 54
85 26 9
85 27 95
85 28 86
85 29 45
85 30 46
85 31 50
85 32 63
85 33 18
85 34 46
85 35 12
85 36 51
85 37 35
85 38 89
85 39 96
85 40 84
85 41 22
85 42 36
85 43 25
85 44 25
85 45 24
85 46 82
85 47 50
85 48 8
85 49 68
85 50 90
85 51 9
85 52 76
85 53 11
85 54 77
85 55 22
85 56 77
85 57 9
85 58 91
85 59 37
85 60 64
85 61 7
85 62 36
85 63 80
85 64 36
85 65 55
85 66 24
85 67 50
85 68 46
85 69 64
85 70 77
85 71 38
85 72 67
85 73 16
85 74 24
85 75 4
85 76 60
85 77 26
85 78 11
85 79 59
85 80 99
85 81 56
85 82 58
85 83 1
85 84 83
85 85 72
85 86 50
85 87 20
85 88 52
85 89 63
85 90 76
86 1 73
86 2 87
86 3 79
86 4 14
86 5 20
86 6 99
86 7 78
86 8 33
86 9 69
86 10 49
86 11 86
86 12 23
86 13 19
86 14 35
86 15 42
86 16 77
86 17 93
86 18 77
86 19 63
86 20 2
86 21 43
86 22 20
86 23 7
86 24 56
86 25 81
86 26 8
86 27 62
86 28 21
86 29 86
86 30 59
86 31 48
86 32 32
86 33 14
86 34 34
86 35 96
86 36 7
86 37 94
86 38 42
86 39 26
86 40 1
86 41 38
86 42 93
86 43 32
86 44 27
86 45 47
86 46 54
86 47 58
86 48 96
86 49 16
86 50 49
86 51 32
86 52 8
86 53 46
86 54 32
86 55 51
86 56 48
86 57 93
86 58 61
86 59 37
86 60 43
86 61 91
86 62 52
86 63 72
86 64 23
86 65 37
86 66 63
86 67 43
86 68 74
86 69 81
86 70 67
86 71 83
86 72 12
86 73 22
86 74 48
86 75 40
86 76 48
86 77 31
86 78 23
86 79 91
86 80 23
86 81 91
86 82 14
86 83 85
86 84 60
86 85 20
86 86 66
86 87 67
86 88 57
86 89 96
86 90 38
87 1 100
87 2 58
87 3 86
87 4 100
87 5 24
87 6 30
87 7 76
87 8 90
87 9 28
87 10 53
87 11 34
87 12 38
87 13 35
87 14 94
87 15 61
87 16 80
87 17 73
87 18 53
87 19 68
87 20 51
87 21 46
87 22 70
87 23 1
87 24 20
87 25 100
87 26 18
87 27 20
87 28 12
87 29 72
87 30 49
87 31 90
87 32 45
87 33 40
87 34 19
87 35 61
87 36 68
87 37 98
87 38 58
87 39 37
87 40 67
87 41 64
87 42 1
87 43 31
87 44 76
87 45 96
87 46 29
87 47 24
87 48 17
87 49 4
87 50 47
87 51 69
87 52 78
87 53 39
87 54 12
87 55 35
87 56 48
87 57 92
87 58 11
87 59 38
87 60 94
87 61 67
87 62 44
87 63 9
87 64 16
87 65 50
87 66 79
87 67 56
87 68 38
87 69 18
87 70 83
87 71 26
87 72 22
87 73 85
87 74 29
87 75 14
87 76 59
87 77 42
87 78 22
87 79 61
87 80 15
87 81 48
87 82 63
87 83 5
87 84 69
87 85 59
87 86 79
87 87 100
87 88 40
87 89 45
87 90 100
88 1 15
88 2 10
88 3 99
88 4 60
88 5 72
88 6 65
88 7 88
88 8 89
88 9 73
88 10 9
88 11 22
88 12 84
88 13 63
88 14 4
88 15 39
88 16 61
88 17 36
88 18 97
88 19 81
88 20 66
88 21 24
88 22 4
88 23 61
88 24 20
88 25 44
88 26 91
88 27 65
88 28 60
88 29 53
88 30 22
88 31 9
88 32 58
88 33 85
88 34 2
88 35 96
88 36 64
88 37 19
88 38 34
88 39 35
88 40 10
88 41 99
88 42 33
88 43 44
88 44 76
88 45 79
88 46 28
88 47 36
88 48 90
88 49 89
88 50 1
88 51 84
88 52 14
88 53 44
88 54 44
88 55 55
88 56 51
88 57 19
88 58 61
88 59 27
88 60 13
88 61 51
88 62 44
88 63 39
88 64 52
88 65 30
88 66 71
88 67 12
88 68 55
88 69 89
88 70 90
88 71 80
88 72 34
88 73 63
88 74 40
88 75 68
88 76 53
88 77 63
88 78 23
88 79 49
88 80 90
88 81 38
88 82 100
88 83 74
88 84 92
88 85 2
88 86 60
88 87 65
88 88 60
88 89 1
88 90 58
89 1 42
89 2 58
89 3 70
89 4 59
89 5 42
89 6 42
89 7 43
89 8 30
89 9 77
89 10 37
89 11 48
89 12 47
89 13 61
89 14 39
89 15 50
89 16 87
89 17 99
89 18 7
89 19 74
89 20 8
89 21 70
89 22 53
89 23 47
89 24 99
89 25 55
89 26 76
89 27 8
89 28 20
89 29 87
89 30 41
89 31 58
89 32 71
89 33 34
89 34 5
89 35 54
89 36 50
89 37 71
89 38 72
89 39 82
89 40 91
89 41 94
89 42 23
89 43 6
89 44 23
89 45 5
89 46 69
89 47 77
89 48 96
89 49 91
89 50 87
89 51 85
89 52 94
89 53 81
89 54 68
89 55 14
89 56 100
89 57 98
89 58 45
89 59 84
89 60 84
89 61 34
89 62 21
89 63 8
89 64 95
89 65 94
89 66 60
89 67 89
89 68 13
89 69 96
89 70 42
89 71 14
89 72 92
89 73 67
89 74 95
89 75 36
89 76 27
89 77 84
89 78 36
89 79 18
89 80 29
89 81 17
89 82 80
89 83 82
89 84 35
89 85 7
89 86 68
89 87 17
89 88 6
89 89 1
89 90 67
90 1 87
90 2 68
90 3 48
90 4 78
90 5 35
90 6 59
90 7 2
90 8 61
90 9 13
90 10 87
90 11 28
90 12 84
90 13 64
90 14 85
90 15 76
90 16 64
90 17 59
90 18 27
90 19 57
90 20 49
90 21 85
90 22 65
90 23 33
90 24 17
90 25 2
90 26 51
90 27 99
90 28 95
90 29 99
90 30 59
90 31 21
90 32 6
90 33 99
90 34 66
90 35 76
90 36 100
90 37 56
90 38 58
90 39 57
90 40 21
90 41 58
90 42 47
90 43 32
90 44 81
90 45 40
90 46 54
90 47 28
90 48 93
90 49 3
90 50 22
90 51 41
90 52 76
90 53 68
90 54 58
90 55 68
90 56 19
90 57 67
90 58 60
90 59 100
90 60 91
90 61 46
90 62 91
90 63 65
90 64 7
90 65 12
90 66 61
90 67 23
90 68 42
90 69 11
90 70 87
90 71 63
90 72 63
90 73 57
90 74 63
90 75 52
90 76 1
90 77 50
90 78 32
90 79 84
90 80 15
90 81 9
90 82 56
90 83 23
90 84 69
90 85 74
90 86 68
90 87 74
90 88 9
90 89 39
90 90 45
