2 42
2 45
2 14
2 52
2 21
3 81
3 51
3 12
4 49
4 43
4 45
5 72
5 68
6 57
6 54
7 32
7 70
7 74
7 77
7 27
7 31
8 84
9 80
9 50
9 58
9 74
10 32
10 17
10 43
11 40
11 3
12 40
12 3
12 28
12 36
13 70
13 77
13 53
13 56
13 57
14 7
14 72
14 42
14 53
14 55
15 90
15 19
15 61
16 8
16 35
16 3
17 66
17 46
18 43
18 75
18 19
18 86
19 62
19 50
19 38
20 68
20 40
20 73
20 82
20 25
21 88
21 59
21 29
21 55
22 88
22 34
22 61
22 79
23 1
23 35
23 37
23 6
23 86
23 29
23 30
24 18
24 76
25 9
25 76
25 45
25 48
25 20
25 29
26 73
26 50
26 85
26 6
27 79
27 80
27 20
27 23
27 26
27 28
28 41
28 82
28 46
29 57
29 58
29 3
29 79
30 65
30 7
30 8
30 9
30 76
30 53
31 2
31 73
31 41
31 74
31 77
31 59
32 42
32 87
32 47
33 73
33 28
33 79
34 68
34 45
34 16
34 85
34 90
35 66
35 37
35 74
35 10
35 63
36 64
36 2
36 87
36 23
37 60
37 47
38 34
38 11
38 39
39 42
39 82
40 67
40 12
40 50
40 89
40 61
41 24
41 13
42 16
42 46
43 33
43 38
43 20
43 21
43 63
44 73
44 44
44 48
44 51
44 26
44 60
45 33
45 35
45 10
45 49
45 83
45 52
46 44
46 84
46 7
47 8
47 67
47 86
48 53
49 25
49 68
50 43
50 76
51 65
51 37
51 10
51 82
51 62
52 33
52 66
52 44
52 16
52 86
52 30
53 8
53 84
53 15
54 83
54 76
54 55
55 32
55 36
55 6
55 40
55 10
55 30
56 26
56 71
57 76
58 16
58 29
59 2
59 34
59 36
59 52
59 23
60 24
60 42
60 19
60 39
61 62
61 88
61 38
61 47
62 38
62 79
62 52
62 28
62 31
63 72
63 27
64 72
64 42
64 83
64 85
64 63
65 66
65 35
65 38
65 12
65 45
65 82
66 25
66 18
66 19
66 44
67 69
67 77
67 79
67 15
67 87
67 25
68 9
68 90
68 21
69 53
69 69
69 21
70 24
70 3
71 40
71 10
71 19
71 74
72 17
72 31
73 89
73 1
73 65
73 3
73 10
73 45
73 21
73 57
74 1
74 46
74 23
75 21
76 43
77 1
77 71
77 42
77 77
77 47
78 10
78 42
78 74
78 55
78 87
78 89
79 65
79 72
79 82
79 53
79 31
79 63
80 38
80 14
80 23
81 73
81 15
81 16
81 80
81 61
82 24
82 34
82 35
83 35
83 13
83 48
83 53
83 22
83 59
84 9
84 10
84 90
85 83
85 75
85 4
85 13
86 40
86 20
87 49
87 42
87 23
88 34
88 14
88 50
88 85
88 22
88 89
89 89
90 25
90 49
90 76
90 7
