1 1 -1
1 2 2
1 3 8
1 4 5
1 5 10
1 6 2
1 7 7
1 8 8
1 9 9
1 10 8
1 11 8
1 12 1
1 13 10
2 1 2
2 2 -1
2 3 10
2 4 7
2 5 12
2 6 4
2 7 8
2 8 10
2 9 10
2 10 10
2 11 10
2 12 3
2 13 12
3 1 8
3 2 10
3 3 -1
3 4 3
3 5 10
3 6 8
3 7 14
3 8 11
3 9 13
3 10 1
3 11 3
3 12 7
3 13 8
4 1 5
4 2 7
4 3 3
4 4 -1
4 5 11
4 6 6
4 7 12
4 8 11
4 9 12
4 10 3
4 11 5
4 12 5
4 13 9
5 1 10
5 2 12
5 3 10
5 4 11
5 5 -1
5 6 7
5 7 9
5 8 3
5 9 5
5 10 9
5 11 7
5 12 8
5 13 2
6 1 2
6 2 4
6 3 8
6 4 6
6 5 7
6 6 -1
6 7 6
6 8 6
6 9 7
6 10 7
6 11 7
6 12 1
6 13 8
7 1 7
7 2 8
7 3 14
7 4 12
7 5 9
7 6 6
7 7 -1
7 8 6
7 9 4
7 10 13
7 11 12
7 12 7
7 13 11
8 1 8
8 2 10
8 3 11
8 4 11
8 5 3
8 6 6
8 7 6
8 8 -1
8 9 2
8 10 10
8 11 8
8 12 7
8 13 5
9 1 9
9 2 10
9 3 13
9 4 12
9 5 5
9 6 7
9 7 4
9 8 2
9 9 -1
9 10 12
9 11 10
9 12 8
9 13 7
10 1 8
10 2 10
10 3 1
10 4 3
10 5 9
10 6 7
10 7 13
10 8 10
10 9 12
10 10 -1
10 11 2
10 12 7
10 13 7
11 1 8
11 2 10
11 3 3
11 4 5
11 5 7
11 6 7
11 7 12
11 8 8
11 9 10
11 10 2
11 11 -1
11 12 7
11 13 5
12 1 1
12 2 3
12 3 7
12 4 5
12 5 8
12 6 1
12 7 7
12 8 7
12 9 8
12 10 7
12 11 7
12 12 -1
12 13 8
13 1 10
13 2 12
13 3 8
13 4 9
13 5 2
13 6 8
13 7 11
13 8 5
13 9 7
13 10 7
13 11 5
13 12 8
13 13 -1
