1 1 -1
1 2 25
1 3 16
1 4 43
1 5 22
1 6 20
1 7 20
1 8 24
1 9 35
1 10 17
1 11 28
1 12 34
1 13 1
1 14 27
1 15 24
1 16 26
1 17 28
1 18 25
1 19 37
1 20 15
1 21 38
1 22 5
1 23 22
1 24 21
1 25 16
1 26 27
1 27 10
1 28 24
1 29 14
1 30 20
1 31 25
1 32 32
1 33 2
1 34 32
1 35 19
1 36 4
2 1 25
2 2 -1
2 3 17
2 4 29
2 5 21
2 6 33
2 7 14
2 8 11
2 9 24
2 10 20
2 11 25
2 12 21
2 13 26
2 14 38
2 15 4
2 16 18
2 17 30
2 18 37
2 19 19
2 20 21
2 21 24
2 22 26
2 23 20
2 24 13
2 25 15
2 26 2
2 27 15
2 28 33
2 29 11
2 30 11
2 31 8
2 32 9
2 33 23
2 34 18
2 35 19
2 36 21
3 1 16
3 2 17
3 3 -1
3 4 27
3 5 7
3 6 16
3 7 5
3 8 10
3 9 19
3 10 3
3 11 13
3 12 18
3 13 17
3 14 21
3 15 13
3 16 10
3 17 16
3 18 20
3 19 22
3 20 4
3 21 22
3 22 20
3 23 6
3 24 6
3 25 1
3 26 18
3 27 12
3 28 17
3 29 15
3 30 6
3 31 22
3 32 26
3 33 15
3 34 16
3 35 4
3 36 15
4 1 43
4 2 29
4 3 27
4 4 -1
4 5 21
4 6 35
4 7 22
4 8 20
4 9 8
4 10 26
4 11 17
4 12 9
4 13 44
4 14 35
4 15 25
4 16 16
4 17 23
4 18 36
4 19 10
4 20 29
4 21 5
4 22 47
4 23 21
4 24 21
4 25 26
4 26 27
4 27 37
4 28 32
4 29 37
4 30 24
4 31 37
4 32 34
4 33 42
4 34 11
4 35 24
4 36 41
5 1 22
5 2 21
5 3 7
5 4 21
5 5 -1
5 6 16
5 7 6
5 8 10
5 9 13
5 10 5
5 11 6
5 12 13
5 13 24
5 14 18
5 15 17
5 16 6
5 17 9
5 18 18
5 19 19
5 20 7
5 21 17
5 22 27
5 23 1
5 24 7
5 25 8
5 26 21
5 27 19
5 28 14
5 29 22
5 30 9
5 31 27
5 32 30
5 33 22
5 34 13
5 35 3
5 36 22
6 1 20
6 2 33
6 3 16
6 4 35
6 5 16
6 6 -1
6 7 20
6 8 25
6 9 28
6 10 13
6 11 18
6 12 29
6 13 21
6 14 7
6 15 30
6 16 22
6 17 13
6 18 5
6 19 35
6 20 12
6 21 32
6 22 25
6 23 16
6 24 21
6 25 18
6 26 34
6 27 24
6 28 5
6 29 28
6 30 22
6 31 38
6 32 42
6 33 21
6 34 29
6 35 14
6 36 22
7 1 20
7 2 14
7 3 5
7 4 22
7 5 6
7 6 20
7 7 -1
7 8 5
7 9 15
7 10 7
7 11 12
7 12 13
7 13 22
7 14 24
7 15 10
7 16 6
7 17 16
7 18 23
7 19 17
7 20 9
7 21 17
7 22 24
7 23 5
7 24 1
7 25 4
7 26 14
7 27 14
7 28 20
7 29 16
7 30 3
7 31 21
7 32 23
7 33 19
7 34 11
7 35 5
7 36 19
8 1 24
8 2 11
8 3 10
8 4 20
8 5 10
8 6 25
8 7 5
8 8 -1
8 9 13
8 10 12
8 11 14
8 12 11
8 13 25
8 14 28
8 15 7
8 16 7
8 17 20
8 18 28
8 19 13
8 20 14
8 21 15
8 22 28
8 23 10
8 24 4
8 25 9
8 26 11
8 27 16
8 28 24
8 29 17
8 30 4
8 31 19
8 32 19
8 33 23
8 34 8
8 35 10
8 36 22
9 1 35
9 2 24
9 3 19
9 4 8
9 5 13
9 6 28
9 7 15
9 8 13
9 9 -1
9 10 18
9 11 10
9 12 3
9 13 36
9 14 28
9 15 20
9 16 8
9 17 16
9 18 29
9 19 9
9 20 21
9 21 4
9 22 39
9 23 13
9 24 14
9 25 19
9 26 23
9 27 29
9 28 25
9 29 30
9 30 17
9 31 32
9 32 30
9 33 34
9 34 6
9 35 16
9 36 34
10 1 17
10 2 20
10 3 3
10 4 26
10 5 5
10 6 13
10 7 7
10 8 12
10 9 18
10 10 -1
10 11 11
10 12 18
10 13 18
10 14 17
10 15 17
10 16 10
10 17 13
10 18 17
10 19 23
10 20 2
10 21 22
10 22 21
10 23 5
10 24 8
10 25 5
10 26 21
10 27 15
10 28 13
10 29 18
10 30 9
10 31 26
10 32 29
10 33 17
10 34 17
10 35 2
10 36 17
11 1 28
11 2 25
11 3 13
11 4 17
11 5 6
11 6 18
11 7 12
11 8 14
11 9 10
11 10 11
11 11 -1
11 12 11
11 13 30
11 14 18
11 15 21
11 16 7
11 17 6
11 18 19
11 19 18
11 20 13
11 21 14
11 22 33
11 23 7
11 24 12
11 25 14
11 26 25
11 27 25
11 28 15
11 29 28
11 30 15
11 31 32
11 32 34
11 33 28
11 34 12
11 35 9
11 36 28
12 1 34
12 2 21
12 3 18
12 4 9
12 5 13
12 6 29
12 7 13
12 8 11
12 9 3
12 10 18
12 11 11
12 12 -1
12 13 35
12 14 29
12 15 17
12 16 7
12 17 18
12 18 30
12 19 6
12 20 20
12 21 4
12 22 38
12 23 13
12 24 12
12 25 17
12 26 20
12 27 27
12 28 26
12 29 28
12 30 15
12 31 29
12 32 27
12 33 33
12 34 3
12 35 16
12 36 32
13 1 1
13 2 26
13 3 17
13 4 44
13 5 24
13 6 21
13 7 22
13 8 25
13 9 36
13 10 18
13 11 30
13 12 35
13 13 -1
13 14 28
13 15 25
13 16 28
13 17 30
13 18 26
13 19 38
13 20 16
13 21 39
13 22 4
13 23 23
13 24 23
13 25 17
13 26 28
13 27 11
13 28 25
13 29 15
13 30 21
13 31 25
13 32 33
13 33 3
13 34 33
13 35 20
13 36 5
14 1 27
14 2 38
14 3 21
14 4 35
14 5 18
14 6 7
14 7 24
14 8 28
14 9 28
14 10 17
14 11 18
14 12 29
14 13 28
14 14 -1
14 15 34
14 16 23
14 17 12
14 18 2
14 19 36
14 20 17
14 21 32
14 22 32
14 23 18
14 24 25
14 25 22
14 26 38
14 27 30
14 28 4
14 29 34
14 30 26
14 31 43
14 32 47
14 33 28
14 34 30
14 35 18
14 36 29
15 1 24
15 2 4
15 3 13
15 4 25
15 5 17
15 6 30
15 7 10
15 8 7
15 9 20
15 10 17
15 11 21
15 12 17
15 13 25
15 14 34
15 15 -1
15 16 14
15 17 26
15 18 34
15 19 16
15 20 18
15 21 20
15 22 26
15 23 16
15 24 10
15 25 12
15 26 4
15 27 14
15 28 30
15 29 12
15 30 7
15 31 12
15 32 12
15 33 22
15 34 14
15 35 16
15 36 20
16 1 26
16 2 18
16 3 10
16 4 16
16 5 6
16 6 22
16 7 6
16 8 7
16 9 8
16 10 10
16 11 7
16 12 7
16 13 28
16 14 23
16 15 14
16 16 -1
16 17 13
16 18 24
16 19 13
16 20 13
16 21 11
16 22 31
16 23 6
16 24 6
16 25 10
16 26 18
16 27 21
16 28 19
16 29 22
16 30 9
16 31 26
16 32 26
16 33 26
16 34 7
16 35 8
16 36 25
17 1 28
17 2 30
17 3 16
17 4 23
17 5 9
17 6 13
17 7 16
17 8 20
17 9 16
17 10 13
17 11 6
17 12 18
17 13 30
17 14 12
17 15 26
17 16 13
17 17 -1
17 18 13
17 19 24
17 20 14
17 21 20
17 22 33
17 23 10
17 24 17
17 25 17
17 26 31
17 27 28
17 28 9
17 29 31
17 30 19
17 31 37
17 32 39
17 33 29
17 34 19
17 35 12
17 36 29
18 1 25
18 2 37
18 3 20
18 4 36
18 5 18
18 6 5
18 7 23
18 8 28
18 9 29
18 10 17
18 11 19
18 12 30
18 13 26
18 14 2
18 15 34
18 16 24
18 17 13
18 18 -1
18 19 36
18 20 16
18 21 33
18 22 30
18 23 18
18 24 24
18 25 21
18 26 38
18 27 29
18 28 4
18 29 33
18 30 26
18 31 42
18 32 46
18 33 26
18 34 30
18 35 18
18 36 27
19 1 37
19 2 19
19 3 22
19 4 10
19 5 19
19 6 35
19 7 17
19 8 13
19 9 9
19 10 23
19 11 18
19 12 6
19 13 38
19 14 36
19 15 16
19 16 13
19 17 24
19 18 36
19 19 -1
19 20 25
19 21 6
19 22 41
19 23 19
19 24 16
19 25 21
19 26 18
19 27 29
19 28 32
19 29 29
19 30 17
19 31 27
19 32 24
19 33 36
19 34 6
19 35 21
19 36 35
20 1 15
20 2 21
20 3 4
20 4 29
20 5 7
20 6 12
20 7 9
20 8 14
20 9 21
20 10 2
20 11 13
20 12 20
20 13 16
20 14 17
20 15 18
20 16 13
20 17 14
20 18 16
20 19 25
20 20 -1
20 21 24
20 22 20
20 23 7
20 24 10
20 25 5
20 26 22
20 27 14
20 28 13
20 29 18
20 30 10
20 31 26
20 32 30
20 33 15
20 34 19
20 35 4
20 36 15
21 1 38
21 2 24
21 3 22
21 4 5
21 5 17
21 6 32
21 7 17
21 8 15
21 9 4
21 10 22
21 11 14
21 12 4
21 13 39
21 14 32
21 15 20
21 16 11
21 17 20
21 18 33
21 19 6
21 20 24
21 21 -1
21 22 42
21 23 17
21 24 16
21 25 22
21 26 23
21 27 32
21 28 29
21 29 32
21 30 19
21 31 32
21 32 30
21 33 37
21 34 6
21 35 20
21 36 36
22 1 5
22 2 26
22 3 20
22 4 47
22 5 27
22 6 25
22 7 24
22 8 28
22 9 39
22 10 21
22 11 33
22 12 38
22 13 4
22 14 32
22 15 26
22 16 31
22 17 33
22 18 30
22 19 41
22 20 20
22 21 42
22 22 -1
22 23 26
22 24 25
22 25 20
22 26 28
22 27 11
22 28 29
22 29 15
22 30 23
22 31 25
22 32 33
22 33 5
22 34 36
22 35 23
22 36 5
23 1 22
23 2 20
23 3 6
23 4 21
23 5 1
23 6 16
23 7 5
23 8 10
23 9 13
23 10 5
23 11 7
23 12 13
23 13 23
23 14 18
23 15 16
23 16 6
23 17 10
23 18 18
23 19 19
23 20 7
23 21 17
23 22 26
23 23 -1
23 24 6
23 25 7
23 26 20
23 27 18
23 28 14
23 29 21
23 30 8
23 31 26
23 32 29
23 33 21
23 34 13
23 35 2
23 36 21
24 1 21
24 2 13
24 3 6
24 4 21
24 5 7
24 6 21
24 7 1
24 8 4
24 9 14
24 10 8
24 11 12
24 12 12
24 13 23
24 14 25
24 15 10
24 16 6
24 17 17
24 18 24
24 19 16
24 20 10
24 21 16
24 22 25
24 23 6
24 24 -1
24 25 5
24 26 14
24 27 15
24 28 20
24 29 16
24 30 3
24 31 20
24 32 22
24 33 20
24 34 10
24 35 6
24 36 19
25 1 16
25 2 15
25 3 1
25 4 26
25 5 8
25 6 18
25 7 4
25 8 9
25 9 19
25 10 5
25 11 14
25 12 17
25 13 17
25 14 22
25 15 12
25 16 10
25 17 17
25 18 21
25 19 21
25 20 5
25 21 22
25 22 20
25 23 7
25 24 5
25 25 -1
25 26 16
25 27 11
25 28 18
25 29 14
25 30 5
25 31 21
25 32 24
25 33 15
25 34 16
25 35 5
25 36 15
26 1 27
26 2 2
26 3 18
26 4 27
26 5 21
26 6 34
26 7 14
26 8 11
26 9 23
26 10 21
26 11 25
26 12 20
26 13 28
26 14 38
26 15 4
26 16 18
26 17 31
26 18 38
26 19 18
26 20 22
26 21 23
26 22 28
26 23 20
26 24 14
26 25 16
26 26 -1
26 27 17
26 28 34
26 29 13
26 30 12
26 31 9
26 32 8
26 33 25
26 34 17
26 35 20
26 36 23
27 1 10
27 2 15
27 3 12
27 4 37
27 5 19
27 6 24
27 7 14
27 8 16
27 9 29
27 10 15
27 11 25
27 12 27
27 13 11
27 14 30
27 15 14
27 16 21
27 17 28
27 18 29
27 19 29
27 20 14
27 21 32
27 22 11
27 23 18
27 24 15
27 25 11
27 26 17
27 27 -1
27 28 26
27 29 5
27 30 12
27 31 15
27 32 22
27 33 8
27 34 25
27 35 16
27 36 6
28 1 24
28 2 33
28 3 17
28 4 32
28 5 14
28 6 5
28 7 20
28 8 24
28 9 25
28 10 13
28 11 15
28 12 26
28 13 25
28 14 4
28 15 30
28 16 19
28 17 9
28 18 4
28 19 32
28 20 13
28 21 29
28 22 29
28 23 14
28 24 20
28 25 18
28 26 34
28 27 26
28 28 -1
28 29 30
28 30 22
28 31 39
28 32 43
28 33 25
28 34 26
28 35 14
28 36 26
29 1 14
29 2 11
29 3 15
29 4 37
29 5 22
29 6 28
29 7 16
29 8 17
29 9 30
29 10 18
29 11 28
29 12 28
29 13 15
29 14 34
29 15 12
29 16 22
29 17 31
29 18 33
29 19 29
29 20 18
29 21 32
29 22 15
29 23 21
29 24 16
29 25 14
29 26 13
29 27 5
29 28 30
29 29 -1
29 30 13
29 31 10
29 32 18
29 33 12
29 34 25
29 35 19
29 36 10
30 1 20
30 2 11
30 3 6
30 4 24
30 5 9
30 6 22
30 7 3
30 8 4
30 9 17
30 10 9
30 11 15
30 12 15
30 13 21
30 14 26
30 15 7
30 16 9
30 17 19
30 18 26
30 19 17
30 20 10
30 21 19
30 22 23
30 23 8
30 24 3
30 25 5
30 26 12
30 27 12
30 28 22
30 29 13
30 30 -1
30 31 18
30 32 20
30 33 18
30 34 12
30 35 8
30 36 17
31 1 25
31 2 8
31 3 22
31 4 37
31 5 27
31 6 38
31 7 21
31 8 19
31 9 32
31 10 26
31 11 32
31 12 29
31 13 25
31 14 43
31 15 12
31 16 26
31 17 37
31 18 42
31 19 27
31 20 26
31 21 32
31 22 25
31 23 26
31 24 20
31 25 21
31 26 9
31 27 15
31 28 39
31 29 10
31 30 18
31 31 -1
31 32 8
31 33 23
31 34 26
31 35 25
31 36 20
32 1 32
32 2 9
32 3 26
32 4 34
32 5 30
32 6 42
32 7 23
32 8 19
32 9 30
32 10 29
32 11 34
32 12 27
32 13 33
32 14 47
32 15 12
32 16 26
32 17 39
32 18 46
32 19 24
32 20 30
32 21 30
32 22 33
32 23 29
32 24 22
32 25 24
32 26 8
32 27 22
32 28 43
32 29 18
32 30 20
32 31 8
32 32 -1
32 33 30
32 34 24
32 35 29
32 36 28
33 1 2
33 2 23
33 3 15
33 4 42
33 5 22
33 6 21
33 7 19
33 8 23
33 9 34
33 10 17
33 11 28
33 12 33
33 13 3
33 14 28
33 15 22
33 16 26
33 17 29
33 18 26
33 19 36
33 20 15
33 21 37
33 22 5
33 23 21
33 24 20
33 25 15
33 26 25
33 27 8
33 28 25
33 29 12
33 30 18
33 31 23
33 32 30
33 33 -1
33 34 31
33 35 18
33 36 2
34 1 32
34 2 18
34 3 16
34 4 11
34 5 13
34 6 29
34 7 11
34 8 8
34 9 6
34 10 17
34 11 12
34 12 3
34 13 33
34 14 30
34 15 14
34 16 7
34 17 19
34 18 30
34 19 6
34 20 19
34 21 6
34 22 36
34 23 13
34 24 10
34 25 16
34 26 17
34 27 25
34 28 26
34 29 25
34 30 12
34 31 26
34 32 24
34 33 31
34 34 -1
34 35 15
34 36 30
35 1 19
35 2 19
35 3 4
35 4 24
35 5 3
35 6 14
35 7 5
35 8 10
35 9 16
35 10 2
35 11 9
35 12 16
35 13 20
35 14 18
35 15 16
35 16 8
35 17 12
35 18 18
35 19 21
35 20 4
35 21 20
35 22 23
35 23 2
35 24 6
35 25 5
35 26 20
35 27 16
35 28 14
35 29 19
35 30 8
35 31 25
35 32 29
35 33 18
35 34 15
35 35 -1
35 36 18
36 1 4
36 2 21
36 3 15
36 4 41
36 5 22
36 6 22
36 7 19
36 8 22
36 9 34
36 10 17
36 11 28
36 12 32
36 13 5
36 14 29
36 15 20
36 16 25
36 17 29
36 18 27
36 19 35
36 20 15
36 21 36
36 22 5
36 23 21
36 24 19
36 25 15
36 26 23
36 27 6
36 28 26
36 29 10
36 30 17
36 31 20
36 32 28
36 33 2
36 34 30
36 35 18
36 36 -1
