1 1 -1
1 2 21
1 3 30
1 4 21
1 5 17
1 6 39
1 7 38
1 8 41
1 9 30
1 10 24
1 11 39
1 12 14
1 13 15
1 14 9
1 15 35
1 16 8
1 17 30
1 18 24
1 19 8
1 20 25
1 21 24
1 22 8
1 23 43
1 24 7
1 25 8
1 26 11
1 27 18
1 28 3
1 29 15
1 30 35
1 31 12
1 32 16
1 33 28
1 34 31
1 35 21
1 36 12
1 37 27
1 38 17
1 39 33
1 40 41
1 41 12
1 42 39
1 43 23
1 44 17
1 45 8
1 46 39
1 47 15
1 48 2
1 49 41
1 50 29
2 1 21
2 2 -1
2 3 12
2 4 29
2 5 30
2 6 19
2 7 16
2 8 20
2 9 21
2 10 17
2 11 17
2 12 20
2 13 17
2 14 12
2 15 18
2 16 27
2 17 18
2 18 23
2 19 14
2 20 6
2 21 18
2 22 14
2 23 25
2 24 27
2 25 16
2 26 26
2 27 28
2 28 24
2 29 7
2 30 21
2 31 19
2 32 35
2 33 14
2 34 14
2 35 22
2 36 12
2 37 7
2 38 19
2 39 24
2 40 28
2 41 24
2 42 17
2 43 19
2 44 13
2 45 19
2 46 23
2 47 9
2 48 23
2 49 24
2 50 21
3 1 30
3 2 12
3 3 -1
3 4 41
3 5 41
3 6 10
3 7 13
3 8 14
3 9 12
3 10 12
3 11 13
3 12 32
3 13 29
3 14 21
3 15 6
3 16 32
3 17 7
3 18 18
3 19 24
3 20 17
3 21 13
3 22 22
3 23 14
3 24 36
3 25 21
3 26 37
3 27 29
3 28 31
3 29 15
3 30 30
3 31 22
3 32 45
3 33 25
3 34 24
3 35 20
3 36 18
3 37 5
3 38 31
3 39 35
3 40 38
3 41 36
3 42 16
3 43 31
3 44 14
3 45 30
3 46 31
3 47 21
3 48 31
3 49 12
3 50 33
4 1 21
4 2 29
4 3 41
4 4 -1
4 5 7
4 6 48
4 7 43
4 8 47
4 9 47
4 10 41
4 11 44
4 12 9
4 13 12
4 14 22
4 15 47
4 16 29
4 17 45
4 18 44
4 19 19
4 20 27
4 21 42
4 22 24
4 23 55
4 24 17
4 25 27
4 26 11
4 27 40
4 28 23
4 29 26
4 30 27
4 31 32
4 32 15
4 33 23
4 34 27
4 35 41
4 36 28
4 37 36
4 38 9
4 39 21
4 40 29
4 41 8
4 42 41
4 43 13
4 44 34
4 45 14
4 46 31
4 47 20
4 48 23
4 49 53
4 50 17
5 1 17
5 2 30
5 3 41
5 4 7
5 5 -1
5 6 50
5 7 46
5 8 50
5 9 46
5 10 39
5 11 47
5 12 10
5 13 14
5 14 20
5 15 48
5 16 24
5 17 44
5 18 41
5 19 17
5 20 30
5 21 40
5 22 21
5 23 56
5 24 10
5 25 24
5 26 6
5 27 35
5 28 18
5 29 26
5 30 33
5 31 29
5 32 8
5 33 28
5 34 32
5 35 38
5 36 26
5 37 37
5 38 13
5 39 28
5 40 36
5 41 5
5 42 45
5 43 19
5 44 32
5 45 12
5 46 37
5 47 21
5 48 18
5 49 54
5 50 24
6 1 39
6 2 19
6 3 10
6 4 48
6 5 50
6 6 -1
6 7 8
6 8 5
6 9 19
6 10 22
6 11 7
6 12 40
6 13 36
6 14 31
6 15 8
6 16 42
6 17 15
6 18 28
6 19 34
6 20 21
6 21 23
6 22 31
6 23 8
6 24 46
6 25 32
6 26 45
6 27 39
6 28 42
6 29 25
6 30 32
6 31 33
6 32 54
6 33 28
6 34 26
6 35 30
6 36 28
6 37 12
6 38 39
6 39 38
6 40 39
6 41 44
6 42 12
6 43 36
6 44 25
6 45 38
6 46 31
6 47 29
6 48 41
6 49 8
6 50 37
7 1 38
7 2 16
7 3 13
7 4 43
7 5 46
7 6 8
7 7 -1
7 8 4
7 9 25
7 10 25
7 11 1
7 12 36
7 13 31
7 14 29
7 15 14
7 16 42
7 17 20
7 18 31
7 19 31
7 20 16
7 21 26
7 22 30
7 23 16
7 24 43
7 25 31
7 26 42
7 27 41
7 28 40
7 29 23
7 30 24
7 31 34
7 32 51
7 33 21
7 34 18
7 35 32
7 36 27
7 37 12
7 38 33
7 39 30
7 40 31
7 41 40
7 42 4
7 43 30
7 44 26
7 45 35
7 46 23
7 47 25
7 48 39
7 49 17
7 50 30
8 1 41
8 2 20
8 3 14
8 4 47
8 5 50
8 6 5
8 7 4
8 8 -1
8 9 25
8 10 26
8 11 3
8 12 40
8 13 36
8 14 32
8 15 13
8 16 45
8 17 20
8 18 32
8 19 34
8 20 20
8 21 27
8 22 33
8 23 13
8 24 47
8 25 34
8 26 46
8 27 43
8 28 44
8 29 26
8 30 28
8 31 36
8 32 55
8 33 26
8 34 23
8 35 34
8 36 30
8 37 14
8 38 38
8 39 35
8 40 35
8 41 44
8 42 8
8 43 34
8 44 28
8 45 39
8 46 27
8 47 29
8 48 43
8 49 14
8 50 34
9 1 30
9 2 21
9 3 12
9 4 47
9 5 46
9 6 19
9 7 25
9 8 25
9 9 -1
9 10 6
9 11 25
9 12 38
9 13 36
9 14 25
9 15 11
9 16 29
9 17 5
9 18 9
9 19 28
9 20 27
9 21 6
9 22 24
9 23 18
9 24 38
9 25 22
9 26 40
9 27 21
9 28 31
9 29 21
9 30 42
9 31 19
9 32 47
9 33 36
9 34 35
9 35 12
9 36 19
9 37 16
9 38 39
9 39 46
9 40 50
9 41 40
9 42 29
9 43 40
9 44 13
9 45 34
9 46 43
9 47 28
9 48 31
9 49 15
9 50 43
10 1 24
10 2 17
10 3 12
10 4 41
10 5 39
10 6 22
10 7 25
10 8 26
10 9 6
10 10 -1
10 11 25
10 12 32
10 13 30
10 14 19
10 15 14
10 16 23
10 17 7
10 18 6
10 19 22
10 20 23
10 21 1
10 22 17
10 23 22
10 24 31
10 25 15
10 26 33
10 27 17
10 28 25
10 29 15
10 30 38
10 31 13
10 32 40
10 33 32
10 34 32
10 35 8
10 36 13
10 37 14
10 38 33
10 39 41
10 40 46
10 41 33
10 42 28
10 43 34
10 44 7
10 45 27
10 46 40
10 47 22
10 48 24
10 49 19
10 50 38
11 1 39
11 2 17
11 3 13
11 4 44
11 5 47
11 6 7
11 7 1
11 8 3
11 9 25
11 10 25
11 11 -1
11 12 37
11 13 33
11 14 30
11 15 14
11 16 43
11 17 20
11 18 32
11 19 32
11 20 17
11 21 27
11 22 31
11 23 15
11 24 45
11 25 32
11 26 43
11 27 42
11 28 42
11 29 24
11 30 25
11 31 35
11 32 52
11 33 22
11 34 19
11 35 33
11 36 28
11 37 13
11 38 35
11 39 32
11 40 32
11 41 42
11 42 5
11 43 31
11 44 27
11 45 36
11 46 24
11 47 26
11 48 41
11 49 16
11 50 31
12 1 14
12 2 20
12 3 32
12 4 9
12 5 10
12 6 40
12 7 36
12 8 40
12 9 38
12 10 32
12 11 37
12 12 -1
12 13 4
12 14 13
12 15 38
12 16 22
12 17 36
12 18 35
12 19 10
12 20 20
12 21 33
12 22 15
12 23 46
12 24 12
12 25 18
12 26 8
12 27 32
12 28 16
12 29 17
12 30 25
12 31 24
12 32 16
12 33 19
12 34 22
12 35 32
12 36 19
12 37 28
12 38 4
12 39 20
12 40 28
12 41 5
12 42 35
12 43 11
12 44 25
12 45 5
12 46 29
12 47 11
12 48 16
12 49 45
12 50 16
13 1 15
13 2 17
13 3 29
13 4 12
13 5 14
13 6 36
13 7 31
13 8 36
13 9 36
13 10 30
13 11 33
13 12 4
13 13 -1
13 14 11
13 15 35
13 16 24
13 17 33
13 18 33
13 19 9
13 20 15
13 21 31
13 22 14
13 23 42
13 24 16
13 25 17
13 26 12
13 27 32
13 28 18
13 29 15
13 30 21
13 31 23
13 32 20
13 33 15
13 34 18
13 35 31
13 36 17
13 37 24
13 38 3
13 39 17
13 40 25
13 41 9
13 42 30
13 43 8
13 44 23
13 45 7
13 46 25
13 47 8
13 48 18
13 49 41
13 50 13
14 1 9
14 2 12
14 3 21
14 4 22
14 5 20
14 6 31
14 7 29
14 8 32
14 9 25
14 10 19
14 11 30
14 12 13
14 13 11
14 14 -1
14 15 27
14 16 15
14 17 24
14 18 22
14 19 3
14 20 16
14 21 20
14 22 2
14 23 36
14 24 15
14 25 6
14 26 15
14 27 21
14 28 12
14 29 6
14 30 28
14 31 12
14 32 23
14 33 21
14 34 23
14 35 19
14 36 6
14 37 18
14 38 14
14 39 27
14 40 34
14 41 14
14 42 29
14 43 18
14 44 12
14 45 8
14 46 31
14 47 6
14 48 11
14 49 34
14 50 23
15 1 35
15 2 18
15 3 6
15 4 47
15 5 48
15 6 8
15 7 14
15 8 13
15 9 11
15 10 14
15 11 14
15 12 38
15 13 35
15 14 27
15 15 -1
15 16 36
15 17 7
15 18 20
15 19 30
15 20 23
15 21 15
15 22 27
15 23 8
15 24 42
15 25 27
15 26 43
15 27 31
15 28 37
15 29 21
15 30 35
15 31 26
15 32 51
15 33 31
15 34 29
15 35 22
15 36 23
15 37 11
15 38 38
15 39 41
15 40 43
15 41 42
15 42 19
15 43 37
15 44 18
15 45 36
15 46 36
15 47 27
15 48 36
15 49 6
15 50 39
16 1 8
16 2 27
16 3 32
16 4 29
16 5 24
16 6 42
16 7 42
16 8 45
16 9 29
16 10 23
16 11 43
16 12 22
16 13 24
16 14 15
16 15 36
16 16 -1
16 17 30
16 18 21
16 19 15
16 20 31
16 21 23
16 22 13
16 23 45
16 24 13
16 25 11
16 26 18
16 27 12
16 28 5
16 29 20
16 30 43
16 31 10
16 32 21
16 33 36
16 34 38
16 35 18
16 36 15
16 37 30
16 38 26
16 39 41
16 40 49
16 41 20
16 42 44
16 43 32
16 44 17
16 45 16
16 46 46
16 47 22
16 48 6
16 49 42
16 50 37
17 1 30
17 2 18
17 3 7
17 4 45
17 5 44
17 6 15
17 7 20
17 8 20
17 9 5
17 10 7
17 11 20
17 12 36
17 13 33
17 14 24
17 15 7
17 16 30
17 17 -1
17 18 13
17 19 27
17 20 23
17 21 8
17 22 23
17 23 14
17 24 38
17 25 22
17 26 39
17 27 24
17 28 31
17 29 18
17 30 38
17 31 20
17 32 46
17 33 32
17 34 31
17 35 15
17 36 18
17 37 12
17 38 36
17 39 42
17 40 45
17 41 39
17 42 24
17 43 37
17 44 13
17 45 32
17 46 38
17 47 25
17 48 31
17 49 12
17 50 39
18 1 24
18 2 23
18 3 18
18 4 44
18 5 41
18 6 28
18 7 31
18 8 32
18 9 9
18 10 6
18 11 32
18 12 35
18 13 33
18 14 22
18 15 20
18 16 21
18 17 13
18 18 -1
18 19 25
18 20 29
18 21 5
18 22 20
18 23 27
18 24 32
18 25 17
18 26 35
18 27 12
18 28 24
18 29 19
18 30 44
18 31 12
18 32 41
18 33 38
18 34 38
18 35 3
18 36 16
18 37 21
18 38 36
18 39 47
18 40 52
18 41 36
18 42 35
18 43 39
18 44 10
18 45 30
18 46 46
18 47 26
18 48 24
18 49 24
18 50 43
19 1 8
19 2 14
19 3 24
19 4 19
19 5 17
19 6 34
19 7 31
19 8 34
19 9 28
19 10 22
19 11 32
19 12 10
19 13 9
19 14 3
19 15 30
19 16 15
19 17 27
19 18 25
19 19 -1
19 20 17
19 21 23
19 22 5
19 23 39
19 24 12
19 25 8
19 26 12
19 27 23
19 28 11
19 29 9
19 30 27
19 31 14
19 32 20
19 33 20
19 34 23
19 35 22
19 36 9
19 37 21
19 38 12
19 39 26
19 40 33
19 41 11
19 42 31
19 43 16
19 44 15
19 45 5
19 46 31
19 47 7
19 48 10
19 49 37
19 50 22
20 1 25
20 2 6
20 3 17
20 4 27
20 5 30
20 6 21
20 7 16
20 8 20
20 9 27
20 10 23
20 11 17
20 12 20
20 13 15
20 14 16
20 15 23
20 16 31
20 17 23
20 18 29
20 19 17
20 20 -1
20 21 25
20 22 18
20 23 29
20 24 29
20 25 20
20 26 26
20 27 34
20 28 28
20 29 12
20 30 15
20 31 25
20 32 35
20 33 8
20 34 8
20 35 29
20 36 17
20 37 12
20 38 17
20 39 18
20 40 22
20 41 24
20 42 15
20 43 14
20 44 19
20 45 20
20 46 17
20 47 10
20 48 27
20 49 28
20 50 16
21 1 24
21 2 18
21 3 13
21 4 42
21 5 40
21 6 23
21 7 26
21 8 27
21 9 6
21 10 1
21 11 27
21 12 33
21 13 31
21 14 20
21 15 15
21 16 23
21 17 8
21 18 5
21 19 23
21 20 25
21 21 -1
21 22 18
21 23 23
21 24 32
21 25 16
21 26 34
21 27 16
21 28 25
21 29 16
21 30 40
21 31 13
21 32 41
21 33 33
21 34 33
21 35 7
21 36 14
21 37 15
21 38 34
21 39 42
21 40 47
21 41 34
21 42 29
21 43 36
21 44 8
21 45 28
21 46 41
21 47 23
21 48 24
21 49 20
21 50 39
22 1 8
22 2 14
22 3 22
22 4 24
22 5 21
22 6 31
22 7 30
22 8 33
22 9 24
22 10 17
22 11 31
22 12 15
22 13 14
22 14 2
22 15 27
22 16 13
22 17 23
22 18 20
22 19 5
22 20 18
22 21 18
22 22 -1
22 23 36
22 24 14
22 25 3
22 26 16
22 27 18
22 28 10
22 29 7
22 30 30
22 31 9
22 32 23
22 33 23
22 34 25
22 35 17
22 36 4
22 37 19
22 38 17
22 39 30
22 40 37
22 41 16
22 42 31
22 43 21
22 44 10
22 45 10
22 46 34
22 47 9
22 48 9
22 49 33
22 50 26
23 1 43
23 2 25
23 3 14
23 4 55
23 5 56
23 6 8
23 7 16
23 8 13
23 9 18
23 10 22
23 11 15
23 12 46
23 13 42
23 14 36
23 15 8
23 16 45
23 17 14
23 18 27
23 19 39
23 20 29
23 21 23
23 22 36
23 23 -1
23 24 50
23 25 35
23 26 51
23 27 39
23 28 45
23 29 29
23 30 40
23 31 35
23 32 59
23 33 36
23 34 34
23 35 30
23 36 31
23 37 18
23 38 45
23 39 46
23 40 47
23 41 50
23 42 20
23 43 43
23 44 27
23 45 44
23 46 39
23 47 34
23 48 44
23 49 3
23 50 44
24 1 7
24 2 27
24 3 36
24 4 17
24 5 10
24 6 46
24 7 43
24 8 47
24 9 38
24 10 31
24 11 45
24 12 12
24 13 16
24 14 15
24 15 42
24 16 13
24 17 38
24 18 32
24 19 12
24 20 29
24 21 32
24 22 14
24 23 50
24 24 -1
24 25 16
24 26 5
24 27 25
24 28 8
24 29 21
24 30 37
24 31 19
24 32 8
24 33 31
24 34 34
24 35 28
24 36 19
24 37 33
24 38 16
24 39 33
24 40 41
24 41 8
24 42 44
24 43 23
24 44 24
24 45 9
24 46 41
24 47 18
24 48 8
24 49 48
24 50 29
25 1 8
25 2 16
25 3 21
25 4 27
25 5 24
25 6 32
25 7 31
25 8 34
25 9 22
25 10 15
25 11 32
25 12 18
25 13 17
25 14 6
25 15 27
25 16 11
25 17 22
25 18 17
25 19 8
25 20 20
25 21 16
25 22 3
25 23 35
25 24 16
25 25 -1
25 26 18
25 27 14
25 28 10
25 29 9
25 30 34
25 31 5
25 32 25
25 33 26
25 34 28
25 35 14
25 36 4
25 37 19
25 38 20
25 39 33
25 40 40
25 41 19
25 42 33
25 43 25
25 44 8
25 45 13
25 46 37
25 47 12
25 48 9
25 49 33
25 50 29
26 1 11
26 2 26
26 3 37
26 4 11
26 5 6
26 6 45
26 7 42
26 8 46
26 9 40
26 10 33
26 11 43
26 12 8
26 13 12
26 14 15
26 15 43
26 16 18
26 17 39
26 18 35
26 19 12
26 20 26
26 21 34
26 22 16
26 23 51
26 24 5
26 25 18
26 26 -1
26 27 29
26 28 12
26 29 21
26 30 33
26 31 23
26 32 8
26 33 27
26 34 30
26 35 32
26 36 20
26 37 33
26 38 12
26 39 28
26 40 36
26 41 3
26 42 42
26 43 19
26 44 26
26 45 7
26 46 37
26 47 17
26 48 12
26 49 49
26 50 24
27 1 18
27 2 28
27 3 29
27 4 40
27 5 35
27 6 39
27 7 41
27 8 43
27 9 21
27 10 17
27 11 42
27 12 32
27 13 32
27 14 21
27 15 31
27 16 12
27 17 24
27 18 12
27 19 23
27 20 34
27 21 16
27 22 18
27 23 39
27 24 25
27 25 14
27 26 29
27 27 -1
27 28 17
27 29 22
27 30 48
27 31 9
27 32 33
27 33 41
27 34 42
27 35 9
27 36 17
27 37 29
27 38 34
27 39 48
27 40 55
27 41 31
27 42 43
27 43 39
27 44 15
27 45 26
27 46 51
27 47 27
27 48 17
27 49 36
27 50 44
28 1 3
28 2 24
28 3 31
28 4 23
28 5 18
28 6 42
28 7 40
28 8 44
28 9 31
28 10 25
28 11 42
28 12 16
28 13 18
28 14 12
28 15 37
28 16 5
28 17 31
28 18 24
28 19 11
28 20 28
28 21 25
28 22 10
28 23 45
28 24 8
28 25 10
28 26 12
28 27 17
28 28 -1
28 29 17
28 30 38
28 31 12
28 32 16
28 33 32
28 34 34
28 35 21
28 36 13
28 37 29
28 38 20
28 39 36
28 40 44
28 41 14
28 42 41
28 43 26
28 44 18
28 45 11
28 46 42
28 47 18
28 48 1
28 49 43
28 50 32
29 1 15
29 2 7
29 3 15
29 4 26
29 5 26
29 6 25
29 7 23
29 8 26
29 9 21
29 10 15
29 11 24
29 12 17
29 13 15
29 14 6
29 15 21
29 16 20
29 17 18
29 18 19
29 19 9
29 20 12
29 21 16
29 22 7
29 23 29
29 24 21
29 25 9
29 26 21
29 27 22
29 28 17
29 29 -1
29 30 26
29 31 13
29 32 29
29 33 19
29 34 20
29 35 18
29 36 5
29 37 12
29 38 18
29 39 27
29 40 33
29 41 20
29 42 24
29 43 19
29 44 8
29 45 14
29 46 28
29 47 7
29 48 16
29 49 28
29 50 23
30 1 35
30 2 21
30 3 30
30 4 27
30 5 33
30 6 32
30 7 24
30 8 28
30 9 42
30 10 38
30 11 25
30 12 25
30 13 21
30 14 28
30 15 35
30 16 43
30 17 38
30 18 44
30 19 27
30 20 15
30 21 40
30 22 30
30 23 40
30 24 37
30 25 34
30 26 33
30 27 48
30 28 38
30 29 26
30 30 -1
30 31 39
30 32 41
30 33 7
30 34 6
30 35 43
30 36 31
30 37 26
30 38 21
30 39 7
30 40 7
30 41 30
30 42 20
30 43 14
30 44 34
30 45 28
30 46 4
30 47 21
30 48 37
30 49 40
30 50 9
31 1 12
31 2 19
31 3 22
31 4 32
31 5 29
31 6 33
31 7 34
31 8 36
31 9 19
31 10 13
31 11 35
31 12 24
31 13 23
31 14 12
31 15 26
31 16 10
31 17 20
31 18 12
31 19 14
31 20 25
31 21 13
31 22 9
31 23 35
31 24 19
31 25 5
31 26 23
31 27 9
31 28 12
31 29 13
31 30 39
31 31 -1
31 32 28
31 33 32
31 34 33
31 35 9
31 36 8
31 37 22
31 38 26
31 39 39
31 40 46
31 41 24
31 42 36
31 43 30
31 44 8
31 45 18
31 46 42
31 47 18
31 48 11
31 49 32
31 50 35
32 1 16
32 2 35
32 3 45
32 4 15
32 5 8
32 6 54
32 7 51
32 8 55
32 9 47
32 10 40
32 11 52
32 12 16
32 13 20
32 14 23
32 15 51
32 16 21
32 17 46
32 18 41
32 19 20
32 20 35
32 21 41
32 22 23
32 23 59
32 24 8
32 25 25
32 26 8
32 27 33
32 28 16
32 29 29
32 30 41
32 31 28
32 32 -1
32 33 35
32 34 39
32 35 37
32 36 28
32 37 41
32 38 20
32 39 36
32 40 44
32 41 11
32 42 51
32 43 27
32 44 33
32 45 15
32 46 45
32 47 26
32 48 16
32 49 57
32 50 32
33 1 28
33 2 14
33 3 25
33 4 23
33 5 28
33 6 28
33 7 21
33 8 26
33 9 36
33 10 32
33 11 22
33 12 19
33 13 15
33 14 21
33 15 31
33 16 36
33 17 32
33 18 38
33 19 20
33 20 8
33 21 33
33 22 23
33 23 36
33 24 31
33 25 26
33 26 27
33 27 41
33 28 32
33 29 19
33 30 7
33 31 32
33 32 35
33 33 -1
33 34 3
33 35 36
33 36 24
33 37 20
33 38 15
33 39 10
33 40 14
33 41 24
33 42 18
33 43 10
33 44 27
33 45 22
33 46 10
33 47 14
33 48 31
33 49 36
33 50 8
34 1 31
34 2 14
34 3 24
34 4 27
34 5 32
34 6 26
34 7 18
34 8 23
34 9 35
34 10 32
34 11 19
34 12 22
34 13 18
34 14 23
34 15 29
34 16 38
34 17 31
34 18 38
34 19 23
34 20 8
34 21 33
34 22 25
34 23 34
34 24 34
34 25 28
34 26 30
34 27 42
34 28 34
34 29 20
34 30 6
34 31 33
34 32 39
34 33 3
34 34 -1
34 35 37
34 36 25
34 37 19
34 38 19
34 39 12
34 40 14
34 41 27
34 42 15
34 43 13
34 44 28
34 45 25
34 46 8
34 47 16
34 48 33
34 49 34
34 50 11
35 1 21
35 2 22
35 3 20
35 4 41
35 5 38
35 6 30
35 7 32
35 8 34
35 9 12
35 10 8
35 11 33
35 12 32
35 13 31
35 14 19
35 15 22
35 16 18
35 17 15
35 18 3
35 19 22
35 20 29
35 21 7
35 22 17
35 23 30
35 24 28
35 25 14
35 26 32
35 27 9
35 28 21
35 29 18
35 30 43
35 31 9
35 32 37
35 33 36
35 34 37
35 35 -1
35 36 13
35 37 21
35 38 34
35 39 45
35 40 51
35 41 33
35 42 36
35 43 37
35 44 9
35 45 27
35 46 46
35 47 24
35 48 20
35 49 27
35 50 41
36 1 12
36 2 12
36 3 18
36 4 28
36 5 26
36 6 28
36 7 27
36 8 30
36 9 19
36 10 13
36 11 28
36 12 19
36 13 17
36 14 6
36 15 23
36 16 15
36 17 18
36 18 16
36 19 9
36 20 17
36 21 14
36 22 4
36 23 31
36 24 19
36 25 4
36 26 20
36 27 17
36 28 13
36 29 5
36 30 31
36 31 8
36 32 28
36 33 24
36 34 25
36 35 13
36 36 -1
36 37 15
36 38 20
36 39 32
36 40 38
36 41 20
36 42 29
36 43 23
36 44 6
36 45 14
36 46 34
36 47 10
36 48 13
36 49 29
36 50 28
37 1 27
37 2 7
37 3 5
37 4 36
37 5 37
37 6 12
37 7 12
37 8 14
37 9 16
37 10 14
37 11 13
37 12 28
37 13 24
37 14 18
37 15 11
37 16 30
37 17 12
37 18 21
37 19 21
37 20 12
37 21 15
37 22 19
37 23 18
37 24 33
37 25 19
37 26 33
37 27 29
37 28 29
37 29 12
37 30 26
37 31 22
37 32 41
37 33 20
37 34 19
37 35 21
37 36 15
37 37 -1
37 38 27
37 39 30
37 40 33
37 41 32
37 42 14
37 43 26
37 44 14
37 45 26
37 46 26
37 47 16
37 48 28
37 49 17
37 50 28
38 1 17
38 2 19
38 3 31
38 4 9
38 5 13
38 6 39
38 7 33
38 8 38
38 9 39
38 10 33
38 11 35
38 12 4
38 13 3
38 14 14
38 15 38
38 16 26
38 17 36
38 18 36
38 19 12
38 20 17
38 21 34
38 22 17
38 23 45
38 24 16
38 25 20
38 26 12
38 27 34
38 28 20
38 29 18
38 30 21
38 31 26
38 32 20
38 33 15
38 34 19
38 35 34
38 36 20
38 37 27
38 38 -1
38 39 16
38 40 24
38 41 9
38 42 32
38 43 7
38 44 26
38 45 9
38 46 25
38 47 11
38 48 19
38 49 44
38 50 12
39 1 33
39 2 24
39 3 35
39 4 21
39 5 28
39 6 38
39 7 30
39 8 35
39 9 46
39 10 41
39 11 32
39 12 20
39 13 17
39 14 27
39 15 41
39 16 41
39 17 42
39 18 47
39 19 26
39 20 18
39 21 42
39 22 30
39 23 46
39 24 33
39 25 33
39 26 28
39 27 48
39 28 36
39 29 27
39 30 7
39 31 39
39 32 36
39 33 10
39 34 12
39 35 45
39 36 32
39 37 30
39 38 16
39 39 -1
39 40 8
39 41 25
39 42 27
39 43 9
39 44 36
39 45 25
39 46 11
39 47 21
39 48 35
39 49 46
39 50 4
40 1 41
40 2 28
40 3 38
40 4 29
40 5 36
40 6 39
40 7 31
40 8 35
40 9 50
40 10 46
40 11 32
40 12 28
40 13 25
40 14 34
40 15 43
40 16 49
40 17 45
40 18 52
40 19 33
40 20 22
40 21 47
40 22 37
40 23 47
40 24 41
40 25 40
40 26 36
40 27 55
40 28 44
40 29 33
40 30 7
40 31 46
40 32 44
40 33 14
40 34 14
40 35 51
40 36 38
40 37 33
40 38 24
40 39 8
40 40 -1
40 41 33
40 42 27
40 43 17
40 44 41
40 45 33
40 46 8
40 47 27
40 48 43
40 49 47
40 50 12
41 1 12
41 2 24
41 3 36
41 4 8
41 5 5
41 6 44
41 7 40
41 8 44
41 9 40
41 10 33
41 11 42
41 12 5
41 13 9
41 14 14
41 15 42
41 16 20
41 17 39
41 18 36
41 19 11
41 20 24
41 21 34
41 22 16
41 23 50
41 24 8
41 25 19
41 26 3
41 27 31
41 28 14
41 29 20
41 30 30
41 31 24
41 32 11
41 33 24
41 34 27
41 35 33
41 36 20
41 37 32
41 38 9
41 39 25
41 40 33
41 41 -1
41 42 39
41 43 16
41 44 26
41 45 6
41 46 34
41 47 15
41 48 14
41 49 48
41 50 21
42 1 39
42 2 17
42 3 16
42 4 41
42 5 45
42 6 12
42 7 4
42 8 8
42 9 29
42 10 28
42 11 5
42 12 35
42 13 30
42 14 29
42 15 19
42 16 44
42 17 24
42 18 35
42 19 31
42 20 15
42 21 29
42 22 31
42 23 20
42 24 44
42 25 33
42 26 42
42 27 43
42 28 41
42 29 24
42 30 20
42 31 36
42 32 51
42 33 18
42 34 15
42 35 36
42 36 29
42 37 14
42 38 32
42 39 27
42 40 27
42 41 39
42 42 -1
42 43 28
42 44 28
42 45 35
42 46 19
42 47 25
42 48 40
42 49 21
42 50 27
43 1 23
43 2 19
43 3 31
43 4 13
43 5 19
43 6 36
43 7 30
43 8 34
43 9 40
43 10 34
43 11 31
43 12 11
43 13 8
43 14 18
43 15 37
43 16 32
43 17 37
43 18 39
43 19 16
43 20 14
43 21 36
43 22 21
43 23 43
43 24 23
43 25 25
43 26 19
43 27 39
43 28 26
43 29 19
43 30 14
43 31 30
43 32 27
43 33 10
43 34 13
43 35 37
43 36 23
43 37 26
43 38 7
43 39 9
43 40 17
43 41 16
43 42 28
43 43 -1
43 44 28
43 45 15
43 46 18
43 47 13
43 48 26
43 49 43
43 50 5
44 1 17
44 2 13
44 3 14
44 4 34
44 5 32
44 6 25
44 7 26
44 8 28
44 9 13
44 10 7
44 11 27
44 12 25
44 13 23
44 14 12
44 15 18
44 16 17
44 17 13
44 18 10
44 19 15
44 20 19
44 21 8
44 22 10
44 23 27
44 24 24
44 25 8
44 26 26
44 27 15
44 28 18
44 29 8
44 30 34
44 31 8
44 32 33
44 33 27
44 34 28
44 35 9
44 36 6
44 37 14
44 38 26
44 39 36
44 40 41
44 41 26
44 42 28
44 43 28
44 44 -1
44 45 20
44 46 36
44 47 15
44 48 17
44 49 25
44 50 32
45 1 8
45 2 19
45 3 30
45 4 14
45 5 12
45 6 38
45 7 35
45 8 39
45 9 34
45 10 27
45 11 36
45 12 5
45 13 7
45 14 8
45 15 36
45 16 16
45 17 32
45 18 30
45 19 5
45 20 20
45 21 28
45 22 10
45 23 44
45 24 9
45 25 13
45 26 7
45 27 26
45 28 11
45 29 14
45 30 28
45 31 18
45 32 15
45 33 22
45 34 25
45 35 27
45 36 14
45 37 26
45 38 9
45 39 25
45 40 33
45 41 6
45 42 35
45 43 15
45 44 20
45 45 -1
45 46 32
45 47 10
45 48 10
45 49 42
45 50 21
46 1 39
46 2 23
46 3 31
46 4 31
46 5 37
46 6 31
46 7 23
46 8 27
46 9 43
46 10 40
46 11 24
46 12 29
46 13 25
46 14 31
46 15 36
46 16 46
46 17 38
46 18 46
46 19 31
46 20 17
46 21 41
46 22 34
46 23 39
46 24 41
46 25 37
46 26 37
46 27 51
46 28 42
46 29 28
46 30 4
46 31 42
46 32 45
46 33 10
46 34 8
46 35 46
46 36 34
46 37 26
46 38 25
46 39 11
46 40 8
46 41 34
46 42 19
46 43 18
46 44 36
46 45 32
46 46 -1
46 47 24
46 48 41
46 49 39
46 50 13
47 1 15
47 2 9
47 3 21
47 4 20
47 5 21
47 6 29
47 7 25
47 8 29
47 9 28
47 10 22
47 11 26
47 12 11
47 13 8
47 14 6
47 15 27
47 16 22
47 17 25
47 18 26
47 19 7
47 20 10
47 21 23
47 22 9
47 23 34
47 24 18
47 25 12
47 26 17
47 27 27
47 28 18
47 29 7
47 30 21
47 31 18
47 32 26
47 33 14
47 34 16
47 35 24
47 36 10
47 37 16
47 38 11
47 39 21
47 40 27
47 41 15
47 42 25
47 43 13
47 44 15
47 45 10
47 46 24
47 47 -1
47 48 17
47 49 33
47 50 17
48 1 2
48 2 23
48 3 31
48 4 23
48 5 18
48 6 41
48 7 39
48 8 43
48 9 31
48 10 24
48 11 41
48 12 16
48 13 18
48 14 11
48 15 36
48 16 6
48 17 31
48 18 24
48 19 10
48 20 27
48 21 24
48 22 9
48 23 44
48 24 8
48 25 9
48 26 12
48 27 17
48 28 1
48 29 16
48 30 37
48 31 11
48 32 16
48 33 31
48 34 33
48 35 20
48 36 13
48 37 28
48 38 19
48 39 35
48 40 43
48 41 14
48 42 40
48 43 26
48 44 17
48 45 10
48 46 41
48 47 17
48 48 -1
48 49 42
48 50 31
49 1 41
49 2 24
49 3 12
49 4 53
49 5 54
49 6 8
49 7 17
49 8 14
49 9 15
49 10 19
49 11 16
49 12 45
49 13 41
49 14 34
49 15 6
49 16 42
49 17 12
49 18 24
49 19 37
49 20 28
49 21 20
49 22 33
49 23 3
49 24 48
49 25 33
49 26 49
49 27 36
49 28 43
49 29 28
49 30 40
49 31 32
49 32 57
49 33 36
49 34 34
49 35 27
49 36 29
49 37 17
49 38 44
49 39 46
49 40 47
49 41 48
49 42 21
49 43 43
49 44 25
49 45 42
49 46 39
49 47 33
49 48 42
49 49 -1
49 50 44
50 1 29
50 2 21
50 3 33
50 4 17
50 5 24
50 6 37
50 7 30
50 8 34
50 9 43
50 10 38
50 11 31
50 12 16
50 13 13
50 14 23
50 15 39
50 16 37
50 17 39
50 18 43
50 19 22
50 20 16
50 21 39
50 22 26
50 23 44
50 24 29
50 25 29
50 26 24
50 27 44
50 28 32
50 29 23
50 30 9
50 31 35
50 32 32
50 33 8
50 34 11
50 35 41
50 36 28
50 37 28
50 38 12
50 39 4
50 40 12
50 41 21
50 42 27
50 43 5
50 44 32
50 45 21
50 46 13
50 47 17
50 48 31
50 49 44
50 50 -1
