11 8
11 42
11 6
11 7
13 38
13 41
13 43
13 12
13 45
13 47
13 19
35 10
35 44
35 18
35 21
35 27
35 31
49 23
49 6
49 15
17 3
17 9
17 10
17 15
17 21
39 40
39 50
39 43
39 30
26 32
26 5
26 41
26 12
26 45
26 24
44 35
44 36
44 10
44 21
44 25
44 29
44 31
29 2
29 36
29 44
29 14
29 47
29 19
29 22
29 25
30 33
30 34
30 39
30 40
30 46
30 50
43 33
43 38
43 39
43 13
43 50
47 2
47 13
47 14
47 19
47 22
47 29
5 32
5 4
5 41
5 12
5 26
38 4
38 41
38 43
38 12
38 13
38 45
23 49
23 6
23 15
33 34
33 43
33 50
33 20
33 30
42 8
42 11
42 7
12 4
12 5
12 38
12 41
12 13
12 45
12 26
36 44
36 14
36 19
36 22
36 25
36 29
36 31
10 35
10 9
10 44
10 17
10 18
10 21
