1 1 -1
1 2 4
1 3 3
1 4 10
1 5 3
1 6 2
1 7 9
1 8 6
1 9 9
1 10 6
1 11 2
2 1 4
2 2 -1
2 3 1
2 4 6
2 5 1
2 6 4
2 7 6
2 8 3
2 9 5
2 10 2
2 11 3
3 1 3
3 2 1
3 3 -1
3 4 7
3 5 1
3 6 3
3 7 6
3 8 4
3 9 6
3 10 3
3 11 2
4 1 10
4 2 6
4 3 7
4 4 -1
4 5 7
4 6 10
4 7 6
4 8 5
4 9 2
4 10 4
4 11 9
5 1 3
5 2 1
5 3 1
5 4 7
5 5 -1
5 6 3
5 7 7
5 8 3
5 9 7
5 10 3
5 11 2
6 1 2
6 2 4
6 3 3
6 4 10
6 5 3
6 6 -1
6 7 7
6 8 7
6 9 9
6 10 6
6 11 1
7 1 9
7 2 6
7 3 6
7 4 6
7 5 7
7 6 7
7 7 -1
7 8 9
7 9 4
7 10 5
7 11 7
8 1 6
8 2 3
8 3 4
8 4 5
8 5 3
8 6 7
8 7 9
8 8 -1
8 9 6
8 10 4
8 11 6
9 1 9
9 2 5
9 3 6
9 4 2
9 5 7
9 6 9
9 7 4
9 8 6
9 9 -1
9 10 3
9 11 8
10 1 6
10 2 2
10 3 3
10 4 4
10 5 3
10 6 6
10 7 5
10 8 4
10 9 3
10 10 -1
10 11 5
11 1 2
11 2 3
11 3 2
11 4 9
11 5 2
11 6 1
11 7 7
11 8 6
11 9 8
11 10 5
11 11 -1
