1 1 -1
1 2 54
1 3 47
1 4 40
1 5 28
1 6 45
1 7 63
1 8 36
1 9 40
1 10 25
1 11 48
1 12 35
1 13 3
1 14 42
1 15 34
1 16 23
1 17 43
1 18 34
1 19 57
1 20 49
1 21 23
1 22 31
1 23 39
1 24 45
1 25 16
1 26 45
1 27 47
1 28 3
1 29 58
1 30 5
1 31 58
1 32 51
1 33 48
1 34 49
1 35 50
1 36 50
1 37 25
1 38 22
1 39 45
1 40 19
1 41 16
1 42 46
1 43 32
1 44 66
1 45 39
1 46 47
1 47 8
1 48 34
1 49 45
1 50 45
1 51 57
1 52 73
1 53 32
1 54 56
1 55 21
1 56 33
1 57 8
1 58 40
1 59 54
1 60 11
1 61 31
1 62 8
1 63 33
1 64 14
1 65 15
1 66 45
1 67 11
1 68 35
1 69 26
1 70 22
1 71 58
1 72 50
1 73 40
1 74 37
2 1 54
2 2 -1
2 3 55
2 4 55
2 5 39
2 6 10
2 7 50
2 8 56
2 9 16
2 10 73
2 11 42
2 12 18
2 13 57
2 14 80
2 15 54
2 16 31
2 17 12
2 18 61
2 19 55
2 20 6
2 21 63
2 22 43
2 23 82
2 24 10
2 25 70
2 26 9
2 27 7
2 28 56
2 29 25
2 30 51
2 31 58
2 32 3
2 33 49
2 34 5
2 35 69
2 36 5
2 37 29
2 38 46
2 39 63
2 40 68
2 41 64
2 42 41
2 43 56
2 44 55
2 45 44
2 46 38
2 47 49
2 48 23
2 49 11
2 50 12
2 51 13
2 52 67
2 53 21
2 54 68
2 55 34
2 56 54
2 57 59
2 58 22
2 59 68
2 60 64
2 61 61
2 62 58
2 63 49
2 64 40
2 65 45
2 66 19
2 67 47
2 68 43
2 69 28
2 70 52
2 71 31
2 72 4
2 73 45
2 74 73
3 1 47
3 2 55
3 3 -1
3 4 7
3 5 23
3 6 53
3 7 22
3 8 12
3 9 41
3 10 43
3 11 14
3 12 48
3 13 48
3 14 35
3 15 13
3 16 47
3 17 54
3 18 17
3 19 12
3 20 50
3 21 31
3 22 18
3 23 42
3 24 54
3 25 51
3 26 52
3 27 50
3 28 50
3 29 38
3 30 42
3 31 11
3 32 52
3 33 7
3 34 51
3 35 14
3 36 50
3 37 40
3 38 25
3 39 10
3 40 43
3 41 40
3 42 15
3 43 16
3 44 23
3 45 12
3 46 18
3 47 51
3 48 54
3 49 55
3 50 43
3 51 47
3 52 26
3 53 44
3 54 13
3 55 38
3 56 14
3 57 55
3 58 33
3 59 12
3 60 57
3 61 20
3 62 42
3 63 14
3 64 44
3 65 33
3 66 36
3 67 37
3 68 15
3 69 44
3 70 65
3 71 32
3 72 54
3 73 11
3 74 29
4 1 40
4 2 55
4 3 7
4 4 -1
4 5 19
4 6 52
4 7 29
4 8 4
4 9 40
4 10 35
4 11 18
4 12 45
4 13 41
4 14 30
4 15 5
4 16 43
4 17 52
4 18 10
4 19 19
4 20 49
4 21 23
4 22 14
4 23 35
4 24 53
4 25 44
4 26 51
4 27 49
4 28 43
4 29 41
4 30 35
4 31 18
4 32 52
4 33 13
4 34 51
4 35 14
4 36 50
4 37 37
4 38 18
4 39 8
4 40 35
4 41 32
4 42 18
4 43 8
4 44 30
4 45 11
4 46 20
4 47 45
4 48 51
4 49 53
4 50 43
4 51 49
4 52 33
4 53 41
4 54 16
4 55 34
4 56 7
4 57 48
4 58 33
4 59 15
4 60 50
4 61 13
4 62 35
4 63 8
4 64 39
4 65 26
4 66 36
4 67 30
4 68 12
4 69 41
4 70 59
4 71 36
4 72 54
4 73 10
4 74 22
5 1 28
5 2 39
5 3 23
5 4 19
5 5 -1
5 6 34
5 7 34
5 8 17
5 9 23
5 10 37
5 11 20
5 12 26
5 13 30
5 14 41
5 15 15
5 16 24
5 17 34
5 18 21
5 19 30
5 20 33
5 21 24
5 22 5
5 23 43
5 24 35
5 25 39
5 26 34
5 27 33
5 28 31
5 29 32
5 30 23
5 31 31
5 32 36
5 33 21
5 34 35
5 35 33
5 36 34
5 37 18
5 38 8
5 39 27
5 40 33
5 41 29
5 42 18
5 43 17
5 44 38
5 45 12
5 46 18
5 47 30
5 48 32
5 49 35
5 50 27
5 51 36
5 52 46
5 53 22
5 54 35
5 55 15
5 56 14
5 57 37
5 58 17
5 59 34
5 60 39
5 61 21
5 62 27
5 63 11
5 64 22
5 65 13
5 66 22
5 67 17
5 68 8
5 69 22
5 70 43
5 71 31
5 72 37
5 73 13
5 74 33
6 1 45
6 2 10
6 3 53
6 4 52
6 5 34
6 6 -1
6 7 51
6 8 51
6 9 12
6 10 65
6 11 42
6 12 9
6 13 48
6 14 74
6 15 49
6 16 22
6 17 2
6 18 55
6 19 55
6 20 7
6 21 55
6 22 39
6 23 75
6 24 1
6 25 61
6 26 1
6 27 5
6 28 47
6 29 29
6 30 43
6 31 58
6 32 8
6 33 48
6 34 6
6 35 66
6 36 8
6 37 20
6 38 40
6 39 60
6 40 60
6 41 56
6 42 40
6 43 51
6 44 57
6 45 41
6 46 38
6 47 39
6 48 13
6 49 2
6 50 11
6 51 20
6 52 68
6 53 13
6 54 66
6 55 25
6 56 49
6 57 50
6 58 20
6 59 65
6 60 54
6 61 55
6 62 49
6 63 45
6 64 30
6 65 37
6 66 19
6 67 39
6 68 39
6 69 19
6 70 42
6 71 34
6 72 6
6 73 42
6 74 67
7 1 63
7 2 50
7 3 22
7 4 29
7 5 34
7 6 51
7 7 -1
7 8 33
7 9 40
7 10 64
7 11 14
7 12 50
7 13 64
7 14 58
7 15 33
7 16 55
7 17 53
7 18 39
7 19 11
7 20 45
7 21 51
7 22 32
7 23 64
7 24 52
7 25 71
7 26 50
7 27 47
7 28 66
7 29 26
7 30 58
7 31 14
7 32 47
7 33 16
7 34 47
7 35 34
7 36 45
7 37 47
7 38 40
7 39 32
7 40 63
7 41 59
7 42 16
7 43 37
7 44 5
7 45 23
7 46 16
7 47 65
7 48 57
7 49 54
7 50 40
7 51 38
7 52 17
7 53 47
7 54 28
7 55 48
7 56 34
7 57 71
7 58 33
7 59 29
7 60 74
7 61 42
7 62 60
7 63 32
7 64 55
7 65 47
7 66 32
7 67 51
7 68 27
7 69 51
7 70 77
7 71 19
7 72 50
7 73 23
7 74 51
8 1 36
8 2 56
8 3 12
8 4 4
8 5 17
8 6 51
8 7 33
8 8 -1
8 9 40
8 10 31
8 11 21
8 12 44
8 13 36
8 14 27
8 15 2
8 16 41
8 17 51
8 18 6
8 19 24
8 20 49
8 21 18
8 22 12
8 23 32
8 24 52
8 25 39
8 26 51
8 27 49
8 28 39
8 29 43
8 30 31
8 31 23
8 32 52
8 33 17
8 34 51
8 35 16
8 36 50
8 37 35
8 38 15
8 39 10
8 40 31
8 41 28
8 42 21
8 43 4
8 44 34
8 45 13
8 46 23
8 47 41
8 48 49
8 49 53
8 50 43
8 51 50
8 52 38
8 53 40
8 54 20
8 55 32
8 56 3
8 57 44
8 58 33
8 59 18
8 60 45
8 61 9
8 62 31
8 63 6
8 64 36
8 65 23
8 66 37
8 67 26
8 68 12
8 69 39
8 70 55
8 71 38
8 72 54
8 73 12
8 74 19
9 1 40
9 2 16
9 3 41
9 4 40
9 5 23
9 6 12
9 7 40
9 8 40
9 9 -1
9 10 57
9 11 30
9 12 9
9 13 43
9 14 64
9 15 38
9 16 20
9 17 13
9 18 44
9 19 43
9 20 9
9 21 46
9 22 27
9 23 66
9 24 13
9 25 55
9 26 11
9 27 9
9 28 43
9 29 21
9 30 37
9 31 46
9 32 12
9 33 36
9 34 11
9 35 54
9 36 10
9 37 15
9 38 30
9 39 48
9 40 53
9 41 48
9 42 28
9 43 40
9 44 45
9 45 29
9 46 26
9 47 37
9 48 17
9 49 14
9 50 5
9 51 17
9 52 57
9 53 9
9 54 54
9 55 19
9 56 38
9 57 47
9 58 8
9 59 53
9 60 51
9 61 45
9 62 43
9 63 34
9 64 27
9 65 29
9 66 8
9 67 32
9 68 27
9 69 16
9 70 43
9 71 25
9 72 13
9 73 30
9 74 56
10 1 25
10 2 73
10 3 43
10 4 35
10 5 37
10 6 65
10 7 64
10 8 31
10 9 57
10 10 -1
10 11 52
10 12 56
10 13 22
10 14 19
10 15 31
10 16 46
10 17 65
10 18 25
10 19 55
10 20 67
10 21 13
10 22 35
10 23 14
10 24 66
10 25 14
10 26 66
10 27 66
10 28 25
10 29 69
10 30 24
10 31 54
10 32 70
10 33 48
10 34 68
10 35 38
10 36 68
10 37 45
10 38 28
10 39 36
10 40 6
10 41 10
10 42 51
10 43 27
10 44 66
10 45 42
10 46 52
10 47 34
10 48 57
10 49 66
10 50 62
10 51 72
10 52 68
10 53 52
10 54 46
10 55 40
10 56 30
10 57 29
10 58 54
10 59 44
10 60 27
10 61 22
10 62 17
10 63 33
10 64 37
10 65 28
10 66 59
10 67 26
10 68 39
10 69 47
10 70 46
10 71 67
10 72 70
10 73 42
10 74 18
11 1 48
11 2 42
11 3 14
11 4 18
11 5 20
11 6 42
11 7 14
11 8 21
11 9 30
11 10 52
11 11 -1
11 12 38
11 13 50
11 14 48
11 15 21
11 16 41
11 17 43
11 18 28
11 19 13
11 20 37
11 21 39
11 22 18
11 23 54
11 24 43
11 25 57
11 26 41
11 27 38
11 28 51
11 29 23
11 30 43
11 31 16
11 32 39
11 33 7
11 34 39
11 35 29
11 36 37
11 37 34
11 38 26
11 39 24
11 40 50
11 41 46
11 42 2
11 43 25
11 44 18
11 45 10
11 46 4
11 47 50
11 48 45
11 49 44
11 50 31
11 51 33
11 52 27
11 53 35
11 54 26
11 55 34
11 56 22
11 57 57
11 58 22
11 59 26
11 60 59
11 61 30
11 62 46
11 63 19
11 64 41
11 65 33
11 66 23
11 67 37
11 68 13
11 69 38
11 70 62
11 71 17
11 72 42
11 73 10
11 74 41
12 1 35
12 2 18
12 3 48
12 4 45
12 5 26
12 6 9
12 7 50
12 8 44
12 9 9
12 10 56
12 11 38
12 12 -1
12 13 39
12 14 66
12 15 42
12 16 13
12 17 8
12 18 48
12 19 51
12 20 14
12 21 47
12 22 31
12 23 66
12 24 10
12 25 51
12 26 9
12 27 12
12 28 38
12 29 31
12 30 33
12 31 53
12 32 16
12 33 43
12 34 14
12 35 59
12 36 15
12 37 11
12 38 31
12 39 53
12 40 51
12 41 46
12 42 36
12 43 43
12 44 55
12 45 36
12 46 34
12 47 30
12 48 7
12 49 9
12 50 13
12 51 25
12 52 65
12 53 4
12 54 61
12 55 16
12 56 41
12 57 41
12 58 16
12 59 60
12 60 45
12 61 47
12 62 40
12 63 38
12 64 21
12 65 28
12 66 18
12 67 29
12 68 33
12 69 9
12 70 34
12 71 35
12 72 14
12 73 37
12 74 58
13 1 3
13 2 57
13 3 48
13 4 41
13 5 30
13 6 48
13 7 64
13 8 36
13 9 43
13 10 22
13 11 50
13 12 39
13 13 -1
13 14 40
13 15 35
13 16 26
13 17 47
13 18 34
13 19 58
13 20 52
13 21 22
13 22 32
13 23 36
13 24 49
13 25 12
13 26 49
13 27 50
13 28 3
13 29 61
13 30 7
13 31 59
13 32 55
13 33 49
13 34 53
13 35 50
13 36 53
13 37 29
13 38 24
13 39 45
13 40 16
13 41 14
13 42 48
13 43 32
13 44 68
13 45 41
13 46 49
13 47 11
13 48 38
13 49 48
13 50 49
13 51 60
13 52 74
13 53 36
13 54 56
13 55 24
13 56 33
13 57 8
13 58 43
13 59 55
13 60 9
13 61 31
13 62 6
13 63 34
13 64 17
13 65 17
13 66 48
13 67 13
13 68 37
13 69 29
13 70 24
13 71 60
13 72 54
13 73 41
13 74 35
14 1 42
14 2 80
14 3 35
14 4 30
14 5 41
14 6 74
14 7 58
14 8 27
14 9 64
14 10 19
14 11 48
14 12 66
14 13 40
14 14 -1
14 15 28
14 16 58
14 17 74
14 18 21
14 19 47
14 20 74
14 21 19
14 22 37
14 23 8
14 24 75
14 25 33
14 26 74
14 27 73
14 28 43
14 29 70
14 30 39
14 31 45
14 32 77
14 33 43
14 34 75
14 35 25
14 36 75
14 37 55
14 38 34
14 39 26
14 40 24
14 41 26
14 42 48
14 43 25
14 44 58
14 45 40
14 46 50
14 47 50
14 48 68
14 49 75
14 50 68
14 51 76
14 52 57
14 53 61
14 54 33
14 55 50
14 56 28
14 57 47
14 58 58
14 59 32
14 60 45
14 61 19
14 62 34
14 63 32
14 64 50
14 65 38
14 66 63
14 67 38
14 68 39
14 69 58
14 70 64
14 71 66
14 72 78
14 73 39
14 74 7
15 1 34
15 2 54
15 3 13
15 4 5
15 5 15
15 6 49
15 7 33
15 8 2
15 9 38
15 10 31
15 11 21
15 12 42
15 13 35
15 14 28
15 15 -1
15 16 39
15 17 49
15 18 7
15 19 24
15 20 48
15 21 18
15 22 10
15 23 32
15 24 50
15 25 38
15 26 49
15 27 47
15 28 37
15 29 42
15 30 30
15 31 24
15 32 50
15 33 17
15 34 49
15 35 18
15 36 48
15 37 33
15 38 13
15 39 12
15 40 30
15 41 27
15 42 20
15 43 4
15 44 35
15 45 12
15 46 22
15 47 39
15 48 47
15 49 51
15 50 41
15 51 48
15 52 39
15 53 38
15 54 21
15 55 30
15 56 1
15 57 43
15 58 31
15 59 20
15 60 44
15 61 9
15 62 29
15 63 4
15 64 34
15 65 21
15 66 35
15 67 25
15 68 11
15 69 37
15 70 54
15 71 38
15 72 52
15 73 11
15 74 20
16 1 23
16 2 31
16 3 47
16 4 43
16 5 24
16 6 22
16 7 55
16 8 41
16 9 20
16 10 46
16 11 41
16 12 13
16 13 26
16 14 58
16 15 39
16 16 -1
16 17 20
16 18 43
16 19 54
16 20 27
16 21 38
16 22 29
16 23 57
16 24 22
16 25 39
16 26 22
16 27 25
16 28 25
16 29 41
16 30 21
16 31 55
16 32 29
16 33 45
16 34 27
16 35 57
16 36 28
16 37 7
16 38 26
16 39 51
16 40 40
16 41 36
16 42 39
16 43 39
16 44 60
16 45 36
16 46 38
16 47 17
16 48 11
16 49 21
16 50 25
16 51 37
16 52 69
16 53 11
16 54 60
16 55 9
16 56 38
16 57 27
16 58 23
16 59 58
16 60 32
16 61 41
16 62 29
16 63 35
16 64 9
16 65 19
16 66 27
16 67 19
16 68 32
16 69 4
16 70 23
16 71 44
16 72 27
16 73 37
16 74 51
17 1 43
17 2 12
17 3 54
17 4 52
17 5 34
17 6 2
17 7 53
17 8 51
17 9 13
17 10 65
17 11 43
17 12 8
17 13 47
17 14 74
17 15 49
17 16 20
17 17 -1
17 18 55
17 19 56
17 20 10
17 21 55
17 22 39
17 23 75
17 24 2
17 25 60
17 26 3
17 27 7
17 28 46
17 29 31
17 30 41
17 31 59
17 32 10
17 33 49
17 34 8
17 35 66
17 36 10
17 37 19
17 38 39
17 39 60
17 40 59
17 41 55
17 42 41
17 43 51
17 44 58
17 45 42
17 46 39
17 47 37
17 48 11
17 49 1
17 50 13
17 51 22
17 52 69
17 53 12
17 54 67
17 55 24
17 56 49
17 57 48
17 58 21
17 59 66
17 60 52
17 61 55
17 62 48
17 63 45
17 64 29
17 65 36
17 66 20
17 67 38
17 68 40
17 69 18
17 70 40
17 71 36
17 72 8
17 73 43
17 74 66
18 1 34
18 2 61
18 3 17
18 4 10
18 5 21
18 6 55
18 7 39
18 8 6
18 9 44
18 10 25
18 11 28
18 12 48
18 13 34
18 14 21
18 15 7
18 16 43
18 17 55
18 18 -1
18 19 29
18 20 54
18 21 14
18 22 17
18 23 25
18 24 56
18 25 35
18 26 55
18 27 54
18 28 37
18 29 49
18 30 30
18 31 28
18 32 57
18 33 23
18 34 56
18 35 15
18 36 55
18 37 38
18 38 17
18 39 11
18 40 26
18 41 24
18 42 27
18 43 4
18 44 40
18 45 19
18 46 29
18 47 41
18 48 52
18 49 57
18 50 48
18 51 55
18 52 42
18 53 43
18 54 21
18 55 34
18 56 7
18 57 42
18 58 38
18 59 20
18 60 43
18 61 3
18 62 28
18 63 11
18 64 37
18 65 24
18 66 42
18 67 26
18 68 18
18 69 41
18 70 55
18 71 45
18 72 58
18 73 18
18 74 13
19 1 57
19 2 55
19 3 12
19 4 19
19 5 30
19 6 55
19 7 11
19 8 24
19 9 43
19 10 55
19 11 13
19 12 51
19 13 58
19 14 47
19 15 24
19 16 54
19 17 56
19 18 29
19 19 -1
19 20 50
19 21 43
19 22 26
19 23 54
19 24 56
19 25 63
19 26 54
19 27 51
19 28 60
19 29 33
19 30 52
19 31 3
19 32 52
19 33 9
19 34 52
19 35 23
19 36 50
19 37 46
19 38 34
19 39 21
19 40 55
19 41 52
19 42 15
19 43 28
19 44 11
19 45 18
19 46 17
19 47 60
19 48 58
19 49 57
19 50 44
19 51 44
19 52 15
19 53 48
19 54 17
19 55 45
19 56 26
19 57 66
19 58 35
19 59 18
19 60 68
19 61 32
19 62 53
19 63 24
19 64 52
19 65 42
19 66 36
19 67 46
19 68 22
19 69 50
19 70 74
19 71 26
19 72 55
19 73 17
19 74 41
20 1 49
20 2 6
20 3 50
20 4 49
20 5 33
20 6 7
20 7 45
20 8 49
20 9 9
20 10 67
20 11 37
20 12 14
20 13 52
20 14 74
20 15 48
20 16 27
20 17 10
20 18 54
20 19 50
20 20 -1
20 21 56
20 22 37
20 23 76
20 24 8
20 25 64
20 26 6
20 27 2
20 28 51
20 29 21
20 30 46
20 31 53
20 32 2
20 33 43
20 34 2
20 35 63
20 36 1
20 37 23
20 38 40
20 39 57
20 40 62
20 41 58
20 42 35
20 43 50
20 44 50
20 45 38
20 46 33
20 47 44
20 48 19
20 49 9
20 50 6
20 51 12
20 52 62
20 53 16
20 54 63
20 55 28
20 56 47
20 57 54
20 58 16
20 59 62
20 60 59
20 61 54
20 62 52
20 63 43
20 64 34
20 65 39
20 66 14
20 67 41
20 68 37
20 69 23
20 70 48
20 71 27
20 72 5
20 73 39
20 74 66
21 1 23
21 2 63
21 3 31
21 4 23
21 5 24
21 6 55
21 7 51
21 8 18
21 9 46
21 10 13
21 11 39
21 12 47
21 13 22
21 14 19
21 15 18
21 16 38
21 17 55
21 18 14
21 19 43
21 20 56
21 21 -1
21 22 22
21 23 19
21 24 56
21 25 21
21 26 55
21 27 55
21 28 25
21 29 56
21 30 20
21 31 42
21 32 59
21 33 35
21 34 58
21 35 29
21 36 57
21 37 35
21 38 16
21 39 25
21 40 12
21 41 9
21 42 38
21 43 14
21 44 53
21 45 29
21 46 39
21 47 31
21 48 49
21 49 56
21 50 51
21 51 60
21 52 56
21 53 42
21 54 36
21 55 31
21 56 17
21 57 30
21 58 42
21 59 34
21 60 30
21 61 10
21 62 15
21 63 20
21 64 30
21 65 18
21 66 47
21 67 18
21 68 26
21 69 38
21 70 45
21 71 54
21 72 60
21 73 29
21 74 14
22 1 31
22 2 43
22 3 18
22 4 14
22 5 5
22 6 39
22 7 32
22 8 12
22 9 27
22 10 35
22 11 18
22 12 31
22 13 32
22 14 37
22 15 10
22 16 29
22 17 39
22 18 17
22 19 26
22 20 37
22 21 22
22 22 -1
22 23 40
22 24 39
22 25 39
22 26 38
22 27 37
22 28 34
22 29 34
22 30 26
22 31 27
22 32 40
22 33 17
22 34 39
22 35 28
22 36 38
22 37 23
22 38 8
22 39 22
22 40 33
22 41 29
22 42 16
22 43 12
22 44 35
22 45 8
22 46 17
22 47 33
22 48 37
22 49 40
22 50 31
22 51 39
22 52 42
22 53 27
22 54 30
22 55 20
22 56 10
22 57 39
22 58 21
22 59 29
22 60 42
22 61 17
22 62 28
22 63 6
22 64 26
22 65 15
22 66 25
22 67 20
22 68 4
22 69 27
22 70 47
22 71 31
22 72 41
22 73 9
22 74 29
23 1 39
23 2 82
23 3 42
23 4 35
23 5 43
23 6 75
23 7 64
23 8 32
23 9 66
23 10 14
23 11 54
23 12 66
23 13 36
23 14 8
23 15 32
23 16 57
23 17 75
23 18 25
23 19 54
23 20 76
23 21 19
23 22 40
23 23 -1
23 24 76
23 25 28
23 26 75
23 27 75
23 28 39
23 29 74
23 30 37
23 31 52
23 32 79
23 33 48
23 34 77
23 35 32
23 36 77
23 37 55
23 38 36
23 39 33
23 40 20
23 41 22
23 42 53
23 43 29
23 44 65
23 45 44
23 46 55
23 47 47
23 48 68
23 49 76
23 50 70
23 51 79
23 52 64
23 53 62
23 54 41
23 55 50
23 56 32
23 57 43
23 58 61
23 59 39
23 60 41
23 61 23
23 62 31
23 63 36
23 64 49
23 65 38
23 66 66
23 67 38
23 68 43
23 69 58
23 70 60
23 71 70
23 72 79
23 73 44
23 74 13
24 1 45
24 2 10
24 3 54
24 4 53
24 5 35
24 6 1
24 7 52
24 8 52
24 9 13
24 10 66
24 11 43
24 12 10
24 13 49
24 14 75
24 15 50
24 16 22
24 17 2
24 18 56
24 19 56
24 20 8
24 21 56
24 22 39
24 23 76
24 24 -1
24 25 61
24 26 2
24 27 6
24 28 47
24 29 30
24 30 43
24 31 59
24 32 8
24 33 49
24 34 7
24 35 67
24 36 9
24 37 21
24 38 41
24 39 61
24 40 61
24 41 56
24 42 41
24 43 52
24 44 57
24 45 42
24 46 39
24 47 39
24 48 13
24 49 1
24 50 12
24 51 20
24 52 69
24 53 14
24 54 67
24 55 26
24 56 50
24 57 50
24 58 21
24 59 66
24 60 54
24 61 56
24 62 50
24 63 46
24 64 31
24 65 38
24 66 20
24 67 39
24 68 40
24 69 19
24 70 42
24 71 35
24 72 6
24 73 43
24 74 67
25 1 16
25 2 70
25 3 51
25 4 44
25 5 39
25 6 61
25 7 71
25 8 39
25 9 55
25 10 14
25 11 57
25 12 51
25 13 12
25 14 33
25 15 38
25 16 39
25 17 60
25 18 35
25 19 63
25 20 64
25 21 21
25 22 39
25 23 28
25 24 61
25 25 -1
25 26 61
25 27 63
25 28 14
25 29 71
25 30 18
25 31 63
25 32 67
25 33 55
25 34 65
25 35 50
25 36 65
25 37 41
25 38 31
25 39 47
25 40 10
25 41 11
25 42 56
25 43 35
25 44 73
25 45 47
25 46 56
25 47 24
25 48 50
25 49 61
25 50 60
25 51 72
25 52 77
25 53 48
25 54 57
25 55 36
25 56 37
25 57 16
25 58 53
25 59 56
25 60 13
25 61 32
25 62 12
25 63 39
25 64 30
25 65 27
25 66 58
25 67 23
25 68 43
25 69 42
25 70 34
25 71 70
25 72 66
25 73 47
25 74 31
26 1 45
26 2 9
26 3 52
26 4 51
26 5 34
26 6 1
26 7 50
26 8 51
26 9 11
26 10 66
26 11 41
26 12 9
26 13 49
26 14 74
26 15 49
26 16 22
26 17 3
26 18 55
26 19 54
26 20 6
26 21 55
26 22 38
26 23 75
26 24 2
26 25 61
26 26 -1
26 27 4
26 28 48
26 29 28
26 30 43
26 31 57
26 32 7
26 33 47
26 34 5
26 35 65
26 36 7
26 37 20
26 38 40
26 39 59
26 40 60
26 41 56
26 42 39
26 43 51
26 44 55
26 45 41
26 46 37
26 47 40
26 48 14
26 49 3
26 50 10
26 51 18
26 52 67
26 53 13
26 54 65
26 55 25
26 56 48
26 57 50
26 58 19
26 59 65
26 60 55
26 61 55
26 62 50
26 63 44
26 64 31
26 65 37
26 66 18
26 67 39
26 68 38
26 69 19
26 70 43
26 71 33
26 72 5
26 73 41
26 74 66
27 1 47
27 2 7
27 3 50
27 4 49
27 5 33
27 6 5
27 7 47
27 8 49
27 9 9
27 10 66
27 11 38
27 12 12
27 13 50
27 14 73
27 15 47
27 16 25
27 17 7
27 18 54
27 19 51
27 20 2
27 21 55
27 22 37
27 23 75
27 24 6
27 25 63
27 26 4
27 27 -1
27 28 50
27 29 23
27 30 44
27 31 54
27 32 4
27 33 44
27 34 2
27 35 63
27 36 3
27 37 21
27 38 39
27 39 57
27 40 61
27 41 57
27 42 36
27 43 49
27 44 52
27 45 38
27 46 34
27 47 42
27 48 17
27 49 7
27 50 7
27 51 14
27 52 63
27 53 14
27 54 63
27 55 26
27 56 47
27 57 52
27 58 16
27 59 62
27 60 57
27 61 54
27 62 51
27 63 43
27 64 33
27 65 38
27 66 15
27 67 40
27 68 37
27 69 21
27 70 46
27 71 29
27 72 4
27 73 39
27 74 66
28 1 3
28 2 56
28 3 50
28 4 43
28 5 31
28 6 47
28 7 66
28 8 39
28 9 43
28 10 25
28 11 51
28 12 38
28 13 3
28 14 43
28 15 37
28 16 25
28 17 46
28 18 37
28 19 60
28 20 51
28 21 25
28 22 34
28 23 39
28 24 47
28 25 14
28 26 48
28 27 50
28 28 -1
28 29 61
28 30 8
28 31 60
28 32 54
28 33 51
28 34 52
28 35 52
28 36 52
28 37 28
28 38 25
28 39 48
28 40 19
28 41 17
28 42 50
28 43 35
28 44 69
28 45 42
28 46 50
28 47 9
28 48 36
28 49 47
28 50 48
28 51 60
28 52 75
28 53 35
28 54 58
28 55 24
28 56 36
28 57 5
28 58 43
28 59 57
28 60 8
28 61 34
28 62 9
28 63 36
28 64 16
28 65 18
28 66 48
28 67 14
28 68 38
28 69 28
28 70 21
28 71 61
28 72 53
28 73 43
28 74 38
29 1 58
29 2 25
29 3 38
29 4 41
29 5 32
29 6 29
29 7 26
29 8 43
29 9 21
29 10 69
29 11 23
29 12 31
29 13 61
29 14 70
29 15 42
29 16 41
29 17 31
29 18 49
29 19 33
29 20 21
29 21 56
29 22 34
29 23 74
29 24 30
29 25 71
29 26 28
29 27 23
29 28 61
29 29 -1
29 30 54
29 31 37
29 32 22
29 33 30
29 34 23
29 35 53
29 36 21
29 37 34
29 38 41
29 39 48
29 40 66
29 41 61
29 42 22
29 43 45
29 44 31
29 45 30
29 46 20
29 47 56
29 48 39
29 49 31
29 50 18
29 51 12
29 52 43
29 53 30
29 54 49
29 55 37
29 56 42
29 57 65
29 58 18
29 59 49
29 60 69
29 61 51
29 62 59
29 63 38
29 64 46
29 65 44
29 66 13
29 67 48
29 68 31
29 69 37
29 70 64
29 71 7
29 72 26
29 73 30
29 74 62
30 1 5
30 2 51
30 3 42
30 4 35
30 5 23
30 6 43
30 7 58
30 8 31
30 9 37
30 10 24
30 11 43
30 12 33
30 13 7
30 14 39
30 15 30
30 16 21
30 17 41
30 18 30
30 19 52
30 20 46
30 21 20
30 22 26
30 23 37
30 24 43
30 25 18
30 26 43
30 27 44
30 28 8
30 29 54
30 30 -1
30 31 53
30 32 48
30 33 43
30 34 47
30 35 46
30 36 47
30 37 22
30 38 17
30 39 41
30 40 18
30 41 14
30 42 42
30 43 27
30 44 61
30 45 34
30 46 42
30 47 11
30 48 33
30 49 43
30 50 42
30 51 53
30 52 68
30 53 29
30 54 51
30 55 18
30 56 28
30 57 13
30 58 36
30 59 50
30 60 16
30 61 27
30 62 7
30 63 28
30 64 12
30 65 10
30 66 41
30 67 6
30 68 30
30 69 23
30 70 25
30 71 53
30 72 48
30 73 35
30 74 34
31 1 58
31 2 58
31 3 11
31 4 18
31 5 31
31 6 58
31 7 14
31 8 23
31 9 46
31 10 54
31 11 16
31 12 53
31 13 59
31 14 45
31 15 24
31 16 55
31 17 59
31 18 28
31 19 3
31 20 53
31 21 42
31 22 27
31 23 52
31 24 59
31 25 63
31 26 57
31 27 54
31 28 60
31 29 37
31 30 53
31 31 -1
31 32 55
31 33 10
31 34 55
31 35 20
31 36 53
31 37 48
31 38 35
31 39 19
31 40 54
31 41 51
31 42 18
31 43 27
31 44 13
31 45 19
31 46 20
31 47 61
31 48 60
31 49 60
31 50 47
31 51 48
31 52 15
31 53 50
31 54 14
31 55 47
31 56 25
31 57 66
31 58 38
31 59 14
31 60 68
31 61 31
31 62 53
31 63 24
31 64 54
31 65 43
31 66 39
31 67 47
31 68 23
31 69 52
31 70 75
31 71 30
31 72 58
31 73 18
31 74 39
32 1 51
32 2 3
32 3 52
32 4 52
32 5 36
32 6 8
32 7 47
32 8 52
32 9 12
32 10 70
32 11 39
32 12 16
32 13 55
32 14 77
32 15 50
32 16 29
32 17 10
32 18 57
32 19 52
32 20 2
32 21 59
32 22 40
32 23 79
32 24 8
32 25 67
32 26 7
32 27 4
32 28 54
32 29 22
32 30 48
32 31 55
32 32 -1
32 33 46
32 34 2
32 35 66
32 36 2
32 37 26
32 38 43
32 39 60
32 40 65
32 41 61
32 42 37
32 43 53
32 44 52
32 45 41
32 46 35
32 47 46
32 48 21
32 49 10
32 50 8
32 51 12
32 52 64
32 53 18
32 54 65
32 55 30
32 56 50
32 57 57
32 58 19
32 59 64
32 60 61
32 61 57
32 62 55
32 63 46
32 64 37
32 65 41
32 66 16
32 67 44
32 68 39
32 69 25
32 70 50
32 71 29
32 72 3
32 73 42
32 74 69
33 1 48
33 2 49
33 3 7
33 4 13
33 5 21
33 6 48
33 7 16
33 8 17
33 9 36
33 10 48
33 11 7
33 12 43
33 13 49
33 14 43
33 15 17
33 16 45
33 17 49
33 18 23
33 19 9
33 20 43
33 21 35
33 22 17
33 23 48
33 24 49
33 25 55
33 26 47
33 27 44
33 28 51
33 29 30
33 30 43
33 31 10
33 32 46
33 33 -1
33 34 45
33 35 22
33 36 43
33 37 37
33 38 25
33 39 18
33 40 47
33 41 43
33 42 8
33 43 21
33 44 18
33 45 9
33 46 10
33 47 51
33 48 50
33 49 50
33 50 37
33 51 40
33 52 24
33 53 39
33 54 19
33 55 36
33 56 18
33 57 57
33 58 28
33 59 19
33 60 59
33 61 26
33 62 45
33 63 16
33 64 43
33 65 33
33 66 29
33 67 37
33 68 13
33 69 41
33 70 64
33 71 24
33 72 48
33 73 8
33 74 35
34 1 49
34 2 5
34 3 51
34 4 51
34 5 35
34 6 6
34 7 47
34 8 51
34 9 11
34 10 68
34 11 39
34 12 14
34 13 53
34 14 75
34 15 49
34 16 27
34 17 8
34 18 56
34 19 52
34 20 2
34 21 58
34 22 39
34 23 77
34 24 7
34 25 65
34 26 5
34 27 2
34 28 52
34 29 23
34 30 47
34 31 55
34 32 2
34 33 45
34 34 -1
34 35 65
34 36 2
34 37 24
34 38 41
34 39 59
34 40 63
34 41 59
34 42 37
34 43 51
34 44 52
34 45 40
34 46 35
34 47 44
34 48 19
34 49 8
34 50 8
34 51 13
34 52 64
34 53 17
34 54 65
34 55 29
34 56 49
34 57 55
34 58 18
34 59 64
34 60 59
34 61 56
34 62 53
34 63 45
34 64 35
34 65 40
34 66 16
34 67 42
34 68 38
34 69 23
34 70 48
34 71 29
34 72 3
34 73 41
34 74 68
35 1 50
35 2 69
35 3 14
35 4 14
35 5 33
35 6 66
35 7 34
35 8 16
35 9 54
35 10 38
35 11 29
35 12 59
35 13 50
35 14 25
35 15 18
35 16 57
35 17 66
35 18 15
35 19 23
35 20 63
35 21 29
35 22 28
35 23 32
35 24 67
35 25 50
35 26 65
35 27 63
35 28 52
35 29 53
35 30 46
35 31 20
35 32 66
35 33 22
35 34 65
35 35 -1
35 36 64
35 37 51
35 38 31
35 39 6
35 40 40
35 41 38
35 42 30
35 43 18
35 44 34
35 45 25
35 46 32
35 47 56
35 48 65
35 49 68
35 50 57
35 51 62
35 52 32
35 53 55
35 54 8
35 55 48
35 56 19
35 57 58
35 58 47
35 59 7
35 60 58
35 61 18
35 62 44
35 63 22
35 64 51
35 65 39
35 66 50
35 67 42
35 68 26
35 69 55
35 70 71
35 71 47
35 72 68
35 73 24
35 74 20
36 1 50
36 2 5
36 3 50
36 4 50
36 5 34
36 6 8
36 7 45
36 8 50
36 9 10
36 10 68
36 11 37
36 12 15
36 13 53
36 14 75
36 15 48
36 16 28
36 17 10
36 18 55
36 19 50
36 20 1
36 21 57
36 22 38
36 23 77
36 24 9
36 25 65
36 26 7
36 27 3
36 28 52
36 29 21
36 30 47
36 31 53
36 32 2
36 33 43
36 34 2
36 35 64
36 36 -1
36 37 24
36 38 41
36 39 58
36 40 63
36 41 59
36 42 35
36 43 50
36 44 50
36 45 39
36 46 33
36 47 45
36 48 20
36 49 10
36 50 6
36 51 11
36 52 62
36 53 17
36 54 63
36 55 29
36 56 48
36 57 55
36 58 17
36 59 62
36 60 60
36 61 55
36 62 53
36 63 44
36 64 35
36 65 39
36 66 14
36 67 42
36 68 37
36 69 24
36 70 49
36 71 27
36 72 5
36 73 39
36 74 67
37 1 25
37 2 29
37 3 40
37 4 37
37 5 18
37 6 20
37 7 47
37 8 35
37 9 15
37 10 45
37 11 34
37 12 11
37 13 29
37 14 55
37 15 33
37 16 7
37 17 19
37 18 38
37 19 46
37 20 23
37 21 35
37 22 23
37 23 55
37 24 21
37 25 41
37 26 20
37 27 21
37 28 28
37 29 34
37 30 22
37 31 48
37 32 26
37 33 37
37 34 24
37 35 51
37 36 24
37 37 -1
37 38 21
37 39 45
37 40 40
37 41 35
37 42 31
37 43 33
37 44 52
37 45 29
37 46 30
37 47 22
37 48 14
37 49 21
37 50 20
37 51 32
37 52 61
37 53 7
37 54 53
37 55 5
37 56 32
37 57 32
37 58 16
37 59 52
37 60 36
37 61 37
37 62 29
37 63 29
37 64 12
37 65 17
37 66 20
37 67 18
37 68 25
37 69 4
37 70 30
37 71 36
37 72 25
37 73 30
37 74 47
38 1 22
38 2 46
38 3 25
38 4 18
38 5 8
38 6 40
38 7 40
38 8 15
38 9 30
38 10 28
38 11 26
38 12 31
38 13 24
38 14 34
38 15 13
38 16 26
38 17 39
38 18 17
38 19 34
38 20 40
38 21 16
38 22 8
38 23 36
38 24 41
38 25 31
38 26 40
38 27 39
38 28 25
38 29 41
38 30 17
38 31 35
38 32 43
38 33 25
38 34 41
38 35 31
38 36 41
38 37 21
38 38 -1
38 39 25
38 40 25
38 41 21
38 42 25
38 43 13
38 44 43
38 45 17
38 46 25
38 47 26
38 48 35
38 49 41
38 50 34
38 51 44
38 52 50
38 53 27
38 54 35
38 55 17
38 56 12
38 57 31
38 58 25
38 59 34
38 60 33
38 61 15
38 62 19
38 63 10
38 64 20
38 65 8
38 66 30
38 67 12
38 68 13
38 69 24
38 70 40
38 71 39
38 72 43
38 73 17
38 74 26
39 1 45
39 2 63
39 3 10
39 4 8
39 5 27
39 6 60
39 7 32
39 8 10
39 9 48
39 10 36
39 11 24
39 12 53
39 13 45
39 14 26
39 15 12
39 16 51
39 17 60
39 18 11
39 19 21
39 20 57
39 21 25
39 22 22
39 23 33
39 24 61
39 25 47
39 26 59
39 27 57
39 28 48
39 29 48
39 30 41
39 31 19
39 32 60
39 33 18
39 34 59
39 35 6
39 36 58
39 37 45
39 38 25
39 39 -1
39 40 37
39 41 35
39 42 25
39 43 13
39 44 32
39 45 19
39 46 27
39 47 51
39 48 59
39 49 62
39 50 51
39 51 56
39 52 32
39 53 49
39 54 10
39 55 42
39 56 13
39 57 53
39 58 41
39 59 9
39 60 54
39 61 14
39 62 39
39 63 16
39 64 46
39 65 33
39 66 44
39 67 36
39 68 20
39 69 49
39 70 65
39 71 42
39 72 62
39 73 18
39 74 20
40 1 19
40 2 68
40 3 43
40 4 35
40 5 33
40 6 60
40 7 63
40 8 31
40 9 53
40 10 6
40 11 50
40 12 51
40 13 16
40 14 24
40 15 30
40 16 40
40 17 59
40 18 26
40 19 55
40 20 62
40 21 12
40 22 33
40 23 20
40 24 61
40 25 10
40 26 60
40 27 61
40 28 19
40 29 66
40 30 18
40 31 54
40 32 65
40 33 47
40 34 63
40 35 40
40 36 63
40 37 40
40 38 25
40 39 37
40 40 -1
40 41 4
40 42 49
40 43 26
40 44 65
40 45 40
40 46 50
40 47 27
40 48 51
40 49 61
40 50 58
40 51 68
40 52 68
40 53 47
40 54 47
40 55 35
40 56 29
40 57 23
40 58 49
40 59 46
40 60 21
40 61 22
40 62 11
40 63 31
40 64 31
40 65 23
40 66 55
40 67 21
40 68 37
40 69 41
40 70 40
40 71 64
40 72 65
40 73 40
40 74 21
41 1 16
41 2 64
41 3 40
41 4 32
41 5 29
41 6 56
41 7 59
41 8 28
41 9 48
41 10 10
41 11 46
41 12 46
41 13 14
41 14 26
41 15 27
41 16 36
41 17 55
41 18 24
41 19 52
41 20 58
41 21 9
41 22 29
41 23 22
41 24 56
41 25 11
41 26 56
41 27 57
41 28 17
41 29 61
41 30 14
41 31 51
41 32 61
41 33 43
41 34 59
41 35 38
41 36 59
41 37 35
41 38 21
41 39 35
41 40 4
41 41 -1
41 42 45
41 43 23
41 44 62
41 45 36
41 46 46
41 47 24
41 48 47
41 49 56
41 50 53
41 51 64
41 52 66
41 53 42
41 54 46
41 55 30
41 56 26
41 57 21
41 58 45
41 59 44
41 60 20
41 61 20
41 62 8
41 63 27
41 64 27
41 65 19
41 66 50
41 67 17
41 68 33
41 69 37
41 70 38
41 71 60
41 72 61
41 73 36
41 74 22
42 1 46
42 2 41
42 3 15
42 4 18
42 5 18
42 6 40
42 7 16
42 8 21
42 9 28
42 10 51
42 11 2
42 12 36
42 13 48
42 14 48
42 15 20
42 16 39
42 17 41
42 18 27
42 19 15
42 20 35
42 21 38
42 22 16
42 23 53
42 24 41
42 25 56
42 26 39
42 27 36
42 28 50
42 29 22
42 30 42
42 31 18
42 32 37
42 33 8
42 34 37
42 35 30
42 36 35
42 37 31
42 38 25
42 39 25
42 40 49
42 41 45
42 42 -1
42 43 24
42 44 20
42 45 9
42 46 2
42 47 48
42 48 43
42 49 42
42 50 29
42 51 31
42 52 29
42 53 32
42 54 28
42 55 31
42 56 21
42 57 55
42 58 20
42 59 27
42 60 58
42 61 30
42 62 44
42 63 18
42 64 39
42 65 31
42 66 21
42 67 35
42 68 12
42 69 35
42 70 60
42 71 17
42 72 40
42 73 9
42 74 41
43 1 32
43 2 56
43 3 16
43 4 8
43 5 17
43 6 51
43 7 37
43 8 4
43 9 40
43 10 27
43 11 25
43 12 43
43 13 32
43 14 25
43 15 4
43 16 39
43 17 51
43 18 4
43 19 28
43 20 50
43 21 14
43 22 12
43 23 29
43 24 52
43 25 35
43 26 51
43 27 49
43 28 35
43 29 45
43 30 27
43 31 27
43 32 53
43 33 21
43 34 51
43 35 18
43 36 50
43 37 33
43 38 13
43 39 13
43 40 26
43 41 23
43 42 24
43 43 -1
43 44 39
43 45 15
43 46 26
43 47 38
43 48 48
43 49 52
43 50 44
43 51 51
43 52 42
43 53 39
43 54 23
43 55 30
43 56 3
43 57 40
43 58 34
43 59 22
43 60 41
43 61 5
43 62 26
43 63 7
43 64 33
43 65 20
43 66 38
43 67 23
43 68 14
43 69 37
43 70 52
43 71 41
43 72 54
43 73 15
43 74 17
44 1 66
44 2 55
44 3 23
44 4 30
44 5 38
44 6 57
44 7 5
44 8 34
44 9 45
44 10 66
44 11 18
44 12 55
44 13 68
44 14 58
44 15 35
44 16 60
44 17 58
44 18 40
44 19 11
44 20 50
44 21 53
44 22 35
44 23 65
44 24 57
44 25 73
44 26 55
44 27 52
44 28 69
44 29 31
44 30 61
44 31 13
44 32 52
44 33 18
44 34 52
44 35 34
44 36 50
44 37 52
44 38 43
44 39 32
44 40 65
44 41 62
44 42 20
44 43 39
44 44 -1
44 45 26
44 46 21
44 47 68
44 48 62
44 49 59
44 50 45
44 51 43
44 52 12
44 53 52
44 54 27
44 55 52
44 56 36
44 57 75
44 58 38
44 59 27
44 60 77
44 61 43
44 62 63
44 63 34
44 64 60
44 65 51
44 66 37
44 67 55
44 68 31
44 69 56
44 70 81
44 71 24
44 72 55
44 73 26
44 74 52
45 1 39
45 2 44
45 3 12
45 4 11
45 5 12
45 6 41
45 7 23
45 8 13
45 9 29
45 10 42
45 11 10
45 12 36
45 13 41
45 14 40
45 15 12
45 16 36
45 17 42
45 18 19
45 19 18
45 20 38
45 21 29
45 22 8
45 23 44
45 24 42
45 25 47
45 26 41
45 27 38
45 28 42
45 29 30
45 30 34
45 31 19
45 32 41
45 33 9
45 34 40
45 35 25
45 36 39
45 37 29
45 38 17
45 39 19
45 40 40
45 41 36
45 42 9
45 43 15
45 44 26
45 45 -1
45 46 10
45 47 42
45 48 42
45 49 43
45 50 32
45 51 37
45 52 34
45 53 32
45 54 25
45 55 27
45 56 12
45 57 48
45 58 22
45 59 24
45 60 50
45 61 21
45 62 36
45 63 9
45 64 34
45 65 24
45 66 25
45 67 28
45 68 4
45 69 33
45 70 55
45 71 26
45 72 43
45 73 1
45 74 32
46 1 47
46 2 38
46 3 18
46 4 20
46 5 18
46 6 38
46 7 16
46 8 23
46 9 26
46 10 52
46 11 4
46 12 34
46 13 49
46 14 50
46 15 22
46 16 38
46 17 39
46 18 29
46 19 17
46 20 33
46 21 39
46 22 17
46 23 55
46 24 39
46 25 56
46 26 37
46 27 34
46 28 50
46 29 20
46 30 42
46 31 20
46 32 35
46 33 10
46 34 35
46 35 32
46 36 33
46 37 30
46 38 25
46 39 27
46 40 50
46 41 46
46 42 2
46 43 26
46 44 21
46 45 10
46 46 -1
46 47 48
46 48 41
46 49 40
46 50 27
46 51 29
46 52 31
46 53 31
46 54 30
46 55 31
46 56 23
46 57 55
46 58 18
46 59 29
46 60 58
46 61 31
46 62 45
46 63 19
46 64 39
46 65 31
46 66 19
46 67 35
46 68 13
46 69 34
46 70 60
46 71 15
46 72 38
46 73 10
46 74 42
47 1 8
47 2 49
47 3 51
47 4 45
47 5 30
47 6 39
47 7 65
47 8 41
47 9 37
47 10 34
47 11 50
47 12 30
47 13 11
47 14 50
47 15 39
47 16 17
47 17 37
47 18 41
47 19 60
47 20 44
47 21 31
47 22 33
47 23 47
47 24 39
47 25 24
47 26 40
47 27 42
47 28 9
47 29 56
47 30 11
47 31 61
47 32 46
47 33 51
47 34 44
47 35 56
47 36 45
47 37 22
47 38 26
47 39 51
47 40 27
47 41 24
47 42 48
47 43 38
47 44 68
47 45 42
47 46 48
47 47 -1
47 48 27
47 49 39
47 50 42
47 51 54
47 52 76
47 53 28
47 54 61
47 55 18
47 56 38
47 57 10
47 58 38
47 59 60
47 60 14
47 61 38
47 62 16
47 63 37
47 64 10
47 65 18
47 66 42
47 67 14
47 68 38
47 69 21
47 70 14
47 71 57
47 72 45
47 73 43
47 74 45
48 1 34
48 2 23
48 3 54
48 4 51
48 5 32
48 6 13
48 7 57
48 8 49
48 9 17
48 10 57
48 11 45
48 12 7
48 13 38
48 14 68
48 15 47
48 16 11
48 17 11
48 18 52
48 19 58
48 20 19
48 21 49
48 22 37
48 23 68
48 24 13
48 25 50
48 26 14
48 27 17
48 28 36
48 29 39
48 30 33
48 31 60
48 32 21
48 33 50
48 34 19
48 35 65
48 36 20
48 37 14
48 38 35
48 39 59
48 40 51
48 41 47
48 42 43
48 43 48
48 44 62
48 45 42
48 46 41
48 47 27
48 48 -1
48 49 12
48 50 20
48 51 31
48 52 73
48 53 10
48 54 67
48 55 18
48 56 46
48 57 38
48 58 24
48 59 66
48 60 42
48 61 51
48 62 40
48 63 43
48 64 20
48 65 30
48 66 26
48 67 30
48 68 39
48 69 10
48 70 29
48 71 43
48 72 19
48 73 43
48 74 61
49 1 45
49 2 11
49 3 55
49 4 53
49 5 35
49 6 2
49 7 54
49 8 53
49 9 14
49 10 66
49 11 44
49 12 9
49 13 48
49 14 75
49 15 51
49 16 21
49 17 1
49 18 57
49 19 57
49 20 9
49 21 56
49 22 40
49 23 76
49 24 1
49 25 61
49 26 3
49 27 7
49 28 47
49 29 31
49 30 43
49 31 60
49 32 10
49 33 50
49 34 8
49 35 68
49 36 10
49 37 21
49 38 41
49 39 62
49 40 61
49 41 56
49 42 42
49 43 52
49 44 59
49 45 43
49 46 40
49 47 39
49 48 12
49 49 -1
49 50 13
49 51 22
49 52 70
49 53 14
49 54 68
49 55 26
49 56 50
49 57 49
49 58 22
49 59 67
49 60 54
49 61 56
49 62 50
49 63 46
49 64 30
49 65 38
49 66 21
49 67 39
49 68 41
49 69 19
49 70 41
49 71 37
49 72 7
49 73 44
49 74 68
50 1 45
50 2 12
50 3 43
50 4 43
50 5 27
50 6 11
50 7 40
50 8 43
50 9 5
50 10 62
50 11 31
50 12 13
50 13 49
50 14 68
50 15 41
50 16 25
50 17 13
50 18 48
50 19 44
50 20 6
50 21 51
50 22 31
50 23 70
50 24 12
50 25 60
50 26 10
50 27 7
50 28 48
50 29 18
50 30 42
50 31 47
50 32 8
50 33 37
50 34 8
50 35 57
50 36 6
50 37 20
50 38 34
50 39 51
50 40 58
50 41 53
50 42 29
50 43 44
50 44 45
50 45 32
50 46 27
50 47 42
50 48 20
50 49 13
50 50 -1
50 51 12
50 52 56
50 53 14
50 54 56
50 55 24
50 56 41
50 57 52
50 58 10
50 59 56
50 60 56
50 61 48
50 62 48
50 63 37
50 64 32
50 65 34
50 66 8
50 67 37
50 68 30
50 69 21
50 70 48
50 71 23
50 72 11
50 73 33
50 74 60
51 1 57
51 2 13
51 3 47
51 4 49
51 5 36
51 6 20
51 7 38
51 8 50
51 9 17
51 10 72
51 11 33
51 12 25
51 13 60
51 14 76
51 15 48
51 16 37
51 17 22
51 18 55
51 19 44
51 20 12
51 21 60
51 22 39
51 23 79
51 24 20
51 25 72
51 26 18
51 27 14
51 28 60
51 29 12
51 30 53
51 31 48
51 32 12
51 33 40
51 34 13
51 35 62
51 36 11
51 37 32
51 38 44
51 39 56
51 40 68
51 41 64
51 42 31
51 43 51
51 44 43
51 45 37
51 46 29
51 47 54
51 48 31
51 49 22
51 50 12
51 51 -1
51 52 55
51 53 26
51 54 59
51 55 36
51 56 48
51 57 64
51 58 18
51 59 59
51 60 68
51 61 56
51 62 59
51 63 44
51 64 44
51 65 45
51 66 13
51 67 48
51 68 37
51 69 33
51 70 59
51 71 19
51 72 15
51 73 38
51 74 68
52 1 73
52 2 67
52 3 26
52 4 33
52 5 46
52 6 68
52 7 17
52 8 38
52 9 57
52 10 68
52 11 27
52 12 65
52 13 74
52 14 57
52 15 39
52 16 69
52 17 69
52 18 42
52 19 15
52 20 62
52 21 56
52 22 42
52 23 64
52 24 69
52 25 77
52 26 67
52 27 63
52 28 75
52 29 43
52 30 68
52 31 15
52 32 64
52 33 24
52 34 64
52 35 32
52 36 62
52 37 61
52 38 50
52 39 32
52 40 68
52 41 66
52 42 29
52 43 42
52 44 12
52 45 34
52 46 31
52 47 76
52 48 73
52 49 70
52 50 56
52 51 55
52 52 -1
52 53 62
52 54 24
52 55 61
52 56 40
52 57 81
52 58 49
52 59 25
52 60 83
52 61 46
52 62 68
52 63 39
52 64 68
52 65 57
52 66 49
52 67 62
52 68 38
52 69 65
52 70 89
52 71 36
52 72 67
52 73 33
52 74 52
53 1 32
53 2 21
53 3 44
53 4 41
53 5 22
53 6 13
53 7 47
53 8 40
53 9 9
53 10 52
53 11 35
53 12 4
53 13 36
53 14 61
53 15 38
53 16 11
53 17 12
53 18 43
53 19 48
53 20 16
53 21 42
53 22 27
53 23 62
53 24 14
53 25 48
53 26 13
53 27 14
53 28 35
53 29 30
53 30 29
53 31 50
53 32 18
53 33 39
53 34 17
53 35 55
53 36 17
53 37 7
53 38 27
53 39 49
53 40 47
53 41 42
53 42 32
53 43 39
53 44 52
53 45 32
53 46 31
53 47 28
53 48 10
53 49 14
53 50 14
53 51 26
53 52 62
53 53 -1
53 54 57
53 55 12
53 56 37
53 57 38
53 58 14
53 59 56
53 60 42
53 61 42
53 62 36
53 63 33
53 64 18
53 65 24
53 66 17
53 67 25
53 68 29
53 69 7
53 70 34
53 71 34
53 72 18
53 73 33
53 74 54
54 1 56
54 2 68
54 3 13
54 4 16
54 5 35
54 6 66
54 7 28
54 8 20
54 9 54
54 10 46
54 11 26
54 12 61
54 13 56
54 14 33
54 15 21
54 16 60
54 17 67
54 18 21
54 19 17
54 20 63
54 21 36
54 22 30
54 23 41
54 24 67
54 25 57
54 26 65
54 27 63
54 28 58
54 29 49
54 30 51
54 31 14
54 32 65
54 33 19
54 34 65
54 35 8
54 36 63
54 37 53
54 38 35
54 39 10
54 40 47
54 41 46
54 42 28
54 43 23
54 44 27
54 45 25
54 46 30
54 47 61
54 48 67
54 49 68
54 50 56
54 51 59
54 52 24
54 53 57
54 54 -1
54 55 50
54 56 23
54 57 64
54 58 46
54 59 1
54 60 65
54 61 25
54 62 50
54 63 25
54 64 55
54 65 43
54 66 49
54 67 46
54 68 28
54 69 57
54 70 76
54 71 43
54 72 67
54 73 24
54 74 28
55 1 21
55 2 34
55 3 38
55 4 34
55 5 15
55 6 25
55 7 48
55 8 32
55 9 19
55 10 40
55 11 34
55 12 16
55 13 24
55 14 50
55 15 30
55 16 9
55 17 24
55 18 34
55 19 45
55 20 28
55 21 31
55 22 20
55 23 50
55 24 26
55 25 36
55 26 25
55 27 26
55 28 24
55 29 37
55 30 18
55 31 47
55 32 30
55 33 36
55 34 29
55 35 48
55 36 29
55 37 5
55 38 17
55 39 42
55 40 35
55 41 30
55 42 31
55 43 30
55 44 52
55 45 27
55 46 31
55 47 18
55 48 18
55 49 26
55 50 24
55 51 36
55 52 61
55 53 12
55 54 50
55 55 -1
55 56 29
55 57 28
55 58 19
55 59 49
55 60 32
55 61 32
55 62 24
55 63 26
55 64 8
55 65 12
55 66 24
55 67 13
55 68 23
55 69 7
55 70 29
55 71 39
55 72 30
55 73 28
55 74 43
56 1 33
56 2 54
56 3 14
56 4 7
56 5 14
56 6 49
56 7 34
56 8 3
56 9 38
56 10 30
56 11 22
56 12 41
56 13 33
56 14 28
56 15 1
56 16 38
56 17 49
56 18 7
56 19 26
56 20 47
56 21 17
56 22 10
56 23 32
56 24 50
56 25 37
56 26 48
56 27 47
56 28 36
56 29 42
56 30 28
56 31 25
56 32 50
56 33 18
56 34 49
56 35 19
56 36 48
56 37 32
56 38 12
56 39 13
56 40 29
56 41 26
56 42 21
56 43 3
56 44 36
56 45 12
56 46 23
56 47 38
56 48 46
56 49 50
56 50 41
56 51 48
56 52 40
56 53 37
56 54 23
56 55 29
56 56 -1
56 57 41
56 58 31
56 59 21
56 60 43
56 61 8
56 62 28
56 63 4
56 64 32
56 65 20
56 66 35
56 67 23
56 68 11
56 69 36
56 70 52
56 71 38
56 72 51
56 73 12
56 74 20
57 1 8
57 2 59
57 3 55
57 4 48
57 5 37
57 6 50
57 7 71
57 8 44
57 9 47
57 10 29
57 11 57
57 12 41
57 13 8
57 14 47
57 15 43
57 16 27
57 17 48
57 18 42
57 19 66
57 20 54
57 21 30
57 22 39
57 23 43
57 24 50
57 25 16
57 26 50
57 27 52
57 28 5
57 29 65
57 30 13
57 31 66
57 32 57
57 33 57
57 34 55
57 35 58
57 36 55
57 37 32
57 38 31
57 39 53
57 40 23
57 41 21
57 42 55
57 43 40
57 44 75
57 45 48
57 46 55
57 47 10
57 48 38
57 49 49
57 50 52
57 51 64
57 52 81
57 53 38
57 54 64
57 55 28
57 56 41
57 57 -1
57 58 47
57 59 63
57 60 4
57 61 39
57 62 14
57 63 41
57 64 20
57 65 24
57 66 52
57 67 19
57 68 44
57 69 31
57 70 18
57 71 66
57 72 55
57 73 48
57 74 43
58 1 40
58 2 22
58 3 33
58 4 33
58 5 17
58 6 20
58 7 33
58 8 33
58 9 8
58 10 54
58 11 22
58 12 16
58 13 43
58 14 58
58 15 31
58 16 23
58 17 21
58 18 38
58 19 35
58 20 16
58 21 42
58 22 21
58 23 61
58 24 21
58 25 53
58 26 19
58 27 16
58 28 43
58 29 18
58 30 36
58 31 38
58 32 19
58 33 28
58 34 18
58 35 47
58 36 17
58 37 16
58 38 25
58 39 41
58 40 49
58 41 45
58 42 20
58 43 34
58 44 38
58 45 22
58 46 18
58 47 38
58 48 24
58 49 22
58 50 10
58 51 18
58 52 49
58 53 14
58 54 46
58 55 19
58 56 31
58 57 47
58 58 -1
58 59 46
58 60 51
58 61 38
58 62 41
58 63 27
58 64 27
58 65 26
58 66 5
58 67 30
58 68 20
58 69 19
58 70 47
58 71 20
58 72 21
58 73 23
58 74 50
59 1 54
59 2 68
59 3 12
59 4 15
59 5 34
59 6 65
59 7 29
59 8 18
59 9 53
59 10 44
59 11 26
59 12 60
59 13 55
59 14 32
59 15 20
59 16 58
59 17 66
59 18 20
59 19 18
59 20 62
59 21 34
59 22 29
59 23 39
59 24 66
59 25 56
59 26 65
59 27 62
59 28 57
59 29 49
59 30 50
59 31 14
59 32 64
59 33 19
59 34 64
59 35 7
59 36 62
59 37 52
59 38 34
59 39 9
59 40 46
59 41 44
59 42 27
59 43 22
59 44 27
59 45 24
59 46 29
59 47 60
59 48 66
59 49 67
59 50 56
59 51 59
59 52 25
59 53 56
59 54 1
59 55 49
59 56 21
59 57 63
59 58 46
59 59 -1
59 60 63
59 61 24
59 62 49
59 63 23
59 64 54
59 65 42
59 66 48
59 67 45
59 68 27
59 69 56
59 70 74
59 71 43
59 72 67
59 73 23
59 74 27
60 1 11
60 2 64
60 3 57
60 4 50
60 5 39
60 6 54
60 7 74
60 8 45
60 9 51
60 10 27
60 11 59
60 12 45
60 13 9
60 14 45
60 15 44
60 16 32
60 17 52
60 18 43
60 19 68
60 20 59
60 21 30
60 22 42
60 23 41
60 24 54
60 25 13
60 26 55
60 27 57
60 28 8
60 29 69
60 30 16
60 31 68
60 32 61
60 33 59
60 34 59
60 35 58
60 36 60
60 37 36
60 38 33
60 39 54
60 40 21
60 41 20
60 42 58
60 43 41
60 44 77
60 45 50
60 46 58
60 47 14
60 48 42
60 49 54
60 50 56
60 51 68
60 52 83
60 53 42
60 54 65
60 55 32
60 56 43
60 57 4
60 58 51
60 59 63
60 60 -1
60 61 40
60 62 14
60 63 43
60 64 24
60 65 26
60 66 56
60 67 22
60 68 46
60 69 35
60 70 21
60 71 69
60 72 60
60 73 51
60 74 42
61 1 31
61 2 61
61 3 20
61 4 13
61 5 21
61 6 55
61 7 42
61 8 9
61 9 45
61 10 22
61 11 30
61 12 47
61 13 31
61 14 19
61 15 9
61 16 41
61 17 55
61 18 3
61 19 32
61 20 54
61 21 10
61 22 17
61 23 23
61 24 56
61 25 32
61 26 55
61 27 54
61 28 34
61 29 51
61 30 27
61 31 31
61 32 57
61 33 26
61 34 56
61 35 18
61 36 55
61 37 37
61 38 15
61 39 14
61 40 22
61 41 20
61 42 30
61 43 5
61 44 43
61 45 21
61 46 31
61 47 38
61 48 51
61 49 56
61 50 48
61 51 56
61 52 46
61 53 42
61 54 25
61 55 32
61 56 8
61 57 39
61 58 38
61 59 24
61 60 40
61 61 -1
61 62 25
61 63 12
61 64 35
61 65 22
61 66 43
61 67 24
61 68 19
61 69 40
61 70 52
61 71 47
61 72 58
61 73 20
61 74 12
62 1 8
62 2 58
62 3 42
62 4 35
62 5 27
62 6 49
62 7 60
62 8 31
62 9 43
62 10 17
62 11 46
62 12 40
62 13 6
62 14 34
62 15 29
62 16 29
62 17 48
62 18 28
62 19 53
62 20 52
62 21 15
62 22 28
62 23 31
62 24 50
62 25 12
62 26 50
62 27 51
62 28 9
62 29 59
62 30 7
62 31 53
62 32 55
62 33 45
62 34 53
62 35 44
62 36 53
62 37 29
62 38 19
62 39 39
62 40 11
62 41 8
62 42 44
62 43 26
62 44 63
62 45 36
62 46 45
62 47 16
62 48 40
62 49 50
62 50 48
62 51 59
62 52 68
62 53 36
62 54 50
62 55 24
62 56 28
62 57 14
62 58 41
62 59 49
62 60 14
62 61 25
62 62 -1
62 63 29
62 64 19
62 65 15
62 66 46
62 67 11
62 68 32
62 69 30
62 70 30
62 71 58
62 72 55
62 73 37
62 74 29
63 1 33
63 2 49
63 3 14
63 4 8
63 5 11
63 6 45
63 7 32
63 8 6
63 9 34
63 10 33
63 11 19
63 12 38
63 13 34
63 14 32
63 15 4
63 16 35
63 17 45
63 18 11
63 19 24
63 20 43
63 21 20
63 22 6
63 23 36
63 24 46
63 25 39
63 26 44
63 27 43
63 28 36
63 29 38
63 30 28
63 31 24
63 32 46
63 33 16
63 34 45
63 35 22
63 36 44
63 37 29
63 38 10
63 39 16
63 40 31
63 41 27
63 42 18
63 43 7
63 44 34
63 45 9
63 46 19
63 47 37
63 48 43
63 49 46
63 50 37
63 51 44
63 52 39
63 53 33
63 54 25
63 55 26
63 56 4
63 57 41
63 58 27
63 59 23
63 60 43
63 61 12
63 62 29
63 63 -1
63 64 31
63 65 18
63 66 31
63 67 22
63 68 7
63 69 33
63 70 51
63 71 34
63 72 47
63 73 9
63 74 24
64 1 14
64 2 40
64 3 44
64 4 39
64 5 22
64 6 30
64 7 55
64 8 36
64 9 27
64 10 37
64 11 41
64 12 21
64 13 17
64 14 50
64 15 34
64 16 9
64 17 29
64 18 37
64 19 52
64 20 34
64 21 30
64 22 26
64 23 49
64 24 31
64 25 30
64 26 31
64 27 33
64 28 16
64 29 46
64 30 12
64 31 54
64 32 37
64 33 43
64 34 35
64 35 51
64 36 35
64 37 12
64 38 20
64 39 46
64 40 31
64 41 27
64 42 39
64 43 33
64 44 60
64 45 34
64 46 39
64 47 10
64 48 20
64 49 30
64 50 32
64 51 44
64 52 68
64 53 18
64 54 55
64 55 8
64 56 32
64 57 20
64 58 27
64 59 54
64 60 24
64 61 35
64 62 19
64 63 31
64 64 -1
64 65 13
64 66 32
64 67 11
64 68 30
64 69 11
64 70 21
64 71 47
64 72 36
64 73 35
64 74 43
65 1 15
65 2 45
65 3 33
65 4 26
65 5 13
65 6 37
65 7 47
65 8 23
65 9 29
65 10 28
65 11 33
65 12 28
65 13 17
65 14 38
65 15 21
65 16 19
65 17 36
65 18 24
65 19 42
65 20 39
65 21 18
65 22 15
65 23 38
65 24 38
65 25 27
65 26 37
65 27 38
65 28 18
65 29 44
65 30 10
65 31 43
65 32 41
65 33 33
65 34 40
65 35 39
65 36 39
65 37 17
65 38 8
65 39 33
65 40 23
65 41 19
65 42 31
65 43 20
65 44 51
65 45 24
65 46 31
65 47 18
65 48 30
65 49 38
65 50 34
65 51 45
65 52 57
65 53 24
65 54 43
65 55 12
65 56 20
65 57 24
65 58 26
65 59 42
65 60 26
65 61 22
65 62 15
65 63 18
65 64 13
65 65 -1
65 66 31
65 67 4
65 68 20
65 69 19
65 70 32
65 71 43
65 72 42
65 73 24
65 74 31
66 1 45
66 2 19
66 3 36
66 4 36
66 5 22
66 6 19
66 7 32
66 8 37
66 9 8
66 10 59
66 11 23
66 12 18
66 13 48
66 14 63
66 15 35
66 16 27
66 17 20
66 18 42
66 19 36
66 20 14
66 21 47
66 22 25
66 23 66
66 24 20
66 25 58
66 26 18
66 27 15
66 28 48
66 29 13
66 30 41
66 31 39
66 32 16
66 33 29
66 34 16
66 35 50
66 36 14
66 37 20
66 38 30
66 39 44
66 40 55
66 41 50
66 42 21
66 43 38
66 44 37
66 45 25
66 46 19
66 47 42
66 48 26
66 49 21
66 50 8
66 51 13
66 52 49
66 53 17
66 54 49
66 55 24
66 56 35
66 57 52
66 58 5
66 59 48
66 60 56
66 61 43
66 62 46
66 63 31
66 64 32
66 65 31
66 66 -1
66 67 35
66 68 24
66 69 23
66 70 50
66 71 16
66 72 19
66 73 25
66 74 55
67 1 11
67 2 47
67 3 37
67 4 30
67 5 17
67 6 39
67 7 51
67 8 26
67 9 32
67 10 26
67 11 37
67 12 29
67 13 13
67 14 38
67 15 25
67 16 19
67 17 38
67 18 26
67 19 46
67 20 41
67 21 18
67 22 20
67 23 38
67 24 39
67 25 23
67 26 39
67 27 40
67 28 14
67 29 48
67 30 6
67 31 47
67 32 44
67 33 37
67 34 42
67 35 42
67 36 42
67 37 18
67 38 12
67 39 36
67 40 21
67 41 17
67 42 35
67 43 23
67 44 55
67 45 28
67 46 35
67 47 14
67 48 30
67 49 39
67 50 37
67 51 48
67 52 62
67 53 25
67 54 46
67 55 13
67 56 23
67 57 19
67 58 30
67 59 45
67 60 22
67 61 24
67 62 11
67 63 22
67 64 11
67 65 4
67 66 35
67 67 -1
67 68 24
67 69 20
67 70 29
67 71 47
67 72 44
67 73 29
67 74 32
68 1 35
68 2 43
68 3 15
68 4 12
68 5 8
68 6 39
68 7 27
68 8 12
68 9 27
68 10 39
68 11 13
68 12 33
68 13 37
68 14 39
68 15 11
68 16 32
68 17 40
68 18 18
68 19 22
68 20 37
68 21 26
68 22 4
68 23 43
68 24 40
68 25 43
68 26 38
68 27 37
68 28 38
68 29 31
68 30 30
68 31 23
68 32 39
68 33 13
68 34 38
68 35 26
68 36 37
68 37 25
68 38 13
68 39 20
68 40 37
68 41 33
68 42 12
68 43 14
68 44 31
68 45 4
68 46 13
68 47 38
68 48 39
68 49 41
68 50 30
68 51 37
68 52 38
68 53 29
68 54 28
68 55 23
68 56 11
68 57 44
68 58 20
68 59 27
68 60 46
68 61 19
68 62 32
68 63 7
68 64 30
68 65 20
68 66 24
68 67 24
68 68 -1
68 69 29
68 70 51
68 71 27
68 72 41
68 73 5
68 74 31
69 1 26
69 2 28
69 3 44
69 4 41
69 5 22
69 6 19
69 7 51
69 8 39
69 9 16
69 10 47
69 11 38
69 12 9
69 13 29
69 14 58
69 15 37
69 16 4
69 17 18
69 18 41
69 19 50
69 20 23
69 21 38
69 22 27
69 23 58
69 24 19
69 25 42
69 26 19
69 27 21
69 28 28
69 29 37
69 30 23
69 31 52
69 32 25
69 33 41
69 34 23
69 35 55
69 36 24
69 37 4
69 38 24
69 39 49
69 40 41
69 41 37
69 42 35
69 43 37
69 44 56
69 45 33
69 46 34
69 47 21
69 48 10
69 49 19
69 50 21
69 51 33
69 52 65
69 53 7
69 54 57
69 55 7
69 56 36
69 57 31
69 58 19
69 59 56
69 60 35
69 61 40
69 62 30
69 63 33
69 64 11
69 65 19
69 66 23
69 67 20
69 68 29
69 69 -1
69 70 27
69 71 39
69 72 24
69 73 34
69 74 51
70 1 22
70 2 52
70 3 65
70 4 59
70 5 43
70 6 42
70 7 77
70 8 55
70 9 43
70 10 46
70 11 62
70 12 34
70 13 24
70 14 64
70 15 54
70 16 23
70 17 40
70 18 55
70 19 74
70 20 48
70 21 45
70 22 47
70 23 60
70 24 42
70 25 34
70 26 43
70 27 46
70 28 21
70 29 64
70 30 25
70 31 75
70 32 50
70 33 64
70 34 48
70 35 71
70 36 49
70 37 30
70 38 40
70 39 65
70 40 40
70 41 38
70 42 60
70 43 52
70 44 81
70 45 55
70 46 60
70 47 14
70 48 29
70 49 41
70 50 48
70 51 59
70 52 89
70 53 34
70 54 76
70 55 29
70 56 52
70 57 18
70 58 47
70 59 74
70 60 21
70 61 52
70 62 30
70 63 51
70 64 21
70 65 32
70 66 50
70 67 29
70 68 51
70 69 27
70 70 -1
70 71 67
70 72 48
70 73 56
70 74 59
71 1 58
71 2 31
71 3 32
71 4 36
71 5 31
71 6 34
71 7 19
71 8 38
71 9 25
71 10 67
71 11 17
71 12 35
71 13 60
71 14 66
71 15 38
71 16 44
71 17 36
71 18 45
71 19 26
71 20 27
71 21 54
71 22 31
71 23 70
71 24 35
71 25 70
71 26 33
71 27 29
71 28 61
71 29 7
71 30 53
71 31 30
71 32 29
71 33 24
71 34 29
71 35 47
71 36 27
71 37 36
71 38 39
71 39 42
71 40 64
71 41 60
71 42 17
71 43 41
71 44 24
71 45 26
71 46 15
71 47 57
71 48 43
71 49 37
71 50 23
71 51 19
71 52 36
71 53 34
71 54 43
71 55 39
71 56 38
71 57 66
71 58 20
71 59 43
71 60 69
71 61 47
71 62 58
71 63 34
71 64 47
71 65 43
71 66 16
71 67 47
71 68 27
71 69 39
71 70 67
71 71 -1
71 72 32
71 73 26
71 74 58
72 1 50
72 2 4
72 3 54
72 4 54
72 5 37
72 6 6
72 7 50
72 8 54
72 9 13
72 10 70
72 11 42
72 12 14
72 13 54
72 14 78
72 15 52
72 16 27
72 17 8
72 18 58
72 19 55
72 20 5
72 21 60
72 22 41
72 23 79
72 24 6
72 25 66
72 26 5
72 27 4
72 28 53
72 29 26
72 30 48
72 31 58
72 32 3
72 33 48
72 34 3
72 35 68
72 36 5
72 37 25
72 38 43
72 39 62
72 40 65
72 41 61
72 42 40
72 43 54
72 44 55
72 45 43
72 46 38
72 47 45
72 48 19
72 49 7
72 50 11
72 51 15
72 52 67
72 53 18
72 54 67
72 55 30
72 56 51
72 57 55
72 58 21
72 59 67
72 60 60
72 61 58
72 62 55
72 63 47
72 64 36
72 65 42
72 66 19
72 67 44
72 68 41
72 69 24
72 70 48
72 71 32
72 72 -1
72 73 44
72 74 70
73 1 40
73 2 45
73 3 11
73 4 10
73 5 13
73 6 42
73 7 23
73 8 12
73 9 30
73 10 42
73 11 10
73 12 37
73 13 41
73 14 39
73 15 11
73 16 37
73 17 43
73 18 18
73 19 17
73 20 39
73 21 29
73 22 9
73 23 44
73 24 43
73 25 47
73 26 41
73 27 39
73 28 43
73 29 30
73 30 35
73 31 18
73 32 42
73 33 8
73 34 41
73 35 24
73 36 39
73 37 30
73 38 17
73 39 18
73 40 40
73 41 36
73 42 9
73 43 15
73 44 26
73 45 1
73 46 10
73 47 43
73 48 43
73 49 44
73 50 33
73 51 38
73 52 33
73 53 33
73 54 24
73 55 28
73 56 12
73 57 48
73 58 23
73 59 23
73 60 51
73 61 20
73 62 37
73 63 9
73 64 35
73 65 24
73 66 25
73 67 29
73 68 5
73 69 34
73 70 56
73 71 26
73 72 44
73 73 -1
73 74 32
74 1 37
74 2 73
74 3 29
74 4 22
74 5 33
74 6 67
74 7 51
74 8 19
74 9 56
74 10 18
74 11 41
74 12 58
74 13 35
74 14 7
74 15 20
74 16 51
74 17 66
74 18 13
74 19 41
74 20 66
74 21 14
74 22 29
74 23 13
74 24 67
74 25 31
74 26 66
74 27 66
74 28 38
74 29 62
74 30 34
74 31 39
74 32 69
74 33 35
74 34 68
74 35 20
74 36 67
74 37 47
74 38 26
74 39 20
74 40 21
74 41 22
74 42 41
74 43 17
74 44 52
74 45 32
74 46 42
74 47 45
74 48 61
74 49 68
74 50 60
74 51 68
74 52 52
74 53 54
74 54 28
74 55 43
74 56 20
74 57 43
74 58 50
74 59 27
74 60 42
74 61 12
74 62 29
74 63 24
74 64 43
74 65 31
74 66 55
74 67 32
74 68 31
74 69 51
74 70 59
74 71 58
74 72 70
74 73 32
74 74 -1
