20 32
20 2
20 34
20 36
20 6
20 72
20 9
20 12
20 17
20 49
20 50
20 51
20 24
20 26
20 27
11 33
11 68
11 73
11 42
11 45
11 46
11 19
66 9
66 50
66 51
66 58
66 29
56 4
56 68
56 38
56 39
56 8
56 73
56 43
56 45
56 15
56 18
56 22
56 61
56 63
73 33
73 3
73 4
73 5
73 68
73 8
73 42
73 11
73 45
73 46
73 15
73 22
73 56
73 63
15 3
15 4
15 68
15 38
15 39
15 8
15 73
15 43
15 45
15 18
15 22
15 56
15 61
15 63
2 32
2 34
2 36
2 6
2 72
2 17
2 49
2 50
2 20
2 51
2 24
2 26
2 27
67 64
67 1
67 65
67 38
67 13
67 55
67 62
67 30
18 4
18 39
18 8
18 74
18 43
18 15
18 56
18 61
18 63
49 32
49 2
49 34
49 36
49 6
49 72
49 9
49 12
49 48
49 17
49 50
49 20
49 24
49 26
49 27
39 3
39 4
39 35
39 8
39 43
39 15
39 18
39 54
39 56
39 59
21 40
21 41
21 10
21 74
21 61
10 40
10 41
10 21
10 23
19 33
19 3
19 7
19 11
19 44
19 31
65 64
65 67
65 5
65 38
65 55
65 30
59 35
59 3
59 54
59 39
28 1
28 13
28 47
28 62
28 57
28 60
28 30
36 32
36 2
36 34
36 6
36 72
36 9
36 17
36 49
36 50
36 20
36 51
36 24
36 26
36 27
