1 1 -1
1 2 20
1 3 18
1 4 16
1 5 18
1 6 19
1 7 1
1 8 7
1 9 16
1 10 23
1 11 7
1 12 8
1 13 17
1 14 17
1 15 9
1 16 15
1 17 6
1 18 11
1 19 24
1 20 12
1 21 7
1 22 7
1 23 22
1 24 20
1 25 8
1 26 9
1 27 6
2 1 20
2 2 -1
2 3 29
2 4 28
2 5 6
2 6 3
2 7 21
2 8 26
2 9 8
2 10 21
2 11 20
2 12 25
2 13 8
2 14 24
2 15 20
2 16 17
2 17 26
2 18 28
2 19 19
2 20 23
2 21 26
2 22 14
2 23 22
2 24 17
2 25 12
2 26 19
2 27 21
3 1 18
3 2 29
3 3 -1
3 4 2
3 5 24
3 6 30
3 7 19
3 8 22
3 9 21
3 10 15
3 11 11
3 12 11
3 13 21
3 14 6
3 15 10
3 16 13
3 17 15
3 18 9
3 19 18
3 20 6
3 21 13
3 22 23
3 23 13
3 24 15
3 25 19
3 26 10
3 27 12
4 1 16
4 2 28
4 3 2
4 4 -1
4 5 24
4 6 29
4 7 17
4 8 20
4 9 21
4 10 16
4 11 10
4 12 9
4 13 21
4 14 7
4 15 9
4 16 13
4 17 13
4 18 7
4 19 19
4 20 5
4 21 11
4 22 22
4 23 14
4 24 16
4 25 18
4 26 9
4 27 10
5 1 18
5 2 6
5 3 24
5 4 24
5 5 -1
5 6 9
5 7 20
5 8 26
5 9 3
5 10 15
5 11 17
5 12 22
5 13 2
5 14 18
5 15 16
5 16 11
5 17 24
5 18 25
5 19 13
5 20 18
5 21 24
5 22 15
5 23 16
5 24 11
5 25 10
5 26 15
5 27 19
6 1 19
6 2 3
6 3 30
6 4 29
6 5 9
6 6 -1
6 7 20
6 8 25
6 9 10
6 10 24
6 11 20
6 12 25
6 13 10
6 14 25
6 15 20
6 16 18
6 17 25
6 18 28
6 19 22
6 20 24
6 21 26
6 22 13
6 23 24
6 24 20
6 25 12
6 26 20
6 27 21
7 1 1
7 2 21
7 3 19
7 4 17
7 5 20
7 6 20
7 7 -1
7 8 5
7 9 17
7 10 24
7 11 8
7 12 8
7 13 18
7 14 18
7 15 10
7 16 17
7 17 6
7 18 11
7 19 25
7 20 13
7 21 7
7 22 7
7 23 23
7 24 21
7 25 9
7 26 10
7 27 7
8 1 7
8 2 26
8 3 22
8 4 20
8 5 26
8 6 25
8 7 5
8 8 -1
8 9 23
8 10 30
8 11 13
8 12 11
8 13 24
8 14 22
8 15 15
8 16 22
8 17 7
8 18 13
8 19 31
8 20 17
8 21 9
8 22 12
8 23 28
8 24 26
8 25 15
8 26 15
8 27 11
9 1 16
9 2 8
9 3 21
9 4 21
9 5 3
9 6 10
9 7 17
9 8 23
9 9 -1
9 10 13
9 11 14
9 12 19
9 13 1
9 14 15
9 15 13
9 16 8
9 17 21
9 18 22
9 19 12
9 20 15
9 21 21
9 22 14
9 23 13
9 24 9
9 25 8
9 26 12
9 27 16
10 1 23
10 2 21
10 3 15
10 4 16
10 5 15
10 6 24
10 7 24
10 8 30
10 9 13
10 10 -1
10 11 17
10 12 20
10 13 13
10 14 9
10 15 14
10 16 7
10 17 24
10 18 21
10 19 3
10 20 14
10 21 23
10 22 24
10 23 2
10 24 4
10 25 18
10 26 14
10 27 19
11 1 7
11 2 20
11 3 11
11 4 10
11 5 17
11 6 20
11 7 8
11 8 13
11 9 14
11 10 17
11 11 -1
11 12 5
11 13 15
11 14 10
11 15 2
11 16 10
11 17 8
11 18 8
11 19 18
11 20 5
11 21 7
11 22 12
11 23 15
11 24 14
11 25 8
11 26 2
11 27 2
12 1 8
12 2 25
12 3 11
12 4 9
12 5 22
12 6 25
12 7 8
12 8 11
12 9 19
12 10 20
12 11 5
12 12 -1
12 13 20
12 14 12
12 15 6
12 16 14
12 17 4
12 18 3
12 19 22
12 20 6
12 21 2
12 22 14
12 23 19
12 24 18
12 25 13
12 26 7
12 27 3
13 1 17
13 2 8
13 3 21
13 4 21
13 5 2
13 6 10
13 7 18
13 8 24
13 9 1
13 10 13
13 11 15
13 12 20
13 13 -1
13 14 16
13 15 14
13 16 9
13 17 22
13 18 23
13 19 12
13 20 16
13 21 22
13 22 14
13 23 14
13 24 9
13 25 9
13 26 13
13 27 17
14 1 17
14 2 24
14 3 6
14 4 7
14 5 18
14 6 25
14 7 18
14 8 22
14 9 15
14 10 9
14 11 10
14 12 12
14 13 16
14 14 -1
14 15 8
14 16 7
14 17 16
14 18 12
14 19 12
14 20 5
14 21 15
14 22 21
14 23 7
14 24 9
14 25 15
14 26 8
14 27 11
15 1 9
15 2 20
15 3 10
15 4 9
15 5 16
15 6 20
15 7 10
15 8 15
15 9 13
15 10 14
15 11 2
15 12 6
15 13 14
15 14 8
15 15 -1
15 16 8
15 17 10
15 18 9
15 19 16
15 20 3
15 21 8
15 22 13
15 23 13
15 24 12
15 25 9
15 26 1
15 27 4
16 1 15
16 2 17
16 3 13
16 4 13
16 5 11
16 6 18
16 7 17
16 8 22
16 9 8
16 10 7
16 11 10
16 12 14
16 13 9
16 14 7
16 15 8
16 16 -1
16 17 18
16 18 16
16 19 8
16 20 9
16 21 17
16 22 17
16 23 7
16 24 4
16 25 11
16 26 7
16 27 12
17 1 6
17 2 26
17 3 15
17 4 13
17 5 24
17 6 25
17 7 6
17 8 7
17 9 21
17 10 24
17 11 8
17 12 4
17 13 22
17 14 16
17 15 10
17 16 18
17 17 -1
17 18 6
17 19 26
17 20 10
17 21 2
17 22 13
17 23 23
17 24 22
17 25 14
17 26 10
17 27 5
18 1 11
18 2 28
18 3 9
18 4 7
18 5 25
18 6 28
18 7 11
18 8 13
18 9 22
18 10 21
18 11 8
18 12 3
18 13 23
18 14 12
18 15 9
18 16 16
18 17 6
18 18 -1
18 19 24
18 20 7
18 21 4
18 22 18
18 23 20
18 24 20
18 25 16
18 26 10
18 27 6
19 1 24
19 2 19
19 3 18
19 4 19
19 5 13
19 6 22
19 7 25
19 8 31
19 9 12
19 10 3
19 11 18
19 12 22
19 13 12
19 14 12
19 15 16
19 16 8
19 17 26
19 18 24
19 19 -1
19 20 16
19 21 25
19 22 24
19 23 5
19 24 4
19 25 18
19 26 15
19 27 20
20 1 12
20 2 23
20 3 6
20 4 5
20 5 18
20 6 24
20 7 13
20 8 17
20 9 15
20 10 14
20 11 5
20 12 6
20 13 16
20 14 5
20 15 3
20 16 9
20 17 10
20 18 7
20 19 16
20 20 -1
20 21 9
20 22 17
20 23 12
20 24 12
20 25 12
20 26 4
20 27 6
21 1 7
21 2 26
21 3 13
21 4 11
21 5 24
21 6 26
21 7 7
21 8 9
21 9 21
21 10 23
21 11 7
21 12 2
21 13 22
21 14 15
21 15 8
21 16 17
21 17 2
21 18 4
21 19 25
21 20 9
21 21 -1
21 22 15
21 23 21
21 24 21
21 25 14
21 26 9
21 27 5
22 1 7
22 2 14
22 3 23
22 4 22
22 5 15
22 6 13
22 7 7
22 8 12
22 9 14
22 10 24
22 11 12
22 12 14
22 13 14
22 14 21
22 15 13
22 16 17
22 17 13
22 18 18
22 19 24
22 20 17
22 21 15
22 22 -1
22 23 24
22 24 20
22 25 6
22 26 13
22 27 12
23 1 22
23 2 22
23 3 13
23 4 14
23 5 16
23 6 24
23 7 23
23 8 28
23 9 13
23 10 2
23 11 15
23 12 19
23 13 14
23 14 7
23 15 13
23 16 7
23 17 23
23 18 20
23 19 5
23 20 12
23 21 21
23 22 24
23 23 -1
23 24 4
23 25 18
23 26 13
23 27 17
24 1 20
24 2 17
24 3 15
24 4 16
24 5 11
24 6 20
24 7 21
24 8 26
24 9 9
24 10 4
24 11 14
24 12 18
24 13 9
24 14 9
24 15 12
24 16 4
24 17 22
24 18 20
24 19 4
24 20 12
24 21 21
24 22 20
24 23 4
24 24 -1
24 25 14
24 26 11
24 27 16
25 1 8
25 2 12
25 3 19
25 4 18
25 5 10
25 6 12
25 7 9
25 8 15
25 9 8
25 10 18
25 11 8
25 12 13
25 13 9
25 14 15
25 15 9
25 16 11
25 17 14
25 18 16
25 19 18
25 20 12
25 21 14
25 22 6
25 23 18
25 24 14
25 25 -1
25 26 8
25 27 9
26 1 9
26 2 19
26 3 10
26 4 9
26 5 15
26 6 20
26 7 10
26 8 15
26 9 12
26 10 14
26 11 2
26 12 7
26 13 13
26 14 8
26 15 1
26 16 7
26 17 10
26 18 10
26 19 15
26 20 4
26 21 9
26 22 13
26 23 13
26 24 11
26 25 8
26 26 -1
26 27 5
27 1 6
27 2 21
27 3 12
27 4 10
27 5 19
27 6 21
27 7 7
27 8 11
27 9 16
27 10 19
27 11 2
27 12 3
27 13 17
27 14 11
27 15 4
27 16 12
27 17 5
27 18 6
27 19 20
27 20 6
27 21 5
27 22 12
27 23 17
27 24 16
27 25 9
27 26 5
27 27 -1
