1 1 -1
1 2 11
1 3 33
1 4 48
1 5 2
1 6 17
1 7 46
1 8 43
1 9 18
1 10 30
1 11 44
1 12 25
1 13 22
1 14 40
1 15 54
1 16 58
1 17 31
1 18 30
1 19 59
1 20 32
1 21 36
1 22 45
1 23 30
1 24 41
1 25 56
1 26 33
1 27 64
1 28 37
1 29 65
1 30 38
1 31 29
1 32 52
1 33 16
1 34 22
1 35 23
1 36 33
1 37 44
1 38 58
1 39 47
1 40 9
1 41 49
1 42 4
1 43 36
1 44 25
1 45 53
1 46 58
1 47 54
1 48 21
1 49 16
1 50 31
1 51 29
1 52 24
1 53 24
1 54 57
1 55 22
1 56 37
1 57 55
1 58 43
1 59 35
1 60 54
2 1 11
2 2 -1
2 3 22
2 4 41
2 5 11
2 6 28
2 7 46
2 8 34
2 9 17
2 10 20
2 11 44
2 12 17
2 13 13
2 14 33
2 15 50
2 16 50
2 17 29
2 18 21
2 19 56
2 20 22
2 21 33
2 22 47
2 23 29
2 24 31
2 25 55
2 26 36
2 27 57
2 28 27
2 29 59
2 30 32
2 31 23
2 32 55
2 33 5
2 34 30
2 35 29
2 36 22
2 37 47
2 38 56
2 39 47
2 40 20
2 41 52
2 42 14
2 43 26
2 44 31
2 45 48
2 46 55
2 47 53
2 48 32
2 49 23
2 50 27
2 51 35
2 52 13
2 53 13
2 54 59
2 55 12
2 56 26
2 57 51
2 58 41
2 59 32
2 60 51
3 1 33
3 2 22
3 3 -1
3 4 37
3 5 33
3 6 50
3 7 57
3 8 27
3 9 33
3 10 16
3 11 55
3 12 19
3 13 18
3 14 32
3 15 51
3 16 45
3 17 38
3 18 17
3 19 58
3 20 12
3 21 40
3 22 60
3 23 41
3 24 20
3 25 62
3 26 51
3 27 52
3 28 16
3 29 55
3 30 32
3 31 28
3 32 68
3 33 17
3 34 51
3 35 48
3 36 2
3 37 60
3 38 63
3 39 56
3 40 42
3 41 65
3 42 36
3 43 16
3 44 49
3 45 47
3 46 56
3 47 61
3 48 54
3 49 44
3 50 34
3 51 53
3 52 9
3 53 9
3 54 71
3 55 15
3 56 4
3 57 52
3 58 48
3 59 38
3 60 53
4 1 48
4 2 41
4 3 37
4 4 -1
4 5 50
4 6 60
4 7 33
4 8 10
4 9 33
4 10 23
4 11 33
4 12 24
4 13 27
4 14 8
4 15 16
4 16 9
4 17 22
4 18 22
4 19 22
4 20 25
4 21 19
4 22 40
4 23 28
4 24 18
4 25 33
4 26 38
4 27 15
4 28 21
4 29 18
4 30 10
4 31 19
4 32 46
4 33 37
4 34 51
4 35 46
4 36 35
4 37 40
4 38 31
4 39 31
4 40 53
4 41 44
4 42 48
4 43 21
4 44 43
4 45 11
4 46 21
4 47 32
4 48 62
4 49 46
4 50 20
4 51 46
4 52 35
4 53 34
4 54 46
4 55 30
4 56 37
4 57 17
4 58 23
4 59 18
4 60 19
5 1 2
5 2 11
5 3 33
5 4 50
5 5 -1
5 6 17
5 7 48
5 8 44
5 9 20
5 10 31
5 11 46
5 12 26
5 13 24
5 14 42
5 15 56
5 16 59
5 17 33
5 18 32
5 19 61
5 20 33
5 21 38
5 22 47
5 23 32
5 24 43
5 25 58
5 26 35
5 27 65
5 28 38
5 29 67
5 30 40
5 31 30
5 32 54
5 33 17
5 34 24
5 35 24
5 36 33
5 37 46
5 38 60
5 39 49
5 40 9
5 41 51
5 42 5
5 43 37
5 44 27
5 45 55
5 46 60
5 47 56
5 48 21
5 49 18
5 50 32
5 51 31
5 52 25
5 53 25
5 54 59
5 55 23
5 56 37
5 57 57
5 58 45
5 59 37
5 60 56
6 1 17
6 2 28
6 3 50
6 4 60
6 5 17
6 6 -1
6 7 47
6 8 56
6 9 26
6 10 45
6 11 45
6 12 39
6 13 37
6 14 51
6 15 61
6 16 69
6 17 39
6 18 45
6 19 65
6 20 48
6 21 43
6 22 44
6 23 34
6 24 56
6 25 58
6 26 32
6 27 74
6 28 52
6 29 74
6 30 49
6 31 40
6 32 49
6 33 33
6 34 15
6 35 19
6 36 50
6 37 43
6 38 61
6 39 49
6 40 8
6 41 47
6 42 14
6 43 51
6 44 23
6 45 62
6 46 65
6 47 56
6 48 4
6 49 14
6 50 40
6 51 25
6 52 41
6 53 41
6 54 55
6 55 38
6 56 54
6 57 62
6 58 48
6 59 44
6 60 60
7 1 46
7 2 46
7 3 57
7 4 33
7 5 48
7 6 47
7 7 -1
7 8 39
7 9 29
7 10 41
7 11 2
7 12 37
7 13 39
7 14 29
7 15 21
7 16 38
7 17 19
7 18 41
7 19 22
7 20 46
7 21 17
7 22 7
7 23 17
7 24 46
7 25 10
7 26 14
7 27 39
7 28 45
7 29 37
7 30 28
7 31 29
7 32 13
7 33 46
7 34 33
7 35 28
7 36 55
7 37 7
7 38 13
7 39 2
7 40 44
7 41 11
7 42 43
7 43 45
7 44 24
7 45 26
7 46 22
7 47 8
7 48 46
7 49 33
7 50 23
7 51 23
7 52 50
7 53 49
7 54 14
7 55 43
7 56 59
7 57 22
7 58 10
7 59 20
7 60 19
8 1 43
8 2 34
8 3 27
8 4 10
8 5 44
8 6 56
8 7 39
8 8 -1
8 9 30
8 10 14
8 11 38
8 12 17
8 13 20
8 14 9
8 15 26
8 16 18
8 17 24
8 18 13
8 19 32
8 20 15
8 21 22
8 22 45
8 23 30
8 24 8
8 25 41
8 26 41
8 27 25
8 28 11
8 29 28
8 30 11
8 31 16
8 32 52
8 33 30
8 34 50
8 35 45
8 36 25
8 37 44
8 38 40
8 39 38
8 40 48
8 41 49
8 42 43
8 43 11
8 44 43
8 45 21
8 46 31
8 47 40
8 48 59
8 49 44
8 50 20
8 51 47
8 52 25
8 53 25
8 54 53
8 55 21
8 56 26
8 57 27
8 58 29
8 59 20
8 60 29
9 1 18
9 2 17
9 3 33
9 4 33
9 5 20
9 6 26
9 7 29
9 8 30
9 9 -1
9 10 22
9 11 27
9 12 16
9 13 15
9 14 24
9 15 36
9 16 42
9 17 13
9 18 22
9 19 41
9 20 26
9 21 18
9 22 30
9 23 12
9 24 32
9 25 38
9 26 19
9 27 47
9 28 29
9 29 48
9 30 22
9 31 13
9 32 37
9 33 19
9 34 20
9 35 16
9 36 32
9 37 29
9 38 40
9 39 29
9 40 20
9 41 34
9 42 16
9 43 28
9 44 15
9 45 35
9 46 40
9 47 36
9 48 28
9 49 13
9 50 13
9 51 20
9 52 24
9 53 24
9 54 41
9 55 18
9 56 36
9 57 37
9 58 25
9 59 17
9 60 36
10 1 30
10 2 20
10 3 16
10 4 23
10 5 31
10 6 45
10 7 41
10 8 14
10 9 22
10 10 -1
10 11 40
10 12 6
10 13 7
10 14 17
10 15 36
10 16 32
10 17 22
10 18 1
10 19 42
10 20 4
10 21 24
10 22 45
10 23 27
10 24 11
10 25 46
10 26 38
10 27 38
10 28 7
10 29 41
10 30 16
10 31 12
10 32 53
10 33 15
10 34 42
10 35 38
10 36 14
10 37 45
10 38 47
10 39 41
10 40 37
10 41 50
10 42 31
10 43 6
10 44 37
10 45 32
10 46 41
10 47 45
10 48 48
10 49 35
10 50 18
10 51 41
10 52 12
10 53 11
10 54 55
10 55 7
10 56 17
10 57 37
10 58 32
10 59 22
10 60 37
11 1 44
11 2 44
11 3 55
11 4 33
11 5 46
11 6 45
11 7 2
11 8 38
11 9 27
11 10 40
11 11 -1
11 12 36
11 13 37
11 14 28
11 15 22
11 16 38
11 17 17
11 18 39
11 19 23
11 20 44
11 21 16
11 22 7
11 23 15
11 24 45
11 25 12
11 26 13
11 27 39
11 28 44
11 29 37
11 30 27
11 31 27
11 32 13
11 33 45
11 34 31
11 35 26
11 36 54
11 37 7
11 38 15
11 39 3
11 40 42
11 41 11
11 42 41
11 43 43
11 44 22
11 45 26
11 46 23
11 47 10
11 48 44
11 49 31
11 50 21
11 51 21
11 52 48
11 53 47
11 54 15
11 55 41
11 56 58
11 57 22
11 58 10
11 59 18
11 60 20
12 1 25
12 2 17
12 3 19
12 4 24
12 5 26
12 6 39
12 7 37
12 8 17
12 9 16
12 10 6
12 11 36
12 12 -1
12 13 3
12 14 17
12 15 35
12 16 34
12 17 18
12 18 6
12 19 41
12 20 10
12 21 20
12 22 41
12 23 22
12 24 17
12 25 43
12 26 32
12 27 40
12 28 13
12 29 42
12 30 16
12 31 8
12 32 48
12 33 13
12 34 36
12 35 32
12 36 18
12 37 40
12 38 44
12 39 37
12 40 31
12 41 46
12 42 26
12 43 12
12 44 31
12 45 32
12 46 40
12 47 42
12 48 42
12 49 29
12 50 14
12 51 35
12 52 13
12 53 12
12 54 51
12 55 6
12 56 22
12 57 36
12 58 29
12 59 18
12 60 36
13 1 22
13 2 13
13 3 18
13 4 27
13 5 24
13 6 37
13 7 39
13 8 20
13 9 15
13 10 7
13 11 37
13 12 3
13 13 -1
13 14 20
13 15 38
13 16 37
13 17 20
13 18 8
13 19 44
13 20 11
13 21 22
13 22 42
13 23 23
13 24 19
13 25 46
13 26 33
13 27 43
13 28 14
13 29 45
13 30 19
13 31 11
13 32 50
13 33 10
13 34 35
13 35 31
13 36 17
13 37 41
13 38 46
13 39 39
13 40 29
13 41 47
13 42 23
13 43 13
13 44 31
13 45 35
13 46 43
13 47 44
13 48 40
13 49 28
13 50 16
13 51 35
13 52 10
13 53 10
13 54 53
13 55 3
13 56 21
13 57 39
13 58 31
13 59 21
13 60 39
14 1 40
14 2 33
14 3 32
14 4 8
14 5 42
14 6 51
14 7 29
14 8 9
14 9 24
14 10 17
14 11 28
14 12 17
14 13 20
14 14 -1
14 15 18
14 16 17
14 17 15
14 18 16
14 19 25
14 20 20
14 21 13
14 22 35
14 23 21
14 24 17
14 25 31
14 26 32
14 27 23
14 28 18
14 29 25
14 30 2
14 31 11
14 32 42
14 33 30
14 34 43
14 35 38
14 36 31
14 37 35
14 38 31
14 39 28
14 40 44
14 41 40
14 42 39
14 43 17
14 44 35
14 45 15
14 46 24
14 47 30
14 48 53
14 49 38
14 50 12
14 51 39
14 52 29
14 53 28
14 54 43
14 55 23
14 56 33
14 57 19
14 58 19
14 59 11
14 60 21
15 1 54
15 2 50
15 3 51
15 4 16
15 5 56
15 6 61
15 7 21
15 8 26
15 9 36
15 10 36
15 11 22
15 12 35
15 13 38
15 14 18
15 15 -1
15 16 17
15 17 22
15 18 35
15 19 6
15 20 39
15 21 18
15 22 29
15 23 26
15 24 34
15 25 17
15 26 32
15 27 17
15 28 36
15 29 15
15 30 19
15 31 27
15 32 34
15 33 48
15 34 49
15 35 43
15 36 49
15 37 29
15 38 15
15 39 19
15 40 55
15 41 32
15 42 52
15 43 36
15 44 40
15 45 5
15 46 5
15 47 17
15 48 62
15 49 46
15 50 23
15 51 41
15 52 47
15 53 46
15 54 32
15 55 41
15 56 52
15 57 1
15 58 14
15 59 18
15 60 3
16 1 58
16 2 50
16 3 45
16 4 9
16 5 59
16 6 69
16 7 38
16 8 18
16 9 42
16 10 32
16 11 38
16 12 34
16 13 37
16 14 17
16 15 17
16 16 -1
16 17 31
16 18 31
16 19 21
16 20 33
16 21 27
16 22 45
16 23 36
16 24 25
16 25 34
16 26 45
16 27 7
16 28 29
16 29 10
16 30 19
16 31 29
16 32 51
16 33 47
16 34 59
16 35 54
16 36 43
16 37 45
16 38 32
16 39 36
16 40 62
16 41 49
16 42 57
16 43 29
16 44 51
16 45 12
16 46 20
16 47 34
16 48 70
16 49 55
16 50 29
16 51 54
16 52 43
16 53 42
16 54 49
16 55 39
16 56 44
16 57 17
16 58 28
16 59 26
16 60 20
17 1 31
17 2 29
17 3 38
17 4 22
17 5 33
17 6 39
17 7 19
17 8 24
17 9 13
17 10 22
17 11 17
17 12 18
17 13 20
17 14 15
17 15 22
17 16 31
17 17 -1
17 18 22
17 19 27
17 20 27
17 21 4
17 22 23
17 23 6
17 24 29
17 25 26
17 26 17
17 27 35
17 28 27
17 29 35
17 30 13
17 31 10
17 32 30
17 33 28
17 34 28
17 35 23
17 36 36
17 37 22
17 38 27
17 39 18
17 40 33
17 41 28
17 42 29
17 43 26
17 44 20
17 45 22
17 46 27
17 47 24
17 48 40
17 49 24
17 50 4
17 51 23
17 52 31
17 53 30
17 54 33
17 55 23
17 56 40
17 57 23
17 58 12
17 59 5
17 60 22
18 1 30
18 2 21
18 3 17
18 4 22
18 5 32
18 6 45
18 7 41
18 8 13
18 9 22
18 10 1
18 11 39
18 12 6
18 13 8
18 14 16
18 15 35
18 16 31
18 17 22
18 18 -1
18 19 41
18 20 5
18 21 23
18 22 45
18 23 26
18 24 11
18 25 46
18 26 37
18 27 37
18 28 7
18 29 40
18 30 15
18 31 12
18 32 53
18 33 16
18 34 42
18 35 38
18 36 15
18 37 44
18 38 46
18 39 40
18 40 37
18 41 50
18 42 31
18 43 6
18 44 37
18 45 31
18 46 40
18 47 44
18 48 48
18 49 35
18 50 17
18 51 41
18 52 13
18 53 12
18 54 55
18 55 8
18 56 18
18 57 36
18 58 32
18 59 21
18 60 37
19 1 59
19 2 56
19 3 58
19 4 22
19 5 61
19 6 65
19 7 22
19 8 32
19 9 41
19 10 42
19 11 23
19 12 41
19 13 44
19 14 25
19 15 6
19 16 21
19 17 27
19 18 41
19 19 -1
19 20 45
19 21 23
19 22 29
19 23 30
19 24 40
19 25 15
19 26 35
19 27 19
19 28 42
19 29 16
19 30 25
19 31 33
19 32 33
19 33 54
19 34 53
19 35 47
19 36 56
19 37 30
19 38 12
19 39 20
19 40 60
19 41 31
19 42 57
19 43 42
19 44 43
19 45 11
19 46 1
19 47 15
19 48 66
19 49 51
19 50 29
19 51 44
19 52 53
19 53 52
19 54 30
19 55 47
19 56 58
19 57 5
19 58 17
19 59 24
19 60 5
20 1 32
20 2 22
20 3 12
20 4 25
20 5 33
20 6 48
20 7 46
20 8 15
20 9 26
20 10 4
20 11 44
20 12 10
20 13 11
20 14 20
20 15 39
20 16 33
20 17 27
20 18 5
20 19 45
20 20 -1
20 21 28
20 22 50
20 23 31
20 24 10
20 25 50
20 26 42
20 27 40
20 28 5
20 29 43
20 30 20
20 31 17
20 32 58
20 33 17
20 34 46
20 35 42
20 36 10
20 37 49
20 38 50
20 39 45
20 40 40
20 41 55
20 42 34
20 43 4
20 44 41
20 45 34
20 46 44
20 47 49
20 48 51
20 49 39
20 50 22
20 51 46
20 52 11
20 53 10
20 54 60
20 55 9
20 56 13
20 57 40
20 58 36
20 59 26
20 60 41
21 1 36
21 2 33
21 3 40
21 4 19
21 5 38
21 6 43
21 7 17
21 8 22
21 9 18
21 10 24
21 11 16
21 12 20
21 13 22
21 14 13
21 15 18
21 16 27
21 17 4
21 18 23
21 19 23
21 20 28
21 21 -1
21 22 22
21 23 9
21 24 28
21 25 23
21 26 19
21 27 31
21 28 28
21 29 31
21 30 11
21 31 11
21 32 30
21 33 31
21 34 32
21 35 27
21 36 38
21 37 22
21 38 24
21 39 16
21 40 37
21 41 27
21 42 34
21 43 27
21 44 24
21 45 18
21 46 22
21 47 21
21 48 44
21 49 29
21 50 6
21 51 26
21 52 33
21 53 32
21 54 32
21 55 26
21 56 41
21 57 19
21 58 8
21 59 2
21 60 18
22 1 45
22 2 47
22 3 60
22 4 40
22 5 47
22 6 44
22 7 7
22 8 45
22 9 30
22 10 45
22 11 7
22 12 41
22 13 42
22 14 35
22 15 29
22 16 45
22 17 23
22 18 45
22 19 29
22 20 50
22 21 22
22 22 -1
22 23 19
22 24 51
22 25 16
22 26 12
22 27 46
22 28 50
22 29 44
22 30 33
22 31 33
22 32 7
22 33 48
22 34 29
22 35 25
22 36 59
22 37 1
22 38 19
22 39 9
22 40 42
22 41 5
22 42 41
22 43 49
22 44 21
22 45 33
22 46 29
22 47 14
22 48 42
22 49 31
22 50 27
22 51 19
22 52 53
22 53 52
22 54 11
22 55 45
22 56 63
22 57 29
22 58 17
22 59 25
22 60 26
23 1 30
23 2 29
23 3 41
23 4 28
23 5 32
23 6 34
23 7 17
23 8 30
23 9 12
23 10 27
23 11 15
23 12 22
23 13 23
23 14 21
23 15 26
23 16 36
23 17 6
23 18 26
23 19 30
23 20 31
23 21 9
23 22 19
23 23 -1
23 24 34
23 25 26
23 26 11
23 27 40
23 28 32
23 29 40
23 30 19
23 31 14
23 32 26
23 33 30
23 34 23
23 35 17
23 36 40
23 37 18
23 38 28
23 39 17
23 40 29
23 41 24
23 42 27
23 43 31
23 44 14
23 45 27
23 46 30
23 47 24
23 48 35
23 49 20
23 50 10
23 51 17
23 52 33
23 53 33
23 54 30
23 55 26
23 56 44
23 57 27
23 58 13
23 59 10
23 60 25
24 1 41
24 2 31
24 3 20
24 4 18
24 5 43
24 6 56
24 7 46
24 8 8
24 9 32
24 10 11
24 11 45
24 12 17
24 13 19
24 14 17
24 15 34
24 16 25
24 17 29
24 18 11
24 19 40
24 20 10
24 21 28
24 22 51
24 23 34
24 24 -1
24 25 48
24 26 45
24 27 32
24 28 5
24 29 35
24 30 18
24 31 20
24 32 59
24 33 26
24 34 52
24 35 48
24 36 18
24 37 51
24 38 48
24 39 44
24 40 48
24 41 56
24 42 42
24 43 5
24 44 47
24 45 29
24 46 39
24 47 47
24 48 59
24 49 46
24 50 24
24 51 51
24 52 21
24 53 20
24 54 60
24 55 19
24 56 19
24 57 35
24 58 36
24 59 26
24 60 37
25 1 56
25 2 55
25 3 62
25 4 33
25 5 58
25 6 58
25 7 10
25 8 41
25 9 38
25 10 46
25 11 12
25 12 43
25 13 46
25 14 31
25 15 17
25 16 34
25 17 26
25 18 46
25 19 15
25 20 50
25 21 23
25 22 16
25 23 26
25 24 48
25 25 -1
25 26 25
25 27 34
25 28 49
25 29 31
25 30 31
25 31 34
25 32 18
25 33 54
25 34 44
25 35 38
25 36 61
25 37 17
25 38 3
25 39 9
25 40 54
25 41 17
25 42 53
25 43 48
25 44 34
25 45 23
25 46 16
25 47 2
25 48 57
25 49 43
25 50 29
25 51 34
25 52 56
25 53 55
25 54 15
25 55 49
25 56 64
25 57 17
25 58 14
25 59 25
25 60 14
26 1 33
26 2 36
26 3 51
26 4 38
26 5 35
26 6 32
26 7 14
26 8 41
26 9 19
26 10 38
26 11 13
26 12 32
26 13 33
26 14 32
26 15 32
26 16 45
26 17 17
26 18 37
26 19 35
26 20 42
26 21 19
26 22 12
26 23 11
26 24 45
26 25 25
26 26 -1
26 27 48
26 28 43
26 29 47
26 30 30
26 31 25
26 32 18
26 33 38
26 34 18
26 35 13
26 36 50
26 37 11
26 38 28
26 39 16
26 40 30
26 41 16
26 42 29
26 43 43
26 44 9
26 45 35
26 46 35
26 47 23
26 48 31
26 49 19
26 50 21
26 51 9
26 52 43
26 53 42
26 54 23
26 55 36
26 56 54
26 57 33
26 58 18
26 59 21
26 60 31
27 1 64
27 2 57
27 3 52
27 4 15
27 5 65
27 6 74
27 7 39
27 8 25
27 9 47
27 10 38
27 11 39
27 12 40
27 13 43
27 14 23
27 15 17
27 16 7
27 17 35
27 18 37
27 19 19
27 20 40
27 21 31
27 22 46
27 23 40
27 24 32
27 25 34
27 26 48
27 27 -1
27 28 36
27 29 4
27 30 25
27 31 34
27 32 51
27 33 53
27 34 64
27 35 58
27 36 50
27 37 46
27 38 31
27 39 36
27 40 67
27 41 49
27 42 63
27 43 36
27 44 55
27 45 13
27 46 18
27 47 34
27 48 75
27 49 60
27 50 34
27 51 57
27 52 50
27 53 49
27 54 49
27 55 45
27 56 51
27 57 17
27 58 30
27 59 30
27 60 20
28 1 37
28 2 27
28 3 16
28 4 21
28 5 38
28 6 52
28 7 45
28 8 11
28 9 29
28 10 7
28 11 44
28 12 13
28 13 14
28 14 18
28 15 36
28 16 29
28 17 27
28 18 7
28 19 42
28 20 5
28 21 28
28 22 50
28 23 32
28 24 5
28 25 49
28 26 43
28 27 36
28 28 -1
28 29 39
28 30 18
28 31 18
28 32 58
28 33 21
28 34 49
28 35 45
28 36 14
28 37 50
28 38 49
28 39 44
28 40 44
28 41 55
28 42 38
28 43 1
28 44 44
28 45 31
28 46 41
28 47 48
28 48 55
28 49 42
28 50 23
28 51 48
28 52 16
28 53 15
28 54 60
28 55 14
28 56 15
28 57 37
28 58 36
28 59 25
28 60 38
29 1 65
29 2 59
29 3 55
29 4 18
29 5 67
29 6 74
29 7 37
29 8 28
29 9 48
29 10 41
29 11 37
29 12 42
29 13 45
29 14 25
29 15 15
29 16 10
29 17 35
29 18 40
29 19 16
29 20 43
29 21 31
29 22 44
29 23 40
29 24 35
29 25 31
29 26 47
29 27 4
29 28 39
29 29 -1
29 30 26
29 31 36
29 32 48
29 33 55
29 34 63
29 35 58
29 36 53
29 37 44
29 38 28
29 39 34
29 40 68
29 41 47
29 42 64
29 43 39
29 44 54
29 45 12
29 46 15
29 47 31
29 48 75
29 49 60
29 50 34
29 51 56
29 52 53
29 53 52
29 54 46
29 55 48
29 56 54
29 57 14
29 58 29
29 59 30
29 60 17
30 1 38
30 2 32
30 3 32
30 4 10
30 5 40
30 6 49
30 7 28
30 8 11
30 9 22
30 10 16
30 11 27
30 12 16
30 13 19
30 14 2
30 15 19
30 16 19
30 17 13
30 18 15
30 19 25
30 20 20
30 21 11
30 22 33
30 23 19
30 24 18
30 25 31
30 26 30
30 27 25
30 28 18
30 29 26
30 30 -1
30 31 9
30 32 41
30 33 29
30 34 41
30 35 35
30 36 30
30 37 33
30 38 30
30 39 26
30 40 42
30 41 38
30 42 37
30 43 17
30 44 33
30 45 16
30 46 24
30 47 29
30 48 51
30 49 36
30 50 9
30 51 36
30 52 28
30 53 27
30 54 42
30 55 22
30 56 33
30 57 20
30 58 18
30 59 9
30 60 21
31 1 29
31 2 23
31 3 28
31 4 19
31 5 30
31 6 40
31 7 29
31 8 16
31 9 13
31 10 12
31 11 27
31 12 8
31 13 11
31 14 11
31 15 27
31 16 29
31 17 10
31 18 12
31 19 33
31 20 17
31 21 11
31 22 33
31 23 14
31 24 20
31 25 34
31 26 25
31 27 34
31 28 18
31 29 36
31 30 9
31 31 -1
31 32 40
31 33 21
31 34 33
31 35 28
31 36 26
31 37 32
31 38 35
31 39 28
31 40 33
31 41 38
31 42 28
31 43 17
31 44 27
31 45 24
31 46 32
31 47 33
31 48 42
31 49 27
31 50 5
31 51 31
31 52 21
31 53 21
31 54 43
31 55 14
31 56 30
31 57 28
31 58 20
31 59 9
31 60 28
32 1 52
32 2 55
32 3 68
32 4 46
32 5 54
32 6 49
32 7 13
32 8 52
32 9 37
32 10 53
32 11 13
32 12 48
32 13 50
32 14 42
32 15 34
32 16 51
32 17 30
32 18 53
32 19 33
32 20 58
32 21 30
32 22 7
32 23 26
32 24 59
32 25 18
32 26 18
32 27 51
32 28 58
32 29 48
32 30 41
32 31 40
32 32 -1
32 33 56
32 34 34
32 35 30
32 36 67
32 37 8
32 38 21
32 39 15
32 40 47
32 41 2
32 42 48
32 43 57
32 44 26
32 45 39
32 46 33
32 47 17
32 48 47
32 49 36
32 50 35
32 51 24
32 52 60
32 53 60
32 54 6
32 55 53
32 56 71
32 57 34
32 58 23
32 59 32
32 60 31
33 1 16
33 2 5
33 3 17
33 4 37
33 5 17
33 6 33
33 7 46
33 8 30
33 9 19
33 10 15
33 11 45
33 12 13
33 13 10
33 14 30
33 15 48
33 16 47
33 17 28
33 18 16
33 19 54
33 20 17
33 21 31
33 22 48
33 23 30
33 24 26
33 25 54
33 26 38
33 27 53
33 28 21
33 29 55
33 30 29
33 31 21
33 32 56
33 33 -1
33 34 34
33 35 32
33 36 17
33 37 48
33 38 55
33 39 47
33 40 25
33 41 53
33 42 19
33 43 21
33 44 33
33 45 45
33 46 53
33 47 52
33 48 37
33 49 27
33 50 25
33 51 38
33 52 8
33 53 8
33 54 60
33 55 8
33 56 21
33 57 49
33 58 40
33 59 30
33 60 49
34 1 22
34 2 30
34 3 51
34 4 51
34 5 24
34 6 15
34 7 33
34 8 50
34 9 20
34 10 42
34 11 31
34 12 36
34 13 35
34 14 43
34 15 49
34 16 59
34 17 28
34 18 42
34 19 53
34 20 46
34 21 32
34 22 29
34 23 23
34 24 52
34 25 44
34 26 18
34 27 64
34 28 49
34 29 63
34 30 41
34 31 33
34 32 34
34 33 34
34 34 -1
34 35 5
34 36 50
34 37 28
34 38 47
34 39 34
34 40 15
34 41 32
34 42 18
34 43 48
34 44 9
34 45 50
34 46 52
34 47 42
34 48 13
34 49 7
34 50 31
34 51 10
34 52 42
34 53 41
34 54 40
34 55 37
34 56 55
34 57 50
34 58 35
34 59 33
34 60 48
35 1 23
35 2 29
35 3 48
35 4 46
35 5 24
35 6 19
35 7 28
35 8 45
35 9 16
35 10 38
35 11 26
35 12 32
35 13 31
35 14 38
35 15 43
35 16 54
35 17 23
35 18 38
35 19 47
35 20 42
35 21 27
35 22 25
35 23 17
35 24 48
35 25 38
35 26 13
35 27 58
35 28 45
35 29 58
35 30 35
35 31 28
35 32 30
35 33 32
35 34 5
35 35 -1
35 36 48
35 37 24
35 38 41
35 39 29
35 40 17
35 41 28
35 42 18
35 43 44
35 44 4
35 45 45
35 46 47
35 47 37
35 48 18
35 49 6
35 50 26
35 51 6
35 52 39
35 53 39
35 54 36
35 55 33
35 56 52
35 57 44
35 58 30
35 59 28
35 60 42
36 1 33
36 2 22
36 3 2
36 4 35
36 5 33
36 6 50
36 7 55
36 8 25
36 9 32
36 10 14
36 11 54
36 12 18
36 13 17
36 14 31
36 15 49
36 16 43
36 17 36
36 18 15
36 19 56
36 20 10
36 21 38
36 22 59
36 23 40
36 24 18
36 25 61
36 26 50
36 27 50
36 28 14
36 29 53
36 30 30
36 31 26
36 32 67
36 33 17
36 34 50
36 35 48
36 36 -1
36 37 58
36 38 61
36 39 55
36 40 42
36 41 64
36 42 36
36 43 14
36 44 48
36 45 45
36 46 55
36 47 59
36 48 54
36 49 43
36 50 32
36 51 52
36 52 9
36 53 9
36 54 70
36 55 14
36 56 4
36 57 50
36 58 47
36 59 36
36 60 52
37 1 44
37 2 47
37 3 60
37 4 40
37 5 46
37 6 43
37 7 7
37 8 44
37 9 29
37 10 45
37 11 7
37 12 40
37 13 41
37 14 35
37 15 29
37 16 45
37 17 22
37 18 44
37 19 30
37 20 49
37 21 22
37 22 1
37 23 18
37 24 51
37 25 17
37 26 11
37 27 46
37 28 50
37 29 44
37 30 33
37 31 32
37 32 8
37 33 48
37 34 28
37 35 24
37 36 58
37 37 -1
37 38 20
37 39 9
37 40 41
37 41 5
37 42 41
37 43 49
37 44 20
37 45 33
37 46 30
37 47 15
37 48 41
37 49 30
37 50 26
37 51 18
37 52 52
37 53 51
37 54 12
37 55 45
37 56 62
37 57 29
37 58 17
37 59 24
37 60 26
38 1 58
38 2 56
38 3 63
38 4 31
38 5 60
38 6 61
38 7 13
38 8 40
38 9 40
38 10 47
38 11 15
38 12 44
38 13 46
38 14 31
38 15 15
38 16 32
38 17 27
38 18 46
38 19 12
38 20 50
38 21 24
38 22 19
38 23 28
38 24 48
38 25 3
38 26 28
38 27 31
38 28 49
38 29 28
38 30 30
38 31 35
38 32 21
38 33 55
38 34 47
38 35 41
38 36 61
38 37 20
38 38 -1
38 39 12
38 40 57
38 41 21
38 42 55
38 43 48
38 44 37
38 45 21
38 46 13
38 47 5
38 48 60
38 49 46
38 50 30
38 51 37
38 52 57
38 53 56
38 54 18
38 55 50
38 56 64
38 57 14
38 58 15
38 59 25
38 60 12
39 1 47
39 2 47
39 3 56
39 4 31
39 5 49
39 6 49
39 7 2
39 8 38
39 9 29
39 10 41
39 11 3
39 12 37
39 13 39
39 14 28
39 15 19
39 16 36
39 17 18
39 18 40
39 19 20
39 20 45
39 21 16
39 22 9
39 23 17
39 24 44
39 25 9
39 26 16
39 27 36
39 28 44
39 29 34
39 30 26
39 31 28
39 32 15
39 33 47
39 34 34
39 35 29
39 36 55
39 37 9
39 38 12
39 39 -1
39 40 45
39 41 13
39 42 44
39 43 44
39 44 25
39 45 24
39 46 20
39 47 7
39 48 48
39 49 34
39 50 22
39 51 25
39 52 49
39 53 49
39 54 15
39 55 42
39 56 58
39 57 19
39 58 8
39 59 19
39 60 17
40 1 9
40 2 20
40 3 42
40 4 53
40 5 9
40 6 8
40 7 44
40 8 48
40 9 20
40 10 37
40 11 42
40 12 31
40 13 29
40 14 44
40 15 55
40 16 62
40 17 33
40 18 37
40 19 60
40 20 40
40 21 37
40 22 42
40 23 29
40 24 48
40 25 54
40 26 30
40 27 67
40 28 44
40 29 68
40 30 42
40 31 33
40 32 47
40 33 25
40 34 15
40 35 17
40 36 42
40 37 41
40 38 57
40 39 45
40 40 -1
40 41 45
40 42 6
40 43 43
40 44 21
40 45 55
40 46 60
40 47 52
40 48 12
40 49 11
40 50 33
40 51 24
40 52 33
40 53 33
40 54 53
40 55 30
40 56 46
40 57 56
40 58 43
40 59 37
40 60 55
41 1 49
41 2 52
41 3 65
41 4 44
41 5 51
41 6 47
41 7 11
41 8 49
41 9 34
41 10 50
41 11 11
41 12 46
41 13 47
41 14 40
41 15 32
41 16 49
41 17 28
41 18 50
41 19 31
41 20 55
41 21 27
41 22 5
41 23 24
41 24 56
41 25 17
41 26 16
41 27 49
41 28 55
41 29 47
41 30 38
41 31 38
41 32 2
41 33 53
41 34 32
41 35 28
41 36 64
41 37 5
41 38 21
41 39 13
41 40 45
41 41 -1
41 42 45
41 43 54
41 44 24
41 45 37
41 46 32
41 47 16
41 48 45
41 49 34
41 50 32
41 51 22
41 52 58
41 53 57
41 54 8
41 55 50
41 56 68
41 57 32
41 58 21
41 59 29
41 60 29
42 1 4
42 2 14
42 3 36
42 4 48
42 5 5
42 6 14
42 7 43
42 8 43
42 9 16
42 10 31
42 11 41
42 12 26
42 13 23
42 14 39
42 15 52
42 16 57
42 17 29
42 18 31
42 19 57
42 20 34
42 21 34
42 22 41
42 23 27
42 24 42
42 25 53
42 26 29
42 27 63
42 28 38
42 29 64
42 30 37
42 31 28
42 32 48
42 33 19
42 34 18
42 35 18
42 36 36
42 37 41
42 38 55
42 39 44
42 40 6
42 41 45
42 42 -1
42 43 37
42 44 21
42 45 51
42 46 56
42 47 51
42 48 18
42 49 12
42 50 29
42 51 25
42 52 27
42 53 27
42 54 53
42 55 24
42 56 40
42 57 53
42 58 40
42 59 34
42 60 52
43 1 36
43 2 26
43 3 16
43 4 21
43 5 37
43 6 51
43 7 45
43 8 11
43 9 28
43 10 6
43 11 43
43 12 12
43 13 13
43 14 17
43 15 36
43 16 29
43 17 26
43 18 6
43 19 42
43 20 4
43 21 27
43 22 49
43 23 31
43 24 5
43 25 48
43 26 43
43 27 36
43 28 1
43 29 39
43 30 17
43 31 17
43 32 57
43 33 21
43 34 48
43 35 44
43 36 14
43 37 49
43 38 48
43 39 44
43 40 43
43 41 54
43 42 37
43 43 -1
43 44 43
43 45 31
43 46 41
43 47 47
43 48 54
43 49 41
43 50 22
43 51 47
43 52 15
43 53 14
43 54 59
43 55 13
43 56 16
43 57 37
43 58 35
43 59 25
43 60 38
44 1 25
44 2 31
44 3 49
44 4 43
44 5 27
44 6 23
44 7 24
44 8 43
44 9 15
44 10 37
44 11 22
44 12 31
44 13 31
44 14 35
44 15 40
44 16 51
44 17 20
44 18 37
44 19 43
44 20 41
44 21 24
44 22 21
44 23 14
44 24 47
44 25 34
44 26 9
44 27 55
44 28 44
44 29 54
44 30 33
44 31 27
44 32 26
44 33 33
44 34 9
44 35 4
44 36 48
44 37 20
44 38 37
44 39 25
44 40 21
44 41 24
44 42 21
44 43 43
44 44 -1
44 45 42
44 46 43
44 47 32
44 48 22
44 49 10
44 50 23
44 51 4
44 52 40
44 53 39
44 54 32
44 55 34
44 56 52
44 57 41
44 58 26
44 59 25
44 60 39
45 1 53
45 2 48
45 3 47
45 4 11
45 5 55
45 6 62
45 7 26
45 8 21
45 9 35
45 10 32
45 11 26
45 12 32
45 13 35
45 14 15
45 15 5
45 16 12
45 17 22
45 18 31
45 19 11
45 20 34
45 21 18
45 22 33
45 23 27
45 24 29
45 25 23
45 26 35
45 27 13
45 28 31
45 29 12
45 30 16
45 31 24
45 32 39
45 33 45
45 34 50
45 35 45
45 36 45
45 37 33
45 38 21
45 39 24
45 40 55
45 41 37
45 42 51
45 43 31
45 44 42
45 45 -1
45 46 10
45 47 22
45 48 63
45 49 47
45 50 22
45 51 44
45 52 44
45 53 43
45 54 37
45 55 38
45 56 47
45 57 6
45 58 17
45 59 18
45 60 8
46 1 58
46 2 55
46 3 56
46 4 21
46 5 60
46 6 65
46 7 22
46 8 31
46 9 40
46 10 41
46 11 23
46 12 40
46 13 43
46 14 24
46 15 5
46 16 20
46 17 27
46 18 40
46 19 1
46 20 44
46 21 22
46 22 29
46 23 30
46 24 39
46 25 16
46 26 35
46 27 18
46 28 41
46 29 15
46 30 24
46 31 32
46 32 33
46 33 53
46 34 52
46 35 47
46 36 55
46 37 30
46 38 13
46 39 20
46 40 60
46 41 32
46 42 56
46 43 41
46 44 43
46 45 10
46 46 -1
46 47 16
46 48 65
46 49 50
46 50 28
46 51 44
46 52 52
46 53 51
46 54 31
46 55 46
46 56 57
46 57 4
46 58 17
46 59 23
46 60 4
47 1 54
47 2 53
47 3 61
47 4 32
47 5 56
47 6 56
47 7 8
47 8 40
47 9 36
47 10 45
47 11 10
47 12 42
47 13 44
47 14 30
47 15 17
47 16 34
47 17 24
47 18 44
47 19 15
47 20 49
47 21 21
47 22 14
47 23 24
47 24 47
47 25 2
47 26 23
47 27 34
47 28 48
47 29 31
47 30 29
47 31 33
47 32 17
47 33 52
47 34 42
47 35 37
47 36 59
47 37 15
47 38 5
47 39 7
47 40 52
47 41 16
47 42 51
47 43 47
47 44 32
47 45 22
47 46 16
47 47 -1
47 48 55
47 49 41
47 50 27
47 51 32
47 52 55
47 53 54
47 54 15
47 55 47
47 56 62
47 57 17
47 58 12
47 59 23
47 60 14
48 1 21
48 2 32
48 3 54
48 4 62
48 5 21
48 6 4
48 7 46
48 8 59
48 9 28
48 10 48
48 11 44
48 12 42
48 13 40
48 14 53
48 15 62
48 16 70
48 17 40
48 18 48
48 19 66
48 20 51
48 21 44
48 22 42
48 23 35
48 24 59
48 25 57
48 26 31
48 27 75
48 28 55
48 29 75
48 30 51
48 31 42
48 32 47
48 33 37
48 34 13
48 35 18
48 36 54
48 37 41
48 38 60
48 39 48
48 40 12
48 41 45
48 42 18
48 43 54
48 44 22
48 45 63
48 46 65
48 47 55
48 48 -1
48 49 15
48 50 41
48 51 23
48 52 45
48 53 45
48 54 53
48 55 41
48 56 58
48 57 63
48 58 48
48 59 45
48 60 61
49 1 16
49 2 23
49 3 44
49 4 46
49 5 18
49 6 14
49 7 33
49 8 44
49 9 13
49 10 35
49 11 31
49 12 29
49 13 28
49 14 38
49 15 46
49 16 55
49 17 24
49 18 35
49 19 51
49 20 39
49 21 29
49 22 31
49 23 20
49 24 46
49 25 43
49 26 19
49 27 60
49 28 42
49 29 60
49 30 36
49 31 27
49 32 36
49 33 27
49 34 7
49 35 6
49 36 43
49 37 30
49 38 46
49 39 34
49 40 11
49 41 34
49 42 12
49 43 41
49 44 10
49 45 47
49 46 50
49 47 41
49 48 15
49 49 -1
49 50 26
49 51 13
49 52 34
49 53 34
49 54 42
49 55 30
49 56 47
49 57 47
49 58 33
49 59 29
49 60 46
50 1 31
50 2 27
50 3 34
50 4 20
50 5 32
50 6 40
50 7 23
50 8 20
50 9 13
50 10 18
50 11 21
50 12 14
50 13 16
50 14 12
50 15 23
50 16 29
50 17 4
50 18 17
50 19 29
50 20 22
50 21 6
50 22 27
50 23 10
50 24 24
50 25 29
50 26 21
50 27 34
50 28 23
50 29 34
50 30 9
50 31 5
50 32 35
50 33 25
50 34 31
50 35 26
50 36 32
50 37 26
50 38 30
50 39 22
50 40 33
50 41 32
50 42 29
50 43 22
50 44 23
50 45 22
50 46 28
50 47 27
50 48 41
50 49 26
50 50 -1
50 51 27
50 52 27
50 53 26
50 54 37
50 55 20
50 56 36
50 57 24
50 58 15
50 59 5
50 60 24
51 1 29
51 2 35
51 3 53
51 4 46
51 5 31
51 6 25
51 7 23
51 8 47
51 9 20
51 10 41
51 11 21
51 12 35
51 13 35
51 14 39
51 15 41
51 16 54
51 17 23
51 18 41
51 19 44
51 20 46
51 21 26
51 22 19
51 23 17
51 24 51
51 25 34
51 26 9
51 27 57
51 28 48
51 29 56
51 30 36
51 31 31
51 32 24
51 33 38
51 34 10
51 35 6
51 36 52
51 37 18
51 38 37
51 39 25
51 40 24
51 41 22
51 42 25
51 43 47
51 44 4
51 45 44
51 46 44
51 47 32
51 48 23
51 49 13
51 50 27
51 51 -1
51 52 44
51 53 44
51 54 30
51 55 38
51 56 57
51 57 42
51 58 27
51 59 28
51 60 40
52 1 24
52 2 13
52 3 9
52 4 35
52 5 25
52 6 41
52 7 50
52 8 25
52 9 24
52 10 12
52 11 48
52 12 13
52 13 10
52 14 29
52 15 47
52 16 43
52 17 31
52 18 13
52 19 53
52 20 11
52 21 33
52 22 53
52 23 33
52 24 21
52 25 56
52 26 43
52 27 50
52 28 16
52 29 53
52 30 28
52 31 21
52 32 60
52 33 8
52 34 42
52 35 39
52 36 9
52 37 52
52 38 57
52 39 49
52 40 33
52 41 58
52 42 27
52 43 15
52 44 40
52 45 44
52 46 52
52 47 55
52 48 45
52 49 34
52 50 27
52 51 44
52 52 -1
52 53 1
52 54 64
52 55 7
52 56 13
52 57 48
52 58 42
52 59 31
52 60 49
53 1 24
53 2 13
53 3 9
53 4 34
53 5 25
53 6 41
53 7 49
53 8 25
53 9 24
53 10 11
53 11 47
53 12 12
53 13 10
53 14 28
53 15 46
53 16 42
53 17 30
53 18 12
53 19 52
53 20 10
53 21 32
53 22 52
53 23 33
53 24 20
53 25 55
53 26 42
53 27 49
53 28 15
53 29 52
53 30 27
53 31 21
53 32 60
53 33 8
53 34 41
53 35 39
53 36 9
53 37 51
53 38 56
53 39 49
53 40 33
53 41 57
53 42 27
53 43 14
53 44 39
53 45 43
53 46 51
53 47 54
53 48 45
53 49 34
53 50 26
53 51 44
53 52 1
53 53 -1
53 54 63
53 55 6
53 56 13
53 57 47
53 58 41
53 59 30
53 60 48
54 1 57
54 2 59
54 3 71
54 4 46
54 5 59
54 6 55
54 7 14
54 8 53
54 9 41
54 10 55
54 11 15
54 12 51
54 13 53
54 14 43
54 15 32
54 16 49
54 17 33
54 18 55
54 19 30
54 20 60
54 21 32
54 22 11
54 23 30
54 24 60
54 25 15
54 26 23
54 27 49
54 28 60
54 29 46
54 30 42
54 31 43
54 32 6
54 33 60
54 34 40
54 35 36
54 36 70
54 37 12
54 38 18
54 39 15
54 40 53
54 41 8
54 42 53
54 43 59
54 44 32
54 45 37
54 46 31
54 47 15
54 48 53
54 49 42
54 50 37
54 51 30
54 52 64
54 53 63
54 54 -1
54 55 56
54 56 73
54 57 32
54 58 24
54 59 34
54 60 29
55 1 22
55 2 12
55 3 15
55 4 30
55 5 23
55 6 38
55 7 43
55 8 21
55 9 18
55 10 7
55 11 41
55 12 6
55 13 3
55 14 23
55 15 41
55 16 39
55 17 23
55 18 8
55 19 47
55 20 9
55 21 26
55 22 45
55 23 26
55 24 19
55 25 49
55 26 36
55 27 45
55 28 14
55 29 48
55 30 22
55 31 14
55 32 53
55 33 8
55 34 37
55 35 33
55 36 14
55 37 45
55 38 50
55 39 42
55 40 30
55 41 50
55 42 24
55 43 13
55 44 34
55 45 38
55 46 46
55 47 47
55 48 41
55 49 30
55 50 20
55 51 38
55 52 7
55 53 6
55 54 56
55 55 -1
55 56 18
55 57 42
55 58 35
55 59 24
55 60 42
56 1 37
56 2 26
56 3 4
56 4 37
56 5 37
56 6 54
56 7 59
56 8 26
56 9 36
56 10 17
56 11 58
56 12 22
56 13 21
56 14 33
56 15 52
56 16 44
56 17 40
56 18 18
56 19 58
56 20 13
56 21 41
56 22 63
56 23 44
56 24 19
56 25 64
56 26 54
56 27 51
56 28 15
56 29 54
56 30 33
56 31 30
56 32 71
56 33 21
56 34 55
56 35 52
56 36 4
56 37 62
56 38 64
56 39 58
56 40 46
56 41 68
56 42 40
56 43 16
56 44 52
56 45 47
56 46 57
56 47 62
56 48 58
56 49 47
56 50 36
56 51 57
56 52 13
56 53 13
56 54 73
56 55 18
56 56 -1
56 57 53
56 58 50
56 59 39
56 60 54
57 1 55
57 2 51
57 3 52
57 4 17
57 5 57
57 6 62
57 7 22
57 8 27
57 9 37
57 10 37
57 11 22
57 12 36
57 13 39
57 14 19
57 15 1
57 16 17
57 17 23
57 18 36
57 19 5
57 20 40
57 21 19
57 22 29
57 23 27
57 24 35
57 25 17
57 26 33
57 27 17
57 28 37
57 29 14
57 30 20
57 31 28
57 32 34
57 33 49
57 34 50
57 35 44
57 36 50
57 37 29
57 38 14
57 39 19
57 40 56
57 41 32
57 42 53
57 43 37
57 44 41
57 45 6
57 46 4
57 47 17
57 48 63
57 49 47
57 50 24
57 51 42
57 52 48
57 53 47
57 54 32
57 55 42
57 56 53
57 57 -1
57 58 14
57 59 19
57 60 3
58 1 43
58 2 41
58 3 48
58 4 23
58 5 45
58 6 48
58 7 10
58 8 29
58 9 25
58 10 32
58 11 10
58 12 29
58 13 31
58 14 19
58 15 14
58 16 28
58 17 12
58 18 32
58 19 17
58 20 36
58 21 8
58 22 17
58 23 13
58 24 36
58 25 14
58 26 18
58 27 30
58 28 36
58 29 29
58 30 18
58 31 20
58 32 23
58 33 40
58 34 35
58 35 30
58 36 47
58 37 17
58 38 15
58 39 8
58 40 43
58 41 21
58 42 40
58 43 35
58 44 26
58 45 17
58 46 17
58 47 12
58 48 48
58 49 33
58 50 15
58 51 27
58 52 42
58 53 41
58 54 24
58 55 35
58 56 50
58 57 14
58 58 -1
58 59 10
58 60 12
59 1 35
59 2 32
59 3 38
59 4 18
59 5 37
59 6 44
59 7 20
59 8 20
59 9 17
59 10 22
59 11 18
59 12 18
59 13 21
59 14 11
59 15 18
59 16 26
59 17 5
59 18 21
59 19 24
59 20 26
59 21 2
59 22 25
59 23 10
59 24 26
59 25 25
59 26 21
59 27 30
59 28 25
59 29 30
59 30 9
59 31 9
59 32 32
59 33 30
59 34 33
59 35 28
59 36 36
59 37 24
59 38 25
59 39 19
59 40 37
59 41 29
59 42 34
59 43 25
59 44 25
59 45 18
59 46 23
59 47 23
59 48 45
59 49 29
59 50 5
59 51 28
59 52 31
59 53 30
59 54 34
59 55 24
59 56 39
59 57 19
59 58 10
59 59 -1
59 60 19
60 1 54
60 2 51
60 3 53
60 4 19
60 5 56
60 6 60
60 7 19
60 8 29
60 9 36
60 10 37
60 11 20
60 12 36
60 13 39
60 14 21
60 15 3
60 16 20
60 17 22
60 18 37
60 19 5
60 20 41
60 21 18
60 22 26
60 23 25
60 24 37
60 25 14
60 26 31
60 27 20
60 28 38
60 29 17
60 30 21
60 31 28
60 32 31
60 33 49
60 34 48
60 35 42
60 36 52
60 37 26
60 38 12
60 39 17
60 40 55
60 41 29
60 42 52
60 43 38
60 44 39
60 45 8
60 46 4
60 47 14
60 48 61
60 49 46
60 50 24
60 51 40
60 52 49
60 53 48
60 54 29
60 55 42
60 56 54
60 57 3
60 58 12
60 59 19
60 60 -1
