19 38
19 45
19 46
19 15
19 57
19 60
50 17
50 21
50 23
50 59
50 30
50 31
37 32
37 7
37 39
37 41
37 11
37 22
37 26
6 40
6 48
49 40
49 34
49 35
49 44
42 40
42 1
42 5
18 10
18 43
18 12
18 13
18 20
18 55
18 24
18 28
13 33
13 10
13 12
13 18
13 20
13 52
13 53
13 55
13 31
21 17
21 50
21 23
21 58
21 59
21 30
21 31
8 4
8 43
8 14
8 24
8 28
8 30
36 3
36 20
36 53
36 52
36 56
39 37
39 7
39 11
39 47
39 22
39 25
39 58
31 12
31 13
31 14
31 17
31 50
31 21
31 59
31 30
48 40
48 6
16 27
16 4
16 29
20 36
20 10
20 43
20 12
20 13
20 18
20 52
20 53
20 55
20 24
20 28
40 1
40 5
40 6
40 42
40 48
40 49
54 32
54 41
54 22
30 4
30 8
30 14
30 50
30 21
30 59
30 31
10 43
10 12
10 13
10 18
10 20
10 53
10 55
10 24
10 28
12 10
12 13
12 18
12 20
12 55
12 31
32 54
32 41
32 37
32 22
60 45
60 46
60 15
60 19
60 57
27 16
27 29
3 56
3 36
3 53
3 52
38 25
38 19
38 47
23 17
23 50
23 21
23 26
23 59
14 4
14 8
14 59
14 30
14 31
35 49
35 34
35 51
35 44
24 8
24 10
24 43
24 18
24 20
24 28
26 51
26 44
26 37
26 23
11 37
11 39
11 7
11 41
11 47
11 22
11 58
17 50
17 21
17 23
17 59
17 31
53 33
53 3
53 36
53 10
53 13
53 20
53 52
53 55
55 33
55 10
55 12
55 13
55 18
55 20
55 52
55 53
57 45
57 46
57 15
57 19
57 60
28 8
28 10
28 43
28 18
28 20
28 24
45 4
45 46
45 15
45 19
45 57
45 60
5 40
5 1
5 2
5 42
56 3
56 36
43 8
43 10
43 18
43 20
43 24
43 28
46 45
46 15
46 19
46 57
46 60
44 34
44 35
44 49
44 51
44 26
2 1
2 5
2 33
58 39
58 7
58 11
58 21
58 59
52 33
52 3
52 36
52 13
52 20
52 53
52 55
33 2
33 13
33 52
33 53
33 55
47 38
47 39
47 7
47 11
47 25
29 16
29 27
