1 1 -1
1 2 12
1 3 29
1 4 12
1 5 22
1 6 29
1 7 5
1 8 25
1 9 38
1 10 12
1 11 28
1 12 15
1 13 13
1 14 2
1 15 13
1 16 5
1 17 14
1 18 25
1 19 22
1 20 17
1 21 23
1 22 26
1 23 9
1 24 26
1 25 33
1 26 18
1 27 27
1 28 11
1 29 36
1 30 23
1 31 14
1 32 18
1 33 12
1 34 32
1 35 5
1 36 34
1 37 21
1 38 14
1 39 17
1 40 14
1 41 33
1 42 16
1 43 29
1 44 4
1 45 31
1 46 20
2 1 12
2 2 -1
2 3 41
2 4 3
2 5 34
2 6 37
2 7 17
2 8 24
2 9 47
2 10 19
2 11 38
2 12 26
2 13 12
2 14 10
2 15 23
2 16 9
2 17 20
2 18 36
2 19 29
2 20 26
2 21 28
2 22 25
2 23 14
2 24 34
2 25 43
2 26 20
2 27 39
2 28 16
2 29 47
2 30 25
2 31 17
2 32 28
2 33 16
2 34 43
2 35 8
2 36 46
2 37 33
2 38 14
2 39 26
2 40 4
2 41 44
2 42 20
2 43 41
2 44 15
2 45 43
2 46 32
3 1 29
3 2 41
3 3 -1
3 4 41
3 5 8
3 6 28
3 7 25
3 8 43
3 9 29
3 10 28
3 11 22
3 12 17
3 13 38
3 14 31
3 15 21
3 16 34
3 17 31
3 18 19
3 19 31
3 20 22
3 21 31
3 22 44
3 23 32
3 24 28
3 25 26
3 26 38
3 27 4
3 28 32
3 29 12
3 30 38
3 31 35
3 32 22
3 33 33
3 34 13
3 35 34
3 36 6
3 37 8
3 38 39
3 39 24
3 40 43
3 41 7
3 42 32
3 43 4
3 44 26
3 45 6
3 46 10
4 1 12
4 2 3
4 3 41
4 4 -1
4 5 34
4 6 39
4 7 16
4 8 21
4 9 48
4 10 17
4 11 39
4 12 25
4 13 9
4 14 10
4 15 22
4 16 10
4 17 22
4 18 37
4 19 31
4 20 25
4 21 26
4 22 22
4 23 16
4 24 36
4 25 44
4 26 22
4 27 39
4 28 18
4 29 46
4 30 22
4 31 19
4 32 29
4 33 13
4 34 42
4 35 7
4 36 45
4 37 33
4 38 17
4 39 27
4 40 7
4 41 43
4 42 18
4 43 41
4 44 15
4 45 43
4 46 31
5 1 22
5 2 34
5 3 8
5 4 34
5 5 -1
5 6 23
5 7 18
5 8 38
5 9 26
5 10 22
5 11 18
5 12 12
5 13 31
5 14 24
5 15 16
5 16 26
5 17 24
5 18 15
5 19 24
5 20 19
5 21 28
5 22 40
5 23 24
5 24 22
5 25 22
5 26 30
5 27 5
5 28 24
5 29 18
5 30 34
5 31 27
5 32 15
5 33 27
5 34 17
5 35 27
5 36 14
5 37 2
5 38 31
5 39 16
5 40 36
5 41 13
5 42 27
5 43 7
5 44 19
5 45 9
5 46 5
6 1 29
6 2 37
6 3 28
6 4 39
6 5 23
6 6 -1
6 7 29
6 8 53
6 9 10
6 10 37
6 11 5
6 12 31
6 13 42
6 14 31
6 15 33
6 16 28
6 17 17
6 18 8
6 19 9
6 20 38
6 21 47
6 22 54
6 23 22
6 24 3
6 25 7
6 26 21
6 27 23
6 28 21
6 29 40
6 30 50
6 31 20
6 32 10
6 33 40
6 34 40
6 35 34
6 36 34
6 37 25
6 38 25
6 39 12
6 40 36
6 41 35
6 42 42
6 43 24
6 44 29
6 45 23
6 46 28
7 1 5
7 2 17
7 3 25
7 4 16
7 5 18
7 6 29
7 7 -1
7 8 24
7 9 37
7 10 8
7 11 27
7 12 10
7 13 14
7 14 6
7 15 8
7 16 11
7 17 18
7 18 24
7 19 24
7 20 12
7 21 19
7 22 25
7 23 13
7 24 26
7 25 33
7 26 22
7 27 23
7 28 15
7 29 30
7 30 21
7 31 18
7 32 18
7 33 11
7 34 27
7 35 9
7 36 29
7 37 17
7 38 19
7 39 17
7 40 19
7 41 27
7 42 13
7 43 25
7 44 1
7 45 27
7 46 15
8 1 25
8 2 24
8 3 43
8 4 21
8 5 38
8 6 53
8 7 24
8 8 -1
8 9 61
8 10 16
8 11 51
8 12 26
8 13 12
8 14 22
8 15 22
8 16 28
8 17 39
8 18 48
8 19 47
8 20 20
8 21 14
8 22 1
8 23 33
8 24 50
8 25 57
8 26 41
8 27 43
8 28 35
8 29 43
8 30 6
8 31 38
8 32 42
8 33 12
8 34 38
8 35 21
8 36 44
8 37 37
8 38 36
8 39 41
8 40 28
8 41 42
8 42 11
8 43 45
8 44 24
8 45 47
8 46 34
9 1 38
9 2 47
9 3 29
9 4 48
9 5 26
9 6 10
9 7 37
9 8 61
9 9 -1
9 10 45
9 11 9
9 12 37
9 13 51
9 14 40
9 15 40
9 16 38
9 17 27
9 18 12
9 19 19
9 20 44
9 21 53
9 22 62
9 23 32
9 24 13
9 25 4
9 26 31
9 27 25
9 28 31
9 29 41
9 30 58
9 31 31
9 32 19
9 33 48
9 34 42
9 35 43
9 36 35
9 37 28
9 38 35
9 39 21
9 40 46
9 41 36
9 42 50
9 43 25
9 44 37
9 45 23
9 46 32
10 1 12
10 2 19
10 3 28
10 4 17
10 5 22
10 6 37
10 7 8
10 8 16
10 9 45
10 10 -1
10 11 35
10 12 11
10 13 10
10 14 10
10 15 7
10 16 17
10 17 26
10 18 32
10 19 32
10 20 8
10 21 11
10 22 17
10 23 21
10 24 35
10 25 41
10 26 30
10 27 27
10 28 23
10 29 30
10 30 13
10 31 26
10 32 26
10 33 5
10 34 26
10 35 11
10 36 31
10 37 21
10 38 26
10 39 25
10 40 22
10 41 29
10 42 5
10 43 29
10 44 9
10 45 31
10 46 18
11 1 28
11 2 38
11 3 22
11 4 39
11 5 18
11 6 5
11 7 27
11 8 51
11 9 9
11 10 35
11 11 -1
11 12 27
11 13 41
11 14 31
11 15 30
11 16 28
11 17 19
11 18 3
11 19 12
11 20 34
11 21 43
11 22 53
11 23 23
11 24 7
11 25 5
11 26 24
11 27 18
11 28 22
11 29 34
11 30 48
11 31 23
11 32 9
11 33 38
11 34 35
11 35 33
11 36 29
11 37 20
11 38 28
11 39 11
11 40 38
11 41 29
11 42 40
11 43 18
11 44 27
11 45 17
11 46 23
12 1 15
12 2 26
12 3 17
12 4 25
12 5 12
12 6 31
12 7 10
12 8 26
12 9 37
12 10 11
12 11 27
12 12 -1
12 13 21
12 14 16
12 15 4
12 16 21
12 17 25
12 18 24
12 19 29
12 20 7
12 21 16
12 22 28
12 23 21
12 24 29
12 25 33
12 26 30
12 27 16
12 28 23
12 29 21
12 30 22
12 31 26
12 32 21
12 33 16
12 34 17
12 35 18
12 36 20
12 37 10
12 38 28
12 39 21
12 40 29
12 41 18
12 42 15
12 43 18
12 44 11
12 45 21
12 46 7
13 1 13
13 2 12
13 3 38
13 4 9
13 5 31
13 6 42
13 7 14
13 8 12
13 9 51
13 10 10
13 11 41
13 12 21
13 13 -1
13 14 10
13 15 17
13 16 16
13 17 27
13 18 38
13 19 35
13 20 18
13 21 17
13 22 13
13 23 21
13 24 39
13 25 47
13 26 29
13 27 36
13 28 23
13 29 41
13 30 13
13 31 26
13 32 31
13 33 5
13 34 36
13 35 8
13 36 41
13 37 30
13 38 24
13 39 30
13 40 16
13 41 39
13 42 9
13 43 38
13 44 13
13 45 41
13 46 28
14 1 2
14 2 10
14 3 31
14 4 10
14 5 24
14 6 31
14 7 6
14 8 22
14 9 40
14 10 10
14 11 31
14 12 16
14 13 10
14 14 -1
14 15 13
14 16 7
14 17 17
14 18 28
14 19 25
14 20 17
14 21 21
14 22 23
14 23 11
14 24 29
14 25 36
14 26 20
14 27 29
14 28 13
14 29 37
14 30 21
14 31 16
14 32 21
14 33 10
14 34 33
14 35 3
14 36 35
14 37 23
14 38 16
14 39 19
14 40 13
14 41 34
14 42 14
14 43 31
14 44 5
14 45 33
14 46 21
15 1 13
15 2 23
15 3 21
15 4 22
15 5 16
15 6 33
15 7 8
15 8 22
15 9 40
15 10 7
15 11 30
15 12 4
15 13 17
15 14 13
15 15 -1
15 16 19
15 17 25
15 18 27
15 19 30
15 20 5
15 21 13
15 22 24
15 23 21
15 24 31
15 25 36
15 26 30
15 27 20
15 28 22
15 29 24
15 30 18
15 31 25
15 32 23
15 33 12
15 34 20
15 35 15
15 36 24
15 37 14
15 38 27
15 39 22
15 40 27
15 41 22
15 42 11
15 43 22
15 44 9
15 45 25
15 46 11
16 1 5
16 2 9
16 3 34
16 4 10
16 5 26
16 6 28
16 7 11
16 8 28
16 9 38
16 10 17
16 11 28
16 12 21
16 13 16
16 14 7
16 15 19
16 16 -1
16 17 12
16 18 26
16 19 20
16 20 23
16 21 28
16 22 29
16 23 5
16 24 25
16 25 34
16 26 13
16 27 31
16 28 7
16 29 41
16 30 28
16 31 9
16 32 18
16 33 17
16 34 38
16 35 7
16 36 39
16 37 26
16 38 9
16 39 17
16 40 10
16 41 38
16 42 21
16 43 32
16 44 10
16 45 34
16 46 25
17 1 14
17 2 20
17 3 31
17 4 22
17 5 24
17 6 17
17 7 18
17 8 39
17 9 27
17 10 26
17 11 19
17 12 25
17 13 27
17 14 17
17 15 25
17 16 12
17 17 -1
17 18 18
17 19 8
17 20 30
17 21 37
17 22 41
17 23 6
17 24 13
17 25 23
17 26 6
17 27 27
17 28 4
17 29 42
17 30 38
17 31 4
17 32 10
17 33 27
17 34 39
17 35 18
17 36 38
17 37 24
17 38 9
17 39 8
17 40 19
17 41 37
17 42 30
17 43 29
17 44 17
17 45 30
17 46 26
18 1 25
18 2 36
18 3 19
18 4 37
18 5 15
18 6 8
18 7 24
18 8 48
18 9 12
18 10 32
18 11 3
18 12 24
18 13 38
18 14 28
18 15 27
18 16 26
18 17 18
18 18 -1
18 19 13
18 20 31
18 21 40
18 22 50
18 23 22
18 24 8
18 25 8
18 26 23
18 27 15
18 28 21
18 29 32
18 30 45
18 31 22
18 32 8
18 33 36
18 34 32
18 35 31
18 36 26
18 37 17
18 38 27
18 39 10
18 40 36
18 41 26
18 42 37
18 43 16
18 44 25
18 45 15
18 46 20
19 1 22
19 2 29
19 3 31
19 4 31
19 5 24
19 6 9
19 7 24
19 8 47
19 9 19
19 10 32
19 11 12
19 12 29
19 13 35
19 14 25
19 15 30
19 16 20
19 17 8
19 18 13
19 19 -1
19 20 35
19 21 43
19 22 48
19 23 14
19 24 6
19 25 16
19 26 12
19 27 26
19 28 12
19 29 42
19 30 45
19 31 12
19 32 8
19 33 34
19 34 41
19 35 27
19 36 37
19 37 25
19 38 16
19 39 8
19 40 28
19 41 37
19 42 37
19 43 27
19 44 23
19 45 27
19 46 27
20 1 17
20 2 26
20 3 22
20 4 25
20 5 19
20 6 38
20 7 12
20 8 20
20 9 44
20 10 8
20 11 34
20 12 7
20 13 18
20 14 17
20 15 5
20 16 23
20 17 30
20 18 31
20 19 35
20 20 -1
20 21 9
20 22 22
20 23 25
20 24 36
20 25 40
20 26 34
20 27 23
20 28 27
20 29 23
20 30 15
20 31 30
20 32 27
20 33 12
20 34 18
20 35 19
20 36 24
20 37 17
20 38 32
20 39 27
20 40 30
20 41 22
20 42 10
20 43 24
20 44 13
20 45 27
20 46 13
21 1 23
21 2 28
21 3 31
21 4 26
21 5 28
21 6 47
21 7 19
21 8 14
21 9 53
21 10 11
21 11 43
21 12 16
21 13 17
21 14 21
21 15 13
21 16 28
21 17 37
21 18 40
21 19 43
21 20 9
21 21 -1
21 22 15
21 23 32
21 24 44
21 25 49
21 26 41
21 27 32
21 28 34
21 29 29
21 30 8
21 31 37
21 32 36
21 33 12
21 34 24
21 35 22
21 36 31
21 37 26
21 38 37
21 39 35
21 40 32
21 41 29
21 42 8
21 43 33
21 44 20
21 45 36
21 46 22
22 1 26
22 2 25
22 3 44
22 4 22
22 5 40
22 6 54
22 7 25
22 8 1
22 9 62
22 10 17
22 11 53
22 12 28
22 13 13
22 14 23
22 15 24
22 16 29
22 17 41
22 18 50
22 19 48
22 20 22
22 21 15
22 22 -1
22 23 34
22 24 52
22 25 58
22 26 43
22 27 44
22 28 37
22 29 44
22 30 7
22 31 39
22 32 44
22 33 14
22 34 39
22 35 22
22 36 46
22 37 38
22 38 38
22 39 42
22 40 29
22 41 43
22 42 13
22 43 46
22 44 25
22 45 49
22 46 35
23 1 9
23 2 14
23 3 32
23 4 16
23 5 24
23 6 22
23 7 13
23 8 33
23 9 32
23 10 21
23 11 23
23 12 21
23 13 21
23 14 11
23 15 21
23 16 5
23 17 6
23 18 22
23 19 14
23 20 25
23 21 32
23 22 34
23 23 -1
23 24 19
23 25 28
23 26 9
23 27 28
23 28 2
23 29 41
23 30 32
23 31 5
23 32 14
23 33 21
23 34 38
23 35 12
23 36 38
23 37 24
23 38 7
23 39 12
23 40 14
23 41 37
23 42 25
23 43 30
23 44 12
23 45 31
23 46 24
24 1 26
24 2 34
24 3 28
24 4 36
24 5 22
24 6 3
24 7 26
24 8 50
24 9 13
24 10 35
24 11 7
24 12 29
24 13 39
24 14 29
24 15 31
24 16 25
24 17 13
24 18 8
24 19 6
24 20 36
24 21 44
24 22 52
24 23 19
24 24 -1
24 25 10
24 26 18
24 27 23
24 28 17
24 29 40
24 30 48
24 31 17
24 32 8
24 33 38
24 34 39
24 35 31
24 36 34
24 37 24
24 38 22
24 39 9
24 40 33
24 41 35
24 42 40
24 43 24
24 44 26
24 45 23
24 46 27
25 1 33
25 2 43
25 3 26
25 4 44
25 5 22
25 6 7
25 7 33
25 8 57
25 9 4
25 10 41
25 11 5
25 12 33
25 13 47
25 14 36
25 15 36
25 16 34
25 17 23
25 18 8
25 19 16
25 20 40
25 21 49
25 22 58
25 23 28
25 24 10
25 25 -1
25 26 28
25 27 22
25 28 27
25 29 38
25 30 54
25 31 27
25 32 15
25 33 44
25 34 39
25 35 39
25 36 32
25 37 25
25 38 32
25 39 17
25 40 43
25 41 33
25 42 46
25 43 22
25 44 33
25 45 20
25 46 28
26 1 18
26 2 20
26 3 38
26 4 22
26 5 30
26 6 21
26 7 22
26 8 41
26 9 31
26 10 30
26 11 24
26 12 30
26 13 29
26 14 20
26 15 30
26 16 13
26 17 6
26 18 23
26 19 12
26 20 34
26 21 41
26 22 43
26 23 9
26 24 18
26 25 28
26 26 -1
26 27 34
26 28 7
26 29 48
26 30 41
26 31 4
26 32 16
26 33 30
26 34 46
26 35 20
26 36 44
26 37 31
26 38 5
26 39 14
26 40 17
26 41 43
26 42 34
26 43 35
26 44 21
26 45 36
26 46 32
27 1 27
27 2 39
27 3 4
27 4 39
27 5 5
27 6 23
27 7 23
27 8 43
27 9 25
27 10 27
27 11 18
27 12 16
27 13 36
27 14 29
27 15 20
27 16 31
27 17 27
27 18 15
27 19 26
27 20 23
27 21 32
27 22 44
27 23 28
27 24 23
27 25 22
27 26 34
27 27 -1
27 28 28
27 29 16
27 30 38
27 31 31
27 32 18
27 33 32
27 34 17
27 35 32
27 36 11
27 37 6
27 38 35
27 39 19
27 40 41
27 41 11
27 42 31
27 43 2
27 44 24
27 45 4
27 46 9
28 1 11
28 2 16
28 3 32
28 4 18
28 5 24
28 6 21
28 7 15
28 8 35
28 9 31
28 10 23
28 11 22
28 12 23
28 13 23
28 14 13
28 15 22
28 16 7
28 17 4
28 18 21
28 19 12
28 20 27
28 21 34
28 22 37
28 23 2
28 24 17
28 25 27
28 26 7
28 27 28
28 28 -1
28 29 41
28 30 34
28 31 3
28 32 13
28 33 23
28 34 39
28 35 14
28 36 38
28 37 24
28 38 6
28 39 11
28 40 15
28 41 37
28 42 27
28 43 30
28 44 14
28 45 31
28 46 25
29 1 36
29 2 47
29 3 12
29 4 46
29 5 18
29 6 40
29 7 30
29 8 43
29 9 41
29 10 30
29 11 34
29 12 21
29 13 41
29 14 37
29 15 24
29 16 41
29 17 42
29 18 32
29 19 42
29 20 23
29 21 29
29 22 44
29 23 41
29 24 40
29 25 38
29 26 48
29 27 16
29 28 41
29 29 -1
29 30 37
29 31 44
29 32 34
29 33 35
29 34 5
29 35 39
29 36 6
29 37 17
29 38 48
29 39 34
29 40 50
29 41 5
29 42 33
29 43 16
29 44 32
29 45 18
29 46 16
30 1 23
30 2 25
30 3 38
30 4 22
30 5 34
30 6 50
30 7 21
30 8 6
30 9 58
30 10 13
30 11 48
30 12 22
30 13 13
30 14 21
30 15 18
30 16 28
30 17 38
30 18 45
30 19 45
30 20 15
30 21 8
30 22 7
30 23 32
30 24 48
30 25 54
30 26 41
30 27 38
30 28 34
30 29 37
30 30 -1
30 31 37
30 32 39
30 33 11
30 34 32
30 35 21
30 36 39
30 37 32
30 38 37
30 39 38
30 40 29
30 41 37
30 42 8
30 43 40
30 44 21
30 45 43
30 46 29
31 1 14
31 2 17
31 3 35
31 4 19
31 5 27
31 6 20
31 7 18
31 8 38
31 9 31
31 10 26
31 11 23
31 12 26
31 13 26
31 14 16
31 15 25
31 16 9
31 17 4
31 18 22
31 19 12
31 20 30
31 21 37
31 22 39
31 23 5
31 24 17
31 25 27
31 26 4
31 27 31
31 28 3
31 29 44
31 30 37
31 31 -1
31 32 14
31 33 26
31 34 42
31 35 17
31 36 41
31 37 27
31 38 5
31 39 12
31 40 16
31 41 40
31 42 30
31 43 32
31 44 17
31 45 33
31 46 28
32 1 18
32 2 28
32 3 22
32 4 29
32 5 15
32 6 10
32 7 18
32 8 42
32 9 19
32 10 26
32 11 9
32 12 21
32 13 31
32 14 21
32 15 23
32 16 18
32 17 10
32 18 8
32 19 8
32 20 27
32 21 36
32 22 44
32 23 14
32 24 8
32 25 15
32 26 16
32 27 18
32 28 13
32 29 34
32 30 39
32 31 14
32 32 -1
32 33 29
32 34 32
32 35 23
32 36 29
32 37 17
32 38 19
32 39 2
32 40 28
32 41 29
32 42 31
32 43 19
32 44 18
32 45 20
32 46 19
33 1 12
33 2 16
33 3 33
33 4 13
33 5 27
33 6 40
33 7 11
33 8 12
33 9 48
33 10 5
33 11 38
33 12 16
33 13 5
33 14 10
33 15 12
33 16 17
33 17 27
33 18 36
33 19 34
33 20 12
33 21 12
33 22 14
33 23 21
33 24 38
33 25 44
33 26 30
33 27 32
33 28 23
33 29 35
33 30 11
33 31 26
33 32 29
33 33 -1
33 34 31
33 35 10
33 36 36
33 37 25
33 38 26
33 39 28
33 40 20
33 41 34
33 42 4
33 43 34
33 44 11
33 45 36
33 46 23
34 1 32
34 2 43
34 3 13
34 4 42
34 5 17
34 6 40
34 7 27
34 8 38
34 9 42
34 10 26
34 11 35
34 12 17
34 13 36
34 14 33
34 15 20
34 16 38
34 17 39
34 18 32
34 19 41
34 20 18
34 21 24
34 22 39
34 23 38
34 24 39
34 25 39
34 26 46
34 27 17
34 28 39
34 29 5
34 30 32
34 31 42
34 32 32
34 33 31
34 34 -1
34 35 35
34 36 9
34 37 15
34 38 45
34 39 33
34 40 46
34 41 7
34 42 28
34 43 17
34 44 28
34 45 19
34 46 13
35 1 5
35 2 8
35 3 34
35 4 7
35 5 27
35 6 34
35 7 9
35 8 21
35 9 43
35 10 11
35 11 33
35 12 18
35 13 8
35 14 3
35 15 15
35 16 7
35 17 18
35 18 31
35 19 27
35 20 19
35 21 22
35 22 22
35 23 12
35 24 31
35 25 39
35 26 20
35 27 32
35 28 14
35 29 39
35 30 21
35 31 17
35 32 23
35 33 10
35 34 35
35 35 -1
35 36 38
35 37 26
35 38 16
35 39 22
35 40 11
35 41 37
35 42 14
35 43 34
35 44 8
35 45 36
35 46 24
36 1 34
36 2 46
36 3 6
36 4 45
36 5 14
36 6 34
36 7 29
36 8 44
36 9 35
36 10 31
36 11 29
36 12 20
36 13 41
36 14 35
36 15 24
36 16 39
36 17 38
36 18 26
36 19 37
36 20 24
36 21 31
36 22 46
36 23 38
36 24 34
36 25 32
36 26 44
36 27 11
36 28 38
36 29 6
36 30 39
36 31 41
36 32 29
36 33 36
36 34 9
36 35 38
36 36 -1
36 37 13
36 38 45
36 39 30
36 40 48
36 41 2
36 42 34
36 43 10
36 44 30
36 45 12
36 46 13
37 1 21
37 2 33
37 3 8
37 4 33
37 5 2
37 6 25
37 7 17
37 8 37
37 9 28
37 10 21
37 11 20
37 12 10
37 13 30
37 14 23
37 15 14
37 16 26
37 17 24
37 18 17
37 19 25
37 20 17
37 21 26
37 22 38
37 23 24
37 24 24
37 25 25
37 26 31
37 27 6
37 28 24
37 29 17
37 30 32
37 31 27
37 32 17
37 33 25
37 34 15
37 35 26
37 36 13
37 37 -1
37 38 31
37 39 17
37 40 35
37 41 12
37 42 25
37 43 8
37 44 18
37 45 10
37 46 3
38 1 14
38 2 14
38 3 39
38 4 17
38 5 31
38 6 25
38 7 19
38 8 36
38 9 35
38 10 26
38 11 28
38 12 28
38 13 24
38 14 16
38 15 27
38 16 9
38 17 9
38 18 27
38 19 16
38 20 32
38 21 37
38 22 38
38 23 7
38 24 22
38 25 32
38 26 5
38 27 35
38 28 6
38 29 48
38 30 37
38 31 5
38 32 19
38 33 26
38 34 45
38 35 16
38 36 45
38 37 31
38 38 -1
38 39 17
38 40 12
38 41 44
38 42 30
38 43 37
38 44 18
38 45 38
38 46 31
39 1 17
39 2 26
39 3 24
39 4 27
39 5 16
39 6 12
39 7 17
39 8 41
39 9 21
39 10 25
39 11 11
39 12 21
39 13 30
39 14 19
39 15 22
39 16 17
39 17 8
39 18 10
39 19 8
39 20 27
39 21 35
39 22 42
39 23 12
39 24 9
39 25 17
39 26 14
39 27 19
39 28 11
39 29 34
39 30 38
39 31 12
39 32 2
39 33 28
39 34 33
39 35 22
39 36 30
39 37 17
39 38 17
39 39 -1
39 40 26
39 41 30
39 42 30
39 43 21
39 44 17
39 45 21
39 46 19
40 1 14
40 2 4
40 3 43
40 4 7
40 5 36
40 6 36
40 7 19
40 8 28
40 9 46
40 10 22
40 11 38
40 12 29
40 13 16
40 14 13
40 15 27
40 16 10
40 17 19
40 18 36
40 19 28
40 20 30
40 21 32
40 22 29
40 23 14
40 24 33
40 25 43
40 26 17
40 27 41
40 28 15
40 29 50
40 30 29
40 31 16
40 32 28
40 33 20
40 34 46
40 35 11
40 36 48
40 37 35
40 38 12
40 39 26
40 40 -1
40 41 47
40 42 24
40 43 42
40 44 18
40 45 44
40 46 34
41 1 33
41 2 44
41 3 7
41 4 43
41 5 13
41 6 35
41 7 27
41 8 42
41 9 36
41 10 29
41 11 29
41 12 18
41 13 39
41 14 34
41 15 22
41 16 38
41 17 37
41 18 26
41 19 37
41 20 22
41 21 29
41 22 43
41 23 37
41 24 35
41 25 33
41 26 43
41 27 11
41 28 37
41 29 5
41 30 37
41 31 40
41 32 29
41 33 34
41 34 7
41 35 37
41 36 2
41 37 12
41 38 44
41 39 30
41 40 47
41 41 -1
41 42 32
41 43 11
41 44 29
41 45 13
41 46 12
42 1 16
42 2 20
42 3 32
42 4 18
42 5 27
42 6 42
42 7 13
42 8 11
42 9 50
42 10 5
42 11 40
42 12 15
42 13 9
42 14 14
42 15 11
42 16 21
42 17 30
42 18 37
42 19 37
42 20 10
42 21 8
42 22 13
42 23 25
42 24 40
42 25 46
42 26 34
42 27 31
42 28 27
42 29 33
42 30 8
42 31 30
42 32 31
42 33 4
42 34 28
42 35 14
42 36 34
42 37 25
42 38 30
42 39 30
42 40 24
42 41 32
42 42 -1
42 43 33
42 44 13
42 45 36
42 46 22
43 1 29
43 2 41
43 3 4
43 4 41
43 5 7
43 6 24
43 7 25
43 8 45
43 9 25
43 10 29
43 11 18
43 12 18
43 13 38
43 14 31
43 15 22
43 16 32
43 17 29
43 18 16
43 19 27
43 20 24
43 21 33
43 22 46
43 23 30
43 24 24
43 25 22
43 26 35
43 27 2
43 28 30
43 29 16
43 30 40
43 31 32
43 32 19
43 33 34
43 34 17
43 35 34
43 36 10
43 37 8
43 38 37
43 39 21
43 40 42
43 41 11
43 42 33
43 43 -1
43 44 26
43 45 2
43 46 11
44 1 4
44 2 15
44 3 26
44 4 15
44 5 19
44 6 29
44 7 1
44 8 24
44 9 37
44 10 9
44 11 27
44 12 11
44 13 13
44 14 5
44 15 9
44 16 10
44 17 17
44 18 25
44 19 23
44 20 13
44 21 20
44 22 25
44 23 12
44 24 26
44 25 33
44 26 21
44 27 24
44 28 14
44 29 32
44 30 21
44 31 17
44 32 18
44 33 11
44 34 28
44 35 8
44 36 30
44 37 18
44 38 18
44 39 17
44 40 18
44 41 29
44 42 13
44 43 26
44 44 -1
44 45 28
44 46 16
45 1 31
45 2 43
45 3 6
45 4 43
45 5 9
45 6 23
45 7 27
45 8 47
45 9 23
45 10 31
45 11 17
45 12 21
45 13 41
45 14 33
45 15 25
45 16 34
45 17 30
45 18 15
45 19 27
45 20 27
45 21 36
45 22 49
45 23 31
45 24 23
45 25 20
45 26 36
45 27 4
45 28 31
45 29 18
45 30 43
45 31 33
45 32 20
45 33 36
45 34 19
45 35 36
45 36 12
45 37 10
45 38 38
45 39 21
45 40 44
45 41 13
45 42 36
45 43 2
45 44 28
45 45 -1
45 46 13
46 1 20
46 2 32
46 3 10
46 4 31
46 5 5
46 6 28
46 7 15
46 8 34
46 9 32
46 10 18
46 11 23
46 12 7
46 13 28
46 14 21
46 15 11
46 16 25
46 17 26
46 18 20
46 19 27
46 20 13
46 21 22
46 22 35
46 23 24
46 24 27
46 25 28
46 26 32
46 27 9
46 28 25
46 29 16
46 30 29
46 31 28
46 32 19
46 33 23
46 34 13
46 35 24
46 36 13
46 37 3
46 38 31
46 39 19
46 40 34
46 41 12
46 42 22
46 43 11
46 44 16
46 45 13
46 46 -1
