1 1 -1
1 2 27
1 3 10
1 4 8
1 5 18
1 6 7
1 7 25
1 8 21
1 9 22
1 10 3
1 11 21
1 12 37
1 13 20
1 14 29
1 15 7
1 16 8
1 17 13
1 18 33
1 19 5
1 20 14
1 21 25
1 22 18
1 23 26
1 24 21
1 25 31
1 26 2
1 27 25
1 28 23
1 29 17
1 30 27
1 31 14
1 32 9
1 33 29
1 34 28
1 35 20
1 36 18
1 37 12
1 38 31
1 39 9
1 40 17
2 1 27
2 2 -1
2 3 24
2 4 35
2 5 21
2 6 26
2 7 13
2 8 33
2 9 5
2 10 24
2 11 9
2 12 30
2 13 25
2 14 23
2 15 27
2 16 25
2 17 28
2 18 27
2 19 22
2 20 14
2 21 19
2 22 22
2 23 7
2 24 37
2 25 30
2 26 25
2 27 22
2 28 43
2 29 32
2 30 36
2 31 14
2 32 33
2 33 3
2 34 10
2 35 10
2 36 14
2 37 17
2 38 8
2 39 22
2 40 24
3 1 10
3 2 24
3 3 -1
3 4 15
3 5 24
3 6 17
3 7 27
3 8 31
3 9 20
3 10 8
3 11 16
3 12 43
3 13 27
3 14 34
3 15 17
3 16 17
3 17 5
3 18 38
3 19 7
3 20 9
3 21 29
3 22 25
3 23 26
3 24 31
3 25 38
3 26 10
3 27 31
3 28 34
3 29 27
3 30 37
3 31 16
3 32 20
3 33 25
3 34 21
3 35 21
3 36 22
3 37 16
3 38 25
3 39 17
3 40 24
4 1 8
4 2 35
4 3 15
4 4 -1
4 5 25
4 6 13
4 7 32
4 8 25
4 9 30
4 10 11
4 11 29
4 12 44
4 13 26
4 14 35
4 15 12
4 16 14
4 17 14
4 18 39
4 19 13
4 20 21
4 21 32
4 22 25
4 23 34
4 24 22
4 25 36
4 26 10
4 27 32
4 28 23
4 29 20
4 30 31
4 31 22
4 32 9
4 33 37
4 34 35
4 35 28
4 36 26
4 37 19
4 38 38
4 39 17
4 40 23
5 1 18
5 2 21
5 3 24
5 4 25
5 5 -1
5 6 11
5 7 10
5 8 12
5 9 16
5 10 18
5 11 23
5 12 19
5 13 4
5 14 10
5 15 13
5 16 10
5 17 29
5 18 14
5 19 17
5 20 19
5 21 7
5 22 1
5 23 15
5 24 17
5 25 13
5 26 17
5 27 7
5 28 22
5 29 12
5 30 15
5 31 10
5 32 18
5 33 24
5 34 28
5 35 10
5 36 6
5 37 8
5 38 28
5 39 8
5 40 3
6 1 7
6 2 26
6 3 17
6 4 13
6 5 11
6 6 -1
6 7 20
6 8 14
6 9 20
6 10 9
6 11 23
6 12 30
6 13 12
6 14 22
6 15 2
6 16 1
6 17 20
6 18 26
6 19 10
6 20 16
6 21 18
6 22 11
6 23 23
6 24 14
6 25 23
6 26 7
6 27 18
6 28 18
6 29 10
6 30 20
6 31 11
6 32 8
6 33 29
6 34 29
6 35 17
6 36 14
6 37 8
6 38 31
6 39 4
6 40 9
7 1 25
7 2 13
7 3 27
7 4 32
7 5 10
7 6 20
7 7 -1
7 8 21
7 9 11
7 10 23
7 11 19
7 12 17
7 13 13
7 14 10
7 15 22
7 16 19
7 17 32
7 18 14
7 19 22
7 20 18
7 21 5
7 22 11
7 23 6
7 24 27
7 25 17
7 26 23
7 27 9
7 28 33
7 29 23
7 30 23
7 31 11
7 32 28
7 33 17
7 34 23
7 35 5
7 36 6
7 37 13
7 38 21
7 39 16
7 40 13
8 1 21
8 2 33
8 3 31
8 4 25
8 5 12
8 6 14
8 7 21
8 8 -1
8 9 28
8 10 23
8 11 34
8 12 22
8 13 8
8 14 17
8 15 14
8 16 14
8 17 34
8 18 19
8 19 24
8 20 28
8 21 17
8 22 10
8 23 27
8 24 6
8 25 13
8 26 21
8 27 14
8 28 12
8 29 5
8 30 6
8 31 20
8 32 15
8 33 36
8 34 39
8 35 22
8 36 18
8 37 17
8 38 40
8 39 14
8 40 9
9 1 22
9 2 5
9 3 20
9 4 30
9 5 16
9 6 20
9 7 11
9 8 28
9 9 -1
9 10 19
9 11 8
9 12 28
9 13 21
9 14 21
9 15 22
9 16 19
9 17 25
9 18 25
9 19 17
9 20 10
9 21 16
9 22 18
9 23 6
9 24 32
9 25 27
9 26 20
9 27 19
9 28 37
9 29 27
9 30 31
9 31 8
9 32 28
9 33 8
9 34 12
9 35 6
9 36 10
9 37 12
9 38 12
9 39 17
9 40 19
10 1 3
10 2 24
10 3 8
10 4 11
10 5 18
10 6 9
10 7 23
10 8 23
10 9 19
10 10 -1
10 11 18
10 12 37
10 13 20
10 14 28
10 15 9
10 16 9
10 17 11
10 18 32
10 19 2
10 20 10
10 21 24
10 22 18
10 23 23
10 24 23
10 25 31
10 26 2
10 27 25
10 28 26
10 29 19
10 30 29
10 31 12
10 32 12
10 33 26
10 34 24
10 35 18
10 36 17
10 37 10
10 38 27
10 39 9
10 40 17
11 1 21
11 2 9
11 3 16
11 4 29
11 5 23
11 6 23
11 7 19
11 8 34
11 9 8
11 10 18
11 11 -1
11 12 36
11 13 27
11 14 29
11 15 24
11 16 22
11 17 20
11 18 33
11 19 16
11 20 7
11 21 24
11 22 24
11 23 14
11 24 37
11 25 35
11 26 20
11 27 27
11 28 41
11 29 32
11 30 38
11 31 13
11 32 30
11 33 9
11 34 6
11 35 14
11 36 17
11 37 16
11 38 9
11 39 20
11 40 25
12 1 37
12 2 30
12 3 43
12 4 44
12 5 19
12 6 30
12 7 17
12 8 22
12 9 28
12 10 37
12 11 36
12 12 -1
12 13 18
12 14 8
12 15 32
12 16 29
12 17 47
12 18 4
12 19 36
12 20 35
12 21 13
12 22 19
12 23 23
12 24 28
12 25 9
12 26 36
12 27 12
12 28 34
12 29 26
12 30 19
12 31 26
12 32 36
12 33 33
12 34 40
12 35 22
12 36 21
12 37 26
12 38 38
12 39 27
12 40 20
13 1 20
13 2 25
13 3 27
13 4 26
13 5 4
13 6 12
13 7 13
13 8 8
13 9 21
13 10 20
13 11 27
13 12 18
13 13 -1
13 14 10
13 15 14
13 16 12
13 17 31
13 18 13
13 19 20
13 20 23
13 21 9
13 22 3
13 23 19
13 24 13
13 25 10
13 26 19
13 27 7
13 28 19
13 29 10
13 30 10
13 31 14
13 32 18
13 33 29
13 34 33
13 35 15
13 36 10
13 37 12
13 38 33
13 39 10
13 40 3
14 1 29
14 2 23
14 3 34
14 4 35
14 5 10
14 6 22
14 7 10
14 8 17
14 9 21
14 10 28
14 11 29
14 12 8
14 13 10
14 14 -1
14 15 23
14 16 21
14 17 39
14 18 4
14 19 28
14 20 27
14 21 5
14 22 10
14 23 16
14 24 23
14 25 7
14 26 27
14 27 3
14 28 29
14 29 20
14 30 15
14 31 18
14 32 28
14 33 27
14 34 33
14 35 15
14 36 12
14 37 18
14 38 32
14 39 19
14 40 12
15 1 7
15 2 27
15 3 17
15 4 12
15 5 13
15 6 2
15 7 22
15 8 14
15 9 22
15 10 9
15 11 24
15 12 32
15 13 14
15 14 23
15 15 -1
15 16 3
15 17 20
15 18 27
15 19 10
15 20 17
15 21 20
15 22 13
15 23 25
15 24 14
15 25 24
15 26 7
15 27 20
15 28 17
15 29 10
15 30 20
15 31 13
15 32 6
15 33 30
15 34 31
15 35 19
15 36 16
15 37 10
15 38 33
15 39 6
15 40 11
16 1 8
16 2 25
16 3 17
16 4 14
16 5 10
16 6 1
16 7 19
16 8 14
16 9 19
16 10 9
16 11 22
16 12 29
16 13 12
16 14 21
16 15 3
16 16 -1
16 17 20
16 18 25
16 19 10
16 20 15
16 21 17
16 22 10
16 23 22
16 24 15
16 25 23
16 26 7
16 27 17
16 28 19
16 29 10
16 30 20
16 31 10
16 32 9
16 33 28
16 34 29
16 35 16
16 36 13
16 37 7
16 38 30
16 39 3
16 40 9
17 1 13
17 2 28
17 3 5
17 4 14
17 5 29
17 6 20
17 7 32
17 8 34
17 9 25
17 10 11
17 11 20
17 12 47
17 13 31
17 14 39
17 15 20
17 16 20
17 17 -1
17 18 43
17 19 11
17 20 14
17 21 34
17 22 29
17 23 31
17 24 34
17 25 42
17 26 13
17 27 35
17 28 35
17 29 30
17 30 40
17 31 21
17 32 21
17 33 29
17 34 25
17 35 26
17 36 27
17 37 21
17 38 29
17 39 21
17 40 28
18 1 33
18 2 27
18 3 38
18 4 39
18 5 14
18 6 26
18 7 14
18 8 19
18 9 25
18 10 32
18 11 33
18 12 4
18 13 13
18 14 4
18 15 27
18 16 25
18 17 43
18 18 -1
18 19 32
18 20 31
18 21 9
18 22 14
18 23 20
18 24 25
18 25 6
18 26 31
18 27 7
18 28 31
18 29 23
18 30 16
18 31 22
18 32 32
18 33 30
18 34 37
18 35 19
18 36 17
18 37 22
18 38 35
18 39 23
18 40 16
19 1 5
19 2 22
19 3 7
19 4 13
19 5 17
19 6 10
19 7 22
19 8 24
19 9 17
19 10 2
19 11 16
19 12 36
19 13 20
19 14 28
19 15 10
19 16 10
19 17 11
19 18 32
19 19 -1
19 20 8
19 21 23
19 22 18
19 23 22
19 24 25
19 25 31
19 26 4
19 27 24
19 28 28
19 29 20
19 30 30
19 31 10
19 32 14
19 33 24
19 34 22
19 35 17
19 36 16
19 37 10
19 38 25
19 39 10
19 40 17
20 1 14
20 2 14
20 3 9
20 4 21
20 5 19
20 6 16
20 7 18
20 8 28
20 9 10
20 10 10
20 11 7
20 12 35
20 13 23
20 14 27
20 15 17
20 16 15
20 17 14
20 18 31
20 19 8
20 20 -1
20 21 22
20 22 20
20 23 16
20 24 30
20 25 32
20 26 12
20 27 24
20 28 35
20 29 25
20 30 33
20 31 9
20 32 22
20 33 16
20 34 13
20 35 13
20 36 14
20 37 11
20 38 16
20 39 14
20 40 20
21 1 25
21 2 19
21 3 29
21 4 32
21 5 7
21 6 18
21 7 5
21 8 17
21 9 16
21 10 24
21 11 24
21 12 13
21 13 9
21 14 5
21 15 20
21 16 17
21 17 34
21 18 9
21 19 23
21 20 22
21 21 -1
21 22 8
21 23 12
21 24 22
21 25 11
21 26 23
21 27 3
21 28 28
21 29 19
21 30 17
21 31 13
21 32 25
21 33 22
21 34 28
21 35 10
21 36 7
21 37 13
21 38 27
21 39 15
21 40 10
22 1 18
22 2 22
22 3 25
22 4 25
22 5 1
22 6 11
22 7 11
22 8 10
22 9 18
22 10 18
22 11 24
22 12 19
22 13 3
22 14 10
22 15 13
22 16 10
22 17 29
22 18 14
22 19 18
22 20 20
22 21 8
22 22 -1
22 23 17
22 24 15
22 25 13
22 26 17
22 27 7
22 28 21
22 29 11
22 30 13
22 31 11
22 32 18
22 33 26
22 34 29
22 35 12
22 36 7
22 37 9
22 38 30
22 39 8
22 40 2
23 1 26
23 2 7
23 3 26
23 4 34
23 5 15
23 6 23
23 7 6
23 8 27
23 9 6
23 10 23
23 11 14
23 12 23
23 13 19
23 14 16
23 15 25
23 16 22
23 17 31
23 18 20
23 19 22
23 20 16
23 21 12
23 22 17
23 23 -1
23 24 32
23 25 23
23 26 24
23 27 16
23 28 38
23 29 28
23 30 29
23 31 12
23 32 31
23 33 10
23 34 17
23 35 6
23 36 9
23 37 15
23 38 15
23 39 19
23 40 18
24 1 21
24 2 37
24 3 31
24 4 22
24 5 17
24 6 14
24 7 27
24 8 6
24 9 32
24 10 23
24 11 37
24 12 28
24 13 13
24 14 23
24 15 14
24 16 15
24 17 34
24 18 25
24 19 25
24 20 30
24 21 22
24 22 15
24 23 32
24 24 -1
24 25 19
24 26 21
24 27 20
24 28 6
24 29 5
24 30 10
24 31 24
24 32 13
24 33 41
24 34 43
24 35 27
24 36 23
24 37 20
24 38 44
24 39 16
24 40 13
25 1 31
25 2 30
25 3 38
25 4 36
25 5 13
25 6 23
25 7 17
25 8 13
25 9 27
25 10 31
25 11 35
25 12 9
25 13 10
25 14 7
25 15 24
25 16 23
25 17 42
25 18 6
25 19 31
25 20 32
25 21 11
25 22 13
25 23 23
25 24 19
25 25 -1
25 26 30
25 27 8
25 28 25
25 29 18
25 30 10
25 31 23
25 32 28
25 33 34
25 34 39
25 35 21
25 36 18
25 37 21
25 38 38
25 39 21
25 40 13
26 1 2
26 2 25
26 3 10
26 4 10
26 5 17
26 6 7
26 7 23
26 8 21
26 9 20
26 10 2
26 11 20
26 12 36
26 13 19
26 14 27
26 15 7
26 16 7
26 17 13
26 18 31
26 19 4
26 20 12
26 21 23
26 22 17
26 23 24
26 24 21
26 25 30
26 26 -1
26 27 24
26 28 24
26 29 17
26 30 27
26 31 12
26 32 10
26 33 27
26 34 26
26 35 18
26 36 17
26 37 10
26 38 29
26 39 8
26 40 16
27 1 25
27 2 22
27 3 31
27 4 32
27 5 7
27 6 18
27 7 9
27 8 14
27 9 19
27 10 25
27 11 27
27 12 12
27 13 7
27 14 3
27 15 20
27 16 17
27 17 35
27 18 7
27 19 24
27 20 24
27 21 3
27 22 7
27 23 16
27 24 20
27 25 8
27 26 24
27 27 -1
27 28 26
27 29 17
27 30 14
27 31 15
27 32 25
27 33 26
27 34 31
27 35 13
27 36 10
27 37 14
27 38 31
27 39 15
27 40 8
28 1 23
28 2 43
28 3 34
28 4 23
28 5 22
28 6 18
28 7 33
28 8 12
28 9 37
28 10 26
28 11 41
28 12 34
28 13 19
28 14 29
28 15 17
28 16 19
28 17 35
28 18 31
28 19 28
28 20 35
28 21 28
28 22 21
28 23 38
28 24 6
28 25 25
28 26 24
28 27 26
28 28 -1
28 29 10
28 30 15
28 31 29
28 32 14
28 33 46
28 34 48
28 35 32
28 36 28
28 37 25
28 38 49
28 39 21
28 40 19
29 1 17
29 2 32
29 3 27
29 4 20
29 5 12
29 6 10
29 7 23
29 8 5
29 9 27
29 10 19
29 11 32
29 12 26
29 13 10
29 14 20
29 15 10
29 16 10
29 17 30
29 18 23
29 19 20
29 20 25
29 21 19
29 22 11
29 23 28
29 24 5
29 25 18
29 26 17
29 27 17
29 28 10
29 29 -1
29 30 11
29 31 19
29 32 10
29 33 36
29 34 38
29 35 22
29 36 18
29 37 15
29 38 39
29 39 11
29 40 9
30 1 27
30 2 36
30 3 37
30 4 31
30 5 15
30 6 20
30 7 23
30 8 6
30 9 31
30 10 29
30 11 38
30 12 19
30 13 10
30 14 15
30 15 20
30 16 20
30 17 40
30 18 16
30 19 30
30 20 33
30 21 17
30 22 13
30 23 29
30 24 10
30 25 10
30 26 27
30 27 14
30 28 15
30 29 11
30 30 -1
30 31 25
30 32 22
30 33 39
30 34 43
30 35 25
30 36 21
30 37 22
30 38 43
30 39 20
30 40 13
31 1 14
31 2 14
31 3 16
31 4 22
31 5 10
31 6 11
31 7 11
31 8 20
31 9 8
31 10 12
31 11 13
31 12 26
31 13 14
31 14 18
31 15 13
31 16 10
31 17 21
31 18 22
31 19 10
31 20 9
31 21 13
31 22 11
31 23 12
31 24 24
31 25 23
31 26 12
31 27 15
31 28 29
31 29 19
31 30 25
31 31 -1
31 32 19
31 33 17
31 34 19
31 35 6
31 36 5
31 37 3
31 38 20
31 39 8
31 40 11
32 1 9
32 2 33
32 3 20
32 4 9
32 5 18
32 6 8
32 7 28
32 8 15
32 9 28
32 10 12
32 11 30
32 12 36
32 13 18
32 14 28
32 15 6
32 16 9
32 17 21
32 18 32
32 19 14
32 20 22
32 21 25
32 22 18
32 23 31
32 24 13
32 25 28
32 26 10
32 27 25
32 28 14
32 29 10
32 30 22
32 31 19
32 32 -1
32 33 36
32 34 36
32 35 25
32 36 22
32 37 16
32 38 38
32 39 12
32 40 16
33 1 29
33 2 3
33 3 25
33 4 37
33 5 24
33 6 29
33 7 17
33 8 36
33 9 8
33 10 26
33 11 9
33 12 33
33 13 29
33 14 27
33 15 30
33 16 28
33 17 29
33 18 30
33 19 24
33 20 16
33 21 22
33 22 26
33 23 10
33 24 41
33 25 34
33 26 27
33 27 26
33 28 46
33 29 36
33 30 39
33 31 17
33 32 36
33 33 -1
33 34 8
33 35 14
33 36 18
33 37 21
33 38 5
33 39 25
33 40 27
34 1 28
34 2 10
34 3 21
34 4 35
34 5 28
34 6 29
34 7 23
34 8 39
34 9 12
34 10 24
34 11 6
34 12 40
34 13 33
34 14 33
34 15 31
34 16 29
34 17 25
34 18 37
34 19 22
34 20 13
34 21 28
34 22 29
34 23 17
34 24 43
34 25 39
34 26 26
34 27 31
34 28 48
34 29 38
34 30 43
34 31 19
34 32 36
34 33 8
34 34 -1
34 35 18
34 36 22
34 37 22
34 38 4
34 39 26
34 40 30
35 1 20
35 2 10
35 3 21
35 4 28
35 5 10
35 6 17
35 7 5
35 8 22
35 9 6
35 10 18
35 11 14
35 12 22
35 13 15
35 14 15
35 15 19
35 16 16
35 17 26
35 18 19
35 19 17
35 20 13
35 21 10
35 22 12
35 23 6
35 24 27
35 25 21
35 26 18
35 27 13
35 28 32
35 29 22
35 30 25
35 31 6
35 32 25
35 33 14
35 34 18
35 35 -1
35 36 4
35 37 9
35 38 18
35 39 13
35 40 13
36 1 18
36 2 14
36 3 22
36 4 26
36 5 6
36 6 14
36 7 6
36 8 18
36 9 10
36 10 17
36 11 17
36 12 21
36 13 10
36 14 12
36 15 16
36 16 13
36 17 27
36 18 17
36 19 16
36 20 14
36 21 7
36 22 7
36 23 9
36 24 23
36 25 18
36 26 17
36 27 10
36 28 28
36 29 18
36 30 21
36 31 5
36 32 22
36 33 18
36 34 22
36 35 4
36 36 -1
36 37 6
36 38 22
36 39 10
36 40 9
37 1 12
37 2 17
37 3 16
37 4 19
37 5 8
37 6 8
37 7 13
37 8 17
37 9 12
37 10 10
37 11 16
37 12 26
37 13 12
37 14 18
37 15 10
37 16 7
37 17 21
37 18 22
37 19 10
37 20 11
37 21 13
37 22 9
37 23 15
37 24 20
37 25 21
37 26 10
37 27 14
37 28 25
37 29 15
37 30 22
37 31 3
37 32 16
37 33 21
37 34 22
37 35 9
37 36 6
37 37 -1
37 38 24
37 39 4
37 40 9
38 1 31
38 2 8
38 3 25
38 4 38
38 5 28
38 6 31
38 7 21
38 8 40
38 9 12
38 10 27
38 11 9
38 12 38
38 13 33
38 14 32
38 15 33
38 16 30
38 17 29
38 18 35
38 19 25
38 20 16
38 21 27
38 22 30
38 23 15
38 24 44
38 25 38
38 26 29
38 27 31
38 28 49
38 29 39
38 30 43
38 31 20
38 32 38
38 33 5
38 34 4
38 35 18
38 36 22
38 37 24
38 38 -1
38 39 28
38 40 31
39 1 9
39 2 22
39 3 17
39 4 17
39 5 8
39 6 4
39 7 16
39 8 14
39 9 17
39 10 9
39 11 20
39 12 27
39 13 10
39 14 19
39 15 6
39 16 3
39 17 21
39 18 23
39 19 10
39 20 14
39 21 15
39 22 8
39 23 19
39 24 16
39 25 21
39 26 8
39 27 15
39 28 21
39 29 11
39 30 20
39 31 8
39 32 12
39 33 25
39 34 26
39 35 13
39 36 10
39 37 4
39 38 28
39 39 -1
39 40 7
40 1 17
40 2 24
40 3 24
40 4 23
40 5 3
40 6 9
40 7 13
40 8 9
40 9 19
40 10 17
40 11 25
40 12 20
40 13 3
40 14 12
40 15 11
40 16 9
40 17 28
40 18 16
40 19 17
40 20 20
40 21 10
40 22 2
40 23 18
40 24 13
40 25 13
40 26 16
40 27 8
40 28 19
40 29 9
40 30 13
40 31 11
40 32 16
40 33 27
40 34 30
40 35 13
40 36 9
40 37 9
40 38 31
40 39 7
40 40 -1
