1 1 -1
1 2 25
1 3 14
1 4 2
1 5 29
1 6 25
1 7 19
1 8 9
1 9 15
1 10 17
1 11 20
1 12 13
1 13 28
1 14 14
1 15 16
1 16 8
1 17 29
1 18 16
1 19 17
1 20 28
1 21 26
1 22 24
1 23 21
1 24 25
1 25 32
1 26 19
1 27 13
1 28 3
1 29 22
2 1 25
2 2 -1
2 3 22
2 4 23
2 5 5
2 6 2
2 7 20
2 8 16
2 9 17
2 10 8
2 11 16
2 12 11
2 13 8
2 14 11
2 15 11
2 16 16
2 17 6
2 18 17
2 19 7
2 20 8
2 21 7
2 22 16
2 23 4
2 24 17
2 25 13
2 26 8
2 27 14
2 28 21
2 29 5
3 1 14
3 2 22
3 3 -1
3 4 14
3 5 27
3 6 21
3 7 5
3 8 11
3 9 5
3 10 17
3 11 9
3 12 13
3 13 20
3 14 11
3 15 11
3 16 13
3 17 28
3 18 5
3 19 15
3 20 28
3 21 18
3 22 29
3 23 20
3 24 12
3 25 23
3 26 14
3 27 8
3 28 12
3 29 22
4 1 2
4 2 23
4 3 14
4 4 -1
4 5 27
4 6 24
4 7 19
4 8 7
4 9 15
4 10 15
4 11 20
4 12 12
4 13 27
4 14 12
4 15 15
4 16 7
4 17 27
4 18 16
4 19 16
4 20 26
4 21 25
4 22 22
4 23 19
4 24 24
4 25 31
4 26 17
4 27 13
4 28 2
4 29 21
5 1 29
5 2 5
5 3 27
5 4 27
5 5 -1
5 6 6
5 7 25
5 8 20
5 9 22
5 10 12
5 11 21
5 12 15
5 13 12
5 14 16
5 15 16
5 16 20
5 17 2
5 18 22
5 19 12
5 20 5
5 21 11
5 22 15
5 23 7
5 24 21
5 25 16
5 26 13
5 27 19
5 28 25
5 29 6
6 1 25
6 2 2
6 3 21
6 4 24
6 5 6
6 6 -1
6 7 19
6 8 16
6 9 16
6 10 9
6 11 14
6 12 12
6 13 6
6 14 11
6 15 10
6 16 16
6 17 8
6 18 16
6 19 7
6 20 10
6 21 5
6 22 18
6 23 6
6 24 15
6 25 11
6 26 7
6 27 13
6 28 22
6 29 7
7 1 19
7 2 20
7 3 5
7 4 19
7 5 25
7 6 19
7 7 -1
7 8 14
7 9 5
7 10 17
7 11 5
7 12 14
7 13 17
7 14 12
7 15 10
7 16 16
7 17 27
7 18 4
7 19 15
7 20 28
7 21 16
7 22 31
7 23 20
7 24 7
7 25 18
7 26 13
7 27 9
7 28 17
7 29 22
8 1 9
8 2 16
8 3 11
8 4 7
8 5 20
8 6 16
8 7 14
8 8 -1
8 9 9
8 10 8
8 11 14
8 12 4
8 13 19
8 14 5
8 15 7
8 16 2
8 17 20
8 18 10
8 19 8
8 20 20
8 21 17
8 22 18
8 23 12
8 24 18
8 25 23
8 26 10
8 27 6
8 28 5
8 29 14
9 1 15
9 2 17
9 3 5
9 4 15
9 5 22
9 6 16
9 7 5
9 8 9
9 9 -1
9 10 13
9 11 5
9 12 9
9 13 15
9 14 7
9 15 6
9 16 11
9 17 23
9 18 1
9 19 10
9 20 24
9 21 13
9 22 26
9 23 15
9 24 9
9 25 18
9 26 9
9 27 4
9 28 13
9 29 18
10 1 17
10 2 8
10 3 17
10 4 15
10 5 12
10 6 9
10 7 17
10 8 8
10 9 13
10 10 -1
10 11 15
10 12 4
10 13 14
10 14 5
10 15 7
10 16 8
10 17 12
10 18 13
10 19 3
10 20 12
10 21 12
10 22 13
10 23 4
10 24 17
10 25 19
10 26 6
10 27 8
10 28 13
10 29 6
11 1 20
11 2 16
11 3 9
11 4 20
11 5 21
11 6 14
11 7 5
11 8 14
11 9 5
11 10 15
11 11 -1
11 12 13
11 13 12
11 14 10
11 15 8
11 16 16
11 17 22
11 18 4
11 19 12
11 20 24
11 21 11
11 22 28
11 23 16
11 24 4
11 25 13
11 26 9
11 27 8
11 28 18
11 29 18
12 1 13
12 2 11
12 3 13
12 4 12
12 5 15
12 6 12
12 7 14
12 8 4
12 9 9
12 10 4
12 11 13
12 12 -1
12 13 15
12 14 2
12 15 5
12 16 5
12 17 16
12 18 10
12 19 4
12 20 16
12 21 13
12 22 16
12 23 8
12 24 16
12 25 20
12 26 6
12 27 5
12 28 10
12 29 10
13 1 28
13 2 8
13 3 20
13 4 27
13 5 12
13 6 6
13 7 17
13 8 19
13 9 15
13 10 14
13 11 12
13 12 15
13 13 -1
13 14 14
13 15 12
13 16 20
13 17 14
13 18 15
13 19 11
13 20 16
13 21 2
13 22 24
13 23 12
13 24 11
13 25 5
13 26 9
13 27 14
13 28 25
13 29 13
14 1 14
14 2 11
14 3 11
14 4 12
14 5 16
14 6 11
14 7 12
14 8 5
14 9 7
14 10 5
14 11 10
14 12 2
14 13 14
14 14 -1
14 15 3
14 16 6
14 17 17
14 18 8
14 19 4
14 20 17
14 21 12
14 22 18
14 23 9
14 24 14
14 25 18
14 26 5
14 27 3
14 28 10
14 29 11
15 1 16
15 2 11
15 3 11
15 4 15
15 5 16
15 6 10
15 7 10
15 8 7
15 9 6
15 10 7
15 11 8
15 12 5
15 13 12
15 14 3
15 15 -1
15 16 9
15 17 17
15 18 6
15 19 4
15 20 17
15 21 9
15 22 20
15 23 9
15 24 11
15 25 16
15 26 3
15 27 3
15 28 13
15 29 11
16 1 8
16 2 16
16 3 13
16 4 7
16 5 20
16 6 16
16 7 16
16 8 2
16 9 11
16 10 8
16 11 16
16 12 5
16 13 20
16 14 6
16 15 9
16 16 -1
16 17 20
16 18 12
16 19 9
16 20 19
16 21 18
16 22 17
16 23 12
16 24 20
16 25 25
16 26 11
16 27 8
16 28 5
16 29 13
17 1 29
17 2 6
17 3 28
17 4 27
17 5 2
17 6 8
17 7 27
17 8 20
17 9 23
17 10 12
17 11 22
17 12 16
17 13 14
17 14 17
17 15 17
17 16 20
17 17 -1
17 18 23
17 19 13
17 20 3
17 21 13
17 22 13
17 23 8
17 24 23
17 25 18
17 26 14
17 27 20
17 28 25
17 29 6
18 1 16
18 2 17
18 3 5
18 4 16
18 5 22
18 6 16
18 7 4
18 8 10
18 9 1
18 10 13
18 11 4
18 12 10
18 13 15
18 14 8
18 15 6
18 16 12
18 17 23
18 18 -1
18 19 11
18 20 24
18 21 13
18 22 26
18 23 16
18 24 8
18 25 17
18 26 9
18 27 5
18 28 14
18 29 18
19 1 17
19 2 7
19 3 15
19 4 16
19 5 12
19 6 7
19 7 15
19 8 8
19 9 10
19 10 3
19 11 12
19 12 4
19 13 11
19 14 4
19 15 4
19 16 9
19 17 13
19 18 11
19 19 -1
19 20 13
19 21 9
19 22 16
19 23 5
19 24 14
19 25 16
19 26 3
19 27 7
19 28 14
19 29 7
20 1 28
20 2 8
20 3 28
20 4 26
20 5 5
20 6 10
20 7 28
20 8 20
20 9 24
20 10 12
20 11 24
20 12 16
20 13 16
20 14 17
20 15 17
20 16 19
20 17 3
20 18 24
20 19 13
20 20 -1
20 21 15
20 22 10
20 23 8
20 24 25
20 25 21
20 26 15
20 27 20
20 28 24
20 29 6
21 1 26
21 2 7
21 3 18
21 4 25
21 5 11
21 6 5
21 7 16
21 8 17
21 9 13
21 10 12
21 11 11
21 12 13
21 13 2
21 14 12
21 15 9
21 16 18
21 17 13
21 18 13
21 19 9
21 20 15
21 21 -1
21 22 23
21 23 10
21 24 10
21 25 7
21 26 7
21 27 12
21 28 22
21 29 11
22 1 24
22 2 16
22 3 29
22 4 22
22 5 15
22 6 18
22 7 31
22 8 18
22 9 26
22 10 13
22 11 28
22 12 16
22 13 24
22 14 18
22 15 20
22 16 17
22 17 13
22 18 26
22 19 16
22 20 10
22 21 23
22 22 -1
22 23 13
22 24 31
22 25 29
22 26 19
22 27 22
22 28 21
22 29 11
23 1 21
23 2 4
23 3 20
23 4 19
23 5 7
23 6 6
23 7 20
23 8 12
23 9 15
23 10 4
23 11 16
23 12 8
23 13 12
23 14 9
23 15 9
23 16 12
23 17 8
23 18 16
23 19 5
23 20 8
23 21 10
23 22 13
23 23 -1
23 24 18
23 25 17
23 26 7
23 27 12
23 28 17
23 29 2
24 1 25
24 2 17
24 3 12
24 4 24
24 5 21
24 6 15
24 7 7
24 8 18
24 9 9
24 10 17
24 11 4
24 12 16
24 13 11
24 14 14
24 15 11
24 16 20
24 17 23
24 18 8
24 19 14
24 20 25
24 21 10
24 22 31
24 23 18
24 24 -1
24 25 11
24 26 11
24 27 12
24 28 22
24 29 20
25 1 32
25 2 13
25 3 23
25 4 31
25 5 16
25 6 11
25 7 18
25 8 23
25 9 18
25 10 19
25 11 13
25 12 20
25 13 5
25 14 18
25 15 16
25 16 25
25 17 18
25 18 17
25 19 16
25 20 21
25 21 7
25 22 29
25 23 17
25 24 11
25 25 -1
25 26 13
25 27 18
25 28 29
25 29 18
26 1 19
26 2 8
26 3 14
26 4 17
26 5 13
26 6 7
26 7 13
26 8 10
26 9 9
26 10 6
26 11 9
26 12 6
26 13 9
26 14 5
26 15 3
26 16 11
26 17 14
26 18 9
26 19 3
26 20 15
26 21 7
26 22 19
26 23 7
26 24 11
26 25 13
26 26 -1
26 27 6
26 28 15
26 29 9
27 1 13
27 2 14
27 3 8
27 4 13
27 5 19
27 6 13
27 7 9
27 8 6
27 9 4
27 10 8
27 11 8
27 12 5
27 13 14
27 14 3
27 15 3
27 16 8
27 17 20
27 18 5
27 19 7
27 20 20
27 21 12
27 22 22
27 23 12
27 24 12
27 25 18
27 26 6
27 27 -1
27 28 10
27 29 14
28 1 3
28 2 21
28 3 12
28 4 2
28 5 25
28 6 22
28 7 17
28 8 5
28 9 13
28 10 13
28 11 18
28 12 10
28 13 25
28 14 10
28 15 13
28 16 5
28 17 25
28 18 14
28 19 14
28 20 24
28 21 22
28 22 21
28 23 17
28 24 22
28 25 29
28 26 15
28 27 10
28 28 -1
28 29 19
29 1 22
29 2 5
29 3 22
29 4 21
29 5 6
29 6 7
29 7 22
29 8 14
29 9 18
29 10 6
29 11 18
29 12 10
29 13 13
29 14 11
29 15 11
29 16 13
29 17 6
29 18 18
29 19 7
29 20 6
29 21 11
29 22 11
29 23 2
29 24 20
29 25 18
29 26 9
29 27 14
29 28 19
29 29 -1
