1 1 -1
1 2 27
1 3 30
1 4 17
1 5 13
1 6 6
1 7 5
1 8 12
1 9 31
1 10 8
1 11 20
1 12 29
1 13 12
1 14 8
1 15 19
1 16 5
1 17 30
1 18 12
1 19 2
1 20 22
1 21 10
1 22 14
1 23 12
1 24 15
1 25 14
1 26 26
1 27 16
1 28 18
1 29 31
1 30 30
1 31 13
1 32 31
1 33 4
1 34 22
1 35 9
1 36 20
1 37 14
1 38 33
2 1 27
2 2 -1
2 3 3
2 4 17
2 5 30
2 6 28
2 7 23
2 8 27
2 9 4
2 10 20
2 11 18
2 12 2
2 13 30
2 14 26
2 15 12
2 16 32
2 17 6
2 18 21
2 19 29
2 20 20
2 21 21
2 22 27
2 23 22
2 24 32
2 25 25
2 26 24
2 27 36
2 28 18
2 29 15
2 30 3
2 31 17
2 32 27
2 33 26
2 34 9
2 35 33
2 36 25
2 37 29
2 38 6
3 1 30
3 2 3
3 3 -1
3 4 21
3 5 33
3 6 30
3 7 25
3 8 31
3 9 4
3 10 22
3 11 22
3 12 3
3 13 31
3 14 29
3 15 13
3 16 35
3 17 4
3 18 25
3 19 32
3 20 20
3 21 22
3 22 28
3 23 26
3 24 34
3 25 29
3 26 23
3 27 38
3 28 22
3 29 13
3 30 5
3 31 18
3 32 25
3 33 29
3 34 12
3 35 36
3 36 26
3 37 30
3 38 6
4 1 17
4 2 17
4 3 21
4 4 -1
4 5 13
4 6 21
4 7 17
4 8 11
4 9 20
4 10 16
4 11 3
4 12 19
4 13 26
4 14 11
4 15 19
4 16 18
4 17 23
4 18 5
4 19 18
4 20 26
4 21 19
4 22 26
4 23 6
4 24 29
4 25 8
4 26 32
4 27 32
4 28 2
4 29 29
4 30 18
4 31 18
4 32 37
4 33 13
4 34 9
4 35 18
4 36 29
4 37 27
4 38 21
5 1 13
5 2 30
5 3 33
5 4 13
5 5 -1
5 6 19
5 7 17
5 8 2
5 9 33
5 10 18
5 11 14
5 12 31
5 13 25
5 14 5
5 15 27
5 16 10
5 17 34
5 18 8
5 19 13
5 20 32
5 21 21
5 22 27
5 23 7
5 24 28
5 25 5
5 26 38
5 27 29
5 28 13
5 29 39
5 30 31
5 31 23
5 32 43
5 33 9
5 34 22
5 35 7
5 36 32
5 37 27
5 38 34
6 1 6
6 2 28
6 3 30
6 4 21
6 5 19
6 6 -1
6 7 5
6 8 18
6 9 32
6 10 7
6 11 24
6 12 30
6 13 6
6 14 14
6 15 18
6 16 10
6 17 29
6 18 17
6 19 6
6 20 18
6 21 8
6 22 8
6 23 17
6 24 9
6 25 20
6 26 22
6 27 10
6 28 23
6 29 29
6 30 31
6 31 12
6 32 27
6 33 10
6 34 25
6 35 14
6 36 14
6 37 8
6 38 34
7 1 5
7 2 23
7 3 25
7 4 17
7 5 17
7 6 5
7 7 -1
7 8 15
7 9 27
7 10 3
7 11 20
7 12 25
7 13 9
7 14 11
7 15 14
7 16 11
7 17 25
7 18 14
7 19 7
7 20 16
7 21 5
7 22 10
7 23 14
7 24 12
7 25 17
7 26 21
7 27 15
7 28 18
7 29 25
7 30 26
7 31 8
7 32 26
7 33 8
7 34 20
7 35 14
7 36 14
7 37 11
7 38 29
8 1 12
8 2 27
8 3 31
8 4 11
8 5 2
8 6 18
8 7 15
8 8 -1
8 9 31
8 10 17
8 11 12
8 12 29
8 13 24
8 14 4
8 15 25
8 16 10
8 17 32
8 18 6
8 19 12
8 20 30
8 21 20
8 22 25
8 23 5
8 24 27
8 25 3
8 26 36
8 27 28
8 28 11
8 29 37
8 30 29
8 31 21
8 32 41
8 33 8
8 34 20
8 35 7
8 36 30
8 37 26
8 38 32
9 1 31
9 2 4
9 3 4
9 4 20
9 5 33
9 6 32
9 7 27
9 8 31
9 9 -1
9 10 25
9 11 21
9 12 2
9 13 34
9 14 30
9 15 16
9 16 36
9 17 8
9 18 25
9 19 33
9 20 23
9 21 25
9 22 32
9 23 26
9 24 37
9 25 28
9 26 27
9 27 41
9 28 21
9 29 17
9 30 2
9 31 21
9 32 30
9 33 30
9 34 11
9 35 37
9 36 29
9 37 33
9 38 2
10 1 8
10 2 20
10 3 22
10 4 16
10 5 18
10 6 7
10 7 3
10 8 17
10 9 25
10 10 -1
10 11 19
10 12 22
10 13 10
10 14 13
10 15 11
10 16 14
10 17 22
10 18 14
10 19 10
10 20 14
10 21 3
10 22 10
10 23 14
10 24 13
10 25 17
10 26 19
10 27 17
10 28 18
10 29 23
10 30 23
10 31 5
10 32 24
10 33 9
10 34 18
10 35 17
10 36 13
10 37 11
10 38 26
11 1 20
11 2 18
11 3 22
11 4 3
11 5 14
11 6 24
11 7 20
11 8 12
11 9 21
11 10 19
11 11 -1
11 12 19
11 13 29
11 14 13
11 15 22
11 16 21
11 17 24
11 18 7
11 19 21
11 20 29
11 21 22
11 22 29
11 23 8
11 24 32
11 25 9
11 26 34
11 27 35
11 28 1
11 29 31
11 30 18
11 31 21
11 32 39
11 33 16
11 34 9
11 35 20
11 36 32
11 37 30
11 38 21
12 1 29
12 2 2
12 3 3
12 4 19
12 5 31
12 6 30
12 7 25
12 8 29
12 9 2
12 10 22
12 11 19
12 12 -1
12 13 32
12 14 28
12 15 14
12 16 34
12 17 7
12 18 23
12 19 31
12 20 21
12 21 23
12 22 29
12 23 24
12 24 35
12 25 27
12 26 25
12 27 38
12 28 20
12 29 16
12 30 2
12 31 19
12 32 28
12 33 28
12 34 10
12 35 35
12 36 27
12 37 31
12 38 4
13 1 12
13 2 30
13 3 31
13 4 26
13 5 25
13 6 6
13 7 9
13 8 24
13 9 34
13 10 10
13 11 29
13 12 32
13 13 -1
13 14 20
13 15 18
13 16 16
13 17 30
13 18 23
13 19 12
13 20 16
13 21 9
13 22 4
13 23 23
13 24 3
13 25 26
13 26 18
13 27 6
13 28 28
13 29 28
13 30 33
13 31 13
13 32 23
13 33 16
13 34 29
13 35 20
13 36 10
13 37 3
13 38 36
14 1 8
14 2 26
14 3 29
14 4 11
14 5 5
14 6 14
14 7 11
14 8 4
14 9 30
14 10 13
14 11 13
14 12 28
14 13 20
14 14 -1
14 15 22
14 16 7
14 17 30
14 18 5
14 19 8
14 20 27
14 21 16
14 22 21
14 23 5
14 24 23
14 25 6
14 26 32
14 27 24
14 28 12
14 29 34
14 30 28
14 31 17
14 32 37
14 33 4
14 34 19
14 35 7
14 36 26
14 37 22
14 38 31
15 1 19
15 2 12
15 3 13
15 4 19
15 5 27
15 6 18
15 7 14
15 8 25
15 9 16
15 10 11
15 11 22
15 12 14
15 13 18
15 14 22
15 15 -1
15 16 25
15 17 11
15 18 20
15 19 21
15 20 8
15 21 10
15 22 15
15 23 21
15 24 20
15 25 24
15 26 13
15 27 24
15 28 21
15 29 12
15 30 16
15 31 6
15 32 17
15 33 20
15 34 16
15 35 27
15 36 13
15 37 16
15 38 19
16 1 5
16 2 32
16 3 35
16 4 18
16 5 10
16 6 10
16 7 11
16 8 10
16 9 36
16 10 14
16 11 21
16 12 34
16 13 16
16 14 7
16 15 25
16 16 -1
16 17 35
16 18 13
16 19 4
16 20 28
16 21 16
16 22 19
16 23 12
16 24 18
16 25 13
16 26 32
16 27 19
16 28 20
16 29 37
16 30 34
16 31 19
16 32 37
16 33 6
16 34 26
16 35 4
16 36 25
16 37 19
16 38 37
17 1 30
17 2 6
17 3 4
17 4 23
17 5 34
17 6 29
17 7 25
17 8 32
17 9 8
17 10 22
17 11 24
17 12 7
17 13 30
17 14 30
17 15 11
17 16 35
17 17 -1
17 18 26
17 19 32
17 20 16
17 21 21
17 22 26
17 23 27
17 24 32
17 25 30
17 26 19
17 27 36
17 28 24
17 29 9
17 30 9
17 31 17
17 32 22
17 33 29
17 34 15
17 35 36
17 36 23
17 37 28
17 38 10
18 1 12
18 2 21
18 3 25
18 4 5
18 5 8
18 6 17
18 7 14
18 8 6
18 9 25
18 10 14
18 11 7
18 12 23
18 13 23
18 14 5
18 15 20
18 16 13
18 17 26
18 18 -1
18 19 13
18 20 26
18 21 17
18 22 24
18 23 1
18 24 26
18 25 4
18 26 32
18 27 28
18 28 6
18 29 31
18 30 23
18 31 17
18 32 37
18 33 8
18 34 14
18 35 12
18 36 27
18 37 25
18 38 26
19 1 2
19 2 29
19 3 32
19 4 18
19 5 13
19 6 6
19 7 7
19 8 12
19 9 33
19 10 10
19 11 21
19 12 31
19 13 12
19 14 8
19 15 21
19 16 4
19 17 32
19 18 13
19 19 -1
19 20 23
19 21 12
19 22 15
19 23 13
19 24 15
19 25 14
19 26 28
19 27 16
19 28 19
19 29 33
19 30 32
19 31 15
19 32 33
19 33 5
19 34 24
19 35 8
19 36 21
19 37 15
19 38 35
20 1 22
20 2 20
20 3 20
20 4 26
20 5 32
20 6 18
20 7 16
20 8 30
20 9 23
20 10 14
20 11 29
20 12 21
20 13 16
20 14 27
20 15 8
20 16 28
20 17 16
20 18 26
20 19 23
20 20 -1
20 21 11
20 22 12
20 23 27
20 24 17
20 25 30
20 26 5
20 27 21
20 28 28
20 29 12
20 30 23
20 31 9
20 32 10
20 33 24
20 34 24
20 35 31
20 36 6
20 37 13
20 38 26
21 1 10
21 2 21
21 3 22
21 4 19
21 5 21
21 6 8
21 7 5
21 8 20
21 9 25
21 10 3
21 11 22
21 12 23
21 13 9
21 14 16
21 15 10
21 16 16
21 17 21
21 18 17
21 19 12
21 20 11
21 21 -1
21 22 7
21 23 17
21 24 12
21 25 20
21 26 16
21 27 15
21 28 21
21 29 21
21 30 24
21 31 4
21 32 21
21 33 12
21 34 20
21 35 19
21 36 10
21 37 8
21 38 27
22 1 14
22 2 27
22 3 28
22 4 26
22 5 27
22 6 8
22 7 10
22 8 25
22 9 32
22 10 10
22 11 29
22 12 29
22 13 4
22 14 21
22 15 15
22 16 19
22 17 26
22 18 24
22 19 15
22 20 12
22 21 7
22 22 -1
22 23 24
22 24 5
22 25 27
22 26 14
22 27 9
22 28 28
22 29 24
22 30 31
22 31 10
22 32 19
22 33 17
22 34 27
22 35 23
22 36 6
22 37 1
22 38 34
23 1 12
23 2 22
23 3 26
23 4 6
23 5 7
23 6 17
23 7 14
23 8 5
23 9 26
23 10 14
23 11 8
23 12 24
23 13 23
23 14 5
23 15 21
23 16 12
23 17 27
23 18 1
23 19 13
23 20 27
23 21 17
23 22 24
23 23 -1
23 24 26
23 25 3
23 26 32
23 27 28
23 28 7
23 29 32
23 30 24
23 31 17
23 32 37
23 33 8
23 34 15
23 35 11
23 36 27
23 37 25
23 38 27
24 1 15
24 2 32
24 3 34
24 4 29
24 5 28
24 6 9
24 7 12
24 8 27
24 9 37
24 10 13
24 11 32
24 12 35
24 13 3
24 14 23
24 15 20
24 16 18
24 17 32
24 18 26
24 19 15
24 20 17
24 21 12
24 22 5
24 23 26
24 24 -1
24 25 29
24 26 19
24 27 4
24 28 31
24 29 29
24 30 36
24 31 15
24 32 23
24 33 19
24 34 32
24 35 23
24 36 11
24 37 4
24 38 39
25 1 14
25 2 25
25 3 29
25 4 8
25 5 5
25 6 20
25 7 17
25 8 3
25 9 28
25 10 17
25 11 9
25 12 27
25 13 26
25 14 6
25 15 24
25 16 13
25 17 30
25 18 4
25 19 14
25 20 30
25 21 20
25 22 27
25 23 3
25 24 29
25 25 -1
25 26 36
25 27 30
25 28 8
25 29 36
25 30 26
25 31 21
25 32 41
25 33 10
25 34 17
25 35 11
25 36 31
25 37 28
25 38 29
26 1 26
26 2 24
26 3 23
26 4 32
26 5 38
26 6 22
26 7 21
26 8 36
26 9 27
26 10 19
26 11 34
26 12 25
26 13 18
26 14 32
26 15 13
26 16 32
26 17 19
26 18 32
26 19 28
26 20 5
26 21 16
26 22 14
26 23 32
26 24 19
26 25 36
26 26 -1
26 27 23
26 28 34
26 29 12
26 30 27
26 31 14
26 32 5
26 33 29
26 34 29
26 35 36
26 36 8
26 37 15
26 38 29
27 1 16
27 2 36
27 3 38
27 4 32
27 5 29
27 6 10
27 7 15
27 8 28
27 9 41
27 10 17
27 11 35
27 12 38
27 13 6
27 14 24
27 15 24
27 16 19
27 17 36
27 18 28
27 19 16
27 20 21
27 21 15
27 22 9
27 23 28
27 24 4
27 25 30
27 26 23
27 27 -1
27 28 34
27 29 33
27 30 40
27 31 19
27 32 26
27 33 20
27 34 35
27 35 23
27 36 15
27 37 8
27 38 43
28 1 18
28 2 18
28 3 22
28 4 2
28 5 13
28 6 23
28 7 18
28 8 11
28 9 21
28 10 18
28 11 1
28 12 20
28 13 28
28 14 12
28 15 21
28 16 20
28 17 24
28 18 6
28 19 19
28 20 28
28 21 21
28 22 28
28 23 7
28 24 31
28 25 8
28 26 34
28 27 34
28 28 -1
28 29 31
28 30 19
28 31 20
28 32 38
28 33 14
28 34 9
28 35 18
28 36 31
28 37 29
28 38 21
29 1 31
29 2 15
29 3 13
29 4 29
29 5 39
29 6 29
29 7 25
29 8 37
29 9 17
29 10 23
29 11 31
29 12 16
29 13 28
29 14 34
29 15 12
29 16 37
29 17 9
29 18 31
29 19 33
29 20 12
29 21 21
29 22 24
29 23 32
29 24 29
29 25 36
29 26 12
29 27 33
29 28 31
29 29 -1
29 30 18
29 31 17
29 32 13
29 33 32
29 34 23
29 35 39
29 36 18
29 37 25
29 38 19
30 1 30
30 2 3
30 3 5
30 4 18
30 5 31
30 6 31
30 7 26
30 8 29
30 9 2
30 10 23
30 11 18
30 12 2
30 13 33
30 14 28
30 15 16
30 16 34
30 17 9
30 18 23
30 19 32
30 20 23
30 21 24
30 22 31
30 23 24
30 24 36
30 25 26
30 26 27
30 27 40
30 28 19
30 29 18
30 30 -1
30 31 20
30 32 30
30 33 28
30 34 9
30 35 35
30 36 29
30 37 32
30 38 3
31 1 13
31 2 17
31 3 18
31 4 18
31 5 23
31 6 12
31 7 8
31 8 21
31 9 21
31 10 5
31 11 21
31 12 19
31 13 13
31 14 17
31 15 6
31 16 19
31 17 17
31 18 17
31 19 15
31 20 9
31 21 4
31 22 10
31 23 17
31 24 15
31 25 21
31 26 14
31 27 19
31 28 20
31 29 17
31 30 20
31 31 -1
31 32 19
31 33 15
31 34 17
31 35 22
31 36 11
31 37 12
31 38 23
32 1 31
32 2 27
32 3 25
32 4 37
32 5 43
32 6 27
32 7 26
32 8 41
32 9 30
32 10 24
32 11 39
32 12 28
32 13 23
32 14 37
32 15 17
32 16 37
32 17 22
32 18 37
32 19 33
32 20 10
32 21 21
32 22 19
32 23 37
32 24 23
32 25 41
32 26 5
32 27 26
32 28 38
32 29 13
32 30 30
32 31 19
32 32 -1
32 33 34
32 34 33
32 35 41
32 36 12
32 37 19
32 38 32
33 1 4
33 2 26
33 3 29
33 4 13
33 5 9
33 6 10
33 7 8
33 8 8
33 9 30
33 10 9
33 11 16
33 12 28
33 13 16
33 14 4
33 15 20
33 16 6
33 17 29
33 18 8
33 19 5
33 20 24
33 21 12
33 22 17
33 23 8
33 24 19
33 25 10
33 26 29
33 27 20
33 28 14
33 29 32
33 30 28
33 31 15
33 32 34
33 33 -1
33 34 20
33 35 7
33 36 22
33 37 18
33 38 31
34 1 22
34 2 9
34 3 12
34 4 9
34 5 22
34 6 25
34 7 20
34 8 20
34 9 11
34 10 18
34 11 9
34 12 10
34 13 29
34 14 19
34 15 16
34 16 26
34 17 15
34 18 14
34 19 24
34 20 24
34 21 20
34 22 27
34 23 15
34 24 32
34 25 17
34 26 29
34 27 35
34 28 9
34 29 23
34 30 9
34 31 17
34 32 33
34 33 20
34 34 -1
34 35 26
34 36 28
34 37 29
34 38 12
35 1 9
35 2 33
35 3 36
35 4 18
35 5 7
35 6 14
35 7 14
35 8 7
35 9 37
35 10 17
35 11 20
35 12 35
35 13 20
35 14 7
35 15 27
35 16 4
35 17 36
35 18 12
35 19 8
35 20 31
35 21 19
35 22 23
35 23 11
35 24 23
35 25 11
35 26 36
35 27 23
35 28 18
35 29 39
35 30 35
35 31 22
35 32 41
35 33 7
35 34 26
35 35 -1
35 36 29
35 37 23
35 38 38
36 1 20
36 2 25
36 3 26
36 4 29
36 5 32
36 6 14
36 7 14
36 8 30
36 9 29
36 10 13
36 11 32
36 12 27
36 13 10
36 14 26
36 15 13
36 16 25
36 17 23
36 18 27
36 19 21
36 20 6
36 21 10
36 22 6
36 23 27
36 24 11
36 25 31
36 26 8
36 27 15
36 28 31
36 29 18
36 30 29
36 31 11
36 32 12
36 33 22
36 34 28
36 35 29
36 36 -1
36 37 7
36 38 32
37 1 14
37 2 29
37 3 30
37 4 27
37 5 27
37 6 8
37 7 11
37 8 26
37 9 33
37 10 11
37 11 30
37 12 31
37 13 3
37 14 22
37 15 16
37 16 19
37 17 28
37 18 25
37 19 15
37 20 13
37 21 8
37 22 1
37 23 25
37 24 4
37 25 28
37 26 15
37 27 8
37 28 29
37 29 25
37 30 32
37 31 12
37 32 19
37 33 18
37 34 29
37 35 23
37 36 7
37 37 -1
37 38 35
38 1 33
38 2 6
38 3 6
38 4 21
38 5 34
38 6 34
38 7 29
38 8 32
38 9 2
38 10 26
38 11 21
38 12 4
38 13 36
38 14 31
38 15 19
38 16 37
38 17 10
38 18 26
38 19 35
38 20 26
38 21 27
38 22 34
38 23 27
38 24 39
38 25 29
38 26 29
38 27 43
38 28 21
38 29 19
38 30 3
38 31 23
38 32 32
38 33 31
38 34 12
38 35 38
38 36 32
38 37 35
38 38 -1
