1 1 79
1 2 18
1 3 69
1 4 81
1 5 52
1 6 85
1 7 95
1 8 87
1 9 26
1 10 65
1 11 73
1 12 79
2 1 2
2 2 22
2 3 62
2 4 81
2 5 22
2 6 34
2 7 95
2 8 18
2 9 75
2 10 58
2 11 9
2 12 90
3 1 44
3 2 78
3 3 95
3 4 96
3 5 83
3 6 81
3 7 72
3 8 12
3 9 35
3 10 92
3 11 7
3 12 90
4 1 19
4 2 42
4 3 86
4 4 16
4 5 26
4 6 4
4 7 78
4 8 36
4 9 91
4 10 95
4 11 55
4 12 66
5 1 89
5 2 71
5 3 76
5 4 54
5 5 26
5 6 15
5 7 15
5 8 68
5 9 85
5 10 31
5 11 88
5 12 93
6 1 98
6 2 71
6 3 62
6 4 14
6 5 19
6 6 97
6 7 56
6 8 24
6 9 95
6 10 96
6 11 12
6 12 91
7 1 59
7 2 39
7 3 79
7 4 31
7 5 33
7 6 36
7 7 10
7 8 27
7 9 58
7 10 80
7 11 12
7 12 40
8 1 99
8 2 83
8 3 57
8 4 31
8 5 61
8 6 93
8 7 85
8 8 9
8 9 5
8 10 6
8 11 43
8 12 46
9 1 100
9 2 89
9 3 1
9 4 20
9 5 58
9 6 75
9 7 83
9 8 75
9 9 42
9 10 88
9 11 65
9 12 8
10 1 1
10 2 11
10 3 63
10 4 11
10 5 72
10 6 2
10 7 60
10 8 50
10 9 64
10 10 34
10 11 28
10 12 88
11 1 86
11 2 30
11 3 48
11 4 53
11 5 96
11 6 94
11 7 99
11 8 89
11 9 28
11 10 13
11 11 50
11 12 82
12 1 20
12 2 32
12 3 30
12 4 50
12 5 28
12 6 89
12 7 58
12 8 65
12 9 82
12 10 14
12 11 48
12 12 15
