1 1 -1
1 2 21
1 3 52
1 4 31
1 5 70
1 6 71
1 7 62
1 8 31
1 9 17
1 10 22
1 11 52
1 12 50
1 13 27
1 14 47
1 15 37
1 16 37
1 17 48
1 18 53
1 19 51
1 20 60
1 21 61
1 22 55
1 23 45
1 24 21
1 25 37
1 26 44
1 27 25
1 28 28
1 29 25
1 30 21
1 31 18
1 32 55
1 33 44
1 34 45
1 35 32
1 36 20
1 37 26
1 38 51
1 39 18
1 40 38
1 41 54
1 42 52
1 43 18
1 44 49
1 45 10
1 46 13
1 47 20
1 48 41
1 49 26
1 50 27
1 51 34
1 52 6
1 53 49
1 54 30
1 55 22
1 56 59
1 57 8
1 58 43
1 59 25
1 60 23
1 61 50
1 62 44
1 63 62
1 64 41
2 1 21
2 2 -1
2 3 52
2 4 39
2 5 52
2 6 53
2 7 48
2 8 12
2 9 32
2 10 32
2 11 41
2 12 48
2 13 40
2 14 37
2 15 42
2 16 32
2 17 44
2 18 38
2 19 42
2 20 45
2 21 59
2 22 34
2 23 46
2 24 21
2 25 21
2 26 31
2 27 11
2 28 14
2 29 10
2 30 34
2 31 12
2 32 38
2 33 36
2 34 25
2 35 26
2 36 38
2 37 13
2 38 32
2 39 35
2 40 18
2 41 41
2 42 34
2 43 21
2 44 30
2 45 27
2 46 11
2 47 4
2 48 19
2 49 7
2 50 7
2 51 40
2 52 16
2 53 38
2 54 24
2 55 11
2 56 41
2 57 21
2 58 26
2 59 11
2 60 39
2 61 29
2 62 47
2 63 51
2 64 21
3 1 52
3 2 52
3 3 -1
3 4 24
3 5 54
3 6 55
3 7 38
3 8 62
3 9 37
3 10 31
3 11 26
3 12 7
3 13 32
3 14 25
3 15 16
3 16 21
3 17 12
3 18 39
3 19 22
3 20 41
3 21 10
3 22 59
3 23 6
3 24 33
3 25 73
3 26 33
3 27 63
3 28 67
3 29 62
3 30 33
3 31 41
3 32 45
3 33 20
3 34 55
3 35 26
3 36 44
3 37 39
3 38 49
3 39 41
3 40 47
3 41 34
3 42 45
3 43 34
3 44 47
3 45 44
3 46 45
3 47 55
3 48 57
3 49 48
3 50 49
3 51 18
3 52 54
3 53 26
3 54 27
3 55 63
3 56 47
3 57 43
3 58 42
3 59 41
3 60 38
3 61 56
3 62 9
3 63 28
3 64 67
4 1 31
4 2 39
4 3 24
4 4 -1
4 5 65
4 6 65
4 7 51
4 8 51
4 9 14
4 10 9
4 11 38
4 12 25
4 13 8
4 14 33
4 15 8
4 16 22
4 17 26
4 18 46
4 19 34
4 20 51
4 21 34
4 22 60
4 23 18
4 24 19
4 25 61
4 26 38
4 27 49
4 28 53
4 29 49
4 30 9
4 31 27
4 32 51
4 33 28
4 34 53
4 35 22
4 36 20
4 37 31
4 38 52
4 39 17
4 40 44
4 41 44
4 42 50
4 43 18
4 44 49
4 45 21
4 46 29
4 47 42
4 48 53
4 49 39
4 50 40
4 51 6
4 52 35
4 53 36
4 54 21
4 55 47
4 56 55
4 57 23
4 58 43
4 59 32
4 60 14
4 61 56
4 62 15
4 63 45
4 64 59
5 1 70
5 2 52
5 3 54
5 4 65
5 5 -1
5 6 1
5 7 16
5 8 51
5 9 69
5 10 65
5 11 28
5 12 47
5 13 71
5 14 31
5 15 60
5 16 43
5 17 43
5 18 18
5 19 32
5 20 13
5 21 53
5 22 23
5 23 54
5 24 53
5 25 61
5 26 27
5 27 59
5 28 61
5 29 58
5 30 67
5 31 51
5 32 14
5 33 37
5 34 30
5 35 43
5 36 78
5 37 43
5 38 19
5 39 74
5 40 33
5 41 21
5 42 17
5 43 56
5 44 21
5 45 70
5 46 56
5 47 55
5 48 37
5 49 45
5 50 44
5 51 60
5 52 67
5 53 29
5 54 45
5 55 61
5 56 10
5 57 64
5 58 26
5 59 45
5 60 74
5 61 26
5 62 58
5 63 28
5 64 47
6 1 71
6 2 53
6 3 55
6 4 65
6 5 1
6 6 -1
6 7 16
6 8 52
6 9 70
6 10 65
6 11 29
6 12 48
6 13 72
6 14 32
6 15 60
6 16 43
6 17 43
6 18 19
6 19 33
6 20 14
6 21 53
6 22 24
6 23 55
6 24 54
6 25 62
6 26 28
6 27 60
6 28 62
6 29 59
6 30 68
6 31 52
6 32 15
6 33 38
6 34 31
6 35 44
6 36 79
6 37 44
6 38 20
6 39 75
6 40 34
6 41 21
6 42 18
6 43 57
6 44 22
6 45 71
6 46 57
6 47 56
6 48 38
6 49 46
6 50 45
6 51 60
6 52 68
6 53 30
6 54 45
6 55 62
6 56 11
6 57 65
6 58 27
6 59 46
6 60 75
6 61 27
6 62 59
6 63 28
6 64 48
7 1 62
7 2 48
7 3 38
7 4 51
7 5 16
7 6 16
7 7 -1
7 8 50
7 9 57
7 10 53
7 11 13
7 12 31
7 13 58
7 14 17
7 15 45
7 16 29
7 17 27
7 18 10
7 19 17
7 20 4
7 21 37
7 22 30
7 23 39
7 24 42
7 25 62
7 26 17
7 27 57
7 28 60
7 29 56
7 30 55
7 31 44
7 32 12
7 33 23
7 34 32
7 35 32
7 36 67
7 37 36
7 38 20
7 39 62
7 40 30
7 41 7
7 42 16
7 43 46
7 44 21
7 45 60
7 46 49
7 47 52
7 48 38
7 49 41
7 50 41
7 51 46
7 52 61
7 53 15
7 54 34
7 55 59
7 56 12
7 57 55
7 58 22
7 59 38
7 60 62
7 61 30
7 62 43
7 63 12
7 64 50
8 1 31
8 2 12
8 3 62
8 4 51
8 5 51
8 6 52
8 7 50
8 8 -1
8 9 44
8 10 44
8 11 47
8 12 57
8 13 52
8 14 43
8 15 53
8 16 41
8 17 53
8 18 40
8 19 48
8 20 47
8 21 68
8 22 29
8 23 57
8 24 32
8 25 12
8 26 36
8 27 9
8 28 10
8 29 8
8 30 46
8 31 23
8 32 39
8 33 44
8 34 21
8 35 35
8 36 50
8 37 23
8 38 32
8 39 47
8 40 19
8 41 44
8 42 35
8 43 33
8 44 30
8 45 39
8 46 23
8 47 11
8 48 14
8 49 13
8 50 12
8 51 51
8 52 26
8 53 44
8 54 34
8 55 12
8 56 42
8 57 33
8 58 28
8 59 21
8 60 51
8 61 25
8 62 58
8 63 56
8 64 9
9 1 17
9 2 32
9 3 37
9 4 14
9 5 69
9 6 70
9 7 57
9 8 44
9 9 -1
9 10 6
9 11 45
9 12 38
9 13 9
9 14 40
9 15 21
9 16 28
9 17 37
9 18 51
9 19 43
9 20 57
9 21 47
9 22 59
9 23 31
9 24 16
9 25 51
9 26 41
9 27 39
9 28 43
9 29 39
9 30 4
9 31 21
9 32 55
9 33 35
9 34 51
9 35 25
9 36 9
9 37 28
9 38 53
9 39 5
9 40 42
9 41 50
9 42 52
9 43 13
9 44 50
9 45 7
9 46 21
9 47 33
9 48 49
9 49 33
9 50 34
9 51 19
9 52 22
9 53 42
9 54 24
9 55 37
9 56 58
9 57 11
9 58 44
9 59 28
9 60 7
9 61 55
9 62 28
9 63 54
9 64 53
10 1 22
10 2 32
10 3 31
10 4 9
10 5 65
10 6 65
10 7 53
10 8 44
10 9 6
10 10 -1
10 11 40
10 12 32
10 13 8
10 14 35
10 15 15
10 16 23
10 17 31
10 18 46
10 19 37
10 20 52
10 21 41
10 22 57
10 23 25
10 24 13
10 25 53
10 26 37
10 27 41
10 28 44
10 29 41
10 30 2
10 31 21
10 32 51
10 33 30
10 34 49
10 35 21
10 36 14
10 37 25
10 38 50
10 39 10
10 40 40
10 41 45
10 42 48
10 43 11
10 44 47
10 45 13
10 46 21
10 47 34
10 48 47
10 49 33
10 50 34
10 51 13
10 52 26
10 53 37
10 54 19
10 55 39
10 56 54
10 57 14
10 58 40
10 59 26
10 60 9
10 61 52
10 62 23
10 63 48
10 64 53
11 1 52
11 2 41
11 3 26
11 4 38
11 5 28
11 6 29
11 7 13
11 8 47
11 9 45
11 10 40
11 11 -1
11 12 19
11 13 45
11 14 5
11 15 32
11 16 17
11 17 14
11 18 13
11 19 4
11 20 14
11 21 26
11 22 35
11 23 26
11 24 31
11 25 59
11 26 11
11 27 52
11 28 55
11 29 51
11 30 43
11 31 35
11 32 19
11 33 10
11 34 33
11 35 20
11 36 54
11 37 28
11 38 24
11 39 50
11 40 28
11 41 8
11 42 19
11 43 35
11 44 23
11 45 49
11 46 40
11 47 45
11 48 38
11 49 35
11 50 35
11 51 32
11 52 52
11 53 3
11 54 22
11 55 53
11 56 21
11 57 44
11 58 20
11 59 30
11 60 49
11 61 33
11 62 29
11 63 10
11 64 49
12 1 50
12 2 48
12 3 7
12 4 25
12 5 47
12 6 48
12 7 31
12 8 57
12 9 38
12 10 32
12 11 19
12 12 -1
12 13 34
12 14 18
12 15 18
12 16 16
12 17 5
12 18 32
12 19 15
12 20 33
12 21 11
12 22 52
12 23 8
12 24 30
12 25 69
12 26 26
12 27 59
12 28 63
12 29 58
12 30 34
12 31 37
12 32 38
12 33 13
12 34 49
12 35 22
12 36 45
12 37 34
12 38 42
12 39 42
12 40 41
12 41 27
12 42 38
12 43 32
12 44 40
12 45 44
12 46 42
12 47 52
12 48 51
12 49 43
12 50 44
12 51 19
12 52 52
12 53 19
12 54 23
12 55 59
12 56 40
12 57 42
12 58 35
12 59 36
12 60 39
12 61 49
12 62 12
12 63 22
12 64 62
13 1 27
13 2 40
13 3 32
13 4 8
13 5 71
13 6 72
13 7 58
13 8 52
13 9 9
13 10 8
13 11 45
13 12 34
13 13 -1
13 14 41
13 15 16
13 16 29
13 17 34
13 18 53
13 19 42
13 20 58
13 21 42
13 22 65
13 23 26
13 24 21
13 25 60
13 26 44
13 27 48
13 28 52
13 29 48
13 30 6
13 31 29
13 32 58
13 33 35
13 34 57
13 35 28
13 36 12
13 37 33
13 38 57
13 39 10
13 40 48
13 41 51
13 42 55
13 43 19
13 44 55
13 45 17
13 46 29
13 47 41
13 48 55
13 49 41
13 50 42
13 51 14
13 52 32
13 53 43
13 54 26
13 55 46
13 56 61
13 57 20
13 58 48
13 59 34
13 60 6
13 61 60
13 62 23
13 63 53
13 64 61
14 1 47
14 2 37
14 3 25
14 4 33
14 5 31
14 6 32
14 7 17
14 8 43
14 9 40
14 10 35
14 11 5
14 12 18
14 13 41
14 14 -1
14 15 28
14 16 12
14 17 13
14 18 14
14 19 5
14 20 18
14 21 27
14 22 34
14 23 23
14 24 26
14 25 56
14 26 8
14 27 48
14 28 51
14 29 47
14 30 38
14 31 30
14 32 20
14 33 5
14 34 31
14 35 15
14 36 49
14 37 23
14 38 24
14 39 45
14 40 25
14 41 10
14 42 20
14 43 30
14 44 22
14 45 44
14 46 35
14 47 41
14 48 35
14 49 31
14 50 31
14 51 28
14 52 47
14 53 2
14 54 17
14 55 49
14 56 22
14 57 39
14 58 18
14 59 25
14 60 45
14 61 31
14 62 27
14 63 15
14 64 46
15 1 37
15 2 42
15 3 16
15 4 8
15 5 60
15 6 60
15 7 45
15 8 53
15 9 21
15 10 15
15 11 32
15 12 18
15 13 16
15 14 28
15 15 -1
15 16 17
15 17 19
15 18 42
15 19 28
15 20 46
15 21 26
15 22 58
15 23 10
15 24 21
15 25 64
15 26 33
15 27 52
15 28 56
15 29 52
15 30 17
15 31 30
15 32 47
15 33 22
15 34 52
15 35 20
15 36 28
15 37 31
15 38 49
15 39 25
15 40 43
15 41 39
15 42 46
15 43 21
15 44 46
15 45 28
15 46 32
15 47 44
15 48 52
15 49 40
15 50 41
15 51 2
15 52 40
15 53 30
15 54 20
15 55 51
15 56 50
15 57 28
15 58 40
15 59 32
15 60 22
15 61 54
15 62 7
15 63 38
15 64 60
16 1 37
16 2 32
16 3 21
16 4 22
16 5 43
16 6 43
16 7 29
16 8 41
16 9 28
16 10 23
16 11 17
16 12 16
16 13 29
16 14 12
16 15 17
16 16 -1
16 17 12
16 18 24
16 19 14
16 20 29
16 21 27
16 22 41
16 23 16
16 24 16
16 25 53
16 26 16
16 27 43
16 28 46
16 29 42
16 30 26
16 31 21
16 32 29
16 33 7
16 34 35
16 35 5
16 36 37
16 37 18
16 38 31
16 39 33
16 40 26
16 41 22
16 42 28
16 43 19
16 44 29
16 45 32
16 46 26
16 47 35
16 48 37
16 49 27
16 50 28
16 51 17
16 52 37
16 53 14
16 54 7
16 55 43
16 56 33
16 57 29
16 58 23
16 59 20
16 60 33
16 61 37
16 62 19
16 63 25
16 64 46
17 1 48
17 2 44
17 3 12
17 4 26
17 5 43
17 6 43
17 7 27
17 8 53
17 9 37
17 10 31
17 11 14
17 12 5
17 13 34
17 14 13
17 15 19
17 16 12
17 17 -1
17 18 27
17 19 10
17 20 29
17 21 15
17 22 47
17 23 11
17 24 27
17 25 65
17 26 21
17 27 55
17 28 59
17 29 55
17 30 33
17 31 34
17 32 33
17 33 8
17 34 44
17 35 18
17 36 45
17 37 30
17 38 37
17 39 41
17 40 36
17 41 22
17 42 33
17 43 30
17 44 35
17 45 43
17 46 39
17 47 48
17 48 47
17 49 39
17 50 40
17 51 20
17 52 50
17 53 14
17 54 20
17 55 55
17 56 35
17 57 40
17 58 30
17 59 32
17 60 40
17 61 44
17 62 15
17 63 19
17 64 57
18 1 53
18 2 38
18 3 39
18 4 46
18 5 18
18 6 19
18 7 10
18 8 40
18 9 51
18 10 46
18 11 13
18 12 32
18 13 53
18 14 14
18 15 42
18 16 24
18 17 27
18 18 -1
18 19 17
18 20 7
18 21 39
18 22 22
18 23 37
18 24 35
18 25 52
18 26 9
18 27 47
18 28 49
18 29 46
18 30 49
18 31 35
18 32 6
18 33 19
18 34 22
18 35 25
18 36 60
18 37 27
18 38 12
18 39 56
18 40 20
18 41 5
18 42 7
18 43 38
18 44 12
18 45 53
18 46 39
18 47 42
18 48 28
18 49 31
18 50 31
18 51 42
18 52 51
18 53 13
18 54 26
18 55 49
18 56 8
18 57 47
18 58 12
18 59 28
18 60 56
18 61 21
18 62 41
18 63 18
18 64 40
19 1 51
19 2 42
19 3 22
19 4 34
19 5 32
19 6 33
19 7 17
19 8 48
19 9 43
19 10 37
19 11 4
19 12 15
19 13 42
19 14 5
19 15 28
19 16 14
19 17 10
19 18 17
19 19 -1
19 20 18
19 21 23
19 22 38
19 23 21
19 24 30
19 25 61
19 26 13
19 27 53
19 28 56
19 29 52
19 30 40
19 31 34
19 32 23
19 33 7
19 34 36
19 35 19
19 36 51
19 37 28
19 38 28
19 39 47
19 40 30
19 41 12
19 42 23
19 43 33
19 44 26
19 45 47
19 46 39
19 47 46
19 48 40
19 49 36
19 50 36
19 51 29
19 52 51
19 53 4
19 54 21
19 55 53
19 56 25
19 57 43
19 58 23
19 59 30
19 60 47
19 61 36
19 62 25
19 63 11
19 64 51
20 1 60
20 2 45
20 3 41
20 4 51
20 5 13
20 6 14
20 7 4
20 8 47
20 9 57
20 10 52
20 11 14
20 12 33
20 13 58
20 14 18
20 15 46
20 16 29
20 17 29
20 18 7
20 19 18
20 20 -1
20 21 40
20 22 26
20 23 40
20 24 41
20 25 58
20 26 15
20 27 54
20 28 56
20 29 53
20 30 55
20 31 42
20 32 8
20 33 23
20 34 28
20 35 31
20 36 66
20 37 34
20 38 16
20 39 62
20 40 27
20 41 7
20 42 12
20 43 45
20 44 17
20 45 59
20 46 46
20 47 49
20 48 34
20 49 38
20 50 38
20 51 46
20 52 58
20 53 16
20 54 33
20 55 56
20 56 8
20 57 54
20 58 19
20 59 35
20 60 62
20 61 25
20 62 44
20 63 15
20 64 46
21 1 61
21 2 59
21 3 10
21 4 34
21 5 53
21 6 53
21 7 37
21 8 68
21 9 47
21 10 41
21 11 26
21 12 11
21 13 42
21 14 27
21 15 26
21 16 27
21 17 15
21 18 39
21 19 23
21 20 40
21 21 -1
21 22 61
21 23 16
21 24 41
21 25 80
21 26 36
21 27 71
21 28 74
21 29 70
21 30 43
21 31 49
21 32 45
21 33 24
21 34 59
21 35 33
21 36 54
21 37 46
21 38 51
21 39 51
21 40 52
21 41 34
21 42 46
21 43 43
21 44 49
21 45 54
21 46 53
21 47 63
21 48 62
21 49 55
21 50 55
21 51 28
21 52 63
21 53 27
21 54 35
21 55 70
21 56 47
21 57 52
21 58 45
21 59 48
21 60 48
21 61 59
21 62 19
21 63 25
21 64 73
22 1 55
22 2 34
22 3 59
22 4 60
22 5 23
22 6 24
22 7 30
22 8 29
22 9 59
22 10 57
22 11 35
22 12 52
22 13 65
22 14 34
22 15 58
22 16 41
22 17 47
22 18 22
22 19 38
22 20 26
22 21 61
22 22 -1
22 23 57
22 24 43
22 25 38
22 26 26
22 27 38
22 28 39
22 29 37
22 30 60
22 31 38
22 32 17
22 33 39
22 34 9
22 35 38
22 36 68
22 37 31
22 38 10
22 39 64
22 40 17
22 41 28
22 42 15
22 43 46
22 44 12
22 45 58
22 46 41
22 47 36
22 48 15
22 49 28
22 50 27
22 51 57
22 52 51
22 53 34
22 54 39
22 55 41
22 56 18
22 57 52
22 58 18
22 59 31
22 60 66
22 61 5
22 62 60
22 63 41
22 64 24
23 1 45
23 2 46
23 3 6
23 4 18
23 5 54
23 6 55
23 7 39
23 8 57
23 9 31
23 10 25
23 11 26
23 12 8
23 13 26
23 14 23
23 15 10
23 16 16
23 17 11
23 18 37
23 19 21
23 20 40
23 21 16
23 22 57
23 23 -1
23 24 27
23 25 68
23 26 31
23 27 58
23 28 61
23 29 57
23 30 27
23 31 35
23 32 43
23 33 18
23 34 51
23 35 21
23 36 38
23 37 34
23 38 47
23 39 35
23 40 43
23 41 33
23 42 43
23 43 28
23 44 45
23 45 38
23 46 39
23 47 50
23 48 53
23 49 43
23 50 44
23 51 12
23 52 48
23 53 25
23 54 22
23 55 57
23 56 46
23 57 37
23 58 39
23 59 36
23 60 32
23 61 53
23 62 4
23 63 30
23 64 63
24 1 21
24 2 21
24 3 33
24 4 19
24 5 53
24 6 54
24 7 42
24 8 32
24 9 16
24 10 13
24 11 31
24 12 30
24 13 21
24 14 26
24 15 21
24 16 16
24 17 27
24 18 35
24 19 30
24 20 41
24 21 41
24 22 43
24 23 27
24 24 -1
24 25 42
24 26 26
24 27 31
24 28 35
24 29 31
24 30 16
24 31 8
24 32 38
24 33 23
24 34 35
24 35 11
24 36 25
24 37 12
24 38 37
24 39 21
24 40 26
24 41 35
24 42 36
24 43 3
24 44 34
24 45 17
24 46 12
24 47 23
24 48 34
24 49 20
24 50 21
24 51 19
24 52 22
24 53 28
24 54 9
24 55 30
24 56 42
24 57 13
24 58 27
24 59 13
24 60 22
24 61 39
24 62 26
24 63 41
24 64 40
25 1 37
25 2 21
25 3 73
25 4 61
25 5 61
25 6 62
25 7 62
25 8 12
25 9 51
25 10 53
25 11 59
25 12 69
25 13 60
25 14 56
25 15 64
25 16 53
25 17 65
25 18 52
25 19 61
25 20 58
25 21 80
25 22 38
25 23 68
25 24 42
25 25 -1
25 26 48
25 27 12
25 28 9
25 29 12
25 30 54
25 31 34
25 32 50
25 33 56
25 34 31
25 35 47
25 36 57
25 37 34
25 38 42
25 39 54
25 40 31
25 41 56
25 42 46
25 43 43
25 44 41
25 45 46
25 46 31
25 47 19
25 48 24
25 49 25
25 50 24
25 51 62
25 52 31
25 53 57
25 54 46
25 55 15
25 56 52
25 57 40
25 58 40
25 59 32
25 60 58
25 61 35
25 62 69
25 63 68
25 64 14
26 1 44
26 2 31
26 3 33
26 4 38
26 5 27
26 6 28
26 7 17
26 8 36
26 9 41
26 10 37
26 11 11
26 12 26
26 13 44
26 14 8
26 15 33
26 16 16
26 17 21
26 18 9
26 19 13
26 20 15
26 21 36
26 22 26
26 23 31
26 24 26
26 25 48
26 26 -1
26 27 41
26 28 44
26 29 40
26 30 40
26 31 26
26 32 13
26 33 13
26 34 22
26 35 16
26 36 51
26 37 19
26 38 16
26 39 46
26 40 17
26 41 10
26 42 12
26 43 29
26 44 14
26 45 43
26 46 31
26 47 35
26 48 26
26 49 24
26 50 25
26 51 33
26 52 43
26 53 9
26 54 17
26 55 42
26 56 17
26 57 38
26 58 9
26 59 21
26 60 47
26 61 23
26 62 34
26 63 20
26 64 38
27 1 25
27 2 11
27 3 63
27 4 49
27 5 59
27 6 60
27 7 57
27 8 9
27 9 39
27 10 41
27 11 52
27 12 59
27 13 48
27 14 48
27 15 52
27 16 43
27 17 55
27 18 47
27 19 53
27 20 54
27 21 71
27 22 38
27 23 58
27 24 31
27 25 12
27 26 41
27 27 -1
27 28 3
27 29 1
27 30 42
27 31 22
27 32 47
27 33 48
27 34 30
27 35 37
27 36 45
27 37 25
27 38 40
27 39 42
27 40 27
27 41 51
27 42 43
27 43 31
27 44 38
27 45 34
27 46 20
27 47 7
27 48 23
27 49 17
27 50 16
27 51 50
27 52 19
27 53 49
27 54 36
27 55 3
27 56 50
27 57 28
27 58 35
27 59 23
27 60 46
27 61 34
27 62 58
27 63 62
27 64 18
28 1 28
28 2 14
28 3 67
28 4 53
28 5 61
28 6 62
28 7 60
28 8 10
28 9 43
28 10 44
28 11 55
28 12 63
28 13 52
28 14 51
28 15 56
28 16 46
28 17 59
28 18 49
28 19 56
28 20 56
28 21 74
28 22 39
28 23 61
28 24 35
28 25 9
28 26 44
28 27 3
28 28 -1
28 29 4
28 30 46
28 31 26
28 32 49
28 33 51
28 34 31
28 35 41
28 36 48
28 37 28
28 38 42
28 39 45
28 40 29
28 41 53
28 42 45
28 43 35
28 44 40
28 45 37
28 46 23
28 47 11
28 48 24
28 49 20
28 50 19
28 51 54
28 52 22
28 53 52
28 54 39
28 55 6
28 56 52
28 57 31
28 58 37
28 59 26
28 60 49
28 61 35
28 62 62
28 63 65
28 64 17
29 1 25
29 2 10
29 3 62
29 4 49
29 5 58
29 6 59
29 7 56
29 8 8
29 9 39
29 10 41
29 11 51
29 12 58
29 13 48
29 14 47
29 15 52
29 16 42
29 17 55
29 18 46
29 19 52
29 20 53
29 21 70
29 22 37
29 23 57
29 24 31
29 25 12
29 26 40
29 27 1
29 28 4
29 29 -1
29 30 42
29 31 22
29 32 46
29 33 47
29 34 29
29 35 36
29 36 45
29 37 24
29 38 39
29 39 42
29 40 26
29 41 50
29 42 42
29 43 31
29 44 37
29 45 34
29 46 19
29 47 7
29 48 22
29 49 16
29 50 15
29 51 50
29 52 19
29 53 48
29 54 35
29 55 4
29 56 49
29 57 28
29 58 34
29 59 22
29 60 46
29 61 33
29 62 57
29 63 61
29 64 17
30 1 21
30 2 34
30 3 33
30 4 9
30 5 67
30 6 68
30 7 55
30 8 46
30 9 4
30 10 2
30 11 43
30 12 34
30 13 6
30 14 38
30 15 17
30 16 26
30 17 33
30 18 49
30 19 40
30 20 55
30 21 43
30 22 60
30 23 27
30 24 16
30 25 54
30 26 40
30 27 42
30 28 46
30 29 42
30 30 -1
30 31 23
30 32 53
30 33 33
30 34 51
30 35 24
30 36 11
30 37 28
30 38 53
30 39 8
30 40 42
30 41 48
30 42 51
30 43 13
30 44 50
30 45 12
30 46 23
30 47 35
30 48 50
30 49 35
30 50 36
30 51 15
30 52 26
30 53 40
30 54 22
30 55 40
30 56 57
30 57 14
30 58 43
30 59 28
30 60 7
30 61 55
30 62 24
30 63 51
30 64 55
31 1 18
31 2 12
31 3 41
31 4 27
31 5 51
31 6 52
31 7 44
31 8 23
31 9 21
31 10 21
31 11 35
31 12 37
31 13 29
31 14 30
31 15 30
31 16 21
31 17 34
31 18 35
31 19 34
31 20 42
31 21 49
31 22 38
31 23 35
31 24 8
31 25 34
31 26 26
31 27 22
31 28 26
31 29 22
31 30 23
31 31 -1
31 32 37
31 33 27
31 34 30
31 35 16
31 36 29
31 37 8
31 38 34
31 39 26
31 40 21
31 41 36
31 42 34
31 43 10
31 44 31
31 45 20
31 46 5
31 47 15
31 48 27
31 49 12
31 50 13
31 51 28
31 52 17
31 53 32
31 54 14
31 55 21
31 56 41
31 57 13
31 58 25
31 59 7
31 60 28
31 61 33
31 62 35
31 63 45
31 64 32
32 1 55
32 2 38
32 3 45
32 4 51
32 5 14
32 6 15
32 7 12
32 8 39
32 9 55
32 10 51
32 11 19
32 12 38
32 13 58
32 14 20
32 15 47
32 16 29
32 17 33
32 18 6
32 19 23
32 20 8
32 21 45
32 22 17
32 23 43
32 24 38
32 25 50
32 26 13
32 27 47
32 28 49
32 29 46
32 30 53
32 31 37
32 32 -1
32 33 25
32 34 19
32 35 30
32 36 64
32 37 29
32 38 8
32 39 60
32 40 20
32 41 11
32 42 4
32 43 42
32 44 9
32 45 56
32 46 42
32 47 42
32 48 26
32 49 31
32 50 31
32 51 47
32 52 53
32 53 19
32 54 31
32 55 49
32 56 3
32 57 50
32 58 12
32 59 30
32 60 60
32 61 17
32 62 47
32 63 23
32 64 37
33 1 44
33 2 36
33 3 20
33 4 28
33 5 37
33 6 38
33 7 23
33 8 44
33 9 35
33 10 30
33 11 10
33 12 13
33 13 35
33 14 5
33 15 22
33 16 7
33 17 8
33 18 19
33 19 7
33 20 23
33 21 24
33 22 39
33 23 18
33 24 23
33 25 56
33 26 13
33 27 48
33 28 51
33 29 47
33 30 33
33 31 27
33 32 25
33 33 -1
33 34 35
33 35 12
33 36 44
33 37 22
33 38 29
33 39 40
33 40 27
33 41 16
33 42 25
33 43 26
33 44 27
33 45 40
33 46 32
33 47 40
33 48 38
33 49 31
33 50 32
33 51 22
33 52 44
33 53 7
33 54 14
33 55 48
33 56 28
33 57 36
33 58 21
33 59 25
33 60 39
33 61 35
33 62 21
33 63 18
33 64 48
34 1 45
34 2 25
34 3 55
34 4 53
34 5 30
34 6 31
34 7 32
34 8 21
34 9 51
34 10 49
34 11 33
34 12 49
34 13 57
34 14 31
34 15 52
34 16 35
34 17 44
34 18 22
34 19 36
34 20 28
34 21 59
34 22 9
34 23 51
34 24 35
34 25 31
34 26 22
34 27 30
34 28 31
34 29 29
34 30 51
34 31 30
34 32 19
34 33 35
34 34 -1
34 35 32
34 36 59
34 37 23
34 38 11
34 39 55
34 40 9
34 41 28
34 42 16
34 43 38
34 44 10
34 45 49
34 46 32
34 47 27
34 48 7
34 49 19
34 50 18
34 51 51
34 52 41
34 53 31
34 54 32
34 55 32
34 56 21
34 57 43
34 58 13
34 59 23
34 60 58
34 61 4
34 62 54
34 63 41
34 64 18
35 1 32
35 2 26
35 3 26
35 4 22
35 5 43
35 6 44
35 7 32
35 8 35
35 9 25
35 10 21
35 11 20
35 12 22
35 13 28
35 14 15
35 15 20
35 16 5
35 17 18
35 18 25
35 19 19
35 20 31
35 21 33
35 22 38
35 23 21
35 24 11
35 25 47
35 26 16
35 27 37
35 28 41
35 29 36
35 30 24
35 31 16
35 32 30
35 33 12
35 34 32
35 35 -1
35 36 35
35 37 12
35 38 30
35 39 30
35 40 23
35 41 24
35 42 27
35 43 14
35 44 27
35 45 28
35 46 20
35 47 30
35 48 32
35 49 22
35 50 23
35 51 19
35 52 32
35 53 17
35 54 2
35 55 37
35 56 33
35 57 24
35 58 20
35 59 14
35 60 31
35 61 34
35 62 23
35 63 30
35 64 41
36 1 20
36 2 38
36 3 44
36 4 20
36 5 78
36 6 79
36 7 67
36 8 50
36 9 9
36 10 14
36 11 54
36 12 45
36 13 12
36 14 49
36 15 28
36 16 37
36 17 45
36 18 60
36 19 51
36 20 66
36 21 54
36 22 68
36 23 38
36 24 25
36 25 57
36 26 51
36 27 45
36 28 48
36 29 45
36 30 11
36 31 29
36 32 64
36 33 44
36 34 59
36 35 35
36 36 -1
36 37 36
36 38 62
36 39 4
36 40 51
36 41 59
36 42 61
36 43 22
36 44 59
36 45 11
36 46 28
36 47 39
36 48 57
36 49 41
36 50 42
36 51 26
36 52 26
36 53 51
36 54 33
36 55 42
36 56 67
36 57 17
36 58 53
36 59 36
36 60 6
36 61 63
36 62 35
36 63 63
36 64 60
37 1 26
37 2 13
37 3 39
37 4 31
37 5 43
37 6 44
37 7 36
37 8 23
37 9 28
37 10 25
37 11 28
37 12 34
37 13 33
37 14 23
37 15 31
37 16 18
37 17 30
37 18 27
37 19 28
37 20 34
37 21 46
37 22 31
37 23 34
37 24 12
37 25 34
37 26 19
37 27 25
37 28 28
37 29 24
37 30 28
37 31 8
37 32 29
37 33 22
37 34 23
37 35 12
37 36 36
37 37 -1
37 38 26
37 39 32
37 40 14
37 41 29
37 42 26
37 43 15
37 44 23
37 45 27
37 46 12
37 47 17
37 48 22
37 49 9
37 50 10
37 51 29
37 52 24
37 53 25
37 54 11
37 55 25
37 56 33
37 57 21
37 58 17
37 59 2
37 60 34
37 61 26
37 62 35
37 63 38
37 64 29
38 1 51
38 2 32
38 3 49
38 4 52
38 5 19
38 6 20
38 7 20
38 8 32
38 9 53
38 10 50
38 11 24
38 12 42
38 13 57
38 14 24
38 15 49
38 16 31
38 17 37
38 18 12
38 19 28
38 20 16
38 21 51
38 22 10
38 23 47
38 24 37
38 25 42
38 26 16
38 27 40
38 28 42
38 29 39
38 30 53
38 31 34
38 32 8
38 33 29
38 34 11
38 35 30
38 36 62
38 37 26
38 38 -1
38 39 58
38 40 13
38 41 18
38 42 5
38 43 40
38 44 2
38 45 53
38 46 38
38 47 36
38 48 18
38 49 26
38 50 25
38 51 48
38 52 48
38 53 23
38 54 30
38 55 42
38 56 10
38 57 47
38 58 9
38 59 27
38 60 59
38 61 9
38 62 50
38 63 30
38 64 29
39 1 18
39 2 35
39 3 41
39 4 17
39 5 74
39 6 75
39 7 62
39 8 47
39 9 5
39 10 10
39 11 50
39 12 42
39 13 10
39 14 45
39 15 25
39 16 33
39 17 41
39 18 56
39 19 47
39 20 62
39 21 51
39 22 64
39 23 35
39 24 21
39 25 54
39 26 46
39 27 42
39 28 45
39 29 42
39 30 8
39 31 26
39 32 60
39 33 40
39 34 55
39 35 30
39 36 4
39 37 32
39 38 58
39 39 -1
39 40 47
39 41 55
39 42 57
39 43 17
39 44 55
39 45 8
39 46 24
39 47 36
39 48 53
39 49 37
39 50 38
39 51 23
39 52 24
39 53 47
39 54 29
39 55 39
39 56 63
39 57 14
39 58 49
39 59 32
39 60 5
39 61 59
39 62 32
39 63 59
39 64 56
40 1 38
40 2 18
40 3 47
40 4 44
40 5 33
40 6 34
40 7 30
40 8 19
40 9 42
40 10 40
40 11 28
40 12 41
40 13 48
40 14 25
40 15 43
40 16 26
40 17 36
40 18 20
40 19 30
40 20 27
40 21 52
40 22 17
40 23 43
40 24 26
40 25 31
40 26 17
40 27 27
40 28 29
40 29 26
40 30 42
40 31 21
40 32 20
40 33 27
40 34 9
40 35 23
40 36 51
40 37 14
40 38 13
40 39 47
40 40 -1
40 41 25
40 42 16
40 43 29
40 44 11
40 45 41
40 46 24
40 47 22
40 48 10
40 49 12
40 50 11
40 51 42
40 52 34
40 53 26
40 54 23
40 55 29
40 56 23
40 57 34
40 58 8
40 59 14
40 60 49
40 61 12
40 62 45
40 63 37
40 64 21
41 1 54
41 2 41
41 3 34
41 4 44
41 5 21
41 6 21
41 7 7
41 8 44
41 9 50
41 10 45
41 11 8
41 12 27
41 13 51
41 14 10
41 15 39
41 16 22
41 17 22
41 18 5
41 19 12
41 20 7
41 21 34
41 22 28
41 23 33
41 24 35
41 25 56
41 26 10
41 27 51
41 28 53
41 29 50
41 30 48
41 31 36
41 32 11
41 33 16
41 34 28
41 35 24
41 36 59
41 37 29
41 38 18
41 39 55
41 40 25
41 41 -1
41 42 13
41 43 38
41 44 17
41 45 53
41 46 41
41 47 45
41 48 33
41 49 34
41 50 34
41 51 39
41 52 53
41 53 8
41 54 26
41 55 52
41 56 13
41 57 48
41 58 16
41 59 31
41 60 55
41 61 27
41 62 37
41 63 12
41 64 45
42 1 52
42 2 34
42 3 45
42 4 50
42 5 17
42 6 18
42 7 16
42 8 35
42 9 52
42 10 48
42 11 19
42 12 38
42 13 55
42 14 20
42 15 46
42 16 28
42 17 33
42 18 7
42 19 23
42 20 12
42 21 46
42 22 15
42 23 43
42 24 36
42 25 46
42 26 12
42 27 43
42 28 45
42 29 42
42 30 51
42 31 34
42 32 4
42 33 25
42 34 16
42 35 27
42 36 61
42 37 26
42 38 5
42 39 57
42 40 16
42 41 13
42 42 -1
42 43 39
42 44 5
42 45 53
42 46 38
42 47 38
42 48 22
42 49 27
42 50 27
42 51 45
42 52 49
42 53 19
42 54 28
42 55 45
42 56 7
42 57 47
42 58 8
42 59 27
42 60 58
42 61 14
42 62 46
42 63 25
42 64 34
43 1 18
43 2 21
43 3 34
43 4 18
43 5 56
43 6 57
43 7 46
43 8 33
43 9 13
43 10 11
43 11 35
43 12 32
43 13 19
43 14 30
43 15 21
43 16 19
43 17 30
43 18 38
43 19 33
43 20 45
43 21 43
43 22 46
43 23 28
43 24 3
43 25 43
43 26 29
43 27 31
43 28 35
43 29 31
43 30 13
43 31 10
43 32 42
43 33 26
43 34 38
43 35 14
43 36 22
43 37 15
43 38 40
43 39 17
43 40 29
43 41 38
43 42 39
43 43 -1
43 44 37
43 45 14
43 46 11
43 47 24
43 48 36
43 49 22
43 50 23
43 51 19
43 52 20
43 53 32
43 54 12
43 55 30
43 56 46
43 57 10
43 58 31
43 59 15
43 60 19
43 61 42
43 62 27
43 63 44
43 64 42
44 1 49
44 2 30
44 3 47
44 4 49
44 5 21
44 6 22
44 7 21
44 8 30
44 9 50
44 10 47
44 11 23
44 12 40
44 13 55
44 14 22
44 15 46
44 16 29
44 17 35
44 18 12
44 19 26
44 20 17
44 21 49
44 22 12
44 23 45
44 24 34
44 25 41
44 26 14
44 27 38
44 28 40
44 29 37
44 30 50
44 31 31
44 32 9
44 33 27
44 34 10
44 35 27
44 36 59
44 37 23
44 38 2
44 39 55
44 40 11
44 41 17
44 42 5
44 43 37
44 44 -1
44 45 50
44 46 35
44 47 33
44 48 17
44 49 23
44 50 23
44 51 46
44 52 46
44 53 22
44 54 28
44 55 40
44 56 12
44 57 44
44 58 6
44 59 24
44 60 57
44 61 9
44 62 48
44 63 30
44 64 28
45 1 10
45 2 27
45 3 44
45 4 21
45 5 70
45 6 71
45 7 60
45 8 39
45 9 7
45 10 13
45 11 49
45 12 44
45 13 17
45 14 44
45 15 28
45 16 32
45 17 43
45 18 53
45 19 47
45 20 59
45 21 54
45 22 58
45 23 38
45 24 17
45 25 46
45 26 43
45 27 34
45 28 37
45 29 34
45 30 12
45 31 20
45 32 56
45 33 40
45 34 49
45 35 28
45 36 11
45 37 27
45 38 53
45 39 8
45 40 41
45 41 53
45 42 53
45 43 14
45 44 50
45 45 -1
45 46 17
45 47 28
45 48 46
45 49 31
45 50 32
45 51 26
45 52 15
45 53 46
45 54 26
45 55 31
45 56 60
45 57 6
45 58 44
45 59 27
45 60 13
45 61 53
45 62 36
45 63 58
45 64 49
46 1 13
46 2 11
46 3 45
46 4 29
46 5 56
46 6 57
46 7 49
46 8 23
46 9 21
46 10 21
46 11 40
46 12 42
46 13 29
46 14 35
46 15 32
46 16 26
46 17 39
46 18 39
46 19 39
46 20 46
46 21 53
46 22 41
46 23 39
46 24 12
46 25 31
46 26 31
46 27 20
46 28 23
46 29 19
46 30 23
46 31 5
46 32 42
46 33 32
46 34 32
46 35 20
46 36 28
46 37 12
46 38 38
46 39 24
46 40 24
46 41 41
46 42 38
46 43 11
46 44 35
46 45 17
46 46 -1
46 47 12
46 48 29
46 49 13
46 50 14
46 51 30
46 52 12
46 53 37
46 54 18
46 55 18
46 56 45
46 57 10
46 58 29
46 59 11
46 60 28
46 61 36
46 62 38
46 63 50
46 64 32
47 1 20
47 2 4
47 3 55
47 4 42
47 5 55
47 6 56
47 7 52
47 8 11
47 9 33
47 10 34
47 11 45
47 12 52
47 13 41
47 14 41
47 15 44
47 16 35
47 17 48
47 18 42
47 19 46
47 20 49
47 21 63
47 22 36
47 23 50
47 24 23
47 25 19
47 26 35
47 27 7
47 28 11
47 29 7
47 30 35
47 31 15
47 32 42
47 33 40
47 34 27
47 35 30
47 36 39
47 37 17
47 38 36
47 39 36
47 40 22
47 41 45
47 42 38
47 43 24
47 44 33
47 45 28
47 46 12
47 47 -1
47 48 22
47 49 11
47 50 11
47 51 43
47 52 15
47 53 43
47 54 28
47 55 7
47 56 45
47 57 22
47 58 30
47 59 15
47 60 40
47 61 32
47 62 50
47 63 55
47 64 21
48 1 41
48 2 19
48 3 57
48 4 53
48 5 37
48 6 38
48 7 38
48 8 14
48 9 49
48 10 47
48 11 38
48 12 51
48 13 55
48 14 35
48 15 52
48 16 37
48 17 47
48 18 28
48 19 40
48 20 34
48 21 62
48 22 15
48 23 53
48 24 34
48 25 24
48 26 26
48 27 23
48 28 24
48 29 22
48 30 50
48 31 27
48 32 26
48 33 38
48 34 7
48 35 32
48 36 57
48 37 22
48 38 18
48 39 53
48 40 10
48 41 33
48 42 22
48 43 36
48 44 17
48 45 46
48 46 29
48 47 22
48 48 -1
48 49 15
48 50 14
48 51 51
48 52 36
48 53 36
48 54 32
48 55 26
48 56 28
48 57 39
48 58 17
48 59 21
48 60 56
48 61 11
48 62 55
48 63 46
48 64 11
49 1 26
49 2 7
49 3 48
49 4 39
49 5 45
49 6 46
49 7 41
49 8 13
49 9 33
49 10 33
49 11 35
49 12 43
49 13 41
49 14 31
49 15 40
49 16 27
49 17 39
49 18 31
49 19 36
49 20 38
49 21 55
49 22 28
49 23 43
49 24 20
49 25 25
49 26 24
49 27 17
49 28 20
49 29 16
49 30 35
49 31 12
49 32 31
49 33 31
49 34 19
49 35 22
49 36 41
49 37 9
49 38 26
49 39 37
49 40 12
49 41 34
49 42 27
49 43 22
49 44 23
49 45 31
49 46 13
49 47 11
49 48 15
49 49 -1
49 50 1
49 51 38
49 52 23
49 53 32
49 54 21
49 55 18
49 56 34
49 57 24
49 58 19
49 59 7
49 60 41
49 61 23
49 62 44
49 63 45
49 64 20
50 1 27
50 2 7
50 3 49
50 4 40
50 5 44
50 6 45
50 7 41
50 8 12
50 9 34
50 10 34
50 11 35
50 12 44
50 13 42
50 14 31
50 15 41
50 16 28
50 17 40
50 18 31
50 19 36
50 20 38
50 21 55
50 22 27
50 23 44
50 24 21
50 25 24
50 26 25
50 27 16
50 28 19
50 29 15
50 30 36
50 31 13
50 32 31
50 33 32
50 34 18
50 35 23
50 36 42
50 37 10
50 38 25
50 39 38
50 40 11
50 41 34
50 42 27
50 43 23
50 44 23
50 45 32
50 46 14
50 47 11
50 48 14
50 49 1
50 50 -1
50 51 39
50 52 23
50 53 33
50 54 21
50 55 18
50 56 34
50 57 25
50 58 19
50 59 8
50 60 41
50 61 22
50 62 45
50 63 45
50 64 19
51 1 34
51 2 40
51 3 18
51 4 6
51 5 60
51 6 60
51 7 46
51 8 51
51 9 19
51 10 13
51 11 32
51 12 19
51 13 14
51 14 28
51 15 2
51 16 17
51 17 20
51 18 42
51 19 29
51 20 46
51 21 28
51 22 57
51 23 12
51 24 19
51 25 62
51 26 33
51 27 50
51 28 54
51 29 50
51 30 15
51 31 28
51 32 47
51 33 22
51 34 51
51 35 19
51 36 26
51 37 29
51 38 48
51 39 23
51 40 42
51 41 39
51 42 45
51 43 19
51 44 46
51 45 26
51 46 30
51 47 43
51 48 51
51 49 38
51 50 39
51 51 -1
51 52 38
51 53 30
51 54 19
51 55 49
51 56 50
51 57 26
51 58 39
51 59 31
51 60 20
51 61 53
51 62 9
51 63 39
51 64 58
52 1 6
52 2 16
52 3 54
52 4 35
52 5 67
52 6 68
52 7 61
52 8 26
52 9 22
52 10 26
52 11 52
52 12 52
52 13 32
52 14 47
52 15 40
52 16 37
52 17 50
52 18 51
52 19 51
52 20 58
52 21 63
52 22 51
52 23 48
52 24 22
52 25 31
52 26 43
52 27 19
52 28 22
52 29 19
52 30 26
52 31 17
52 32 53
52 33 44
52 34 41
52 35 32
52 36 26
52 37 24
52 38 48
52 39 24
52 40 34
52 41 53
52 42 49
52 43 20
52 44 46
52 45 15
52 46 12
52 47 15
52 48 36
52 49 23
52 50 23
52 51 38
52 52 -1
52 53 49
52 54 30
52 55 16
52 56 57
52 57 12
52 58 40
52 59 22
52 60 28
52 61 46
52 62 47
52 63 62
52 64 36
53 1 49
53 2 38
53 3 26
53 4 36
53 5 29
53 6 30
53 7 15
53 8 44
53 9 42
53 10 37
53 11 3
53 12 19
53 13 43
53 14 2
53 15 30
53 16 14
53 17 14
53 18 13
53 19 4
53 20 16
53 21 27
53 22 34
53 23 25
53 24 28
53 25 57
53 26 9
53 27 49
53 28 52
53 29 48
53 30 40
53 31 32
53 32 19
53 33 7
53 34 31
53 35 17
53 36 51
53 37 25
53 38 23
53 39 47
53 40 26
53 41 8
53 42 19
53 43 32
53 44 22
53 45 46
53 46 37
53 47 43
53 48 36
53 49 32
53 50 33
53 51 30
53 52 49
53 53 -1
53 54 19
53 55 50
53 56 21
53 57 41
53 58 18
53 59 27
53 60 47
53 61 31
53 62 28
53 63 13
53 64 47
54 1 30
54 2 24
54 3 27
54 4 21
54 5 45
54 6 45
54 7 34
54 8 34
54 9 24
54 10 19
54 11 22
54 12 23
54 13 26
54 14 17
54 15 20
54 16 7
54 17 20
54 18 26
54 19 21
54 20 33
54 21 35
54 22 39
54 23 22
54 24 9
54 25 46
54 26 17
54 27 36
54 28 39
54 29 35
54 30 22
54 31 14
54 32 31
54 33 14
54 34 32
54 35 2
54 36 33
54 37 11
54 38 30
54 39 29
54 40 23
54 41 26
54 42 28
54 43 12
54 44 28
54 45 26
54 46 18
54 47 28
54 48 32
54 49 21
54 50 21
54 51 19
54 52 30
54 53 19
54 54 -1
54 55 35
54 56 34
54 57 22
54 58 21
54 59 13
54 60 29
54 61 34
54 62 23
54 63 32
54 64 40
55 1 22
55 2 11
55 3 63
55 4 47
55 5 61
55 6 62
55 7 59
55 8 12
55 9 37
55 10 39
55 11 53
55 12 59
55 13 46
55 14 49
55 15 51
55 16 43
55 17 55
55 18 49
55 19 53
55 20 56
55 21 70
55 22 41
55 23 57
55 24 30
55 25 15
55 26 42
55 27 3
55 28 6
55 29 4
55 30 40
55 31 21
55 32 49
55 33 48
55 34 32
55 35 37
55 36 42
55 37 25
55 38 42
55 39 39
55 40 29
55 41 52
55 42 45
55 43 30
55 44 40
55 45 31
55 46 18
55 47 7
55 48 26
55 49 18
55 50 18
55 51 49
55 52 16
55 53 50
55 54 35
55 55 -1
55 56 52
55 57 25
55 58 37
55 59 23
55 60 43
55 61 37
55 62 57
55 63 63
55 64 22
56 1 59
56 2 41
56 3 47
56 4 55
56 5 10
56 6 11
56 7 12
56 8 42
56 9 58
56 10 54
56 11 21
56 12 40
56 13 61
56 14 22
56 15 50
56 16 33
56 17 35
56 18 8
56 19 25
56 20 8
56 21 47
56 22 18
56 23 46
56 24 42
56 25 52
56 26 17
56 27 50
56 28 52
56 29 49
56 30 57
56 31 41
56 32 3
56 33 28
56 34 21
56 35 33
56 36 67
56 37 33
56 38 10
56 39 63
56 40 23
56 41 13
56 42 7
56 43 46
56 44 12
56 45 60
56 46 45
56 47 45
56 48 28
56 49 34
56 50 34
56 51 50
56 52 57
56 53 21
56 54 34
56 55 52
56 56 -1
56 57 54
56 58 16
56 59 34
56 60 64
56 61 18
56 62 50
56 63 23
56 64 39
57 1 8
57 2 21
57 3 43
57 4 23
57 5 64
57 6 65
57 7 55
57 8 33
57 9 11
57 10 14
57 11 44
57 12 42
57 13 20
57 14 39
57 15 28
57 16 29
57 17 40
57 18 47
57 19 43
57 20 54
57 21 52
57 22 52
57 23 37
57 24 13
57 25 40
57 26 38
57 27 28
57 28 31
57 29 28
57 30 14
57 31 13
57 32 50
57 33 36
57 34 43
57 35 24
57 36 17
57 37 21
57 38 47
57 39 14
57 40 34
57 41 48
57 42 47
57 43 10
57 44 44
57 45 6
57 46 10
57 47 22
57 48 39
57 49 24
57 50 25
57 51 26
57 52 12
57 53 41
57 54 22
57 55 25
57 56 54
57 57 -1
57 58 38
57 59 20
57 60 18
57 61 47
57 62 35
57 63 54
57 64 42
58 1 43
58 2 26
58 3 42
58 4 43
58 5 26
58 6 27
58 7 22
58 8 28
58 9 44
58 10 40
58 11 20
58 12 35
58 13 48
58 14 18
58 15 40
58 16 23
58 17 30
58 18 12
58 19 23
58 20 19
58 21 45
58 22 18
58 23 39
58 24 27
58 25 40
58 26 9
58 27 35
58 28 37
58 29 34
58 30 43
58 31 25
58 32 12
58 33 21
58 34 13
58 35 20
58 36 53
58 37 17
58 38 9
58 39 49
58 40 8
58 41 16
58 42 8
58 43 31
58 44 6
58 45 44
58 46 29
58 47 30
58 48 17
58 49 19
58 50 19
58 51 39
58 52 40
58 53 18
58 54 21
58 55 37
58 56 16
58 57 38
58 58 -1
58 59 18
58 60 50
58 61 14
58 62 42
58 63 28
58 64 29
59 1 25
59 2 11
59 3 41
59 4 32
59 5 45
59 6 46
59 7 38
59 8 21
59 9 28
59 10 26
59 11 30
59 12 36
59 13 34
59 14 25
59 15 32
59 16 20
59 17 32
59 18 28
59 19 30
59 20 35
59 21 48
59 22 31
59 23 36
59 24 13
59 25 32
59 26 21
59 27 23
59 28 26
59 29 22
59 30 28
59 31 7
59 32 30
59 33 25
59 34 23
59 35 14
59 36 36
59 37 2
59 38 27
59 39 32
59 40 14
59 41 31
59 42 27
59 43 15
59 44 24
59 45 27
59 46 11
59 47 15
59 48 21
59 49 7
59 50 8
59 51 31
59 52 22
59 53 27
59 54 13
59 55 23
59 56 34
59 57 20
59 58 18
59 59 -1
59 60 35
59 61 26
59 62 37
59 63 40
59 64 27
60 1 23
60 2 39
60 3 38
60 4 14
60 5 74
60 6 75
60 7 62
60 8 51
60 9 7
60 10 9
60 11 49
60 12 39
60 13 6
60 14 45
60 15 22
60 16 33
60 17 40
60 18 56
60 19 47
60 20 62
60 21 48
60 22 66
60 23 32
60 24 22
60 25 58
60 26 47
60 27 46
60 28 49
60 29 46
60 30 7
60 31 28
60 32 60
60 33 39
60 34 58
60 35 31
60 36 6
60 37 34
60 38 59
60 39 5
60 40 49
60 41 55
60 42 58
60 43 19
60 44 57
60 45 13
60 46 28
60 47 40
60 48 56
60 49 41
60 50 41
60 51 20
60 52 28
60 53 47
60 54 29
60 55 43
60 56 64
60 57 18
60 58 50
60 59 35
60 60 -1
60 61 61
60 62 29
60 63 58
60 64 60
61 1 50
61 2 29
61 3 56
61 4 56
61 5 26
61 6 27
61 7 30
61 8 25
61 9 55
61 10 52
61 11 33
61 12 49
61 13 60
61 14 31
61 15 54
61 16 37
61 17 44
61 18 21
61 19 36
61 20 25
61 21 59
61 22 5
61 23 53
61 24 39
61 25 35
61 26 23
61 27 34
61 28 35
61 29 33
61 30 55
61 31 33
61 32 17
61 33 35
61 34 4
61 35 34
61 36 63
61 37 26
61 38 9
61 39 59
61 40 12
61 41 27
61 42 14
61 43 42
61 44 9
61 45 53
61 46 36
61 47 32
61 48 11
61 49 23
61 50 22
61 51 53
61 52 46
61 53 31
61 54 34
61 55 37
61 56 18
61 57 47
61 58 14
61 59 26
61 60 61
61 61 -1
61 62 56
61 63 39
61 64 21
62 1 44
62 2 47
62 3 9
62 4 15
62 5 58
62 6 59
62 7 43
62 8 58
62 9 28
62 10 23
62 11 29
62 12 12
62 13 23
62 14 27
62 15 7
62 16 19
62 17 15
62 18 41
62 19 25
62 20 44
62 21 19
62 22 60
62 23 4
62 24 26
62 25 69
62 26 34
62 27 58
62 28 62
62 29 57
62 30 24
62 31 35
62 32 47
62 33 21
62 34 54
62 35 23
62 36 35
62 37 35
62 38 50
62 39 32
62 40 45
62 41 37
62 42 46
62 43 27
62 44 48
62 45 36
62 46 38
62 47 50
62 48 55
62 49 44
62 50 45
62 51 9
62 52 47
62 53 28
62 54 23
62 55 57
62 56 50
62 57 35
62 58 42
62 59 37
62 60 29
62 61 56
62 62 -1
62 63 34
62 64 64
63 1 62
63 2 51
63 3 28
63 4 45
63 5 28
63 6 28
63 7 12
63 8 56
63 9 54
63 10 48
63 11 10
63 12 22
63 13 53
63 14 15
63 15 38
63 16 25
63 17 19
63 18 18
63 19 11
63 20 15
63 21 25
63 22 41
63 23 30
63 24 41
63 25 68
63 26 20
63 27 62
63 28 65
63 29 61
63 30 51
63 31 45
63 32 23
63 33 18
63 34 41
63 35 30
63 36 63
63 37 38
63 38 30
63 39 59
63 40 37
63 41 12
63 42 25
63 43 44
63 44 30
63 45 58
63 46 50
63 47 55
63 48 46
63 49 45
63 50 45
63 51 39
63 52 62
63 53 13
63 54 32
63 55 63
63 56 23
63 57 54
63 58 28
63 59 40
63 60 58
63 61 39
63 62 34
63 63 -1
63 64 58
64 1 41
64 2 21
64 3 67
64 4 59
64 5 47
64 6 48
64 7 50
64 8 9
64 9 53
64 10 53
64 11 49
64 12 62
64 13 61
64 14 46
64 15 60
64 16 46
64 17 57
64 18 40
64 19 51
64 20 46
64 21 73
64 22 24
64 23 63
64 24 40
64 25 14
64 26 38
64 27 18
64 28 17
64 29 17
64 30 55
64 31 32
64 32 37
64 33 48
64 34 18
64 35 41
64 36 60
64 37 29
64 38 29
64 39 56
64 40 21
64 41 45
64 42 34
64 43 42
64 44 28
64 45 49
64 46 32
64 47 21
64 48 11
64 49 20
64 50 19
64 51 58
64 52 36
64 53 47
64 54 40
64 55 22
64 56 39
64 57 42
64 58 29
64 59 27
64 60 60
64 61 21
64 62 64
64 63 58
64 64 -1
