1 1 -1
1 2 53
1 3 9
1 4 56
1 5 43
1 6 8
1 7 42
1 8 27
1 9 22
1 10 42
1 11 45
1 12 38
1 13 41
1 14 37
1 15 41
1 16 18
1 17 43
1 18 32
1 19 26
1 20 34
1 21 29
1 22 24
1 23 33
1 24 36
1 25 13
1 26 24
1 27 39
1 28 23
1 29 34
1 30 58
1 31 18
1 32 14
1 33 9
1 34 30
1 35 35
1 36 19
1 37 29
1 38 12
1 39 9
1 40 24
1 41 41
1 42 33
1 43 38
1 44 27
1 45 46
1 46 20
1 47 24
1 48 20
1 49 48
1 50 39
1 51 14
1 52 40
1 53 36
1 54 34
1 55 44
2 1 53
2 2 -1
2 3 45
2 4 6
2 5 11
2 6 53
2 7 29
2 8 41
2 9 51
2 10 20
2 11 8
2 12 18
2 13 15
2 14 17
2 15 16
2 16 36
2 17 16
2 18 40
2 19 47
2 20 38
2 21 43
2 22 31
2 23 27
2 24 19
2 25 40
2 26 30
2 27 19
2 28 34
2 29 27
2 30 8
2 31 38
2 32 48
2 33 57
2 34 37
2 35 20
2 36 46
2 37 42
2 38 63
2 39 62
2 40 38
2 41 12
2 42 34
2 43 43
2 44 41
2 45 15
2 46 33
2 47 36
2 48 38
2 49 27
2 50 45
2 51 39
2 52 28
2 53 29
2 54 40
2 55 18
3 1 9
3 2 45
3 3 -1
3 4 48
3 5 36
3 6 14
3 7 33
3 8 18
3 9 25
3 10 36
3 11 37
3 12 28
3 13 34
3 14 28
3 15 34
3 16 9
3 17 36
3 18 30
3 19 27
3 20 31
3 21 28
3 22 15
3 23 28
3 24 27
3 25 7
3 26 17
3 27 30
3 28 14
3 29 24
3 30 50
3 31 14
3 32 16
3 33 17
3 34 27
3 35 26
3 36 20
3 37 21
3 38 21
3 39 18
3 40 21
3 41 33
3 42 30
3 43 37
3 44 26
3 45 36
3 46 12
3 47 15
3 48 11
3 49 43
3 50 38
3 51 5
3 52 31
3 53 32
3 54 25
3 55 35
4 1 56
4 2 6
4 3 48
4 4 -1
4 5 12
4 6 55
4 7 35
4 8 46
4 9 51
4 10 18
4 11 11
4 12 23
4 13 15
4 14 22
4 15 16
4 16 39
4 17 15
4 18 39
4 19 46
4 20 36
4 21 43
4 22 36
4 23 27
4 24 24
4 25 43
4 26 32
4 27 25
4 28 39
4 29 33
4 30 2
4 31 40
4 32 49
4 33 59
4 34 37
4 35 25
4 36 47
4 37 47
4 38 65
4 39 65
4 40 39
4 41 15
4 42 33
4 43 41
4 44 41
4 45 21
4 46 36
4 47 41
4 48 42
4 49 24
4 50 43
4 51 43
4 52 34
4 53 27
4 54 46
4 55 24
5 1 43
5 2 11
5 3 36
5 4 12
5 5 -1
5 6 42
5 7 29
5 8 36
5 9 39
5 10 10
5 11 4
5 12 14
5 13 4
5 14 12
5 15 5
5 16 27
5 17 5
5 18 29
5 19 35
5 20 27
5 21 32
5 22 24
5 23 16
5 24 14
5 25 30
5 26 19
5 27 17
5 28 27
5 29 24
5 30 14
5 31 28
5 32 37
5 33 46
5 34 26
5 35 15
5 36 34
5 37 38
5 38 52
5 39 52
5 40 27
5 41 3
5 42 23
5 43 32
5 44 30
5 45 16
5 46 23
5 47 30
5 48 31
5 49 19
5 50 34
5 51 30
5 52 27
5 53 18
5 54 37
5 55 19
6 1 8
6 2 53
6 3 14
6 4 55
6 5 42
6 6 -1
6 7 47
6 8 33
6 9 14
6 10 39
6 11 45
6 12 39
6 13 39
6 14 38
6 15 39
6 16 22
6 17 41
6 18 25
6 19 19
6 20 27
6 21 22
6 22 28
6 23 30
6 24 37
6 25 14
6 26 23
6 27 42
6 28 28
6 29 38
6 30 56
6 31 14
6 32 7
6 33 3
6 34 24
6 35 37
6 36 12
6 37 36
6 38 9
6 39 10
6 40 18
6 41 41
6 42 28
6 43 31
6 44 20
6 45 48
6 46 21
6 47 29
6 48 25
6 49 43
6 50 32
6 51 18
6 52 45
6 53 32
6 54 40
6 55 47
7 1 42
7 2 29
7 3 33
7 4 35
7 5 29
7 6 47
7 7 -1
7 8 18
7 9 52
7 10 38
7 11 26
7 12 15
7 13 31
7 14 17
7 15 32
7 16 25
7 17 34
7 18 48
7 19 51
7 20 48
7 21 50
7 22 19
7 23 37
7 24 16
7 25 33
7 26 29
7 27 11
7 28 19
7 29 9
7 30 37
7 31 37
7 32 45
7 33 50
7 34 45
7 35 15
7 36 46
7 37 17
7 38 54
7 39 51
7 40 42
7 41 26
7 42 44
7 43 54
7 44 47
7 45 14
7 46 26
7 47 18
7 48 22
7 49 48
7 50 56
7 51 29
7 52 2
7 53 41
7 54 13
7 55 11
8 1 27
8 2 41
8 3 18
8 4 46
8 5 36
8 6 33
8 7 18
8 8 -1
8 9 43
8 10 41
8 11 35
8 12 22
8 13 36
8 14 24
8 15 37
8 16 14
8 17 39
8 18 44
8 19 43
8 20 44
8 21 43
8 22 12
8 23 36
8 24 22
8 25 22
8 26 25
8 27 21
8 28 9
8 29 13
8 30 48
8 31 29
8 32 34
8 33 35
8 34 40
8 35 21
8 36 37
8 37 2
8 38 39
8 39 36
8 40 36
8 41 33
8 42 41
8 43 50
8 44 41
8 45 27
8 46 19
8 47 6
8 48 9
8 49 50
8 50 52
8 51 17
8 52 17
8 53 41
8 54 7
8 55 25
9 1 22
9 2 51
9 3 25
9 4 51
9 5 39
9 6 14
9 7 52
9 8 43
9 9 -1
9 10 33
9 11 43
9 12 42
9 13 36
9 14 40
9 15 35
9 16 29
9 17 36
9 18 14
9 19 5
9 20 17
9 21 10
9 22 34
9 23 24
9 24 40
9 25 21
9 26 24
9 27 45
9 28 35
9 29 43
9 30 52
9 31 15
9 32 9
9 33 16
9 34 15
9 35 40
9 36 6
9 37 46
9 38 21
9 39 24
9 40 12
9 41 39
9 42 19
9 43 18
9 44 10
9 45 50
9 46 26
9 47 37
9 48 34
9 49 33
9 50 18
9 51 26
9 52 50
9 53 24
9 54 49
9 55 50
10 1 42
10 2 20
10 3 36
10 4 18
10 5 10
10 6 39
10 7 38
10 8 41
10 9 33
10 10 -1
10 11 14
10 12 23
10 13 7
10 14 20
10 15 5
10 16 30
10 17 4
10 18 20
10 19 28
10 20 18
10 21 24
10 22 29
10 23 9
10 24 21
10 25 30
10 26 19
10 27 26
10 28 32
10 29 31
10 30 18
10 31 25
10 32 33
10 33 43
10 34 18
10 35 22
10 36 29
10 37 43
10 38 49
10 39 50
10 40 22
10 41 12
10 42 14
10 43 23
10 44 23
10 45 27
10 46 25
10 47 35
10 48 35
10 49 10
10 50 25
10 51 31
10 52 36
10 53 9
10 54 44
10 55 29
11 1 45
11 2 8
11 3 37
11 4 11
11 5 4
11 6 45
11 7 26
11 8 35
11 9 43
11 10 14
11 11 -1
11 12 13
11 13 8
11 14 11
11 15 9
11 16 28
11 17 9
11 18 33
11 19 39
11 20 31
11 21 36
11 22 25
11 23 20
11 24 13
11 25 32
11 26 22
11 27 15
11 28 27
11 29 23
11 30 13
11 31 30
11 32 40
11 33 49
11 34 30
11 35 14
11 36 38
11 37 37
11 38 55
11 39 54
11 40 31
11 41 4
11 42 27
11 43 36
11 44 34
11 45 13
11 46 25
11 47 30
11 48 31
11 49 23
11 50 38
11 51 32
11 52 25
11 53 22
11 54 36
11 55 16
12 1 38
12 2 18
12 3 28
12 4 23
12 5 14
12 6 39
12 7 15
12 8 22
12 9 42
12 10 23
12 11 13
12 12 -1
12 13 16
12 14 2
12 15 17
12 16 19
12 17 19
12 18 35
12 19 39
12 20 34
12 21 37
12 22 14
12 23 23
12 24 2
12 25 25
12 26 18
12 27 3
12 28 16
12 29 10
12 30 25
12 31 27
12 32 36
12 33 43
12 34 31
12 35 2
12 36 36
12 37 24
12 38 48
12 39 47
12 40 30
12 41 11
12 42 30
12 43 40
12 44 34
12 45 8
12 46 18
12 47 18
12 48 20
12 49 33
12 50 42
12 51 23
12 52 13
12 53 27
12 54 23
12 55 8
13 1 41
13 2 15
13 3 34
13 4 15
13 5 4
13 6 39
13 7 31
13 8 36
13 9 36
13 10 7
13 11 8
13 12 16
13 13 -1
13 14 13
13 15 1
13 16 26
13 17 3
13 18 25
13 19 31
13 20 23
13 21 28
13 22 24
13 23 12
13 24 15
13 25 28
13 26 17
13 27 19
13 28 27
13 29 25
13 30 17
13 31 24
13 32 33
13 33 43
13 34 22
13 35 16
13 36 31
13 37 38
13 38 49
13 39 49
13 40 23
13 41 5
13 42 19
13 43 28
13 44 26
13 45 20
13 46 21
13 47 30
13 48 30
13 49 17
13 50 30
13 51 28
13 52 29
13 53 14
13 54 38
13 55 21
14 1 37
14 2 17
14 3 28
14 4 22
14 5 12
14 6 38
14 7 17
14 8 24
14 9 40
14 10 20
14 11 11
14 12 2
14 13 13
14 14 -1
14 15 14
14 16 19
14 17 16
14 18 32
14 19 37
14 20 31
14 21 34
14 22 14
14 23 20
14 24 2
14 25 24
14 26 16
14 27 6
14 28 17
14 29 12
14 30 24
14 31 25
14 32 34
14 33 42
14 34 29
14 35 3
14 36 34
14 37 26
14 38 47
14 39 46
14 40 28
14 41 9
14 42 27
14 43 38
14 44 32
14 45 10
14 46 17
14 47 19
14 48 21
14 49 30
14 50 40
14 51 22
14 52 15
14 53 24
14 54 25
14 55 10
15 1 41
15 2 16
15 3 34
15 4 16
15 5 5
15 6 39
15 7 32
15 8 37
15 9 35
15 10 5
15 11 9
15 12 17
15 13 1
15 14 14
15 15 -1
15 16 26
15 17 2
15 18 24
15 19 31
15 20 22
15 21 27
15 22 25
15 23 11
15 24 16
15 25 28
15 26 17
15 27 20
15 28 28
15 29 26
15 30 17
15 31 24
15 32 33
15 33 43
15 34 21
15 35 17
15 36 30
15 37 39
15 38 49
15 39 49
15 40 23
15 41 6
15 42 18
15 43 27
15 44 25
15 45 21
15 46 22
15 47 31
15 48 31
15 49 15
15 50 29
15 51 29
15 52 30
15 53 13
15 54 39
15 55 23
16 1 18
16 2 36
16 3 9
16 4 39
16 5 27
16 6 22
16 7 25
16 8 14
16 9 29
16 10 30
16 11 28
16 12 19
16 13 26
16 14 19
16 15 26
16 16 -1
16 17 28
16 18 29
16 19 29
16 20 30
16 21 29
16 22 6
16 23 23
16 24 17
16 25 8
16 26 11
16 27 21
16 28 6
16 29 16
16 30 41
16 31 14
16 32 20
16 33 25
16 34 26
16 35 17
16 36 22
16 37 17
16 38 30
16 39 28
16 40 21
16 41 25
16 42 27
16 43 36
16 44 26
16 45 27
16 46 5
16 47 8
16 48 5
16 49 38
16 50 38
16 51 4
16 52 23
16 53 27
16 54 20
16 55 26
17 1 43
17 2 16
17 3 36
17 4 15
17 5 5
17 6 41
17 7 34
17 8 39
17 9 36
17 10 4
17 11 9
17 12 19
17 13 3
17 14 16
17 15 2
17 16 28
17 17 -1
17 18 24
17 19 31
17 20 22
17 21 27
17 22 27
17 23 12
17 24 18
17 25 30
17 26 19
17 27 22
17 28 30
17 29 28
17 30 16
17 31 26
17 32 34
17 33 44
17 34 21
17 35 19
17 36 31
17 37 41
17 38 50
17 39 51
17 40 24
17 41 7
17 42 18
17 43 27
17 44 26
17 45 22
17 46 24
17 47 33
17 48 33
17 49 14
17 50 29
17 51 31
17 52 32
17 53 13
17 54 41
17 55 24
18 1 32
18 2 40
18 3 30
18 4 39
18 5 29
18 6 25
18 7 48
18 8 44
18 9 14
18 10 20
18 11 33
18 12 35
18 13 25
18 14 32
18 15 24
18 16 29
18 17 24
18 18 -1
18 19 8
18 20 2
18 21 4
18 22 32
18 23 13
18 24 33
18 25 23
18 26 19
18 27 39
18 28 34
18 29 40
18 30 39
18 31 16
18 32 18
18 33 28
18 34 3
18 35 34
18 36 13
18 37 47
18 38 34
18 39 36
18 40 8
18 41 29
18 42 6
18 43 6
18 44 5
18 45 42
18 46 24
18 47 37
18 48 35
18 49 19
18 50 8
18 51 28
18 52 46
18 53 11
18 54 49
18 55 43
19 1 26
19 2 47
19 3 27
19 4 46
19 5 35
19 6 19
19 7 51
19 8 43
19 9 5
19 10 28
19 11 39
19 12 39
19 13 31
19 14 37
19 15 31
19 16 29
19 17 31
19 18 8
19 19 -1
19 20 11
19 21 4
19 22 33
19 23 19
19 24 37
19 25 21
19 26 22
19 27 42
19 28 35
19 29 42
19 30 47
19 31 15
19 32 12
19 33 21
19 34 9
19 35 37
19 36 7
19 37 46
19 38 26
19 39 29
19 40 9
19 41 35
19 42 13
19 43 12
19 44 5
19 45 47
19 46 25
19 47 37
19 48 34
19 49 28
19 50 13
19 51 26
19 52 49
19 53 19
19 54 50
19 55 47
20 1 34
20 2 38
20 3 31
20 4 36
20 5 27
20 6 27
20 7 48
20 8 44
20 9 17
20 10 18
20 11 31
20 12 34
20 13 23
20 14 31
20 15 22
20 16 30
20 17 22
20 18 2
20 19 11
20 20 -1
20 21 7
20 22 32
20 23 11
20 24 32
20 25 25
20 26 19
20 27 38
20 28 35
20 29 39
20 30 37
20 31 17
20 32 20
20 33 30
20 34 4
20 35 33
20 36 15
20 37 47
20 38 36
20 39 38
20 40 10
20 41 27
20 42 4
20 43 6
20 44 7
20 45 41
20 46 25
20 47 38
20 48 35
20 49 16
20 50 8
20 51 29
20 52 46
20 53 9
20 54 49
20 55 42
21 1 29
21 2 43
21 3 28
21 4 43
21 5 32
21 6 22
21 7 50
21 8 43
21 9 10
21 10 24
21 11 36
21 12 37
21 13 28
21 14 34
21 15 27
21 16 29
21 17 27
21 18 4
21 19 4
21 20 7
21 21 -1
21 22 32
21 23 16
21 24 35
21 25 22
21 26 20
21 27 40
21 28 34
21 29 41
21 30 43
21 31 15
21 32 15
21 33 24
21 34 6
21 35 35
21 36 10
21 37 46
21 38 30
21 39 32
21 40 7
21 41 32
21 42 9
21 43 9
21 44 2
21 45 44
21 46 24
21 47 37
21 48 34
21 49 24
21 50 10
21 51 27
21 52 47
21 53 15
21 54 49
21 55 45
22 1 24
22 2 31
22 3 15
22 4 36
22 5 24
22 6 28
22 7 19
22 8 12
22 9 34
22 10 29
22 11 25
22 12 14
22 13 24
22 14 14
22 15 25
22 16 6
22 17 27
22 18 32
22 19 33
22 20 32
22 21 32
22 22 -1
22 23 24
22 24 12
22 25 14
22 26 12
22 27 15
22 28 3
22 29 10
22 30 38
22 31 18
22 32 26
22 33 31
22 34 29
22 35 12
22 36 27
22 37 15
22 38 36
22 39 34
22 40 25
22 41 21
22 42 29
22 43 38
22 44 30
22 45 21
22 46 8
22 47 6
22 48 6
22 49 38
22 50 41
22 51 10
22 52 17
22 53 28
22 54 17
22 55 20
23 1 33
23 2 27
23 3 28
23 4 27
23 5 16
23 6 30
23 7 37
23 8 36
23 9 24
23 10 9
23 11 20
23 12 23
23 13 12
23 14 20
23 15 11
23 16 23
23 17 12
23 18 13
23 19 19
23 20 11
23 21 16
23 22 24
23 23 -1
23 24 21
23 25 21
23 26 12
23 27 26
23 28 26
23 29 29
23 30 28
23 31 15
23 32 23
23 33 33
23 34 10
23 35 22
23 36 20
23 37 39
23 38 39
23 39 40
23 40 12
23 41 16
23 42 7
23 43 17
23 44 14
23 45 29
23 46 18
23 47 30
23 48 28
23 49 15
23 50 19
23 51 24
23 52 35
23 53 4
23 54 40
23 55 30
24 1 36
24 2 19
24 3 27
24 4 24
24 5 14
24 6 37
24 7 16
24 8 22
24 9 40
24 10 21
24 11 13
24 12 2
24 13 15
24 14 2
24 15 16
24 16 17
24 17 18
24 18 33
24 19 37
24 20 32
24 21 35
24 22 12
24 23 21
24 24 -1
24 25 23
24 26 16
24 27 5
24 28 15
24 29 10
24 30 25
24 31 25
24 32 34
24 33 41
24 34 30
24 35 1
24 36 34
24 37 24
24 38 47
24 39 45
24 40 28
24 41 11
24 42 28
24 43 38
24 44 32
24 45 10
24 46 16
24 47 17
24 48 19
24 49 31
24 50 41
24 51 21
24 52 14
24 53 25
24 54 23
24 55 10
25 1 13
25 2 40
25 3 7
25 4 43
25 5 30
25 6 14
25 7 33
25 8 22
25 9 21
25 10 30
25 11 32
25 12 25
25 13 28
25 14 24
25 15 28
25 16 8
25 17 30
25 18 23
25 19 21
25 20 25
25 21 22
25 22 14
25 23 21
25 24 23
25 25 -1
25 26 10
25 27 27
25 28 14
25 29 24
25 30 44
25 31 7
25 32 12
25 33 17
25 34 20
25 35 23
25 36 15
25 37 25
25 38 23
25 39 22
25 40 15
25 41 28
25 42 23
25 43 30
25 44 19
25 45 33
25 46 7
25 47 16
25 48 13
25 49 36
25 50 32
25 51 5
25 52 31
25 53 25
25 54 28
25 55 32
26 1 24
26 2 30
26 3 17
26 4 32
26 5 19
26 6 23
26 7 29
26 8 25
26 9 24
26 10 19
26 11 22
26 12 18
26 13 17
26 14 16
26 15 17
26 16 11
26 17 19
26 18 19
26 19 22
26 20 19
26 21 20
26 22 12
26 23 12
26 24 16
26 25 10
26 26 -1
26 27 21
26 28 15
26 29 20
26 30 33
26 31 9
26 32 18
26 33 26
26 34 16
26 35 16
26 36 18
26 37 27
26 38 33
26 39 32
26 40 13
26 41 17
26 42 16
26 43 26
26 44 17
26 45 26
26 46 6
26 47 18
26 48 16
26 49 27
26 50 28
26 51 12
26 52 27
26 53 16
26 54 29
26 55 26
27 1 39
27 2 19
27 3 30
27 4 25
27 5 17
27 6 42
27 7 11
27 8 21
27 9 45
27 10 26
27 11 15
27 12 3
27 13 19
27 14 6
27 15 20
27 16 21
27 17 22
27 18 39
27 19 42
27 20 38
27 21 40
27 22 15
27 23 26
27 24 5
27 25 27
27 26 21
27 27 -1
27 28 17
27 29 8
27 30 27
27 31 30
27 32 39
27 33 45
27 34 35
27 35 5
27 36 39
27 37 23
27 38 50
27 39 49
27 40 33
27 41 14
27 42 34
27 43 44
27 44 38
27 45 6
27 46 20
27 47 18
27 48 21
27 49 36
27 50 46
27 51 25
27 52 9
27 53 30
27 54 21
27 55 5
28 1 23
28 2 34
28 3 14
28 4 39
28 5 27
28 6 28
28 7 19
28 8 9
28 9 35
28 10 32
28 11 27
28 12 16
28 13 27
28 14 17
28 15 28
28 16 6
28 17 30
28 18 34
28 19 35
28 20 35
28 21 34
28 22 3
28 23 26
28 24 15
28 25 14
28 26 15
28 27 17
28 28 -1
28 29 10
28 30 40
28 31 20
28 32 27
28 33 31
28 34 31
28 35 14
28 36 29
28 37 12
28 38 35
28 39 33
28 40 26
28 41 24
28 42 31
28 43 41
28 44 31
28 45 23
28 46 9
28 47 3
28 48 4
28 49 41
28 50 43
28 51 10
28 52 17
28 53 31
28 54 14
28 55 21
29 1 34
29 2 27
29 3 24
29 4 33
29 5 24
29 6 38
29 7 9
29 8 13
29 9 43
29 10 31
29 11 23
29 12 10
29 13 25
29 14 12
29 15 26
29 16 16
29 17 28
29 18 40
29 19 42
29 20 39
29 21 41
29 22 10
29 23 29
29 24 10
29 25 24
29 26 20
29 27 8
29 28 10
29 29 -1
29 30 35
29 31 28
29 32 36
29 33 41
29 34 36
29 35 9
29 36 37
29 37 14
29 38 45
29 39 43
29 40 33
29 41 21
29 42 36
29 43 46
29 44 38
29 45 14
29 46 17
29 47 10
29 48 14
29 49 41
29 50 48
29 51 20
29 52 7
29 53 34
29 54 13
29 55 12
30 1 58
30 2 8
30 3 50
30 4 2
30 5 14
30 6 56
30 7 37
30 8 48
30 9 52
30 10 18
30 11 13
30 12 25
30 13 17
30 14 24
30 15 17
30 16 41
30 17 16
30 18 39
30 19 47
30 20 37
30 21 43
30 22 38
30 23 28
30 24 25
30 25 44
30 26 33
30 27 27
30 28 40
30 29 35
30 30 -1
30 31 41
30 32 50
30 33 60
30 34 37
30 35 26
30 36 48
30 37 49
30 38 66
30 39 66
30 40 40
30 41 16
30 42 33
30 43 41
30 44 42
30 45 23
30 46 38
30 47 43
30 48 44
30 49 24
30 50 43
30 51 44
30 52 36
30 53 28
30 54 48
30 55 26
31 1 18
31 2 38
31 3 14
31 4 40
31 5 28
31 6 14
31 7 37
31 8 29
31 9 15
31 10 25
31 11 30
31 12 27
31 13 24
31 14 25
31 15 24
31 16 14
31 17 26
31 18 16
31 19 15
31 20 17
31 21 15
31 22 18
31 23 15
31 24 25
31 25 7
31 26 9
31 27 30
31 28 20
31 29 28
31 30 41
31 31 -1
31 32 9
31 33 18
31 34 13
31 35 25
31 36 9
31 37 31
31 38 24
31 39 25
31 40 7
31 41 26
31 42 16
31 43 22
31 44 12
31 45 35
31 46 10
31 47 22
31 48 19
31 49 30
31 50 24
31 51 12
31 52 35
31 53 18
31 54 35
31 55 35
32 1 14
32 2 48
32 3 16
32 4 49
32 5 37
32 6 7
32 7 45
32 8 34
32 9 9
32 10 33
32 11 40
32 12 36
32 13 33
32 14 34
32 15 33
32 16 20
32 17 34
32 18 18
32 19 12
32 20 20
32 21 15
32 22 26
32 23 23
32 24 34
32 25 12
32 26 18
32 27 39
32 28 27
32 29 36
32 30 50
32 31 9
32 32 -1
32 33 10
32 34 17
32 35 34
32 36 5
32 37 37
32 38 16
32 39 18
32 40 11
32 41 35
32 42 21
32 43 24
32 44 13
32 45 44
32 46 19
32 47 29
32 48 25
32 49 36
32 50 25
32 51 17
32 52 43
32 53 25
32 54 41
32 55 44
33 1 9
33 2 57
33 3 17
33 4 59
33 5 46
33 6 3
33 7 50
33 8 35
33 9 16
33 10 43
33 11 49
33 12 43
33 13 43
33 14 42
33 15 43
33 16 25
33 17 44
33 18 28
33 19 21
33 20 30
33 21 24
33 22 31
33 23 33
33 24 41
33 25 17
33 26 26
33 27 45
33 28 31
33 29 41
33 30 60
33 31 18
33 32 10
33 33 -1
33 34 27
33 35 41
33 36 14
33 37 38
33 38 6
33 39 8
33 40 21
33 41 44
33 42 31
33 43 33
33 44 23
33 45 51
33 46 25
33 47 32
33 48 28
33 49 46
33 50 34
33 51 21
33 52 48
33 53 35
33 54 42
33 55 50
34 1 30
34 2 37
34 3 27
34 4 37
34 5 26
34 6 24
34 7 45
34 8 40
34 9 15
34 10 18
34 11 30
34 12 31
34 13 22
34 14 29
34 15 21
34 16 26
34 17 21
34 18 3
34 19 9
34 20 4
34 21 6
34 22 29
34 23 10
34 24 30
34 25 20
34 26 16
34 27 35
34 28 31
34 29 36
34 30 37
34 31 13
34 32 17
34 33 27
34 34 -1
34 35 30
34 36 12
34 37 43
34 38 33
34 39 35
34 40 6
34 41 26
34 42 4
34 43 10
34 44 5
34 45 39
34 46 21
34 47 34
34 48 31
34 49 19
34 50 12
34 51 25
34 52 43
34 53 9
34 54 46
34 55 39
35 1 35
35 2 20
35 3 26
35 4 25
35 5 15
35 6 37
35 7 15
35 8 21
35 9 40
35 10 22
35 11 14
35 12 2
35 13 16
35 14 3
35 15 17
35 16 17
35 17 19
35 18 34
35 19 37
35 20 33
35 21 35
35 22 12
35 23 22
35 24 1
35 25 23
35 26 16
35 27 5
35 28 14
35 29 9
35 30 26
35 31 25
35 32 34
35 33 41
35 34 30
35 35 -1
35 36 34
35 37 23
35 38 46
35 39 45
35 40 28
35 41 12
35 42 29
35 43 39
35 44 33
35 45 10
35 46 15
35 47 16
35 48 18
35 49 32
35 50 41
35 51 21
35 52 13
35 53 26
35 54 22
35 55 10
36 1 19
36 2 46
36 3 20
36 4 47
36 5 34
36 6 12
36 7 46
36 8 37
36 9 6
36 10 29
36 11 38
36 12 36
36 13 31
36 14 34
36 15 30
36 16 22
36 17 31
36 18 13
36 19 7
36 20 15
36 21 10
36 22 27
36 23 20
36 24 34
36 25 15
36 26 18
36 27 39
36 28 29
36 29 37
36 30 48
36 31 9
36 32 5
36 33 14
36 34 12
36 35 34
36 36 -1
36 37 40
36 38 21
36 39 22
36 40 7
36 41 33
36 42 16
36 43 19
36 44 8
36 45 44
36 46 19
36 47 31
36 48 28
36 49 31
36 50 20
36 51 20
36 52 44
36 53 21
36 54 43
36 55 44
37 1 29
37 2 42
37 3 21
37 4 47
37 5 38
37 6 36
37 7 17
37 8 2
37 9 46
37 10 43
37 11 37
37 12 24
37 13 38
37 14 26
37 15 39
37 16 17
37 17 41
37 18 47
37 19 46
37 20 47
37 21 46
37 22 15
37 23 39
37 24 24
37 25 25
37 26 27
37 27 23
37 28 12
37 29 14
37 30 49
37 31 31
37 32 37
37 33 38
37 34 43
37 35 23
37 36 40
37 37 -1
37 38 41
37 39 38
37 40 38
37 41 35
37 42 44
37 43 53
37 44 43
37 45 28
37 46 22
37 47 9
37 48 12
37 49 53
37 50 55
37 51 20
37 52 17
37 53 43
37 54 5
37 55 25
38 1 12
38 2 63
38 3 21
38 4 65
38 5 52
38 6 9
38 7 54
38 8 39
38 9 21
38 10 49
38 11 55
38 12 48
38 13 49
38 14 47
38 15 49
38 16 30
38 17 50
38 18 34
38 19 26
38 20 36
38 21 30
38 22 36
38 23 39
38 24 47
38 25 23
38 26 33
38 27 50
38 28 35
38 29 45
38 30 66
38 31 24
38 32 16
38 33 6
38 34 33
38 35 46
38 36 21
38 37 41
38 38 -1
38 39 4
38 40 28
38 41 50
38 42 37
38 43 39
38 44 29
38 45 57
38 46 30
38 47 36
38 48 32
38 49 52
38 50 39
38 51 25
38 52 52
38 53 41
38 54 46
38 55 55
39 1 9
39 2 62
39 3 18
39 4 65
39 5 52
39 6 10
39 7 51
39 8 36
39 9 24
39 10 50
39 11 54
39 12 47
39 13 49
39 14 46
39 15 49
39 16 28
39 17 51
39 18 36
39 19 29
39 20 38
39 21 32
39 22 34
39 23 40
39 24 45
39 25 22
39 26 32
39 27 49
39 28 33
39 29 43
39 30 66
39 31 25
39 32 18
39 33 8
39 34 35
39 35 45
39 36 22
39 37 38
39 38 4
39 39 -1
39 40 29
39 41 50
39 42 39
39 43 41
39 44 31
39 45 55
39 46 29
39 47 33
39 48 29
39 49 54
39 50 42
39 51 24
39 52 50
39 53 42
39 54 43
39 55 54
40 1 24
40 2 38
40 3 21
40 4 39
40 5 27
40 6 18
40 7 42
40 8 36
40 9 12
40 10 22
40 11 31
40 12 30
40 13 23
40 14 28
40 15 23
40 16 21
40 17 24
40 18 8
40 19 9
40 20 10
40 21 7
40 22 25
40 23 12
40 24 28
40 25 15
40 26 13
40 27 33
40 28 26
40 29 33
40 30 40
40 31 7
40 32 11
40 33 21
40 34 6
40 35 28
40 36 7
40 37 38
40 38 28
40 39 29
40 40 -1
40 41 26
40 42 9
40 43 15
40 44 5
40 45 38
40 46 17
40 47 29
40 48 27
40 49 24
40 50 17
40 51 19
40 52 40
40 53 13
40 54 41
40 55 38
41 1 41
41 2 12
41 3 33
41 4 15
41 5 3
41 6 41
41 7 26
41 8 33
41 9 39
41 10 12
41 11 4
41 12 11
41 13 5
41 14 9
41 15 6
41 16 25
41 17 7
41 18 29
41 19 35
41 20 27
41 21 32
41 22 21
41 23 16
41 24 11
41 25 28
41 26 17
41 27 14
41 28 24
41 29 21
41 30 16
41 31 26
41 32 35
41 33 44
41 34 26
41 35 12
41 36 33
41 37 35
41 38 50
41 39 50
41 40 26
41 41 -1
41 42 23
41 43 32
41 44 30
41 45 15
41 46 21
41 47 27
41 48 28
41 49 21
41 50 35
41 51 28
41 52 24
41 53 18
41 54 34
41 55 16
42 1 33
42 2 34
42 3 30
42 4 33
42 5 23
42 6 28
42 7 44
42 8 41
42 9 19
42 10 14
42 11 27
42 12 30
42 13 19
42 14 27
42 15 18
42 16 27
42 17 18
42 18 6
42 19 13
42 20 4
42 21 9
42 22 29
42 23 7
42 24 28
42 25 23
42 26 16
42 27 34
42 28 31
42 29 36
42 30 33
42 31 16
42 32 21
42 33 31
42 34 4
42 35 29
42 36 16
42 37 44
42 38 37
42 39 39
42 40 9
42 41 23
42 42 -1
42 43 10
42 44 9
42 45 37
42 46 22
42 47 34
42 48 33
42 49 15
42 50 12
42 51 26
42 52 42
42 53 5
42 54 46
42 55 38
43 1 38
43 2 43
43 3 37
43 4 41
43 5 32
43 6 31
43 7 54
43 8 50
43 9 18
43 10 23
43 11 36
43 12 40
43 13 28
43 14 38
43 15 27
43 16 36
43 17 27
43 18 6
43 19 12
43 20 6
43 21 9
43 22 38
43 23 17
43 24 38
43 25 30
43 26 26
43 27 44
43 28 41
43 29 46
43 30 41
43 31 22
43 32 24
43 33 33
43 34 10
43 35 39
43 36 19
43 37 53
43 38 39
43 39 41
43 40 15
43 41 32
43 42 10
43 43 -1
43 44 11
43 45 47
43 46 31
43 47 44
43 48 41
43 49 18
43 50 2
43 51 34
43 52 52
43 53 14
43 54 55
43 55 48
44 1 27
44 2 41
44 3 26
44 4 41
44 5 30
44 6 20
44 7 47
44 8 41
44 9 10
44 10 23
44 11 34
44 12 34
44 13 26
44 14 32
44 15 25
44 16 26
44 17 26
44 18 5
44 19 5
44 20 7
44 21 2
44 22 30
44 23 14
44 24 32
44 25 19
44 26 17
44 27 38
44 28 31
44 29 38
44 30 42
44 31 12
44 32 13
44 33 23
44 34 5
44 35 33
44 36 8
44 37 43
44 38 29
44 39 31
44 40 5
44 41 30
44 42 9
44 43 11
44 44 -1
44 45 42
44 46 22
44 47 34
44 48 31
44 49 24
44 50 12
44 51 24
44 52 45
44 53 14
44 54 46
44 55 42
45 1 46
45 2 15
45 3 36
45 4 21
45 5 16
45 6 48
45 7 14
45 8 27
45 9 50
45 10 27
45 11 13
45 12 8
45 13 20
45 14 10
45 15 21
45 16 27
45 17 22
45 18 42
45 19 47
45 20 41
45 21 44
45 22 21
45 23 29
45 24 10
45 25 33
45 26 26
45 27 6
45 28 23
45 29 14
45 30 23
45 31 35
45 32 44
45 33 51
45 34 39
45 35 10
45 36 44
45 37 28
45 38 57
45 39 55
45 40 38
45 41 15
45 42 37
45 43 47
45 44 42
45 45 -1
45 46 26
45 47 24
45 48 27
45 49 36
45 50 49
45 51 31
45 52 13
45 53 33
45 54 25
45 55 3
46 1 20
46 2 33
46 3 12
46 4 36
46 5 23
46 6 21
46 7 26
46 8 19
46 9 26
46 10 25
46 11 25
46 12 18
46 13 21
46 14 17
46 15 22
46 16 5
46 17 24
46 18 24
46 19 25
46 20 25
46 21 24
46 22 8
46 23 18
46 24 16
46 25 7
46 26 6
46 27 20
46 28 9
46 29 17
46 30 38
46 31 10
46 32 19
46 33 25
46 34 21
46 35 15
46 36 19
46 37 22
46 38 30
46 39 29
46 40 17
46 41 21
46 42 22
46 43 31
46 44 22
46 45 26
46 46 -1
46 47 12
46 48 10
46 49 33
46 50 33
46 51 6
46 52 24
46 53 22
46 54 24
46 55 25
47 1 24
47 2 36
47 3 15
47 4 41
47 5 30
47 6 29
47 7 18
47 8 6
47 9 37
47 10 35
47 11 30
47 12 18
47 13 30
47 14 19
47 15 31
47 16 8
47 17 33
47 18 37
47 19 37
47 20 38
47 21 37
47 22 6
47 23 30
47 24 17
47 25 16
47 26 18
47 27 18
47 28 3
47 29 10
47 30 43
47 31 22
47 32 29
47 33 32
47 34 34
47 35 16
47 36 31
47 37 9
47 38 36
47 39 33
47 40 29
47 41 27
47 42 34
47 43 44
47 44 34
47 45 24
47 46 12
47 47 -1
47 48 4
47 49 44
47 50 46
47 51 11
47 52 16
47 53 34
47 54 12
47 55 22
48 1 20
48 2 38
48 3 11
48 4 42
48 5 31
48 6 25
48 7 22
48 8 9
48 9 34
48 10 35
48 11 31
48 12 20
48 13 30
48 14 21
48 15 31
48 16 5
48 17 33
48 18 35
48 19 34
48 20 35
48 21 34
48 22 6
48 23 28
48 24 19
48 25 13
48 26 16
48 27 21
48 28 4
48 29 14
48 30 44
48 31 19
48 32 25
48 33 28
48 34 31
48 35 18
48 36 28
48 37 12
48 38 32
48 39 29
48 40 27
48 41 28
48 42 33
48 43 41
48 44 31
48 45 27
48 46 10
48 47 4
48 48 -1
48 49 43
48 50 43
48 51 8
48 52 20
48 53 33
48 54 15
48 55 25
49 1 48
49 2 27
49 3 43
49 4 24
49 5 19
49 6 43
49 7 48
49 8 50
49 9 33
49 10 10
49 11 23
49 12 33
49 13 17
49 14 30
49 15 15
49 16 38
49 17 14
49 18 19
49 19 28
49 20 16
49 21 24
49 22 38
49 23 15
49 24 31
49 25 36
49 26 27
49 27 36
49 28 41
49 29 41
49 30 24
49 31 30
49 32 36
49 33 46
49 34 19
49 35 32
49 36 31
49 37 53
49 38 52
49 39 54
49 40 24
49 41 21
49 42 15
49 43 18
49 44 24
49 45 36
49 46 33
49 47 44
49 48 43
49 49 -1
49 50 20
49 51 39
49 52 46
49 53 11
49 54 53
49 55 38
50 1 39
50 2 45
50 3 38
50 4 43
50 5 34
50 6 32
50 7 56
50 8 52
50 9 18
50 10 25
50 11 38
50 12 42
50 13 30
50 14 40
50 15 29
50 16 38
50 17 29
50 18 8
50 19 13
50 20 8
50 21 10
50 22 41
50 23 19
50 24 41
50 25 32
50 26 28
50 27 46
50 28 43
50 29 48
50 30 43
50 31 24
50 32 25
50 33 34
50 34 12
50 35 41
50 36 20
50 37 55
50 38 39
50 39 42
50 40 17
50 41 35
50 42 12
50 43 2
50 44 12
50 45 49
50 46 33
50 47 46
50 48 43
50 49 20
50 50 -1
50 51 36
50 52 54
50 53 16
50 54 58
50 55 50
51 1 14
51 2 39
51 3 5
51 4 43
51 5 30
51 6 18
51 7 29
51 8 17
51 9 26
51 10 31
51 11 32
51 12 23
51 13 28
51 14 22
51 15 29
51 16 4
51 17 31
51 18 28
51 19 26
51 20 29
51 21 27
51 22 10
51 23 24
51 24 21
51 25 5
51 26 12
51 27 25
51 28 10
51 29 20
51 30 44
51 31 12
51 32 17
51 33 21
51 34 25
51 35 21
51 36 20
51 37 20
51 38 25
51 39 24
51 40 19
51 41 28
51 42 26
51 43 34
51 44 24
51 45 31
51 46 6
51 47 11
51 48 8
51 49 39
51 50 36
51 51 -1
51 52 27
51 53 28
51 54 23
51 55 30
52 1 40
52 2 28
52 3 31
52 4 34
52 5 27
52 6 45
52 7 2
52 8 17
52 9 50
52 10 36
52 11 25
52 12 13
52 13 29
52 14 15
52 15 30
52 16 23
52 17 32
52 18 46
52 19 49
52 20 46
52 21 47
52 22 17
52 23 35
52 24 14
52 25 31
52 26 27
52 27 9
52 28 17
52 29 7
52 30 36
52 31 35
52 32 43
52 33 48
52 34 43
52 35 13
52 36 44
52 37 17
52 38 52
52 39 50
52 40 40
52 41 24
52 42 42
52 43 52
52 44 45
52 45 13
52 46 24
52 47 16
52 48 20
52 49 46
52 50 54
52 51 27
52 52 -1
52 53 39
52 54 13
52 55 10
53 1 36
53 2 29
53 3 32
53 4 27
53 5 18
53 6 32
53 7 41
53 8 41
53 9 24
53 10 9
53 11 22
53 12 27
53 13 14
53 14 24
53 15 13
53 16 27
53 17 13
53 18 11
53 19 19
53 20 9
53 21 15
53 22 28
53 23 4
53 24 25
53 25 25
53 26 16
53 27 30
53 28 31
53 29 34
53 30 28
53 31 18
53 32 25
53 33 35
53 34 9
53 35 26
53 36 21
53 37 43
53 38 41
53 39 42
53 40 13
53 41 18
53 42 5
53 43 14
53 44 14
53 45 33
53 46 22
53 47 34
53 48 33
53 49 11
53 50 16
53 51 28
53 52 39
53 53 -1
53 54 45
53 55 34
54 1 34
54 2 40
54 3 25
54 4 46
54 5 37
54 6 40
54 7 13
54 8 7
54 9 49
54 10 44
54 11 36
54 12 23
54 13 38
54 14 25
54 15 39
54 16 20
54 17 41
54 18 49
54 19 50
54 20 49
54 21 49
54 22 17
54 23 40
54 24 23
54 25 28
54 26 29
54 27 21
54 28 14
54 29 13
54 30 48
54 31 35
54 32 41
54 33 42
54 34 46
54 35 22
54 36 43
54 37 5
54 38 46
54 39 43
54 40 41
54 41 34
54 42 46
54 43 55
54 44 46
54 45 25
54 46 24
54 47 12
54 48 15
54 49 53
54 50 58
54 51 23
54 52 13
54 53 45
54 54 -1
54 55 23
55 1 44
55 2 18
55 3 35
55 4 24
55 5 19
55 6 47
55 7 11
55 8 25
55 9 50
55 10 29
55 11 16
55 12 8
55 13 21
55 14 10
55 15 23
55 16 26
55 17 24
55 18 43
55 19 47
55 20 42
55 21 45
55 22 20
55 23 30
55 24 10
55 25 32
55 26 26
55 27 5
55 28 21
55 29 12
55 30 26
55 31 35
55 32 44
55 33 50
55 34 39
55 35 10
55 36 44
55 37 25
55 38 55
55 39 54
55 40 38
55 41 16
55 42 38
55 43 48
55 44 42
55 45 3
55 46 25
55 47 22
55 48 25
55 49 38
55 50 50
55 51 30
55 52 10
55 53 34
55 54 23
55 55 -1
