1 1 -1
1 2 13
1 3 14
1 4 11
1 5 13
1 6 7
1 7 7
1 8 11
1 9 14
1 10 6
1 11 14
1 12 4
1 13 8
1 14 14
1 15 6
1 16 2
1 17 10
2 1 13
2 2 -1
2 3 6
2 4 6
2 5 8
2 6 14
2 7 12
2 8 5
2 9 2
2 10 10
2 11 8
2 12 15
2 13 5
2 14 1
2 15 9
2 16 13
2 17 3
3 1 14
3 2 6
3 3 -1
3 4 11
3 5 3
3 6 11
3 7 9
3 8 10
3 9 4
3 10 14
3 11 14
3 12 17
3 13 7
3 14 5
3 15 12
3 16 15
3 17 8
4 1 11
4 2 6
4 3 11
4 4 -1
4 5 12
4 6 14
4 7 12
4 8 1
4 9 8
4 10 5
4 11 3
4 12 11
4 13 5
4 14 7
4 15 5
4 16 9
4 17 3
5 1 13
5 2 8
5 3 3
5 4 12
5 5 -1
5 6 8
5 7 7
5 8 11
5 9 6
5 10 14
5 11 15
5 12 16
5 13 7
5 14 8
5 15 12
5 16 14
5 17 9
6 1 7
6 2 14
6 3 11
6 4 14
6 5 8
6 6 -1
6 7 2
6 8 13
6 9 13
6 10 12
6 11 17
6 12 11
6 13 9
6 14 14
6 15 10
6 16 9
6 17 12
7 1 7
7 2 12
7 3 9
7 4 12
7 5 7
7 6 2
7 7 -1
7 8 12
7 9 11
7 10 10
7 11 16
7 12 11
7 13 7
7 14 12
7 15 9
7 16 9
7 17 10
8 1 11
8 2 5
8 3 10
8 4 1
8 5 11
8 6 13
8 7 12
8 8 -1
8 9 7
8 10 6
8 11 4
8 12 11
8 13 5
8 14 6
8 15 5
8 16 9
8 17 2
9 1 14
9 2 2
9 3 4
9 4 8
9 5 6
9 6 13
9 7 11
9 8 7
9 9 -1
9 10 12
9 11 10
9 12 16
9 13 5
9 14 1
9 15 10
9 16 14
9 17 5
10 1 6
10 2 10
10 3 14
10 4 5
10 5 14
10 6 12
10 7 10
10 8 6
10 9 12
10 10 -1
10 11 8
10 12 5
10 13 7
10 14 11
10 15 2
10 16 4
10 17 7
11 1 14
11 2 8
11 3 14
11 4 3
11 5 15
11 6 17
11 7 16
11 8 4
11 9 10
11 10 8
11 11 -1
11 12 13
11 13 9
11 14 9
11 15 8
11 16 12
11 17 6
12 1 4
12 2 15
12 3 17
12 4 11
12 5 16
12 6 11
12 7 11
12 8 11
12 9 16
12 10 5
12 11 13
12 12 -1
12 13 10
12 14 16
12 15 6
12 16 2
12 17 12
13 1 8
13 2 5
13 3 7
13 4 5
13 5 7
13 6 9
13 7 7
13 8 5
13 9 5
13 10 7
13 11 9
13 12 10
13 13 -1
13 14 5
13 15 5
13 16 8
13 17 3
14 1 14
14 2 1
14 3 5
14 4 7
14 5 8
14 6 14
14 7 12
14 8 6
14 9 1
14 10 11
14 11 9
14 12 16
14 13 5
14 14 -1
14 15 10
14 16 14
14 17 4
15 1 6
15 2 9
15 3 12
15 4 5
15 5 12
15 6 10
15 7 9
15 8 5
15 9 10
15 10 2
15 11 8
15 12 6
15 13 5
15 14 10
15 15 -1
15 16 4
15 17 5
16 1 2
16 2 13
16 3 15
16 4 9
16 5 14
16 6 9
16 7 9
16 8 9
16 9 14
16 10 4
16 11 12
16 12 2
16 13 8
16 14 14
16 15 4
16 16 -1
16 17 10
17 1 10
17 2 3
17 3 8
17 4 3
17 5 9
17 6 12
17 7 10
17 8 2
17 9 5
17 10 7
17 11 6
17 12 12
17 13 3
17 14 4
17 15 5
17 16 10
17 17 -1
