1 1 77
1 2 71
1 3 9
1 4 27
1 5 8
1 6 89
1 7 44
1 8 23
1 9 87
1 10 82
1 11 12
1 12 3
1 13 86
1 14 35
1 15 91
1 16 90
1 17 29
1 18 88
1 19 19
1 20 53
1 21 19
1 22 68
1 23 91
1 24 10
1 25 93
1 26 7
1 27 19
1 28 58
1 29 23
1 30 6
1 31 57
1 32 85
1 33 64
1 34 29
1 35 19
1 36 68
1 37 24
1 38 82
1 39 84
1 40 94
1 41 51
1 42 94
1 43 22
1 44 66
1 45 71
1 46 97
1 47 81
1 48 38
1 49 96
1 50 41
1 51 75
1 52 96
1 53 37
1 54 67
1 55 73
1 56 28
1 57 1
1 58 43
1 59 27
1 60 94
1 61 36
1 62 1
1 63 97
1 64 66
1 65 8
1 66 64
1 67 10
1 68 59
1 69 23
1 70 43
1 71 44
1 72 57
1 73 21
1 74 10
1 75 100
1 76 5
1 77 87
1 78 32
1 79 85
1 80 80
2 1 55
2 2 55
2 3 56
2 4 28
2 5 91
2 6 85
2 7 44
2 8 57
2 9 19
2 10 69
2 11 62
2 12 74
2 13 75
2 14 43
2 15 16
2 16 65
2 17 26
2 18 61
2 19 70
2 20 61
2 21 7
2 22 39
2 23 79
2 24 4
2 25 33
2 26 61
2 27 31
2 28 34
2 29 63
2 30 87
2 31 77
2 32 63
2 33 45
2 34 42
2 35 89
2 36 10
2 37 30
2 38 72
2 39 64
2 40 90
2 41 37
2 42 60
2 43 3
2 44 45
2 45 54
2 46 10
2 47 100
2 48 12
2 49 80
2 50 30
2 51 5
2 52 23
2 53 65
2 54 64
2 55 83
2 56 72
2 57 69
2 58 63
2 59 34
2 60 64
2 61 52
2 62 48
2 63 30
2 64 10
2 65 62
2 66 11
2 67 19
2 68 27
2 69 70
2 70 51
2 71 37
2 72 87
2 73 30
2 74 40
2 75 12
2 76 95
2 77 89
2 78 48
2 79 25
2 80 55
3 1 14
3 2 70
3 3 84
3 4 80
3 5 68
3 6 73
3 7 28
3 8 81
3 9 23
3 10 92
3 11 63
3 12 17
3 13 72
3 14 75
3 15 99
3 16 74
3 17 98
3 18 48
3 19 73
3 20 77
3 21 19
3 22 53
3 23 100
3 24 71
3 25 25
3 26 2
3 27 45
3 28 79
3 29 25
3 30 64
3 31 26
3 32 7
3 33 91
3 34 83
3 35 9
3 36 83
3 37 94
3 38 92
3 39 85
3 40 90
3 41 69
3 42 65
3 43 56
3 44 72
3 45 5
3 46 29
3 47 91
3 48 31
3 49 7
3 50 91
3 51 18
3 52 57
3 53 54
3 54 56
3 55 80
3 56 1
3 57 32
3 58 57
3 59 12
3 60 35
3 61 10
3 62 37
3 63 6
3 64 40
3 65 92
3 66 97
3 67 4
3 68 18
3 69 63
3 70 60
3 71 13
3 72 52
3 73 26
3 74 65
3 75 14
3 76 55
3 77 97
3 78 7
3 79 75
3 80 31
4 1 47
4 2 69
4 3 17
4 4 64
4 5 74
4 6 35
4 7 43
4 8 73
4 9 67
4 10 24
4 11 41
4 12 5
4 13 96
4 14 63
4 15 20
4 16 94
4 17 77
4 18 95
4 19 45
4 20 27
4 21 36
4 22 72
4 23 66
4 24 34
4 25 15
4 26 52
4 27 43
4 28 6
4 29 17
4 30 65
4 31 73
4 32 63
4 33 80
4 34 74
4 35 19
4 36 13
4 37 14
4 38 30
4 39 77
4 40 67
4 41 81
4 42 40
4 43 32
4 44 81
4 45 89
4 46 51
4 47 39
4 48 14
4 49 41
4 50 84
4 51 17
4 52 14
4 53 28
4 54 51
4 55 14
4 56 96
4 57 17
4 58 83
4 59 99
4 60 92
4 61 37
4 62 21
4 63 86
4 64 91
4 65 46
4 66 43
4 67 28
4 68 8
4 69 69
4 70 4
4 71 22
4 72 39
4 73 53
4 74 39
4 75 93
4 76 79
4 77 97
4 78 18
4 79 100
4 80 61
5 1 87
5 2 88
5 3 30
5 4 60
5 5 32
5 6 48
5 7 11
5 8 46
5 9 79
5 10 44
5 11 54
5 12 14
5 13 61
5 14 100
5 15 87
5 16 26
5 17 14
5 18 22
5 19 46
5 20 54
5 21 48
5 22 88
5 23 88
5 24 82
5 25 85
5 26 76
5 27 24
5 28 18
5 29 96
5 30 67
5 31 11
5 32 95
5 33 56
5 34 93
5 35 46
5 36 50
5 37 12
5 38 14
5 39 48
5 40 96
5 41 21
5 42 12
5 43 58
5 44 50
5 45 30
5 46 79
5 47 91
5 48 20
5 49 25
5 50 40
5 51 79
5 52 79
5 53 84
5 54 2
5 55 74
5 56 76
5 57 49
5 58 43
5 59 93
5 60 39
5 61 55
5 62 41
5 63 44
5 64 34
5 65 14
5 66 51
5 67 28
5 68 9
5 69 66
5 70 11
5 71 88
5 72 95
5 73 33
5 74 79
5 75 47
5 76 56
5 77 77
5 78 87
5 79 97
5 80 12
6 1 93
6 2 81
6 3 33
6 4 26
6 5 29
6 6 4
6 7 82
6 8 44
6 9 16
6 10 95
6 11 93
6 12 15
6 13 23
6 14 4
6 15 15
6 16 84
6 17 64
6 18 65
6 19 83
6 20 44
6 21 84
6 22 76
6 23 3
6 24 55
6 25 7
6 26 9
6 27 96
6 28 55
6 29 11
6 30 78
6 31 71
6 32 86
6 33 18
6 34 69
6 35 6
6 36 63
6 37 90
6 38 1
6 39 2
6 40 45
6 41 27
6 42 71
6 43 48
6 44 14
6 45 37
6 46 50
6 47 100
6 48 53
6 49 10
6 50 3
6 51 48
6 52 84
6 53 23
6 54 81
6 55 7
6 56 11
6 57 94
6 58 26
6 59 31
6 60 4
6 61 18
6 62 47
6 63 65
6 64 27
6 65 64
6 66 86
6 67 7
6 68 62
6 69 81
6 70 97
6 71 89
6 72 4
6 73 56
6 74 65
6 75 49
6 76 31
6 77 87
6 78 22
6 79 100
6 80 23
7 1 84
7 2 22
7 3 77
7 4 97
7 5 18
7 6 11
7 7 60
7 8 66
7 9 76
7 10 29
7 11 21
7 12 38
7 13 90
7 14 39
7 15 37
7 16 45
7 17 26
7 18 28
7 19 46
7 20 75
7 21 18
7 22 74
7 23 60
7 24 93
7 25 22
7 26 52
7 27 28
7 28 90
7 29 63
7 30 46
7 31 99
7 32 42
7 33 43
7 34 85
7 35 15
7 36 86
7 37 49
7 38 89
7 39 58
7 40 35
7 41 29
7 42 95
7 43 30
7 44 76
7 45 14
7 46 22
7 47 86
7 48 29
7 49 79
7 50 93
7 51 17
7 52 30
7 53 61
7 54 34
7 55 39
7 56 81
7 57 84
7 58 47
7 59 62
7 60 80
7 61 92
7 62 44
7 63 100
7 64 20
7 65 41
7 66 3
7 67 14
7 68 75
7 69 72
7 70 46
7 71 75
7 72 12
7 73 71
7 74 97
7 75 38
7 76 92
7 77 15
7 78 30
7 79 75
7 80 3
8 1 89
8 2 23
8 3 5
8 4 8
8 5 5
8 6 27
8 7 84
8 8 6
8 9 99
8 10 56
8 11 100
8 12 30
8 13 56
8 14 52
8 15 19
8 16 3
8 17 88
8 18 27
8 19 75
8 20 52
8 21 55
8 22 40
8 23 68
8 24 9
8 25 87
8 26 34
8 27 78
8 28 38
8 29 77
8 30 72
8 31 63
8 32 69
8 33 58
8 34 88
8 35 15
8 36 90
8 37 70
8 38 81
8 39 9
8 40 97
8 41 97
8 42 55
8 43 69
8 44 84
8 45 38
8 46 71
8 47 10
8 48 48
8 49 100
8 50 49
8 51 49
8 52 50
8 53 70
8 54 14
8 55 49
8 56 54
8 57 3
8 58 95
8 59 41
8 60 13
8 61 41
8 62 49
8 63 98
8 64 88
8 65 11
8 66 36
8 67 1
8 68 31
8 69 25
8 70 85
8 71 21
8 72 65
8 73 9
8 74 4
8 75 9
8 76 39
8 77 93
8 78 85
8 79 22
8 80 69
9 1 33
9 2 62
9 3 65
9 4 46
9 5 83
9 6 47
9 7 39
9 8 10
9 9 85
9 10 48
9 11 25
9 12 73
9 13 72
9 14 98
9 15 98
9 16 98
9 17 39
9 18 18
9 19 96
9 20 29
9 21 13
9 22 49
9 23 98
9 24 7
9 25 64
9 26 92
9 27 55
9 28 87
9 29 49
9 30 35
9 31 90
9 32 36
9 33 84
9 34 93
9 35 20
9 36 89
9 37 22
9 38 42
9 39 2
9 40 66
9 41 56
9 42 43
9 43 91
9 44 34
9 45 63
9 46 45
9 47 9
9 48 87
9 49 78
9 50 18
9 51 15
9 52 62
9 53 53
9 54 22
9 55 39
9 56 22
9 57 26
9 58 80
9 59 46
9 60 83
9 61 85
9 62 24
9 63 62
9 64 3
9 65 27
9 66 31
9 67 66
9 68 90
9 69 81
9 70 85
9 71 95
9 72 94
9 73 61
9 74 82
9 75 63
9 76 94
9 77 66
9 78 52
9 79 49
9 80 68
10 1 5
10 2 32
10 3 69
10 4 56
10 5 44
10 6 31
10 7 25
10 8 67
10 9 15
10 10 31
10 11 38
10 12 55
10 13 97
10 14 76
10 15 79
10 16 1
10 17 63
10 18 100
10 19 34
10 20 7
10 21 19
10 22 8
10 23 71
10 24 49
10 25 63
10 26 12
10 27 28
10 28 42
10 29 26
10 30 26
10 31 51
10 32 81
10 33 70
10 34 76
10 35 57
10 36 91
10 37 52
10 38 44
10 39 8
10 40 26
10 41 82
10 42 28
10 43 4
10 44 35
10 45 15
10 46 83
10 47 58
10 48 92
10 49 19
10 50 68
10 51 40
10 52 19
10 53 53
10 54 87
10 55 70
10 56 40
10 57 34
10 58 95
10 59 75
10 60 36
10 61 21
10 62 87
10 63 80
10 64 19
10 65 64
10 66 15
10 67 87
10 68 86
10 69 57
10 70 76
10 71 50
10 72 91
10 73 14
10 74 55
10 75 62
10 76 96
10 77 86
10 78 39
10 79 51
10 80 12
11 1 5
11 2 39
11 3 6
11 4 48
11 5 25
11 6 8
11 7 89
11 8 33
11 9 76
11 10 90
11 11 67
11 12 53
11 13 94
11 14 70
11 15 68
11 16 9
11 17 85
11 18 35
11 19 20
11 20 45
11 21 68
11 22 2
11 23 3
11 24 89
11 25 50
11 26 70
11 27 15
11 28 23
11 29 68
11 30 33
11 31 20
11 32 82
11 33 42
11 34 54
11 35 78
11 36 78
11 37 94
11 38 44
11 39 50
11 40 15
11 41 18
11 42 69
11 43 82
11 44 44
11 45 69
11 46 90
11 47 79
11 48 26
11 49 47
11 50 67
11 51 93
11 52 76
11 53 13
11 54 69
11 55 55
11 56 23
11 57 99
11 58 67
11 59 54
11 60 99
11 61 53
11 62 23
11 63 90
11 64 3
11 65 55
11 66 12
11 67 34
11 68 51
11 69 21
11 70 56
11 71 73
11 72 79
11 73 34
11 74 37
11 75 77
11 76 54
11 77 93
11 78 84
11 79 25
11 80 32
12 1 78
12 2 22
12 3 8
12 4 31
12 5 43
12 6 56
12 7 1
12 8 49
12 9 29
12 10 51
12 11 31
12 12 72
12 13 1
12 14 61
12 15 31
12 16 32
12 17 93
12 18 26
12 19 32
12 20 72
12 21 96
12 22 47
12 23 79
12 24 26
12 25 31
12 26 65
12 27 80
12 28 60
12 29 83
12 30 41
12 31 83
12 32 64
12 33 47
12 34 74
12 35 96
12 36 28
12 37 11
12 38 76
12 39 81
12 40 21
12 41 78
12 42 47
12 43 4
12 44 53
12 45 50
12 46 8
12 47 3
12 48 47
12 49 89
12 50 41
12 51 82
12 52 40
12 53 28
12 54 5
12 55 94
12 56 87
12 57 25
12 58 9
12 59 79
12 60 80
12 61 44
12 62 77
12 63 27
12 64 5
12 65 71
12 66 16
12 67 3
12 68 24
12 69 42
12 70 58
12 71 50
12 72 2
12 73 40
12 74 2
12 75 57
12 76 51
12 77 4
12 78 57
12 79 91
12 80 79
13 1 27
13 2 77
13 3 33
13 4 64
13 5 35
13 6 12
13 7 73
13 8 81
13 9 60
13 10 19
13 11 8
13 12 89
13 13 85
13 14 76
13 15 85
13 16 39
13 17 48
13 18 95
13 19 82
13 20 100
13 21 66
13 22 87
13 23 18
13 24 42
13 25 19
13 26 35
13 27 73
13 28 88
13 29 72
13 30 65
13 31 77
13 32 49
13 33 95
13 34 99
13 35 1
13 36 50
13 37 53
13 38 99
13 39 46
13 40 81
13 41 76
13 42 46
13 43 60
13 44 100
13 45 24
13 46 16
13 47 63
13 48 25
13 49 21
13 50 39
13 51 61
13 52 68
13 53 94
13 54 76
13 55 75
13 56 64
13 57 71
13 58 19
13 59 7
13 60 78
13 61 73
13 62 3
13 63 70
13 64 68
13 65 18
13 66 64
13 67 29
13 68 58
13 69 76
13 70 68
13 71 20
13 72 81
13 73 80
13 74 82
13 75 9
13 76 42
13 77 80
13 78 42
13 79 45
13 80 96
14 1 100
14 2 12
14 3 7
14 4 64
14 5 98
14 6 2
14 7 90
14 8 17
14 9 31
14 10 39
14 11 69
14 12 9
14 13 41
14 14 44
14 15 99
14 16 81
14 17 20
14 18 88
14 19 92
14 20 34
14 21 2
14 22 53
14 23 40
14 24 80
14 25 72
14 26 37
14 27 96
14 28 77
14 29 39
14 30 92
14 31 79
14 32 20
14 33 7
14 34 80
14 35 24
14 36 41
14 37 47
14 38 51
14 39 40
14 40 17
14 41 77
14 42 29
14 43 40
14 44 46
14 45 55
14 46 69
14 47 85
14 48 13
14 49 35
14 50 22
14 51 49
14 52 56
14 53 69
14 54 23
14 55 78
14 56 13
14 57 46
14 58 16
14 59 23
14 60 67
14 61 5
14 62 42
14 63 100
14 64 11
14 65 46
14 66 52
14 67 95
14 68 23
14 69 38
14 70 33
14 71 56
14 72 61
14 73 79
14 74 36
14 75 70
14 76 34
14 77 56
14 78 97
14 79 11
14 80 92
15 1 37
15 2 63
15 3 3
15 4 88
15 5 10
15 6 63
15 7 3
15 8 23
15 9 21
15 10 26
15 11 97
15 12 86
15 13 40
15 14 3
15 15 45
15 16 94
15 17 15
15 18 24
15 19 65
15 20 84
15 21 9
15 22 62
15 23 37
15 24 26
15 25 2
15 26 34
15 27 9
15 28 87
15 29 41
15 30 44
15 31 9
15 32 3
15 33 50
15 34 19
15 35 6
15 36 30
15 37 73
15 38 52
15 39 54
15 40 25
15 41 85
15 42 16
15 43 7
15 44 8
15 45 81
15 46 99
15 47 8
15 48 31
15 49 69
15 50 65
15 51 37
15 52 73
15 53 80
15 54 96
15 55 59
15 56 76
15 57 68
15 58 21
15 59 2
15 60 34
15 61 20
15 62 85
15 63 20
15 64 79
15 65 73
15 66 98
15 67 66
15 68 59
15 69 72
15 70 74
15 71 10
15 72 20
15 73 52
15 74 83
15 75 15
15 76 99
15 77 61
15 78 7
15 79 39
15 80 61
16 1 66
16 2 94
16 3 84
16 4 93
16 5 2
16 6 2
16 7 77
16 8 33
16 9 26
16 10 90
16 11 74
16 12 99
16 13 38
16 14 33
16 15 44
16 16 69
16 17 52
16 18 40
16 19 93
16 20 72
16 21 32
16 22 59
16 23 55
16 24 1
16 25 19
16 26 6
16 27 54
16 28 28
16 29 91
16 30 91
16 31 47
16 32 3
16 33 30
16 34 82
16 35 55
16 36 90
16 37 32
16 38 15
16 39 28
16 40 17
16 41 75
16 42 98
16 43 58
16 44 16
16 45 61
16 46 72
16 47 6
16 48 69
16 49 89
16 50 17
16 51 6
16 52 91
16 53 7
16 54 93
16 55 99
16 56 48
16 57 41
16 58 17
16 59 37
16 60 100
16 61 14
16 62 20
16 63 40
16 64 32
16 65 38
16 66 84
16 67 20
16 68 54
16 69 46
16 70 63
16 71 57
16 72 1
16 73 47
16 74 73
16 75 68
16 76 42
16 77 54
16 78 97
16 79 71
16 80 11
17 1 86
17 2 14
17 3 98
17 4 16
17 5 21
17 6 13
17 7 8
17 8 65
17 9 51
17 10 94
17 11 2
17 12 32
17 13 19
17 14 32
17 15 9
17 16 66
17 17 13
17 18 42
17 19 3
17 20 65
17 21 80
17 22 21
17 23 75
17 24 65
17 25 42
17 26 6
17 27 42
17 28 13
17 29 21
17 30 56
17 31 53
17 32 72
17 33 15
17 34 81
17 35 66
17 36 22
17 37 53
17 38 4
17 39 41
17 40 5
17 41 41
17 42 80
17 43 6
17 44 7
17 45 92
17 46 14
17 47 65
17 48 67
17 49 19
17 50 71
17 51 21
17 52 8
17 53 83
17 54 31
17 55 59
17 56 78
17 57 17
17 58 35
17 59 65
17 60 27
17 61 24
17 62 85
17 63 85
17 64 32
17 65 23
17 66 50
17 67 31
17 68 85
17 69 52
17 70 30
17 71 66
17 72 95
17 73 50
17 74 84
17 75 87
17 76 4
17 77 17
17 78 36
17 79 27
17 80 70
18 1 12
18 2 21
18 3 94
18 4 87
18 5 14
18 6 68
18 7 22
18 8 23
18 9 54
18 10 47
18 11 72
18 12 38
18 13 18
18 14 10
18 15 39
18 16 81
18 17 84
18 18 3
18 19 35
18 20 55
18 21 45
18 22 6
18 23 31
18 24 6
18 25 57
18 26 38
18 27 95
18 28 35
18 29 29
18 30 47
18 31 32
18 32 94
18 33 20
18 34 37
18 35 66
18 36 84
18 37 98
18 38 4
18 39 19
18 40 29
18 41 1
18 42 38
18 43 19
18 44 46
18 45 30
18 46 30
18 47 22
18 48 78
18 49 53
18 50 69
18 51 72
18 52 28
18 53 15
18 54 55
18 55 13
18 56 42
18 57 67
18 58 62
18 59 82
18 60 98
18 61 3
18 62 18
18 63 37
18 64 64
18 65 61
18 66 49
18 67 85
18 68 78
18 69 40
18 70 20
18 71 24
18 72 35
18 73 92
18 74 20
18 75 81
18 76 91
18 77 86
18 78 54
18 79 46
18 80 57
19 1 10
19 2 24
19 3 7
19 4 40
19 5 84
19 6 63
19 7 61
19 8 62
19 9 38
19 10 69
19 11 43
19 12 12
19 13 11
19 14 96
19 15 22
19 16 82
19 17 43
19 18 31
19 19 60
19 20 11
19 21 63
19 22 70
19 23 79
19 24 26
19 25 37
19 26 17
19 27 67
19 28 12
19 29 55
19 30 28
19 31 36
19 32 12
19 33 87
19 34 11
19 35 100
19 36 42
19 37 20
19 38 81
19 39 40
19 40 83
19 41 27
19 42 55
19 43 45
19 44 71
19 45 22
19 46 74
19 47 22
19 48 94
19 49 82
19 50 20
19 51 30
19 52 10
19 53 52
19 54 50
19 55 18
19 56 33
19 57 94
19 58 80
19 59 99
19 60 69
19 61 24
19 62 96
19 63 61
19 64 52
19 65 94
19 66 73
19 67 55
19 68 13
19 69 52
19 70 42
19 71 1
19 72 4
19 73 25
19 74 3
19 75 41
19 76 4
19 77 69
19 78 40
19 79 6
19 80 66
20 1 8
20 2 96
20 3 99
20 4 62
20 5 82
20 6 69
20 7 61
20 8 100
20 9 76
20 10 98
20 11 33
20 12 71
20 13 4
20 14 87
20 15 87
20 16 30
20 17 61
20 18 21
20 19 47
20 20 38
20 21 100
20 22 95
20 23 29
20 24 24
20 25 53
20 26 54
20 27 32
20 28 20
20 29 94
20 30 14
20 31 92
20 32 33
20 33 65
20 34 56
20 35 98
20 36 60
20 37 51
20 38 39
20 39 21
20 40 27
20 41 100
20 42 28
20 43 27
20 44 89
20 45 99
20 46 4
20 47 94
20 48 99
20 49 73
20 50 84
20 51 84
20 52 48
20 53 44
20 54 80
20 55 1
20 56 82
20 57 23
20 58 49
20 59 89
20 60 82
20 61 91
20 62 54
20 63 56
20 64 66
20 65 60
20 66 89
20 67 59
20 68 25
20 69 30
20 70 50
20 71 76
20 72 61
20 73 40
20 74 54
20 75 76
20 76 7
20 77 16
20 78 67
20 79 9
20 80 23
21 1 11
21 2 11
21 3 17
21 4 49
21 5 65
21 6 89
21 7 18
21 8 56
21 9 1
21 10 44
21 11 89
21 12 18
21 13 77
21 14 9
21 15 88
21 16 96
21 17 17
21 18 22
21 19 82
21 20 2
21 21 83
21 22 84
21 23 14
21 24 15
21 25 79
21 26 12
21 27 91
21 28 36
21 29 52
21 30 37
21 31 38
21 32 68
21 33 62
21 34 37
21 35 54
21 36 85
21 37 52
21 38 25
21 39 78
21 40 100
21 41 13
21 42 55
21 43 1
21 44 75
21 45 3
21 46 85
21 47 38
21 48 81
21 49 44
21 50 85
21 51 3
21 52 12
21 53 9
21 54 91
21 55 17
21 56 5
21 57 65
21 58 48
21 59 71
21 60 16
21 61 20
21 62 22
21 63 54
21 64 45
21 65 20
21 66 51
21 67 63
21 68 87
21 69 98
21 70 80
21 71 9
21 72 75
21 73 15
21 74 76
21 75 66
21 76 15
21 77 68
21 78 33
21 79 9
21 80 65
22 1 35
22 2 32
22 3 83
22 4 3
22 5 24
22 6 47
22 7 98
22 8 90
22 9 88
22 10 48
22 11 23
22 12 80
22 13 30
22 14 100
22 15 42
22 16 75
22 17 81
22 18 7
22 19 56
22 20 32
22 21 66
22 22 7
22 23 18
22 24 89
22 25 18
22 26 3
22 27 87
22 28 33
22 29 3
22 30 19
22 31 20
22 32 56
22 33 60
22 34 40
22 35 61
22 36 35
22 37 78
22 38 88
22 39 5
22 40 78
22 41 58
22 42 37
22 43 84
22 44 65
22 45 74
22 46 33
22 47 89
22 48 50
22 49 5
22 50 16
22 51 1
22 52 5
22 53 92
22 54 54
22 55 76
22 56 73
22 57 77
22 58 13
22 59 96
22 60 22
22 61 94
22 62 77
22 63 63
22 64 75
22 65 74
22 66 88
22 67 57
22 68 42
22 69 23
22 70 1
22 71 9
22 72 59
22 73 40
22 74 49
22 75 35
22 76 41
22 77 60
22 78 16
22 79 54
22 80 56
23 1 38
23 2 81
23 3 54
23 4 92
23 5 26
23 6 9
23 7 84
23 8 58
23 9 16
23 10 8
23 11 7
23 12 10
23 13 82
23 14 85
23 15 37
23 16 56
23 17 71
23 18 18
23 19 78
23 20 72
23 21 10
23 22 47
23 23 52
23 24 53
23 25 95
23 26 37
23 27 14
23 28 79
23 29 31
23 30 17
23 31 83
23 32 85
23 33 98
23 34 62
23 35 33
23 36 92
23 37 92
23 38 40
23 39 97
23 40 5
23 41 6
23 42 63
23 43 47
23 44 43
23 45 93
23 46 7
23 47 37
23 48 70
23 49 28
23 50 2
23 51 40
23 52 99
23 53 29
23 54 37
23 55 1
23 56 72
23 57 24
23 58 56
23 59 14
23 60 63
23 61 58
23 62 80
23 63 79
23 64 38
23 65 41
23 66 37
23 67 10
23 68 80
23 69 59
23 70 90
23 71 7
23 72 85
23 73 24
23 74 80
23 75 49
23 76 49
23 77 40
23 78 100
23 79 41
23 80 52
24 1 69
24 2 45
24 3 92
24 4 11
24 5 4
24 6 58
24 7 43
24 8 43
24 9 90
24 10 13
24 11 3
24 12 17
24 13 66
24 14 41
24 15 91
24 16 84
24 17 26
24 18 28
24 19 96
24 20 19
24 21 80
24 22 21
24 23 47
24 24 26
24 25 2
24 26 36
24 27 83
24 28 50
24 29 8
24 30 85
24 31 99
24 32 91
24 33 38
24 34 53
24 35 60
24 36 61
24 37 13
24 38 35
24 39 43
24 40 8
24 41 74
24 42 52
24 43 28
24 44 34
24 45 32
24 46 31
24 47 19
24 48 43
24 49 13
24 50 74
24 51 96
24 52 33
24 53 84
24 54 68
24 55 53
24 56 86
24 57 65
24 58 35
24 59 89
24 60 6
24 61 48
24 62 7
24 63 31
24 64 45
24 65 1
24 66 14
24 67 21
24 68 23
24 69 92
24 70 4
24 71 2
24 72 16
24 73 60
24 74 56
24 75 58
24 76 64
24 77 57
24 78 90
24 79 86
24 80 82
25 1 38
25 2 62
25 3 83
25 4 36
25 5 51
25 6 9
25 7 31
25 8 28
25 9 48
25 10 13
25 11 94
25 12 26
25 13 4
25 14 38
25 15 98
25 16 52
25 17 24
25 18 32
25 19 61
25 20 76
25 21 86
25 22 88
25 23 71
25 24 47
25 25 56
25 26 96
25 27 23
25 28 26
25 29 25
25 30 17
25 31 78
25 32 67
25 33 16
25 34 30
25 35 46
25 36 41
25 37 89
25 38 17
25 39 87
25 40 16
25 41 58
25 42 12
25 43 67
25 44 31
25 45 77
25 46 33
25 47 75
25 48 81
25 49 15
25 50 9
25 51 60
25 52 29
25 53 74
25 54 75
25 55 73
25 56 96
25 57 28
25 58 41
25 59 92
25 60 51
25 61 72
25 62 93
25 63 31
25 64 94
25 65 82
25 66 39
25 67 90
25 68 53
25 69 8
25 70 7
25 71 76
25 72 74
25 73 75
25 74 44
25 75 94
25 76 29
25 77 79
25 78 27
25 79 66
25 80 22
26 1 92
26 2 90
26 3 49
26 4 82
26 5 58
26 6 81
26 7 62
26 8 38
26 9 87
26 10 45
26 11 29
26 12 31
26 13 16
26 14 65
26 15 57
26 16 7
26 17 88
26 18 74
26 19 38
26 20 21
26 21 98
26 22 48
26 23 68
26 24 41
26 25 56
26 26 90
26 27 72
26 28 20
26 29 26
26 30 98
26 31 23
26 32 22
26 33 12
26 34 6
26 35 22
26 36 42
26 37 86
26 38 36
26 39 74
26 40 27
26 41 71
26 42 42
26 43 37
26 44 14
26 45 72
26 46 42
26 47 62
26 48 84
26 49 62
26 50 72
26 51 85
26 52 1
26 53 3
26 54 100
26 55 19
26 56 45
26 57 62
26 58 94
26 59 43
26 60 47
26 61 3
26 62 14
26 63 6
26 64 72
26 65 85
26 66 25
26 67 30
26 68 31
26 69 63
26 70 57
26 71 36
26 72 68
26 73 25
26 74 88
26 75 78
26 76 36
26 77 83
26 78 83
26 79 80
26 80 82
27 1 76
27 2 40
27 3 19
27 4 3
27 5 67
27 6 41
27 7 58
27 8 100
27 9 25
27 10 31
27 11 77
27 12 41
27 13 80
27 14 93
27 15 28
27 16 27
27 17 66
27 18 75
27 19 60
27 20 76
27 21 20
27 22 79
27 23 45
27 24 69
27 25 55
27 26 18
27 27 35
27 28 25
27 29 97
27 30 12
27 31 86
27 32 54
27 33 17
27 34 47
27 35 11
27 36 29
27 37 99
27 38 40
27 39 86
27 40 89
27 41 64
27 42 85
27 43 38
27 44 7
27 45 79
27 46 25
27 47 95
27 48 70
27 49 91
27 50 71
27 51 15
27 52 23
27 53 96
27 54 4
27 55 62
27 56 89
27 57 26
27 58 15
27 59 30
27 60 5
27 61 51
27 62 81
27 63 62
27 64 18
27 65 28
27 66 38
27 67 58
27 68 7
27 69 25
27 70 8
27 71 23
27 72 52
27 73 23
27 74 30
27 75 99
27 76 59
27 77 72
27 78 63
27 79 90
27 80 33
28 1 71
28 2 72
28 3 100
28 4 53
28 5 58
28 6 4
28 7 100
28 8 57
28 9 12
28 10 20
28 11 78
28 12 6
28 13 27
28 14 63
28 15 66
28 16 74
28 17 47
28 18 59
28 19 36
28 20 15
28 21 53
28 22 28
28 23 53
28 24 45
28 25 61
28 26 94
28 27 84
28 28 96
28 29 33
28 30 96
28 31 23
28 32 65
28 33 53
28 34 39
28 35 79
28 36 43
28 37 18
28 38 62
28 39 69
28 40 75
28 41 35
28 42 88
28 43 13
28 44 67
28 45 95
28 46 72
28 47 20
28 48 96
28 49 89
28 50 85
28 51 98
28 52 26
28 53 15
28 54 39
28 55 74
28 56 54
28 57 63
28 58 25
28 59 99
28 60 63
28 61 64
28 62 52
28 63 47
28 64 79
28 65 11
28 66 79
28 67 100
28 68 25
28 69 83
28 70 34
28 71 60
28 72 94
28 73 43
28 74 91
28 75 54
28 76 48
28 77 23
28 78 58
28 79 57
28 80 13
29 1 34
29 2 25
29 3 39
29 4 71
29 5 96
29 6 2
29 7 53
29 8 19
29 9 100
29 10 48
29 11 48
29 12 41
29 13 73
29 14 67
29 15 99
29 16 22
29 17 92
29 18 60
29 19 11
29 20 100
29 21 46
29 22 38
29 23 73
29 24 62
29 25 56
29 26 60
29 27 23
29 28 61
29 29 27
29 30 6
29 31 47
29 32 2
29 33 5
29 34 30
29 35 86
29 36 81
29 37 99
29 38 46
29 39 54
29 40 82
29 41 30
29 42 11
29 43 20
29 44 18
29 45 47
29 46 43
29 47 44
29 48 79
29 49 31
29 50 64
29 51 29
29 52 28
29 53 18
29 54 71
29 55 14
29 56 14
29 57 67
29 58 22
29 59 93
29 60 10
29 61 65
29 62 97
29 63 17
29 64 4
29 65 67
29 66 28
29 67 23
29 68 69
29 69 53
29 70 89
29 71 73
29 72 9
29 73 58
29 74 93
29 75 45
29 76 46
29 77 81
29 78 7
29 79 76
29 80 21
30 1 37
30 2 63
30 3 42
30 4 70
30 5 31
30 6 6
30 7 89
30 8 15
30 9 19
30 10 19
30 11 93
30 12 43
30 13 47
30 14 90
30 15 18
30 16 75
30 17 20
30 18 49
30 19 68
30 20 59
30 21 32
30 22 82
30 23 70
30 24 56
30 25 37
30 26 60
30 27 48
30 28 9
30 29 44
30 30 88
30 31 27
30 32 41
30 33 95
30 34 64
30 35 56
30 36 70
30 37 77
30 38 11
30 39 74
30 40 85
30 41 22
30 42 28
30 43 90
30 44 34
30 45 58
30 46 40
30 47 47
30 48 17
30 49 88
30 50 61
30 51 83
30 52 65
30 53 61
30 54 52
30 55 90
30 56 9
30 57 80
30 58 69
30 59 61
30 60 71
30 61 20
30 62 75
30 63 68
30 64 98
30 65 21
30 66 38
30 67 6
30 68 13
30 69 95
30 70 44
30 71 15
30 72 15
30 73 99
30 74 55
30 75 93
30 76 74
30 77 81
30 78 55
30 79 37
30 80 84
31 1 57
31 2 29
31 3 54
31 4 45
31 5 1
31 6 7
31 7 65
31 8 40
31 9 5
31 10 88
31 11 23
31 12 88
31 13 71
31 14 90
31 15 21
31 16 21
31 17 10
31 18 90
31 19 21
31 20 46
31 21 64
31 22 40
31 23 25
31 24 47
31 25 70
31 26 29
31 27 16
31 28 53
31 29 66
31 30 73
31 31 83
31 32 94
31 33 77
31 34 7
31 35 78
31 36 8
31 37 71
31 38 79
31 39 5
31 40 89
31 41 90
31 42 52
31 43 69
31 44 49
31 45 41
31 46 27
31 47 62
31 48 90
31 49 66
31 50 46
31 51 40
31 52 58
31 53 79
31 54 15
31 55 35
31 56 13
31 57 78
31 58 42
31 59 44
31 60 23
31 61 94
31 62 16
31 63 85
31 64 17
31 65 51
31 66 75
31 67 60
31 68 61
31 69 54
31 70 35
31 71 14
31 72 81
31 73 54
31 74 80
31 75 8
31 76 11
31 77 36
31 78 91
31 79 54
31 80 57
32 1 76
32 2 100
32 3 33
32 4 83
32 5 53
32 6 1
32 7 1
32 8 14
32 9 8
32 10 77
32 11 72
32 12 53
32 13 52
32 14 76
32 15 79
32 16 53
32 17 3
32 18 20
32 19 51
32 20 88
32 21 19
32 22 43
32 23 37
32 24 17
32 25 21
32 26 94
32 27 46
32 28 74
32 29 99
32 30 5
32 31 23
32 32 94
32 33 34
32 34 23
32 35 58
32 36 65
32 37 84
32 38 67
32 39 79
32 40 6
32 41 14
32 42 60
32 43 64
32 44 2
32 45 57
32 46 44
32 47 71
32 48 75
32 49 43
32 50 4
32 51 15
32 52 68
32 53 41
32 54 31
32 55 18
32 56 88
32 57 32
32 58 56
32 59 83
32 60 1
32 61 36
32 62 13
32 63 19
32 64 76
32 65 48
32 66 87
32 67 84
32 68 14
32 69 20
32 70 31
32 71 9
32 72 93
32 73 91
32 74 100
32 75 44
32 76 45
32 77 99
32 78 24
32 79 12
32 80 54
33 1 72
33 2 12
33 3 6
33 4 73
33 5 35
33 6 21
33 7 94
33 8 47
33 9 79
33 10 34
33 11 83
33 12 81
33 13 58
33 14 99
33 15 71
33 16 63
33 17 42
33 18 22
33 19 98
33 20 80
33 21 71
33 22 60
33 23 45
33 24 16
33 25 81
33 26 14
33 27 71
33 28 55
33 29 90
33 30 4
33 31 96
33 32 68
33 33 83
33 34 28
33 35 61
33 36 12
33 37 93
33 38 6
33 39 9
33 40 10
33 41 56
33 42 100
33 43 3
33 44 68
33 45 40
33 46 7
33 47 37
33 48 19
33 49 26
33 50 49
33 51 24
33 52 28
33 53 77
33 54 74
33 55 48
33 56 69
33 57 29
33 58 5
33 59 49
33 60 39
33 61 15
33 62 21
33 63 9
33 64 21
33 65 9
33 66 10
33 67 26
33 68 96
33 69 58
33 70 2
33 71 37
33 72 74
33 73 12
33 74 95
33 75 69
33 76 35
33 77 8
33 78 24
33 79 74
33 80 56
34 1 94
34 2 26
34 3 70
34 4 58
34 5 43
34 6 93
34 7 92
34 8 22
34 9 51
34 10 31
34 11 43
34 12 27
34 13 50
34 14 5
34 15 47
34 16 7
34 17 36
34 18 85
34 19 99
34 20 92
34 21 38
34 22 41
34 23 70
34 24 57
34 25 59
34 26 53
34 27 64
34 28 70
34 29 90
34 30 37
34 31 56
34 32 94
34 33 51
34 34 27
34 35 99
34 36 33
34 37 33
34 38 80
34 39 22
34 40 77
34 41 71
34 42 3
34 43 90
34 44 24
34 45 74
34 46 22
34 47 57
34 48 57
34 49 62
34 50 53
34 51 57
34 52 98
34 53 29
34 54 99
34 55 85
34 56 21
34 57 97
34 58 7
34 59 100
34 60 64
34 61 38
34 62 99
34 63 3
34 64 89
34 65 86
34 66 23
34 67 79
34 68 98
34 69 12
34 70 61
34 71 63
34 72 84
34 73 78
34 74 8
34 75 3
34 76 67
34 77 72
34 78 12
34 79 49
34 80 92
35 1 49
35 2 65
35 3 88
35 4 20
35 5 16
35 6 29
35 7 69
35 8 9
35 9 24
35 10 14
35 11 47
35 12 35
35 13 9
35 14 99
35 15 31
35 16 71
35 17 62
35 18 56
35 19 75
35 20 79
35 21 29
35 22 11
35 23 13
35 24 100
35 25 24
35 26 5
35 27 54
35 28 66
35 29 65
35 30 55
35 31 69
35 32 64
35 33 54
35 34 85
35 35 11
35 36 15
35 37 31
35 38 11
35 39 55
35 40 78
35 41 70
35 42 13
35 43 41
35 44 83
35 45 21
35 46 5
35 47 57
35 48 28
35 49 71
35 50 79
35 51 52
35 52 54
35 53 39
35 54 31
35 55 35
35 56 7
35 57 18
35 58 28
35 59 31
35 60 14
35 61 96
35 62 2
35 63 14
35 64 63
35 65 63
35 66 80
35 67 7
35 68 70
35 69 64
35 70 76
35 71 11
35 72 60
35 73 91
35 74 21
35 75 47
35 76 21
35 77 64
35 78 23
35 79 54
35 80 6
36 1 9
36 2 22
36 3 68
36 4 9
36 5 13
36 6 49
36 7 11
36 8 26
36 9 74
36 10 47
36 11 6
36 12 74
36 13 51
36 14 20
36 15 37
36 16 12
36 17 100
36 18 73
36 19 60
36 20 94
36 21 62
36 22 89
36 23 78
36 24 14
36 25 76
36 26 46
36 27 7
36 28 76
36 29 49
36 30 98
36 31 99
36 32 68
36 33 68
36 34 53
36 35 59
36 36 5
36 37 13
36 38 11
36 39 47
36 40 14
36 41 93
36 42 53
36 43 44
36 44 14
36 45 32
36 46 47
36 47 44
36 48 25
36 49 21
36 50 71
36 51 71
36 52 39
36 53 79
36 54 17
36 55 90
36 56 25
36 57 56
36 58 67
36 59 46
36 60 15
36 61 44
36 62 8
36 63 40
36 64 40
36 65 2
36 66 86
36 67 6
36 68 69
36 69 37
36 70 58
36 71 71
36 72 62
36 73 88
36 74 80
36 75 74
36 76 59
36 77 43
36 78 48
36 79 53
36 80 14
37 1 67
37 2 78
37 3 26
37 4 89
37 5 20
37 6 20
37 7 15
37 8 58
37 9 22
37 10 90
37 11 57
37 12 37
37 13 54
37 14 82
37 15 34
37 16 39
37 17 15
37 18 26
37 19 34
37 20 20
37 21 24
37 22 17
37 23 65
37 24 30
37 25 71
37 26 12
37 27 16
37 28 26
37 29 85
37 30 55
37 31 21
37 32 78
37 33 9
37 34 14
37 35 3
37 36 100
37 37 17
37 38 11
37 39 87
37 40 72
37 41 75
37 42 50
37 43 50
37 44 84
37 45 71
37 46 92
37 47 75
37 48 72
37 49 66
37 50 18
37 51 13
37 52 50
37 53 32
37 54 1
37 55 88
37 56 78
37 57 2
37 58 87
37 59 95
37 60 44
37 61 32
37 62 38
37 63 37
37 64 27
37 65 99
37 66 42
37 67 35
37 68 95
37 69 4
37 70 15
37 71 70
37 72 73
37 73 66
37 74 95
37 75 95
37 76 70
37 77 31
37 78 96
37 79 12
37 80 45
38 1 88
38 2 63
38 3 99
38 4 11
38 5 10
38 6 28
38 7 40
38 8 15
38 9 12
38 10 92
38 11 58
38 12 53
38 13 14
38 14 79
38 15 78
38 16 95
38 17 48
38 18 97
38 19 78
38 20 74
38 21 58
38 22 60
38 23 38
38 24 29
38 25 8
38 26 49
38 27 13
38 28 46
38 29 97
38 30 17
38 31 6
38 32 91
38 33 50
38 34 100
38 35 76
38 36 15
38 37 47
38 38 32
38 39 70
38 40 67
38 41 20
38 42 29
38 43 32
38 44 5
38 45 16
38 46 58
38 47 39
38 48 2
38 49 83
38 50 16
38 51 69
38 52 70
38 53 51
38 54 65
38 55 5
38 56 99
38 57 97
38 58 71
38 59 44
38 60 36
38 61 25
38 62 59
38 63 55
38 64 75
38 65 90
38 66 78
38 67 1
38 68 22
38 69 38
38 70 91
38 71 91
38 72 98
38 73 71
38 74 58
38 75 89
38 76 43
38 77 64
38 78 85
38 79 38
38 80 40
39 1 32
39 2 99
39 3 29
39 4 39
39 5 88
39 6 100
39 7 24
39 8 43
39 9 19
39 10 87
39 11 95
39 12 11
39 13 37
39 14 76
39 15 74
39 16 74
39 17 13
39 18 65
39 19 83
39 20 97
39 21 94
39 22 5
39 23 48
39 24 44
39 25 8
39 26 57
39 27 24
39 28 15
39 29 2
39 30 41
39 31 83
39 32 32
39 33 100
39 34 82
39 35 68
39 36 9
39 37 69
39 38 98
39 39 71
39 40 38
39 41 92
39 42 17
39 43 86
39 44 61
39 45 33
39 46 85
39 47 44
39 48 15
39 49 62
39 50 75
39 51 14
39 52 92
39 53 17
39 54 64
39 55 24
39 56 7
39 57 47
39 58 61
39 59 95
39 60 63
39 61 77
39 62 5
39 63 24
39 64 46
39 65 16
39 66 87
39 67 25
39 68 39
39 69 15
39 70 30
39 71 64
39 72 41
39 73 61
39 74 46
39 75 2
39 76 57
39 77 57
39 78 18
39 79 22
39 80 30
40 1 73
40 2 31
40 3 25
40 4 53
40 5 50
40 6 49
40 7 14
40 8 61
40 9 69
40 10 68
40 11 68
40 12 56
40 13 89
40 14 46
40 15 55
40 16 28
40 17 96
40 18 71
40 19 29
40 20 66
40 21 54
40 22 100
40 23 6
40 24 25
40 25 59
40 26 6
40 27 54
40 28 34
40 29 75
40 30 35
40 31 24
40 32 6
40 33 89
40 34 78
40 35 20
40 36 13
40 37 81
40 38 90
40 39 60
40 40 12
40 41 15
40 42 93
40 43 55
40 44 63
40 45 8
40 46 100
40 47 29
40 48 30
40 49 50
40 50 6
40 51 4
40 52 59
40 53 1
40 54 54
40 55 72
40 56 69
40 57 66
40 58 12
40 59 9
40 60 63
40 61 46
40 62 29
40 63 79
40 64 57
40 65 69
40 66 58
40 67 36
40 68 44
40 69 22
40 70 26
40 71 97
40 72 38
40 73 5
40 74 28
40 75 58
40 76 93
40 77 27
40 78 31
40 79 58
40 80 92
41 1 40
41 2 38
41 3 62
41 4 28
41 5 58
41 6 1
41 7 72
41 8 58
41 9 54
41 10 12
41 11 99
41 12 47
41 13 25
41 14 1
41 15 28
41 16 66
41 17 27
41 18 54
41 19 40
41 20 31
41 21 31
41 22 68
41 23 8
41 24 5
41 25 32
41 26 98
41 27 97
41 28 11
41 29 2
41 30 58
41 31 15
41 32 61
41 33 74
41 34 61
41 35 60
41 36 83
41 37 79
41 38 72
41 39 42
41 40 36
41 41 36
41 42 84
41 43 38
41 44 3
41 45 21
41 46 19
41 47 56
41 48 38
41 49 24
41 50 8
41 51 69
41 52 34
41 53 69
41 54 82
41 55 81
41 56 4
41 57 13
41 58 72
41 59 10
41 60 58
41 61 59
41 62 20
41 63 68
41 64 27
41 65 3
41 66 56
41 67 80
41 68 71
41 69 95
41 70 56
41 71 72
41 72 22
41 73 79
41 74 78
41 75 39
41 76 8
41 77 88
41 78 12
41 79 96
41 80 57
42 1 80
42 2 25
42 3 82
42 4 6
42 5 61
42 6 2
42 7 39
42 8 86
42 9 31
42 10 66
42 11 87
42 12 24
42 13 98
42 14 4
42 15 69
42 16 86
42 17 17
42 18 43
42 19 25
42 20 22
42 21 12
42 22 46
42 23 47
42 24 74
42 25 78
42 26 90
42 27 88
42 28 51
42 29 27
42 30 54
42 31 83
42 32 66
42 33 63
42 34 90
42 35 30
42 36 48
42 37 39
42 38 58
42 39 71
42 40 37
42 41 39
42 42 3
42 43 57
42 44 81
42 45 74
42 46 12
42 47 18
42 48 67
42 49 99
42 50 50
42 51 77
42 52 71
42 53 50
42 54 43
42 55 21
42 56 16
42 57 83
42 58 82
42 59 47
42 60 60
42 61 38
42 62 91
42 63 100
42 64 87
42 65 52
42 66 98
42 67 78
42 68 32
42 69 70
42 70 37
42 71 53
42 72 4
42 73 62
42 74 90
42 75 89
42 76 18
42 77 26
42 78 36
42 79 80
42 80 77
43 1 91
43 2 16
43 3 10
43 4 53
43 5 93
43 6 42
43 7 36
43 8 19
43 9 47
43 10 45
43 11 61
43 12 40
43 13 92
43 14 34
43 15 66
43 16 100
43 17 44
43 18 11
43 19 24
43 20 78
43 21 29
43 22 38
43 23 81
43 24 98
43 25 40
43 26 36
43 27 73
43 28 53
43 29 54
43 30 84
43 31 96
43 32 25
43 33 62
43 34 97
43 35 100
43 36 68
43 37 54
43 38 15
43 39 39
43 40 24
43 41 69
43 42 45
43 43 79
43 44 57
43 45 43
43 46 29
43 47 32
43 48 99
43 49 75
43 50 24
43 51 13
43 52 80
43 53 89
43 54 39
43 55 45
43 56 97
43 57 88
43 58 66
43 59 45
43 60 44
43 61 61
43 62 41
43 63 96
43 64 45
43 65 88
43 66 72
43 67 60
43 68 86
43 69 76
43 70 41
43 71 93
43 72 95
43 73 18
43 74 35
43 75 46
43 76 34
43 77 66
43 78 57
43 79 32
43 80 27
44 1 5
44 2 17
44 3 87
44 4 53
44 5 27
44 6 42
44 7 72
44 8 11
44 9 87
44 10 62
44 11 54
44 12 85
44 13 36
44 14 36
44 15 38
44 16 2
44 17 95
44 18 100
44 19 7
44 20 52
44 21 89
44 22 23
44 23 89
44 24 58
44 25 1
44 26 12
44 27 22
44 28 52
44 29 36
44 30 35
44 31 1
44 32 19
44 33 66
44 34 85
44 35 16
44 36 66
44 37 79
44 38 55
44 39 46
44 40 70
44 41 7
44 42 25
44 43 53
44 44 57
44 45 6
44 46 78
44 47 31
44 48 40
44 49 42
44 50 8
44 51 31
44 52 36
44 53 95
44 54 45
44 55 17
44 56 52
44 57 17
44 58 38
44 59 63
44 60 28
44 61 84
44 62 23
44 63 40
44 64 62
44 65 61
44 66 17
44 67 10
44 68 5
44 69 24
44 70 51
44 71 9
44 72 7
44 73 84
44 74 11
44 75 48
44 76 55
44 77 66
44 78 53
44 79 79
44 80 57
45 1 50
45 2 64
45 3 1
45 4 14
45 5 100
45 6 75
45 7 1
45 8 74
45 9 85
45 10 77
45 11 7
45 12 71
45 13 38
45 14 24
45 15 61
45 16 7
45 17 23
45 18 13
45 19 69
45 20 86
45 21 72
45 22 19
45 23 84
45 24 31
45 25 87
45 26 6
45 27 94
45 28 32
45 29 43
45 30 30
45 31 97
45 32 75
45 33 8
45 34 23
45 35 7
45 36 98
45 37 16
45 38 72
45 39 66
45 40 94
45 41 26
45 42 83
45 43 16
45 44 46
45 45 39
45 46 25
45 47 70
45 48 67
45 49 92
45 50 19
45 51 24
45 52 32
45 53 9
45 54 72
45 55 6
45 56 76
45 57 75
45 58 46
45 59 3
45 60 35
45 61 77
45 62 34
45 63 23
45 64 33
45 65 28
45 66 4
45 67 26
45 68 51
45 69 39
45 70 20
45 71 100
45 72 22
45 73 80
45 74 53
45 75 95
45 76 67
45 77 52
45 78 87
45 79 5
45 80 53
46 1 21
46 2 57
46 3 88
46 4 92
46 5 47
46 6 8
46 7 82
46 8 6
46 9 55
46 10 55
46 11 54
46 12 80
46 13 78
46 14 30
46 15 2
46 16 82
46 17 2
46 18 5
46 19 97
46 20 48
46 21 1
46 22 52
46 23 11
46 24 55
46 25 54
46 26 22
46 27 90
46 28 19
46 29 94
46 30 98
46 31 31
46 32 65
46 33 85
46 34 62
46 35 18
46 36 48
46 37 32
46 38 35
46 39 47
46 40 5
46 41 14
46 42 46
46 43 35
46 44 93
46 45 29
46 46 21
46 47 42
46 48 49
46 49 60
46 50 4
46 51 76
46 52 73
46 53 60
46 54 29
46 55 51
46 56 31
46 57 79
46 58 95
46 59 13
46 60 69
46 61 85
46 62 19
46 63 85
46 64 86
46 65 8
46 66 28
46 67 97
46 68 67
46 69 1
46 70 58
46 71 97
46 72 69
46 73 13
46 74 45
46 75 92
46 76 4
46 77 83
46 78 70
46 79 73
46 80 52
47 1 66
47 2 66
47 3 29
47 4 58
47 5 10
47 6 16
47 7 76
47 8 83
47 9 77
47 10 45
47 11 14
47 12 48
47 13 22
47 14 73
47 15 92
47 16 78
47 17 19
47 18 3
47 19 96
47 20 11
47 21 18
47 22 4
47 23 1
47 24 91
47 25 99
47 26 72
47 27 4
47 28 17
47 29 82
47 30 93
47 31 99
47 32 7
47 33 25
47 34 7
47 35 76
47 36 13
47 37 91
47 38 74
47 39 87
47 40 5
47 41 29
47 42 96
47 43 36
47 44 10
47 45 89
47 46 74
47 47 30
47 48 89
47 49 62
47 50 78
47 51 4
47 52 43
47 53 68
47 54 64
47 55 86
47 56 62
47 57 82
47 58 79
47 59 7
47 60 81
47 61 16
47 62 35
47 63 90
47 64 70
47 65 72
47 66 20
47 67 57
47 68 71
47 69 96
47 70 77
47 71 98
47 72 21
47 73 52
47 74 67
47 75 91
47 76 4
47 77 67
47 78 10
47 79 25
47 80 13
48 1 88
48 2 55
48 3 68
48 4 29
48 5 9
48 6 12
48 7 29
48 8 2
48 9 58
48 10 87
48 11 67
48 12 20
48 13 75
48 14 91
48 15 73
48 16 42
48 17 49
48 18 31
48 19 44
48 20 28
48 21 34
48 22 4
48 23 78
48 24 54
48 25 49
48 26 5
48 27 8
48 28 16
48 29 89
48 30 58
48 31 5
48 32 57
48 33 96
48 34 24
48 35 78
48 36 69
48 37 30
48 38 78
48 39 11
48 40 79
48 41 41
48 42 26
48 43 12
48 44 13
48 45 14
48 46 29
48 47 99
48 48 84
48 49 34
48 50 6
48 51 21
48 52 38
48 53 75
48 54 88
48 55 67
48 56 4
48 57 86
48 58 76
48 59 50
48 60 22
48 61 26
48 62 96
48 63 7
48 64 19
48 65 56
48 66 61
48 67 59
48 68 73
48 69 6
48 70 97
48 71 18
48 72 90
48 73 59
48 74 82
48 75 45
48 76 73
48 77 13
48 78 13
48 79 95
48 80 9
49 1 68
49 2 4
49 3 39
49 4 22
49 5 60
49 6 29
49 7 48
49 8 38
49 9 16
49 10 58
49 11 64
49 12 2
49 13 18
49 14 11
49 15 83
49 16 25
49 17 79
49 18 1
49 19 9
49 20 23
49 21 33
49 22 93
49 23 57
49 24 37
49 25 9
49 26 71
49 27 85
49 28 87
49 29 82
49 30 83
49 31 18
49 32 4
49 33 57
49 34 50
49 35 70
49 36 46
49 37 84
49 38 52
49 39 68
49 40 48
49 41 81
49 42 16
49 43 7
49 44 21
49 45 87
49 46 61
49 47 59
49 48 30
49 49 38
49 50 3
49 51 5
49 52 59
49 53 73
49 54 13
49 55 88
49 56 31
49 57 41
49 58 85
49 59 36
49 60 60
49 61 77
49 62 22
49 63 41
49 64 66
49 65 97
49 66 48
49 67 47
49 68 28
49 69 100
49 70 70
49 71 52
49 72 82
49 73 78
49 74 33
49 75 86
49 76 60
49 77 37
49 78 36
49 79 68
49 80 81
50 1 72
50 2 16
50 3 52
50 4 41
50 5 29
50 6 42
50 7 16
50 8 58
50 9 77
50 10 58
50 11 31
50 12 87
50 13 51
50 14 59
50 15 80
50 16 85
50 17 7
50 18 54
50 19 47
50 20 73
50 21 82
50 22 83
50 23 75
50 24 86
50 25 2
50 26 83
50 27 23
50 28 82
50 29 14
50 30 68
50 31 14
50 32 25
50 33 16
50 34 17
50 35 41
50 36 94
50 37 16
50 38 42
50 39 43
50 40 23
50 41 93
50 42 59
50 43 57
50 44 88
50 45 92
50 46 9
50 47 16
50 48 27
50 49 41
50 50 78
50 51 23
50 52 75
50 53 46
50 54 47
50 55 97
50 56 33
50 57 21
50 58 65
50 59 90
50 60 98
50 61 45
50 62 29
50 63 49
50 64 98
50 65 94
50 66 42
50 67 41
50 68 6
50 69 92
50 70 54
50 71 53
50 72 68
50 73 18
50 74 61
50 75 93
50 76 60
50 77 70
50 78 82
50 79 60
50 80 98
51 1 45
51 2 53
51 3 5
51 4 89
51 5 56
51 6 74
51 7 81
51 8 13
51 9 42
51 10 8
51 11 61
51 12 49
51 13 41
51 14 78
51 15 85
51 16 50
51 17 33
51 18 46
51 19 100
51 20 58
51 21 9
51 22 76
51 23 19
51 24 86
51 25 6
51 26 46
51 27 10
51 28 42
51 29 39
51 30 64
51 31 72
51 32 7
51 33 44
51 34 84
51 35 93
51 36 46
51 37 22
51 38 30
51 39 59
51 40 25
51 41 12
51 42 80
51 43 56
51 44 30
51 45 80
51 46 100
51 47 34
51 48 67
51 49 69
51 50 29
51 51 32
51 52 71
51 53 51
51 54 50
51 55 20
51 56 36
51 57 42
51 58 86
51 59 16
51 60 33
51 61 80
51 62 20
51 63 58
51 64 46
51 65 39
51 66 43
51 67 96
51 68 69
51 69 19
51 70 62
51 71 100
51 72 13
51 73 19
51 74 93
51 75 33
51 76 56
51 77 82
51 78 52
51 79 88
51 80 48
52 1 80
52 2 14
52 3 19
52 4 28
52 5 44
52 6 17
52 7 90
52 8 14
52 9 91
52 10 49
52 11 15
52 12 49
52 13 89
52 14 98
52 15 91
52 16 61
52 17 25
52 18 12
52 19 4
52 20 71
52 21 93
52 22 6
52 23 53
52 24 14
52 25 4
52 26 48
52 27 85
52 28 36
52 29 37
52 30 35
52 31 72
52 32 46
52 33 67
52 34 19
52 35 97
52 36 62
52 37 19
52 38 14
52 39 20
52 40 89
52 41 20
52 42 60
52 43 94
52 44 41
52 45 49
52 46 30
52 47 27
52 48 86
52 49 79
52 50 25
52 51 63
52 52 93
52 53 41
52 54 9
52 55 92
52 56 53
52 57 67
52 58 21
52 59 66
52 60 11
52 61 99
52 62 17
52 63 70
52 64 44
52 65 63
52 66 1
52 67 77
52 68 59
52 69 48
52 70 8
52 71 98
52 72 9
52 73 32
52 74 4
52 75 11
52 76 39
52 77 61
52 78 36
52 79 8
52 80 76
53 1 96
53 2 16
53 3 82
53 4 71
53 5 70
53 6 41
53 7 89
53 8 69
53 9 44
53 10 94
53 11 97
53 12 92
53 13 30
53 14 28
53 15 93
53 16 73
53 17 69
53 18 83
53 19 93
53 20 18
53 21 22
53 22 80
53 23 35
53 24 47
53 25 64
53 26 16
53 27 48
53 28 75
53 29 52
53 30 40
53 31 45
53 32 8
53 33 86
53 34 32
53 35 51
53 36 11
53 37 97
53 38 30
53 39 24
53 40 52
53 41 69
53 42 64
53 43 55
53 44 42
53 45 78
53 46 86
53 47 60
53 48 35
53 49 92
53 50 92
53 51 85
53 52 88
53 53 82
53 54 92
53 55 34
53 56 13
53 57 61
53 58 6
53 59 84
53 60 76
53 61 72
53 62 1
53 63 72
53 64 29
53 65 15
53 66 39
53 67 17
53 68 83
53 69 40
53 70 16
53 71 8
53 72 80
53 73 62
53 74 68
53 75 63
53 76 84
53 77 31
53 78 33
53 79 31
53 80 23
54 1 28
54 2 2
54 3 42
54 4 58
54 5 79
54 6 14
54 7 66
54 8 46
54 9 40
54 10 13
54 11 14
54 12 40
54 13 1
54 14 27
54 15 7
54 16 55
54 17 53
54 18 63
54 19 8
54 20 91
54 21 65
54 22 35
54 23 50
54 24 60
54 25 58
54 26 5
54 27 84
54 28 71
54 29 17
54 30 17
54 31 80
54 32 51
54 33 61
54 34 50
54 35 12
54 36 53
54 37 83
54 38 84
54 39 94
54 40 66
54 41 89
54 42 58
54 43 38
54 44 6
54 45 58
54 46 85
54 47 17
54 48 36
54 49 19
54 50 80
54 51 29
54 52 47
54 53 59
54 54 57
54 55 55
54 56 30
54 57 40
54 58 20
54 59 58
54 60 38
54 61 37
54 62 85
54 63 86
54 64 44
54 65 37
54 66 29
54 67 19
54 68 97
54 69 40
54 70 42
54 71 26
54 72 83
54 73 13
54 74 17
54 75 70
54 76 77
54 77 40
54 78 55
54 79 24
54 80 35
55 1 19
55 2 23
55 3 94
55 4 53
55 5 25
55 6 14
55 7 69
55 8 47
55 9 67
55 10 12
55 11 74
55 12 56
55 13 38
55 14 5
55 15 74
55 16 36
55 17 50
55 18 3
55 19 78
55 20 77
55 21 79
55 22 70
55 23 21
55 24 45
55 25 71
55 26 16
55 27 8
55 28 5
55 29 51
55 30 47
55 31 31
55 32 20
55 33 68
55 34 85
55 35 63
55 36 41
55 37 15
55 38 25
55 39 92
55 40 37
55 41 88
55 42 16
55 43 87
55 44 32
55 45 32
55 46 58
55 47 41
55 48 74
55 49 52
55 50 86
55 51 74
55 52 52
55 53 51
55 54 51
55 55 60
55 56 74
55 57 38
55 58 100
55 59 99
55 60 12
55 61 35
55 62 75
55 63 68
55 64 99
55 65 29
55 66 98
55 67 22
55 68 39
55 69 9
55 70 57
55 71 99
55 72 97
55 73 95
55 74 61
55 75 3
55 76 45
55 77 48
55 78 69
55 79 26
55 80 89
56 1 59
56 2 35
56 3 42
56 4 8
56 5 67
56 6 46
56 7 76
56 8 12
56 9 90
56 10 20
56 11 22
56 12 82
56 13 77
56 14 17
56 15 80
56 16 94
56 17 48
56 18 11
56 19 24
56 20 56
56 21 59
56 22 98
56 23 52
56 24 9
56 25 41
56 26 75
56 27 49
56 28 3
56 29 72
56 30 67
56 31 8
56 32 63
56 33 86
56 34 43
56 35 77
56 36 16
56 37 30
56 38 6
56 39 28
56 40 23
56 41 6
56 42 12
56 43 92
56 44 30
56 45 10
56 46 36
56 47 22
56 48 17
56 49 59
56 50 65
56 51 69
56 52 64
56 53 75
56 54 37
56 55 82
56 56 6
56 57 24
56 58 28
56 59 34
56 60 1
56 61 61
56 62 12
56 63 51
56 64 39
56 65 25
56 66 39
56 67 34
56 68 39
56 69 89
56 70 34
56 71 82
56 72 54
56 73 19
56 74 95
56 75 94
56 76 88
56 77 13
56 78 20
56 79 36
56 80 2
57 1 88
57 2 17
57 3 3
57 4 25
57 5 44
57 6 89
57 7 29
57 8 4
57 9 89
57 10 8
57 11 50
57 12 9
57 13 97
57 14 85
57 15 99
57 16 77
57 17 61
57 18 14
57 19 75
57 20 22
57 21 66
57 22 14
57 23 80
57 24 55
57 25 19
57 26 47
57 27 77
57 28 100
57 29 32
57 30 40
57 31 61
57 32 93
57 33 3
57 34 85
57 35 58
57 36 72
57 37 60
57 38 91
57 39 19
57 40 93
57 41 11
57 42 45
57 43 53
57 44 3
57 45 39
57 46 99
57 47 83
57 48 29
57 49 27
57 50 52
57 51 68
57 52 52
57 53 56
57 54 73
57 55 59
57 56 4
57 57 79
57 58 71
57 59 11
57 60 64
57 61 91
57 62 84
57 63 82
57 64 71
57 65 79
57 66 22
57 67 21
57 68 4
57 69 27
57 70 83
57 71 67
57 72 47
57 73 4
57 74 85
57 75 84
57 76 9
57 77 78
57 78 49
57 79 46
57 80 55
58 1 56
58 2 81
58 3 11
58 4 49
58 5 5
58 6 92
58 7 89
58 8 23
58 9 39
58 10 11
58 11 88
58 12 25
58 13 56
58 14 40
58 15 83
58 16 70
58 17 97
58 18 73
58 19 80
58 20 42
58 21 44
58 22 35
58 23 21
58 24 80
58 25 79
58 26 62
58 27 22
58 28 5
58 29 13
58 30 77
58 31 10
58 32 16
58 33 48
58 34 61
58 35 11
58 36 24
58 37 9
58 38 72
58 39 60
58 40 34
58 41 47
58 42 91
58 43 53
58 44 46
58 45 25
58 46 80
58 47 65
58 48 1
58 49 96
58 50 77
58 51 98
58 52 84
58 53 94
58 54 59
58 55 9
58 56 94
58 57 18
58 58 74
58 59 5
58 60 42
58 61 38
58 62 4
58 63 92
58 64 33
58 65 66
58 66 17
58 67 8
58 68 73
58 69 85
58 70 36
58 71 58
58 72 24
58 73 80
58 74 48
58 75 93
58 76 63
58 77 43
58 78 69
58 79 16
58 80 19
59 1 59
59 2 4
59 3 78
59 4 60
59 5 33
59 6 20
59 7 99
59 8 10
59 9 69
59 10 30
59 11 38
59 12 60
59 13 85
59 14 74
59 15 28
59 16 65
59 17 1
59 18 85
59 19 37
59 20 97
59 21 20
59 22 94
59 23 69
59 24 90
59 25 45
59 26 26
59 27 70
59 28 71
59 29 38
59 30 42
59 31 45
59 32 4
59 33 28
59 34 39
59 35 81
59 36 76
59 37 17
59 38 76
59 39 21
59 40 15
59 41 34
59 42 76
59 43 26
59 44 39
59 45 8
59 46 70
59 47 81
59 48 63
59 49 41
59 50 47
59 51 12
59 52 21
59 53 60
59 54 66
59 55 18
59 56 35
59 57 55
59 58 38
59 59 1
59 60 86
59 61 88
59 62 50
59 63 30
59 64 43
59 65 99
59 66 21
59 67 86
59 68 38
59 69 58
59 70 37
59 71 69
59 72 3
59 73 56
59 74 23
59 75 84
59 76 78
59 77 69
59 78 97
59 79 18
59 80 81
60 1 6
60 2 89
60 3 4
60 4 1
60 5 90
60 6 62
60 7 11
60 8 44
60 9 37
60 10 48
60 11 23
60 12 53
60 13 67
60 14 69
60 15 68
60 16 80
60 17 21
60 18 57
60 19 58
60 20 80
60 21 57
60 22 100
60 23 41
60 24 34
60 25 60
60 26 27
60 27 66
60 28 9
60 29 72
60 30 50
60 31 97
60 32 40
60 33 96
60 34 74
60 35 86
60 36 96
60 37 82
60 38 72
60 39 59
60 40 53
60 41 13
60 42 60
60 43 42
60 44 88
60 45 82
60 46 39
60 47 43
60 48 11
60 49 47
60 50 62
60 51 84
60 52 66
60 53 62
60 54 19
60 55 89
60 56 22
60 57 92
60 58 50
60 59 37
60 60 46
60 61 58
60 62 66
60 63 100
60 64 84
60 65 12
60 66 34
60 67 80
60 68 89
60 69 62
60 70 34
60 71 75
60 72 15
60 73 34
60 74 60
60 75 41
60 76 57
60 77 17
60 78 2
60 79 15
60 80 73
61 1 90
61 2 90
61 3 71
61 4 59
61 5 49
61 6 2
61 7 13
61 8 42
61 9 93
61 10 56
61 11 96
61 12 90
61 13 85
61 14 16
61 15 3
61 16 88
61 17 17
61 18 62
61 19 68
61 20 13
61 21 13
61 22 100
61 23 33
61 24 91
61 25 76
61 26 23
61 27 11
61 28 32
61 29 81
61 30 54
61 31 94
61 32 85
61 33 39
61 34 33
61 35 20
61 36 11
61 37 37
61 38 2
61 39 45
61 40 36
61 41 9
61 42 15
61 43 74
61 44 46
61 45 28
61 46 70
61 47 78
61 48 63
61 49 97
61 50 30
61 51 79
61 52 7
61 53 57
61 54 30
61 55 38
61 56 23
61 57 28
61 58 34
61 59 95
61 60 29
61 61 8
61 62 91
61 63 32
61 64 14
61 65 55
61 66 51
61 67 12
61 68 6
61 69 71
61 70 9
61 71 75
61 72 83
61 73 56
61 74 86
61 75 60
61 76 44
61 77 20
61 78 33
61 79 37
61 80 85
62 1 36
62 2 39
62 3 23
62 4 8
62 5 51
62 6 7
62 7 24
62 8 40
62 9 79
62 10 59
62 11 56
62 12 16
62 13 14
62 14 22
62 15 23
62 16 66
62 17 47
62 18 83
62 19 93
62 20 42
62 21 35
62 22 94
62 23 70
62 24 95
62 25 88
62 26 31
62 27 89
62 28 28
62 29 50
62 30 44
62 31 24
62 32 31
62 33 9
62 34 31
62 35 53
62 36 39
62 37 88
62 38 86
62 39 80
62 40 21
62 41 40
62 42 42
62 43 13
62 44 65
62 45 91
62 46 76
62 47 19
62 48 8
62 49 30
62 50 50
62 51 70
62 52 99
62 53 71
62 54 88
62 55 86
62 56 40
62 57 68
62 58 28
62 59 20
62 60 98
62 61 85
62 62 47
62 63 57
62 64 46
62 65 57
62 66 77
62 67 89
62 68 34
62 69 89
62 70 37
62 71 37
62 72 32
62 73 83
62 74 41
62 75 42
62 76 8
62 77 33
62 78 71
62 79 52
62 80 96
63 1 17
63 2 5
63 3 57
63 4 22
63 5 96
63 6 70
63 7 65
63 8 33
63 9 30
63 10 24
63 11 77
63 12 65
63 13 41
63 14 31
63 15 35
63 16 40
63 17 67
63 18 28
63 19 80
63 20 93
63 21 38
63 22 84
63 23 45
63 24 66
63 25 84
63 26 95
63 27 14
63 28 17
63 29 93
63 30 65
63 31 71
63 32 19
63 33 39
63 34 90
63 35 65
63 36 28
63 37 25
63 38 36
63 39 36
63 40 43
63 41 15
63 42 67
63 43 87
63 44 71
63 45 18
63 46 96
63 47 31
63 48 40
63 49 65
63 50 10
63 51 73
63 52 9
63 53 3
63 54 31
63 55 75
63 56 54
63 57 41
63 58 70
63 59 85
63 60 59
63 61 72
63 62 73
63 63 77
63 64 20
63 65 77
63 66 13
63 67 55
63 68 14
63 69 96
63 70 82
63 71 14
63 72 94
63 73 75
63 74 39
63 75 15
63 76 14
63 77 27
63 78 50
63 79 79
63 80 84
64 1 29
64 2 21
64 3 29
64 4 29
64 5 35
64 6 29
64 7 45
64 8 44
64 9 93
64 10 90
64 11 60
64 12 23
64 13 29
64 14 48
64 15 50
64 16 79
64 17 76
64 18 24
64 19 1
64 20 30
64 21 99
64 22 48
64 23 51
64 24 46
64 25 63
64 26 62
64 27 30
64 28 50
64 29 51
64 30 30
64 31 46
64 32 23
64 33 18
64 34 85
64 35 88
64 36 65
64 37 26
64 38 39
64 39 4
64 40 35
64 41 65
64 42 7
64 43 99
64 44 82
64 45 7
64 46 3
64 47 16
64 48 33
64 49 53
64 50 70
64 51 47
64 52 8
64 53 48
64 54 68
64 55 77
64 56 85
64 57 13
64 58 39
64 59 40
64 60 33
64 61 72
64 62 46
64 63 84
64 64 46
64 65 85
64 66 86
64 67 14
64 68 68
64 69 78
64 70 40
64 71 73
64 72 87
64 73 89
64 74 73
64 75 41
64 76 81
64 77 41
64 78 44
64 79 38
64 80 57
65 1 91
65 2 60
65 3 6
65 4 79
65 5 14
65 6 29
65 7 16
65 8 87
65 9 45
65 10 1
65 11 71
65 12 51
65 13 12
65 14 38
65 15 64
65 16 69
65 17 100
65 18 76
65 19 13
65 20 5
65 21 91
65 22 43
65 23 12
65 24 15
65 25 76
65 26 18
65 27 7
65 28 17
65 29 88
65 30 53
65 31 12
65 32 60
65 33 68
65 34 19
65 35 47
65 36 35
65 37 45
65 38 92
65 39 35
65 40 8
65 41 96
65 42 18
65 43 83
65 44 45
65 45 98
65 46 74
65 47 63
65 48 78
65 49 98
65 50 89
65 51 22
65 52 46
65 53 86
65 54 15
65 55 64
65 56 20
65 57 47
65 58 92
65 59 26
65 60 60
65 61 29
65 62 1
65 63 15
65 64 72
65 65 68
65 66 71
65 67 39
65 68 35
65 69 98
65 70 72
65 71 47
65 72 61
65 73 67
65 74 5
65 75 87
65 76 8
65 77 55
65 78 3
65 79 34
65 80 51
66 1 75
66 2 79
66 3 30
66 4 8
66 5 20
66 6 97
66 7 90
66 8 63
66 9 39
66 10 11
66 11 34
66 12 91
66 13 84
66 14 65
66 15 92
66 16 84
66 17 12
66 18 35
66 19 2
66 20 95
66 21 24
66 22 33
66 23 87
66 24 55
66 25 88
66 26 86
66 27 14
66 28 5
66 29 30
66 30 35
66 31 51
66 32 2
66 33 3
66 34 83
66 35 22
66 36 10
66 37 33
66 38 89
66 39 11
66 40 50
66 41 26
66 42 19
66 43 42
66 44 87
66 45 75
66 46 35
66 47 44
66 48 43
66 49 23
66 50 45
66 51 82
66 52 70
66 53 5
66 54 41
66 55 77
66 56 22
66 57 40
66 58 56
66 59 16
66 60 40
66 61 11
66 62 56
66 63 24
66 64 62
66 65 28
66 66 46
66 67 50
66 68 40
66 69 41
66 70 91
66 71 75
66 72 47
66 73 82
66 74 56
66 75 87
66 76 7
66 77 10
66 78 52
66 79 31
66 80 43
67 1 12
67 2 79
67 3 76
67 4 45
67 5 93
67 6 87
67 7 96
67 8 12
67 9 95
67 10 72
67 11 55
67 12 75
67 13 19
67 14 96
67 15 30
67 16 54
67 17 10
67 18 26
67 19 41
67 20 51
67 21 62
67 22 50
67 23 98
67 24 10
67 25 93
67 26 21
67 27 58
67 28 78
67 29 57
67 30 68
67 31 8
67 32 60
67 33 91
67 34 77
67 35 95
67 36 47
67 37 6
67 38 25
67 39 48
67 40 23
67 41 91
67 42 94
67 43 49
67 44 90
67 45 77
67 46 73
67 47 98
67 48 71
67 49 62
67 50 21
67 51 13
67 52 41
67 53 38
67 54 47
67 55 9
67 56 53
67 57 9
67 58 24
67 59 38
67 60 41
67 61 61
67 62 93
67 63 35
67 64 27
67 65 67
67 66 47
67 67 45
67 68 69
67 69 38
67 70 38
67 71 22
67 72 1
67 73 40
67 74 90
67 75 53
67 76 100
67 77 11
67 78 45
67 79 94
67 80 28
68 1 7
68 2 71
68 3 95
68 4 52
68 5 68
68 6 61
68 7 50
68 8 27
68 9 27
68 10 77
68 11 65
68 12 44
68 13 31
68 14 92
68 15 97
68 16 14
68 17 29
68 18 53
68 19 56
68 20 56
68 21 1
68 22 59
68 23 59
68 24 94
68 25 68
68 26 52
68 27 81
68 28 80
68 29 24
68 30 50
68 31 52
68 32 63
68 33 100
68 34 91
68 35 27
68 36 90
68 37 86
68 38 44
68 39 71
68 40 31
68 41 11
68 42 30
68 43 19
68 44 93
68 45 7
68 46 75
68 47 13
68 48 12
68 49 81
68 50 89
68 51 94
68 52 92
68 53 90
68 54 38
68 55 75
68 56 27
68 57 71
68 58 58
68 59 48
68 60 78
68 61 2
68 62 58
68 63 71
68 64 29
68 65 6
68 66 9
68 67 74
68 68 33
68 69 29
68 70 99
68 71 31
68 72 70
68 73 78
68 74 18
68 75 12
68 76 6
68 77 85
68 78 70
68 79 90
68 80 43
69 1 19
69 2 1
69 3 51
69 4 90
69 5 45
69 6 25
69 7 39
69 8 65
69 9 88
69 10 12
69 11 10
69 12 55
69 13 1
69 14 35
69 15 52
69 16 92
69 17 58
69 18 86
69 19 77
69 20 69
69 21 11
69 22 39
69 23 83
69 24 50
69 25 68
69 26 33
69 27 37
69 28 51
69 29 89
69 30 92
69 31 99
69 32 37
69 33 7
69 34 12
69 35 58
69 36 6
69 37 91
69 38 6
69 39 49
69 40 20
69 41 18
69 42 71
69 43 5
69 44 62
69 45 29
69 46 21
69 47 65
69 48 52
69 49 69
69 50 44
69 51 42
69 52 1
69 53 87
69 54 23
69 55 92
69 56 43
69 57 64
69 58 31
69 59 34
69 60 91
69 61 60
69 62 95
69 63 65
69 64 44
69 65 33
69 66 87
69 67 10
69 68 97
69 69 92
69 70 57
69 71 94
69 72 23
69 73 19
69 74 42
69 75 82
69 76 56
69 77 70
69 78 70
69 79 54
69 80 89
70 1 97
70 2 25
70 3 3
70 4 38
70 5 62
70 6 41
70 7 4
70 8 8
70 9 6
70 10 1
70 11 16
70 12 95
70 13 71
70 14 81
70 15 14
70 16 3
70 17 25
70 18 40
70 19 62
70 20 87
70 21 9
70 22 26
70 23 26
70 24 44
70 25 54
70 26 90
70 27 11
70 28 57
70 29 36
70 30 1
70 31 75
70 32 82
70 33 21
70 34 38
70 35 94
70 36 52
70 37 90
70 38 85
70 39 56
70 40 42
70 41 23
70 42 71
70 43 47
70 44 38
70 45 10
70 46 61
70 47 63
70 48 69
70 49 35
70 50 60
70 51 29
70 52 18
70 53 63
70 54 16
70 55 51
70 56 89
70 57 31
70 58 16
70 59 88
70 60 74
70 61 14
70 62 33
70 63 93
70 64 46
70 65 12
70 66 38
70 67 97
70 68 31
70 69 81
70 70 45
70 71 6
70 72 3
70 73 29
70 74 3
70 75 99
70 76 20
70 77 64
70 78 92
70 79 30
70 80 38
71 1 81
71 2 41
71 3 79
71 4 47
71 5 23
71 6 67
71 7 19
71 8 94
71 9 21
71 10 39
71 11 40
71 12 83
71 13 41
71 14 57
71 15 75
71 16 47
71 17 15
71 18 59
71 19 43
71 20 44
71 21 43
71 22 13
71 23 7
71 24 57
71 25 82
71 26 55
71 27 66
71 28 33
71 29 20
71 30 55
71 31 3
71 32 78
71 33 14
71 34 6
71 35 59
71 36 13
71 37 97
71 38 12
71 39 35
71 40 11
71 41 33
71 42 44
71 43 92
71 44 3
71 45 86
71 46 39
71 47 60
71 48 51
71 49 63
71 50 65
71 51 81
71 52 27
71 53 57
71 54 86
71 55 88
71 56 32
71 57 100
71 58 48
71 59 43
71 60 37
71 61 6
71 62 30
71 63 78
71 64 4
71 65 67
71 66 47
71 67 14
71 68 95
71 69 51
71 70 44
71 71 10
71 72 25
71 73 91
71 74 74
71 75 97
71 76 49
71 77 62
71 78 71
71 79 75
71 80 70
72 1 21
72 2 79
72 3 64
72 4 86
72 5 41
72 6 26
72 7 89
72 8 39
72 9 41
72 10 72
72 11 90
72 12 78
72 13 61
72 14 57
72 15 87
72 16 55
72 17 81
72 18 61
72 19 39
72 20 58
72 21 95
72 22 70
72 23 75
72 24 16
72 25 10
72 26 38
72 27 33
72 28 72
72 29 74
72 30 14
72 31 89
72 32 98
72 33 52
72 34 97
72 35 53
72 36 21
72 37 85
72 38 99
72 39 74
72 40 18
72 41 41
72 42 1
72 43 63
72 44 13
72 45 53
72 46 64
72 47 79
72 48 63
72 49 48
72 50 69
72 51 29
72 52 61
72 53 57
72 54 70
72 55 65
72 56 64
72 57 25
72 58 54
72 59 60
72 60 86
72 61 41
72 62 75
72 63 88
72 64 7
72 65 47
72 66 85
72 67 70
72 68 35
72 69 10
72 70 24
72 71 84
72 72 84
72 73 88
72 74 77
72 75 93
72 76 37
72 77 35
72 78 41
72 79 22
72 80 32
73 1 84
73 2 71
73 3 60
73 4 91
73 5 61
73 6 1
73 7 41
73 8 80
73 9 80
73 10 10
73 11 50
73 12 87
73 13 87
73 14 1
73 15 43
73 16 54
73 17 92
73 18 70
73 19 74
73 20 87
73 21 65
73 22 68
73 23 37
73 24 83
73 25 25
73 26 73
73 27 59
73 28 64
73 29 62
73 30 88
73 31 89
73 32 3
73 33 98
73 34 52
73 35 74
73 36 74
73 37 74
73 38 56
73 39 89
73 40 77
73 41 95
73 42 73
73 43 56
73 44 8
73 45 37
73 46 67
73 47 59
73 48 48
73 49 84
73 50 2
73 51 20
73 52 43
73 53 17
73 54 99
73 55 3
73 56 64
73 57 82
73 58 17
73 59 19
73 60 97
73 61 34
73 62 69
73 63 2
73 64 36
73 65 79
73 66 34
73 67 44
73 68 44
73 69 34
73 70 12
73 71 96
73 72 30
73 73 30
73 74 64
73 75 19
73 76 15
73 77 74
73 78 8
73 79 5
73 80 33
74 1 17
74 2 76
74 3 1
74 4 97
74 5 9
74 6 87
74 7 27
74 8 58
74 9 94
74 10 54
74 11 5
74 12 36
74 13 20
74 14 63
74 15 30
74 16 10
74 17 65
74 18 9
74 19 55
74 20 79
74 21 3
74 22 66
74 23 41
74 24 2
74 25 77
74 26 18
74 27 9
74 28 42
74 29 82
74 30 88
74 31 88
74 32 21
74 33 51
74 34 42
74 35 62
74 36 88
74 37 88
74 38 38
74 39 67
74 40 78
74 41 43
74 42 44
74 43 38
74 44 31
74 45 63
74 46 50
74 47 11
74 48 24
74 49 32
74 50 48
74 51 38
74 52 68
74 53 36
74 54 19
74 55 26
74 56 72
74 57 68
74 58 88
74 59 24
74 60 11
74 61 49
74 62 14
74 63 5
74 64 70
74 65 11
74 66 65
74 67 89
74 68 4
74 69 72
74 70 9
74 71 21
74 72 58
74 73 86
74 74 50
74 75 25
74 76 19
74 77 76
74 78 56
74 79 22
74 80 92
75 1 51
75 2 89
75 3 49
75 4 55
75 5 72
75 6 31
75 7 21
75 8 64
75 9 60
75 10 36
75 11 87
75 12 71
75 13 22
75 14 63
75 15 1
75 16 31
75 17 79
75 18 1
75 19 30
75 20 33
75 21 57
75 22 42
75 23 40
75 24 90
75 25 97
75 26 7
75 27 11
75 28 79
75 29 63
75 30 25
75 31 85
75 32 79
75 33 92
75 34 73
75 35 29
75 36 62
75 37 56
75 38 65
75 39 2
75 40 36
75 41 73
75 42 72
75 43 72
75 44 78
75 45 55
75 46 36
75 47 18
75 48 35
75 49 22
75 50 34
75 51 93
75 52 29
75 53 72
75 54 67
75 55 95
75 56 91
75 57 33
75 58 90
75 59 45
75 60 88
75 61 69
75 62 10
75 63 98
75 64 39
75 65 99
75 66 9
75 67 77
75 68 28
75 69 33
75 70 32
75 71 91
75 72 85
75 73 58
75 74 93
75 75 64
75 76 33
75 77 86
75 78 16
75 79 92
75 80 33
76 1 55
76 2 75
76 3 67
76 4 98
76 5 58
76 6 59
76 7 37
76 8 99
76 9 46
76 10 38
76 11 59
76 12 95
76 13 9
76 14 79
76 15 60
76 16 45
76 17 29
76 18 4
76 19 64
76 20 25
76 21 84
76 22 98
76 23 2
76 24 71
76 25 8
76 26 53
76 27 38
76 28 16
76 29 52
76 30 39
76 31 41
76 32 18
76 33 21
76 34 71
76 35 82
76 36 13
76 37 87
76 38 76
76 39 65
76 40 76
76 41 26
76 42 59
76 43 30
76 44 50
76 45 46
76 46 28
76 47 31
76 48 94
76 49 7
76 50 5
76 51 34
76 52 77
76 53 83
76 54 78
76 55 18
76 56 78
76 57 5
76 58 36
76 59 36
76 60 79
76 61 94
76 62 69
76 63 95
76 64 100
76 65 35
76 66 34
76 67 77
76 68 9
76 69 22
76 70 99
76 71 86
76 72 79
76 73 62
76 74 89
76 75 34
76 76 39
76 77 12
76 78 98
76 79 22
76 80 97
77 1 96
77 2 5
77 3 84
77 4 29
77 5 100
77 6 81
77 7 95
77 8 59
77 9 54
77 10 57
77 11 17
77 12 62
77 13 9
77 14 48
77 15 49
77 16 30
77 17 64
77 18 53
77 19 1
77 20 63
77 21 27
77 22 90
77 23 80
77 24 54
77 25 91
77 26 13
77 27 37
77 28 60
77 29 33
77 30 85
77 31 40
77 32 78
77 33 55
77 34 25
77 35 26
77 36 2
77 37 7
77 38 3
77 39 64
77 40 83
77 41 92
77 42 63
77 43 80
77 44 24
77 45 81
77 46 71
77 47 76
77 48 79
77 49 85
77 50 95
77 51 21
77 52 27
77 53 2
77 54 6
77 55 7
77 56 63
77 57 80
77 58 98
77 59 96
77 60 54
77 61 74
77 62 32
77 63 76
77 64 62
77 65 42
77 66 96
77 67 76
77 68 12
77 69 92
77 70 93
77 71 24
77 72 11
77 73 50
77 74 26
77 75 32
77 76 61
77 77 11
77 78 56
77 79 72
77 80 91
78 1 75
78 2 6
78 3 12
78 4 90
78 5 25
78 6 95
78 7 51
78 8 80
78 9 100
78 10 46
78 11 64
78 12 75
78 13 1
78 14 87
78 15 9
78 16 86
78 17 33
78 18 85
78 19 70
78 20 91
78 21 44
78 22 89
78 23 68
78 24 80
78 25 4
78 26 73
78 27 34
78 28 94
78 29 73
78 30 77
78 31 95
78 32 72
78 33 26
78 34 33
78 35 56
78 36 18
78 37 16
78 38 9
78 39 75
78 40 46
78 41 73
78 42 70
78 43 69
78 44 90
78 45 91
78 46 46
78 47 28
78 48 17
78 49 57
78 50 23
78 51 22
78 52 10
78 53 63
78 54 83
78 55 51
78 56 81
78 57 87
78 58 2
78 59 48
78 60 35
78 61 78
78 62 2
78 63 78
78 64 18
78 65 78
78 66 45
78 67 71
78 68 26
78 69 47
78 70 80
78 71 23
78 72 92
78 73 98
78 74 36
78 75 73
78 76 21
78 77 37
78 78 37
78 79 85
78 80 24
79 1 61
79 2 87
79 3 11
79 4 87
79 5 11
79 6 50
79 7 97
79 8 87
79 9 80
79 10 80
79 11 47
79 12 60
79 13 84
79 14 59
79 15 81
79 16 61
79 17 96
79 18 7
79 19 16
79 20 61
79 21 88
79 22 84
79 23 29
79 24 30
79 25 18
79 26 97
79 27 50
79 28 67
79 29 63
79 30 11
79 31 20
79 32 23
79 33 88
79 34 99
79 35 27
79 36 47
79 37 24
79 38 24
79 39 28
79 40 96
79 41 69
79 42 20
79 43 19
79 44 3
79 45 97
79 46 70
79 47 32
79 48 71
79 49 82
79 50 18
79 51 31
79 52 100
79 53 42
79 54 43
79 55 63
79 56 51
79 57 77
79 58 79
79 59 3
79 60 4
79 61 30
79 62 89
79 63 65
79 64 37
79 65 68
79 66 31
79 67 35
79 68 2
79 69 8
79 70 24
79 71 49
79 72 56
79 73 74
79 74 43
79 75 32
79 76 4
79 77 96
79 78 56
79 79 2
79 80 31
80 1 41
80 2 9
80 3 7
80 4 86
80 5 61
80 6 93
80 7 72
80 8 82
80 9 5
80 10 88
80 11 16
80 12 74
80 13 31
80 14 48
80 15 23
80 16 43
80 17 53
80 18 54
80 19 63
80 20 94
80 21 67
80 22 94
80 23 28
80 24 64
80 25 45
80 26 26
80 27 81
80 28 14
80 29 51
80 30 87
80 31 80
80 32 63
80 33 26
80 34 7
80 35 94
80 36 4
80 37 61
80 38 53
80 39 87
80 40 67
80 41 8
80 42 3
80 43 41
80 44 3
80 45 84
80 46 12
80 47 27
80 48 41
80 49 26
80 50 4
80 51 76
80 52 13
80 53 80
80 54 91
80 55 46
80 56 74
80 57 31
80 58 42
80 59 10
80 60 63
80 61 14
80 62 78
80 63 69
80 64 7
80 65 96
80 66 33
80 67 40
80 68 51
80 69 55
80 70 100
80 71 1
80 72 52
80 73 23
80 74 48
80 75 55
80 76 88
80 77 13
80 78 33
80 79 64
80 80 8
