2 1
2 3
2 5
2 8
2 12
2 13
2 16
2 20
2 22
2 23
2 24
2 26
2 29
2 31
2 32
2 33
2 35
2 37
2 39
2 43
2 44
2 46
2 48
2 53
2 56
2 61
2 62
2 63
2 65
2 70
2 71
2 72
2 75
2 77
2 80
3 1
3 4
3 7
3 11
3 12
3 14
3 15
3 17
3 18
3 20
3 23
3 25
3 26
3 27
3 29
3 30
3 33
3 35
3 37
3 39
3 40
3 42
3 43
3 46
3 49
3 50
3 51
3 58
3 61
3 63
3 65
3 66
3 67
3 68
3 73
3 75
3 76
3 79
3 80
4 1
4 2
4 3
4 4
4 7
4 9
4 11
4 13
4 14
4 15
4 18
4 23
4 24
4 31
4 32
4 35
4 40
4 43
4 45
4 46
4 47
4 50
4 53
4 57
4 58
4 59
4 60
4 61
4 65
4 72
4 79
4 80
5 1
5 2
5 7
5 9
5 12
5 13
5 14
5 15
5 18
5 20
5 21
5 22
5 23
5 24
5 26
5 27
5 28
5 33
5 34
5 36
5 38
5 39
5 41
5 42
5 49
5 50
5 51
5 54
5 59
5 60
5 61
5 62
5 63
5 72
5 73
5 74
5 77
5 78
5 80
6 8
6 11
6 12
6 14
6 16
6 18
6 19
6 21
6 23
6 29
6 30
6 31
6 32
6 35
6 36
6 38
6 39
6 40
6 41
6 43
6 44
6 46
6 48
6 49
6 53
6 55
6 58
6 59
6 60
6 62
6 63
6 66
6 68
6 69
6 71
6 76
6 77
6 78
6 79
6 80
7 2
7 4
7 6
7 7
7 10
7 11
7 12
7 13
7 14
7 15
7 16
7 20
7 22
7 23
7 24
7 26
7 27
7 28
7 30
7 31
7 33
7 34
7 37
7 39
7 41
7 43
7 44
7 45
7 47
7 48
7 49
7 50
7 53
7 54
7 55
7 56
7 60
7 61
7 62
7 63
7 65
7 66
7 68
7 69
7 70
7 72
7 74
7 77
7 79
8 4
8 5
8 7
8 8
8 10
8 12
8 14
8 17
8 18
8 22
8 23
8 27
8 31
8 32
8 33
8 34
8 35
8 36
8 39
8 41
8 42
8 43
8 44
8 46
8 47
8 48
8 51
8 52
8 56
8 58
8 60
8 66
8 68
8 71
8 72
8 75
8 77
8 80
9 2
9 3
9 7
9 8
9 9
9 10
9 11
9 12
9 14
9 18
9 21
9 22
9 23
9 26
9 28
9 31
9 34
9 35
9 36
9 38
9 45
9 46
9 47
9 48
9 51
9 52
9 55
9 58
9 61
9 63
9 64
9 67
9 68
9 71
9 72
9 74
9 76
9 78
9 80
10 1
10 2
10 6
10 7
10 8
10 10
10 12
10 16
10 17
10 19
10 20
10 27
10 31
10 34
10 35
10 36
10 40
10 44
10 45
10 46
10 47
10 49
10 50
10 51
10 54
10 56
10 57
10 61
10 62
10 63
10 65
10 66
10 69
10 70
10 71
10 72
10 76
10 77
11 1
11 4
11 6
11 7
11 9
11 10
11 12
11 13
11 14
11 21
11 25
11 27
11 34
11 36
11 37
11 38
11 39
11 40
11 42
11 47
11 49
11 51
11 52
11 53
11 54
11 55
11 56
11 57
11 61
11 64
11 65
11 71
11 78
11 79
11 80
12 3
12 4
12 11
12 12
12 14
12 15
12 16
12 18
12 20
12 21
12 22
12 24
12 30
12 31
12 33
12 34
12 39
12 41
12 42
12 43
12 49
12 51
12 55
12 58
12 59
12 60
12 61
12 66
12 69
12 72
12 73
12 74
12 75
12 76
12 77
12 78
12 79
12 80
13 1
13 2
13 6
13 8
13 11
13 12
13 13
13 14
13 16
13 17
13 22
13 23
13 24
13 26
13 28
13 29
13 32
13 33
13 35
13 36
13 37
13 39
13 40
13 44
13 46
13 49
13 52
13 53
13 55
13 56
13 58
13 60
13 67
13 69
13 71
13 72
13 75
13 76
13 78
13 79
14 2
14 4
14 5
14 7
14 9
14 15
14 16
14 17
14 19
14 21
14 23
14 28
14 29
14 31
14 35
14 38
14 40
14 42
14 44
14 47
14 50
14 51
14 52
14 53
14 55
14 58
14 62
14 64
14 65
14 72
14 74
14 78
14 79
14 80
15 2
15 3
15 4
15 6
15 9
15 11
15 14
15 15
15 17
15 22
15 23
15 24
15 27
15 28
15 30
15 32
15 33
15 35
15 36
15 37
15 38
15 40
15 45
15 46
15 48
15 51
15 52
15 54
15 56
15 58
15 64
15 66
15 70
15 71
15 72
15 78
15 79
15 80
16 3
16 4
16 8
16 9
16 10
16 11
16 12
16 14
16 20
16 21
16 22
16 23
16 24
16 27
16 28
16 30
16 31
16 32
16 33
16 34
16 35
16 37
16 38
16 40
16 42
16 43
16 44
16 48
16 50
16 51
16 53
16 57
16 59
16 62
16 63
16 64
16 78
16 80
17 1
17 3
17 4
17 5
17 9
17 11
17 14
17 16
17 18
17 19
17 20
17 21
17 26
17 27
17 29
17 30
17 32
17 33
17 35
17 36
17 38
17 41
17 42
17 45
17 47
17 50
17 54
17 56
17 58
17 59
17 61
17 62
17 64
17 65
17 66
17 68
17 73
17 75
17 76
18 2
18 11
18 18
18 19
18 20
18 24
18 26
18 27
18 29
18 31
18 34
18 37
18 38
18 39
18 40
18 42
18 43
18 45
18 46
18 49
18 50
18 51
18 52
18 53
18 54
18 55
18 57
18 58
18 59
18 63
18 65
18 67
18 69
18 70
18 74
18 75
18 76
18 77
18 79
18 80
19 1
19 3
19 5
19 7
19 8
19 9
19 10
19 15
19 17
19 19
19 20
19 21
19 23
19 25
19 26
19 28
19 29
19 30
19 31
19 35
19 37
19 38
19 40
19 42
19 43
19 45
19 46
19 49
19 51
19 55
19 60
19 67
19 68
19 70
19 73
19 76
19 79
19 80
20 3
20 5
20 7
20 9
20 10
20 11
20 13
20 16
20 17
20 18
20 19
20 20
20 21
20 22
20 23
20 24
20 26
20 27
20 32
20 33
20 34
20 38
20 39
20 40
20 45
20 46
20 48
20 50
20 51
20 52
20 53
20 54
20 57
20 58
20 61
20 62
20 65
20 66
20 67
20 69
20 71
20 72
20 73
20 74
20 75
20 77
20 80
21 2
21 3
21 5
21 6
21 10
21 12
21 14
21 15
21 19
21 21
21 22
21 23
21 25
21 29
21 31
21 33
21 34
21 35
21 36
21 37
21 40
21 41
21 42
21 43
21 50
21 52
21 53
21 55
21 57
21 58
21 59
21 61
21 66
21 67
21 68
21 69
21 72
21 73
21 75
21 76
21 78
22 2
22 3
22 4
22 5
22 6
22 8
22 9
22 10
22 11
22 16
22 17
22 19
22 20
22 21
22 22
22 23
22 24
22 25
22 26
22 28
22 29
22 30
22 31
22 32
22 35
22 36
22 39
22 40
22 45
22 47
22 48
22 49
22 51
22 53
22 54
22 55
22 57
22 60
22 61
22 62
22 66
22 68
22 75
22 76
22 78
22 79
23 5
23 7
23 8
23 9
23 10
23 11
23 12
23 13
23 15
23 17
23 19
23 23
23 24
23 25
23 26
23 27
23 28
23 29
23 31
23 34
23 37
23 38
23 39
23 40
23 41
23 44
23 48
23 49
23 50
23 52
23 54
23 56
23 57
23 58
23 59
23 60
23 63
23 64
23 65
23 66
23 67
23 68
23 69
23 70
23 71
23 72
23 73
23 75
23 78
23 80
24 1
24 3
24 6
24 7
24 8
24 10
24 11
24 12
24 13
24 14
24 16
24 17
24 20
24 22
24 25
24 27
24 29
24 30
24 31
24 38
24 40
24 42
24 43
24 45
24 46
24 50
24 51
24 53
24 54
24 55
24 58
24 60
24 62
24 65
24 66
24 67
24 68
24 69
24 70
24 71
24 72
24 73
24 75
24 78
24 79
25 1
25 2
25 5
25 8
25 9
25 10
25 11
25 18
25 21
25 22
25 23
25 25
25 26
25 33
25 34
25 36
25 37
25 38
25 40
25 42
25 44
25 45
25 46
25 48
25 49
25 50
25 54
25 55
25 58
25 60
25 61
25 65
25 71
25 74
25 75
25 79
25 80
26 1
26 2
26 7
26 10
26 11
26 12
26 13
26 16
26 20
26 21
26 22
26 24
26 26
26 27
26 28
26 30
26 32
26 33
26 34
26 36
26 37
26 38
26 42
26 43
26 44
26 45
26 46
26 48
26 50
26 52
26 53
26 55
26 57
26 60
26 61
26 62
26 70
26 72
26 73
26 74
26 75
26 76
27 2
27 3
27 4
27 6
27 8
27 10
27 13
27 14
27 15
27 17
27 18
27 20
27 21
27 22
27 24
27 26
27 27
27 28
27 29
27 35
27 36
27 38
27 39
27 41
27 42
27 43
27 44
27 47
27 48
27 49
27 51
27 54
27 55
27 56
27 58
27 59
27 60
27 64
27 67
27 68
27 73
27 76
27 78
27 79
27 80
28 1
28 2
28 3
28 4
28 5
28 8
28 9
28 12
28 13
28 15
28 16
28 17
28 19
28 26
28 27
28 28
28 31
28 32
28 34
28 35
28 36
28 37
28 38
28 41
28 45
28 47
28 50
28 52
28 53
28 59
28 60
28 67
28 74
29 1
29 7
29 9
29 11
29 12
29 13
29 14
29 15
29 17
29 19
29 20
29 21
29 23
29 27
29 28
29 30
29 32
29 34
29 35
29 37
29 38
29 40
29 42
29 44
29 47
29 51
29 52
29 53
29 55
29 57
29 58
29 60
29 61
29 63
29 67
29 68
29 70
29 71
29 72
29 74
29 76
29 77
29 78
29 79
29 80
30 1
30 4
30 5
30 7
30 10
30 11
30 12
30 14
30 15
30 17
30 19
30 20
30 21
30 22
30 25
30 28
30 30
30 31
30 35
30 46
30 47
30 52
30 55
30 57
30 59
30 60
30 63
30 64
30 68
30 70
30 71
30 73
30 74
30 75
30 76
30 77
30 79
31 1
31 2
31 3
31 11
31 12
31 14
31 15
31 16
31 17
31 20
31 24
31 26
31 27
31 28
31 33
31 34
31 37
31 38
31 39
31 40
31 41
31 42
31 44
31 51
31 53
31 54
31 55
31 60
31 61
31 62
31 64
31 66
31 69
31 70
31 71
31 72
31 73
31 76
31 77
31 79
32 10
32 12
32 16
32 19
32 20
32 21
32 22
32 23
32 24
32 28
32 29
32 30
32 31
32 34
32 37
32 39
32 40
32 41
32 43
32 45
32 48
32 50
32 51
32 53
32 55
32 58
32 59
32 63
32 65
32 69
32 72
32 73
32 78
32 79
32 80
33 1
33 2
33 3
33 6
33 13
33 18
33 19
33 24
33 27
33 29
33 30
33 31
33 32
33 33
33 34
33 36
33 38
33 39
33 41
33 43
33 44
33 48
33 49
33 50
33 53
33 55
33 58
33 60
33 62
33 64
33 65
33 66
33 67
33 69
33 72
33 73
33 75
33 76
33 77
33 78
33 79
34 1
34 4
34 5
34 6
34 7
34 10
34 11
34 14
34 15
34 21
34 22
34 23
34 24
34 25
34 26
34 27
34 28
34 30
34 31
34 35
34 37
34 38
34 39
34 40
34 44
34 45
34 47
34 51
34 52
34 53
34 54
34 55
34 56
34 59
34 60
34 61
34 63
34 64
34 65
34 66
34 67
34 70
34 72
34 73
34 74
34 75
34 76
34 77
34 79
35 1
35 2
35 3
35 4
35 5
35 7
35 11
35 12
35 16
35 21
35 23
35 25
35 26
35 27
35 33
35 34
35 36
35 38
35 39
35 40
35 41
35 45
35 48
35 49
35 50
35 51
35 53
35 54
35 55
35 59
35 60
35 61
35 64
35 65
35 69
35 71
35 72
35 77
36 4
36 5
36 7
36 8
36 9
36 13
36 17
36 18
36 19
36 22
36 26
36 27
36 29
36 30
36 32
36 33
36 34
36 36
36 37
36 41
36 43
36 45
36 47
36 53
36 55
36 56
36 57
36 58
36 64
36 66
36 68
36 70
36 71
36 72
36 73
36 75
36 78
36 80
37 1
37 5
37 6
37 8
37 10
37 11
37 12
37 15
37 16
37 19
37 20
37 21
37 23
37 24
37 25
37 27
37 31
37 32
37 33
37 34
37 36
37 40
37 42
37 43
37 45
37 47
37 51
37 56
37 58
37 59
37 65
37 67
37 69
37 70
37 71
37 73
37 76
37 78
37 79
37 80
38 1
38 3
38 6
38 8
38 12
38 13
38 14
38 15
38 18
38 21
38 22
38 23
38 27
38 28
38 29
38 30
38 32
38 34
38 37
38 38
38 39
38 40
38 43
38 44
38 45
38 49
38 52
38 55
38 56
38 57
38 60
38 61
38 62
38 63
38 64
38 69
38 71
38 75
38 76
38 78
38 80
39 4
39 5
39 9
39 11
39 13
39 17
39 18
39 21
39 23
39 24
39 26
39 28
39 34
39 35
39 36
39 41
39 42
39 44
39 45
39 48
39 50
39 54
39 55
39 58
39 60
39 63
39 67
39 69
39 70
39 71
39 73
39 74
39 75
39 77
39 78
40 1
40 2
40 3
40 4
40 5
40 6
40 9
40 10
40 12
40 14
40 17
40 18
40 19
40 21
40 25
40 27
40 28
40 30
40 31
40 32
40 35
40 43
40 45
40 46
40 47
40 54
40 55
40 56
40 58
40 62
40 64
40 67
40 68
40 69
40 72
40 73
40 78
40 79
40 80
41 1
41 2
41 6
41 8
41 13
41 16
41 19
41 21
41 22
41 27
41 28
41 29
41 30
41 31
41 32
41 33
41 34
41 35
41 38
41 39
41 40
41 41
41 42
41 43
41 44
41 48
41 49
41 50
41 54
41 58
41 60
41 62
41 66
41 67
41 69
41 70
41 71
41 74
41 77
42 1
42 4
42 5
42 7
42 8
42 9
42 11
42 14
42 16
42 17
42 18
42 19
42 20
42 21
42 22
42 29
42 30
42 32
42 33
42 34
42 36
42 37
42 42
42 43
42 46
42 47
42 50
42 51
42 53
42 55
42 58
42 59
42 62
42 64
42 67
42 69
42 70
42 71
42 72
42 73
42 74
42 75
42 76
42 77
42 78
42 79
42 80
43 1
43 2
43 3
43 5
43 7
43 8
43 9
43 11
43 12
43 14
43 15
43 16
43 17
43 18
43 21
43 22
43 24
43 25
43 26
43 28
43 30
43 31
43 32
43 33
43 42
43 44
43 48
43 49
43 50
43 51
43 52
43 55
43 56
43 61
43 62
43 63
43 65
43 66
43 68
43 69
43 70
43 76
43 78
43 79
43 80
44 3
44 7
44 8
44 9
44 10
44 11
44 12
44 13
44 15
44 16
44 17
44 24
44 25
44 26
44 28
44 31
44 32
44 33
44 36
44 37
44 38
44 40
44 41
44 42
44 43
44 44
44 45
44 49
44 55
44 58
44 59
44 60
44 61
44 63
44 65
44 66
44 67
44 68
44 69
44 70
44 71
44 75
44 77
44 78
44 80
45 3
45 4
45 5
45 7
45 9
45 11
45 13
45 18
45 19
45 21
45 25
45 26
45 27
45 34
45 36
45 41
45 42
45 43
45 47
45 50
45 51
45 52
45 53
45 54
45 55
45 57
45 59
45 60
45 62
45 64
45 67
45 69
45 71
45 72
45 74
45 77
45 78
45 79
45 80
46 5
46 10
46 11
46 12
46 13
46 15
46 18
46 22
46 25
46 27
46 30
46 35
46 36
46 37
46 41
46 43
46 44
46 49
46 52
46 54
46 58
46 60
46 61
46 63
46 70
46 73
46 74
46 75
46 76
46 77
47 2
47 5
47 8
47 10
47 12
47 14
47 15
47 16
47 17
47 20
47 23
47 24
47 25
47 27
47 28
47 29
47 31
47 36
47 37
47 39
47 42
47 44
47 46
47 47
47 50
47 52
47 53
47 59
47 61
47 62
47 64
47 65
47 66
47 68
47 69
47 70
47 71
47 72
47 77
47 78
47 80
48 1
48 2
48 4
48 5
48 6
48 9
48 11
48 14
48 15
48 16
48 18
48 20
48 24
48 26
48 29
48 30
48 32
48 35
48 36
48 39
48 42
48 43
48 44
48 45
48 49
48 52
48 53
48 57
48 58
48 61
48 62
48 63
48 65
48 66
48 68
48 69
48 71
48 73
48 74
48 76
48 78
49 2
49 3
49 4
49 6
49 7
49 8
49 11
49 12
49 13
49 17
49 19
49 22
49 25
49 27
49 28
49 30
49 32
49 33
49 34
49 37
49 41
49 43
49 46
49 47
49 49
49 50
49 52
49 54
49 55
49 58
49 59
49 60
49 62
49 63
49 68
49 69
49 70
49 72
49 74
49 80
50 2
50 4
50 7
50 8
50 10
50 11
50 13
50 14
50 15
50 16
50 25
50 26
50 29
50 31
50 32
50 35
50 36
50 37
50 38
50 39
50 43
50 48
50 49
50 53
50 55
50 57
50 59
50 62
50 63
50 68
50 70
50 73
50 75
50 79
51 1
51 2
51 4
51 5
51 6
51 7
51 13
51 18
51 22
51 23
51 25
51 26
51 29
51 30
51 31
51 32
51 35
51 41
51 43
51 45
51 46
51 50
51 51
51 55
51 61
51 62
51 64
51 65
51 66
51 72
51 73
51 74
51 76
52 3
52 5
52 6
52 13
52 18
52 19
52 20
52 21
52 24
52 25
52 27
52 31
52 32
52 33
52 34
52 35
52 39
52 40
52 42
52 43
52 46
52 47
52 49
52 50
52 52
52 54
52 56
52 57
52 58
52 60
52 62
52 63
52 64
52 67
52 68
52 70
52 73
52 79
52 80
53 1
53 4
53 8
53 10
53 14
53 16
53 18
53 20
53 24
53 27
53 28
53 31
53 32
53 34
53 38
53 40
53 42
53 43
53 47
53 48
53 53
53 54
53 55
53 63
53 64
53 65
53 68
53 69
53 70
53 71
53 73
53 76
53 77
53 79
53 80
54 1
54 3
54 4
54 5
54 6
54 7
54 9
54 12
54 14
54 17
54 18
54 19
54 20
54 21
54 22
54 25
54 26
54 31
54 39
54 41
54 42
54 45
54 46
54 48
54 50
54 51
54 55
54 57
54 58
54 60
54 61
54 62
54 64
54 67
54 74
54 76
54 77
54 79
54 80
55 3
55 5
55 6
55 12
55 13
55 15
55 17
55 23
55 24
55 25
55 26
55 27
55 28
55 29
55 33
55 34
55 35
55 37
55 38
55 39
55 41
55 44
55 45
55 47
55 48
55 50
55 53
55 54
55 55
55 58
55 59
55 62
55 63
55 66
55 67
55 72
55 73
55 74
55 75
55 79
55 80
56 1
56 2
56 5
56 7
56 8
56 10
56 11
56 12
56 14
56 17
56 18
56 19
56 22
56 26
56 28
56 30
56 31
56 32
56 35
56 39
56 40
56 42
56 48
56 49
56 52
56 60
56 62
56 63
56 69
56 70
56 72
56 73
56 74
56 77
56 79
56 80
57 1
57 2
57 5
57 8
57 9
57 10
57 11
57 12
57 15
57 16
57 17
57 19
57 24
57 26
57 27
57 30
57 32
57 33
57 36
57 37
57 40
57 41
57 43
57 54
57 55
57 59
57 60
57 62
57 64
57 65
57 67
57 69
57 72
57 75
57 77
57 78
58 2
58 4
58 7
58 8
58 9
58 11
58 14
58 15
58 19
58 20
58 21
58 23
58 24
58 27
58 30
58 31
58 33
58 34
58 35
58 36
58 38
58 40
58 44
58 46
58 47
58 49
58 50
58 51
58 53
58 56
58 58
58 59
58 60
58 63
58 64
58 66
58 67
58 68
58 71
58 72
58 75
58 76
58 77
58 79
59 1
59 2
59 8
59 12
59 14
59 16
59 18
59 19
59 20
59 22
59 24
59 25
59 26
59 28
59 30
59 33
59 38
59 43
59 44
59 47
59 48
59 50
59 52
59 53
59 55
59 59
59 60
59 61
59 65
59 70
59 71
59 74
59 76
59 77
59 79
59 80
60 1
60 3
60 4
60 5
60 6
60 8
60 10
60 12
60 15
60 21
60 22
60 28
60 31
60 32
60 33
60 35
60 38
60 41
60 43
60 45
60 46
60 47
60 48
60 52
60 53
60 54
60 55
60 56
60 57
60 58
60 59
60 69
60 73
60 74
60 75
60 76
60 80
61 1
61 3
61 4
61 5
61 7
61 8
61 10
61 11
61 12
61 13
61 14
61 23
61 24
61 25
61 26
61 27
61 28
61 29
61 35
61 36
61 37
61 39
61 40
61 42
61 44
61 45
61 46
61 47
61 48
61 49
61 51
61 53
61 54
61 55
61 56
61 57
61 59
61 60
61 63
61 64
61 66
61 67
61 72
61 73
61 74
61 75
61 76
61 80
62 1
62 2
62 3
62 6
62 9
62 10
62 12
62 13
62 14
62 15
62 25
62 31
62 32
62 33
62 35
62 36
62 38
62 43
62 44
62 48
62 50
62 51
62 52
62 54
62 58
62 60
62 62
62 66
62 69
62 72
62 74
62 76
62 77
62 79
63 6
63 7
63 9
63 11
63 12
63 14
63 15
63 17
63 19
63 20
63 21
63 22
63 26
63 27
63 30
63 34
63 35
63 39
63 40
63 42
63 45
63 46
63 48
63 50
63 54
63 55
63 56
63 57
63 58
63 59
63 60
63 61
63 62
63 63
63 65
63 67
63 68
63 69
63 70
63 74
63 76
63 77
63 78
63 79
63 80
64 1
64 5
64 6
64 7
64 8
64 13
64 16
64 18
64 20
64 22
64 26
64 32
64 35
64 36
64 37
64 38
64 39
64 43
64 44
64 45
64 48
64 49
64 52
64 54
64 55
64 57
64 58
64 62
64 64
64 66
64 68
64 71
64 72
64 73
64 75
64 76
64 77
64 78
64 79
64 80
65 1
65 4
65 5
65 6
65 7
65 8
65 9
65 11
65 13
65 14
65 15
65 18
65 19
65 22
65 24
65 25
65 28
65 33
65 35
65 36
65 37
65 38
65 41
65 42
65 43
65 45
65 50
65 51
65 53
65 56
65 58
65 59
65 62
65 63
65 67
65 68
65 69
65 72
65 73
65 74
65 78
65 79
65 80
66 2
66 4
66 8
66 11
66 12
66 14
66 15
66 17
66 18
66 19
66 21
66 22
66 23
66 25
66 26
66 27
66 30
66 33
66 34
66 35
66 36
66 39
66 41
66 43
66 45
66 47
66 49
66 51
66 52
66 56
66 57
66 59
66 62
66 63
66 64
66 68
66 70
66 71
66 73
66 74
66 76
66 77
66 79
66 80
67 1
67 2
67 4
67 5
67 6
67 7
67 8
67 10
67 11
67 14
67 15
67 16
67 18
67 19
67 20
67 21
67 23
67 24
67 25
67 29
67 30
67 31
67 35
67 36
67 37
67 38
67 39
67 44
67 46
67 48
67 49
67 50
67 52
67 57
67 60
67 61
67 63
67 65
67 67
67 70
67 72
67 73
67 75
67 78
68 1
68 2
68 3
68 5
68 7
68 8
68 9
68 10
68 12
68 17
68 19
68 20
68 22
68 23
68 24
68 25
68 26
68 27
68 29
68 31
68 32
68 35
68 36
68 41
68 42
68 44
68 47
68 48
68 49
68 50
68 52
68 54
68 56
68 57
68 58
68 60
68 61
68 69
68 70
68 71
68 73
68 75
68 77
69 1
69 2
69 3
69 4
69 5
69 9
69 11
69 14
69 17
69 21
69 23
69 27
69 28
69 29
69 30
69 33
69 35
69 39
69 41
69 42
69 44
69 45
69 46
69 52
69 53
69 54
69 55
69 56
69 57
69 58
69 59
69 62
69 65
69 66
69 67
69 69
69 71
69 73
69 76
69 77
69 79
70 2
70 3
70 4
70 5
70 7
70 12
70 16
70 18
70 20
70 21
70 22
70 26
70 28
70 33
70 34
70 35
70 37
70 40
70 43
70 45
70 47
70 48
70 49
70 51
70 55
70 60
70 61
70 68
70 69
70 70
70 72
70 75
70 76
70 80
71 1
71 2
71 4
71 6
71 8
71 10
71 13
71 17
71 19
71 20
71 22
71 31
71 32
71 33
71 35
71 36
71 37
71 39
71 40
71 44
71 45
71 47
71 50
71 51
71 53
71 55
71 57
71 58
71 63
71 64
71 66
71 67
71 68
71 71
71 73
71 77
72 1
72 5
72 8
72 11
72 14
72 18
72 20
72 21
72 22
72 23
72 24
72 25
72 26
72 29
72 30
72 31
72 33
72 37
72 40
72 47
72 52
72 53
72 54
72 56
72 57
72 60
72 63
72 64
72 65
72 66
72 69
72 70
72 72
72 73
72 76
72 77
72 79
73 2
73 3
73 4
73 5
73 7
73 8
73 9
73 13
73 15
73 17
73 20
73 21
73 22
73 23
73 27
73 28
73 30
73 33
73 35
73 36
73 37
73 38
73 41
73 44
73 45
73 46
73 47
73 49
73 50
73 52
73 54
73 57
73 58
73 60
73 63
73 66
73 67
73 68
73 71
73 74
73 76
73 77
74 2
74 3
74 4
74 5
74 7
74 8
74 10
74 11
74 12
74 13
74 14
74 16
74 17
74 18
74 22
74 24
74 25
74 29
74 31
74 33
74 34
74 35
74 36
74 37
74 38
74 40
74 42
74 43
74 45
74 48
74 49
74 50
74 52
74 54
74 55
74 56
74 57
74 58
74 59
74 61
74 62
74 67
74 68
74 69
74 70
74 71
74 73
74 75
74 77
74 78
74 80
75 1
75 2
75 8
75 14
75 18
75 19
75 25
75 26
75 27
75 28
75 29
75 31
75 32
75 33
75 34
75 35
75 43
75 45
75 48
75 50
75 52
75 53
75 54
75 56
75 57
75 59
75 60
75 62
75 63
75 66
75 68
75 71
75 72
75 73
75 74
75 75
75 79
75 80
76 1
76 3
76 5
76 9
76 10
76 12
76 13
76 15
76 18
76 20
76 21
76 22
76 23
76 25
76 28
76 29
76 30
76 32
76 33
76 40
76 41
76 42
76 43
76 44
76 45
76 46
76 49
76 51
76 53
76 56
76 57
76 58
76 61
76 62
76 63
76 66
76 68
76 69
76 71
76 75
76 76
76 77
76 78
76 79
77 2
77 3
77 6
77 8
77 9
77 10
77 14
77 15
77 17
77 18
77 20
77 22
77 23
77 24
77 25
77 26
77 29
77 31
77 35
77 39
77 40
77 42
77 43
77 44
77 46
77 47
77 49
77 50
77 52
77 53
77 54
77 58
77 61
77 63
77 65
77 67
77 68
77 69
77 72
77 73
77 78
77 79
78 1
78 2
78 6
78 12
78 13
78 14
78 16
78 17
78 18
78 19
78 25
78 26
78 28
78 29
78 31
78 33
78 35
78 37
78 38
78 40
78 42
78 43
78 45
78 46
78 56
78 58
78 59
78 62
78 66
78 67
78 70
78 71
78 72
78 73
78 75
78 76
78 77
78 80
79 4
79 5
79 6
79 7
79 8
79 13
79 14
79 21
79 22
79 23
79 24
79 26
79 28
79 30
79 34
79 42
79 43
79 44
79 45
79 47
79 49
79 51
79 52
79 53
79 54
79 56
79 57
79 58
79 59
79 60
79 61
79 62
79 63
79 65
79 66
79 68
79 70
79 71
79 73
79 75
79 77
79 79
79 80
80 1
80 2
80 4
80 6
80 7
80 9
80 12
80 13
80 14
80 17
80 18
80 19
80 20
80 21
80 22
80 23
80 24
80 25
80 27
80 29
80 30
80 31
80 32
80 34
80 35
80 36
80 41
80 44
80 46
80 47
80 48
80 53
80 56
80 57
80 60
80 61
80 64
80 66
80 68
80 72
80 73
80 74
80 76
80 79
