1 1 -1
1 2 46
1 3 49
1 4 22
1 5 21
1 6 39
1 7 31
1 8 34
1 9 26
1 10 52
1 11 9
1 12 55
1 13 53
1 14 11
1 15 28
1 16 22
1 17 44
1 18 40
1 19 14
1 20 23
1 21 45
1 22 30
1 23 48
1 24 18
1 25 50
1 26 56
1 27 11
1 28 26
1 29 5
1 30 41
1 31 22
1 32 16
1 33 32
1 34 38
1 35 57
1 36 53
1 37 18
1 38 47
1 39 29
1 40 47
1 41 9
1 42 54
1 43 17
1 44 49
1 45 36
1 46 8
1 47 25
1 48 17
1 49 34
1 50 37
1 51 36
1 52 46
1 53 34
1 54 16
1 55 37
1 56 45
1 57 15
1 58 16
1 59 49
1 60 33
1 61 55
1 62 57
1 63 25
1 64 49
1 65 22
2 1 46
2 2 -1
2 3 17
2 4 24
2 5 65
2 6 24
2 7 35
2 8 51
2 9 37
2 10 6
2 11 41
2 12 59
2 13 44
2 14 35
2 15 35
2 16 53
2 17 37
2 18 42
2 19 55
2 20 68
2 21 47
2 22 24
2 23 56
2 24 41
2 25 10
2 26 48
2 27 43
2 28 37
2 29 50
2 30 37
2 31 23
2 32 62
2 33 55
2 34 31
2 35 62
2 36 53
2 37 61
2 38 52
2 39 22
2 40 38
2 41 36
2 42 17
2 43 54
2 44 55
2 45 17
2 46 48
2 47 21
2 48 56
2 49 47
2 50 54
2 51 22
2 52 56
2 53 14
2 54 33
2 55 11
2 56 59
2 57 32
2 58 61
2 59 25
2 60 19
2 61 26
2 62 11
2 63 42
2 64 3
2 65 30
3 1 49
3 2 17
3 3 -1
3 4 27
3 5 65
3 6 13
3 7 49
3 8 41
3 9 31
3 10 18
3 11 48
3 12 44
3 13 27
3 14 38
3 15 28
3 16 49
3 17 23
3 18 30
3 19 55
3 20 67
3 21 34
3 22 19
3 23 43
3 24 38
3 25 8
3 26 31
3 27 43
3 28 50
3 29 55
3 30 53
3 31 29
3 32 63
3 33 47
3 34 19
3 35 48
3 36 38
3 37 61
3 38 39
3 39 20
3 40 23
3 41 40
3 42 5
3 43 52
3 44 41
3 45 32
3 46 55
3 47 31
3 48 55
3 49 37
3 50 44
3 51 37
3 52 44
3 53 16
3 54 33
3 55 26
3 56 48
3 57 40
3 58 63
3 59 8
3 60 33
3 61 8
3 62 17
3 63 35
3 64 19
3 65 41
4 1 22
4 2 24
4 3 27
4 4 -1
4 5 41
4 6 20
4 7 28
4 8 33
4 9 18
4 10 30
4 11 20
4 12 48
4 13 39
4 14 11
4 15 17
4 16 31
4 17 29
4 18 30
4 19 31
4 20 43
4 21 36
4 22 11
4 23 43
4 24 19
4 25 27
4 26 43
4 27 19
4 28 26
4 29 27
4 30 36
4 31 2
4 32 38
4 33 35
4 34 22
4 35 51
4 36 44
4 37 37
4 38 40
4 39 9
4 40 32
4 41 12
4 42 31
4 43 31
4 44 43
4 45 19
4 46 27
4 47 9
4 48 32
4 49 30
4 50 36
4 51 23
4 52 42
4 53 12
4 54 10
4 55 18
4 56 43
4 57 13
4 58 37
4 59 29
4 60 18
4 61 34
4 62 34
4 63 22
4 64 27
4 65 16
5 1 21
5 2 65
5 3 65
5 4 41
5 5 -1
5 6 52
5 7 52
5 8 34
5 9 35
5 10 71
5 11 30
5 12 56
5 13 59
5 14 31
5 15 38
5 16 19
5 17 52
5 18 45
5 19 9
5 20 2
5 21 49
5 22 45
5 23 48
5 24 27
5 25 67
5 26 61
5 27 22
5 28 47
5 29 19
5 30 62
5 31 42
5 32 5
5 33 29
5 34 49
5 35 56
5 36 55
5 37 3
5 38 48
5 39 45
5 40 55
5 41 29
5 42 70
5 43 13
5 44 50
5 45 57
5 46 25
5 47 46
5 48 10
5 49 37
5 50 36
5 51 57
5 52 45
5 53 52
5 54 32
5 55 57
5 56 42
5 57 36
5 58 6
5 59 62
5 60 54
5 61 68
5 62 75
5 63 31
5 64 68
5 65 43
6 1 39
6 2 24
6 3 13
6 4 20
6 5 52
6 6 -1
6 7 46
6 8 28
6 9 17
6 10 28
6 11 40
6 12 34
6 13 21
6 14 29
6 15 15
6 16 35
6 17 13
6 18 18
6 19 42
6 20 55
6 21 23
6 22 9
6 23 32
6 24 25
6 25 19
6 26 25
6 27 31
6 28 45
6 29 44
6 30 53
6 31 22
6 32 51
6 33 33
6 34 7
6 35 38
6 36 29
6 37 49
6 38 28
6 39 11
6 40 14
6 41 30
6 42 18
6 43 39
6 44 30
6 45 32
6 46 45
6 47 26
6 48 42
6 49 24
6 50 31
6 51 37
6 52 32
6 53 13
6 54 22
6 55 27
6 56 36
6 57 33
6 58 51
6 59 9
6 60 33
6 61 16
6 62 29
6 63 22
6 64 26
6 65 36
7 1 31
7 2 35
7 3 49
7 4 28
7 5 52
7 6 46
7 7 -1
7 8 59
7 9 45
7 10 40
7 11 22
7 12 76
7 13 67
7 14 26
7 15 45
7 16 51
7 17 57
7 18 58
7 19 46
7 20 54
7 21 64
7 22 38
7 23 70
7 24 42
7 25 45
7 26 71
7 27 38
7 28 5
7 29 33
7 30 10
7 31 25
7 32 47
7 33 59
7 34 50
7 35 79
7 36 72
7 37 49
7 38 68
7 39 36
7 40 60
7 41 27
7 42 51
7 43 48
7 44 70
7 45 18
7 46 27
7 47 19
7 48 48
7 49 57
7 50 62
7 51 13
7 52 69
7 53 34
7 54 34
7 55 24
7 56 70
7 57 18
7 58 46
7 59 53
7 60 16
7 61 57
7 62 46
7 63 48
7 64 36
7 65 12
8 1 34
8 2 51
8 3 41
8 4 33
8 5 34
8 6 28
8 7 59
8 8 -1
8 9 14
8 10 56
8 11 41
8 12 22
8 13 26
8 14 32
8 15 16
8 16 15
8 17 21
8 18 13
8 19 27
8 20 36
8 21 15
8 22 27
8 23 14
8 24 17
8 25 47
8 26 27
8 27 22
8 28 55
8 29 38
8 30 68
8 31 35
8 32 36
8 33 6
8 34 22
8 35 23
8 36 21
8 37 32
8 38 14
8 39 29
8 40 23
8 41 32
8 42 47
8 43 22
8 44 16
8 45 52
8 46 43
8 47 42
8 48 25
8 49 4
8 50 3
8 51 56
8 52 11
8 53 37
8 54 25
8 55 49
8 56 11
8 57 40
8 58 37
8 59 35
8 60 51
8 61 41
8 62 57
8 63 10
8 64 54
8 65 47
9 1 26
9 2 37
9 3 31
9 4 18
9 5 35
9 6 17
9 7 45
9 8 14
9 9 -1
9 10 42
9 11 30
9 12 31
9 13 27
9 14 20
9 15 2
9 16 18
9 17 18
9 18 14
9 19 25
9 20 38
9 21 20
9 22 13
9 23 25
9 24 8
9 25 35
9 26 30
9 27 15
9 28 42
9 29 31
9 30 54
9 31 21
9 32 34
9 33 18
9 34 13
9 35 34
9 36 28
9 37 31
9 38 23
9 39 15
9 40 21
9 41 20
9 42 36
9 43 22
9 44 25
9 45 37
9 46 34
9 47 27
9 48 25
9 49 12
9 50 18
9 51 41
9 52 24
9 53 23
9 54 11
9 55 34
9 56 25
9 57 27
9 58 34
9 59 26
9 60 36
9 61 33
9 62 44
9 63 5
9 64 40
9 65 33
10 1 52
10 2 6
10 3 18
10 4 30
10 5 71
10 6 28
10 7 40
10 8 56
10 9 42
10 10 -1
10 11 48
10 12 62
10 13 46
10 14 41
10 15 40
10 16 59
10 17 40
10 18 46
10 19 62
10 20 74
10 21 51
10 22 29
10 23 60
10 24 47
10 25 10
10 26 50
10 27 50
10 28 42
10 29 57
10 30 41
10 31 30
10 32 68
10 33 60
10 34 35
10 35 66
10 36 56
10 37 68
10 38 56
10 39 27
10 40 41
10 41 42
10 42 16
10 43 60
10 44 58
10 45 22
10 46 55
10 47 27
10 48 63
10 49 52
10 50 59
10 51 26
10 52 60
10 53 19
10 54 39
10 55 17
10 56 64
10 57 38
10 58 68
10 59 27
10 60 24
10 61 26
10 62 6
10 63 47
10 64 3
10 65 36
11 1 9
11 2 41
11 3 48
11 4 20
11 5 30
11 6 40
11 7 22
11 8 41
11 9 30
11 10 48
11 11 -1
11 12 62
11 13 56
11 14 11
11 15 32
11 16 31
11 17 47
11 18 45
11 19 24
11 20 32
11 21 51
11 22 31
11 23 55
11 24 24
11 25 47
11 26 60
11 27 19
11 28 17
11 29 11
11 30 32
11 31 19
11 32 25
11 33 40
11 34 41
11 35 64
11 36 58
11 37 27
11 38 53
11 39 29
11 40 50
11 41 10
11 42 52
11 43 26
11 44 55
11 45 29
11 46 7
11 47 20
11 48 26
11 49 41
11 50 45
11 51 28
11 52 53
11 53 32
11 54 19
11 55 31
11 56 52
11 57 9
11 58 24
11 59 49
11 60 26
11 61 55
11 62 53
11 63 31
11 64 44
11 65 13
12 1 55
12 2 59
12 3 44
12 4 48
12 5 56
12 6 34
12 7 76
12 8 22
12 9 31
12 10 62
12 11 62
12 12 -1
12 13 17
12 14 51
12 15 31
12 16 37
12 17 21
12 18 18
12 19 49
12 20 58
12 21 12
12 22 39
12 23 8
12 24 37
12 25 51
12 26 14
12 27 44
12 28 74
12 29 60
12 30 84
12 31 51
12 32 58
12 33 27
12 34 28
12 35 4
12 36 6
12 37 54
12 38 8
12 39 41
12 40 20
12 41 52
12 42 48
12 43 44
12 44 6
12 45 66
12 46 64
12 47 57
12 48 47
12 49 21
12 50 20
12 51 70
12 52 11
12 53 47
12 54 43
12 55 61
12 56 14
12 57 59
12 58 59
12 59 35
12 60 65
12 61 39
12 62 61
12 63 30
12 64 61
12 65 64
13 1 53
13 2 44
13 3 27
13 4 39
13 5 59
13 6 21
13 7 67
13 8 26
13 9 27
13 10 46
13 11 56
13 12 17
13 13 -1
13 14 45
13 15 25
13 16 39
13 17 9
13 18 13
13 19 50
13 20 62
13 21 11
13 22 28
13 23 18
13 24 35
13 25 35
13 26 4
13 27 42
13 28 65
13 29 58
13 30 74
13 31 42
13 32 59
13 33 32
13 34 16
13 35 21
13 36 11
13 37 56
13 38 15
13 39 30
13 40 6
13 41 46
13 42 32
13 43 46
13 44 16
13 45 53
13 46 61
13 47 47
13 48 49
13 49 22
13 50 26
13 51 59
13 52 21
13 53 34
13 54 37
13 55 48
13 56 26
13 57 51
13 58 60
13 59 19
13 60 54
13 61 22
13 62 45
13 63 28
13 64 46
13 65 55
14 1 11
14 2 35
14 3 38
14 4 11
14 5 31
14 6 29
14 7 26
14 8 32
14 9 20
14 10 41
14 11 11
14 12 51
14 13 45
14 14 -1
14 15 21
14 16 25
14 17 36
14 18 34
14 19 22
14 20 33
14 21 40
14 22 20
14 23 45
14 24 15
14 25 39
14 26 49
14 27 12
14 28 23
14 29 16
14 30 36
14 31 11
14 32 27
14 33 32
14 34 30
14 35 54
14 36 48
14 37 27
14 38 43
14 39 18
14 40 39
14 41 1
14 42 43
14 43 23
14 44 45
14 45 26
14 46 16
14 47 15
14 48 24
14 49 31
14 50 36
14 51 28
14 52 43
14 53 23
14 54 8
14 55 26
14 56 43
14 57 8
14 58 26
14 59 39
14 60 24
14 61 44
14 62 46
14 63 22
14 64 38
14 65 15
15 1 28
15 2 35
15 3 28
15 4 17
15 5 38
15 6 15
15 7 45
15 8 16
15 9 2
15 10 40
15 11 32
15 12 31
15 13 25
15 14 21
15 15 -1
15 16 20
15 17 16
15 18 13
15 19 28
15 20 40
15 21 19
15 22 11
15 23 25
15 24 11
15 25 32
15 26 28
15 27 17
15 28 43
15 29 33
15 30 53
15 31 20
15 32 37
15 33 20
15 34 11
15 35 33
15 36 27
15 37 34
15 38 22
15 39 13
15 40 19
15 41 21
15 42 33
15 43 24
15 44 25
15 45 36
15 46 36
15 47 27
15 48 27
15 49 13
15 50 19
15 51 40
15 52 24
15 53 21
15 54 12
15 55 33
15 56 26
15 57 27
15 58 37
15 59 24
15 60 35
15 61 30
15 62 42
15 63 7
15 64 38
15 65 33
16 1 22
16 2 53
16 3 49
16 4 31
16 5 19
16 6 35
16 7 51
16 8 15
16 9 18
16 10 59
16 11 31
16 12 37
16 13 39
16 14 25
16 15 20
16 16 -1
16 17 33
16 18 26
16 19 12
16 20 22
16 21 29
16 22 30
16 23 29
16 24 12
16 25 53
16 26 41
16 27 13
16 28 47
16 29 25
16 30 61
16 31 33
16 32 21
16 33 10
16 34 31
16 35 37
16 36 36
16 37 17
16 38 29
16 39 31
16 40 35
16 41 24
16 42 54
16 43 7
16 44 31
16 45 50
16 46 31
16 47 39
16 48 10
16 49 17
16 50 17
16 51 52
16 52 26
16 53 39
16 54 21
16 55 49
16 56 24
16 57 33
16 58 22
16 59 44
16 60 48
16 61 50
16 62 62
16 63 13
16 64 56
16 65 40
17 1 44
17 2 37
17 3 23
17 4 29
17 5 52
17 6 13
17 7 57
17 8 21
17 9 18
17 10 40
17 11 47
17 12 21
17 13 9
17 14 36
17 15 16
17 16 33
17 17 -1
17 18 8
17 19 43
17 20 55
17 21 11
17 22 18
17 23 20
17 24 26
17 25 30
17 26 13
17 27 33
17 28 56
17 29 49
17 30 65
17 31 32
17 32 52
17 33 27
17 34 7
17 35 25
17 36 16
17 37 49
17 38 16
17 39 21
17 40 3
17 41 37
17 42 28
17 43 38
17 44 18
17 45 45
17 46 52
17 47 38
17 48 42
17 49 17
17 50 22
17 51 50
17 52 21
17 53 26
17 54 28
17 55 40
17 56 25
17 57 42
17 58 52
17 59 15
17 60 45
17 61 20
17 62 40
17 63 20
17 64 39
17 65 46
18 1 40
18 2 42
18 3 30
18 4 30
18 5 45
18 6 18
18 7 58
18 8 13
18 9 14
18 10 46
18 11 45
18 12 18
18 13 13
18 14 34
18 15 13
18 16 26
18 17 8
18 18 -1
18 19 37
18 20 48
18 21 6
18 22 20
18 23 13
18 24 22
18 25 37
18 26 16
18 27 29
18 28 56
18 29 45
18 30 66
18 31 33
18 32 46
18 33 19
18 34 11
18 35 21
18 36 13
18 37 43
18 38 10
18 39 23
18 40 9
18 41 35
18 42 35
18 43 32
18 44 13
18 45 48
18 46 48
18 47 39
18 48 35
18 49 9
18 50 14
18 51 52
18 52 14
18 53 29
18 54 26
18 55 43
18 56 18
18 57 41
18 58 47
18 59 22
18 60 47
18 61 28
18 62 47
18 63 15
18 64 45
18 65 46
19 1 14
19 2 55
19 3 55
19 4 31
19 5 9
19 6 42
19 7 46
19 8 27
19 9 25
19 10 62
19 11 24
19 12 49
19 13 50
19 14 22
19 15 28
19 16 12
19 17 43
19 18 37
19 19 -1
19 20 12
19 21 41
19 22 35
19 23 41
19 24 17
19 25 57
19 26 52
19 27 12
19 28 41
19 29 15
19 30 56
19 31 32
19 32 9
19 33 22
19 34 39
19 35 49
19 36 48
19 37 6
19 38 41
19 39 35
19 40 45
19 41 21
19 42 60
19 43 5
19 44 43
19 45 48
19 46 21
19 47 37
19 48 2
19 49 29
19 50 29
19 51 50
19 52 38
19 53 42
19 54 22
19 55 49
19 56 36
19 57 29
19 58 10
19 59 52
19 60 46
19 61 58
19 62 66
19 63 22
19 64 59
19 65 36
20 1 23
20 2 68
20 3 67
20 4 43
20 5 2
20 6 55
20 7 54
20 8 36
20 9 38
20 10 74
20 11 32
20 12 58
20 13 62
20 14 33
20 15 40
20 16 22
20 17 55
20 18 48
20 19 12
20 20 -1
20 21 51
20 22 48
20 23 50
20 24 29
20 25 70
20 26 63
20 27 24
20 28 49
20 29 21
20 30 64
20 31 44
20 32 7
20 33 31
20 34 51
20 35 58
20 36 58
20 37 6
20 38 50
20 39 48
20 40 57
20 41 32
20 42 72
20 43 16
20 44 52
20 45 59
20 46 27
20 47 49
20 48 13
20 49 39
20 50 38
20 51 60
20 52 47
20 53 55
20 54 35
20 55 60
20 56 44
20 57 39
20 58 8
20 59 64
20 60 57
20 61 71
20 62 78
20 63 34
20 64 71
20 65 45
21 1 45
21 2 47
21 3 34
21 4 36
21 5 49
21 6 23
21 7 64
21 8 15
21 9 20
21 10 51
21 11 51
21 12 12
21 13 11
21 14 40
21 15 19
21 16 29
21 17 11
21 18 6
21 19 41
21 20 51
21 21 -1
21 22 27
21 23 9
21 24 27
21 25 41
21 26 12
21 27 34
21 28 62
21 29 50
21 30 72
21 31 39
21 32 50
21 33 21
21 34 16
21 35 15
21 36 7
21 37 46
21 38 5
21 39 29
21 40 11
21 41 41
21 42 39
21 43 36
21 44 7
21 45 54
21 46 54
21 47 45
21 48 39
21 49 12
21 50 15
21 51 58
21 52 10
21 53 35
21 54 32
21 55 49
21 56 15
21 57 47
21 58 51
21 59 26
21 60 53
21 61 30
21 62 51
21 63 20
21 64 50
21 65 53
22 1 30
22 2 24
22 3 19
22 4 11
22 5 45
22 6 9
22 7 38
22 8 27
22 9 13
22 10 29
22 11 31
22 12 39
22 13 28
22 14 20
22 15 11
22 16 30
22 17 18
22 18 20
22 19 35
22 20 48
22 21 27
22 22 -1
22 23 34
22 24 18
22 25 22
22 26 32
22 27 23
22 28 37
22 29 35
22 30 46
22 31 13
22 32 43
22 33 31
22 34 11
22 35 42
22 36 33
22 37 41
22 38 31
22 39 2
22 40 21
22 41 21
22 42 24
22 43 33
22 44 33
22 45 27
22 46 36
22 47 19
22 48 35
22 49 23
22 50 30
22 51 31
22 52 34
22 53 10
22 54 13
22 55 23
22 56 36
22 57 24
22 58 43
22 59 18
22 60 26
22 61 24
22 62 31
22 63 18
22 64 27
22 65 27
23 1 48
23 2 56
23 3 43
23 4 43
23 5 48
23 6 32
23 7 70
23 8 14
23 9 25
23 10 60
23 11 55
23 12 8
23 13 18
23 14 45
23 15 25
23 16 29
23 17 20
23 18 13
23 19 41
23 20 50
23 21 9
23 22 34
23 23 -1
23 24 30
23 25 50
23 26 17
23 27 36
23 28 68
23 29 52
23 30 79
23 31 46
23 32 50
23 33 19
23 34 25
23 35 8
23 36 9
23 37 46
23 38 4
23 39 37
23 40 20
23 41 45
23 42 48
23 43 36
23 44 2
23 45 61
23 46 57
23 47 52
23 48 39
23 49 13
23 50 12
23 51 66
23 52 3
23 53 43
23 54 37
23 55 57
23 56 7
23 57 52
23 58 51
23 59 35
23 60 61
23 61 39
23 62 60
23 63 23
23 64 58
23 65 58
24 1 18
24 2 41
24 3 38
24 4 19
24 5 27
24 6 25
24 7 42
24 8 17
24 9 8
24 10 47
24 11 24
24 12 37
24 13 35
24 14 15
24 15 11
24 16 12
24 17 26
24 18 22
24 19 17
24 20 29
24 21 27
24 22 18
24 23 30
24 24 -1
24 25 41
24 26 38
24 27 7
24 28 39
24 29 23
24 30 51
24 31 21
24 32 25
24 33 17
24 34 22
24 35 39
24 36 34
24 37 23
24 38 28
24 39 19
24 40 29
24 41 15
24 42 43
24 43 14
24 44 31
24 45 38
24 46 27
24 47 27
24 48 16
24 49 16
24 50 20
24 51 41
24 52 28
24 53 27
24 54 9
24 55 37
24 56 28
24 57 23
24 58 26
24 59 35
24 60 36
24 61 41
24 62 50
24 63 7
24 64 44
24 65 30
25 1 50
25 2 10
25 3 8
25 4 27
25 5 67
25 6 19
25 7 45
25 8 47
25 9 35
25 10 10
25 11 47
25 12 51
25 13 35
25 14 39
25 15 32
25 16 53
25 17 30
25 18 37
25 19 57
25 20 70
25 21 41
25 22 22
25 23 50
25 24 41
25 25 -1
25 26 39
25 27 45
25 28 46
25 29 55
25 30 47
25 31 28
25 32 65
25 33 52
25 34 26
25 35 55
25 36 45
25 37 64
25 38 46
25 39 22
25 40 31
25 41 40
25 42 6
25 43 55
25 44 48
25 45 27
25 46 54
25 47 28
25 48 58
25 49 43
25 50 50
25 51 32
25 52 51
25 53 15
25 54 35
25 55 21
25 56 55
25 57 38
25 58 65
25 59 16
25 60 29
25 61 16
25 62 10
25 63 40
25 64 11
25 65 38
26 1 56
26 2 48
26 3 31
26 4 43
26 5 61
26 6 25
26 7 71
26 8 27
26 9 30
26 10 50
26 11 60
26 12 14
26 13 4
26 14 49
26 15 28
26 16 41
26 17 13
26 18 16
26 19 52
26 20 63
26 21 12
26 22 32
26 23 17
26 24 38
26 25 39
26 26 -1
26 27 45
26 28 69
26 29 61
26 30 78
26 31 46
26 32 62
26 33 33
26 34 20
26 35 18
26 36 8
26 37 58
26 38 14
26 39 34
26 40 10
26 41 50
26 42 35
26 43 48
26 44 15
26 45 58
26 46 64
26 47 51
26 48 51
26 49 24
26 50 26
26 51 63
26 52 20
26 53 38
26 54 41
26 55 53
26 56 25
26 57 55
26 58 62
26 59 23
26 60 58
26 61 25
26 62 49
26 63 31
26 64 50
26 65 59
27 1 11
27 2 43
27 3 43
27 4 19
27 5 22
27 6 31
27 7 38
27 8 22
27 9 15
27 10 50
27 11 19
27 12 44
27 13 42
27 14 12
27 15 17
27 16 13
27 17 33
27 18 29
27 19 12
27 20 24
27 21 34
27 22 23
27 23 36
27 24 7
27 25 45
27 26 45
27 27 -1
27 28 34
27 29 16
27 30 48
27 31 21
27 32 20
27 33 21
27 34 28
27 35 45
27 36 41
27 37 18
27 38 35
27 39 23
27 40 36
27 41 11
27 42 48
27 43 11
27 44 37
27 45 38
27 46 20
27 47 27
27 48 13
27 49 23
27 50 26
27 51 40
27 52 34
27 53 30
27 54 10
27 55 37
27 56 33
27 57 20
27 58 20
27 59 40
27 60 36
27 61 47
27 62 53
27 63 14
27 64 47
27 65 27
28 1 26
28 2 37
28 3 50
28 4 26
28 5 47
28 6 45
28 7 5
28 8 55
28 9 42
28 10 42
28 11 17
28 12 74
28 13 65
28 14 23
28 15 43
28 16 47
28 17 56
28 18 56
28 19 41
28 20 49
28 21 62
28 22 37
28 23 68
28 24 39
28 25 46
28 26 69
28 27 34
28 28 -1
28 29 28
28 30 15
28 31 23
28 32 42
28 33 55
28 34 49
28 35 76
28 36 70
28 37 44
28 38 65
28 39 35
28 40 59
28 41 23
28 42 52
28 43 44
28 44 68
28 45 20
28 46 22
28 47 19
28 48 43
28 49 54
28 50 59
28 51 17
28 52 66
28 53 34
28 54 31
28 55 25
28 56 67
28 57 15
28 58 41
28 59 53
28 60 18
28 61 58
28 62 48
28 63 45
28 64 39
28 65 9
29 1 5
29 2 50
29 3 55
29 4 27
29 5 19
29 6 44
29 7 33
29 8 38
29 9 31
29 10 57
29 11 11
29 12 60
29 13 58
29 14 16
29 15 33
29 16 25
29 17 49
29 18 45
29 19 15
29 20 21
29 21 50
29 22 35
29 23 52
29 24 23
29 25 55
29 26 61
29 27 16
29 28 28
29 29 -1
29 30 43
29 31 27
29 32 14
29 33 35
29 34 43
29 35 61
29 36 57
29 37 16
29 38 51
29 39 34
29 40 52
29 41 15
29 42 59
29 43 19
29 44 53
29 45 39
29 46 6
29 47 30
29 48 17
29 49 39
29 50 41
29 51 39
29 52 49
29 53 40
29 54 22
29 55 41
29 56 48
29 57 19
29 58 13
29 59 54
29 60 37
29 61 60
29 62 62
29 63 30
29 64 53
29 65 25
30 1 41
30 2 37
30 3 53
30 4 36
30 5 62
30 6 53
30 7 10
30 8 68
30 9 54
30 10 41
30 11 32
30 12 84
30 13 74
30 14 36
30 15 53
30 16 61
30 17 65
30 18 66
30 19 56
30 20 64
30 21 72
30 22 46
30 23 79
30 24 51
30 25 47
30 26 78
30 27 48
30 28 15
30 29 43
30 30 -1
30 31 33
30 32 57
30 33 68
30 34 57
30 35 87
30 36 80
30 37 59
30 38 76
30 39 43
30 40 67
30 41 37
30 42 54
30 43 58
30 44 79
30 45 21
30 46 37
30 47 26
30 48 58
30 49 66
30 50 71
30 51 15
30 52 78
30 53 39
30 54 43
30 55 27
30 56 79
30 57 28
30 58 56
30 59 59
30 60 20
30 61 62
30 62 47
30 63 57
30 64 38
30 65 21
31 1 22
31 2 23
31 3 29
31 4 2
31 5 42
31 6 22
31 7 25
31 8 35
31 9 21
31 10 30
31 11 19
31 12 51
31 13 42
31 14 11
31 15 20
31 16 33
31 17 32
31 18 33
31 19 32
31 20 44
31 21 39
31 22 13
31 23 46
31 24 21
31 25 28
31 26 46
31 27 21
31 28 23
31 29 27
31 30 33
31 31 -1
31 32 38
31 33 37
31 34 25
31 35 54
31 36 47
31 37 38
31 38 43
31 39 11
31 40 35
31 41 12
31 42 32
31 43 32
31 44 45
31 45 17
31 46 26
31 47 6
31 48 34
31 49 33
31 50 39
31 51 20
31 52 45
31 53 13
31 54 12
31 55 16
31 56 46
31 57 11
31 58 38
31 59 31
31 60 15
31 61 36
31 62 34
31 63 25
31 64 26
31 65 13
32 1 16
32 2 62
32 3 63
32 4 38
32 5 5
32 6 51
32 7 47
32 8 36
32 9 34
32 10 68
32 11 25
32 12 58
32 13 59
32 14 27
32 15 37
32 16 21
32 17 52
32 18 46
32 19 9
32 20 7
32 21 50
32 22 43
32 23 50
32 24 25
32 25 65
32 26 62
32 27 20
32 28 42
32 29 14
32 30 57
32 31 38
32 32 -1
32 33 31
32 34 48
32 35 58
32 36 57
32 37 4
32 38 50
32 39 43
32 40 55
32 41 25
32 42 67
32 43 14
32 44 52
32 45 52
32 46 20
32 47 42
32 48 11
32 49 38
32 50 38
32 51 53
32 52 47
32 53 49
32 54 29
32 55 54
32 56 44
32 57 32
32 58 1
32 59 60
32 60 50
32 61 67
32 62 72
32 63 31
32 64 65
32 65 38
33 1 32
33 2 55
33 3 47
33 4 35
33 5 29
33 6 33
33 7 59
33 8 6
33 9 18
33 10 60
33 11 40
33 12 27
33 13 32
33 14 32
33 15 20
33 16 10
33 17 27
33 18 19
33 19 22
33 20 31
33 21 21
33 22 31
33 23 19
33 24 17
33 25 52
33 26 33
33 27 21
33 28 55
33 29 35
33 30 68
33 31 37
33 32 31
33 33 -1
33 34 27
33 35 27
33 36 26
33 37 27
33 38 19
33 39 33
33 40 29
33 41 32
33 42 52
33 43 17
33 44 21
33 45 54
33 46 41
33 47 44
33 48 20
33 49 10
33 50 7
33 51 58
33 52 16
33 53 41
33 54 26
33 55 52
33 56 13
33 57 40
33 58 32
33 59 41
33 60 53
33 61 47
33 62 62
33 63 13
33 64 58
33 65 47
34 1 38
34 2 31
34 3 19
34 4 22
34 5 49
34 6 7
34 7 50
34 8 22
34 9 13
34 10 35
34 11 41
34 12 28
34 13 16
34 14 30
34 15 11
34 16 31
34 17 7
34 18 11
34 19 39
34 20 51
34 21 16
34 22 11
34 23 25
34 24 22
34 25 26
34 26 20
34 27 28
34 28 49
34 29 43
34 30 57
34 31 25
34 32 48
34 33 27
34 34 -1
34 35 31
34 36 22
34 37 45
34 38 21
34 39 14
34 40 9
34 41 31
34 42 25
34 43 35
34 44 23
34 45 38
34 46 46
34 47 31
34 48 38
34 49 17
34 50 24
34 51 43
34 52 25
34 53 19
34 54 22
34 55 33
34 56 29
34 57 35
34 58 48
34 59 13
34 60 38
34 61 19
34 62 36
34 63 17
34 64 33
34 65 39
35 1 57
35 2 62
35 3 48
35 4 51
35 5 56
35 6 38
35 7 79
35 8 23
35 9 34
35 10 66
35 11 64
35 12 4
35 13 21
35 14 54
35 15 33
35 16 37
35 17 25
35 18 21
35 19 49
35 20 58
35 21 15
35 22 42
35 23 8
35 24 39
35 25 55
35 26 18
35 27 45
35 28 76
35 29 61
35 30 87
35 31 54
35 32 58
35 33 27
35 34 31
35 35 -1
35 36 10
35 37 54
35 38 11
35 39 45
35 40 24
35 41 54
35 42 52
35 43 44
35 44 8
35 45 69
35 46 66
35 47 60
35 48 47
35 49 22
35 50 20
35 51 74
35 52 11
35 53 51
35 54 45
35 55 65
35 56 14
35 57 61
35 58 59
35 59 39
35 60 69
35 61 43
35 62 65
35 63 32
35 64 65
35 65 67
36 1 53
36 2 53
36 3 38
36 4 44
36 5 55
36 6 29
36 7 72
36 8 21
36 9 28
36 10 56
36 11 58
36 12 6
36 13 11
36 14 48
36 15 27
36 16 36
36 17 16
36 18 13
36 19 48
36 20 58
36 21 7
36 22 33
36 23 9
36 24 34
36 25 45
36 26 8
36 27 41
36 28 70
36 29 57
36 30 80
36 31 47
36 32 57
36 33 26
36 34 22
36 35 10
36 36 -1
36 37 53
36 38 7
36 39 36
36 40 14
36 41 48
36 42 42
36 43 43
36 44 6
36 45 60
36 46 62
36 47 53
36 48 46
36 49 19
36 50 19
36 51 65
36 52 12
36 53 42
36 54 39
36 55 56
36 56 17
36 57 55
36 58 58
36 59 29
36 60 60
36 61 33
36 62 55
36 63 27
36 64 55
36 65 60
37 1 18
37 2 61
37 3 61
37 4 37
37 5 3
37 6 49
37 7 49
37 8 32
37 9 31
37 10 68
37 11 27
37 12 54
37 13 56
37 14 27
37 15 34
37 16 17
37 17 49
37 18 43
37 19 6
37 20 6
37 21 46
37 22 41
37 23 46
37 24 23
37 25 64
37 26 58
37 27 18
37 28 44
37 29 16
37 30 59
37 31 38
37 32 4
37 33 27
37 34 45
37 35 54
37 36 53
37 37 -1
37 38 46
37 39 41
37 40 52
37 41 26
37 42 66
37 43 10
37 44 48
37 45 53
37 46 23
37 47 43
37 48 7
37 49 34
37 50 34
37 51 54
37 52 43
37 53 48
37 54 28
37 55 54
37 56 40
37 57 33
37 58 5
37 59 58
37 60 51
37 61 65
37 62 72
37 63 28
37 64 64
37 65 40
38 1 47
38 2 52
38 3 39
38 4 40
38 5 48
38 6 28
38 7 68
38 8 14
38 9 23
38 10 56
38 11 53
38 12 8
38 13 15
38 14 43
38 15 22
38 16 29
38 17 16
38 18 10
38 19 41
38 20 50
38 21 5
38 22 31
38 23 4
38 24 28
38 25 46
38 26 14
38 27 35
38 28 65
38 29 51
38 30 76
38 31 43
38 32 50
38 33 19
38 34 21
38 35 11
38 36 7
38 37 46
38 38 -1
38 39 33
38 40 16
38 41 43
38 42 44
38 43 36
38 44 2
38 45 58
38 46 55
38 47 49
38 48 39
38 49 12
38 50 12
38 51 62
38 52 5
38 53 40
38 54 34
38 55 54
38 56 10
38 57 50
38 58 51
38 59 31
38 60 57
38 61 35
38 62 56
38 63 21
38 64 55
38 65 56
39 1 29
39 2 22
39 3 20
39 4 9
39 5 45
39 6 11
39 7 36
39 8 29
39 9 15
39 10 27
39 11 29
39 12 41
39 13 30
39 14 18
39 15 13
39 16 31
39 17 21
39 18 23
39 19 35
39 20 48
39 21 29
39 22 2
39 23 37
39 24 19
39 25 22
39 26 34
39 27 23
39 28 35
39 29 34
39 30 43
39 31 11
39 32 43
39 33 33
39 34 14
39 35 45
39 36 36
39 37 41
39 38 33
39 39 -1
39 40 24
39 41 20
39 42 24
39 43 33
39 44 36
39 45 24
39 46 35
39 47 16
39 48 36
39 49 25
39 50 32
39 51 29
39 52 36
39 53 8
39 54 13
39 55 20
39 56 39
39 57 22
39 58 43
39 59 20
39 60 24
39 61 25
39 62 30
39 63 20
39 64 25
39 65 25
40 1 47
40 2 38
40 3 23
40 4 32
40 5 55
40 6 14
40 7 60
40 8 23
40 9 21
40 10 41
40 11 50
40 12 20
40 13 6
40 14 39
40 15 19
40 16 35
40 17 3
40 18 9
40 19 45
40 20 57
40 21 11
40 22 21
40 23 20
40 24 29
40 25 31
40 26 10
40 27 36
40 28 59
40 29 52
40 30 67
40 31 35
40 32 55
40 33 29
40 34 9
40 35 24
40 36 14
40 37 52
40 38 16
40 39 24
40 40 -1
40 41 40
40 42 28
40 43 41
40 44 18
40 45 47
40 46 55
40 47 40
40 48 44
40 49 19
40 50 24
40 51 52
40 52 21
40 53 28
40 54 31
40 55 42
40 56 26
40 57 44
40 58 55
40 59 15
40 60 47
40 61 19
40 62 40
40 63 23
40 64 40
40 65 49
41 1 9
41 2 36
41 3 40
41 4 12
41 5 29
41 6 30
41 7 27
41 8 32
41 9 20
41 10 42
41 11 10
41 12 52
41 13 46
41 14 1
41 15 21
41 16 24
41 17 37
41 18 35
41 19 21
41 20 32
41 21 41
41 22 21
41 23 45
41 24 15
41 25 40
41 26 50
41 27 11
41 28 23
41 29 15
41 30 37
41 31 12
41 32 25
41 33 32
41 34 31
41 35 54
41 36 48
41 37 26
41 38 43
41 39 20
41 40 40
41 41 -1
41 42 44
41 43 22
41 44 46
41 45 27
41 46 15
41 47 16
41 48 23
41 49 31
41 50 36
41 51 29
41 52 43
41 53 25
41 54 9
41 55 28
41 56 43
41 57 8
41 58 25
41 59 40
41 60 25
41 61 46
41 62 47
41 63 22
41 64 39
41 65 15
42 1 54
42 2 17
42 3 5
42 4 31
42 5 70
42 6 18
42 7 51
42 8 47
42 9 36
42 10 16
42 11 52
42 12 48
42 13 32
42 14 43
42 15 33
42 16 54
42 17 28
42 18 35
42 19 60
42 20 72
42 21 39
42 22 24
42 23 48
42 24 43
42 25 6
42 26 35
42 27 48
42 28 52
42 29 59
42 30 54
42 31 32
42 32 67
42 33 52
42 34 25
42 35 52
42 36 42
42 37 66
42 38 44
42 39 24
42 40 28
42 41 44
42 42 -1
42 43 57
42 44 46
42 45 33
42 46 59
42 47 33
42 48 60
42 49 42
42 50 49
42 51 38
42 52 49
42 53 19
42 54 38
42 55 27
42 56 53
42 57 43
42 58 68
42 59 13
42 60 35
42 61 10
42 62 13
42 63 41
42 64 17
42 65 43
43 1 17
43 2 54
43 3 52
43 4 31
43 5 13
43 6 39
43 7 48
43 8 22
43 9 22
43 10 60
43 11 26
43 12 44
43 13 46
43 14 23
43 15 24
43 16 7
43 17 38
43 18 32
43 19 5
43 20 16
43 21 36
43 22 33
43 23 36
43 24 14
43 25 55
43 26 48
43 27 11
43 28 44
43 29 19
43 30 58
43 31 32
43 32 14
43 33 17
43 34 35
43 35 44
43 36 43
43 37 10
43 38 36
43 39 33
43 40 41
43 41 22
43 42 57
43 43 -1
43 44 38
43 45 49
43 46 25
43 47 38
43 48 3
43 49 24
43 50 24
43 51 51
43 52 33
43 53 41
43 54 21
43 55 48
43 56 31
43 57 30
43 58 15
43 59 48
43 60 47
43 61 55
43 62 64
43 63 18
43 64 57
43 65 37
44 1 49
44 2 55
44 3 41
44 4 43
44 5 50
44 6 30
44 7 70
44 8 16
44 9 25
44 10 58
44 11 55
44 12 6
44 13 16
44 14 45
44 15 25
44 16 31
44 17 18
44 18 13
44 19 43
44 20 52
44 21 7
44 22 33
44 23 2
44 24 31
44 25 48
44 26 15
44 27 37
44 28 68
44 29 53
44 30 79
44 31 45
44 32 52
44 33 21
44 34 23
44 35 8
44 36 6
44 37 48
44 38 2
44 39 36
44 40 18
44 41 46
44 42 46
44 43 38
44 44 -1
44 45 61
44 46 58
44 47 52
44 48 41
44 49 14
44 50 14
44 51 65
44 52 5
44 53 42
44 54 37
44 55 56
44 56 10
44 57 53
44 58 53
44 59 33
44 60 60
44 61 37
44 62 58
44 63 24
44 64 57
44 65 58
45 1 36
45 2 17
45 3 32
45 4 19
45 5 57
45 6 32
45 7 18
45 8 52
45 9 37
45 10 22
45 11 29
45 12 66
45 13 53
45 14 26
45 15 36
45 16 50
45 17 45
45 18 48
45 19 48
45 20 59
45 21 54
45 22 27
45 23 61
45 24 38
45 25 27
45 26 58
45 27 38
45 28 20
45 29 39
45 30 21
45 31 17
45 32 52
45 33 54
45 34 38
45 35 69
45 36 60
45 37 53
45 38 58
45 39 24
45 40 47
45 41 27
45 42 33
45 43 49
45 44 61
45 45 -1
45 46 36
45 47 11
45 48 50
45 49 49
45 50 56
45 51 5
45 52 60
45 53 19
45 54 29
45 55 6
45 56 63
45 57 20
45 58 52
45 59 38
45 60 2
45 61 41
45 62 28
45 63 42
45 64 18
45 65 15
46 1 8
46 2 48
46 3 55
46 4 27
46 5 25
46 6 45
46 7 27
46 8 43
46 9 34
46 10 55
46 11 7
46 12 64
46 13 61
46 14 16
46 15 36
46 16 31
46 17 52
46 18 48
46 19 21
46 20 27
46 21 54
46 22 36
46 23 57
46 24 27
46 25 54
46 26 64
46 27 20
46 28 22
46 29 6
46 30 37
46 31 26
46 32 20
46 33 41
46 34 46
46 35 66
46 36 62
46 37 23
46 38 55
46 39 35
46 40 55
46 41 15
46 42 59
46 43 25
46 44 58
46 45 36
46 46 -1
46 47 27
46 48 24
46 49 43
46 50 46
46 51 35
46 52 55
46 53 39
46 54 24
46 55 38
46 56 54
46 57 16
46 58 19
46 59 55
46 60 33
46 61 61
46 62 60
46 63 34
46 64 51
46 65 20
47 1 25
47 2 21
47 3 31
47 4 9
47 5 46
47 6 26
47 7 19
47 8 42
47 9 27
47 10 27
47 11 20
47 12 57
47 13 47
47 14 15
47 15 27
47 16 39
47 17 38
47 18 39
47 19 37
47 20 49
47 21 45
47 22 19
47 23 52
47 24 27
47 25 28
47 26 51
47 27 27
47 28 19
47 29 30
47 30 26
47 31 6
47 32 42
47 33 44
47 34 31
47 35 60
47 36 53
47 37 43
47 38 49
47 39 16
47 40 40
47 41 16
47 42 33
47 43 38
47 44 52
47 45 11
47 46 27
47 47 -1
47 48 39
47 49 39
47 50 46
47 51 13
47 52 51
47 53 15
47 54 18
47 55 11
47 56 53
47 57 11
47 58 42
47 59 34
47 60 9
47 61 39
47 62 33
47 63 31
47 64 24
47 65 10
48 1 17
48 2 56
48 3 55
48 4 32
48 5 10
48 6 42
48 7 48
48 8 25
48 9 25
48 10 63
48 11 26
48 12 47
48 13 49
48 14 24
48 15 27
48 16 10
48 17 42
48 18 35
48 19 2
48 20 13
48 21 39
48 22 35
48 23 39
48 24 16
48 25 58
48 26 51
48 27 13
48 28 43
48 29 17
48 30 58
48 31 34
48 32 11
48 33 20
48 34 38
48 35 47
48 36 46
48 37 7
48 38 39
48 39 36
48 40 44
48 41 23
48 42 60
48 43 3
48 44 41
48 45 50
48 46 24
48 47 39
48 48 -1
48 49 27
48 50 27
48 51 52
48 52 36
48 53 43
48 54 23
48 55 50
48 56 33
48 57 31
48 58 12
48 59 51
48 60 48
48 61 58
48 62 66
48 63 21
48 64 60
48 65 38
49 1 34
49 2 47
49 3 37
49 4 30
49 5 37
49 6 24
49 7 57
49 8 4
49 9 12
49 10 52
49 11 41
49 12 21
49 13 22
49 14 31
49 15 13
49 16 17
49 17 17
49 18 9
49 19 29
49 20 39
49 21 12
49 22 23
49 23 13
49 24 16
49 25 43
49 26 24
49 27 23
49 28 54
49 29 39
49 30 66
49 31 33
49 32 38
49 33 10
49 34 17
49 35 22
49 36 19
49 37 34
49 38 12
49 39 25
49 40 19
49 41 31
49 42 42
49 43 24
49 44 14
49 45 49
49 46 43
49 47 39
49 48 27
49 49 -1
49 50 7
49 51 53
49 52 12
49 53 33
49 54 23
49 55 46
49 56 13
49 57 38
49 58 39
49 59 30
49 60 48
49 61 36
49 62 53
49 63 9
49 64 50
49 65 45
50 1 37
50 2 54
50 3 44
50 4 36
50 5 36
50 6 31
50 7 62
50 8 3
50 9 18
50 10 59
50 11 45
50 12 20
50 13 26
50 14 36
50 15 19
50 16 17
50 17 22
50 18 14
50 19 29
50 20 38
50 21 15
50 22 30
50 23 12
50 24 20
50 25 50
50 26 26
50 27 26
50 28 59
50 29 41
50 30 71
50 31 39
50 32 38
50 33 7
50 34 24
50 35 20
50 36 19
50 37 34
50 38 12
50 39 32
50 40 24
50 41 36
50 42 49
50 43 24
50 44 14
50 45 56
50 46 46
50 47 46
50 48 27
50 49 7
50 50 -1
50 51 59
50 52 9
50 53 40
50 54 28
50 55 53
50 56 7
50 57 43
50 58 39
50 59 37
50 60 55
50 61 42
50 62 60
50 63 14
50 64 57
50 65 50
51 1 36
51 2 22
51 3 37
51 4 23
51 5 57
51 6 37
51 7 13
51 8 56
51 9 41
51 10 26
51 11 28
51 12 70
51 13 59
51 14 28
51 15 40
51 16 52
51 17 50
51 18 52
51 19 50
51 20 60
51 21 58
51 22 31
51 23 66
51 24 41
51 25 32
51 26 63
51 27 40
51 28 17
51 29 39
51 30 15
51 31 20
51 32 53
51 33 58
51 34 43
51 35 74
51 36 65
51 37 54
51 38 62
51 39 29
51 40 52
51 41 29
51 42 38
51 43 51
51 44 65
51 45 5
51 46 35
51 47 13
51 48 52
51 49 53
51 50 59
51 51 -1
51 52 65
51 53 24
51 54 32
51 55 11
51 56 67
51 57 21
51 58 52
51 59 43
51 60 5
51 61 46
51 62 32
51 63 45
51 64 23
51 65 14
52 1 46
52 2 56
52 3 44
52 4 42
52 5 45
52 6 32
52 7 69
52 8 11
52 9 24
52 10 60
52 11 53
52 12 11
52 13 21
52 14 43
52 15 24
52 16 26
52 17 21
52 18 14
52 19 38
52 20 47
52 21 10
52 22 34
52 23 3
52 24 28
52 25 51
52 26 20
52 27 34
52 28 66
52 29 49
52 30 78
52 31 45
52 32 47
52 33 16
52 34 25
52 35 11
52 36 12
52 37 43
52 38 5
52 39 36
52 40 21
52 41 43
52 42 49
52 43 33
52 44 5
52 45 60
52 46 55
52 47 51
52 48 36
52 49 12
52 50 9
52 51 65
52 52 -1
52 53 43
52 54 35
52 55 57
52 56 5
52 57 50
52 58 48
52 59 36
52 60 60
52 61 41
52 62 61
52 63 21
52 64 59
52 65 57
53 1 34
53 2 14
53 3 16
53 4 12
53 5 52
53 6 13
53 7 34
53 8 37
53 9 23
53 10 19
53 11 32
53 12 47
53 13 34
53 14 23
53 15 21
53 16 39
53 17 26
53 18 29
53 19 42
53 20 55
53 21 35
53 22 10
53 23 43
53 24 27
53 25 15
53 26 38
53 27 30
53 28 34
53 29 40
53 30 39
53 31 13
53 32 49
53 33 41
53 34 19
53 35 51
53 36 42
53 37 48
53 38 40
53 39 8
53 40 28
53 41 25
53 42 19
53 43 41
53 44 42
53 45 19
53 46 39
53 47 15
53 48 43
53 49 33
53 50 40
53 51 24
53 52 43
53 53 -1
53 54 20
53 55 14
53 56 46
53 57 24
53 58 49
53 59 19
53 60 19
53 61 24
53 62 23
53 63 28
53 64 17
53 65 25
54 1 16
54 2 33
54 3 33
54 4 10
54 5 32
54 6 22
54 7 34
54 8 25
54 9 11
54 10 39
54 11 19
54 12 43
54 13 37
54 14 8
54 15 12
54 16 21
54 17 28
54 18 26
54 19 22
54 20 35
54 21 32
54 22 13
54 23 37
54 24 9
54 25 35
54 26 41
54 27 10
54 28 31
54 29 22
54 30 43
54 31 12
54 32 29
54 33 26
54 34 22
54 35 45
54 36 39
54 37 28
54 38 34
54 39 13
54 40 31
54 41 9
54 42 38
54 43 21
54 44 37
54 45 29
54 46 24
54 47 18
54 48 23
54 49 23
54 50 28
54 51 32
54 52 35
54 53 20
54 54 -1
54 55 28
54 56 36
54 57 15
54 58 29
54 59 32
54 60 27
54 61 38
54 62 43
54 63 14
54 64 36
54 65 22
55 1 37
55 2 11
55 3 26
55 4 18
55 5 57
55 6 27
55 7 24
55 8 49
55 9 34
55 10 17
55 11 31
55 12 61
55 13 48
55 14 26
55 15 33
55 16 49
55 17 40
55 18 43
55 19 49
55 20 60
55 21 49
55 22 23
55 23 57
55 24 37
55 25 21
55 26 53
55 27 37
55 28 25
55 29 41
55 30 27
55 31 16
55 32 54
55 33 52
55 34 33
55 35 65
55 36 56
55 37 54
55 38 54
55 39 20
55 40 42
55 41 28
55 42 27
55 43 48
55 44 56
55 45 6
55 46 38
55 47 11
55 48 50
55 49 46
55 50 53
55 51 11
55 52 57
55 53 14
55 54 28
55 55 -1
55 56 59
55 57 22
55 58 53
55 59 32
55 60 8
55 61 35
55 62 22
55 63 39
55 64 13
55 65 19
56 1 45
56 2 59
56 3 48
56 4 43
56 5 42
56 6 36
56 7 70
56 8 11
56 9 25
56 10 64
56 11 52
56 12 14
56 13 26
56 14 43
56 15 26
56 16 24
56 17 25
56 18 18
56 19 36
56 20 44
56 21 15
56 22 36
56 23 7
56 24 28
56 25 55
56 26 25
56 27 33
56 28 67
56 29 48
56 30 79
56 31 46
56 32 44
56 33 13
56 34 29
56 35 14
56 36 17
56 37 40
56 38 10
56 39 39
56 40 26
56 41 43
56 42 53
56 43 31
56 44 10
56 45 63
56 46 54
56 47 53
56 48 33
56 49 13
56 50 7
56 51 67
56 52 5
56 53 46
56 54 36
56 55 59
56 56 -1
56 57 51
56 58 45
56 59 40
56 60 62
56 61 45
56 62 65
56 63 22
56 64 62
56 65 58
57 1 15
57 2 32
57 3 40
57 4 13
57 5 36
57 6 33
57 7 18
57 8 40
57 9 27
57 10 38
57 11 9
57 12 59
57 13 51
57 14 8
57 15 27
57 16 33
57 17 42
57 18 41
57 19 29
57 20 39
57 21 47
57 22 24
57 23 52
57 24 23
57 25 38
57 26 55
57 27 20
57 28 15
57 29 19
57 30 28
57 31 11
57 32 32
57 33 40
57 34 35
57 35 61
57 36 55
57 37 33
57 38 50
57 39 22
57 40 44
57 41 8
57 42 43
57 43 30
57 44 53
57 45 20
57 46 16
57 47 11
57 48 31
57 49 38
57 50 43
57 51 21
57 52 50
57 53 24
57 54 15
57 55 22
57 56 51
57 57 -1
57 58 31
57 59 42
57 60 18
57 61 47
57 62 44
57 63 29
57 64 35
57 65 7
58 1 16
58 2 61
58 3 63
58 4 37
58 5 6
58 6 51
58 7 46
58 8 37
58 9 34
58 10 68
58 11 24
58 12 59
58 13 60
58 14 26
58 15 37
58 16 22
58 17 52
58 18 47
58 19 10
58 20 8
58 21 51
58 22 43
58 23 51
58 24 26
58 25 65
58 26 62
58 27 20
58 28 41
58 29 13
58 30 56
58 31 38
58 32 1
58 33 32
58 34 48
58 35 59
58 36 58
58 37 5
58 38 51
58 39 43
58 40 55
58 41 25
58 42 68
58 43 15
58 44 53
58 45 52
58 46 19
58 47 42
58 48 12
58 49 39
58 50 39
58 51 52
58 52 48
58 53 49
58 54 29
58 55 53
58 56 45
58 57 31
58 58 -1
58 59 61
58 60 49
58 61 67
58 62 72
58 63 32
58 64 64
58 65 37
59 1 49
59 2 25
59 3 8
59 4 29
59 5 62
59 6 9
59 7 53
59 8 35
59 9 26
59 10 27
59 11 49
59 12 35
59 13 19
59 14 39
59 15 24
59 16 44
59 17 15
59 18 22
59 19 52
59 20 64
59 21 26
59 22 18
59 23 35
59 24 35
59 25 16
59 26 23
59 27 40
59 28 53
59 29 54
59 30 59
59 31 31
59 32 60
59 33 41
59 34 13
59 35 39
59 36 29
59 37 58
59 38 31
59 39 20
59 40 15
59 41 40
59 42 13
59 43 48
59 44 33
59 45 38
59 46 55
59 47 34
59 48 51
59 49 30
59 50 37
59 51 43
59 52 36
59 53 19
59 54 32
59 55 32
59 56 40
59 57 42
59 58 61
59 59 -1
59 60 39
59 61 6
59 62 25
59 63 31
59 64 27
59 65 44
60 1 33
60 2 19
60 3 33
60 4 18
60 5 54
60 6 33
60 7 16
60 8 51
60 9 36
60 10 24
60 11 26
60 12 65
60 13 54
60 14 24
60 15 35
60 16 48
60 17 45
60 18 47
60 19 46
60 20 57
60 21 53
60 22 26
60 23 61
60 24 36
60 25 29
60 26 58
60 27 36
60 28 18
60 29 37
60 30 20
60 31 15
60 32 50
60 33 53
60 34 38
60 35 69
60 36 60
60 37 51
60 38 57
60 39 24
60 40 47
60 41 25
60 42 35
60 43 47
60 44 60
60 45 2
60 46 33
60 47 9
60 48 48
60 49 48
60 50 55
60 51 5
60 52 60
60 53 19
60 54 27
60 55 8
60 56 62
60 57 18
60 58 49
60 59 39
60 60 -1
60 61 42
60 62 30
60 63 40
60 64 21
60 65 12
61 1 55
61 2 26
61 3 8
61 4 34
61 5 68
61 6 16
61 7 57
61 8 41
61 9 33
61 10 26
61 11 55
61 12 39
61 13 22
61 14 44
61 15 30
61 16 50
61 17 20
61 18 28
61 19 58
61 20 71
61 21 30
61 22 24
61 23 39
61 24 41
61 25 16
61 26 25
61 27 47
61 28 58
61 29 60
61 30 62
61 31 36
61 32 67
61 33 47
61 34 19
61 35 43
61 36 33
61 37 65
61 38 35
61 39 25
61 40 19
61 41 46
61 42 10
61 43 55
61 44 37
61 45 41
61 46 61
61 47 39
61 48 58
61 49 36
61 50 42
61 51 46
61 52 41
61 53 24
61 54 38
61 55 35
61 56 45
61 57 47
61 58 67
61 59 6
61 60 42
61 61 -1
61 62 24
61 63 37
61 64 27
61 65 49
62 1 57
62 2 11
62 3 17
62 4 34
62 5 75
62 6 29
62 7 46
62 8 57
62 9 44
62 10 6
62 11 53
62 12 61
62 13 45
62 14 46
62 15 42
62 16 62
62 17 40
62 18 47
62 19 66
62 20 78
62 21 51
62 22 31
62 23 60
62 24 50
62 25 10
62 26 49
62 27 53
62 28 48
62 29 62
62 30 47
62 31 34
62 32 72
62 33 62
62 34 36
62 35 65
62 36 55
62 37 72
62 38 56
62 39 30
62 40 40
62 41 47
62 42 13
62 43 64
62 44 58
62 45 28
62 46 60
62 47 33
62 48 66
62 49 53
62 50 60
62 51 32
62 52 61
62 53 23
62 54 43
62 55 22
62 56 65
62 57 44
62 58 72
62 59 25
62 60 30
62 61 24
62 62 -1
62 63 50
62 64 9
62 65 42
63 1 25
63 2 42
63 3 35
63 4 22
63 5 31
63 6 22
63 7 48
63 8 10
63 9 5
63 10 47
63 11 31
63 12 30
63 13 28
63 14 22
63 15 7
63 16 13
63 17 20
63 18 15
63 19 22
63 20 34
63 21 20
63 22 18
63 23 23
63 24 7
63 25 40
63 26 31
63 27 14
63 28 45
63 29 30
63 30 57
63 31 25
63 32 31
63 33 13
63 34 17
63 35 32
63 36 27
63 37 28
63 38 21
63 39 20
63 40 23
63 41 22
63 42 41
63 43 18
63 44 24
63 45 42
63 46 34
63 47 31
63 48 21
63 49 9
63 50 14
63 51 45
63 52 21
63 53 28
63 54 14
63 55 39
63 56 22
63 57 29
63 58 32
63 59 31
63 60 40
63 61 37
63 62 50
63 63 -1
63 64 45
63 65 36
64 1 49
64 2 3
64 3 19
64 4 27
64 5 68
64 6 26
64 7 36
64 8 54
64 9 40
64 10 3
64 11 44
64 12 61
64 13 46
64 14 38
64 15 38
64 16 56
64 17 39
64 18 45
64 19 59
64 20 71
64 21 50
64 22 27
64 23 58
64 24 44
64 25 11
64 26 50
64 27 47
64 28 39
64 29 53
64 30 38
64 31 26
64 32 65
64 33 58
64 34 33
64 35 65
64 36 55
64 37 64
64 38 55
64 39 25
64 40 40
64 41 39
64 42 17
64 43 57
64 44 57
64 45 18
64 46 51
64 47 24
64 48 60
64 49 50
64 50 57
64 51 23
64 52 59
64 53 17
64 54 36
64 55 13
64 56 62
64 57 35
64 58 64
64 59 27
64 60 21
64 61 27
64 62 9
64 63 45
64 64 -1
64 65 32
65 1 22
65 2 30
65 3 41
65 4 16
65 5 43
65 6 36
65 7 12
65 8 47
65 9 33
65 10 36
65 11 13
65 12 64
65 13 55
65 14 15
65 15 33
65 16 40
65 17 46
65 18 46
65 19 36
65 20 45
65 21 53
65 22 27
65 23 58
65 24 30
65 25 38
65 26 59
65 27 27
65 28 9
65 29 25
65 30 21
65 31 13
65 32 38
65 33 47
65 34 39
65 35 67
65 36 60
65 37 40
65 38 56
65 39 25
65 40 49
65 41 15
65 42 43
65 43 37
65 44 58
65 45 15
65 46 20
65 47 10
65 48 38
65 49 45
65 50 50
65 51 14
65 52 57
65 53 25
65 54 22
65 55 19
65 56 58
65 57 7
65 58 37
65 59 44
65 60 12
65 61 49
65 62 42
65 63 36
65 64 32
65 65 -1
