1 1 -1
1 2 6
1 3 5
1 4 6
1 5 6
1 6 15
1 7 15
1 8 7
1 9 13
1 10 4
1 11 11
1 12 7
1 13 9
1 14 1
1 15 7
1 16 7
1 17 15
1 18 13
1 19 12
2 1 6
2 2 -1
2 3 4
2 4 3
2 5 10
2 6 20
2 7 16
2 8 2
2 9 12
2 10 2
2 11 16
2 12 3
2 13 15
2 14 5
2 15 8
2 16 5
2 17 20
2 18 12
2 19 16
3 1 5
3 2 4
3 3 -1
3 4 7
3 5 6
3 6 17
3 7 12
3 8 3
3 9 8
3 10 4
3 11 12
3 12 3
3 13 13
3 14 5
3 15 4
3 16 2
3 17 16
3 18 8
3 19 12
4 1 6
4 2 3
4 3 7
4 4 -1
4 5 12
4 6 22
4 7 19
4 8 5
4 9 15
4 10 3
4 11 17
4 12 6
4 13 16
4 14 5
4 15 11
4 16 8
4 17 21
4 18 15
4 19 18
5 1 6
5 2 10
5 3 6
5 4 12
5 5 -1
5 6 10
5 7 9
5 8 9
5 9 10
5 10 8
5 11 6
5 12 9
5 13 7
5 14 6
5 15 3
5 16 8
5 17 10
5 18 10
5 19 6
6 1 15
6 2 20
6 3 17
6 4 22
6 5 10
6 6 -1
6 7 12
6 8 20
6 9 18
6 10 18
6 11 4
6 12 20
6 13 7
6 14 16
6 15 13
6 16 18
6 17 2
6 18 19
6 19 5
7 1 15
7 2 16
7 3 12
7 4 19
7 5 9
7 6 12
7 7 -1
7 8 15
7 9 7
7 10 15
7 11 9
7 12 14
7 13 14
7 14 15
7 15 8
7 16 12
7 17 9
7 18 8
7 19 7
8 1 7
8 2 2
8 3 3
8 4 5
8 5 9
8 6 20
8 7 15
8 8 -1
8 9 10
8 10 3
8 11 16
8 12 1
8 13 16
8 14 6
8 15 7
8 16 3
8 17 19
8 18 10
8 19 16
9 1 13
9 2 12
9 3 8
9 4 15
9 5 10
9 6 18
9 7 7
9 8 10
9 9 -1
9 10 12
9 11 14
9 12 9
9 13 17
9 14 13
9 15 7
9 16 7
9 17 16
9 18 1
9 19 13
10 1 4
10 2 2
10 3 4
10 4 3
10 5 8
10 6 18
10 7 15
10 8 3
10 9 12
10 10 -1
10 11 14
10 12 4
10 13 13
10 14 3
10 15 7
10 16 5
10 17 18
10 18 12
10 19 14
11 1 11
11 2 16
11 3 12
11 4 17
11 5 6
11 6 4
11 7 9
11 8 16
11 9 14
11 10 14
11 11 -1
11 12 15
11 13 5
11 14 12
11 15 9
11 16 14
11 17 4
11 18 15
11 19 2
12 1 7
12 2 3
12 3 3
12 4 6
12 5 9
12 6 20
12 7 14
12 8 1
12 9 9
12 10 4
12 11 15
12 12 -1
12 13 16
12 14 6
12 15 7
12 16 2
12 17 19
12 18 9
12 19 15
13 1 9
13 2 15
13 3 13
13 4 16
13 5 7
13 6 7
13 7 14
13 8 16
13 9 17
13 10 13
13 11 5
13 12 16
13 13 -1
13 14 10
13 15 10
13 16 15
13 17 9
13 18 18
13 19 7
14 1 1
14 2 5
14 3 5
14 4 5
14 5 6
14 6 16
14 7 15
14 8 6
14 9 13
14 10 3
14 11 12
14 12 6
14 13 10
14 14 -1
14 15 7
14 16 7
14 17 16
14 18 13
14 19 12
15 1 7
15 2 8
15 3 4
15 4 11
15 5 3
15 6 13
15 7 8
15 8 7
15 9 7
15 10 7
15 11 9
15 12 7
15 13 10
15 14 7
15 15 -1
15 16 5
15 17 12
15 18 7
15 19 8
16 1 7
16 2 5
16 3 2
16 4 8
16 5 8
16 6 18
16 7 12
16 8 3
16 9 7
16 10 5
16 11 14
16 12 2
16 13 15
16 14 7
16 15 5
16 16 -1
16 17 17
16 18 7
16 19 13
17 1 15
17 2 20
17 3 16
17 4 21
17 5 10
17 6 2
17 7 9
17 8 19
17 9 16
17 10 18
17 11 4
17 12 19
17 13 9
17 14 16
17 15 12
17 16 17
17 17 -1
17 18 17
17 19 3
18 1 13
18 2 12
18 3 8
18 4 15
18 5 10
18 6 19
18 7 8
18 8 10
18 9 1
18 10 12
18 11 15
18 12 9
18 13 18
18 14 13
18 15 7
18 16 7
18 17 17
18 18 -1
18 19 14
19 1 12
19 2 16
19 3 12
19 4 18
19 5 6
19 6 5
19 7 7
19 8 16
19 9 13
19 10 14
19 11 2
19 12 15
19 13 7
19 14 12
19 15 8
19 16 13
19 17 3
19 18 14
19 19 -1
