1 1 -1
1 2 44
1 3 20
1 4 43
1 5 46
1 6 43
1 7 9
1 8 37
1 9 21
1 10 20
1 11 54
1 12 16
1 13 43
1 14 10
1 15 37
1 16 36
1 17 34
1 18 44
1 19 55
1 20 27
1 21 19
1 22 31
1 23 45
1 24 50
1 25 31
1 26 5
1 27 34
1 28 30
1 29 46
1 30 49
1 31 51
1 32 17
1 33 17
1 34 46
1 35 6
1 36 32
1 37 4
1 38 24
1 39 21
1 40 31
1 41 30
1 42 50
1 43 44
1 44 41
1 45 50
1 46 16
1 47 1
1 48 36
1 49 47
1 50 18
2 1 44
2 2 -1
2 3 35
2 4 7
2 5 38
2 6 1
2 7 41
2 8 23
2 9 26
2 10 30
2 11 31
2 12 36
2 13 26
2 14 36
2 15 43
2 16 30
2 17 21
2 18 4
2 19 30
2 20 39
2 21 25
2 22 39
2 23 21
2 24 10
2 25 21
2 26 42
2 27 18
2 28 38
2 29 2
2 30 41
2 31 38
2 32 28
2 33 37
2 34 12
2 35 39
2 36 20
2 37 48
2 38 20
2 39 42
2 40 15
2 41 16
2 42 25
2 43 1
2 44 22
2 45 46
2 46 45
2 47 43
2 48 8
2 49 3
2 50 29
3 1 20
3 2 35
3 3 -1
3 4 37
3 5 25
3 6 34
3 7 12
3 8 19
3 9 24
3 10 5
3 11 34
3 12 4
3 13 24
3 14 11
3 15 17
3 16 16
3 17 17
3 18 37
3 19 36
3 20 8
3 21 19
3 22 11
3 23 27
3 24 37
3 25 32
3 26 15
3 27 18
3 28 10
3 29 37
3 30 28
3 31 30
3 32 12
3 33 3
3 34 31
3 35 20
3 36 15
3 37 21
3 38 17
3 39 7
3 40 27
3 41 26
3 42 31
3 43 35
3 44 23
3 45 30
3 46 10
3 47 20
3 48 27
3 49 38
3 50 23
4 1 43
4 2 7
4 3 37
4 4 -1
4 5 44
4 6 6
4 7 42
4 8 29
4 9 23
4 10 32
4 11 38
4 12 38
4 13 32
4 14 37
4 15 48
4 16 35
4 17 26
4 18 3
4 19 37
4 20 43
4 21 24
4 22 43
4 23 28
4 24 17
4 25 17
4 26 42
4 27 23
4 28 42
4 29 6
4 30 47
4 31 45
4 32 29
4 33 39
4 34 19
4 35 38
4 36 25
4 37 47
4 38 21
4 39 44
4 40 13
4 41 13
4 42 32
4 43 6
4 44 29
4 45 52
4 46 47
4 47 43
4 48 10
4 49 8
4 50 27
5 1 46
5 2 38
5 3 25
5 4 44
5 5 -1
5 6 38
5 7 37
5 8 15
5 9 44
5 10 27
5 11 14
5 12 29
5 13 12
5 14 36
5 15 13
5 16 11
5 17 19
5 18 42
5 19 17
5 20 20
5 21 39
5 22 16
5 23 17
5 24 33
5 25 49
5 26 41
5 27 21
5 28 17
5 29 40
5 30 3
5 31 5
5 32 34
5 33 29
5 34 27
5 35 45
5 36 21
5 37 47
5 38 33
5 39 27
5 40 41
5 41 41
5 42 17
5 43 38
5 44 15
5 45 7
5 46 33
5 47 46
5 48 35
5 49 40
5 50 45
6 1 43
6 2 1
6 3 34
6 4 6
6 5 38
6 6 -1
6 7 40
6 8 23
6 9 24
6 10 29
6 11 32
6 12 35
6 13 26
6 14 35
6 15 42
6 16 30
6 17 21
6 18 4
6 19 31
6 20 38
6 21 23
6 22 38
6 23 21
6 24 11
6 25 20
6 26 41
6 27 18
6 28 37
6 29 3
6 30 41
6 31 38
6 32 27
6 33 36
6 34 12
6 35 38
6 36 19
6 37 47
6 38 18
6 39 41
6 40 14
6 41 14
6 42 25
6 43 1
6 44 22
6 45 46
6 46 44
6 47 42
6 48 7
6 49 4
6 50 28
7 1 9
7 2 41
7 3 12
7 4 42
7 5 37
7 6 40
7 7 -1
7 8 30
7 9 22
7 10 13
7 11 46
7 12 8
7 13 35
7 14 5
7 15 28
7 16 28
7 17 27
7 18 42
7 19 48
7 20 18
7 21 19
7 22 22
7 23 38
7 24 46
7 25 32
7 26 4
7 27 27
7 28 21
7 29 43
7 30 40
7 31 42
7 32 13
7 33 8
7 34 41
7 35 10
7 36 25
7 37 9
7 38 21
7 39 12
7 40 30
7 41 29
7 42 43
7 43 41
7 44 34
7 45 41
7 46 8
7 47 9
7 48 32
7 49 44
7 50 20
8 1 37
8 2 23
8 3 19
8 4 29
8 5 15
8 6 23
8 7 30
8 8 -1
8 9 30
8 10 17
8 11 16
8 12 22
8 13 6
8 14 27
8 15 20
8 16 7
8 17 4
8 18 27
8 19 17
8 20 19
8 21 26
8 22 18
8 23 8
8 24 21
8 25 33
8 26 33
8 27 6
8 28 17
8 29 25
8 30 18
8 31 17
8 32 22
8 33 22
8 34 15
8 35 34
8 36 7
8 37 40
8 38 19
8 39 24
8 40 26
8 41 25
8 42 12
8 43 23
8 44 4
8 45 23
8 46 29
8 47 37
8 48 19
8 49 25
8 50 32
9 1 21
9 2 26
9 3 24
9 4 23
9 5 44
9 6 24
9 7 22
9 8 30
9 9 -1
9 10 19
9 11 46
9 12 22
9 13 36
9 14 17
9 15 40
9 16 32
9 17 26
9 18 25
9 19 46
9 20 32
9 21 4
9 22 34
9 23 35
9 24 34
9 25 10
9 26 21
9 27 24
9 28 33
9 29 27
9 30 47
9 31 47
9 32 12
9 33 23
9 34 32
9 35 15
9 36 23
9 37 25
9 38 11
9 39 29
9 40 10
9 41 10
9 42 40
9 43 25
9 44 33
9 45 50
9 46 29
9 47 20
9 48 18
9 49 29
9 50 3
10 1 20
10 2 30
10 3 5
10 4 32
10 5 27
10 6 29
10 7 13
10 8 17
10 9 19
10 10 -1
10 11 33
10 12 6
10 13 22
10 14 10
10 15 21
10 16 16
10 17 14
10 18 32
10 19 34
10 20 12
10 21 15
10 22 15
10 23 25
10 24 33
10 25 27
10 26 16
10 27 14
10 28 13
10 29 32
10 30 30
10 31 31
10 32 7
10 33 7
10 34 28
10 35 18
10 36 12
10 37 22
10 38 12
10 39 12
10 40 22
10 41 21
10 42 30
10 43 30
10 44 21
10 45 32
10 46 15
10 47 20
10 48 22
10 49 33
10 50 19
11 1 54
11 2 31
11 3 34
11 4 38
11 5 14
11 6 32
11 7 46
11 8 16
11 9 46
11 10 33
11 11 -1
11 12 38
11 13 10
11 14 43
11 15 27
11 16 18
11 17 20
11 18 36
11 19 3
11 20 31
11 21 42
11 22 28
11 23 11
11 24 24
11 25 48
11 26 49
11 27 22
11 28 28
11 29 33
11 30 15
11 31 10
11 32 38
11 33 38
11 34 19
11 35 51
11 36 23
11 37 56
11 38 35
11 39 38
11 40 40
11 41 40
11 42 6
11 43 32
11 44 13
11 45 20
11 46 43
11 47 53
11 48 31
11 49 32
11 50 48
12 1 16
12 2 36
12 3 4
12 4 38
12 5 29
12 6 35
12 7 8
12 8 22
12 9 22
12 10 6
12 11 38
12 12 -1
12 13 27
12 14 7
12 15 21
12 16 20
12 17 20
12 18 38
12 19 40
12 20 11
12 21 18
12 22 15
12 23 31
12 24 39
12 25 31
12 26 11
12 27 20
12 28 14
12 29 38
12 30 32
12 31 34
12 32 10
12 33 1
12 34 34
12 35 16
12 36 18
12 37 17
12 38 17
12 39 7
12 40 27
12 41 26
12 42 35
12 43 36
12 44 26
12 45 34
12 46 9
12 47 16
12 48 28
12 49 39
12 50 21
13 1 43
13 2 26
13 3 24
13 4 32
13 5 12
13 6 26
13 7 35
13 8 6
13 9 36
13 10 22
13 11 10
13 12 27
13 13 -1
13 14 33
13 15 21
13 16 8
13 17 10
13 18 30
13 19 12
13 20 22
13 21 32
13 22 20
13 23 6
13 24 21
13 25 39
13 26 39
13 27 12
13 28 19
13 29 28
13 30 14
13 31 12
13 32 28
13 33 27
13 34 15
13 35 40
13 36 13
13 37 45
13 38 25
13 39 28
13 40 31
13 41 31
13 42 8
13 43 26
13 44 3
13 45 20
13 46 34
13 47 42
13 48 23
13 49 27
13 50 38
14 1 10
14 2 36
14 3 11
14 4 37
14 5 36
14 6 35
14 7 5
14 8 27
14 9 17
14 10 10
14 11 43
14 12 7
14 13 33
14 14 -1
14 15 28
14 16 26
14 17 24
14 18 37
14 19 45
14 20 18
14 21 14
14 22 22
14 23 35
14 24 41
14 25 27
14 26 6
14 27 24
14 28 21
14 29 38
14 30 39
14 31 41
14 32 8
14 33 8
14 34 37
14 35 9
14 36 21
14 37 12
14 38 16
14 39 13
14 40 25
14 41 24
14 42 40
14 43 36
14 44 31
14 45 41
14 46 12
14 47 9
14 48 28
14 49 39
14 50 15
15 1 37
15 2 43
15 3 17
15 4 48
15 5 13
15 6 42
15 7 28
15 8 20
15 9 40
15 10 21
15 11 27
15 12 21
15 13 21
15 14 28
15 15 -1
15 16 13
15 17 21
15 18 46
15 19 30
15 20 10
15 21 36
15 22 6
15 23 27
15 24 41
15 25 48
15 26 32
15 27 24
15 28 7
15 29 45
15 30 14
15 31 19
15 32 29
15 33 20
15 34 35
15 35 37
15 36 23
15 37 37
15 38 31
15 39 16
15 40 41
15 41 41
15 42 28
15 43 43
15 44 23
15 45 13
15 46 21
15 47 37
15 48 37
15 49 45
15 50 41
16 1 36
16 2 30
16 3 16
16 4 35
16 5 11
16 6 30
16 7 28
16 8 7
16 9 32
16 10 16
16 11 18
16 12 20
16 13 8
16 14 26
16 15 13
16 16 -1
16 17 9
16 18 34
16 19 20
16 20 13
16 21 28
16 22 11
16 23 14
16 24 28
16 25 38
16 26 31
16 27 12
16 28 10
16 29 32
16 30 14
16 31 15
16 32 23
16 33 19
16 34 22
16 35 34
16 36 11
16 37 38
16 38 22
16 39 19
16 40 31
16 41 30
16 42 17
16 43 30
16 44 10
16 45 17
16 46 25
16 47 36
16 48 25
16 49 32
16 50 34
17 1 34
17 2 21
17 3 17
17 4 26
17 5 19
17 6 21
17 7 27
17 8 4
17 9 26
17 10 14
17 11 20
17 12 20
17 13 10
17 14 24
17 15 21
17 16 9
17 17 -1
17 18 25
17 19 21
17 20 19
17 21 22
17 22 18
17 23 11
17 24 21
17 25 30
17 26 30
17 27 2
17 28 17
17 29 23
17 30 22
17 31 21
17 32 18
17 33 20
17 34 15
17 35 31
17 36 3
17 37 36
17 38 15
17 39 23
17 40 22
17 41 21
17 42 16
17 43 21
17 44 7
17 45 26
17 46 27
17 47 33
17 48 16
17 49 24
17 50 28
18 1 44
18 2 4
18 3 37
18 4 3
18 5 42
18 6 4
18 7 42
18 8 27
18 9 25
18 10 32
18 11 36
18 12 38
18 13 30
18 14 37
18 15 46
18 16 34
18 17 25
18 18 -1
18 19 34
18 20 42
18 21 25
18 22 42
18 23 25
18 24 14
18 25 19
18 26 43
18 27 22
18 28 41
18 29 3
18 30 45
18 31 42
18 32 29
18 33 39
18 34 16
18 35 39
18 36 23
18 37 48
18 38 21
18 39 44
18 40 14
18 41 15
18 42 29
18 43 3
18 44 26
18 45 50
18 46 47
18 47 44
18 48 10
18 49 5
18 50 28
19 1 55
19 2 30
19 3 36
19 4 37
19 5 17
19 6 31
19 7 48
19 8 17
19 9 46
19 10 34
19 11 3
19 12 40
19 13 12
19 14 45
19 15 30
19 16 20
19 17 21
19 18 34
19 19 -1
19 20 34
19 21 42
19 22 31
19 23 11
19 24 22
19 25 48
19 26 51
19 27 22
19 28 30
19 29 32
19 30 18
19 31 13
19 32 39
19 33 39
19 34 18
19 35 52
19 36 24
19 37 57
19 38 35
19 39 40
19 40 40
19 41 40
19 42 6
19 43 31
19 44 13
19 45 23
19 46 45
19 47 55
19 48 31
19 49 30
19 50 49
20 1 27
20 2 39
20 3 8
20 4 43
20 5 20
20 6 38
20 7 18
20 8 19
20 9 32
20 10 12
20 11 31
20 12 11
20 13 22
20 14 18
20 15 10
20 16 13
20 17 19
20 18 42
20 19 34
20 20 -1
20 21 27
20 22 4
20 23 27
20 24 40
20 25 40
20 26 22
20 27 21
20 28 3
20 29 41
20 30 22
20 31 26
20 32 20
20 33 10
20 34 34
20 35 27
20 36 19
20 37 27
20 38 24
20 39 6
20 40 34
20 41 33
20 42 30
20 43 39
20 44 23
20 45 23
20 46 12
20 47 27
20 48 32
20 49 42
20 50 31
21 1 19
21 2 25
21 3 19
21 4 24
21 5 39
21 6 23
21 7 19
21 8 26
21 9 4
21 10 15
21 11 42
21 12 18
21 13 32
21 14 14
21 15 36
21 16 28
21 17 22
21 18 25
21 19 42
21 20 27
21 21 -1
21 22 30
21 23 32
21 24 32
21 25 13
21 26 19
21 27 20
21 28 28
21 29 26
21 30 42
21 31 43
21 32 7
21 33 19
21 34 29
21 35 14
21 36 19
21 37 23
21 38 7
21 39 25
21 40 11
21 41 10
21 42 37
21 43 24
21 44 29
21 45 46
21 46 26
21 47 18
21 48 17
21 49 28
21 50 6
22 1 31
22 2 39
22 3 11
22 4 43
22 5 16
22 6 38
22 7 22
22 8 18
22 9 34
22 10 15
22 11 28
22 12 15
22 13 20
22 14 22
22 15 6
22 16 11
22 17 18
22 18 42
22 19 31
22 20 4
22 21 30
22 22 -1
22 23 25
22 24 39
22 25 42
22 26 26
22 27 20
22 28 1
22 29 41
22 30 18
22 31 22
22 32 22
22 33 14
22 34 33
22 35 31
22 36 18
22 37 31
22 38 26
22 39 10
22 40 36
22 41 35
22 42 28
22 43 39
22 44 21
22 45 19
22 46 16
22 47 31
22 48 33
22 49 42
22 50 34
23 1 45
23 2 21
23 3 27
23 4 28
23 5 17
23 6 21
23 7 38
23 8 8
23 9 35
23 10 25
23 11 11
23 12 31
23 13 6
23 14 35
23 15 27
23 16 14
23 17 11
23 18 25
23 19 11
23 20 27
23 21 32
23 22 25
23 23 -1
23 24 15
23 25 37
23 26 41
23 27 12
23 28 25
23 29 23
23 30 20
23 31 16
23 32 29
23 33 31
23 34 10
23 35 42
23 36 13
23 37 48
23 38 24
23 39 33
23 40 29
23 41 29
23 42 5
23 43 22
23 44 4
23 45 25
23 46 38
23 47 45
23 48 20
23 49 22
23 50 38
24 1 50
24 2 10
24 3 37
24 4 17
24 5 33
24 6 11
24 7 46
24 8 21
24 9 34
24 10 33
24 11 24
24 12 39
24 13 21
24 14 41
24 15 41
24 16 28
24 17 21
24 18 14
24 19 22
24 20 40
24 21 32
24 22 39
24 23 15
24 24 -1
24 25 31
24 26 48
24 27 19
24 28 38
24 29 11
24 30 35
24 31 32
24 32 33
24 33 40
24 34 6
24 35 46
24 36 21
24 37 54
24 38 26
24 39 43
24 40 24
24 41 25
24 42 17
24 43 11
24 44 18
24 45 41
24 46 48
24 47 50
24 48 15
24 49 9
24 50 37
25 1 31
25 2 21
25 3 32
25 4 17
25 5 49
25 6 20
25 7 32
25 8 33
25 9 10
25 10 27
25 11 48
25 12 31
25 13 39
25 14 27
25 15 48
25 16 38
25 17 30
25 18 19
25 19 48
25 20 40
25 21 13
25 22 42
25 23 37
25 24 31
25 25 -1
25 26 31
25 27 27
25 28 41
25 29 21
25 30 52
25 31 51
25 32 21
25 33 32
25 34 31
25 35 25
25 36 27
25 37 35
25 38 16
25 39 39
25 40 8
25 41 8
25 42 42
25 43 21
25 44 35
25 45 56
25 46 39
25 47 30
25 48 17
25 49 24
25 50 13
26 1 5
26 2 42
26 3 15
26 4 42
26 5 41
26 6 41
26 7 4
26 8 33
26 9 21
26 10 16
26 11 49
26 12 11
26 13 39
26 14 6
26 15 32
26 16 31
26 17 30
26 18 43
26 19 51
26 20 22
26 21 19
26 22 26
26 23 41
26 24 48
26 25 31
26 26 -1
26 27 30
26 28 25
26 29 44
26 30 44
26 31 46
26 32 14
26 33 12
26 34 43
26 35 7
26 36 28
26 37 6
26 38 22
26 39 16
26 40 30
26 41 29
26 42 46
26 43 42
26 44 37
26 45 45
26 46 12
26 47 5
26 48 34
26 49 45
26 50 18
27 1 34
27 2 18
27 3 18
27 4 23
27 5 21
27 6 18
27 7 27
27 8 6
27 9 24
27 10 14
27 11 22
27 12 20
27 13 12
27 14 24
27 15 24
27 16 12
27 17 2
27 18 22
27 19 22
27 20 21
27 21 20
27 22 20
27 23 12
27 24 19
27 25 27
27 26 30
27 27 -1
27 28 19
27 29 21
27 30 25
27 31 24
27 32 17
27 33 21
27 34 13
27 35 30
27 36 2
27 37 36
27 38 13
27 39 24
27 40 19
27 41 19
27 42 17
27 43 19
27 44 9
27 45 29
27 46 28
27 47 33
27 48 13
27 49 21
27 50 26
28 1 30
28 2 38
28 3 10
28 4 42
28 5 17
28 6 37
28 7 21
28 8 17
28 9 33
28 10 13
28 11 28
28 12 14
28 13 19
28 14 21
28 15 7
28 16 10
28 17 17
28 18 41
28 19 30
28 20 3
28 21 28
28 22 1
28 23 25
28 24 38
28 25 41
28 26 25
28 27 19
28 28 -1
28 29 40
28 30 19
28 31 22
28 32 21
28 33 13
28 34 32
28 35 30
28 36 17
28 37 30
28 38 24
28 39 10
28 40 34
28 41 34
28 42 27
28 43 38
28 44 20
28 45 20
28 46 16
28 47 30
28 48 31
28 49 41
28 50 33
29 1 46
29 2 2
29 3 37
29 4 6
29 5 40
29 6 3
29 7 43
29 8 25
29 9 27
29 10 32
29 11 33
29 12 38
29 13 28
29 14 38
29 15 45
29 16 32
29 17 23
29 18 3
29 19 32
29 20 41
29 21 26
29 22 41
29 23 23
29 24 11
29 25 21
29 26 44
29 27 21
29 28 40
29 29 -1
29 30 43
29 31 40
29 32 30
29 33 39
29 34 13
29 35 40
29 36 22
29 37 49
29 38 21
29 39 44
29 40 16
29 41 17
29 42 26
29 43 2
29 44 24
29 45 48
29 46 47
29 47 45
29 48 10
29 49 2
29 50 30
30 1 49
30 2 41
30 3 28
30 4 47
30 5 3
30 6 41
30 7 40
30 8 18
30 9 47
30 10 30
30 11 15
30 12 32
30 13 14
30 14 39
30 15 14
30 16 14
30 17 22
30 18 45
30 19 18
30 20 22
30 21 42
30 22 18
30 23 20
30 24 35
30 25 52
30 26 44
30 27 25
30 28 19
30 29 43
30 30 -1
30 31 5
30 32 37
30 33 31
30 34 30
30 35 48
30 36 25
30 37 50
30 38 36
30 39 29
30 40 44
30 41 44
30 42 18
30 43 41
30 44 18
30 45 5
30 46 35
30 47 48
30 48 38
30 49 42
30 50 48
31 1 51
31 2 38
31 3 30
31 4 45
31 5 5
31 6 38
31 7 42
31 8 17
31 9 47
31 10 31
31 11 10
31 12 34
31 13 12
31 14 41
31 15 19
31 16 15
31 17 21
31 18 42
31 19 13
31 20 26
31 21 43
31 22 22
31 23 16
31 24 32
31 25 51
31 26 46
31 27 24
31 28 22
31 29 40
31 30 5
31 31 -1
31 32 38
31 33 34
31 34 26
31 35 49
31 36 24
31 37 52
31 38 36
31 39 32
31 40 43
31 41 43
31 42 14
31 43 39
31 44 16
31 45 10
31 46 38
31 47 50
31 48 36
31 49 39
31 50 49
32 1 17
32 2 28
32 3 12
32 4 29
32 5 34
32 6 27
32 7 13
32 8 22
32 9 12
32 10 7
32 11 38
32 12 10
32 13 28
32 14 8
32 15 29
32 16 23
32 17 18
32 18 29
32 19 39
32 20 20
32 21 7
32 22 22
32 23 29
32 24 33
32 25 21
32 26 14
32 27 17
32 28 21
32 29 30
32 30 37
32 31 38
32 32 -1
32 33 11
32 34 29
32 35 13
32 36 15
32 37 20
32 38 8
32 39 18
32 40 17
32 41 16
32 42 34
32 43 28
32 44 26
32 45 39
32 46 18
32 47 16
32 48 19
32 49 31
32 50 12
33 1 17
33 2 37
33 3 3
33 4 39
33 5 29
33 6 36
33 7 8
33 8 22
33 9 23
33 10 7
33 11 38
33 12 1
33 13 27
33 14 8
33 15 20
33 16 19
33 17 20
33 18 39
33 19 39
33 20 10
33 21 19
33 22 14
33 23 31
33 24 40
33 25 32
33 26 12
33 27 21
33 28 13
33 29 39
33 30 31
33 31 34
33 32 11
33 33 -1
33 34 34
33 35 17
33 36 18
33 37 18
33 38 18
33 39 6
33 40 28
33 41 27
33 42 35
33 43 37
33 44 26
33 45 33
33 46 8
33 47 17
33 48 29
33 49 40
33 50 22
34 1 46
34 2 12
34 3 31
34 4 19
34 5 27
34 6 12
34 7 41
34 8 15
34 9 32
34 10 28
34 11 19
34 12 34
34 13 15
34 14 37
34 15 35
34 16 22
34 17 15
34 18 16
34 19 18
34 20 34
34 21 29
34 22 33
34 23 10
34 24 6
34 25 31
34 26 43
34 27 13
34 28 32
34 29 13
34 30 30
34 31 26
34 32 29
34 33 34
34 34 -1
34 35 42
34 36 16
34 37 49
34 38 22
34 39 38
34 40 23
34 41 23
34 42 13
34 43 13
34 44 12
34 45 35
34 46 42
34 47 46
34 48 14
34 49 12
34 50 35
35 1 6
35 2 39
35 3 20
35 4 38
35 5 45
35 6 38
35 7 10
35 8 34
35 9 15
35 10 18
35 11 51
35 12 16
35 13 40
35 14 9
35 15 37
35 16 34
35 17 31
35 18 39
35 19 52
35 20 27
35 21 14
35 22 31
35 23 42
35 24 46
35 25 25
35 26 7
35 27 30
35 28 30
35 29 40
35 30 48
35 31 49
35 32 13
35 33 17
35 34 42
35 35 -1
35 36 28
35 37 10
35 38 19
35 39 22
35 40 25
35 41 24
35 42 47
35 43 38
35 44 38
35 45 50
35 46 19
35 47 5
35 48 31
35 49 42
35 50 12
36 1 32
36 2 20
36 3 15
36 4 25
36 5 21
36 6 19
36 7 25
36 8 7
36 9 23
36 10 12
36 11 23
36 12 18
36 13 13
36 14 21
36 15 23
36 16 11
36 17 3
36 18 23
36 19 24
36 20 19
36 21 19
36 22 18
36 23 13
36 24 21
36 25 27
36 26 28
36 27 2
36 28 17
36 29 22
36 30 25
36 31 24
36 32 15
36 33 18
36 34 16
36 35 28
36 36 -1
36 37 34
36 38 12
36 39 22
36 40 19
36 41 19
36 42 18
36 43 20
36 44 10
36 45 29
36 46 26
36 47 31
36 48 14
36 49 23
36 50 25
37 1 4
37 2 48
37 3 21
37 4 47
37 5 47
37 6 47
37 7 9
37 8 40
37 9 25
37 10 22
37 11 56
37 12 17
37 13 45
37 14 12
37 15 37
37 16 38
37 17 36
37 18 48
37 19 57
37 20 27
37 21 23
37 22 31
37 23 48
37 24 54
37 25 35
37 26 6
37 27 36
37 28 30
37 29 49
37 30 50
37 31 52
37 32 20
37 33 18
37 34 49
37 35 10
37 36 34
37 37 -1
37 38 28
37 39 21
37 40 34
37 41 33
37 42 52
37 43 47
37 44 44
37 45 50
37 46 16
37 47 5
37 48 39
37 49 51
37 50 22
38 1 24
38 2 20
38 3 17
38 4 21
38 5 33
38 6 18
38 7 21
38 8 19
38 9 11
38 10 12
38 11 35
38 12 17
38 13 25
38 14 16
38 15 31
38 16 22
38 17 15
38 18 21
38 19 35
38 20 24
38 21 7
38 22 26
38 23 24
38 24 26
38 25 16
38 26 22
38 27 13
38 28 24
38 29 21
38 30 36
38 31 36
38 32 8
38 33 18
38 34 22
38 35 19
38 36 12
38 37 28
38 38 -1
38 39 24
38 40 10
38 41 9
38 42 29
38 43 19
38 44 22
38 45 40
38 46 26
38 47 23
38 48 11
38 49 23
38 50 13
39 1 21
39 2 42
39 3 7
39 4 44
39 5 27
39 6 41
39 7 12
39 8 24
39 9 29
39 10 12
39 11 38
39 12 7
39 13 28
39 14 13
39 15 16
39 16 19
39 17 23
39 18 44
39 19 40
39 20 6
39 21 25
39 22 10
39 23 33
39 24 43
39 25 39
39 26 16
39 27 24
39 28 10
39 29 44
39 30 29
39 31 32
39 32 18
39 33 6
39 34 38
39 35 22
39 36 22
39 37 21
39 38 24
39 39 -1
39 40 34
39 41 33
39 42 36
39 43 42
39 44 28
39 45 29
39 46 5
39 47 21
39 48 34
39 49 45
39 50 29
40 1 31
40 2 15
40 3 27
40 4 13
40 5 41
40 6 14
40 7 30
40 8 26
40 9 10
40 10 22
40 11 40
40 12 27
40 13 31
40 14 25
40 15 41
40 16 31
40 17 22
40 18 14
40 19 40
40 20 34
40 21 11
40 22 36
40 23 29
40 24 24
40 25 8
40 26 30
40 27 19
40 28 34
40 29 16
40 30 44
40 31 43
40 32 17
40 33 28
40 34 23
40 35 25
40 36 19
40 37 34
40 38 10
40 39 34
40 40 -1
40 41 1
40 42 34
40 43 14
40 44 27
40 45 48
40 46 35
40 47 30
40 48 9
40 49 18
40 50 14
41 1 30
41 2 16
41 3 26
41 4 13
41 5 41
41 6 14
41 7 29
41 8 25
41 9 10
41 10 21
41 11 40
41 12 26
41 13 31
41 14 24
41 15 41
41 16 30
41 17 21
41 18 15
41 19 40
41 20 33
41 21 10
41 22 35
41 23 29
41 24 25
41 25 8
41 26 29
41 27 19
41 28 34
41 29 17
41 30 44
41 31 43
41 32 16
41 33 27
41 34 23
41 35 24
41 36 19
41 37 33
41 38 9
41 39 33
41 40 1
41 41 -1
41 42 34
41 43 15
41 44 27
41 45 48
41 46 34
41 47 29
41 48 9
41 49 19
41 50 13
42 1 50
42 2 25
42 3 31
42 4 32
42 5 17
42 6 25
42 7 43
42 8 12
42 9 40
42 10 30
42 11 6
42 12 35
42 13 8
42 14 40
42 15 28
42 16 17
42 17 16
42 18 29
42 19 6
42 20 30
42 21 37
42 22 28
42 23 5
42 24 17
42 25 42
42 26 46
42 27 17
42 28 27
42 29 26
42 30 18
42 31 14
42 32 34
42 33 35
42 34 13
42 35 47
42 36 18
42 37 52
42 38 29
42 39 36
42 40 34
42 41 34
42 42 -1
42 43 25
42 44 8
42 45 24
42 46 42
42 47 49
42 48 25
42 49 25
42 50 43
43 1 44
43 2 1
43 3 35
43 4 6
43 5 38
43 6 1
43 7 41
43 8 23
43 9 25
43 10 30
43 11 32
43 12 36
43 13 26
43 14 36
43 15 43
43 16 30
43 17 21
43 18 3
43 19 31
43 20 39
43 21 24
43 22 39
43 23 22
43 24 11
43 25 21
43 26 42
43 27 19
43 28 38
43 29 2
43 30 41
43 31 39
43 32 28
43 33 37
43 34 13
43 35 38
43 36 20
43 37 47
43 38 19
43 39 42
43 40 14
43 41 15
43 42 25
43 43 -1
43 44 23
43 45 46
43 46 45
43 47 43
43 48 8
43 49 3
43 50 29
44 1 41
44 2 22
44 3 23
44 4 29
44 5 15
44 6 22
44 7 34
44 8 4
44 9 33
44 10 21
44 11 13
44 12 26
44 13 3
44 14 31
44 15 23
44 16 10
44 17 7
44 18 26
44 19 13
44 20 23
44 21 29
44 22 21
44 23 4
44 24 18
44 25 35
44 26 37
44 27 9
44 28 20
44 29 24
44 30 18
44 31 16
44 32 26
44 33 26
44 34 12
44 35 38
44 36 10
44 37 44
44 38 22
44 39 28
44 40 27
44 41 27
44 42 8
44 43 23
44 44 -1
44 45 23
44 46 33
44 47 41
44 48 20
44 49 24
44 50 35
45 1 50
45 2 46
45 3 30
45 4 52
45 5 7
45 6 46
45 7 41
45 8 23
45 9 50
45 10 32
45 11 20
45 12 34
45 13 20
45 14 41
45 15 13
45 16 17
45 17 26
45 18 50
45 19 23
45 20 23
45 21 46
45 22 19
45 23 25
45 24 41
45 25 56
45 26 45
45 27 29
45 28 20
45 29 48
45 30 5
45 31 10
45 32 39
45 33 33
45 34 35
45 35 50
45 36 29
45 37 50
45 38 40
45 39 29
45 40 48
45 41 48
45 42 24
45 43 46
45 44 23
45 45 -1
45 46 35
45 47 50
45 48 42
45 49 47
45 50 51
46 1 16
46 2 45
46 3 10
46 4 47
46 5 33
46 6 44
46 7 8
46 8 29
46 9 29
46 10 15
46 11 43
46 12 9
46 13 34
46 14 12
46 15 21
46 16 25
46 17 27
46 18 47
46 19 45
46 20 12
46 21 26
46 22 16
46 23 38
46 24 48
46 25 39
46 26 12
46 27 28
46 28 16
46 29 47
46 30 35
46 31 38
46 32 18
46 33 8
46 34 42
46 35 19
46 36 26
46 37 16
46 38 26
46 39 5
46 40 35
46 41 34
46 42 42
46 43 45
46 44 33
46 45 35
46 46 -1
46 47 17
46 48 37
46 49 48
46 50 28
47 1 1
47 2 43
47 3 20
47 4 43
47 5 46
47 6 42
47 7 9
47 8 37
47 9 20
47 10 20
47 11 53
47 12 16
47 13 42
47 14 9
47 15 37
47 16 36
47 17 33
47 18 44
47 19 55
47 20 27
47 21 18
47 22 31
47 23 45
47 24 50
47 25 30
47 26 5
47 27 33
47 28 30
47 29 45
47 30 48
47 31 50
47 32 16
47 33 17
47 34 46
47 35 5
47 36 31
47 37 5
47 38 23
47 39 21
47 40 30
47 41 29
47 42 49
47 43 43
47 44 41
47 45 50
47 46 17
47 47 -1
47 48 35
47 49 46
47 50 17
48 1 36
48 2 8
48 3 27
48 4 10
48 5 35
48 6 7
48 7 32
48 8 19
48 9 18
48 10 22
48 11 31
48 12 28
48 13 23
48 14 28
48 15 37
48 16 25
48 17 16
48 18 10
48 19 31
48 20 32
48 21 17
48 22 33
48 23 20
48 24 15
48 25 17
48 26 34
48 27 13
48 28 31
48 29 10
48 30 38
48 31 36
48 32 19
48 33 29
48 34 14
48 35 31
48 36 14
48 37 39
48 38 11
48 39 34
48 40 9
48 41 9
48 42 25
48 43 8
48 44 20
48 45 42
48 46 37
48 47 35
48 48 -1
48 49 11
48 50 22
49 1 47
49 2 3
49 3 38
49 4 8
49 5 40
49 6 4
49 7 44
49 8 25
49 9 29
49 10 33
49 11 32
49 12 39
49 13 27
49 14 39
49 15 45
49 16 32
49 17 24
49 18 5
49 19 30
49 20 42
49 21 28
49 22 42
49 23 22
49 24 9
49 25 24
49 26 45
49 27 21
49 28 41
49 29 2
49 30 42
49 31 39
49 32 31
49 33 40
49 34 12
49 35 42
49 36 23
49 37 51
49 38 23
49 39 45
49 40 18
49 41 19
49 42 25
49 43 3
49 44 24
49 45 47
49 46 48
49 47 46
49 48 11
49 49 -1
49 50 32
50 1 18
50 2 29
50 3 23
50 4 27
50 5 45
50 6 28
50 7 20
50 8 32
50 9 3
50 10 19
50 11 48
50 12 21
50 13 38
50 14 15
50 15 41
50 16 34
50 17 28
50 18 28
50 19 49
50 20 31
50 21 6
50 22 34
50 23 38
50 24 37
50 25 13
50 26 18
50 27 26
50 28 33
50 29 30
50 30 48
50 31 49
50 32 12
50 33 22
50 34 35
50 35 12
50 36 25
50 37 22
50 38 13
50 39 29
50 40 14
50 41 13
50 42 43
50 43 29
50 44 35
50 45 51
50 46 28
50 47 17
50 48 22
50 49 32
50 50 -1
