1 1 -1
1 2 12
1 3 18
1 4 13
1 5 17
1 6 5
1 7 22
1 8 8
1 9 7
1 10 15
1 11 14
1 12 8
1 13 5
1 14 12
1 15 13
1 16 10
1 17 17
1 18 19
1 19 7
2 1 12
2 2 -1
2 3 17
2 4 12
2 5 20
2 6 12
2 7 14
2 8 8
2 9 16
2 10 4
2 11 2
2 12 5
2 13 9
2 14 3
2 15 16
2 16 15
2 17 9
2 18 10
2 19 7
3 1 18
3 2 17
3 3 -1
3 4 5
3 5 6
3 6 13
3 7 11
3 8 10
3 9 13
3 10 21
3 11 17
3 12 13
3 13 13
3 14 13
3 15 6
3 16 8
3 17 11
3 18 12
3 19 19
4 1 13
4 2 12
4 3 5
4 4 -1
4 5 8
4 6 8
4 7 11
4 8 5
4 9 9
4 10 16
4 11 13
4 12 8
4 13 8
4 14 9
4 15 5
4 16 5
4 17 9
4 18 11
4 19 14
5 1 17
5 2 20
5 3 6
5 4 8
5 5 -1
5 6 12
5 7 17
5 8 12
5 9 11
5 10 24
5 11 21
5 12 16
5 13 13
5 14 17
5 15 4
5 16 7
5 17 16
5 18 18
5 19 21
6 1 5
6 2 12
6 3 13
6 4 8
6 5 12
6 6 -1
6 7 18
6 8 5
6 9 4
6 10 15
6 11 14
6 12 7
6 13 3
6 14 10
6 15 8
6 16 5
6 17 14
6 18 16
6 19 9
7 1 22
7 2 14
7 3 11
7 4 11
7 5 17
7 6 18
7 7 -1
7 8 13
7 9 20
7 10 17
7 11 13
7 12 14
7 13 16
7 14 11
7 15 15
7 16 17
7 17 5
7 18 4
7 19 19
8 1 8
8 2 8
8 3 10
8 4 5
8 5 12
8 6 5
8 7 13
8 8 -1
8 9 8
8 10 13
8 11 10
8 12 4
8 13 3
8 14 6
8 15 7
8 16 6
8 17 9
8 18 11
8 19 9
9 1 7
9 2 16
9 3 13
9 4 9
9 5 11
9 6 4
9 7 20
9 8 8
9 9 -1
9 10 19
9 11 18
9 12 11
9 13 7
9 14 14
9 15 7
9 16 4
9 17 17
9 18 19
9 19 13
10 1 15
10 2 4
10 3 21
10 4 16
10 5 24
10 6 15
10 7 17
10 8 13
10 9 19
10 10 -1
10 11 4
10 12 8
10 13 12
10 14 7
10 15 20
10 16 19
10 17 12
10 18 13
10 19 8
11 1 14
11 2 2
11 3 17
11 4 13
11 5 21
11 6 14
11 7 13
11 8 10
11 9 18
11 10 4
11 11 -1
11 12 7
11 13 11
11 14 4
11 15 17
11 16 16
11 17 8
11 18 9
11 19 9
12 1 8
12 2 5
12 3 13
12 4 8
12 5 16
12 6 7
12 7 14
12 8 4
12 9 11
12 10 8
12 11 7
12 12 -1
12 13 4
12 14 3
12 15 12
12 16 10
12 17 9
12 18 11
12 19 6
13 1 5
13 2 9
13 3 13
13 4 8
13 5 13
13 6 3
13 7 16
13 8 3
13 9 7
13 10 12
13 11 11
13 12 4
13 13 -1
13 14 7
13 15 9
13 16 7
13 17 12
13 18 14
13 19 7
14 1 12
14 2 3
14 3 13
14 4 9
14 5 17
14 6 10
14 7 11
14 8 6
14 9 14
14 10 7
14 11 4
14 12 3
14 13 7
14 14 -1
14 15 13
14 16 12
14 17 6
14 18 8
14 19 8
15 1 13
15 2 16
15 3 6
15 4 5
15 5 4
15 6 8
15 7 15
15 8 7
15 9 7
15 10 20
15 11 17
15 12 12
15 13 9
15 14 13
15 15 -1
15 16 3
15 17 14
15 18 16
15 19 16
16 1 10
16 2 15
16 3 8
16 4 5
16 5 7
16 6 5
16 7 17
16 8 6
16 9 4
16 10 19
16 11 16
16 12 10
16 13 7
16 14 12
16 15 3
16 16 -1
16 17 14
16 18 16
16 19 14
17 1 17
17 2 9
17 3 11
17 4 9
17 5 16
17 6 14
17 7 5
17 8 9
17 9 17
17 10 12
17 11 8
17 12 9
17 13 12
17 14 6
17 15 14
17 16 14
17 17 -1
17 18 2
17 19 14
18 1 19
18 2 10
18 3 12
18 4 11
18 5 18
18 6 16
18 7 4
18 8 11
18 9 19
18 10 13
18 11 9
18 12 11
18 13 14
18 14 8
18 15 16
18 16 16
18 17 2
18 18 -1
18 19 16
19 1 7
19 2 7
19 3 19
19 4 14
19 5 21
19 6 9
19 7 19
19 8 9
19 9 13
19 10 8
19 11 9
19 12 6
19 13 7
19 14 8
19 15 16
19 16 14
19 17 14
19 18 16
19 19 -1
