1 1 60
1 2 93
1 3 66
1 4 63
1 5 42
1 6 13
1 7 69
1 8 10
1 9 45
1 10 86
1 11 36
1 12 85
1 13 12
1 14 38
1 15 99
1 16 68
1 17 32
1 18 70
1 19 41
1 20 4
1 21 41
1 22 18
1 23 47
1 24 92
1 25 34
1 26 30
1 27 38
1 28 89
1 29 42
1 30 79
1 31 1
1 32 12
1 33 17
1 34 70
1 35 70
1 36 47
1 37 79
1 38 37
1 39 81
1 40 20
1 41 68
1 42 95
1 43 41
1 44 100
1 45 5
1 46 70
1 47 35
1 48 71
1 49 25
1 50 94
1 51 1
1 52 44
1 53 61
1 54 31
1 55 62
1 56 93
1 57 38
1 58 46
1 59 49
1 60 85
1 61 26
1 62 47
1 63 6
1 64 65
1 65 72
1 66 82
1 67 34
1 68 78
1 69 76
1 70 83
1 71 90
1 72 28
1 73 13
1 74 83
1 75 34
1 76 34
1 77 51
1 78 18
1 79 18
1 80 72
1 81 93
1 82 96
1 83 1
1 84 42
1 85 2
1 86 41
1 87 42
1 88 36
1 89 67
1 90 67
1 91 70
1 92 91
1 93 50
1 94 20
1 95 77
1 96 23
1 97 24
1 98 33
1 99 15
1 100 29
2 1 15
2 2 42
2 3 78
2 4 47
2 5 81
2 6 34
2 7 53
2 8 49
2 9 93
2 10 33
2 11 62
2 12 66
2 13 38
2 14 29
2 15 39
2 16 60
2 17 41
2 18 71
2 19 86
2 20 28
2 21 43
2 22 74
2 23 37
2 24 39
2 25 43
2 26 88
2 27 68
2 28 10
2 29 23
2 30 9
2 31 94
2 32 90
2 33 66
2 34 89
2 35 73
2 36 68
2 37 58
2 38 9
2 39 19
2 40 67
2 41 99
2 42 50
2 43 73
2 44 74
2 45 30
2 46 45
2 47 16
2 48 77
2 49 52
2 50 99
2 51 80
2 52 9
2 53 11
2 54 69
2 55 1
2 56 5
2 57 58
2 58 61
2 59 14
2 60 13
2 61 10
2 62 65
2 63 43
2 64 12
2 65 28
2 66 1
2 67 3
2 68 9
2 69 58
2 70 71
2 71 12
2 72 66
2 73 61
2 74 1
2 75 99
2 76 71
2 77 33
2 78 76
2 79 13
2 80 5
2 81 65
2 82 7
2 83 31
2 84 67
2 85 9
2 86 51
2 87 14
2 88 66
2 89 67
2 90 54
2 91 91
2 92 67
2 93 43
2 94 78
2 95 96
2 96 98
2 97 51
2 98 16
2 99 16
2 100 59
3 1 12
3 2 48
3 3 74
3 4 11
3 5 96
3 6 75
3 7 92
3 8 99
3 9 72
3 10 77
3 11 41
3 12 51
3 13 14
3 14 78
3 15 51
3 16 44
3 17 32
3 18 35
3 19 64
3 20 6
3 21 25
3 22 80
3 23 29
3 24 50
3 25 27
3 26 50
3 27 40
3 28 29
3 29 94
3 30 67
3 31 57
3 32 35
3 33 52
3 34 35
3 35 7
3 36 68
3 37 5
3 38 15
3 39 96
3 40 96
3 41 38
3 42 35
3 43 47
3 44 83
3 45 62
3 46 44
3 47 15
3 48 51
3 49 20
3 50 11
3 51 84
3 52 85
3 53 64
3 54 97
3 55 58
3 56 69
3 57 56
3 58 22
3 59 65
3 60 19
3 61 60
3 62 96
3 63 11
3 64 27
3 65 63
3 66 36
3 67 72
3 68 20
3 69 43
3 70 52
3 71 98
3 72 2
3 73 11
3 74 3
3 75 57
3 76 30
3 77 40
3 78 6
3 79 36
3 80 59
3 81 50
3 82 86
3 83 34
3 84 91
3 85 83
3 86 36
3 87 92
3 88 95
3 89 69
3 90 36
3 91 53
3 92 59
3 93 94
3 94 50
3 95 42
3 96 36
3 97 51
3 98 44
3 99 55
3 100 92
4 1 83
4 2 45
4 3 36
4 4 77
4 5 12
4 6 80
4 7 99
4 8 97
4 9 98
4 10 40
4 11 75
4 12 44
4 13 17
4 14 62
4 15 62
4 16 66
4 17 39
4 18 40
4 19 14
4 20 58
4 21 69
4 22 22
4 23 84
4 24 58
4 25 14
4 26 68
4 27 17
4 28 39
4 29 9
4 30 68
4 31 94
4 32 100
4 33 72
4 34 38
4 35 61
4 36 22
4 37 4
4 38 45
4 39 76
4 40 25
4 41 97
4 42 31
4 43 32
4 44 3
4 45 54
4 46 26
4 47 6
4 48 82
4 49 41
4 50 2
4 51 1
4 52 29
4 53 66
4 54 43
4 55 100
4 56 39
4 57 62
4 58 53
4 59 42
4 60 45
4 61 22
4 62 75
4 63 5
4 64 87
4 65 31
4 66 6
4 67 26
4 68 64
4 69 24
4 70 82
4 71 88
4 72 89
4 73 62
4 74 24
4 75 7
4 76 29
4 77 92
4 78 47
4 79 39
4 80 27
4 81 27
4 82 74
4 83 34
4 84 15
4 85 61
4 86 5
4 87 23
4 88 75
4 89 63
4 90 52
4 91 33
4 92 100
4 93 33
4 94 2
4 95 70
4 96 25
4 97 18
4 98 56
4 99 43
4 100 81
5 1 61
5 2 28
5 3 55
5 4 90
5 5 91
5 6 79
5 7 25
5 8 8
5 9 61
5 10 95
5 11 27
5 12 79
5 13 31
5 14 21
5 15 79
5 16 53
5 17 85
5 18 71
5 19 61
5 20 68
5 21 39
5 22 21
5 23 18
5 24 47
5 25 6
5 26 23
5 27 66
5 28 36
5 29 88
5 30 51
5 31 10
5 32 90
5 33 100
5 34 33
5 35 97
5 36 69
5 37 11
5 38 92
5 39 69
5 40 74
5 41 14
5 42 7
5 43 79
5 44 39
5 45 29
5 46 32
5 47 95
5 48 35
5 49 88
5 50 30
5 51 74
5 52 42
5 53 26
5 54 30
5 55 45
5 56 85
5 57 1
5 58 83
5 59 52
5 60 31
5 61 61
5 62 65
5 63 15
5 64 14
5 65 63
5 66 90
5 67 29
5 68 1
5 69 62
5 70 11
5 71 70
5 72 37
5 73 48
5 74 40
5 75 30
5 76 99
5 77 46
5 78 19
5 79 11
5 80 95
5 81 93
5 82 30
5 83 53
5 84 24
5 85 82
5 86 55
5 87 66
5 88 76
5 89 55
5 90 72
5 91 32
5 92 12
5 93 32
5 94 32
5 95 78
5 96 81
5 97 49
5 98 58
5 99 82
5 100 11
6 1 6
6 2 6
6 3 23
6 4 96
6 5 6
6 6 41
6 7 53
6 8 39
6 9 36
6 10 53
6 11 18
6 12 1
6 13 36
6 14 4
6 15 4
6 16 43
6 17 64
6 18 32
6 19 96
6 20 14
6 21 83
6 22 60
6 23 11
6 24 87
6 25 13
6 26 78
6 27 83
6 28 3
6 29 53
6 30 1
6 31 88
6 32 86
6 33 37
6 34 36
6 35 98
6 36 98
6 37 94
6 38 3
6 39 21
6 40 1
6 41 37
6 42 57
6 43 65
6 44 49
6 45 2
6 46 29
6 47 44
6 48 48
6 49 77
6 50 11
6 51 84
6 52 29
6 53 100
6 54 66
6 55 61
6 56 2
6 57 71
6 58 21
6 59 99
6 60 33
6 61 2
6 62 33
6 63 3
6 64 77
6 65 32
6 66 10
6 67 64
6 68 38
6 69 96
6 70 71
6 71 37
6 72 54
6 73 62
6 74 51
6 75 62
6 76 70
6 77 57
6 78 46
6 79 40
6 80 32
6 81 59
6 82 87
6 83 54
6 84 89
6 85 60
6 86 42
6 87 60
6 88 60
6 89 41
6 90 44
6 91 4
6 92 71
6 93 80
6 94 54
6 95 55
6 96 76
6 97 9
6 98 9
6 99 43
6 100 3
7 1 79
7 2 70
7 3 79
7 4 70
7 5 57
7 6 70
7 7 40
7 8 73
7 9 10
7 10 73
7 11 67
7 12 22
7 13 44
7 14 21
7 15 65
7 16 19
7 17 14
7 18 60
7 19 22
7 20 45
7 21 89
7 22 5
7 23 43
7 24 5
7 25 56
7 26 74
7 27 66
7 28 49
7 29 90
7 30 82
7 31 78
7 32 67
7 33 75
7 34 47
7 35 49
7 36 16
7 37 69
7 38 42
7 39 99
7 40 75
7 41 78
7 42 67
7 43 25
7 44 70
7 45 5
7 46 91
7 47 48
7 48 86
7 49 47
7 50 41
7 51 28
7 52 51
7 53 6
7 54 67
7 55 84
7 56 34
7 57 18
7 58 19
7 59 43
7 60 14
7 61 67
7 62 3
7 63 97
7 64 63
7 65 16
7 66 31
7 67 81
7 68 56
7 69 77
7 70 74
7 71 21
7 72 64
7 73 7
7 74 84
7 75 75
7 76 27
7 77 28
7 78 97
7 79 29
7 80 28
7 81 41
7 82 42
7 83 35
7 84 82
7 85 74
7 86 60
7 87 31
7 88 39
7 89 20
7 90 86
7 91 80
7 92 78
7 93 95
7 94 41
7 95 37
7 96 21
7 97 42
7 98 76
7 99 74
7 100 22
8 1 68
8 2 71
8 3 1
8 4 29
8 5 12
8 6 66
8 7 62
8 8 52
8 9 48
8 10 64
8 11 96
8 12 44
8 13 21
8 14 54
8 15 81
8 16 40
8 17 17
8 18 49
8 19 56
8 20 100
8 21 36
8 22 49
8 23 33
8 24 45
8 25 18
8 26 62
8 27 79
8 28 2
8 29 94
8 30 26
8 31 28
8 32 50
8 33 55
8 34 31
8 35 94
8 36 11
8 37 16
8 38 1
8 39 43
8 40 42
8 41 40
8 42 88
8 43 51
8 44 62
8 45 21
8 46 8
8 47 76
8 48 28
8 49 54
8 50 97
8 51 76
8 52 42
8 53 3
8 54 43
8 55 81
8 56 57
8 57 94
8 58 32
8 59 61
8 60 23
8 61 33
8 62 62
8 63 82
8 64 4
8 65 6
8 66 7
8 67 93
8 68 77
8 69 34
8 70 60
8 71 23
8 72 54
8 73 76
8 74 50
8 75 71
8 76 27
8 77 41
8 78 4
8 79 92
8 80 7
8 81 13
8 82 98
8 83 100
8 84 99
8 85 55
8 86 92
8 87 27
8 88 79
8 89 55
8 90 65
8 91 26
8 92 46
8 93 54
8 94 13
8 95 22
8 96 10
8 97 63
8 98 79
8 99 54
8 100 68
9 1 89
9 2 79
9 3 52
9 4 5
9 5 70
9 6 36
9 7 13
9 8 48
9 9 41
9 10 59
9 11 23
9 12 44
9 13 37
9 14 96
9 15 27
9 16 13
9 17 51
9 18 84
9 19 98
9 20 31
9 21 84
9 22 11
9 23 38
9 24 92
9 25 27
9 26 93
9 27 64
9 28 50
9 29 39
9 30 35
9 31 24
9 32 55
9 33 48
9 34 84
9 35 34
9 36 93
9 37 8
9 38 37
9 39 21
9 40 59
9 41 5
9 42 12
9 43 43
9 44 43
9 45 72
9 46 87
9 47 39
9 48 33
9 49 39
9 50 62
9 51 31
9 52 70
9 53 91
9 54 64
9 55 48
9 56 20
9 57 82
9 58 89
9 59 7
9 60 2
9 61 84
9 62 1
9 63 85
9 64 44
9 65 63
9 66 53
9 67 49
9 68 16
9 69 65
9 70 12
9 71 23
9 72 94
9 73 62
9 74 52
9 75 93
9 76 35
9 77 19
9 78 53
9 79 64
9 80 91
9 81 67
9 82 89
9 83 85
9 84 48
9 85 60
9 86 76
9 87 36
9 88 50
9 89 5
9 90 97
9 91 16
9 92 28
9 93 24
9 94 58
9 95 11
9 96 87
9 97 97
9 98 45
9 99 74
9 100 44
10 1 16
10 2 28
10 3 19
10 4 34
10 5 55
10 6 97
10 7 38
10 8 55
10 9 2
10 10 55
10 11 46
10 12 99
10 13 71
10 14 76
10 15 38
10 16 46
10 17 77
10 18 3
10 19 72
10 20 79
10 21 19
10 22 71
10 23 80
10 24 59
10 25 27
10 26 1
10 27 62
10 28 20
10 29 25
10 30 10
10 31 52
10 32 28
10 33 46
10 34 41
10 35 46
10 36 3
10 37 99
10 38 66
10 39 98
10 40 48
10 41 99
10 42 8
10 43 50
10 44 67
10 45 77
10 46 35
10 47 31
10 48 85
10 49 1
10 50 83
10 51 88
10 52 15
10 53 89
10 54 37
10 55 84
10 56 70
10 57 44
10 58 36
10 59 16
10 60 26
10 61 27
10 62 85
10 63 90
10 64 68
10 65 8
10 66 42
10 67 86
10 68 43
10 69 86
10 70 62
10 71 19
10 72 85
10 73 99
10 74 24
10 75 74
10 76 20
10 77 46
10 78 15
10 79 80
10 80 84
10 81 16
10 82 38
10 83 12
10 84 64
10 85 68
10 86 81
10 87 35
10 88 23
10 89 83
10 90 1
10 91 10
10 92 11
10 93 12
10 94 95
10 95 13
10 96 96
10 97 60
10 98 15
10 99 46
10 100 87
11 1 36
11 2 73
11 3 14
11 4 11
11 5 75
11 6 3
11 7 38
11 8 87
11 9 25
11 10 42
11 11 83
11 12 58
11 13 74
11 14 40
11 15 3
11 16 93
11 17 31
11 18 38
11 19 47
11 20 88
11 21 36
11 22 89
11 23 56
11 24 58
11 25 96
11 26 97
11 27 90
11 28 42
11 29 50
11 30 48
11 31 73
11 32 18
11 33 44
11 34 53
11 35 49
11 36 40
11 37 26
11 38 61
11 39 50
11 40 32
11 41 49
11 42 6
11 43 97
11 44 92
11 45 73
11 46 12
11 47 60
11 48 2
11 49 22
11 50 79
11 51 3
11 52 99
11 53 2
11 54 8
11 55 47
11 56 47
11 57 100
11 58 65
11 59 25
11 60 60
11 61 19
11 62 9
11 63 98
11 64 29
11 65 47
11 66 38
11 67 11
11 68 51
11 69 10
11 70 37
11 71 68
11 72 6
11 73 38
11 74 8
11 75 93
11 76 77
11 77 7
11 78 32
11 79 98
11 80 17
11 81 27
11 82 26
11 83 68
11 84 23
11 85 97
11 86 48
11 87 2
11 88 26
11 89 87
11 90 38
11 91 57
11 92 29
11 93 26
11 94 60
11 95 63
11 96 79
11 97 41
11 98 91
11 99 63
11 100 8
12 1 55
12 2 85
12 3 36
12 4 89
12 5 85
12 6 73
12 7 6
12 8 17
12 9 30
12 10 63
12 11 99
12 12 5
12 13 73
12 14 36
12 15 94
12 16 5
12 17 18
12 18 47
12 19 77
12 20 90
12 21 14
12 22 82
12 23 8
12 24 87
12 25 21
12 26 26
12 27 18
12 28 72
12 29 12
12 30 67
12 31 9
12 32 78
12 33 68
12 34 37
12 35 78
12 36 52
12 37 33
12 38 62
12 39 64
12 40 35
12 41 64
12 42 49
12 43 19
12 44 56
12 45 72
12 46 19
12 47 40
12 48 81
12 49 69
12 50 41
12 51 31
12 52 78
12 53 83
12 54 12
12 55 83
12 56 73
12 57 45
12 58 18
12 59 48
12 60 9
12 61 82
12 62 82
12 63 25
12 64 76
12 65 79
12 66 64
12 67 43
12 68 72
12 69 4
12 70 65
12 71 100
12 72 87
12 73 68
12 74 64
12 75 79
12 76 9
12 77 53
12 78 22
12 79 40
12 80 79
12 81 52
12 82 82
12 83 59
12 84 68
12 85 77
12 86 68
12 87 93
12 88 10
12 89 64
12 90 22
12 91 98
12 92 4
12 93 90
12 94 84
12 95 37
12 96 23
12 97 31
12 98 31
12 99 72
12 100 20
13 1 7
13 2 20
13 3 39
13 4 71
13 5 71
13 6 75
13 7 94
13 8 16
13 9 48
13 10 64
13 11 47
13 12 24
13 13 25
13 14 26
13 15 26
13 16 57
13 17 45
13 18 25
13 19 92
13 20 82
13 21 75
13 22 25
13 23 86
13 24 37
13 25 77
13 26 69
13 27 11
13 28 55
13 29 47
13 30 43
13 31 46
13 32 54
13 33 51
13 34 14
13 35 41
13 36 16
13 37 72
13 38 19
13 39 64
13 40 59
13 41 98
13 42 20
13 43 64
13 44 94
13 45 5
13 46 13
13 47 76
13 48 7
13 49 95
13 50 21
13 51 8
13 52 72
13 53 99
13 54 75
13 55 69
13 56 33
13 57 37
13 58 57
13 59 34
13 60 36
13 61 62
13 62 68
13 63 76
13 64 87
13 65 39
13 66 96
13 67 50
13 68 67
13 69 28
13 70 6
13 71 61
13 72 24
13 73 43
13 74 55
13 75 44
13 76 98
13 77 31
13 78 67
13 79 51
13 80 71
13 81 37
13 82 89
13 83 29
13 84 100
13 85 88
13 86 60
13 87 20
13 88 69
13 89 96
13 90 90
13 91 87
13 92 86
13 93 44
13 94 38
13 95 72
13 96 14
13 97 49
13 98 25
13 99 36
13 100 32
14 1 62
14 2 41
14 3 98
14 4 66
14 5 18
14 6 22
14 7 94
14 8 22
14 9 26
14 10 69
14 11 13
14 12 5
14 13 2
14 14 39
14 15 82
14 16 73
14 17 39
14 18 13
14 19 75
14 20 37
14 21 98
14 22 41
14 23 68
14 24 98
14 25 50
14 26 15
14 27 23
14 28 83
14 29 78
14 30 39
14 31 6
14 32 60
14 33 93
14 34 34
14 35 23
14 36 18
14 37 74
14 38 76
14 39 3
14 40 31
14 41 82
14 42 25
14 43 39
14 44 28
14 45 52
14 46 77
14 47 96
14 48 45
14 49 34
14 50 81
14 51 59
14 52 97
14 53 73
14 54 46
14 55 98
14 56 50
14 57 58
14 58 78
14 59 56
14 60 22
14 61 12
14 62 95
14 63 28
14 64 88
14 65 10
14 66 87
14 67 22
14 68 6
14 69 13
14 70 81
14 71 19
14 72 10
14 73 64
14 74 76
14 75 58
14 76 18
14 77 45
14 78 21
14 79 67
14 80 57
14 81 62
14 82 82
14 83 84
14 84 74
14 85 8
14 86 64
14 87 54
14 88 26
14 89 57
14 90 92
14 91 91
14 92 50
14 93 75
14 94 67
14 95 34
14 96 29
14 97 38
14 98 18
14 99 7
14 100 14
15 1 13
15 2 5
15 3 64
15 4 64
15 5 63
15 6 34
15 7 76
15 8 77
15 9 68
15 10 15
15 11 98
15 12 50
15 13 13
15 14 73
15 15 76
15 16 30
15 17 74
15 18 12
15 19 27
15 20 37
15 21 90
15 22 30
15 23 29
15 24 53
15 25 89
15 26 69
15 27 14
15 28 82
15 29 55
15 30 10
15 31 24
15 32 12
15 33 68
15 34 95
15 35 76
15 36 60
15 37 37
15 38 30
15 39 73
15 40 42
15 41 11
15 42 97
15 43 66
15 44 97
15 45 15
15 46 2
15 47 6
15 48 77
15 49 58
15 50 8
15 51 74
15 52 27
15 53 55
15 54 79
15 55 90
15 56 33
15 57 41
15 58 86
15 59 97
15 60 33
15 61 41
15 62 34
15 63 73
15 64 77
15 65 96
15 66 87
15 67 84
15 68 11
15 69 84
15 70 7
15 71 57
15 72 70
15 73 78
15 74 46
15 75 12
15 76 100
15 77 21
15 78 76
15 79 90
15 80 21
15 81 23
15 82 33
15 83 50
15 84 27
15 85 35
15 86 68
15 87 65
15 88 76
15 89 73
15 90 99
15 91 19
15 92 20
15 93 46
15 94 41
15 95 18
15 96 61
15 97 38
15 98 71
15 99 92
15 100 92
16 1 13
16 2 31
16 3 100
16 4 97
16 5 75
16 6 57
16 7 1
16 8 59
16 9 22
16 10 83
16 11 94
16 12 41
16 13 11
16 14 38
16 15 51
16 16 29
16 17 32
16 18 8
16 19 15
16 20 55
16 21 49
16 22 39
16 23 82
16 24 11
16 25 64
16 26 25
16 27 47
16 28 3
16 29 92
16 30 65
16 31 37
16 32 54
16 33 19
16 34 37
16 35 12
16 36 36
16 37 2
16 38 8
16 39 2
16 40 38
16 41 7
16 42 29
16 43 38
16 44 28
16 45 12
16 46 89
16 47 26
16 48 65
16 49 26
16 50 32
16 51 26
16 52 85
16 53 15
16 54 61
16 55 85
16 56 90
16 57 44
16 58 2
16 59 85
16 60 92
16 61 10
16 62 58
16 63 100
16 64 74
16 65 65
16 66 58
16 67 95
16 68 54
16 69 48
16 70 29
16 71 9
16 72 72
16 73 28
16 74 40
16 75 17
16 76 66
16 77 80
16 78 30
16 79 2
16 80 37
16 81 81
16 82 74
16 83 81
16 84 77
16 85 67
16 86 89
16 87 56
16 88 94
16 89 22
16 90 94
16 91 38
16 92 88
16 93 77
16 94 17
16 95 29
16 96 35
16 97 26
16 98 88
16 99 77
16 100 51
17 1 97
17 2 6
17 3 9
17 4 36
17 5 45
17 6 88
17 7 5
17 8 49
17 9 39
17 10 35
17 11 45
17 12 58
17 13 89
17 14 93
17 15 34
17 16 45
17 17 62
17 18 26
17 19 10
17 20 74
17 21 11
17 22 53
17 23 87
17 24 21
17 25 52
17 26 58
17 27 92
17 28 43
17 29 27
17 30 91
17 31 66
17 32 18
17 33 93
17 34 81
17 35 18
17 36 77
17 37 97
17 38 10
17 39 14
17 40 63
17 41 19
17 42 65
17 43 53
17 44 56
17 45 53
17 46 46
17 47 88
17 48 26
17 49 59
17 50 61
17 51 48
17 52 28
17 53 65
17 54 37
17 55 71
17 56 43
17 57 85
17 58 22
17 59 77
17 60 17
17 61 93
17 62 47
17 63 34
17 64 71
17 65 19
17 66 51
17 67 95
17 68 58
17 69 2
17 70 84
17 71 37
17 72 90
17 73 86
17 74 15
17 75 31
17 76 75
17 77 55
17 78 94
17 79 7
17 80 34
17 81 11
17 82 42
17 83 76
17 84 64
17 85 15
17 86 95
17 87 45
17 88 93
17 89 93
17 90 8
17 91 90
17 92 75
17 93 52
17 94 77
17 95 70
17 96 29
17 97 91
17 98 74
17 99 73
17 100 51
18 1 59
18 2 19
18 3 40
18 4 24
18 5 58
18 6 43
18 7 30
18 8 70
18 9 93
18 10 6
18 11 34
18 12 79
18 13 76
18 14 39
18 15 14
18 16 60
18 17 83
18 18 2
18 19 16
18 20 82
18 21 19
18 22 4
18 23 89
18 24 97
18 25 53
18 26 91
18 27 77
18 28 18
18 29 83
18 30 47
18 31 80
18 32 53
18 33 68
18 34 18
18 35 27
18 36 22
18 37 70
18 38 42
18 39 27
18 40 28
18 41 31
18 42 28
18 43 46
18 44 19
18 45 4
18 46 17
18 47 77
18 48 6
18 49 69
18 50 35
18 51 96
18 52 41
18 53 15
18 54 82
18 55 86
18 56 3
18 57 33
18 58 21
18 59 35
18 60 36
18 61 62
18 62 5
18 63 89
18 64 10
18 65 9
18 66 63
18 67 16
18 68 87
18 69 88
18 70 5
18 71 51
18 72 55
18 73 11
18 74 26
18 75 7
18 76 100
18 77 39
18 78 18
18 79 81
18 80 45
18 81 70
18 82 52
18 83 99
18 84 51
18 85 46
18 86 57
18 87 67
18 88 16
18 89 26
18 90 71
18 91 44
18 92 44
18 93 62
18 94 80
18 95 87
18 96 43
18 97 7
18 98 98
18 99 17
18 100 68
19 1 73
19 2 79
19 3 66
19 4 7
19 5 49
19 6 61
19 7 92
19 8 13
19 9 44
19 10 51
19 11 75
19 12 39
19 13 45
19 14 40
19 15 87
19 16 78
19 17 36
19 18 32
19 19 77
19 20 66
19 21 31
19 22 11
19 23 21
19 24 1
19 25 77
19 26 95
19 27 62
19 28 19
19 29 78
19 30 50
19 31 57
19 32 53
19 33 11
19 34 3
19 35 48
19 36 5
19 37 4
19 38 25
19 39 14
19 40 49
19 41 24
19 42 79
19 43 2
19 44 24
19 45 47
19 46 46
19 47 56
19 48 11
19 49 54
19 50 34
19 51 97
19 52 12
19 53 20
19 54 60
19 55 100
19 56 77
19 57 6
19 58 13
19 59 49
19 60 70
19 61 30
19 62 27
19 63 48
19 64 36
19 65 37
19 66 81
19 67 40
19 68 17
19 69 78
19 70 60
19 71 12
19 72 74
19 73 81
19 74 50
19 75 69
19 76 82
19 77 89
19 78 87
19 79 90
19 80 52
19 81 98
19 82 44
19 83 31
19 84 12
19 85 6
19 86 72
19 87 80
19 88 74
19 89 61
19 90 21
19 91 51
19 92 54
19 93 52
19 94 57
19 95 26
19 96 30
19 97 43
19 98 69
19 99 72
19 100 56
20 1 96
20 2 7
20 3 20
20 4 31
20 5 85
20 6 42
20 7 39
20 8 7
20 9 49
20 10 49
20 11 97
20 12 82
20 13 44
20 14 56
20 15 7
20 16 74
20 17 79
20 18 39
20 19 57
20 20 90
20 21 81
20 22 59
20 23 9
20 24 21
20 25 79
20 26 12
20 27 32
20 28 74
20 29 94
20 30 54
20 31 36
20 32 45
20 33 21
20 34 61
20 35 5
20 36 67
20 37 10
20 38 65
20 39 73
20 40 80
20 41 53
20 42 56
20 43 74
20 44 51
20 45 46
20 46 10
20 47 45
20 48 69
20 49 58
20 50 19
20 51 57
20 52 22
20 53 97
20 54 47
20 55 96
20 56 10
20 57 56
20 58 37
20 59 54
20 60 43
20 61 94
20 62 11
20 63 4
20 64 6
20 65 23
20 66 50
20 67 85
20 68 90
20 69 52
20 70 32
20 71 83
20 72 35
20 73 95
20 74 6
20 75 22
20 76 23
20 77 50
20 78 86
20 79 81
20 80 55
20 81 36
20 82 100
20 83 69
20 84 8
20 85 38
20 86 33
20 87 25
20 88 67
20 89 73
20 90 84
20 91 53
20 92 58
20 93 9
20 94 52
20 95 48
20 96 28
20 97 96
20 98 27
20 99 45
20 100 27
21 1 58
21 2 98
21 3 78
21 4 18
21 5 25
21 6 8
21 7 32
21 8 11
21 9 11
21 10 52
21 11 100
21 12 17
21 13 34
21 14 97
21 15 95
21 16 20
21 17 24
21 18 98
21 19 82
21 20 28
21 21 33
21 22 69
21 23 96
21 24 87
21 25 17
21 26 36
21 27 20
21 28 25
21 29 29
21 30 11
21 31 23
21 32 2
21 33 42
21 34 54
21 35 35
21 36 74
21 37 19
21 38 71
21 39 57
21 40 19
21 41 91
21 42 10
21 43 91
21 44 12
21 45 81
21 46 17
21 47 12
21 48 19
21 49 47
21 50 55
21 51 37
21 52 3
21 53 99
21 54 29
21 55 37
21 56 59
21 57 37
21 58 94
21 59 37
21 60 64
21 61 72
21 62 81
21 63 16
21 64 39
21 65 67
21 66 53
21 67 31
21 68 91
21 69 53
21 70 86
21 71 37
21 72 59
21 73 4
21 74 76
21 75 72
21 76 82
21 77 46
21 78 80
21 79 78
21 80 4
21 81 94
21 82 56
21 83 79
21 84 84
21 85 82
21 86 96
21 87 66
21 88 94
21 89 60
21 90 3
21 91 66
21 92 32
21 93 11
21 94 8
21 95 52
21 96 9
21 97 34
21 98 6
21 99 96
21 100 7
22 1 74
22 2 7
22 3 43
22 4 28
22 5 100
22 6 16
22 7 56
22 8 44
22 9 83
22 10 68
22 11 6
22 12 73
22 13 83
22 14 59
22 15 68
22 16 84
22 17 6
22 18 56
22 19 38
22 20 19
22 21 62
22 22 20
22 23 18
22 24 19
22 25 33
22 26 97
22 27 79
22 28 43
22 29 13
22 30 18
22 31 99
22 32 27
22 33 47
22 34 6
22 35 34
22 36 16
22 37 34
22 38 46
22 39 87
22 40 6
22 41 76
22 42 20
22 43 7
22 44 93
22 45 12
22 46 31
22 47 96
22 48 38
22 49 39
22 50 38
22 51 75
22 52 96
22 53 13
22 54 78
22 55 58
22 56 18
22 57 65
22 58 18
22 59 19
22 60 97
22 61 2
22 62 61
22 63 99
22 64 79
22 65 40
22 66 88
22 67 29
22 68 4
22 69 86
22 70 95
22 71 20
22 72 21
22 73 94
22 74 58
22 75 29
22 76 65
22 77 71
22 78 26
22 79 58
22 80 35
22 81 42
22 82 22
22 83 72
22 84 1
22 85 15
22 86 47
22 87 69
22 88 33
22 89 98
22 90 5
22 91 19
22 92 67
22 93 76
22 94 32
22 95 29
22 96 97
22 97 39
22 98 44
22 99 26
22 100 95
23 1 21
23 2 12
23 3 75
23 4 92
23 5 18
23 6 35
23 7 99
23 8 66
23 9 88
23 10 54
23 11 97
23 12 3
23 13 93
23 14 17
23 15 65
23 16 85
23 17 70
23 18 70
23 19 22
23 20 7
23 21 97
23 22 2
23 23 90
23 24 28
23 25 60
23 26 65
23 27 13
23 28 15
23 29 16
23 30 27
23 31 8
23 32 3
23 33 23
23 34 72
23 35 66
23 36 42
23 37 59
23 38 3
23 39 98
23 40 61
23 41 23
23 42 74
23 43 48
23 44 35
23 45 90
23 46 72
23 47 25
23 48 67
23 49 12
23 50 33
23 51 2
23 52 85
23 53 86
23 54 49
23 55 4
23 56 73
23 57 9
23 58 4
23 59 3
23 60 22
23 61 46
23 62 95
23 63 78
23 64 30
23 65 28
23 66 58
23 67 86
23 68 99
23 69 68
23 70 97
23 71 15
23 72 63
23 73 58
23 74 29
23 75 14
23 76 70
23 77 79
23 78 5
23 79 78
23 80 88
23 81 38
23 82 11
23 83 51
23 84 25
23 85 47
23 86 87
23 87 55
23 88 22
23 89 33
23 90 80
23 91 83
23 92 96
23 93 51
23 94 4
23 95 93
23 96 56
23 97 29
23 98 59
23 99 39
23 100 73
24 1 19
24 2 2
24 3 84
24 4 86
24 5 57
24 6 66
24 7 97
24 8 91
24 9 87
24 10 8
24 11 45
24 12 68
24 13 32
24 14 13
24 15 23
24 16 40
24 17 86
24 18 45
24 19 42
24 20 15
24 21 42
24 22 43
24 23 4
24 24 91
24 25 68
24 26 32
24 27 23
24 28 35
24 29 71
24 30 64
24 31 88
24 32 83
24 33 53
24 34 58
24 35 5
24 36 26
24 37 87
24 38 97
24 39 76
24 40 20
24 41 99
24 42 91
24 43 35
24 44 23
24 45 99
24 46 11
24 47 82
24 48 24
24 49 86
24 50 41
24 51 11
24 52 17
24 53 68
24 54 31
24 55 54
24 56 67
24 57 53
24 58 22
24 59 50
24 60 28
24 61 39
24 62 3
24 63 86
24 64 54
24 65 95
24 66 64
24 67 33
24 68 17
24 69 72
24 70 23
24 71 7
24 72 5
24 73 70
24 74 47
24 75 55
24 76 58
24 77 22
24 78 19
24 79 25
24 80 52
24 81 27
24 82 72
24 83 87
24 84 64
24 85 74
24 86 14
24 87 36
24 88 81
24 89 93
24 90 9
24 91 15
24 92 79
24 93 21
24 94 68
24 95 77
24 96 20
24 97 89
24 98 11
24 99 25
24 100 85
25 1 100
25 2 30
25 3 66
25 4 8
25 5 33
25 6 97
25 7 80
25 8 98
25 9 100
25 10 40
25 11 10
25 12 43
25 13 22
25 14 62
25 15 97
25 16 68
25 17 62
25 18 46
25 19 77
25 20 83
25 21 18
25 22 10
25 23 49
25 24 27
25 25 77
25 26 40
25 27 29
25 28 63
25 29 85
25 30 71
25 31 19
25 32 91
25 33 26
25 34 73
25 35 100
25 36 22
25 37 42
25 38 28
25 39 93
25 40 49
25 41 26
25 42 81
25 43 24
25 44 77
25 45 51
25 46 81
25 47 27
25 48 58
25 49 9
25 50 72
25 51 30
25 52 86
25 53 30
25 54 14
25 55 69
25 56 84
25 57 96
25 58 96
25 59 49
25 60 86
25 61 67
25 62 29
25 63 97
25 64 56
25 65 63
25 66 28
25 67 87
25 68 67
25 69 12
25 70 37
25 71 96
25 72 8
25 73 40
25 74 7
25 75 58
25 76 89
25 77 2
25 78 22
25 79 9
25 80 10
25 81 100
25 82 51
25 83 80
25 84 46
25 85 95
25 86 82
25 87 90
25 88 2
25 89 92
25 90 8
25 91 41
25 92 22
25 93 76
25 94 22
25 95 86
25 96 48
25 97 96
25 98 82
25 99 19
25 100 62
26 1 97
26 2 12
26 3 39
26 4 70
26 5 47
26 6 35
26 7 19
26 8 49
26 9 98
26 10 99
26 11 40
26 12 15
26 13 77
26 14 81
26 15 88
26 16 81
26 17 15
26 18 82
26 19 51
26 20 67
26 21 80
26 22 70
26 23 68
26 24 54
26 25 50
26 26 80
26 27 44
26 28 26
26 29 80
26 30 6
26 31 62
26 32 75
26 33 37
26 34 30
26 35 19
26 36 18
26 37 2
26 38 99
26 39 83
26 40 88
26 41 20
26 42 34
26 43 4
26 44 47
26 45 95
26 46 89
26 47 30
26 48 40
26 49 73
26 50 99
26 51 46
26 52 44
26 53 23
26 54 72
26 55 87
26 56 2
26 57 99
26 58 8
26 59 48
26 60 48
26 61 53
26 62 73
26 63 92
26 64 23
26 65 16
26 66 99
26 67 31
26 68 65
26 69 22
26 70 41
26 71 72
26 72 34
26 73 93
26 74 56
26 75 100
26 76 42
26 77 86
26 78 79
26 79 16
26 80 42
26 81 59
26 82 23
26 83 59
26 84 67
26 85 90
26 86 86
26 87 18
26 88 58
26 89 66
26 90 64
26 91 95
26 92 19
26 93 9
26 94 37
26 95 72
26 96 18
26 97 75
26 98 45
26 99 36
26 100 92
27 1 58
27 2 45
27 3 4
27 4 38
27 5 14
27 6 87
27 7 29
27 8 73
27 9 48
27 10 99
27 11 77
27 12 76
27 13 4
27 14 7
27 15 91
27 16 21
27 17 58
27 18 54
27 19 35
27 20 48
27 21 85
27 22 81
27 23 45
27 24 53
27 25 81
27 26 61
27 27 94
27 28 60
27 29 36
27 30 97
27 31 82
27 32 64
27 33 74
27 34 72
27 35 8
27 36 93
27 37 56
27 38 84
27 39 7
27 40 43
27 41 12
27 42 39
27 43 22
27 44 8
27 45 73
27 46 65
27 47 83
27 48 3
27 49 79
27 50 25
27 51 79
27 52 41
27 53 58
27 54 15
27 55 49
27 56 59
27 57 58
27 58 9
27 59 68
27 60 66
27 61 75
27 62 65
27 63 22
27 64 5
27 65 71
27 66 88
27 67 24
27 68 26
27 69 78
27 70 68
27 71 4
27 72 80
27 73 89
27 74 76
27 75 79
27 76 64
27 77 57
27 78 45
27 79 40
27 80 89
27 81 38
27 82 90
27 83 61
27 84 85
27 85 44
27 86 71
27 87 70
27 88 88
27 89 93
27 90 17
27 91 81
27 92 98
27 93 7
27 94 94
27 95 37
27 96 13
27 97 5
27 98 26
27 99 31
27 100 91
28 1 91
28 2 54
28 3 42
28 4 51
28 5 48
28 6 89
28 7 20
28 8 47
28 9 74
28 10 56
28 11 72
28 12 11
28 13 89
28 14 64
28 15 12
28 16 62
28 17 16
28 18 16
28 19 87
28 20 24
28 21 2
28 22 100
28 23 43
28 24 20
28 25 55
28 26 39
28 27 24
28 28 82
28 29 29
28 30 63
28 31 20
28 32 42
28 33 14
28 34 60
28 35 88
28 36 68
28 37 47
28 38 5
28 39 79
28 40 76
28 41 32
28 42 99
28 43 93
28 44 92
28 45 22
28 46 25
28 47 94
28 48 77
28 49 1
28 50 89
28 51 40
28 52 49
28 53 31
28 54 32
28 55 21
28 56 58
28 57 79
28 58 31
28 59 37
28 60 36
28 61 38
28 62 51
28 63 83
28 64 82
28 65 74
28 66 100
28 67 13
28 68 1
28 69 60
28 70 66
28 71 18
28 72 83
28 73 72
28 74 14
28 75 3
28 76 67
28 77 26
28 78 73
28 79 2
28 80 91
28 81 14
28 82 18
28 83 65
28 84 71
28 85 55
28 86 71
28 87 46
28 88 61
28 89 21
28 90 75
28 91 84
28 92 80
28 93 48
28 94 56
28 95 28
28 96 44
28 97 68
28 98 9
28 99 8
28 100 92
29 1 72
29 2 29
29 3 79
29 4 100
29 5 23
29 6 26
29 7 50
29 8 8
29 9 1
29 10 32
29 11 67
29 12 39
29 13 79
29 14 27
29 15 49
29 16 31
29 17 61
29 18 47
29 19 59
29 20 80
29 21 17
29 22 41
29 23 31
29 24 97
29 25 32
29 26 31
29 27 18
29 28 95
29 29 94
29 30 95
29 31 71
29 32 30
29 33 47
29 34 35
29 35 44
29 36 8
29 37 68
29 38 53
29 39 55
29 40 9
29 41 95
29 42 55
29 43 70
29 44 34
29 45 42
29 46 83
29 47 38
29 48 84
29 49 42
29 50 25
29 51 88
29 52 49
29 53 76
29 54 45
29 55 38
29 56 88
29 57 95
29 58 77
29 59 16
29 60 41
29 61 24
29 62 38
29 63 34
29 64 92
29 65 47
29 66 45
29 67 67
29 68 51
29 69 75
29 70 84
29 71 82
29 72 67
29 73 92
29 74 30
29 75 62
29 76 40
29 77 3
29 78 13
29 79 77
29 80 69
29 81 73
29 82 70
29 83 5
29 84 64
29 85 73
29 86 80
29 87 17
29 88 77
29 89 24
29 90 73
29 91 28
29 92 85
29 93 74
29 94 50
29 95 79
29 96 57
29 97 93
29 98 6
29 99 27
29 100 54
30 1 73
30 2 13
30 3 95
30 4 80
30 5 69
30 6 9
30 7 8
30 8 20
30 9 62
30 10 61
30 11 66
30 12 38
30 13 1
30 14 28
30 15 76
30 16 26
30 17 45
30 18 74
30 19 67
30 20 11
30 21 94
30 22 87
30 23 35
30 24 29
30 25 24
30 26 47
30 27 44
30 28 62
30 29 95
30 30 30
30 31 32
30 32 6
30 33 91
30 34 88
30 35 8
30 36 56
30 37 34
30 38 62
30 39 10
30 40 92
30 41 59
30 42 45
30 43 62
30 44 1
30 45 2
30 46 94
30 47 57
30 48 74
30 49 57
30 50 76
30 51 42
30 52 30
30 53 51
30 54 44
30 55 14
30 56 31
30 57 83
30 58 3
30 59 52
30 60 51
30 61 43
30 62 94
30 63 45
30 64 67
30 65 57
30 66 74
30 67 99
30 68 60
30 69 12
30 70 57
30 71 18
30 72 24
30 73 21
30 74 96
30 75 98
30 76 99
30 77 52
30 78 33
30 79 99
30 80 16
30 81 1
30 82 68
30 83 12
30 84 27
30 85 24
30 86 38
30 87 2
30 88 93
30 89 71
30 90 99
30 91 23
30 92 23
30 93 59
30 94 8
30 95 35
30 96 40
30 97 99
30 98 34
30 99 34
30 100 11
31 1 97
31 2 11
31 3 90
31 4 71
31 5 15
31 6 32
31 7 24
31 8 97
31 9 19
31 10 21
31 11 23
31 12 5
31 13 46
31 14 80
31 15 4
31 16 99
31 17 95
31 18 82
31 19 62
31 20 47
31 21 4
31 22 23
31 23 62
31 24 17
31 25 73
31 26 77
31 27 7
31 28 26
31 29 52
31 30 16
31 31 91
31 32 37
31 33 3
31 34 74
31 35 81
31 36 96
31 37 10
31 38 4
31 39 10
31 40 19
31 41 20
31 42 22
31 43 47
31 44 55
31 45 85
31 46 20
31 47 14
31 48 27
31 49 22
31 50 83
31 51 20
31 52 71
31 53 86
31 54 39
31 55 26
31 56 33
31 57 53
31 58 30
31 59 70
31 60 75
31 61 39
31 62 90
31 63 83
31 64 83
31 65 6
31 66 22
31 67 53
31 68 12
31 69 80
31 70 98
31 71 30
31 72 50
31 73 41
31 74 14
31 75 52
31 76 75
31 77 8
31 78 1
31 79 22
31 80 76
31 81 57
31 82 15
31 83 25
31 84 53
31 85 95
31 86 85
31 87 23
31 88 39
31 89 36
31 90 96
31 91 21
31 92 69
31 93 72
31 94 72
31 95 22
31 96 1
31 97 41
31 98 61
31 99 34
31 100 47
32 1 35
32 2 30
32 3 45
32 4 47
32 5 13
32 6 68
32 7 93
32 8 78
32 9 87
32 10 82
32 11 21
32 12 28
32 13 60
32 14 46
32 15 6
32 16 63
32 17 64
32 18 18
32 19 48
32 20 96
32 21 82
32 22 29
32 23 8
32 24 76
32 25 35
32 26 35
32 27 62
32 28 88
32 29 29
32 30 74
32 31 84
32 32 89
32 33 39
32 34 38
32 35 70
32 36 54
32 37 52
32 38 29
32 39 87
32 40 87
32 41 6
32 42 49
32 43 100
32 44 39
32 45 82
32 46 79
32 47 92
32 48 73
32 49 90
32 50 80
32 51 62
32 52 56
32 53 74
32 54 88
32 55 78
32 56 69
32 57 93
32 58 11
32 59 18
32 60 96
32 61 76
32 62 84
32 63 30
32 64 34
32 65 56
32 66 30
32 67 39
32 68 21
32 69 60
32 70 91
32 71 72
32 72 91
32 73 29
32 74 5
32 75 56
32 76 10
32 77 83
32 78 65
32 79 54
32 80 71
32 81 56
32 82 4
32 83 86
32 84 52
32 85 29
32 86 58
32 87 38
32 88 5
32 89 32
32 90 98
32 91 65
32 92 10
32 93 32
32 94 57
32 95 35
32 96 17
32 97 87
32 98 71
32 99 27
32 100 37
33 1 24
33 2 1
33 3 6
33 4 17
33 5 20
33 6 81
33 7 49
33 8 54
33 9 65
33 10 100
33 11 22
33 12 58
33 13 66
33 14 61
33 15 7
33 16 20
33 17 55
33 18 93
33 19 11
33 20 63
33 21 52
33 22 90
33 23 33
33 24 35
33 25 79
33 26 21
33 27 14
33 28 55
33 29 93
33 30 34
33 31 68
33 32 15
33 33 51
33 34 90
33 35 73
33 36 44
33 37 26
33 38 58
33 39 85
33 40 97
33 41 22
33 42 22
33 43 35
33 44 13
33 45 77
33 46 40
33 47 53
33 48 14
33 49 75
33 50 77
33 51 81
33 52 25
33 53 62
33 54 22
33 55 70
33 56 40
33 57 97
33 58 67
33 59 14
33 60 41
33 61 95
33 62 4
33 63 77
33 64 10
33 65 89
33 66 40
33 67 19
33 68 72
33 69 23
33 70 50
33 71 89
33 72 16
33 73 39
33 74 80
33 75 70
33 76 22
33 77 99
33 78 76
33 79 89
33 80 97
33 81 25
33 82 45
33 83 59
33 84 7
33 85 92
33 86 45
33 87 58
33 88 45
33 89 32
33 90 22
33 91 35
33 92 72
33 93 6
33 94 39
33 95 30
33 96 17
33 97 51
33 98 3
33 99 78
33 100 65
34 1 88
34 2 65
34 3 67
34 4 86
34 5 65
34 6 36
34 7 56
34 8 69
34 9 80
34 10 78
34 11 46
34 12 19
34 13 18
34 14 59
34 15 82
34 16 72
34 17 87
34 18 65
34 19 1
34 20 41
34 21 60
34 22 42
34 23 58
34 24 53
34 25 82
34 26 92
34 27 85
34 28 2
34 29 2
34 30 83
34 31 16
34 32 4
34 33 47
34 34 74
34 35 89
34 36 58
34 37 52
34 38 48
34 39 32
34 40 24
34 41 90
34 42 32
34 43 55
34 44 2
34 45 75
34 46 44
34 47 23
34 48 81
34 49 4
34 50 32
34 51 2
34 52 45
34 53 37
34 54 33
34 55 35
34 56 35
34 57 54
34 58 100
34 59 74
34 60 45
34 61 77
34 62 24
34 63 77
34 64 35
34 65 3
34 66 54
34 67 96
34 68 68
34 69 33
34 70 4
34 71 27
34 72 78
34 73 67
34 74 54
34 75 27
34 76 36
34 77 29
34 78 15
34 79 58
34 80 5
34 81 48
34 82 53
34 83 15
34 84 43
34 85 35
34 86 54
34 87 100
34 88 22
34 89 3
34 90 78
34 91 85
34 92 14
34 93 99
34 94 80
34 95 8
34 96 65
34 97 74
34 98 71
34 99 5
34 100 84
35 1 38
35 2 16
35 3 61
35 4 81
35 5 16
35 6 47
35 7 10
35 8 55
35 9 15
35 10 3
35 11 21
35 12 26
35 13 30
35 14 26
35 15 14
35 16 74
35 17 69
35 18 96
35 19 89
35 20 45
35 21 18
35 22 99
35 23 93
35 24 46
35 25 61
35 26 73
35 27 90
35 28 75
35 29 33
35 30 57
35 31 50
35 32 29
35 33 81
35 34 81
35 35 100
35 36 46
35 37 97
35 38 55
35 39 84
35 40 17
35 41 99
35 42 17
35 43 6
35 44 73
35 45 85
35 46 18
35 47 43
35 48 2
35 49 65
35 50 17
35 51 31
35 52 51
35 53 99
35 54 61
35 55 36
35 56 100
35 57 81
35 58 96
35 59 72
35 60 40
35 61 19
35 62 86
35 63 1
35 64 59
35 65 55
35 66 73
35 67 51
35 68 65
35 69 65
35 70 91
35 71 4
35 72 75
35 73 27
35 74 84
35 75 79
35 76 99
35 77 89
35 78 51
35 79 2
35 80 33
35 81 9
35 82 97
35 83 50
35 84 73
35 85 66
35 86 16
35 87 22
35 88 13
35 89 87
35 90 32
35 91 17
35 92 71
35 93 31
35 94 36
35 95 46
35 96 68
35 97 97
35 98 70
35 99 74
35 100 30
36 1 7
36 2 38
36 3 100
36 4 3
36 5 10
36 6 93
36 7 69
36 8 43
36 9 37
36 10 84
36 11 47
36 12 31
36 13 52
36 14 75
36 15 65
36 16 19
36 17 78
36 18 95
36 19 18
36 20 33
36 21 95
36 22 79
36 23 72
36 24 90
36 25 18
36 26 62
36 27 91
36 28 85
36 29 49
36 30 70
36 31 60
36 32 98
36 33 60
36 34 99
36 35 49
36 36 27
36 37 50
36 38 8
36 39 28
36 40 19
36 41 9
36 42 12
36 43 64
36 44 18
36 45 80
36 46 2
36 47 34
36 48 81
36 49 74
36 50 34
36 51 52
36 52 24
36 53 85
36 54 2
36 55 95
36 56 85
36 57 60
36 58 60
36 59 46
36 60 45
36 61 32
36 62 45
36 63 13
36 64 22
36 65 80
36 66 33
36 67 29
36 68 19
36 69 76
36 70 11
36 71 89
36 72 68
36 73 88
36 74 90
36 75 57
36 76 18
36 77 68
36 78 31
36 79 42
36 80 53
36 81 20
36 82 46
36 83 98
36 84 21
36 85 41
36 86 4
36 87 83
36 88 83
36 89 41
36 90 98
36 91 84
36 92 58
36 93 36
36 94 43
36 95 98
36 96 12
36 97 67
36 98 13
36 99 30
36 100 59
37 1 90
37 2 58
37 3 80
37 4 2
37 5 7
37 6 78
37 7 82
37 8 92
37 9 77
37 10 65
37 11 3
37 12 53
37 13 84
37 14 99
37 15 81
37 16 19
37 17 74
37 18 62
37 19 24
37 20 58
37 21 76
37 22 68
37 23 22
37 24 62
37 25 54
37 26 1
37 27 36
37 28 85
37 29 59
37 30 27
37 31 32
37 32 88
37 33 57
37 34 58
37 35 22
37 36 30
37 37 43
37 38 56
37 39 37
37 40 64
37 41 35
37 42 22
37 43 64
37 44 47
37 45 97
37 46 88
37 47 3
37 48 14
37 49 15
37 50 15
37 51 30
37 52 57
37 53 93
37 54 14
37 55 14
37 56 82
37 57 98
37 58 33
37 59 100
37 60 84
37 61 95
37 62 51
37 63 90
37 64 81
37 65 41
37 66 50
37 67 2
37 68 39
37 69 59
37 70 85
37 71 78
37 72 78
37 73 77
37 74 76
37 75 52
37 76 47
37 77 24
37 78 36
37 79 92
37 80 17
37 81 65
37 82 24
37 83 56
37 84 97
37 85 66
37 86 61
37 87 35
37 88 66
37 89 7
37 90 85
37 91 18
37 92 42
37 93 8
37 94 60
37 95 25
37 96 41
37 97 95
37 98 80
37 99 32
37 100 5
38 1 56
38 2 48
38 3 92
38 4 72
38 5 41
38 6 24
38 7 77
38 8 25
38 9 36
38 10 3
38 11 79
38 12 36
38 13 47
38 14 71
38 15 99
38 16 6
38 17 77
38 18 11
38 19 69
38 20 37
38 21 15
38 22 6
38 23 95
38 24 82
38 25 34
38 26 100
38 27 35
38 28 93
38 29 70
38 30 8
38 31 36
38 32 95
38 33 84
38 34 81
38 35 63
38 36 78
38 37 54
38 38 12
38 39 86
38 40 81
38 41 77
38 42 88
38 43 42
38 44 59
38 45 70
38 46 91
38 47 21
38 48 12
38 49 9
38 50 76
38 51 44
38 52 31
38 53 37
38 54 48
38 55 53
38 56 24
38 57 78
38 58 23
38 59 32
38 60 76
38 61 99
38 62 41
38 63 68
38 64 78
38 65 18
38 66 47
38 67 24
38 68 76
38 69 8
38 70 7
38 71 56
38 72 18
38 73 17
38 74 97
38 75 2
38 76 81
38 77 38
38 78 40
38 79 17
38 80 30
38 81 16
38 82 30
38 83 53
38 84 22
38 85 24
38 86 46
38 87 18
38 88 3
38 89 24
38 90 66
38 91 89
38 92 16
38 93 34
38 94 19
38 95 58
38 96 35
38 97 21
38 98 27
38 99 68
38 100 65
39 1 65
39 2 30
39 3 28
39 4 64
39 5 40
39 6 79
39 7 34
39 8 13
39 9 5
39 10 33
39 11 40
39 12 71
39 13 91
39 14 35
39 15 79
39 16 65
39 17 33
39 18 43
39 19 87
39 20 39
39 21 13
39 22 33
39 23 10
39 24 77
39 25 94
39 26 43
39 27 25
39 28 9
39 29 65
39 30 44
39 31 68
39 32 94
39 33 16
39 34 54
39 35 14
39 36 19
39 37 31
39 38 72
39 39 39
39 40 6
39 41 93
39 42 97
39 43 87
39 44 43
39 45 63
39 46 32
39 47 40
39 48 14
39 49 38
39 50 60
39 51 78
39 52 72
39 53 8
39 54 40
39 55 49
39 56 99
39 57 78
39 58 51
39 59 63
39 60 45
39 61 55
39 62 69
39 63 26
39 64 33
39 65 86
39 66 11
39 67 98
39 68 11
39 69 39
39 70 48
39 71 17
39 72 49
39 73 42
39 74 99
39 75 84
39 76 89
39 77 16
39 78 45
39 79 93
39 80 37
39 81 1
39 82 27
39 83 36
39 84 85
39 85 65
39 86 13
39 87 6
39 88 83
39 89 44
39 90 52
39 91 90
39 92 53
39 93 87
39 94 45
39 95 61
39 96 94
39 97 26
39 98 39
39 99 30
39 100 2
40 1 59
40 2 69
40 3 41
40 4 23
40 5 70
40 6 3
40 7 7
40 8 97
40 9 43
40 10 19
40 11 82
40 12 32
40 13 45
40 14 89
40 15 5
40 16 7
40 17 31
40 18 39
40 19 62
40 20 13
40 21 14
40 22 65
40 23 73
40 24 59
40 25 8
40 26 12
40 27 93
40 28 54
40 29 12
40 30 94
40 31 15
40 32 62
40 33 17
40 34 25
40 35 69
40 36 77
40 37 69
40 38 58
40 39 77
40 40 26
40 41 25
40 42 33
40 43 45
40 44 48
40 45 99
40 46 11
40 47 22
40 48 59
40 49 30
40 50 67
40 51 87
40 52 17
40 53 30
40 54 97
40 55 1
40 56 26
40 57 57
40 58 77
40 59 54
40 60 34
40 61 7
40 62 94
40 63 43
40 64 28
40 65 13
40 66 51
40 67 6
40 68 95
40 69 48
40 70 14
40 71 81
40 72 95
40 73 33
40 74 38
40 75 24
40 76 77
40 77 46
40 78 17
40 79 18
40 80 77
40 81 21
40 82 94
40 83 77
40 84 86
40 85 9
40 86 55
40 87 90
40 88 2
40 89 92
40 90 86
40 91 89
40 92 93
40 93 74
40 94 58
40 95 76
40 96 46
40 97 76
40 98 29
40 99 74
40 100 6
41 1 71
41 2 97
41 3 35
41 4 42
41 5 23
41 6 3
41 7 40
41 8 64
41 9 22
41 10 97
41 11 55
41 12 98
41 13 3
41 14 47
41 15 100
41 16 92
41 17 70
41 18 56
41 19 98
41 20 76
41 21 82
41 22 77
41 23 40
41 24 4
41 25 45
41 26 39
41 27 24
41 28 74
41 29 15
41 30 3
41 31 35
41 32 56
41 33 61
41 34 55
41 35 91
41 36 98
41 37 9
41 38 39
41 39 85
41 40 62
41 41 50
41 42 8
41 43 87
41 44 80
41 45 6
41 46 68
41 47 89
41 48 11
41 49 49
41 50 25
41 51 63
41 52 76
41 53 20
41 54 5
41 55 99
41 56 27
41 57 30
41 58 57
41 59 75
41 60 79
41 61 7
41 62 75
41 63 4
41 64 56
41 65 35
41 66 99
41 67 3
41 68 39
41 69 70
41 70 89
41 71 28
41 72 66
41 73 9
41 74 89
41 75 88
41 76 42
41 77 75
41 78 41
41 79 38
41 80 15
41 81 9
41 82 99
41 83 3
41 84 27
41 85 4
41 86 28
41 87 40
41 88 14
41 89 46
41 90 11
41 91 78
41 92 27
41 93 54
41 94 23
41 95 59
41 96 86
41 97 62
41 98 36
41 99 38
41 100 33
42 1 81
42 2 62
42 3 17
42 4 7
42 5 25
42 6 90
42 7 14
42 8 28
42 9 95
42 10 3
42 11 9
42 12 50
42 13 8
42 14 39
42 15 63
42 16 14
42 17 14
42 18 86
42 19 57
42 20 28
42 21 56
42 22 85
42 23 44
42 24 54
42 25 59
42 26 30
42 27 21
42 28 63
42 29 93
42 30 86
42 31 82
42 32 23
42 33 80
42 34 24
42 35 60
42 36 56
42 37 19
42 38 27
42 39 91
42 40 79
42 41 83
42 42 70
42 43 14
42 44 74
42 45 56
42 46 19
42 47 32
42 48 65
42 49 4
42 50 15
42 51 90
42 52 13
42 53 53
42 54 73
42 55 3
42 56 52
42 57 98
42 58 20
42 59 55
42 60 23
42 61 19
42 62 12
42 63 66
42 64 40
42 65 68
42 66 38
42 67 88
42 68 88
42 69 80
42 70 38
42 71 6
42 72 59
42 73 62
42 74 83
42 75 98
42 76 62
42 77 99
42 78 87
42 79 36
42 80 84
42 81 58
42 82 94
42 83 91
42 84 5
42 85 25
42 86 95
42 87 48
42 88 54
42 89 57
42 90 64
42 91 70
42 92 29
42 93 58
42 94 8
42 95 57
42 96 86
42 97 83
42 98 91
42 99 9
42 100 4
43 1 79
43 2 78
43 3 41
43 4 32
43 5 97
43 6 93
43 7 88
43 8 39
43 9 87
43 10 76
43 11 8
43 12 95
43 13 27
43 14 3
43 15 63
43 16 3
43 17 33
43 18 65
43 19 35
43 20 98
43 21 8
43 22 25
43 23 31
43 24 86
43 25 48
43 26 84
43 27 64
43 28 75
43 29 17
43 30 9
43 31 67
43 32 15
43 33 42
43 34 69
43 35 86
43 36 37
43 37 58
43 38 17
43 39 65
43 40 16
43 41 49
43 42 12
43 43 1
43 44 99
43 45 79
43 46 4
43 47 50
43 48 4
43 49 15
43 50 13
43 51 15
43 52 42
43 53 7
43 54 73
43 55 96
43 56 12
43 57 67
43 58 69
43 59 35
43 60 8
43 61 21
43 62 69
43 63 41
43 64 81
43 65 85
43 66 74
43 67 13
43 68 57
43 69 30
43 70 50
43 71 42
43 72 4
43 73 15
43 74 58
43 75 43
43 76 34
43 77 39
43 78 41
43 79 54
43 80 58
43 81 48
43 82 84
43 83 69
43 84 14
43 85 32
43 86 28
43 87 32
43 88 63
43 89 16
43 90 48
43 91 33
43 92 87
43 93 9
43 94 75
43 95 23
43 96 97
43 97 5
43 98 49
43 99 91
43 100 25
44 1 47
44 2 74
44 3 57
44 4 70
44 5 55
44 6 41
44 7 99
44 8 99
44 9 22
44 10 18
44 11 100
44 12 42
44 13 45
44 14 23
44 15 71
44 16 32
44 17 55
44 18 96
44 19 91
44 20 79
44 21 59
44 22 91
44 23 78
44 24 89
44 25 53
44 26 12
44 27 14
44 28 13
44 29 76
44 30 49
44 31 96
44 32 92
44 33 94
44 34 82
44 35 71
44 36 56
44 37 2
44 38 24
44 39 30
44 40 32
44 41 84
44 42 87
44 43 16
44 44 15
44 45 45
44 46 22
44 47 16
44 48 53
44 49 43
44 50 60
44 51 24
44 52 7
44 53 5
44 54 58
44 55 69
44 56 13
44 57 25
44 58 97
44 59 46
44 60 32
44 61 7
44 62 21
44 63 10
44 64 37
44 65 9
44 66 92
44 67 58
44 68 58
44 69 80
44 70 72
44 71 89
44 72 14
44 73 63
44 74 61
44 75 75
44 76 46
44 77 87
44 78 69
44 79 93
44 80 47
44 81 77
44 82 95
44 83 39
44 84 19
44 85 87
44 86 11
44 87 29
44 88 24
44 89 51
44 90 11
44 91 77
44 92 93
44 93 89
44 94 40
44 95 39
44 96 77
44 97 10
44 98 65
44 99 46
44 100 19
45 1 24
45 2 55
45 3 10
45 4 21
45 5 38
45 6 63
45 7 49
45 8 13
45 9 6
45 10 2
45 11 98
45 12 95
45 13 77
45 14 79
45 15 97
45 16 16
45 17 28
45 18 89
45 19 65
45 20 100
45 21 50
45 22 100
45 23 15
45 24 85
45 25 38
45 26 24
45 27 54
45 28 47
45 29 77
45 30 99
45 31 39
45 32 50
45 33 45
45 34 14
45 35 73
45 36 14
45 37 2
45 38 58
45 39 42
45 40 31
45 41 74
45 42 100
45 43 12
45 44 100
45 45 55
45 46 35
45 47 13
45 48 58
45 49 80
45 50 95
45 51 69
45 52 33
45 53 79
45 54 30
45 55 12
45 56 50
45 57 75
45 58 93
45 59 88
45 60 59
45 61 31
45 62 76
45 63 59
45 64 81
45 65 88
45 66 63
45 67 73
45 68 70
45 69 38
45 70 2
45 71 54
45 72 43
45 73 33
45 74 86
45 75 18
45 76 60
45 77 69
45 78 59
45 79 69
45 80 15
45 81 11
45 82 55
45 83 23
45 84 2
45 85 86
45 86 83
45 87 9
45 88 33
45 89 45
45 90 58
45 91 79
45 92 78
45 93 78
45 94 70
45 95 50
45 96 11
45 97 56
45 98 100
45 99 77
45 100 8
46 1 34
46 2 13
46 3 84
46 4 34
46 5 79
46 6 67
46 7 99
46 8 37
46 9 91
46 10 6
46 11 52
46 12 11
46 13 42
46 14 17
46 15 19
46 16 41
46 17 54
46 18 78
46 19 44
46 20 3
46 21 13
46 22 53
46 23 15
46 24 20
46 25 10
46 26 47
46 27 75
46 28 29
46 29 6
46 30 54
46 31 8
46 32 14
46 33 79
46 34 22
46 35 3
46 36 5
46 37 97
46 38 82
46 39 6
46 40 40
46 41 68
46 42 49
46 43 32
46 44 42
46 45 58
46 46 11
46 47 74
46 48 56
46 49 53
46 50 18
46 51 63
46 52 45
46 53 17
46 54 48
46 55 76
46 56 49
46 57 13
46 58 99
46 59 3
46 60 99
46 61 25
46 62 100
46 63 89
46 64 26
46 65 49
46 66 55
46 67 2
46 68 3
46 69 74
46 70 79
46 71 39
46 72 66
46 73 19
46 74 49
46 75 16
46 76 47
46 77 79
46 78 48
46 79 29
46 80 67
46 81 29
46 82 5
46 83 87
46 84 18
46 85 87
46 86 82
46 87 55
46 88 10
46 89 1
46 90 9
46 91 27
46 92 24
46 93 59
46 94 42
46 95 25
46 96 9
46 97 77
46 98 5
46 99 1
46 100 57
47 1 91
47 2 4
47 3 2
47 4 14
47 5 84
47 6 88
47 7 84
47 8 2
47 9 12
47 10 22
47 11 67
47 12 87
47 13 75
47 14 44
47 15 65
47 16 18
47 17 21
47 18 79
47 19 10
47 20 39
47 21 98
47 22 22
47 23 88
47 24 18
47 25 84
47 26 66
47 27 56
47 28 13
47 29 73
47 30 71
47 31 84
47 32 97
47 33 84
47 34 22
47 35 82
47 36 10
47 37 60
47 38 72
47 39 30
47 40 98
47 41 28
47 42 19
47 43 19
47 44 89
47 45 93
47 46 57
47 47 45
47 48 54
47 49 57
47 50 35
47 51 84
47 52 53
47 53 32
47 54 72
47 55 49
47 56 42
47 57 75
47 58 40
47 59 71
47 60 2
47 61 43
47 62 98
47 63 37
47 64 57
47 65 56
47 66 97
47 67 26
47 68 8
47 69 39
47 70 68
47 71 64
47 72 89
47 73 60
47 74 80
47 75 74
47 76 90
47 77 66
47 78 30
47 79 95
47 80 90
47 81 46
47 82 11
47 83 31
47 84 73
47 85 49
47 86 15
47 87 34
47 88 86
47 89 70
47 90 20
47 91 52
47 92 85
47 93 42
47 94 13
47 95 31
47 96 80
47 97 2
47 98 36
47 99 59
47 100 44
48 1 13
48 2 24
48 3 50
48 4 77
48 5 64
48 6 100
48 7 66
48 8 65
48 9 17
48 10 47
48 11 84
48 12 89
48 13 27
48 14 95
48 15 30
48 16 56
48 17 78
48 18 2
48 19 25
48 20 90
48 21 11
48 22 13
48 23 58
48 24 94
48 25 62
48 26 82
48 27 66
48 28 72
48 29 99
48 30 99
48 31 38
48 32 22
48 33 62
48 34 94
48 35 12
48 36 80
48 37 39
48 38 97
48 39 46
48 40 97
48 41 35
48 42 69
48 43 16
48 44 81
48 45 27
48 46 95
48 47 39
48 48 54
48 49 74
48 50 26
48 51 24
48 52 10
48 53 20
48 54 59
48 55 73
48 56 5
48 57 41
48 58 77
48 59 31
48 60 20
48 61 97
48 62 64
48 63 72
48 64 94
48 65 91
48 66 44
48 67 61
48 68 48
48 69 77
48 70 46
48 71 80
48 72 98
48 73 88
48 74 79
48 75 8
48 76 91
48 77 39
48 78 34
48 79 98
48 80 42
48 81 34
48 82 70
48 83 64
48 84 39
48 85 71
48 86 100
48 87 23
48 88 50
48 89 22
48 90 89
48 91 100
48 92 9
48 93 96
48 94 33
48 95 86
48 96 12
48 97 51
48 98 85
48 99 46
48 100 21
49 1 73
49 2 72
49 3 74
49 4 12
49 5 38
49 6 73
49 7 57
49 8 2
49 9 46
49 10 55
49 11 66
49 12 56
49 13 58
49 14 88
49 15 42
49 16 39
49 17 45
49 18 64
49 19 17
49 20 66
49 21 81
49 22 90
49 23 14
49 24 94
49 25 100
49 26 71
49 27 2
49 28 75
49 29 19
49 30 44
49 31 60
49 32 61
49 33 36
49 34 51
49 35 45
49 36 87
49 37 6
49 38 44
49 39 25
49 40 100
49 41 69
49 42 1
49 43 79
49 44 66
49 45 81
49 46 13
49 47 28
49 48 24
49 49 1
49 50 87
49 51 37
49 52 29
49 53 57
49 54 89
49 55 39
49 56 85
49 57 24
49 58 1
49 59 65
49 60 43
49 61 75
49 62 25
49 63 56
49 64 58
49 65 23
49 66 88
49 67 71
49 68 50
49 69 39
49 70 97
49 71 11
49 72 63
49 73 7
49 74 93
49 75 16
49 76 53
49 77 69
49 78 62
49 79 12
49 80 23
49 81 10
49 82 45
49 83 22
49 84 68
49 85 6
49 86 65
49 87 69
49 88 40
49 89 79
49 90 1
49 91 77
49 92 26
49 93 77
49 94 71
49 95 40
49 96 35
49 97 31
49 98 68
49 99 34
49 100 82
50 1 99
50 2 57
50 3 61
50 4 91
50 5 57
50 6 50
50 7 32
50 8 59
50 9 62
50 10 42
50 11 24
50 12 13
50 13 95
50 14 48
50 15 69
50 16 73
50 17 13
50 18 17
50 19 34
50 20 82
50 21 58
50 22 47
50 23 89
50 24 78
50 25 22
50 26 2
50 27 65
50 28 48
50 29 42
50 30 50
50 31 59
50 32 8
50 33 75
50 34 32
50 35 10
50 36 77
50 37 56
50 38 22
50 39 74
50 40 44
50 41 66
50 42 50
50 43 99
50 44 97
50 45 18
50 46 76
50 47 56
50 48 64
50 49 34
50 50 100
50 51 92
50 52 39
50 53 65
50 54 34
50 55 51
50 56 41
50 57 5
50 58 74
50 59 55
50 60 86
50 61 4
50 62 13
50 63 12
50 64 44
50 65 50
50 66 7
50 67 92
50 68 42
50 69 9
50 70 76
50 71 72
50 72 88
50 73 22
50 74 12
50 75 95
50 76 100
50 77 11
50 78 54
50 79 66
50 80 17
50 81 54
50 82 1
50 83 23
50 84 25
50 85 19
50 86 65
50 87 98
50 88 76
50 89 41
50 90 98
50 91 1
50 92 11
50 93 13
50 94 9
50 95 48
50 96 50
50 97 66
50 98 16
50 99 63
50 100 70
51 1 43
51 2 68
51 3 14
51 4 86
51 5 57
51 6 31
51 7 52
51 8 37
51 9 93
51 10 12
51 11 23
51 12 24
51 13 98
51 14 50
51 15 69
51 16 84
51 17 82
51 18 49
51 19 60
51 20 41
51 21 97
51 22 68
51 23 63
51 24 84
51 25 29
51 26 59
51 27 53
51 28 63
51 29 71
51 30 64
51 31 51
51 32 76
51 33 92
51 34 17
51 35 16
51 36 60
51 37 12
51 38 48
51 39 30
51 40 68
51 41 97
51 42 49
51 43 9
51 44 89
51 45 49
51 46 20
51 47 82
51 48 98
51 49 30
51 50 27
51 51 94
51 52 57
51 53 43
51 54 33
51 55 16
51 56 79
51 57 51
51 58 52
51 59 20
51 60 48
51 61 34
51 62 55
51 63 65
51 64 45
51 65 35
51 66 95
51 67 7
51 68 98
51 69 82
51 70 2
51 71 88
51 72 17
51 73 71
51 74 67
51 75 8
51 76 90
51 77 69
51 78 69
51 79 66
51 80 2
51 81 36
51 82 95
51 83 12
51 84 15
51 85 16
51 86 50
51 87 50
51 88 31
51 89 32
51 90 86
51 91 29
51 92 68
51 93 20
51 94 21
51 95 57
51 96 37
51 97 88
51 98 26
51 99 2
51 100 50
52 1 74
52 2 11
52 3 96
52 4 90
52 5 21
52 6 53
52 7 38
52 8 4
52 9 42
52 10 85
52 11 13
52 12 65
52 13 5
52 14 28
52 15 40
52 16 3
52 17 75
52 18 86
52 19 19
52 20 61
52 21 37
52 22 31
52 23 29
52 24 53
52 25 41
52 26 76
52 27 57
52 28 100
52 29 35
52 30 89
52 31 45
52 32 76
52 33 80
52 34 88
52 35 17
52 36 53
52 37 11
52 38 97
52 39 43
52 40 63
52 41 41
52 42 27
52 43 69
52 44 89
52 45 84
52 46 79
52 47 67
52 48 26
52 49 84
52 50 31
52 51 43
52 52 71
52 53 24
52 54 21
52 55 55
52 56 17
52 57 77
52 58 20
52 59 49
52 60 67
52 61 3
52 62 55
52 63 78
52 64 81
52 65 23
52 66 81
52 67 19
52 68 73
52 69 30
52 70 20
52 71 55
52 72 53
52 73 73
52 74 2
52 75 45
52 76 82
52 77 15
52 78 79
52 79 14
52 80 46
52 81 13
52 82 40
52 83 99
52 84 4
52 85 29
52 86 84
52 87 42
52 88 56
52 89 82
52 90 97
52 91 95
52 92 29
52 93 9
52 94 36
52 95 92
52 96 24
52 97 25
52 98 15
52 99 49
52 100 77
53 1 77
53 2 48
53 3 13
53 4 91
53 5 50
53 6 56
53 7 54
53 8 57
53 9 100
53 10 45
53 11 100
53 12 61
53 13 42
53 14 61
53 15 59
53 16 85
53 17 11
53 18 75
53 19 21
53 20 16
53 21 34
53 22 73
53 23 81
53 24 84
53 25 94
53 26 62
53 27 61
53 28 23
53 29 68
53 30 6
53 31 5
53 32 76
53 33 59
53 34 86
53 35 92
53 36 87
53 37 84
53 38 72
53 39 33
53 40 100
53 41 35
53 42 48
53 43 26
53 44 46
53 45 90
53 46 20
53 47 47
53 48 96
53 49 88
53 50 89
53 51 54
53 52 38
53 53 94
53 54 38
53 55 6
53 56 76
53 57 16
53 58 21
53 59 96
53 60 26
53 61 12
53 62 34
53 63 32
53 64 63
53 65 30
53 66 48
53 67 61
53 68 21
53 69 83
53 70 68
53 71 18
53 72 94
53 73 57
53 74 90
53 75 33
53 76 38
53 77 86
53 78 11
53 79 59
53 80 58
53 81 52
53 82 96
53 83 53
53 84 89
53 85 56
53 86 72
53 87 33
53 88 42
53 89 33
53 90 57
53 91 68
53 92 1
53 93 46
53 94 17
53 95 96
53 96 19
53 97 68
53 98 95
53 99 21
53 100 60
54 1 4
54 2 48
54 3 26
54 4 65
54 5 59
54 6 100
54 7 71
54 8 54
54 9 1
54 10 44
54 11 48
54 12 19
54 13 83
54 14 38
54 15 16
54 16 26
54 17 39
54 18 98
54 19 36
54 20 69
54 21 2
54 22 9
54 23 27
54 24 96
54 25 79
54 26 99
54 27 92
54 28 50
54 29 27
54 30 81
54 31 85
54 32 74
54 33 79
54 34 84
54 35 57
54 36 35
54 37 90
54 38 86
54 39 11
54 40 36
54 41 100
54 42 36
54 43 29
54 44 59
54 45 99
54 46 6
54 47 49
54 48 89
54 49 35
54 50 33
54 51 68
54 52 64
54 53 60
54 54 94
54 55 30
54 56 97
54 57 76
54 58 27
54 59 34
54 60 44
54 61 14
54 62 28
54 63 59
54 64 76
54 65 62
54 66 3
54 67 23
54 68 28
54 69 50
54 70 61
54 71 9
54 72 23
54 73 12
54 74 52
54 75 52
54 76 31
54 77 23
54 78 73
54 79 26
54 80 83
54 81 36
54 82 56
54 83 37
54 84 45
54 85 45
54 86 34
54 87 51
54 88 47
54 89 49
54 90 25
54 91 41
54 92 81
54 93 55
54 94 16
54 95 25
54 96 89
54 97 69
54 98 15
54 99 5
54 100 24
55 1 68
55 2 17
55 3 46
55 4 90
55 5 73
55 6 72
55 7 77
55 8 18
55 9 9
55 10 21
55 11 85
55 12 47
55 13 83
55 14 13
55 15 94
55 16 61
55 17 71
55 18 99
55 19 20
55 20 74
55 21 96
55 22 43
55 23 50
55 24 92
55 25 37
55 26 5
55 27 43
55 28 78
55 29 79
55 30 1
55 31 19
55 32 76
55 33 88
55 34 74
55 35 62
55 36 89
55 37 64
55 38 38
55 39 72
55 40 39
55 41 15
55 42 34
55 43 41
55 44 73
55 45 13
55 46 87
55 47 18
55 48 96
55 49 80
55 50 77
55 51 76
55 52 90
55 53 99
55 54 76
55 55 52
55 56 46
55 57 85
55 58 47
55 59 8
55 60 92
55 61 77
55 62 87
55 63 70
55 64 78
55 65 36
55 66 9
55 67 8
55 68 62
55 69 39
55 70 56
55 71 26
55 72 67
55 73 1
55 74 3
55 75 49
55 76 37
55 77 8
55 78 95
55 79 5
55 80 71
55 81 95
55 82 84
55 83 57
55 84 85
55 85 49
55 86 96
55 87 98
55 88 17
55 89 63
55 90 51
55 91 48
55 92 15
55 93 5
55 94 37
55 95 43
55 96 53
55 97 87
55 98 4
55 99 20
55 100 32
56 1 83
56 2 39
56 3 73
56 4 39
56 5 3
56 6 94
56 7 22
56 8 52
56 9 29
56 10 77
56 11 30
56 12 97
56 13 24
56 14 34
56 15 18
56 16 1
56 17 97
56 18 54
56 19 43
56 20 60
56 21 86
56 22 8
56 23 7
56 24 84
56 25 63
56 26 47
56 27 57
56 28 4
56 29 10
56 30 14
56 31 40
56 32 71
56 33 53
56 34 3
56 35 78
56 36 69
56 37 45
56 38 18
56 39 94
56 40 19
56 41 89
56 42 96
56 43 54
56 44 54
56 45 5
56 46 78
56 47 92
56 48 35
56 49 25
56 50 97
56 51 66
56 52 67
56 53 17
56 54 11
56 55 53
56 56 32
56 57 76
56 58 30
56 59 28
56 60 95
56 61 70
56 62 90
56 63 89
56 64 29
56 65 35
56 66 70
56 67 39
56 68 13
56 69 80
56 70 5
56 71 81
56 72 90
56 73 3
56 74 35
56 75 37
56 76 50
56 77 92
56 78 14
56 79 47
56 80 32
56 81 10
56 82 98
56 83 15
56 84 14
56 85 18
56 86 50
56 87 91
56 88 8
56 89 85
56 90 76
56 91 78
56 92 26
56 93 37
56 94 85
56 95 90
56 96 76
56 97 12
56 98 87
56 99 7
56 100 8
57 1 41
57 2 85
57 3 98
57 4 91
57 5 28
57 6 91
57 7 54
57 8 92
57 9 13
57 10 47
57 11 40
57 12 78
57 13 65
57 14 9
57 15 94
57 16 72
57 17 57
57 18 8
57 19 45
57 20 58
57 21 83
57 22 47
57 23 41
57 24 38
57 25 67
57 26 68
57 27 96
57 28 19
57 29 91
57 30 25
57 31 23
57 32 21
57 33 51
57 34 94
57 35 23
57 36 97
57 37 49
57 38 45
57 39 26
57 40 30
57 41 85
57 42 60
57 43 15
57 44 98
57 45 39
57 46 99
57 47 92
57 48 68
57 49 98
57 50 94
57 51 51
57 52 91
57 53 73
57 54 49
57 55 53
57 56 49
57 57 73
57 58 48
57 59 62
57 60 43
57 61 10
57 62 47
57 63 18
57 64 92
57 65 27
57 66 40
57 67 75
57 68 12
57 69 42
57 70 21
57 71 76
57 72 22
57 73 33
57 74 20
57 75 68
57 76 23
57 77 72
57 78 11
57 79 31
57 80 93
57 81 90
57 82 10
57 83 50
57 84 82
57 85 81
57 86 29
57 87 46
57 88 82
57 89 53
57 90 100
57 91 2
57 92 12
57 93 80
57 94 36
57 95 17
57 96 33
57 97 74
57 98 94
57 99 43
57 100 46
58 1 20
58 2 50
58 3 25
58 4 78
58 5 95
58 6 67
58 7 33
58 8 23
58 9 48
58 10 38
58 11 90
58 12 32
58 13 9
58 14 46
58 15 28
58 16 63
58 17 6
58 18 83
58 19 49
58 20 30
58 21 50
58 22 66
58 23 28
58 24 66
58 25 25
58 26 86
58 27 96
58 28 35
58 29 74
58 30 84
58 31 43
58 32 32
58 33 33
58 34 79
58 35 67
58 36 14
58 37 95
58 38 43
58 39 91
58 40 97
58 41 87
58 42 75
58 43 76
58 44 94
58 45 27
58 46 86
58 47 30
58 48 49
58 49 82
58 50 58
58 51 40
58 52 36
58 53 72
58 54 4
58 55 11
58 56 55
58 57 92
58 58 44
58 59 15
58 60 95
58 61 89
58 62 55
58 63 67
58 64 37
58 65 73
58 66 16
58 67 37
58 68 92
58 69 100
58 70 24
58 71 92
58 72 9
58 73 88
58 74 71
58 75 66
58 76 64
58 77 24
58 78 25
58 79 71
58 80 82
58 81 24
58 82 95
58 83 42
58 84 57
58 85 92
58 86 58
58 87 55
58 88 26
58 89 57
58 90 38
58 91 1
58 92 52
58 93 66
58 94 89
58 95 96
58 96 63
58 97 7
58 98 95
58 99 53
58 100 12
59 1 86
59 2 87
59 3 77
59 4 91
59 5 68
59 6 82
59 7 95
59 8 97
59 9 91
59 10 40
59 11 73
59 12 62
59 13 23
59 14 63
59 15 32
59 16 74
59 17 4
59 18 97
59 19 55
59 20 73
59 21 16
59 22 46
59 23 87
59 24 37
59 25 11
59 26 42
59 27 96
59 28 24
59 29 20
59 30 63
59 31 64
59 32 95
59 33 58
59 34 16
59 35 55
59 36 20
59 37 29
59 38 50
59 39 40
59 40 57
59 41 13
59 42 91
59 43 46
59 44 41
59 45 44
59 46 88
59 47 16
59 48 68
59 49 67
59 50 51
59 51 18
59 52 16
59 53 70
59 54 25
59 55 14
59 56 76
59 57 41
59 58 54
59 59 89
59 60 91
59 61 36
59 62 70
59 63 46
59 64 91
59 65 18
59 66 63
59 67 67
59 68 42
59 69 10
59 70 6
59 71 81
59 72 2
59 73 2
59 74 36
59 75 91
59 76 62
59 77 53
59 78 15
59 79 48
59 80 81
59 81 74
59 82 91
59 83 34
59 84 30
59 85 74
59 86 17
59 87 21
59 88 5
59 89 53
59 90 24
59 91 82
59 92 23
59 93 31
59 94 13
59 95 46
59 96 61
59 97 71
59 98 30
59 99 80
59 100 59
60 1 50
60 2 73
60 3 20
60 4 91
60 5 24
60 6 30
60 7 53
60 8 94
60 9 27
60 10 6
60 11 58
60 12 62
60 13 89
60 14 26
60 15 40
60 16 53
60 17 96
60 18 63
60 19 43
60 20 30
60 21 30
60 22 1
60 23 93
60 24 21
60 25 51
60 26 19
60 27 62
60 28 96
60 29 39
60 30 95
60 31 48
60 32 63
60 33 4
60 34 41
60 35 34
60 36 16
60 37 18
60 38 44
60 39 94
60 40 91
60 41 17
60 42 57
60 43 34
60 44 47
60 45 7
60 46 11
60 47 11
60 48 63
60 49 65
60 50 85
60 51 9
60 52 15
60 53 96
60 54 3
60 55 88
60 56 5
60 57 27
60 58 5
60 59 7
60 60 68
60 61 92
60 62 59
60 63 12
60 64 43
60 65 94
60 66 69
60 67 26
60 68 63
60 69 51
60 70 69
60 71 57
60 72 47
60 73 69
60 74 72
60 75 23
60 76 47
60 77 91
60 78 94
60 79 33
60 80 58
60 81 58
60 82 36
60 83 89
60 84 12
60 85 75
60 86 11
60 87 33
60 88 96
60 89 25
60 90 42
60 91 98
60 92 1
60 93 43
60 94 74
60 95 43
60 96 58
60 97 85
60 98 36
60 99 10
60 100 86
61 1 79
61 2 7
61 3 66
61 4 75
61 5 56
61 6 35
61 7 97
61 8 4
61 9 20
61 10 78
61 11 92
61 12 55
61 13 57
61 14 83
61 15 75
61 16 96
61 17 52
61 18 91
61 19 24
61 20 70
61 21 9
61 22 62
61 23 38
61 24 100
61 25 23
61 26 91
61 27 15
61 28 26
61 29 53
61 30 43
61 31 9
61 32 67
61 33 22
61 34 98
61 35 64
61 36 10
61 37 52
61 38 1
61 39 10
61 40 17
61 41 68
61 42 10
61 43 71
61 44 73
61 45 74
61 46 28
61 47 99
61 48 10
61 49 67
61 50 23
61 51 60
61 52 5
61 53 74
61 54 51
61 55 67
61 56 58
61 57 6
61 58 52
61 59 90
61 60 77
61 61 2
61 62 1
61 63 43
61 64 24
61 65 73
61 66 5
61 67 6
61 68 13
61 69 76
61 70 17
61 71 29
61 72 42
61 73 7
61 74 6
61 75 22
61 76 53
61 77 31
61 78 20
61 79 78
61 80 11
61 81 80
61 82 28
61 83 65
61 84 79
61 85 27
61 86 34
61 87 17
61 88 14
61 89 68
61 90 92
61 91 44
61 92 54
61 93 53
61 94 79
61 95 74
61 96 6
61 97 5
61 98 27
61 99 8
61 100 27
62 1 26
62 2 53
62 3 4
62 4 13
62 5 100
62 6 5
62 7 49
62 8 77
62 9 43
62 10 51
62 11 36
62 12 84
62 13 53
62 14 26
62 15 16
62 16 70
62 17 23
62 18 57
62 19 49
62 20 67
62 21 17
62 22 53
62 23 66
62 24 13
62 25 9
62 26 35
62 27 9
62 28 71
62 29 60
62 30 34
62 31 100
62 32 49
62 33 16
62 34 9
62 35 100
62 36 83
62 37 31
62 38 64
62 39 39
62 40 49
62 41 97
62 42 17
62 43 97
62 44 61
62 45 70
62 46 74
62 47 49
62 48 1
62 49 25
62 50 96
62 51 63
62 52 45
62 53 7
62 54 91
62 55 99
62 56 39
62 57 92
62 58 8
62 59 39
62 60 88
62 61 100
62 62 76
62 63 74
62 64 3
62 65 78
62 66 51
62 67 90
62 68 84
62 69 83
62 70 58
62 71 59
62 72 66
62 73 67
62 74 87
62 75 52
62 76 67
62 77 49
62 78 76
62 79 20
62 80 65
62 81 91
62 82 100
62 83 57
62 84 77
62 85 93
62 86 17
62 87 11
62 88 34
62 89 17
62 90 25
62 91 40
62 92 21
62 93 7
62 94 96
62 95 44
62 96 4
62 97 6
62 98 88
62 99 30
62 100 70
63 1 81
63 2 5
63 3 45
63 4 11
63 5 41
63 6 4
63 7 22
63 8 80
63 9 7
63 10 62
63 11 60
63 12 10
63 13 93
63 14 68
63 15 76
63 16 43
63 17 86
63 18 5
63 19 43
63 20 84
63 21 88
63 22 58
63 23 82
63 24 50
63 25 90
63 26 38
63 27 11
63 28 16
63 29 45
63 30 99
63 31 28
63 32 89
63 33 78
63 34 23
63 35 77
63 36 89
63 37 57
63 38 74
63 39 7
63 40 28
63 41 53
63 42 10
63 43 87
63 44 32
63 45 21
63 46 40
63 47 11
63 48 59
63 49 87
63 50 88
63 51 24
63 52 50
63 53 47
63 54 88
63 55 1
63 56 12
63 57 90
63 58 75
63 59 58
63 60 56
63 61 9
63 62 40
63 63 7
63 64 21
63 65 64
63 66 80
63 67 62
63 68 62
63 69 19
63 70 53
63 71 59
63 72 10
63 73 48
63 74 8
63 75 9
63 76 96
63 77 29
63 78 95
63 79 42
63 80 58
63 81 88
63 82 5
63 83 15
63 84 85
63 85 93
63 86 54
63 87 33
63 88 56
63 89 92
63 90 82
63 91 33
63 92 39
63 93 58
63 94 45
63 95 84
63 96 16
63 97 27
63 98 93
63 99 98
63 100 76
64 1 12
64 2 41
64 3 47
64 4 92
64 5 19
64 6 77
64 7 56
64 8 86
64 9 38
64 10 15
64 11 82
64 12 27
64 13 75
64 14 54
64 15 92
64 16 27
64 17 28
64 18 51
64 19 78
64 20 78
64 21 45
64 22 73
64 23 56
64 24 100
64 25 69
64 26 87
64 27 63
64 28 33
64 29 59
64 30 92
64 31 56
64 32 28
64 33 7
64 34 85
64 35 87
64 36 55
64 37 77
64 38 55
64 39 83
64 40 4
64 41 24
64 42 1
64 43 17
64 44 52
64 45 12
64 46 50
64 47 57
64 48 30
64 49 3
64 50 7
64 51 27
64 52 16
64 53 11
64 54 66
64 55 90
64 56 28
64 57 74
64 58 91
64 59 54
64 60 47
64 61 84
64 62 2
64 63 95
64 64 89
64 65 99
64 66 81
64 67 39
64 68 30
64 69 51
64 70 34
64 71 1
64 72 16
64 73 16
64 74 72
64 75 18
64 76 100
64 77 20
64 78 51
64 79 88
64 80 74
64 81 13
64 82 78
64 83 60
64 84 60
64 85 80
64 86 28
64 87 86
64 88 93
64 89 58
64 90 50
64 91 64
64 92 84
64 93 60
64 94 8
64 95 95
64 96 42
64 97 5
64 98 38
64 99 81
64 100 88
65 1 69
65 2 58
65 3 71
65 4 6
65 5 61
65 6 62
65 7 100
65 8 18
65 9 2
65 10 21
65 11 72
65 12 41
65 13 26
65 14 24
65 15 70
65 16 100
65 17 42
65 18 66
65 19 13
65 20 28
65 21 65
65 22 32
65 23 1
65 24 64
65 25 56
65 26 41
65 27 74
65 28 42
65 29 14
65 30 54
65 31 28
65 32 76
65 33 83
65 34 52
65 35 30
65 36 30
65 37 15
65 38 11
65 39 98
65 40 2
65 41 48
65 42 97
65 43 92
65 44 85
65 45 73
65 46 2
65 47 72
65 48 31
65 49 98
65 50 40
65 51 73
65 52 88
65 53 21
65 54 80
65 55 27
65 56 68
65 57 56
65 58 85
65 59 8
65 60 49
65 61 24
65 62 84
65 63 29
65 64 82
65 65 24
65 66 1
65 67 87
65 68 29
65 69 46
65 70 46
65 71 59
65 72 9
65 73 33
65 74 70
65 75 1
65 76 94
65 77 18
65 78 69
65 79 23
65 80 9
65 81 7
65 82 4
65 83 87
65 84 73
65 85 34
65 86 21
65 87 73
65 88 46
65 89 16
65 90 53
65 91 40
65 92 61
65 93 97
65 94 5
65 95 50
65 96 8
65 97 65
65 98 88
65 99 45
65 100 90
66 1 13
66 2 99
66 3 25
66 4 65
66 5 60
66 6 54
66 7 64
66 8 88
66 9 3
66 10 1
66 11 31
66 12 55
66 13 97
66 14 68
66 15 79
66 16 80
66 17 6
66 18 41
66 19 47
66 20 99
66 21 92
66 22 35
66 23 28
66 24 53
66 25 62
66 26 40
66 27 63
66 28 12
66 29 24
66 30 67
66 31 28
66 32 98
66 33 34
66 34 10
66 35 52
66 36 13
66 37 48
66 38 62
66 39 47
66 40 38
66 41 3
66 42 95
66 43 96
66 44 51
66 45 69
66 46 61
66 47 96
66 48 28
66 49 75
66 50 62
66 51 14
66 52 7
66 53 34
66 54 70
66 55 56
66 56 98
66 57 2
66 58 39
66 59 90
66 60 91
66 61 67
66 62 53
66 63 68
66 64 16
66 65 5
66 66 79
66 67 31
66 68 68
66 69 86
66 70 14
66 71 99
66 72 16
66 73 24
66 74 83
66 75 27
66 76 26
66 77 67
66 78 55
66 79 45
66 80 2
66 81 47
66 82 34
66 83 45
66 84 28
66 85 46
66 86 29
66 87 88
66 88 97
66 89 75
66 90 97
66 91 83
66 92 48
66 93 37
66 94 67
66 95 3
66 96 89
66 97 28
66 98 75
66 99 4
66 100 89
67 1 56
67 2 45
67 3 13
67 4 98
67 5 39
67 6 62
67 7 97
67 8 78
67 9 17
67 10 30
67 11 60
67 12 46
67 13 19
67 14 51
67 15 85
67 16 85
67 17 58
67 18 39
67 19 62
67 20 93
67 21 63
67 22 87
67 23 44
67 24 35
67 25 46
67 26 83
67 27 22
67 28 41
67 29 27
67 30 18
67 31 79
67 32 90
67 33 35
67 34 11
67 35 54
67 36 68
67 37 60
67 38 49
67 39 53
67 40 60
67 41 18
67 42 81
67 43 70
67 44 89
67 45 34
67 46 68
67 47 6
67 48 31
67 49 3
67 50 20
67 51 30
67 52 17
67 53 23
67 54 36
67 55 43
67 56 38
67 57 80
67 58 15
67 59 22
67 60 81
67 61 61
67 62 58
67 63 55
67 64 13
67 65 94
67 66 62
67 67 32
67 68 43
67 69 57
67 70 10
67 71 80
67 72 16
67 73 58
67 74 22
67 75 37
67 76 97
67 77 63
67 78 36
67 79 15
67 80 77
67 81 10
67 82 91
67 83 26
67 84 26
67 85 40
67 86 6
67 87 48
67 88 15
67 89 43
67 90 98
67 91 15
67 92 56
67 93 91
67 94 13
67 95 42
67 96 72
67 97 10
67 98 60
67 99 77
67 100 67
68 1 54
68 2 26
68 3 51
68 4 1
68 5 92
68 6 59
68 7 9
68 8 65
68 9 87
68 10 20
68 11 81
68 12 55
68 13 41
68 14 73
68 15 69
68 16 77
68 17 55
68 18 29
68 19 9
68 20 83
68 21 46
68 22 75
68 23 66
68 24 43
68 25 9
68 26 27
68 27 85
68 28 22
68 29 55
68 30 53
68 31 58
68 32 52
68 33 25
68 34 18
68 35 35
68 36 29
68 37 43
68 38 28
68 39 44
68 40 45
68 41 57
68 42 78
68 43 29
68 44 3
68 45 64
68 46 28
68 47 81
68 48 19
68 49 92
68 50 74
68 51 79
68 52 65
68 53 80
68 54 91
68 55 53
68 56 80
68 57 69
68 58 59
68 59 28
68 60 18
68 61 52
68 62 70
68 63 23
68 64 99
68 65 33
68 66 52
68 67 42
68 68 2
68 69 79
68 70 68
68 71 22
68 72 94
68 73 100
68 74 69
68 75 80
68 76 14
68 77 51
68 78 33
68 79 89
68 80 79
68 81 8
68 82 35
68 83 26
68 84 42
68 85 13
68 86 35
68 87 30
68 88 57
68 89 29
68 90 36
68 91 99
68 92 74
68 93 24
68 94 5
68 95 24
68 96 59
68 97 13
68 98 13
68 99 96
68 100 39
69 1 75
69 2 80
69 3 71
69 4 31
69 5 14
69 6 56
69 7 26
69 8 33
69 9 24
69 10 78
69 11 30
69 12 10
69 13 46
69 14 30
69 15 15
69 16 20
69 17 91
69 18 57
69 19 55
69 20 55
69 21 90
69 22 19
69 23 72
69 24 80
69 25 25
69 26 66
69 27 52
69 28 81
69 29 22
69 30 59
69 31 59
69 32 32
69 33 80
69 34 76
69 35 74
69 36 19
69 37 83
69 38 92
69 39 56
69 40 75
69 41 25
69 42 86
69 43 72
69 44 88
69 45 30
69 46 75
69 47 47
69 48 32
69 49 25
69 50 51
69 51 21
69 52 3
69 53 60
69 54 48
69 55 75
69 56 64
69 57 55
69 58 2
69 59 31
69 60 62
69 61 73
69 62 27
69 63 93
69 64 48
69 65 77
69 66 20
69 67 79
69 68 57
69 69 3
69 70 36
69 71 76
69 72 13
69 73 93
69 74 54
69 75 70
69 76 90
69 77 61
69 78 72
69 79 62
69 80 18
69 81 76
69 82 91
69 83 62
69 84 92
69 85 88
69 86 94
69 87 39
69 88 30
69 89 59
69 90 80
69 91 44
69 92 29
69 93 33
69 94 87
69 95 32
69 96 31
69 97 48
69 98 76
69 99 97
69 100 33
70 1 7
70 2 84
70 3 53
70 4 16
70 5 62
70 6 61
70 7 4
70 8 43
70 9 49
70 10 30
70 11 75
70 12 62
70 13 23
70 14 62
70 15 29
70 16 60
70 17 90
70 18 50
70 19 96
70 20 15
70 21 71
70 22 82
70 23 11
70 24 75
70 25 85
70 26 41
70 27 71
70 28 95
70 29 40
70 30 72
70 31 27
70 32 88
70 33 23
70 34 80
70 35 98
70 36 92
70 37 17
70 38 64
70 39 66
70 40 29
70 41 75
70 42 43
70 43 56
70 44 30
70 45 23
70 46 28
70 47 61
70 48 25
70 49 83
70 50 81
70 51 59
70 52 52
70 53 70
70 54 97
70 55 85
70 56 48
70 57 59
70 58 11
70 59 48
70 60 96
70 61 78
70 62 60
70 63 2
70 64 27
70 65 8
70 66 71
70 67 13
70 68 49
70 69 12
70 70 71
70 71 10
70 72 6
70 73 85
70 74 2
70 75 23
70 76 83
70 77 92
70 78 72
70 79 27
70 80 25
70 81 17
70 82 90
70 83 37
70 84 21
70 85 58
70 86 90
70 87 8
70 88 65
70 89 22
70 90 86
70 91 32
70 92 12
70 93 45
70 94 16
70 95 38
70 96 26
70 97 36
70 98 91
70 99 3
70 100 10
71 1 60
71 2 92
71 3 42
71 4 35
71 5 64
71 6 100
71 7 48
71 8 23
71 9 84
71 10 30
71 11 30
71 12 76
71 13 75
71 14 28
71 15 82
71 16 21
71 17 43
71 18 64
71 19 79
71 20 73
71 21 59
71 22 56
71 23 60
71 24 70
71 25 79
71 26 48
71 27 8
71 28 68
71 29 83
71 30 11
71 31 81
71 32 66
71 33 80
71 34 74
71 35 29
71 36 26
71 37 78
71 38 40
71 39 96
71 40 43
71 41 95
71 42 18
71 43 59
71 44 97
71 45 14
71 46 62
71 47 22
71 48 17
71 49 15
71 50 95
71 51 23
71 52 25
71 53 76
71 54 58
71 55 7
71 56 26
71 57 31
71 58 54
71 59 64
71 60 84
71 61 81
71 62 78
71 63 7
71 64 53
71 65 9
71 66 22
71 67 87
71 68 2
71 69 88
71 70 23
71 71 26
71 72 1
71 73 29
71 74 75
71 75 80
71 76 18
71 77 72
71 78 42
71 79 53
71 80 98
71 81 76
71 82 12
71 83 14
71 84 50
71 85 23
71 86 16
71 87 3
71 88 23
71 89 30
71 90 89
71 91 42
71 92 17
71 93 80
71 94 70
71 95 74
71 96 32
71 97 71
71 98 62
71 99 15
71 100 88
72 1 48
72 2 72
72 3 36
72 4 18
72 5 2
72 6 65
72 7 77
72 8 79
72 9 64
72 10 37
72 11 59
72 12 97
72 13 2
72 14 75
72 15 33
72 16 19
72 17 19
72 18 8
72 19 9
72 20 66
72 21 86
72 22 10
72 23 68
72 24 64
72 25 62
72 26 88
72 27 86
72 28 50
72 29 36
72 30 62
72 31 41
72 32 60
72 33 48
72 34 64
72 35 56
72 36 3
72 37 60
72 38 60
72 39 73
72 40 69
72 41 43
72 42 76
72 43 33
72 44 54
72 45 84
72 46 100
72 47 26
72 48 32
72 49 13
72 50 74
72 51 81
72 52 29
72 53 46
72 54 16
72 55 72
72 56 90
72 57 78
72 58 21
72 59 10
72 60 20
72 61 32
72 62 18
72 63 37
72 64 71
72 65 48
72 66 52
72 67 33
72 68 77
72 69 71
72 70 50
72 71 41
72 72 11
72 73 65
72 74 80
72 75 13
72 76 7
72 77 99
72 78 78
72 79 10
72 80 25
72 81 10
72 82 87
72 83 61
72 84 47
72 85 4
72 86 100
72 87 73
72 88 66
72 89 31
72 90 64
72 91 74
72 92 26
72 93 17
72 94 14
72 95 35
72 96 66
72 97 15
72 98 43
72 99 66
72 100 2
73 1 41
73 2 22
73 3 72
73 4 88
73 5 97
73 6 85
73 7 71
73 8 30
73 9 59
73 10 55
73 11 63
73 12 25
73 13 11
73 14 49
73 15 86
73 16 15
73 17 81
73 18 53
73 19 70
73 20 75
73 21 23
73 22 78
73 23 22
73 24 45
73 25 26
73 26 98
73 27 52
73 28 99
73 29 99
73 30 53
73 31 27
73 32 6
73 33 57
73 34 95
73 35 11
73 36 83
73 37 69
73 38 55
73 39 77
73 40 36
73 41 88
73 42 11
73 43 68
73 44 5
73 45 96
73 46 53
73 47 79
73 48 82
73 49 84
73 50 65
73 51 70
73 52 83
73 53 50
73 54 49
73 55 89
73 56 49
73 57 80
73 58 18
73 59 6
73 60 46
73 61 43
73 62 22
73 63 22
73 64 37
73 65 82
73 66 85
73 67 68
73 68 88
73 69 75
73 70 43
73 71 97
73 72 91
73 73 34
73 74 2
73 75 22
73 76 30
73 77 80
73 78 52
73 79 99
73 80 44
73 81 50
73 82 92
73 83 97
73 84 83
73 85 87
73 86 53
73 87 87
73 88 64
73 89 98
73 90 38
73 91 53
73 92 21
73 93 56
73 94 73
73 95 54
73 96 18
73 97 90
73 98 17
73 99 32
73 100 22
74 1 13
74 2 39
74 3 70
74 4 30
74 5 92
74 6 24
74 7 61
74 8 12
74 9 38
74 10 20
74 11 87
74 12 44
74 13 93
74 14 90
74 15 73
74 16 45
74 17 98
74 18 69
74 19 34
74 20 69
74 21 54
74 22 30
74 23 5
74 24 26
74 25 47
74 26 80
74 27 90
74 28 66
74 29 38
74 30 26
74 31 95
74 32 96
74 33 37
74 34 6
74 35 84
74 36 41
74 37 37
74 38 73
74 39 37
74 40 90
74 41 36
74 42 28
74 43 87
74 44 62
74 45 27
74 46 96
74 47 6
74 48 33
74 49 7
74 50 90
74 51 86
74 52 80
74 53 96
74 54 84
74 55 26
74 56 19
74 57 19
74 58 84
74 59 30
74 60 77
74 61 72
74 62 14
74 63 20
74 64 19
74 65 26
74 66 96
74 67 10
74 68 33
74 69 53
74 70 5
74 71 33
74 72 76
74 73 9
74 74 2
74 75 7
74 76 29
74 77 5
74 78 71
74 79 86
74 80 47
74 81 36
74 82 32
74 83 39
74 84 12
74 85 60
74 86 92
74 87 8
74 88 47
74 89 77
74 90 80
74 91 61
74 92 15
74 93 76
74 94 72
74 95 83
74 96 2
74 97 87
74 98 61
74 99 51
74 100 98
75 1 59
75 2 59
75 3 32
75 4 67
75 5 11
75 6 49
75 7 1
75 8 69
75 9 86
75 10 15
75 11 3
75 12 52
75 13 15
75 14 31
75 15 38
75 16 86
75 17 24
75 18 52
75 19 40
75 20 20
75 21 82
75 22 45
75 23 85
75 24 65
75 25 94
75 26 42
75 27 83
75 28 53
75 29 14
75 30 86
75 31 68
75 32 28
75 33 13
75 34 20
75 35 56
75 36 37
75 37 67
75 38 20
75 39 5
75 40 12
75 41 65
75 42 84
75 43 78
75 44 48
75 45 37
75 46 22
75 47 10
75 48 100
75 49 30
75 50 89
75 51 25
75 52 49
75 53 70
75 54 87
75 55 45
75 56 33
75 57 22
75 58 27
75 59 6
75 60 92
75 61 46
75 62 75
75 63 29
75 64 7
75 65 41
75 66 87
75 67 24
75 68 54
75 69 99
75 70 24
75 71 44
75 72 94
75 73 97
75 74 77
75 75 14
75 76 47
75 77 70
75 78 36
75 79 94
75 80 38
75 81 37
75 82 30
75 83 17
75 84 58
75 85 22
75 86 7
75 87 71
75 88 76
75 89 63
75 90 48
75 91 88
75 92 97
75 93 8
75 94 26
75 95 89
75 96 44
75 97 24
75 98 16
75 99 9
75 100 56
76 1 100
76 2 77
76 3 19
76 4 2
76 5 92
76 6 70
76 7 69
76 8 2
76 9 16
76 10 66
76 11 29
76 12 52
76 13 50
76 14 89
76 15 11
76 16 30
76 17 14
76 18 68
76 19 15
76 20 56
76 21 64
76 22 91
76 23 52
76 24 63
76 25 15
76 26 90
76 27 28
76 28 49
76 29 46
76 30 76
76 31 79
76 32 78
76 33 41
76 34 18
76 35 6
76 36 44
76 37 31
76 38 72
76 39 77
76 40 9
76 41 50
76 42 37
76 43 74
76 44 2
76 45 33
76 46 80
76 47 96
76 48 37
76 49 62
76 50 8
76 51 80
76 52 22
76 53 35
76 54 18
76 55 4
76 56 94
76 57 60
76 58 23
76 59 50
76 60 92
76 61 59
76 62 46
76 63 89
76 64 19
76 65 85
76 66 44
76 67 7
76 68 92
76 69 13
76 70 84
76 71 81
76 72 81
76 73 77
76 74 9
76 75 55
76 76 92
76 77 36
76 78 39
76 79 31
76 80 23
76 81 88
76 82 24
76 83 40
76 84 18
76 85 59
76 86 10
76 87 79
76 88 44
76 89 33
76 90 20
76 91 52
76 92 98
76 93 60
76 94 12
76 95 51
76 96 71
76 97 66
76 98 37
76 99 66
76 100 73
77 1 71
77 2 96
77 3 82
77 4 75
77 5 52
77 6 54
77 7 63
77 8 92
77 9 17
77 10 7
77 11 47
77 12 98
77 13 74
77 14 25
77 15 72
77 16 16
77 17 20
77 18 30
77 19 22
77 20 17
77 21 17
77 22 69
77 23 74
77 24 15
77 25 78
77 26 98
77 27 45
77 28 35
77 29 69
77 30 44
77 31 32
77 32 54
77 33 21
77 34 73
77 35 100
77 36 10
77 37 83
77 38 11
77 39 88
77 40 34
77 41 31
77 42 43
77 43 75
77 44 14
77 45 29
77 46 69
77 47 24
77 48 94
77 49 70
77 50 100
77 51 89
77 52 47
77 53 45
77 54 17
77 55 62
77 56 17
77 57 68
77 58 35
77 59 67
77 60 93
77 61 58
77 62 13
77 63 86
77 64 83
77 65 90
77 66 63
77 67 10
77 68 35
77 69 17
77 70 94
77 71 73
77 72 69
77 73 88
77 74 6
77 75 89
77 76 13
77 77 50
77 78 72
77 79 47
77 80 17
77 81 35
77 82 75
77 83 81
77 84 90
77 85 54
77 86 34
77 87 74
77 88 37
77 89 17
77 90 12
77 91 88
77 92 54
77 93 18
77 94 78
77 95 11
77 96 92
77 97 19
77 98 86
77 99 55
77 100 50
78 1 95
78 2 45
78 3 35
78 4 50
78 5 71
78 6 94
78 7 81
78 8 68
78 9 86
78 10 5
78 11 12
78 12 83
78 13 20
78 14 46
78 15 40
78 16 11
78 17 78
78 18 52
78 19 21
78 20 29
78 21 61
78 22 21
78 23 89
78 24 70
78 25 37
78 26 62
78 27 23
78 28 36
78 29 73
78 30 32
78 31 94
78 32 86
78 33 70
78 34 77
78 35 60
78 36 2
78 37 25
78 38 72
78 39 77
78 40 47
78 41 90
78 42 98
78 43 65
78 44 67
78 45 14
78 46 51
78 47 21
78 48 99
78 49 22
78 50 100
78 51 33
78 52 21
78 53 26
78 54 93
78 55 96
78 56 99
78 57 78
78 58 81
78 59 21
78 60 64
78 61 23
78 62 71
78 63 74
78 64 100
78 65 48
78 66 96
78 67 86
78 68 90
78 69 50
78 70 100
78 71 40
78 72 98
78 73 96
78 74 68
78 75 60
78 76 22
78 77 31
78 78 58
78 79 3
78 80 71
78 81 37
78 82 99
78 83 15
78 84 21
78 85 46
78 86 27
78 87 2
78 88 66
78 89 68
78 90 88
78 91 15
78 92 2
78 93 91
78 94 4
78 95 82
78 96 31
78 97 83
78 98 22
78 99 33
78 100 5
79 1 64
79 2 24
79 3 99
79 4 9
79 5 43
79 6 24
79 7 47
79 8 9
79 9 62
79 10 68
79 11 38
79 12 29
79 13 95
79 14 96
79 15 68
79 16 29
79 17 88
79 18 80
79 19 21
79 20 98
79 21 79
79 22 80
79 23 58
79 24 39
79 25 16
79 26 99
79 27 68
79 28 40
79 29 6
79 30 26
79 31 89
79 32 91
79 33 16
79 34 60
79 35 9
79 36 43
79 37 38
79 38 100
79 39 43
79 40 93
79 41 71
79 42 97
79 43 76
79 44 51
79 45 15
79 46 32
79 47 2
79 48 9
79 49 93
79 50 44
79 51 98
79 52 27
79 53 13
79 54 96
79 55 95
79 56 71
79 57 78
79 58 62
79 59 67
79 60 58
79 61 28
79 62 99
79 63 45
79 64 72
79 65 59
79 66 99
79 67 82
79 68 7
79 69 82
79 70 89
79 71 38
79 72 55
79 73 19
79 74 27
79 75 2
79 76 93
79 77 35
79 78 2
79 79 26
79 80 96
79 81 97
79 82 27
79 83 79
79 84 99
79 85 6
79 86 7
79 87 38
79 88 57
79 89 21
79 90 70
79 91 77
79 92 17
79 93 20
79 94 84
79 95 85
79 96 28
79 97 97
79 98 77
79 99 37
79 100 76
80 1 30
80 2 73
80 3 15
80 4 19
80 5 57
80 6 43
80 7 48
80 8 8
80 9 34
80 10 66
80 11 51
80 12 74
80 13 92
80 14 3
80 15 24
80 16 37
80 17 13
80 18 64
80 19 93
80 20 8
80 21 34
80 22 73
80 23 15
80 24 66
80 25 25
80 26 21
80 27 5
80 28 43
80 29 61
80 30 56
80 31 57
80 32 16
80 33 21
80 34 88
80 35 85
80 36 73
80 37 89
80 38 54
80 39 82
80 40 62
80 41 61
80 42 57
80 43 36
80 44 9
80 45 73
80 46 42
80 47 65
80 48 58
80 49 3
80 50 47
80 51 31
80 52 6
80 53 25
80 54 86
80 55 25
80 56 2
80 57 14
80 58 50
80 59 59
80 60 2
80 61 9
80 62 85
80 63 100
80 64 18
80 65 17
80 66 34
80 67 83
80 68 41
80 69 18
80 70 8
80 71 78
80 72 96
80 73 78
80 74 29
80 75 18
80 76 15
80 77 84
80 78 6
80 79 64
80 80 47
80 81 31
80 82 42
80 83 90
80 84 5
80 85 82
80 86 79
80 87 31
80 88 45
80 89 89
80 90 20
80 91 44
80 92 23
80 93 98
80 94 66
80 95 59
80 96 70
80 97 34
80 98 27
80 99 88
80 100 82
81 1 66
81 2 93
81 3 30
81 4 37
81 5 44
81 6 28
81 7 23
81 8 85
81 9 46
81 10 91
81 11 30
81 12 13
81 13 92
81 14 38
81 15 90
81 16 78
81 17 90
81 18 91
81 19 24
81 20 95
81 21 6
81 22 18
81 23 30
81 24 73
81 25 45
81 26 91
81 27 77
81 28 42
81 29 93
81 30 70
81 31 78
81 32 15
81 33 22
81 34 98
81 35 83
81 36 8
81 37 76
81 38 67
81 39 36
81 40 13
81 41 43
81 42 2
81 43 73
81 44 79
81 45 7
81 46 60
81 47 50
81 48 12
81 49 98
81 50 46
81 51 36
81 52 51
81 53 42
81 54 15
81 55 43
81 56 50
81 57 52
81 58 26
81 59 14
81 60 7
81 61 11
81 62 85
81 63 54
81 64 63
81 65 16
81 66 18
81 67 73
81 68 67
81 69 76
81 70 4
81 71 58
81 72 43
81 73 95
81 74 9
81 75 29
81 76 6
81 77 31
81 78 98
81 79 39
81 80 10
81 81 76
81 82 79
81 83 91
81 84 53
81 85 77
81 86 33
81 87 81
81 88 82
81 89 61
81 90 44
81 91 9
81 92 85
81 93 2
81 94 93
81 95 38
81 96 63
81 97 37
81 98 45
81 99 17
81 100 16
82 1 43
82 2 41
82 3 15
82 4 23
82 5 4
82 6 64
82 7 8
82 8 37
82 9 52
82 10 31
82 11 12
82 12 40
82 13 46
82 14 28
82 15 14
82 16 28
82 17 97
82 18 53
82 19 51
82 20 17
82 21 70
82 22 37
82 23 98
82 24 29
82 25 55
82 26 62
82 27 95
82 28 62
82 29 60
82 30 74
82 31 81
82 32 95
82 33 24
82 34 74
82 35 41
82 36 93
82 37 36
82 38 34
82 39 3
82 40 95
82 41 69
82 42 85
82 43 93
82 44 9
82 45 95
82 46 74
82 47 15
82 48 71
82 49 30
82 50 46
82 51 43
82 52 88
82 53 45
82 54 77
82 55 78
82 56 83
82 57 51
82 58 54
82 59 68
82 60 19
82 61 54
82 62 55
82 63 87
82 64 36
82 65 68
82 66 60
82 67 12
82 68 6
82 69 70
82 70 24
82 71 71
82 72 7
82 73 43
82 74 3
82 75 37
82 76 42
82 77 24
82 78 87
82 79 100
82 80 28
82 81 23
82 82 94
82 83 39
82 84 96
82 85 33
82 86 91
82 87 72
82 88 27
82 89 34
82 90 55
82 91 5
82 92 23
82 93 30
82 94 94
82 95 15
82 96 83
82 97 84
82 98 70
82 99 91
82 100 51
83 1 27
83 2 79
83 3 74
83 4 89
83 5 67
83 6 66
83 7 62
83 8 65
83 9 40
83 10 55
83 11 23
83 12 89
83 13 87
83 14 30
83 15 8
83 16 94
83 17 7
83 18 84
83 19 99
83 20 96
83 21 71
83 22 15
83 23 67
83 24 12
83 25 13
83 26 21
83 27 11
83 28 20
83 29 88
83 30 36
83 31 54
83 32 25
83 33 26
83 34 65
83 35 18
83 36 56
83 37 93
83 38 81
83 39 39
83 40 21
83 41 83
83 42 46
83 43 12
83 44 67
83 45 29
83 46 4
83 47 45
83 48 38
83 49 11
83 50 16
83 51 10
83 52 20
83 53 18
83 54 6
83 55 26
83 56 90
83 57 35
83 58 70
83 59 37
83 60 73
83 61 87
83 62 38
83 63 53
83 64 71
83 65 38
83 66 78
83 67 68
83 68 6
83 69 11
83 70 22
83 71 96
83 72 45
83 73 51
83 74 62
83 75 71
83 76 55
83 77 45
83 78 76
83 79 89
83 80 84
83 81 93
83 82 48
83 83 94
83 84 50
83 85 26
83 86 88
83 87 24
83 88 9
83 89 58
83 90 100
83 91 28
83 92 30
83 93 66
83 94 19
83 95 83
83 96 100
83 97 13
83 98 2
83 99 12
83 100 33
84 1 88
84 2 68
84 3 60
84 4 17
84 5 43
84 6 51
84 7 53
84 8 91
84 9 31
84 10 39
84 11 56
84 12 27
84 13 35
84 14 92
84 15 96
84 16 99
84 17 39
84 18 35
84 19 29
84 20 52
84 21 50
84 22 5
84 23 58
84 24 73
84 25 31
84 26 7
84 27 21
84 28 8
84 29 95
84 30 59
84 31 82
84 32 13
84 33 97
84 34 27
84 35 1
84 36 32
84 37 18
84 38 23
84 39 5
84 40 38
84 41 24
84 42 55
84 43 60
84 44 10
84 45 74
84 46 96
84 47 6
84 48 23
84 49 17
84 50 88
84 51 48
84 52 52
84 53 7
84 54 2
84 55 34
84 56 96
84 57 89
84 58 10
84 59 13
84 60 42
84 61 75
84 62 23
84 63 91
84 64 23
84 65 42
84 66 62
84 67 86
84 68 58
84 69 6
84 70 51
84 71 100
84 72 25
84 73 86
84 74 22
84 75 1
84 76 61
84 77 68
84 78 79
84 79 56
84 80 83
84 81 20
84 82 7
84 83 15
84 84 85
84 85 26
84 86 66
84 87 74
84 88 64
84 89 58
84 90 18
84 91 77
84 92 80
84 93 57
84 94 69
84 95 48
84 96 54
84 97 30
84 98 71
84 99 57
84 100 4
85 1 95
85 2 98
85 3 96
85 4 82
85 5 51
85 6 60
85 7 66
85 8 30
85 9 66
85 10 95
85 11 68
85 12 33
85 13 2
85 14 27
85 15 22
85 16 76
85 17 59
85 18 18
85 19 77
85 20 1
85 21 96
85 22 86
85 23 25
85 24 62
85 25 12
85 26 28
85 27 27
85 28 49
85 29 73
85 30 21
85 31 45
85 32 62
85 33 29
85 34 68
85 35 76
85 36 2
85 37 13
85 38 29
85 39 7
85 40 27
85 41 78
85 42 34
85 43 53
85 44 72
85 45 25
85 46 81
85 47 87
85 48 60
85 49 54
85 50 16
85 51 50
85 52 55
85 53 97
85 54 46
85 55 47
85 56 41
85 57 71
85 58 46
85 59 58
85 60 46
85 61 94
85 62 72
85 63 76
85 64 35
85 65 56
85 66 20
85 67 12
85 68 42
85 69 21
85 70 90
85 71 93
85 72 34
85 73 64
85 74 13
85 75 95
85 76 60
85 77 54
85 78 47
85 79 86
85 80 14
85 81 92
85 82 46
85 83 59
85 84 7
85 85 4
85 86 92
85 87 79
85 88 55
85 89 85
85 90 54
85 91 85
85 92 79
85 93 7
85 94 79
85 95 19
85 96 96
85 97 97
85 98 60
85 99 70
85 100 74
86 1 96
86 2 75
86 3 94
86 4 96
86 5 9
86 6 48
86 7 13
86 8 23
86 9 10
86 10 55
86 11 56
86 12 41
86 13 87
86 14 94
86 15 43
86 16 23
86 17 42
86 18 75
86 19 53
86 20 21
86 21 61
86 22 36
86 23 56
86 24 3
86 25 4
86 26 60
86 27 48
86 28 99
86 29 28
86 30 4
86 31 76
86 32 37
86 33 89
86 34 53
86 35 45
86 36 89
86 37 94
86 38 70
86 39 34
86 40 23
86 41 59
86 42 81
86 43 4
86 44 3
86 45 13
86 46 38
86 47 56
86 48 22
86 49 69
86 50 76
86 51 38
86 52 22
86 53 15
86 54 22
86 55 79
86 56 86
86 57 19
86 58 1
86 59 74
86 60 32
86 61 39
86 62 71
86 63 7
86 64 73
86 65 35
86 66 8
86 67 15
86 68 85
86 69 56
86 70 57
86 71 75
86 72 68
86 73 91
86 74 74
86 75 5
86 76 48
86 77 85
86 78 93
86 79 13
86 80 88
86 81 85
86 82 79
86 83 96
86 84 83
86 85 64
86 86 100
86 87 78
86 88 97
86 89 50
86 90 39
86 91 66
86 92 13
86 93 100
86 94 65
86 95 67
86 96 96
86 97 90
86 98 84
86 99 25
86 100 15
87 1 84
87 2 7
87 3 75
87 4 22
87 5 18
87 6 10
87 7 62
87 8 66
87 9 55
87 10 65
87 11 40
87 12 92
87 13 9
87 14 24
87 15 6
87 16 32
87 17 64
87 18 44
87 19 28
87 20 22
87 21 43
87 22 24
87 23 14
87 24 78
87 25 7
87 26 82
87 27 53
87 28 49
87 29 38
87 30 42
87 31 29
87 32 100
87 33 36
87 34 31
87 35 74
87 36 35
87 37 40
87 38 26
87 39 93
87 40 35
87 41 87
87 42 73
87 43 35
87 44 76
87 45 58
87 46 16
87 47 54
87 48 45
87 49 68
87 50 29
87 51 1
87 52 22
87 53 92
87 54 12
87 55 54
87 56 91
87 57 69
87 58 16
87 59 49
87 60 37
87 61 96
87 62 21
87 63 33
87 64 79
87 65 69
87 66 55
87 67 37
87 68 13
87 69 70
87 70 1
87 71 64
87 72 41
87 73 26
87 74 79
87 75 82
87 76 14
87 77 100
87 78 82
87 79 22
87 80 77
87 81 17
87 82 45
87 83 46
87 84 25
87 85 72
87 86 60
87 87 10
87 88 7
87 89 36
87 90 52
87 91 7
87 92 11
87 93 39
87 94 64
87 95 3
87 96 23
87 97 45
87 98 85
87 99 12
87 100 48
88 1 37
88 2 42
88 3 10
88 4 61
88 5 78
88 6 91
88 7 88
88 8 73
88 9 97
88 10 3
88 11 54
88 12 2
88 13 84
88 14 27
88 15 47
88 16 58
88 17 24
88 18 30
88 19 1
88 20 86
88 21 98
88 22 1
88 23 72
88 24 1
88 25 88
88 26 33
88 27 69
88 28 89
88 29 92
88 30 51
88 31 39
88 32 30
88 33 86
88 34 26
88 35 17
88 36 94
88 37 24
88 38 67
88 39 81
88 40 12
88 41 37
88 42 27
88 43 64
88 44 66
88 45 15
88 46 40
88 47 44
88 48 89
88 49 87
88 50 86
88 51 81
88 52 72
88 53 41
88 54 9
88 55 17
88 56 95
88 57 1
88 58 82
88 59 90
88 60 8
88 61 27
88 62 46
88 63 43
88 64 25
88 65 53
88 66 49
88 67 21
88 68 54
88 69 89
88 70 51
88 71 32
88 72 44
88 73 64
88 74 63
88 75 99
88 76 79
88 77 87
88 78 13
88 79 27
88 80 8
88 81 79
88 82 74
88 83 77
88 84 63
88 85 81
88 86 64
88 87 38
88 88 71
88 89 62
88 90 36
88 91 14
88 92 56
88 93 91
88 94 15
88 95 14
88 96 95
88 97 95
88 98 29
88 99 81
88 100 73
89 1 21
89 2 95
89 3 95
89 4 85
89 5 73
89 6 15
89 7 6
89 8 56
89 9 99
89 10 99
89 11 34
89 12 1
89 13 75
89 14 9
89 15 9
89 16 74
89 17 37
89 18 28
89 19 38
89 20 22
89 21 5
89 22 32
89 23 87
89 24 12
89 25 10
89 26 6
89 27 38
89 28 19
89 29 66
89 30 87
89 31 87
89 32 98
89 33 7
89 34 8
89 35 62
89 36 34
89 37 64
89 38 34
89 39 60
89 40 48
89 41 95
89 42 48
89 43 45
89 44 41
89 45 43
89 46 32
89 47 63
89 48 56
89 49 70
89 50 88
89 51 19
89 52 53
89 53 3
89 54 36
89 55 44
89 56 30
89 57 77
89 58 60
89 59 55
89 60 82
89 61 7
89 62 81
89 63 49
89 64 52
89 65 35
89 66 17
89 67 98
89 68 68
89 69 1
89 70 60
89 71 19
89 72 98
89 73 93
89 74 9
89 75 76
89 76 100
89 77 84
89 78 99
89 79 70
89 80 87
89 81 21
89 82 52
89 83 90
89 84 46
89 85 89
89 86 51
89 87 7
89 88 14
89 89 94
89 90 36
89 91 2
89 92 71
89 93 45
89 94 12
89 95 52
89 96 45
89 97 28
89 98 1
89 99 26
89 100 18
90 1 73
90 2 54
90 3 14
90 4 100
90 5 65
90 6 31
90 7 98
90 8 98
90 9 68
90 10 3
90 11 95
90 12 58
90 13 14
90 14 97
90 15 60
90 16 86
90 17 38
90 18 9
90 19 18
90 20 83
90 21 43
90 22 97
90 23 43
90 24 41
90 25 70
90 26 55
90 27 5
90 28 42
90 29 79
90 30 72
90 31 8
90 32 43
90 33 28
90 34 72
90 35 61
90 36 77
90 37 3
90 38 14
90 39 90
90 40 27
90 41 44
90 42 99
90 43 54
90 44 3
90 45 10
90 46 59
90 47 4
90 48 19
90 49 21
90 50 77
90 51 98
90 52 98
90 53 76
90 54 49
90 55 93
90 56 12
90 57 73
90 58 30
90 59 88
90 60 97
90 61 15
90 62 68
90 63 11
90 64 30
90 65 82
90 66 10
90 67 25
90 68 14
90 69 2
90 70 59
90 71 46
90 72 41
90 73 20
90 74 12
90 75 19
90 76 95
90 77 16
90 78 46
90 79 34
90 80 25
90 81 71
90 82 10
90 83 58
90 84 29
90 85 49
90 86 28
90 87 33
90 88 47
90 89 71
90 90 97
90 91 95
90 92 91
90 93 15
90 94 56
90 95 37
90 96 53
90 97 64
90 98 74
90 99 60
90 100 37
91 1 65
91 2 40
91 3 81
91 4 7
91 5 7
91 6 6
91 7 39
91 8 73
91 9 68
91 10 2
91 11 27
91 12 12
91 13 70
91 14 36
91 15 3
91 16 69
91 17 65
91 18 60
91 19 86
91 20 99
91 21 4
91 22 3
91 23 96
91 24 18
91 25 1
91 26 76
91 27 4
91 28 77
91 29 93
91 30 46
91 31 92
91 32 28
91 33 68
91 34 99
91 35 27
91 36 74
91 37 31
91 38 65
91 39 70
91 40 66
91 41 67
91 42 58
91 43 57
91 44 59
91 45 25
91 46 54
91 47 91
91 48 94
91 49 89
91 50 82
91 51 84
91 52 5
91 53 44
91 54 60
91 55 36
91 56 13
91 57 83
91 58 54
91 59 99
91 60 8
91 61 13
91 62 83
91 63 72
91 64 56
91 65 100
91 66 23
91 67 21
91 68 12
91 69 5
91 70 9
91 71 56
91 72 67
91 73 22
91 74 68
91 75 46
91 76 84
91 77 18
91 78 86
91 79 90
91 80 29
91 81 18
91 82 21
91 83 36
91 84 96
91 85 89
91 86 93
91 87 92
91 88 54
91 89 83
91 90 72
91 91 81
91 92 19
91 93 63
91 94 50
91 95 3
91 96 68
91 97 95
91 98 76
91 99 92
91 100 16
92 1 38
92 2 32
92 3 71
92 4 86
92 5 2
92 6 26
92 7 41
92 8 69
92 9 25
92 10 12
92 11 27
92 12 45
92 13 94
92 14 38
92 15 97
92 16 85
92 17 1
92 18 88
92 19 38
92 20 22
92 21 78
92 22 30
92 23 15
92 24 28
92 25 3
92 26 91
92 27 7
92 28 67
92 29 17
92 30 71
92 31 11
92 32 66
92 33 30
92 34 92
92 35 13
92 36 25
92 37 51
92 38 90
92 39 62
92 40 33
92 41 66
92 42 38
92 43 65
92 44 60
92 45 58
92 46 55
92 47 11
92 48 80
92 49 19
92 50 57
92 51 16
92 52 22
92 53 93
92 54 10
92 55 86
92 56 87
92 57 70
92 58 33
92 59 55
92 60 71
92 61 49
92 62 76
92 63 66
92 64 98
92 65 17
92 66 49
92 67 58
92 68 4
92 69 16
92 70 29
92 71 87
92 72 65
92 73 100
92 74 97
92 75 89
92 76 80
92 77 98
92 78 1
92 79 85
92 80 27
92 81 55
92 82 66
92 83 38
92 84 93
92 85 35
92 86 5
92 87 94
92 88 52
92 89 98
92 90 99
92 91 100
92 92 93
92 93 46
92 94 53
92 95 3
92 96 54
92 97 76
92 98 96
92 99 45
92 100 36
93 1 67
93 2 96
93 3 97
93 4 47
93 5 13
93 6 73
93 7 10
93 8 51
93 9 8
93 10 85
93 11 20
93 12 67
93 13 45
93 14 40
93 15 40
93 16 18
93 17 77
93 18 4
93 19 16
93 20 100
93 21 55
93 22 69
93 23 41
93 24 97
93 25 97
93 26 67
93 27 52
93 28 83
93 29 3
93 30 41
93 31 71
93 32 46
93 33 100
93 34 32
93 35 13
93 36 69
93 37 81
93 38 20
93 39 15
93 40 14
93 41 79
93 42 42
93 43 6
93 44 92
93 45 67
93 46 40
93 47 18
93 48 75
93 49 34
93 50 67
93 51 43
93 52 3
93 53 62
93 54 3
93 55 9
93 56 96
93 57 26
93 58 87
93 59 22
93 60 37
93 61 57
93 62 42
93 63 51
93 64 46
93 65 28
93 66 100
93 67 22
93 68 85
93 69 46
93 70 43
93 71 8
93 72 9
93 73 6
93 74 45
93 75 61
93 76 54
93 77 90
93 78 24
93 79 13
93 80 94
93 81 51
93 82 60
93 83 89
93 84 46
93 85 62
93 86 24
93 87 63
93 88 28
93 89 94
93 90 52
93 91 61
93 92 38
93 93 37
93 94 98
93 95 42
93 96 69
93 97 5
93 98 76
93 99 99
93 100 60
94 1 79
94 2 89
94 3 69
94 4 58
94 5 41
94 6 35
94 7 47
94 8 32
94 9 75
94 10 41
94 11 96
94 12 10
94 13 60
94 14 34
94 15 100
94 16 90
94 17 70
94 18 64
94 19 72
94 20 83
94 21 48
94 22 50
94 23 94
94 24 37
94 25 29
94 26 46
94 27 60
94 28 57
94 29 31
94 30 98
94 31 59
94 32 6
94 33 87
94 34 50
94 35 24
94 36 47
94 37 82
94 38 3
94 39 63
94 40 22
94 41 29
94 42 1
94 43 25
94 44 61
94 45 30
94 46 10
94 47 75
94 48 61
94 49 44
94 50 65
94 51 3
94 52 97
94 53 47
94 54 1
94 55 17
94 56 71
94 57 60
94 58 56
94 59 96
94 60 79
94 61 69
94 62 94
94 63 67
94 64 74
94 65 3
94 66 75
94 67 44
94 68 63
94 69 48
94 70 41
94 71 70
94 72 33
94 73 71
94 74 19
94 75 35
94 76 52
94 77 54
94 78 11
94 79 11
94 80 37
94 81 92
94 82 4
94 83 66
94 84 15
94 85 12
94 86 51
94 87 2
94 88 26
94 89 84
94 90 17
94 91 29
94 92 95
94 93 61
94 94 83
94 95 44
94 96 63
94 97 65
94 98 21
94 99 14
94 100 61
95 1 13
95 2 45
95 3 76
95 4 26
95 5 77
95 6 62
95 7 93
95 8 7
95 9 20
95 10 38
95 11 17
95 12 38
95 13 84
95 14 65
95 15 37
95 16 31
95 17 53
95 18 92
95 19 2
95 20 82
95 21 58
95 22 1
95 23 20
95 24 2
95 25 37
95 26 88
95 27 30
95 28 99
95 29 26
95 30 12
95 31 41
95 32 3
95 33 84
95 34 87
95 35 27
95 36 54
95 37 50
95 38 43
95 39 87
95 40 97
95 41 75
95 42 47
95 43 18
95 44 27
95 45 14
95 46 56
95 47 8
95 48 13
95 49 44
95 50 19
95 51 70
95 52 13
95 53 42
95 54 85
95 55 64
95 56 26
95 57 11
95 58 8
95 59 49
95 60 15
95 61 68
95 62 60
95 63 48
95 64 93
95 65 93
95 66 67
95 67 51
95 68 77
95 69 20
95 70 67
95 71 52
95 72 70
95 73 51
95 74 82
95 75 5
95 76 43
95 77 7
95 78 20
95 79 58
95 80 12
95 81 37
95 82 72
95 83 47
95 84 4
95 85 96
95 86 54
95 87 100
95 88 32
95 89 33
95 90 66
95 91 59
95 92 73
95 93 55
95 94 90
95 95 87
95 96 75
95 97 24
95 98 31
95 99 93
95 100 73
96 1 54
96 2 56
96 3 84
96 4 27
96 5 34
96 6 89
96 7 32
96 8 19
96 9 58
96 10 12
96 11 33
96 12 72
96 13 20
96 14 81
96 15 86
96 16 97
96 17 46
96 18 39
96 19 63
96 20 24
96 21 88
96 22 4
96 23 23
96 24 31
96 25 86
96 26 13
96 27 66
96 28 95
96 29 88
96 30 89
96 31 71
96 32 72
96 33 19
96 34 8
96 35 60
96 36 61
96 37 12
96 38 18
96 39 22
96 40 13
96 41 27
96 42 36
96 43 15
96 44 49
96 45 57
96 46 38
96 47 16
96 48 55
96 49 96
96 50 51
96 51 59
96 52 86
96 53 97
96 54 38
96 55 83
96 56 27
96 57 1
96 58 62
96 59 90
96 60 65
96 61 84
96 62 60
96 63 1
96 64 82
96 65 30
96 66 100
96 67 86
96 68 75
96 69 89
96 70 63
96 71 51
96 72 10
96 73 54
96 74 64
96 75 91
96 76 24
96 77 90
96 78 44
96 79 49
96 80 62
96 81 37
96 82 28
96 83 81
96 84 88
96 85 61
96 86 69
96 87 46
96 88 34
96 89 44
96 90 20
96 91 30
96 92 93
96 93 67
96 94 49
96 95 80
96 96 90
96 97 68
96 98 6
96 99 58
96 100 29
97 1 18
97 2 34
97 3 55
97 4 19
97 5 57
97 6 16
97 7 24
97 8 67
97 9 20
97 10 2
97 11 99
97 12 33
97 13 3
97 14 68
97 15 38
97 16 21
97 17 59
97 18 25
97 19 1
97 20 64
97 21 56
97 22 26
97 23 50
97 24 54
97 25 29
97 26 11
97 27 50
97 28 10
97 29 8
97 30 29
97 31 22
97 32 51
97 33 4
97 34 81
97 35 13
97 36 5
97 37 13
97 38 66
97 39 51
97 40 84
97 41 15
97 42 26
97 43 49
97 44 72
97 45 23
97 46 33
97 47 2
97 48 18
97 49 38
97 50 7
97 51 95
97 52 42
97 53 6
97 54 87
97 55 32
97 56 58
97 57 61
97 58 55
97 59 6
97 60 99
97 61 32
97 62 73
97 63 2
97 64 12
97 65 45
97 66 39
97 67 69
97 68 35
97 69 29
97 70 31
97 71 75
97 72 51
97 73 9
97 74 27
97 75 24
97 76 100
97 77 30
97 78 15
97 79 24
97 80 92
97 81 1
97 82 79
97 83 14
97 84 64
97 85 40
97 86 49
97 87 5
97 88 5
97 89 50
97 90 4
97 91 17
97 92 6
97 93 56
97 94 97
97 95 35
97 96 31
97 97 12
97 98 25
97 99 42
97 100 1
98 1 68
98 2 43
98 3 47
98 4 51
98 5 42
98 6 81
98 7 70
98 8 32
98 9 52
98 10 17
98 11 89
98 12 6
98 13 91
98 14 33
98 15 72
98 16 68
98 17 38
98 18 72
98 19 47
98 20 67
98 21 29
98 22 82
98 23 98
98 24 100
98 25 56
98 26 47
98 27 10
98 28 4
98 29 92
98 30 83
98 31 91
98 32 30
98 33 58
98 34 23
98 35 46
98 36 35
98 37 5
98 38 100
98 39 10
98 40 61
98 41 43
98 42 75
98 43 100
98 44 70
98 45 12
98 46 24
98 47 96
98 48 84
98 49 2
98 50 43
98 51 89
98 52 13
98 53 41
98 54 14
98 55 89
98 56 79
98 57 41
98 58 77
98 59 64
98 60 31
98 61 29
98 62 45
98 63 57
98 64 4
98 65 100
98 66 37
98 67 20
98 68 36
98 69 100
98 70 5
98 71 65
98 72 20
98 73 36
98 74 70
98 75 71
98 76 22
98 77 54
98 78 92
98 79 89
98 80 64
98 81 6
98 82 10
98 83 38
98 84 45
98 85 12
98 86 69
98 87 25
98 88 3
98 89 23
98 90 41
98 91 30
98 92 2
98 93 85
98 94 63
98 95 47
98 96 79
98 97 89
98 98 83
98 99 43
98 100 42
99 1 44
99 2 68
99 3 63
99 4 78
99 5 50
99 6 46
99 7 26
99 8 34
99 9 12
99 10 84
99 11 58
99 12 81
99 13 68
99 14 41
99 15 51
99 16 14
99 17 57
99 18 89
99 19 8
99 20 93
99 21 6
99 22 81
99 23 8
99 24 68
99 25 82
99 26 29
99 27 59
99 28 31
99 29 54
99 30 84
99 31 87
99 32 30
99 33 50
99 34 12
99 35 54
99 36 9
99 37 20
99 38 80
99 39 83
99 40 43
99 41 89
99 42 71
99 43 38
99 44 88
99 45 80
99 46 26
99 47 22
99 48 65
99 49 42
99 50 31
99 51 68
99 52 32
99 53 54
99 54 94
99 55 53
99 56 75
99 57 81
99 58 37
99 59 96
99 60 48
99 61 83
99 62 43
99 63 83
99 64 44
99 65 1
99 66 31
99 67 54
99 68 18
99 69 90
99 70 28
99 71 24
99 72 84
99 73 51
99 74 28
99 75 29
99 76 18
99 77 26
99 78 2
99 79 53
99 80 24
99 81 50
99 82 39
99 83 14
99 84 76
99 85 15
99 86 54
99 87 10
99 88 65
99 89 74
99 90 12
99 91 9
99 92 53
99 93 76
99 94 64
99 95 81
99 96 24
99 97 93
99 98 96
99 99 88
99 100 39
100 1 61
100 2 24
100 3 27
100 4 73
100 5 39
100 6 35
100 7 78
100 8 84
100 9 99
100 10 19
100 11 25
100 12 40
100 13 97
100 14 43
100 15 100
100 16 85
100 17 9
100 18 84
100 19 5
100 20 59
100 21 50
100 22 44
100 23 92
100 24 38
100 25 20
100 26 42
100 27 97
100 28 61
100 29 71
100 30 16
100 31 56
100 32 5
100 33 76
100 34 10
100 35 68
100 36 10
100 37 88
100 38 9
100 39 38
100 40 4
100 41 45
100 42 74
100 43 46
100 44 5
100 45 91
100 46 100
100 47 73
100 48 13
100 49 55
100 50 82
100 51 18
100 52 6
100 53 3
100 54 26
100 55 66
100 56 16
100 57 97
100 58 2
100 59 82
100 60 30
100 61 36
100 62 36
100 63 36
100 64 63
100 65 60
100 66 46
100 67 68
100 68 2
100 69 39
100 70 8
100 71 81
100 72 35
100 73 42
100 74 25
100 75 4
100 76 17
100 77 77
100 78 83
100 79 38
100 80 63
100 81 99
100 82 44
100 83 68
100 84 10
100 85 3
100 86 75
100 87 24
100 88 61
100 89 19
100 90 60
100 91 75
100 92 9
100 93 58
100 94 3
100 95 74
100 96 87
100 97 91
100 98 55
100 99 95
100 100 36
