2 1
2 6
2 12
2 13
2 14
2 15
2 16
2 19
2 26
2 27
2 28
2 30
2 32
2 33
2 34
2 36
2 37
2 38
2 40
2 41
2 42
2 43
2 45
2 48
2 49
2 50
2 52
2 55
2 56
2 57
2 58
2 60
2 61
2 62
2 64
2 65
2 66
2 69
2 72
2 73
2 74
2 75
2 80
2 84
2 85
2 89
2 91
2 93
2 94
3 1
3 2
3 8
3 9
3 10
3 14
3 15
3 17
3 18
3 19
3 20
3 21
3 24
3 25
3 28
3 29
3 31
3 33
3 35
3 36
3 38
3 39
3 40
3 41
3 44
3 46
3 48
3 57
3 58
3 62
3 64
3 66
3 72
3 73
3 74
3 76
3 77
3 82
3 83
3 84
3 86
3 90
3 91
3 96
3 98
3 99
4 1
4 2
4 3
4 4
4 5
4 7
4 8
4 14
4 15
4 17
4 19
4 20
4 21
4 24
4 25
4 26
4 27
4 29
4 30
4 32
4 34
4 37
4 38
4 39
4 48
4 51
4 53
4 54
4 57
4 58
4 59
4 60
4 66
4 67
4 68
4 69
4 70
4 74
4 76
4 77
4 78
4 80
4 81
4 86
4 87
4 88
4 90
4 93
4 94
4 95
4 96
4 97
4 99
5 2
5 3
5 4
5 8
5 13
5 14
5 17
5 19
5 20
5 21
5 23
5 25
5 28
5 29
5 32
5 36
5 41
5 42
5 43
5 44
5 45
5 46
5 47
5 52
5 53
5 57
5 63
5 65
5 67
5 69
5 70
5 71
5 76
5 77
5 79
5 84
5 85
5 86
5 90
5 91
5 99
6 1
6 8
6 9
6 10
6 14
6 19
6 21
6 22
6 24
6 27
6 29
6 31
6 32
6 35
6 38
6 40
6 41
6 42
6 44
6 45
6 46
6 47
6 49
6 51
6 59
6 60
6 61
6 66
6 68
6 70
6 71
6 72
6 73
6 74
6 75
6 76
6 79
6 80
6 83
6 84
6 87
6 89
6 90
6 92
6 93
6 94
6 95
6 99
7 1
7 3
7 7
7 8
7 10
7 14
7 16
7 18
7 20
7 21
7 24
7 27
7 28
7 30
7 31
7 35
7 38
7 39
7 40
7 41
7 42
7 44
7 47
7 49
7 51
7 52
7 55
7 58
7 59
7 61
7 62
7 63
7 64
7 66
7 68
7 69
7 71
7 72
7 73
7 74
7 75
7 76
7 77
7 78
7 79
7 81
7 82
7 83
7 86
7 90
7 94
7 95
7 97
7 99
7 100
8 1
8 3
8 4
8 5
8 8
8 9
8 13
8 14
8 18
8 20
8 21
8 22
8 26
8 29
8 34
8 36
8 38
8 40
8 46
8 49
8 51
8 52
8 54
8 55
8 59
8 60
8 63
8 64
8 65
8 67
8 68
8 69
8 70
8 75
8 79
8 80
8 81
8 84
8 85
8 86
8 90
8 91
8 92
8 93
8 96
8 99
8 100
9 1
9 2
9 7
9 10
9 11
9 13
9 14
9 18
9 19
9 23
9 24
9 27
9 28
9 30
9 31
9 34
9 35
9 36
9 39
9 40
9 42
9 44
9 45
9 49
9 50
9 52
9 54
9 55
9 56
9 57
9 62
9 63
9 65
9 67
9 68
9 69
9 70
9 71
9 73
9 74
9 75
9 77
9 79
9 85
9 86
9 88
9 89
9 93
9 94
9 95
9 96
9 99
9 100
10 1
10 4
10 7
10 8
10 10
10 12
10 18
10 19
10 24
10 29
10 32
10 33
10 35
10 36
10 38
10 39
10 40
10 42
10 46
10 47
10 48
10 50
10 51
10 54
10 57
10 58
10 59
10 61
10 62
10 66
10 67
10 69
10 71
10 72
10 73
10 76
10 78
10 80
10 81
10 82
10 84
10 85
10 89
10 90
10 91
10 92
10 94
11 2
11 3
11 6
11 8
11 11
11 12
11 13
11 17
11 18
11 19
11 21
11 23
11 25
11 26
11 29
11 31
11 35
11 37
11 40
11 42
11 43
11 45
11 46
11 48
11 49
11 50
11 51
11 52
11 54
11 55
11 61
11 62
11 63
11 66
11 67
11 70
11 72
11 75
11 78
11 80
11 82
11 83
11 86
11 87
11 88
11 90
11 96
11 100
12 3
12 4
12 9
12 10
12 12
12 13
12 15
12 16
12 17
12 18
12 19
12 20
12 21
12 22
12 23
12 25
12 30
12 31
12 32
12 33
12 34
12 35
12 41
12 42
12 49
12 51
12 56
12 57
12 59
12 60
12 61
12 62
12 63
12 64
12 65
12 66
12 68
12 69
12 70
12 71
12 72
12 75
12 77
12 78
12 80
12 81
12 83
12 84
12 86
12 87
12 88
12 90
12 92
12 93
13 1
13 2
13 3
13 7
13 8
13 12
13 14
13 15
13 17
13 18
13 19
13 20
13 21
13 22
13 23
13 26
13 27
13 29
13 30
13 31
13 33
13 36
13 37
13 38
13 40
13 42
13 44
13 46
13 47
13 48
13 52
13 53
13 54
13 55
13 58
13 60
13 61
13 62
13 66
13 68
13 69
13 70
13 74
13 76
13 86
13 87
13 90
13 91
13 95
13 96
13 97
13 98
14 1
14 2
14 6
14 7
14 9
14 10
14 15
14 17
14 19
14 21
14 22
14 24
14 26
14 31
14 32
14 33
14 35
14 38
14 40
14 41
14 44
14 45
14 48
14 52
14 58
14 61
14 63
14 64
14 66
14 70
14 71
14 72
14 73
14 74
14 75
14 77
14 79
14 81
14 83
14 85
14 88
14 89
14 91
14 93
14 94
14 96
14 99
14 100
15 5
15 7
15 9
15 10
15 11
15 12
15 13
15 15
15 16
15 18
15 22
15 23
15 26
15 27
15 28
15 29
15 31
15 33
15 34
15 35
15 36
15 38
15 42
15 44
15 45
15 46
15 49
15 50
15 52
15 54
15 58
15 60
15 62
15 65
15 67
15 70
15 72
15 74
15 76
15 77
15 78
15 79
15 80
15 82
15 83
15 84
15 85
15 86
15 87
15 89
15 90
15 91
15 92
15 93
15 96
15 99
15 100
16 2
16 4
16 5
16 6
16 7
16 8
16 11
16 12
16 13
16 14
16 16
16 17
16 21
16 22
16 25
16 26
16 29
16 30
16 33
16 36
16 37
16 43
16 45
16 46
16 47
16 49
16 51
16 53
16 55
16 57
16 59
16 61
16 62
16 63
16 64
16 65
16 66
16 70
16 71
16 72
16 73
16 80
16 81
16 83
16 84
16 85
16 86
16 87
16 88
16 89
16 92
16 93
16 99
16 100
17 1
17 2
17 4
17 6
17 7
17 8
17 10
17 12
17 13
17 14
17 20
17 21
17 24
17 25
17 32
17 33
17 37
17 39
17 42
17 43
17 44
17 45
17 46
17 48
17 49
17 50
17 52
17 54
17 55
17 57
17 58
17 60
17 63
17 64
17 71
17 77
17 78
17 79
17 80
17 81
17 88
17 89
17 97
17 98
17 100
18 1
18 2
18 6
18 7
18 8
18 11
18 14
18 16
18 20
18 22
18 23
18 25
18 28
18 29
18 30
18 31
18 35
18 37
18 38
18 39
18 40
18 41
18 43
18 44
18 45
18 46
18 47
18 48
18 50
18 53
18 54
18 56
18 57
18 61
18 62
18 63
18 65
18 66
18 69
18 72
18 74
18 75
18 77
18 79
18 84
18 87
18 88
18 89
18 93
18 95
18 97
18 98
18 99
18 100
19 4
19 6
19 8
19 13
19 14
19 15
19 16
19 21
19 22
19 23
19 26
19 28
19 30
19 36
19 38
19 39
19 40
19 43
19 45
19 49
19 50
19 53
19 54
19 56
19 57
19 58
19 60
19 65
19 68
19 69
19 71
19 72
19 73
19 76
19 77
19 78
19 79
19 80
19 81
19 86
19 90
19 95
19 98
19 100
20 2
20 5
20 7
20 9
20 10
20 13
20 14
20 15
20 16
20 18
20 19
20 21
20 22
20 23
20 24
20 25
20 27
20 28
20 29
20 33
20 34
20 41
20 42
20 43
20 44
20 47
20 48
20 49
20 51
20 54
20 57
20 65
20 66
20 69
20 70
20 71
20 72
20 78
20 79
20 82
20 86
20 88
20 93
20 95
20 97
20 98
20 99
21 2
21 3
21 5
21 6
21 10
21 14
21 17
21 18
21 22
21 25
21 26
21 27
21 29
21 31
21 33
21 34
21 35
21 36
21 37
21 38
21 39
21 43
21 49
21 50
21 51
21 52
21 54
21 57
21 59
21 62
21 63
21 64
21 67
21 69
21 73
21 74
21 75
21 77
21 79
21 82
21 83
21 86
21 89
21 90
21 91
21 93
21 95
21 96
21 98
21 99
22 2
22 3
22 4
22 8
22 10
22 12
22 13
22 14
22 17
22 18
22 21
22 22
22 26
22 28
22 30
22 31
22 33
22 34
22 36
22 46
22 47
22 49
22 50
22 51
22 52
22 53
22 54
22 56
22 58
22 64
22 68
22 69
22 72
22 77
22 78
22 79
22 80
22 81
22 82
22 83
22 84
22 85
22 86
22 87
22 88
22 89
22 90
22 91
22 92
22 93
22 94
22 98
22 99
23 1
23 4
23 5
23 8
23 10
23 11
23 13
23 18
23 19
23 20
23 25
23 28
23 29
23 30
23 35
23 36
23 37
23 43
23 46
23 48
23 49
23 50
23 51
23 52
23 56
23 60
23 61
23 63
23 65
23 67
23 69
23 71
23 72
23 75
23 82
23 84
23 85
23 87
23 89
23 93
23 97
23 98
23 100
24 3
24 5
24 6
24 7
24 8
24 10
24 11
24 12
24 14
24 15
24 17
24 20
24 24
24 27
24 28
24 29
24 31
24 34
24 35
24 36
24 39
24 41
24 43
24 44
24 46
24 47
24 48
24 49
24 51
24 52
24 53
24 54
24 60
24 63
24 66
24 71
24 72
24 73
24 76
24 78
24 81
24 82
24 83
24 84
24 86
24 87
24 89
24 90
24 93
24 97
24 99
25 1
25 2
25 4
25 6
25 7
25 8
25 11
25 13
25 14
25 17
25 19
25 20
25 25
25 26
25 28
25 29
25 32
25 33
25 34
25 35
25 37
25 39
25 40
25 41
25 49
25 52
25 54
25 58
25 59
25 60
25 62
25 63
25 64
25 65
25 68
25 69
25 71
25 74
25 76
25 77
25 79
25 80
25 81
25 82
25 84
25 85
25 91
25 92
25 95
25 96
25 97
25 98
26 1
26 3
26 4
26 7
26 10
26 11
26 12
26 14
26 18
26 20
26 22
26 23
26 24
26 25
26 27
26 30
26 32
26 34
26 35
26 36
26 37
26 38
26 39
26 40
26 42
26 44
26 45
26 49
26 51
26 52
26 53
26 56
26 57
26 59
26 60
26 61
26 62
26 63
26 65
26 66
26 67
26 68
26 70
26 72
26 73
26 75
26 78
26 80
26 82
26 83
26 84
26 86
26 87
26 88
26 89
26 90
26 92
26 94
26 95
26 96
26 98
26 100
27 1
27 5
27 7
27 8
27 9
27 15
27 16
27 20
27 21
27 22
27 24
27 25
27 27
27 31
27 33
27 38
27 40
27 41
27 43
27 44
27 46
27 47
27 49
27 50
27 51
27 52
27 54
27 55
27 56
27 59
27 63
27 64
27 65
27 67
27 68
27 69
27 71
27 74
27 75
27 76
27 78
27 81
27 83
27 84
27 89
27 90
27 91
27 92
27 93
27 94
27 97
27 98
27 99
28 3
28 12
28 14
28 17
28 19
28 21
28 22
28 24
28 25
28 26
28 28
28 30
28 33
28 35
28 36
28 37
28 38
28 40
28 46
28 47
28 51
28 52
28 60
28 62
28 65
28 69
28 70
28 71
28 72
28 73
28 74
28 78
28 82
28 84
28 85
28 86
28 90
28 91
28 92
28 93
28 94
28 96
29 2
29 8
29 9
29 11
29 12
29 19
29 21
29 23
29 25
29 26
29 27
29 28
29 31
29 32
29 35
29 37
29 39
29 40
29 43
29 46
29 47
29 50
29 51
29 52
29 54
29 55
29 56
29 57
29 60
29 61
29 64
29 67
29 68
29 70
29 71
29 72
29 76
29 82
29 83
29 84
29 85
29 86
29 88
29 89
29 91
29 95
29 96
29 97
29 98
29 99
30 1
30 2
30 5
30 7
30 9
30 10
30 11
30 13
30 14
30 15
30 17
30 20
30 23
30 24
30 25
30 26
30 27
30 30
30 31
30 32
30 33
30 34
30 35
30 37
30 38
30 39
30 42
30 43
30 48
30 49
30 50
30 51
30 53
30 55
30 57
30 58
30 59
30 62
30 63
30 67
30 71
30 75
30 78
30 79
30 82
30 84
30 85
30 86
30 87
30 88
30 90
30 92
30 95
30 96
30 97
30 98
30 99
30 100
31 1
31 7
31 10
31 14
31 16
31 18
31 19
31 20
31 31
31 32
31 34
31 35
31 36
31 42
31 43
31 44
31 45
31 46
31 48
31 49
31 52
31 53
31 57
31 59
31 60
31 62
31 64
31 65
31 69
31 71
31 75
31 76
31 78
31 79
31 80
31 81
31 84
31 88
31 89
31 90
31 93
31 97
31 98
31 99
32 3
32 4
32 5
32 6
32 9
32 11
32 13
32 15
32 16
32 19
32 20
32 23
32 26
32 28
32 30
32 31
32 32
32 34
32 38
32 39
32 40
32 41
32 42
32 46
32 47
32 51
32 52
32 53
32 54
32 57
32 62
32 63
32 64
32 65
32 68
32 69
32 71
32 72
32 76
32 78
32 79
32 80
32 85
32 86
32 90
32 93
32 96
32 97
32 98
32 99
33 4
33 7
33 9
33 10
33 11
33 12
33 14
33 16
33 17
33 21
33 23
33 24
33 31
33 33
33 34
33 35
33 37
33 38
33 39
33 40
33 42
33 44
33 46
33 52
33 53
33 55
33 60
33 61
33 66
33 69
33 71
33 72
33 74
33 76
33 77
33 78
33 79
33 81
33 83
33 84
33 86
33 87
33 91
33 95
33 97
33 100
34 3
34 4
34 5
34 6
34 7
34 8
34 9
34 23
34 25
34 27
34 28
34 29
34 30
34 31
34 32
34 33
34 34
34 35
34 37
34 38
34 41
34 42
34 43
34 45
34 47
34 49
34 50
34 54
34 57
34 59
34 60
34 61
34 63
34 64
34 67
34 71
34 72
34 73
34 74
34 75
34 77
34 78
34 79
34 80
34 85
34 86
34 88
34 89
34 92
34 97
34 98
34 99
34 100
35 4
35 11
35 19
35 21
35 27
35 30
35 34
35 36
35 37
35 38
35 40
35 42
35 45
35 46
35 54
35 56
35 59
35 60
35 61
35 62
35 64
35 71
35 72
35 78
35 79
35 82
35 87
35 91
35 92
35 93
35 95
35 96
35 97
35 98
36 1
36 2
36 10
36 14
36 21
36 22
36 25
36 27
36 28
36 29
36 31
36 33
36 35
36 36
36 37
36 38
36 40
36 41
36 43
36 44
36 46
36 48
36 49
36 53
36 55
36 59
36 61
36 63
36 65
36 68
36 70
36 74
36 77
36 79
36 80
36 81
36 82
36 83
36 86
36 91
36 92
36 96
36 97
36 98
37 1
37 4
37 6
37 7
37 10
37 12
37 13
37 17
37 18
37 21
37 23
37 24
37 25
37 26
37 28
37 31
37 32
37 33
37 35
37 37
37 38
37 40
37 41
37 42
37 44
37 45
37 47
37 48
37 50
37 51
37 52
37 53
37 54
37 56
37 57
37 58
37 59
37 60
37 61
37 64
37 66
37 68
37 71
37 73
37 74
37 75
37 76
37 79
37 81
37 83
37 85
37 87
37 88
37 89
37 91
37 95
37 96
37 100
38 6
38 7
38 9
38 10
38 11
38 13
38 16
38 17
38 19
38 20
38 21
38 22
38 23
38 24
38 25
38 27
38 28
38 29
38 31
38 32
38 34
38 35
38 36
38 37
38 38
38 43
38 44
38 46
38 47
38 48
38 51
38 54
38 55
38 58
38 62
38 63
38 64
38 66
38 68
38 74
38 75
38 76
38 77
38 78
38 79
38 81
38 83
38 84
38 87
38 88
38 89
38 90
38 91
38 92
38 93
38 95
38 97
38 98
38 100
39 2
39 3
39 4
39 9
39 10
39 13
39 14
39 15
39 16
39 19
39 20
39 22
39 24
39 26
39 29
39 31
39 32
39 36
39 37
39 39
39 40
39 41
39 43
39 44
39 46
39 47
39 50
39 51
39 53
39 55
39 56
39 59
39 62
39 64
39 65
39 68
39 69
39 72
39 73
39 74
39 77
39 79
39 83
39 85
39 91
39 92
39 93
39 94
39 96
39 97
40 2
40 3
40 4
40 5
40 6
40 11
40 12
40 13
40 14
40 17
40 18
40 20
40 27
40 30
40 32
40 33
40 34
40 36
40 39
40 41
40 42
40 43
40 45
40 47
40 49
40 50
40 55
40 57
40 58
40 60
40 61
40 62
40 63
40 65
40 68
40 75
40 76
40 77
40 81
40 82
40 84
40 85
40 86
40 88
40 90
40 91
40 93
40 95
40 96
40 97
40 99
40 100
41 1
41 2
41 5
41 7
41 8
41 10
41 14
41 15
41 17
41 19
41 20
41 21
41 22
41 23
41 28
41 31
41 32
41 33
41 34
41 35
41 38
41 39
41 42
41 43
41 44
41 49
41 50
41 51
41 52
41 53
41 55
41 57
41 58
41 60
41 61
41 66
41 71
41 74
41 79
41 80
41 82
41 83
41 84
41 85
41 87
41 89
41 91
41 92
41 93
41 98
42 4
42 6
42 10
42 15
42 17
42 19
42 24
42 26
42 27
42 28
42 29
42 30
42 31
42 32
42 33
42 34
42 40
42 44
42 47
42 53
42 54
42 57
42 58
42 59
42 63
42 65
42 66
42 67
42 72
42 73
42 76
42 77
42 78
42 79
42 80
42 82
42 83
42 84
42 86
42 87
42 89
42 90
42 92
42 94
42 96
42 99
42 100
43 1
43 4
43 6
43 12
43 13
43 20
43 25
43 28
43 30
43 31
43 32
43 37
43 39
43 43
43 50
43 51
43 52
43 53
43 54
43 55
43 56
43 57
43 63
43 64
43 65
43 67
43 69
43 71
43 72
43 76
43 77
43 79
43 80
43 81
43 82
43 85
43 86
43 87
43 89
43 90
43 91
43 92
43 98
43 99
44 7
44 9
44 11
44 12
44 13
44 15
44 16
44 17
44 18
44 21
44 22
44 23
44 24
44 26
44 31
44 32
44 34
44 35
44 41
44 44
44 50
44 51
44 52
44 54
44 56
44 58
44 59
44 60
44 61
44 62
44 66
44 68
44 69
44 72
44 74
44 75
44 76
44 78
44 81
44 82
44 83
44 84
44 88
44 89
44 93
44 95
44 96
44 97
44 99
45 1
45 2
45 3
45 4
45 5
45 7
45 8
45 10
45 12
45 16
45 17
45 18
45 20
45 22
45 23
45 25
45 26
45 29
45 30
45 35
45 37
45 38
45 39
45 41
45 44
45 45
45 46
45 48
45 52
45 58
45 59
45 62
45 63
45 66
45 73
45 74
45 75
45 78
45 79
45 80
45 86
45 90
45 91
45 92
45 93
45 96
45 98
46 1
46 5
46 6
46 10
46 11
46 13
46 14
46 16
46 17
46 21
46 22
46 28
46 29
46 32
46 34
46 35
46 36
46 39
46 42
46 43
46 44
46 46
46 48
46 54
46 55
46 58
46 59
46 60
46 61
46 63
46 66
46 67
46 68
46 70
46 72
46 73
46 75
46 76
46 77
46 81
46 85
46 86
46 90
46 96
46 100
47 1
47 2
47 4
47 6
47 7
47 8
47 10
47 12
47 15
47 16
47 17
47 20
47 21
47 23
47 26
47 29
47 33
47 35
47 38
47 39
47 40
47 42
47 45
47 46
47 50
47 53
47 58
47 59
47 62
47 64
47 67
47 68
47 69
47 71
47 72
47 73
47 74
47 75
47 79
47 80
47 81
47 83
47 86
47 89
47 90
47 91
47 94
47 100
48 1
48 3
48 4
48 7
48 9
48 11
48 13
48 14
48 16
48 17
48 20
48 22
48 23
48 28
48 30
48 31
48 32
48 33
48 34
48 35
48 37
48 40
48 42
48 43
48 44
48 47
48 48
48 51
48 53
48 54
48 63
48 66
48 67
48 68
48 69
48 73
48 74
48 75
48 76
48 77
48 79
48 81
48 86
48 89
48 94
48 95
48 96
49 2
49 4
49 5
49 6
49 9
49 11
49 12
49 15
49 16
49 17
49 18
49 21
49 22
49 25
49 29
49 35
49 36
49 37
49 38
49 39
49 42
49 45
49 46
49 48
49 51
49 54
49 55
49 56
49 58
49 59
49 61
49 62
49 63
49 64
49 65
49 66
49 67
49 68
49 70
49 73
49 74
49 76
49 77
49 78
49 81
49 83
49 84
49 85
49 88
49 92
49 96
49 99
49 100
50 1
50 3
50 7
50 11
50 12
50 13
50 14
50 16
50 20
50 21
50 23
50 26
50 30
50 32
50 33
50 37
50 42
50 43
50 44
50 46
50 47
50 48
50 49
50 50
50 52
50 54
50 56
50 57
50 58
50 59
50 60
50 61
50 64
50 66
50 67
50 70
50 71
50 73
50 74
50 75
50 76
50 78
50 79
50 81
50 82
50 86
50 89
50 91
50 92
50 94
50 96
50 97
51 1
51 4
51 7
51 10
51 13
51 15
51 17
51 18
51 21
51 24
51 29
51 30
51 32
51 34
51 36
51 37
51 38
51 41
51 42
51 47
51 48
51 50
51 52
51 53
51 57
51 58
51 60
51 63
51 65
51 67
51 69
51 70
51 71
51 75
51 77
51 78
51 79
51 80
51 83
51 84
51 87
51 90
51 91
51 92
51 99
52 3
52 4
52 5
52 11
52 12
52 13
52 14
52 15
52 16
52 18
52 22
52 24
52 25
52 26
52 28
52 29
52 31
52 35
52 36
52 38
52 40
52 41
52 44
52 45
52 46
52 48
52 49
52 51
52 57
52 58
52 59
52 60
52 61
52 62
52 63
52 66
52 70
52 73
52 74
52 76
52 77
52 78
52 82
52 83
52 88
52 89
52 90
52 91
52 92
52 93
53 2
53 3
53 8
53 9
53 11
53 12
53 13
53 16
53 17
53 18
53 20
53 21
53 22
53 23
53 24
53 25
53 27
53 31
53 33
53 34
53 35
53 37
53 38
53 39
53 41
53 42
53 43
53 44
53 45
53 46
53 48
53 49
53 52
53 53
53 54
53 56
53 57
53 58
53 60
53 61
53 62
53 63
53 64
53 65
53 66
53 71
53 73
53 75
53 80
53 82
53 83
53 85
53 88
53 91
53 92
53 93
53 96
54 3
54 9
54 11
54 13
54 20
54 23
54 25
54 27
54 30
54 31
54 32
54 34
54 37
54 38
54 40
54 41
54 42
54 43
54 46
54 48
54 53
54 54
54 56
54 57
54 58
54 62
54 63
54 65
54 66
54 70
54 71
54 73
54 76
54 79
54 80
54 82
54 83
54 84
54 85
54 86
54 90
54 91
54 96
54 97
54 98
54 100
55 3
55 4
55 6
55 7
55 8
55 12
55 13
55 16
55 20
55 22
55 23
55 24
55 26
55 27
55 29
55 31
55 32
55 34
55 36
55 37
55 38
55 39
55 41
55 43
55 45
55 46
55 47
55 48
55 53
55 54
55 55
55 57
55 58
55 59
55 61
55 64
55 65
55 67
55 68
55 69
55 70
55 73
55 78
55 79
55 80
55 82
55 87
55 88
55 90
55 92
55 93
55 95
55 99
55 100
56 2
56 4
56 5
56 8
56 9
56 15
56 17
56 19
56 20
56 22
56 23
56 24
56 25
56 26
56 28
56 31
56 34
56 35
56 36
56 44
56 45
56 46
56 48
56 49
56 51
56 54
56 55
56 56
56 57
56 58
56 59
56 60
56 62
56 63
56 66
56 67
56 69
56 70
56 72
56 75
56 77
56 78
56 79
56 80
56 81
56 82
56 84
56 86
56 90
56 91
56 92
56 96
56 97
57 1
57 2
57 3
57 4
57 7
57 8
57 13
57 17
57 20
57 22
57 27
57 28
57 30
57 31
57 34
57 35
57 36
57 37
57 39
57 41
57 42
57 43
57 44
57 45
57 46
57 50
57 52
57 53
57 54
57 58
57 59
57 63
57 64
57 66
57 68
57 69
57 70
57 72
57 76
57 79
57 80
57 81
57 85
57 88
57 92
57 93
57 94
57 95
57 96
57 99
58 2
58 8
58 9
58 10
58 14
58 16
58 20
58 24
58 25
58 26
58 32
58 33
58 35
58 36
58 39
58 40
58 42
58 43
58 46
58 47
58 49
58 50
58 55
58 56
58 63
58 65
58 68
58 71
58 73
58 77
58 78
58 80
58 81
58 85
58 89
58 92
58 93
58 94
58 95
59 1
59 2
59 3
59 5
59 6
59 10
59 11
59 12
59 13
59 14
59 15
59 17
59 19
59 20
59 22
59 23
59 24
59 25
59 27
59 29
59 32
59 33
59 36
59 37
59 41
59 42
59 43
59 45
59 46
59 47
59 48
59 50
59 51
59 54
59 56
59 57
59 60
59 61
59 62
59 64
59 67
59 68
59 70
59 72
59 73
59 74
59 76
59 77
59 81
59 82
59 83
59 86
59 90
59 91
59 93
59 96
59 97
59 98
59 100
60 3
60 5
60 6
60 7
60 8
60 9
60 10
60 11
60 13
60 15
60 18
60 20
60 22
60 24
60 26
60 29
60 30
60 31
60 32
60 34
60 35
60 38
60 41
60 45
60 46
60 48
60 49
60 50
60 51
60 52
60 53
60 54
60 55
60 61
60 63
60 64
60 66
60 68
60 70
60 72
60 73
60 74
60 76
60 78
60 82
60 85
60 86
60 87
60 88
60 89
60 92
60 93
60 94
60 96
60 98
60 99
61 3
61 4
61 7
61 8
61 10
61 12
61 15
61 17
61 18
61 19
61 20
61 22
61 26
61 34
61 40
61 41
61 44
61 54
61 55
61 56
61 58
61 59
61 62
61 63
61 66
61 68
61 69
61 71
61 74
61 75
61 77
61 80
61 81
61 82
61 85
61 87
61 91
61 92
61 94
61 95
61 96
61 97
62 1
62 2
62 3
62 4
62 6
62 7
62 13
62 14
62 15
62 18
62 20
62 21
62 22
62 24
62 25
62 26
62 28
62 29
62 32
62 33
62 34
62 35
62 39
62 40
62 45
62 51
62 52
62 57
62 58
62 63
62 64
62 65
62 66
62 74
62 75
62 78
62 80
62 81
62 83
62 86
62 87
62 91
62 93
62 95
62 96
63 5
63 6
63 11
63 19
63 23
63 24
63 25
63 26
63 27
63 28
63 30
63 32
63 34
63 37
63 38
63 39
63 43
63 44
63 46
63 47
63 49
63 51
63 52
63 53
63 54
63 56
63 58
63 59
63 60
63 61
63 62
63 65
63 66
63 67
63 70
63 71
63 73
63 74
63 75
63 78
63 80
63 81
63 82
63 83
63 84
63 89
63 90
63 93
63 94
63 95
63 99
63 100
64 1
64 2
64 3
64 5
64 8
64 10
64 11
64 12
64 14
64 17
64 19
64 21
64 26
64 27
64 30
64 31
64 32
64 34
64 35
64 36
64 40
64 42
64 45
64 48
64 50
64 51
64 55
64 56
64 58
64 59
64 61
64 62
64 66
64 67
64 70
64 76
64 77
64 78
64 79
64 82
64 83
64 85
64 87
64 88
64 90
64 91
64 93
64 94
64 96
64 97
64 100
65 3
65 7
65 11
65 14
65 15
65 17
65 18
65 19
65 20
65 22
65 23
65 26
65 28
65 29
65 30
65 31
65 34
65 35
65 36
65 39
65 40
65 42
65 43
65 44
65 46
65 47
65 48
65 54
65 59
65 60
65 61
65 65
65 66
65 68
65 69
65 75
65 76
65 77
65 78
65 82
65 86
65 88
65 91
65 92
65 94
65 96
65 98
66 2
66 5
66 7
66 9
66 10
66 13
66 15
66 18
66 19
66 21
66 23
66 24
66 27
66 28
66 35
66 36
66 38
66 41
66 46
66 50
66 51
66 54
66 55
66 59
66 60
66 61
66 63
66 65
66 70
66 71
66 72
66 74
66 75
66 77
66 79
66 80
66 81
66 85
66 86
66 90
66 91
66 93
66 94
66 98
66 100
67 1
67 6
67 9
67 10
67 11
67 12
67 13
67 17
67 20
67 25
67 26
67 27
67 28
67 30
67 31
67 33
67 34
67 35
67 38
67 40
67 41
67 44
67 48
67 50
67 57
67 58
67 59
67 61
67 63
67 64
67 66
67 69
67 72
67 75
67 79
67 81
67 84
67 87
67 91
67 92
67 98
67 99
68 2
68 3
68 4
68 7
68 12
68 13
68 14
68 15
68 17
68 18
68 20
68 21
68 23
68 26
68 27
68 28
68 29
68 36
68 37
68 38
68 40
68 43
68 44
68 45
68 46
68 47
68 48
68 49
68 50
68 53
68 54
68 56
68 58
68 60
68 61
68 64
68 72
68 75
68 79
68 80
68 81
68 82
68 84
68 87
68 88
68 89
68 90
68 92
68 97
68 100
69 3
69 11
69 12
69 13
69 14
69 15
69 16
69 18
69 19
69 20
69 23
69 25
69 26
69 29
69 40
69 41
69 42
69 45
69 47
69 48
69 50
69 52
69 53
69 54
69 56
69 59
69 61
69 62
69 63
69 67
69 68
69 69
69 74
69 76
69 77
69 79
69 81
69 82
69 84
69 85
69 87
69 89
69 91
69 93
69 94
69 95
69 96
70 1
70 3
70 5
70 7
70 9
70 11
70 12
70 15
70 16
70 17
70 18
70 19
70 20
70 21
70 22
70 28
70 29
70 30
70 34
70 36
70 37
70 38
70 39
70 41
70 42
70 44
70 45
70 47
70 48
70 49
70 50
70 51
70 52
70 56
70 57
70 58
70 59
70 61
70 62
70 64
70 65
70 66
70 68
70 69
70 70
70 71
70 74
70 76
70 77
70 79
70 81
70 83
70 91
70 93
70 94
70 97
70 98
71 1
71 2
71 3
71 4
71 5
71 7
71 8
71 9
71 10
71 11
71 12
71 13
71 14
71 15
71 18
71 19
71 20
71 22
71 23
71 24
71 26
71 29
71 30
71 31
71 32
71 33
71 35
71 36
71 37
71 38
71 41
71 42
71 44
71 45
71 47
71 49
71 51
71 52
71 53
71 54
71 60
71 61
71 62
71 63
71 64
71 66
71 67
71 69
71 70
71 71
71 73
71 74
71 75
71 77
71 78
71 79
71 81
71 83
71 85
71 86
71 87
71 89
71 93
71 96
71 97
71 98
71 99
71 100
72 3
72 7
72 8
72 9
72 11
72 13
72 14
72 15
72 16
72 17
72 19
72 21
72 22
72 25
72 29
72 34
72 35
72 36
72 37
72 38
72 39
72 40
72 41
72 42
72 43
72 44
72 46
72 48
72 50
72 53
72 54
72 55
72 57
72 59
72 62
72 63
72 65
72 66
72 70
72 71
72 75
72 76
72 77
72 79
72 80
72 83
72 84
72 86
72 89
72 92
72 94
72 99
73 3
73 4
73 10
73 12
73 13
73 14
73 15
73 16
73 17
73 19
73 20
73 21
73 25
73 28
73 31
73 32
73 33
73 34
73 35
73 38
73 40
73 42
73 43
73 51
73 53
73 54
73 57
73 60
73 61
73 63
73 65
73 66
73 67
73 70
73 75
73 77
73 80
73 81
73 83
73 84
73 85
73 86
73 87
73 88
73 90
73 91
73 94
73 99
74 2
74 4
74 8
74 11
74 13
74 16
74 17
74 18
74 20
74 25
74 26
74 27
74 28
74 29
74 30
74 31
74 32
74 35
74 37
74 39
74 42
74 43
74 44
74 45
74 46
74 48
74 49
74 50
74 51
74 57
74 59
74 62
74 63
74 65
74 66
74 69
74 70
74 71
74 72
74 73
74 76
74 77
74 79
74 81
74 82
74 85
74 86
74 89
74 91
74 92
74 93
74 94
74 95
74 96
74 98
74 99
74 100
75 2
75 4
75 5
75 8
75 11
75 12
75 13
75 14
75 15
75 16
75 18
75 19
75 20
75 21
75 22
75 23
75 24
75 25
75 26
75 27
75 30
75 31
75 32
75 33
75 34
75 35
75 37
75 43
75 45
75 46
75 51
75 56
75 58
75 60
75 61
75 62
75 63
75 65
75 66
75 67
75 70
75 72
75 73
75 74
75 76
75 78
75 80
75 85
75 88
75 91
75 95
75 97
76 4
76 5
76 7
76 8
76 10
76 13
76 14
76 16
76 19
76 20
76 22
76 24
76 26
76 31
76 35
76 38
76 39
76 42
76 44
76 49
76 51
76 53
76 54
76 56
76 59
76 60
76 61
76 63
76 64
76 66
76 67
76 69
76 74
76 75
76 77
76 78
76 80
76 83
76 84
76 85
76 88
76 89
76 91
76 92
76 97
77 1
77 8
77 11
77 13
77 15
77 16
77 17
77 18
77 19
77 20
77 21
77 23
77 24
77 25
77 27
77 28
77 29
77 32
77 35
77 36
77 39
77 40
77 41
77 42
77 50
77 52
77 54
77 59
77 61
77 63
77 64
77 65
77 66
77 68
77 70
77 73
77 74
77 76
77 78
77 79
77 81
77 85
77 88
77 92
77 94
77 97
77 98
78 1
78 2
78 3
78 4
78 5
78 7
78 8
78 11
78 18
78 20
78 22
78 24
78 25
78 28
78 29
78 30
78 31
78 32
78 33
78 37
78 39
78 41
78 44
78 46
78 47
78 48
78 51
78 53
78 54
78 55
78 56
78 61
78 63
78 64
78 65
78 66
78 70
78 71
78 74
78 77
78 78
78 79
78 81
78 83
78 86
78 87
78 89
78 91
78 94
78 96
78 98
78 99
78 100
79 3
79 4
79 6
79 8
79 11
79 12
79 13
79 17
79 19
79 20
79 21
79 25
79 27
79 28
79 35
79 37
79 38
79 40
79 42
79 44
79 45
79 47
79 48
79 49
79 51
79 53
79 54
79 55
79 57
79 60
79 62
79 66
79 69
79 72
79 73
79 74
79 76
79 78
79 80
79 81
79 82
79 84
79 88
79 89
79 97
79 99
79 100
80 4
80 7
80 8
80 10
80 11
80 13
80 14
80 17
80 19
80 24
80 25
80 26
80 29
80 30
80 31
80 35
80 40
80 41
80 42
80 44
80 46
80 50
80 52
80 54
80 55
80 56
80 59
80 61
80 66
80 67
80 70
80 71
80 72
80 74
80 76
80 78
80 81
80 83
80 84
80 85
80 88
80 89
80 96
80 97
80 99
81 1
81 3
81 4
81 6
81 8
81 9
81 11
81 12
81 16
81 17
81 18
81 19
81 21
81 25
81 29
81 30
81 32
81 33
81 36
81 37
81 40
81 42
81 44
81 46
81 47
81 49
81 50
81 52
81 53
81 54
81 55
81 56
81 62
81 63
81 66
81 67
81 70
81 71
81 72
81 73
81 74
81 75
81 76
81 78
81 79
81 80
81 83
81 85
81 86
81 88
81 89
81 90
81 91
81 98
81 99
81 100
82 2
82 3
82 4
82 5
82 6
82 7
82 8
82 14
82 15
82 16
82 17
82 19
82 20
82 22
82 24
82 26
82 28
82 31
82 37
82 38
82 39
82 43
82 44
82 47
82 52
82 53
82 55
82 56
82 60
82 62
82 63
82 66
82 67
82 70
82 71
82 73
82 74
82 75
82 76
82 81
82 85
82 87
82 88
82 89
82 91
82 92
82 93
82 94
82 96
82 98
82 100
83 1
83 4
83 5
83 6
83 7
83 8
83 9
83 10
83 13
83 16
83 17
83 18
83 22
83 25
83 26
83 27
83 29
83 31
83 32
83 33
83 34
83 39
83 40
83 41
83 42
83 43
83 45
83 46
83 49
83 50
83 51
83 52
83 53
83 54
83 55
83 57
83 58
83 61
83 64
83 66
83 67
83 68
83 70
83 72
83 73
83 74
83 76
83 77
83 78
83 81
83 86
83 88
83 90
83 92
83 93
83 95
83 96
83 97
83 98
84 2
84 3
84 4
84 5
84 7
84 8
84 9
84 10
84 12
84 13
84 15
84 16
84 19
84 24
84 25
84 29
84 34
84 35
84 39
84 40
84 47
84 48
84 49
84 50
84 55
84 61
84 62
84 63
84 64
84 65
84 67
84 68
84 69
84 70
84 73
84 74
84 76
84 77
84 78
84 80
84 83
84 85
84 87
84 90
84 92
84 93
84 94
84 95
84 96
85 1
85 2
85 3
85 4
85 5
85 6
85 9
85 10
85 11
85 13
85 14
85 19
85 20
85 23
85 24
85 25
85 29
85 32
85 33
85 34
85 36
85 39
85 40
85 41
85 44
85 49
85 51
85 52
85 54
85 56
85 57
85 58
85 63
85 64
85 65
85 69
85 72
85 73
85 74
85 75
85 76
85 77
85 78
85 79
85 80
85 82
85 83
85 84
85 87
85 91
85 93
85 94
85 95
85 98
86 4
86 9
86 11
86 12
86 15
86 16
86 17
86 18
86 19
86 20
86 21
86 25
86 27
86 28
86 31
86 40
86 42
86 43
86 47
86 48
86 49
86 50
86 54
86 56
86 58
86 59
86 60
86 62
86 64
86 65
86 68
86 70
86 71
86 72
86 73
86 74
86 76
86 77
86 78
86 80
86 81
86 86
86 87
86 89
86 90
86 92
86 93
86 97
86 98
87 1
87 3
87 5
87 6
87 7
87 8
87 9
87 11
87 13
87 14
87 19
87 21
87 22
87 23
87 33
87 36
87 39
87 41
87 42
87 44
87 47
87 48
87 49
87 50
87 51
87 52
87 53
87 55
87 56
87 57
87 59
87 60
87 63
87 64
87 70
87 71
87 74
87 75
87 76
87 78
87 79
87 81
87 82
87 83
87 85
87 87
87 90
87 92
87 94
87 98
88 1
88 4
88 5
88 7
88 8
88 9
88 11
88 13
88 14
88 16
88 18
88 20
88 23
88 26
88 27
88 29
88 30
88 33
88 34
88 36
88 37
88 40
88 41
88 43
88 44
88 45
88 46
88 49
88 50
88 53
88 55
88 56
88 59
88 60
88 62
88 63
88 67
88 68
88 69
88 70
88 71
88 72
88 79
88 80
88 81
88 82
88 83
88 85
88 89
88 91
88 95
88 96
88 98
88 99
89 1
89 2
89 3
89 4
89 6
89 10
89 11
89 13
89 15
89 16
89 18
89 19
89 20
89 21
89 25
89 27
89 29
89 30
89 31
89 33
89 34
89 35
89 38
89 39
89 40
89 42
89 44
89 45
89 49
89 50
89 51
89 52
89 53
89 56
89 59
89 60
89 61
89 62
89 63
89 64
89 65
89 66
89 70
89 71
89 72
89 74
89 76
89 80
89 82
89 85
89 87
89 93
89 94
89 95
89 96
89 100
90 6
90 15
90 21
90 22
90 23
90 24
90 25
90 26
90 27
90 29
90 30
90 34
90 36
90 37
90 38
90 46
90 48
90 50
90 51
90 52
90 53
90 54
90 55
90 56
90 57
90 58
90 61
90 63
90 64
90 70
90 71
90 73
90 80
90 82
90 85
90 87
90 88
90 89
90 90
90 92
90 95
90 96
90 97
90 100
91 1
91 5
91 7
91 9
91 12
91 14
91 17
91 18
91 22
91 24
91 25
91 26
91 27
91 28
91 30
91 32
91 34
91 35
91 37
91 38
91 41
91 42
91 46
91 47
91 48
91 49
91 50
91 53
91 54
91 56
91 62
91 64
91 66
91 70
91 72
91 74
91 75
91 77
91 88
91 89
91 91
91 92
91 95
91 96
91 98
91 99
91 100
92 1
92 2
92 3
92 4
92 6
92 9
92 10
92 11
92 12
92 14
92 15
92 16
92 18
92 20
92 21
92 22
92 24
92 26
92 27
92 28
92 31
92 32
92 36
92 38
92 39
92 40
92 41
92 42
92 44
92 48
92 56
92 57
92 58
92 59
92 61
92 62
92 65
92 66
92 67
92 69
92 70
92 72
92 74
92 75
92 81
92 83
92 85
92 86
92 87
92 94
92 98
92 100
93 4
93 6
93 7
93 10
93 11
93 13
93 14
93 15
93 16
93 19
93 20
93 21
93 22
93 26
93 29
93 30
93 31
93 32
93 34
93 36
93 38
93 43
93 44
93 47
93 49
93 52
93 53
93 54
93 55
93 63
93 66
93 67
93 70
93 73
93 82
93 84
93 85
93 86
93 89
93 90
93 93
93 94
93 95
93 97
93 99
94 1
94 2
94 3
94 4
94 6
94 7
94 8
94 9
94 12
94 13
94 14
94 15
94 17
94 18
94 20
94 21
94 22
94 23
94 24
94 25
94 30
94 34
94 36
94 41
94 43
94 44
94 45
94 49
94 51
94 52
94 56
94 57
94 58
94 60
94 61
94 63
94 64
94 65
94 67
94 69
94 72
94 78
94 79
94 81
94 85
94 86
94 87
94 92
94 93
94 94
94 96
94 97
94 98
94 99
95 4
95 6
95 8
95 10
95 11
95 17
95 18
95 19
95 20
95 23
95 25
95 27
95 29
95 30
95 33
95 34
95 35
95 37
95 38
95 39
95 40
95 41
95 43
95 49
95 50
95 52
95 56
95 64
95 65
95 66
95 69
95 70
95 71
95 72
95 73
95 75
95 76
95 77
95 80
95 84
95 85
95 86
95 90
95 93
95 95
95 97
95 100
96 1
96 2
96 3
96 6
96 7
96 11
96 13
96 19
96 22
96 23
96 24
96 25
96 26
96 28
96 29
96 30
96 33
96 35
96 37
96 38
96 39
96 41
96 42
96 45
96 46
96 51
96 52
96 53
96 55
96 56
96 57
96 59
96 62
96 64
96 67
96 69
96 70
96 73
96 74
96 78
96 79
96 80
96 83
96 85
96 86
96 87
96 90
96 93
96 95
96 96
96 97
96 98
96 99
97 2
97 4
97 6
97 7
97 8
97 9
97 12
97 13
97 15
97 16
97 17
97 19
97 21
97 24
97 27
97 29
97 31
97 32
97 36
97 37
97 38
97 39
97 40
97 41
97 42
97 43
97 45
97 46
97 48
97 50
97 51
97 53
97 55
97 59
97 61
97 62
97 63
97 65
97 68
97 70
97 71
97 72
97 73
97 74
97 75
97 76
97 80
97 84
97 85
97 86
97 88
97 93
97 95
97 96
97 98
97 99
97 100
98 1
98 2
98 5
98 6
98 7
98 10
98 11
98 12
98 13
98 19
98 21
98 25
98 30
98 31
98 32
98 33
98 36
98 37
98 38
98 43
98 47
98 48
98 49
98 51
98 54
98 57
98 58
98 61
98 62
98 64
98 66
98 71
98 73
98 74
98 76
98 83
98 84
98 85
98 86
98 87
98 90
98 92
98 93
98 94
98 95
98 96
98 98
98 99
99 1
99 2
99 4
99 5
99 6
99 7
99 10
99 11
99 12
99 15
99 16
99 19
99 21
99 22
99 25
99 27
99 30
99 35
99 37
99 39
99 41
99 43
99 44
99 45
99 46
99 48
99 50
99 51
99 52
99 53
99 54
99 57
99 58
99 59
99 60
99 62
99 63
99 66
99 68
99 70
99 71
99 77
99 83
99 84
99 86
99 87
99 91
99 93
99 94
99 96
99 97
99 98
100 1
100 3
100 5
100 6
100 8
100 9
100 10
100 11
100 13
100 14
100 17
100 20
100 21
100 24
100 25
100 26
100 28
100 29
100 30
100 32
100 34
100 36
100 37
100 38
100 40
100 41
100 42
100 43
100 46
100 48
100 50
100 51
100 52
100 53
100 56
100 57
100 59
100 60
100 61
100 63
100 66
100 68
100 69
100 70
100 73
100 74
100 78
100 79
100 83
100 84
100 85
100 91
100 92
100 95
100 100
