1 1 -1
1 2 18
1 3 16
1 4 26
1 5 7
1 6 29
1 7 28
1 8 17
1 9 30
1 10 24
1 11 12
1 12 15
1 13 23
1 14 24
1 15 32
1 16 31
1 17 29
1 18 11
1 19 16
1 20 2
1 21 28
1 22 12
1 23 20
1 24 24
1 25 9
1 26 16
1 27 30
1 28 16
1 29 31
1 30 4
1 31 7
1 32 25
1 33 28
1 34 11
1 35 35
1 36 33
1 37 14
1 38 17
1 39 13
1 40 2
1 41 11
1 42 19
1 43 18
1 44 17
1 45 25
2 1 18
2 2 -1
2 3 7
2 4 10
2 5 22
2 6 20
2 7 10
2 8 1
2 9 13
2 10 16
2 11 11
2 12 23
2 13 20
2 14 27
2 15 29
2 16 26
2 17 11
2 18 14
2 19 25
2 20 17
2 21 17
2 22 14
2 23 25
2 24 28
2 25 27
2 26 10
2 27 13
2 28 9
2 29 31
2 30 22
2 31 14
2 32 31
2 33 14
2 34 21
2 35 27
2 36 26
2 37 10
2 38 14
2 39 31
2 40 20
2 41 29
2 42 6
2 43 31
2 44 3
2 45 26
3 1 16
3 2 7
3 3 -1
3 4 17
3 5 21
3 6 15
3 7 12
3 8 6
3 9 14
3 10 10
3 11 5
3 12 26
3 13 13
3 14 19
3 15 22
3 16 19
3 17 16
3 18 8
3 19 19
3 20 15
3 21 12
3 22 17
3 23 17
3 24 21
3 25 25
3 26 15
3 27 20
3 28 14
3 29 24
3 30 20
3 31 15
3 32 24
3 33 12
3 34 22
3 35 22
3 36 21
3 37 14
3 38 19
3 39 29
3 40 18
3 41 27
3 42 3
3 43 32
3 44 4
3 45 19
4 1 26
4 2 10
4 3 17
4 4 -1
4 5 28
4 6 27
4 7 12
4 8 11
4 9 15
4 10 24
4 11 21
4 12 27
4 13 28
4 14 36
4 15 37
4 16 34
4 17 5
4 18 24
4 19 35
4 20 25
4 21 23
4 22 19
4 23 34
4 24 38
4 25 35
4 26 12
4 27 3
4 28 12
4 29 39
4 30 30
4 31 20
4 32 41
4 33 19
4 34 26
4 35 33
4 36 34
4 37 14
4 38 15
4 39 37
4 40 29
4 41 37
4 42 14
4 43 35
4 44 13
4 45 35
5 1 7
5 2 22
5 3 21
5 4 28
5 5 -1
5 6 35
5 7 32
5 8 21
5 9 34
5 10 30
5 11 18
5 12 9
5 13 30
5 14 31
5 15 39
5 16 38
5 17 32
5 18 18
5 19 22
5 20 6
5 21 34
5 22 10
5 23 27
5 24 31
5 25 7
5 26 17
5 27 32
5 28 16
5 29 38
5 30 7
5 31 8
5 32 32
5 33 34
5 34 5
5 35 42
5 36 40
5 37 14
5 38 15
5 39 9
5 40 7
5 41 9
5 42 24
5 43 11
5 44 21
5 45 32
6 1 29
6 2 20
6 3 15
6 4 27
6 5 35
6 6 -1
6 7 15
6 8 19
6 9 13
6 10 5
6 11 17
6 12 41
6 13 8
6 14 16
6 15 10
6 16 7
6 17 24
6 18 17
6 19 23
6 20 29
6 21 4
6 22 32
6 23 17
6 24 18
6 25 37
6 26 29
6 27 29
6 28 29
6 29 15
6 30 32
6 31 29
6 32 21
6 33 8
6 34 37
6 35 7
6 36 7
6 37 29
6 38 34
6 39 42
6 40 30
6 41 39
6 42 14
6 43 46
6 44 17
6 45 13
7 1 28
7 2 10
7 3 12
7 4 12
7 5 32
7 6 15
7 7 -1
7 8 11
7 9 2
7 10 13
7 11 17
7 12 34
7 13 19
7 14 28
7 15 25
7 16 22
7 17 9
7 18 20
7 19 30
7 20 27
7 21 11
7 22 25
7 23 27
7 24 30
7 25 37
7 26 20
7 27 14
7 28 19
7 29 29
7 30 32
7 31 24
7 32 33
7 33 7
7 34 31
7 35 21
7 36 22
7 37 20
7 38 24
7 39 41
7 40 30
7 41 39
7 42 9
7 43 41
7 44 11
7 45 26
8 1 17
8 2 1
8 3 6
8 4 11
8 5 21
8 6 19
8 7 11
8 8 -1
8 9 13
8 10 15
8 11 10
8 12 23
8 13 19
8 14 25
8 15 28
8 16 25
8 17 12
8 18 12
8 19 24
8 20 16
8 21 16
8 22 14
8 23 23
8 24 27
8 25 26
8 26 10
8 27 14
8 28 9
8 29 30
8 30 21
8 31 13
8 32 30
8 33 14
8 34 20
8 35 26
8 36 26
8 37 9
8 38 14
8 39 30
8 40 19
8 41 28
8 42 5
8 43 30
8 44 2
8 45 25
9 1 30
9 2 13
9 3 14
9 4 15
9 5 34
9 6 13
9 7 2
9 8 13
9 9 -1
9 10 13
9 11 19
9 12 37
9 13 19
9 14 28
9 15 24
9 16 21
9 17 11
9 18 21
9 19 31
9 20 29
9 21 9
9 22 28
9 23 27
9 24 30
9 25 39
9 26 22
9 27 16
9 28 22
9 29 28
9 30 34
9 31 27
9 32 33
9 33 5
9 34 34
9 35 19
9 36 20
9 37 23
9 38 27
9 39 43
9 40 32
9 41 41
9 42 11
9 43 44
9 44 13
9 45 26
10 1 24
10 2 16
10 3 10
10 4 24
10 5 30
10 6 5
10 7 13
10 8 15
10 9 13
10 10 -1
10 11 12
10 12 36
10 13 5
10 14 14
10 15 13
10 16 10
10 17 22
10 18 13
10 19 19
10 20 24
10 21 5
10 22 28
10 23 14
10 24 17
10 25 32
10 26 25
10 27 26
10 28 24
10 29 15
10 30 27
10 31 24
10 32 19
10 33 8
10 34 32
10 35 12
10 36 10
10 37 24
10 38 29
10 39 37
10 40 25
10 41 34
10 42 10
10 43 41
10 44 13
10 45 12
11 1 12
11 2 11
11 3 5
11 4 21
11 5 18
11 6 17
11 7 17
11 8 10
11 9 19
11 10 12
11 11 -1
11 12 24
11 13 12
11 14 17
11 15 22
11 16 20
11 17 22
11 18 2
11 19 14
11 20 12
11 21 16
11 22 17
11 23 14
11 24 18
11 25 20
11 26 17
11 27 24
11 28 16
11 29 22
11 30 15
11 31 13
11 32 20
11 33 17
11 34 20
11 35 24
11 36 22
11 37 15
11 38 20
11 39 25
11 40 13
11 41 22
11 42 8
11 43 29
11 44 8
11 45 17
12 1 15
12 2 23
12 3 26
12 4 27
12 5 9
12 6 41
12 7 34
12 8 23
12 9 37
12 10 36
12 11 24
12 12 -1
12 13 36
12 14 39
12 15 46
12 16 44
12 17 31
12 18 25
12 19 31
12 20 13
12 21 38
12 22 8
12 23 35
12 24 39
12 25 16
12 26 15
12 27 30
12 28 15
12 29 46
12 30 16
12 31 11
12 32 41
12 33 38
12 34 4
12 35 48
12 36 46
12 37 13
12 38 12
12 39 14
12 40 16
12 41 17
12 42 27
12 43 8
12 44 24
12 45 40
13 1 23
13 2 20
13 3 13
13 4 28
13 5 30
13 6 8
13 7 19
13 8 19
13 9 19
13 10 5
13 11 12
13 12 36
13 13 -1
13 14 9
13 15 9
13 16 7
13 17 27
13 18 12
13 19 15
13 20 24
13 21 10
13 22 29
13 23 9
13 24 11
13 25 30
13 26 28
13 27 31
13 28 27
13 29 11
13 30 25
13 31 25
13 32 14
13 33 14
13 34 33
13 35 13
13 36 10
13 37 26
13 38 32
13 39 36
13 40 24
13 41 32
13 42 14
13 43 41
13 44 17
13 45 7
14 1 24
14 2 27
14 3 19
14 4 36
14 5 31
14 6 16
14 7 28
14 8 25
14 9 28
14 10 14
14 11 17
14 12 39
14 13 9
14 14 -1
14 15 11
14 16 12
14 17 35
14 18 15
14 19 10
14 20 25
14 21 19
14 22 33
14 23 3
14 24 2
14 25 29
14 26 34
14 27 39
14 28 33
14 29 7
14 30 25
14 31 28
14 32 5
14 33 23
14 34 35
14 35 19
14 36 15
14 37 32
14 38 37
14 39 34
14 40 24
14 41 30
14 42 21
14 43 42
14 44 24
14 45 3
15 1 32
15 2 29
15 3 22
15 4 37
15 5 39
15 6 10
15 7 25
15 8 28
15 9 24
15 10 13
15 11 22
15 12 46
15 13 9
15 14 11
15 15 -1
15 16 3
15 17 34
15 18 21
15 19 21
15 20 33
15 21 14
15 22 39
15 23 14
15 24 13
15 25 39
15 26 38
15 27 39
15 28 37
15 29 5
15 30 34
15 31 35
15 32 15
15 33 19
15 34 42
15 35 8
15 36 5
15 37 36
15 38 41
15 39 44
15 40 33
15 41 40
15 42 23
15 43 51
15 44 26
15 45 8
16 1 31
16 2 26
16 3 19
16 4 34
16 5 38
16 6 7
16 7 22
16 8 25
16 9 21
16 10 10
16 11 20
16 12 44
16 13 7
16 14 12
16 15 3
16 16 -1
16 17 31
16 18 19
16 19 20
16 20 31
16 21 11
16 22 37
16 23 14
16 24 14
16 25 38
16 26 35
16 27 36
16 28 34
16 29 7
16 30 33
16 31 33
16 32 16
16 33 16
16 34 40
16 35 7
16 36 3
16 37 34
16 38 39
16 39 43
16 40 31
16 41 39
16 42 20
16 43 49
16 44 23
16 45 9
17 1 29
17 2 11
17 3 16
17 4 5
17 5 32
17 6 24
17 7 9
17 8 12
17 9 11
17 10 22
17 11 22
17 12 31
17 13 27
17 14 35
17 15 34
17 16 31
17 17 -1
17 18 24
17 19 36
17 20 27
17 21 20
17 22 23
17 23 34
17 24 37
17 25 38
17 26 16
17 27 5
17 28 16
17 29 37
17 30 33
17 31 24
17 32 40
17 33 16
17 34 30
17 35 30
17 36 31
17 37 18
17 38 19
17 39 41
17 40 31
17 41 40
17 42 14
17 43 39
17 44 13
17 45 34
18 1 11
18 2 14
18 3 8
18 4 24
18 5 18
18 6 17
18 7 20
18 8 12
18 9 21
18 10 13
18 11 2
18 12 25
18 13 12
18 14 15
18 15 21
18 16 19
18 17 24
18 18 -1
18 19 11
18 20 12
18 21 17
18 22 18
18 23 12
18 24 16
18 25 19
18 26 19
18 27 27
18 28 18
18 29 21
18 30 14
18 31 13
18 32 18
18 33 19
18 34 21
18 35 24
18 36 21
18 37 17
18 38 22
18 39 24
18 40 12
18 41 21
18 42 11
18 43 29
18 44 11
18 45 15
19 1 16
19 2 25
19 3 19
19 4 35
19 5 22
19 6 23
19 7 30
19 8 24
19 9 31
19 10 19
19 11 14
19 12 31
19 13 15
19 14 10
19 15 21
19 16 20
19 17 36
19 18 11
19 19 -1
19 20 18
19 21 24
19 22 27
19 23 6
19 24 9
19 25 19
19 26 29
19 27 39
19 28 28
19 29 17
19 30 16
19 31 22
19 32 9
19 33 27
19 34 27
19 35 27
19 36 23
19 37 27
19 38 31
19 39 25
19 40 15
19 41 20
19 42 22
19 43 33
19 44 22
19 45 12
20 1 2
20 2 17
20 3 15
20 4 25
20 5 6
20 6 29
20 7 27
20 8 16
20 9 29
20 10 24
20 11 12
20 12 13
20 13 24
20 14 25
20 15 33
20 16 31
20 17 27
20 18 12
20 19 18
20 20 -1
20 21 28
20 22 9
20 23 22
20 24 25
20 25 10
20 26 14
20 27 28
20 28 14
20 29 32
20 30 5
20 31 5
20 32 27
20 33 28
20 34 9
20 35 36
20 36 33
20 37 12
20 38 15
20 39 14
20 40 4
20 41 12
20 42 18
20 43 17
20 44 16
20 45 26
21 1 28
21 2 17
21 3 12
21 4 23
21 5 34
21 6 4
21 7 11
21 8 16
21 9 9
21 10 5
21 11 16
21 12 38
21 13 10
21 14 19
21 15 14
21 16 11
21 17 20
21 18 17
21 19 24
21 20 28
21 21 -1
21 22 30
21 23 19
21 24 21
21 25 36
21 26 26
21 27 25
21 28 26
21 29 18
21 30 31
21 31 27
21 32 24
21 33 4
21 34 35
21 35 10
21 36 11
21 37 26
21 38 31
21 39 41
21 40 29
21 41 38
21 42 11
21 43 45
21 44 15
21 45 17
22 1 12
22 2 14
22 3 17
22 4 19
22 5 10
22 6 32
22 7 25
22 8 14
22 9 28
22 10 28
22 11 17
22 12 8
22 13 29
22 14 33
22 15 39
22 16 37
22 17 23
22 18 18
22 19 27
22 20 9
22 21 30
22 22 -1
22 23 30
22 24 34
22 25 17
22 26 7
22 27 22
22 28 7
22 29 39
22 30 15
22 31 5
22 32 36
22 33 29
22 34 7
22 35 40
22 36 38
22 37 5
22 38 5
22 39 19
22 40 13
22 41 19
22 42 19
22 43 16
22 44 15
22 45 33
23 1 20
23 2 25
23 3 17
23 4 34
23 5 27
23 6 17
23 7 27
23 8 23
23 9 27
23 10 14
23 11 14
23 12 35
23 13 9
23 14 3
23 15 14
23 16 14
23 17 34
23 18 12
23 19 6
23 20 22
23 21 19
23 22 30
23 23 -1
23 24 4
23 25 25
23 26 31
23 27 38
23 28 30
23 29 11
23 30 21
23 31 25
23 32 6
23 33 23
23 34 31
23 35 21
23 36 17
23 37 29
23 38 34
23 39 31
23 40 20
23 41 26
23 42 20
23 43 38
23 44 21
23 45 5
24 1 24
24 2 28
24 3 21
24 4 38
24 5 31
24 6 18
24 7 30
24 8 27
24 9 30
24 10 17
24 11 18
24 12 39
24 13 11
24 14 2
24 15 13
24 16 14
24 17 37
24 18 16
24 19 9
24 20 25
24 21 21
24 22 34
24 23 4
24 24 -1
24 25 28
24 26 35
24 27 41
24 28 34
24 29 8
24 30 25
24 31 29
24 32 2
24 33 25
24 34 35
24 35 21
24 36 17
24 37 33
24 38 38
24 39 34
24 40 24
24 41 29
24 42 23
24 43 42
24 44 25
24 45 5
25 1 9
25 2 27
25 3 25
25 4 35
25 5 7
25 6 37
25 7 37
25 8 26
25 9 39
25 10 32
25 11 20
25 12 16
25 13 30
25 14 29
25 15 39
25 16 38
25 17 38
25 18 19
25 19 19
25 20 10
25 21 36
25 22 17
25 23 25
25 24 28
25 25 -1
25 26 24
25 27 38
25 28 23
25 29 36
25 30 5
25 31 14
25 32 29
25 33 37
25 34 13
25 35 43
25 36 40
25 37 21
25 38 23
25 39 5
25 40 7
25 41 2
25 42 28
25 43 15
25 44 26
25 45 31
26 1 16
26 2 10
26 3 15
26 4 12
26 5 17
26 6 29
26 7 20
26 8 10
26 9 22
26 10 25
26 11 17
26 12 15
26 13 28
26 14 34
26 15 38
26 16 35
26 17 16
26 18 19
26 19 29
26 20 14
26 21 26
26 22 7
26 23 31
26 24 35
26 25 24
26 26 -1
26 27 15
26 28 1
26 29 39
26 30 20
26 31 10
26 32 37
26 33 24
26 34 14
26 35 37
26 36 36
26 37 2
26 38 4
26 39 26
26 40 19
26 41 25
26 42 15
26 43 23
26 44 12
26 45 34
27 1 30
27 2 13
27 3 20
27 4 3
27 5 32
27 6 29
27 7 14
27 8 14
27 9 16
27 10 26
27 11 24
27 12 30
27 13 31
27 14 39
27 15 39
27 16 36
27 17 5
27 18 27
27 19 39
27 20 28
27 21 25
27 22 22
27 23 38
27 24 41
27 25 38
27 26 15
27 27 -1
27 28 15
27 29 42
27 30 34
27 31 24
27 32 44
27 33 21
27 34 29
27 35 35
27 36 36
27 37 17
27 38 18
27 39 41
27 40 32
27 41 40
27 42 17
27 43 38
27 44 16
27 45 38
28 1 16
28 2 9
28 3 14
28 4 12
28 5 16
28 6 29
28 7 19
28 8 9
28 9 22
28 10 24
28 11 16
28 12 15
28 13 27
28 14 33
28 15 37
28 16 34
28 17 16
28 18 18
28 19 28
28 20 14
28 21 26
28 22 7
28 23 30
28 24 34
28 25 23
28 26 1
28 27 15
28 28 -1
28 29 38
28 30 20
28 31 9
28 32 36
28 33 24
28 34 14
28 35 36
28 36 35
28 37 2
28 38 5
28 39 25
28 40 18
28 41 25
28 42 14
28 43 23
28 44 11
28 45 33
29 1 31
29 2 31
29 3 24
29 4 39
29 5 38
29 6 15
29 7 29
29 8 30
29 9 28
29 10 15
29 11 22
29 12 46
29 13 11
29 14 7
29 15 5
29 16 7
29 17 37
29 18 21
29 19 17
29 20 32
29 21 18
29 22 39
29 23 11
29 24 8
29 25 36
29 26 39
29 27 42
29 28 38
29 29 -1
29 30 32
29 31 35
29 32 10
29 33 23
29 34 42
29 35 14
29 36 10
29 37 37
29 38 42
29 39 42
29 40 31
29 41 38
29 42 25
29 43 49
29 44 28
29 45 5
30 1 4
30 2 22
30 3 20
30 4 30
30 5 7
30 6 32
30 7 32
30 8 21
30 9 34
30 10 27
30 11 15
30 12 16
30 13 25
30 14 25
30 15 34
30 16 33
30 17 33
30 18 14
30 19 16
30 20 5
30 21 31
30 22 15
30 23 21
30 24 25
30 25 5
30 26 20
30 27 34
30 28 20
30 29 32
30 30 -1
30 31 10
30 32 26
30 33 32
30 34 12
30 35 38
30 36 35
30 37 17
30 38 20
30 39 10
30 40 2
30 41 7
30 42 23
30 43 17
30 44 21
30 45 27
31 1 7
31 2 14
31 3 15
31 4 20
31 5 8
31 6 29
31 7 24
31 8 13
31 9 27
31 10 24
31 11 13
31 12 11
31 13 25
31 14 28
31 15 35
31 16 33
31 17 24
31 18 13
31 19 22
31 20 5
31 21 27
31 22 5
31 23 25
31 24 29
31 25 14
31 26 10
31 27 24
31 28 9
31 29 35
31 30 10
31 31 -1
31 32 31
31 33 27
31 34 7
31 35 36
31 36 35
31 37 7
31 38 10
31 39 17
31 40 9
31 41 16
31 42 17
31 43 17
31 44 13
31 45 29
32 1 25
32 2 31
32 3 24
32 4 41
32 5 32
32 6 21
32 7 33
32 8 30
32 9 33
32 10 19
32 11 20
32 12 41
32 13 14
32 14 5
32 15 15
32 16 16
32 17 40
32 18 18
32 19 9
32 20 27
32 21 24
32 22 36
32 23 6
32 24 2
32 25 29
32 26 37
32 27 44
32 28 36
32 29 10
32 30 26
32 31 31
32 32 -1
32 33 28
32 34 36
32 35 23
32 36 19
32 37 35
32 38 40
32 39 34
32 40 25
32 41 30
32 42 26
32 43 43
32 44 28
32 45 7
33 1 28
33 2 14
33 3 12
33 4 19
33 5 34
33 6 8
33 7 7
33 8 14
33 9 5
33 10 8
33 11 17
33 12 38
33 13 14
33 14 23
33 15 19
33 16 16
33 17 16
33 18 19
33 19 27
33 20 28
33 21 4
33 22 29
33 23 23
33 24 25
33 25 37
33 26 24
33 27 21
33 28 24
33 29 23
33 30 32
33 31 27
33 32 28
33 33 -1
33 34 34
33 35 14
33 36 15
33 37 24
33 38 29
33 39 42
33 40 30
33 41 39
33 42 10
33 43 44
33 44 13
33 45 21
34 1 11
34 2 21
34 3 22
34 4 26
34 5 5
34 6 37
34 7 31
34 8 20
34 9 34
34 10 32
34 11 20
34 12 4
34 13 33
34 14 35
34 15 42
34 16 40
34 17 30
34 18 21
34 19 27
34 20 9
34 21 35
34 22 7
34 23 31
34 24 35
34 25 13
34 26 14
34 27 29
34 28 14
34 29 42
34 30 12
34 31 7
34 32 36
34 33 34
34 34 -1
34 35 44
34 36 42
34 37 12
34 38 11
34 39 13
34 40 12
34 41 14
34 42 24
34 43 9
34 44 21
34 45 36
35 1 35
35 2 27
35 3 22
35 4 33
35 5 42
35 6 7
35 7 21
35 8 26
35 9 19
35 10 12
35 11 24
35 12 48
35 13 13
35 14 19
35 15 8
35 16 7
35 17 30
35 18 24
35 19 27
35 20 36
35 21 10
35 22 40
35 23 21
35 24 21
35 25 43
35 26 37
35 27 35
35 28 36
35 29 14
35 30 38
35 31 36
35 32 23
35 33 14
35 34 44
35 35 -1
35 36 4
35 37 36
35 38 41
35 39 48
35 40 36
35 41 45
35 42 21
35 43 53
35 44 25
35 45 16
36 1 33
36 2 26
36 3 21
36 4 34
36 5 40
36 6 7
36 7 22
36 8 26
36 9 20
36 10 10
36 11 22
36 12 46
36 13 10
36 14 15
36 15 5
36 16 3
36 17 31
36 18 21
36 19 23
36 20 33
36 21 11
36 22 38
36 23 17
36 24 17
36 25 40
36 26 36
36 27 36
36 28 35
36 29 10
36 30 35
36 31 35
36 32 19
36 33 15
36 34 42
36 35 4
36 36 -1
36 37 35
36 38 40
36 39 46
36 40 34
36 41 42
36 42 20
36 43 51
36 44 24
36 45 12
37 1 14
37 2 10
37 3 14
37 4 14
37 5 14
37 6 29
37 7 20
37 8 9
37 9 23
37 10 24
37 11 15
37 12 13
37 13 26
37 14 32
37 15 36
37 16 34
37 17 18
37 18 17
37 19 27
37 20 12
37 21 26
37 22 5
37 23 29
37 24 33
37 25 21
37 26 2
37 27 17
37 28 2
37 29 37
37 30 17
37 31 7
37 32 35
37 33 24
37 34 12
37 35 36
37 36 35
37 37 -1
37 38 5
37 39 23
37 40 16
37 41 23
37 42 15
37 43 21
37 44 11
37 45 32
38 1 17
38 2 14
38 3 19
38 4 15
38 5 15
38 6 34
38 7 24
38 8 14
38 9 27
38 10 29
38 11 20
38 12 12
38 13 32
38 14 37
38 15 41
38 16 39
38 17 19
38 18 22
38 19 31
38 20 15
38 21 31
38 22 5
38 23 34
38 24 38
38 25 23
38 26 4
38 27 18
38 28 5
38 29 42
38 30 20
38 31 10
38 32 40
38 33 29
38 34 11
38 35 41
38 36 40
38 37 5
38 38 -1
38 39 24
38 40 19
38 41 25
38 42 19
38 43 20
38 44 16
38 45 37
39 1 13
39 2 31
39 3 29
39 4 37
39 5 9
39 6 42
39 7 41
39 8 30
39 9 43
39 10 37
39 11 25
39 12 14
39 13 36
39 14 34
39 15 44
39 16 43
39 17 41
39 18 24
39 19 25
39 20 14
39 21 41
39 22 19
39 23 31
39 24 34
39 25 5
39 26 26
39 27 41
39 28 25
39 29 42
39 30 10
39 31 17
39 32 34
39 33 42
39 34 13
39 35 48
39 36 46
39 37 23
39 38 24
39 39 -1
39 40 12
39 41 4
39 42 32
39 43 11
39 44 30
39 45 36
40 1 2
40 2 20
40 3 18
40 4 29
40 5 7
40 6 30
40 7 30
40 8 19
40 9 32
40 10 25
40 11 13
40 12 16
40 13 24
40 14 24
40 15 33
40 16 31
40 17 31
40 18 12
40 19 15
40 20 4
40 21 29
40 22 13
40 23 20
40 24 24
40 25 7
40 26 19
40 27 32
40 28 18
40 29 31
40 30 2
40 31 9
40 32 25
40 33 30
40 34 12
40 35 36
40 36 34
40 37 16
40 38 19
40 39 12
40 40 -1
40 41 9
40 42 21
40 43 18
40 44 19
40 45 25
41 1 11
41 2 29
41 3 27
41 4 37
41 5 9
41 6 39
41 7 39
41 8 28
41 9 41
41 10 34
41 11 22
41 12 17
41 13 32
41 14 30
41 15 40
41 16 39
41 17 40
41 18 21
41 19 20
41 20 12
41 21 38
41 22 19
41 23 26
41 24 29
41 25 2
41 26 25
41 27 40
41 28 25
41 29 38
41 30 7
41 31 16
41 32 30
41 33 39
41 34 14
41 35 45
41 36 42
41 37 23
41 38 25
41 39 4
41 40 9
41 41 -1
41 42 30
41 43 15
41 44 28
41 45 32
42 1 19
42 2 6
42 3 3
42 4 14
42 5 24
42 6 14
42 7 9
42 8 5
42 9 11
42 10 10
42 11 8
42 12 27
42 13 14
42 14 21
42 15 23
42 16 20
42 17 14
42 18 11
42 19 22
42 20 18
42 21 11
42 22 19
42 23 20
42 24 23
42 25 28
42 26 15
42 27 17
42 28 14
42 29 25
42 30 23
42 31 17
42 32 26
42 33 10
42 34 24
42 35 21
42 36 20
42 37 15
42 38 19
42 39 32
42 40 21
42 41 30
42 42 -1
42 43 34
42 44 3
42 45 20
43 1 18
43 2 31
43 3 32
43 4 35
43 5 11
43 6 46
43 7 41
43 8 30
43 9 44
43 10 41
43 11 29
43 12 8
43 13 41
43 14 42
43 15 51
43 16 49
43 17 39
43 18 29
43 19 33
43 20 17
43 21 45
43 22 16
43 23 38
43 24 42
43 25 15
43 26 23
43 27 38
43 28 23
43 29 49
43 30 17
43 31 17
43 32 43
43 33 44
43 34 9
43 35 53
43 36 51
43 37 21
43 38 20
43 39 11
43 40 18
43 41 15
43 42 34
43 43 -1
43 44 31
43 45 44
44 1 17
44 2 3
44 3 4
44 4 13
44 5 21
44 6 17
44 7 11
44 8 2
44 9 13
44 10 13
44 11 8
44 12 24
44 13 17
44 14 24
44 15 26
44 16 23
44 17 13
44 18 11
44 19 22
44 20 16
44 21 15
44 22 15
44 23 21
44 24 25
44 25 26
44 26 12
44 27 16
44 28 11
44 29 28
44 30 21
44 31 13
44 32 28
44 33 13
44 34 21
44 35 25
44 36 24
44 37 11
44 38 16
44 39 30
44 40 19
44 41 28
44 42 3
44 43 31
44 44 -1
44 45 23
45 1 25
45 2 26
45 3 19
45 4 35
45 5 32
45 6 13
45 7 26
45 8 25
45 9 26
45 10 12
45 11 17
45 12 40
45 13 7
45 14 3
45 15 8
45 16 9
45 17 34
45 18 15
45 19 12
45 20 26
45 21 17
45 22 33
45 23 5
45 24 5
45 25 31
45 26 34
45 27 38
45 28 33
45 29 5
45 30 27
45 31 29
45 32 7
45 33 21
45 34 36
45 35 16
45 36 12
45 37 32
45 38 37
45 39 36
45 40 25
45 41 32
45 42 20
45 43 44
45 44 23
45 45 -1
