1 1 -1
1 2 32
1 3 9
1 4 32
1 5 27
1 6 9
1 7 48
1 8 1
1 9 37
1 10 22
1 11 48
1 12 42
1 13 16
1 14 20
1 15 6
1 16 23
1 17 24
1 18 21
1 19 25
1 20 55
1 21 54
1 22 8
1 23 48
1 24 9
1 25 5
1 26 38
1 27 20
1 28 48
1 29 37
1 30 47
1 31 28
1 32 53
1 33 47
1 34 23
1 35 22
1 36 62
1 37 56
1 38 42
1 39 22
1 40 38
1 41 52
1 42 53
1 43 31
1 44 16
1 45 56
1 46 47
1 47 11
1 48 30
1 49 47
1 50 33
1 51 31
1 52 40
1 53 48
1 54 23
1 55 40
1 56 41
1 57 49
1 58 44
1 59 34
1 60 33
1 61 30
1 62 32
1 63 62
1 64 38
2 1 32
2 2 -1
2 3 42
2 4 5
2 5 16
2 6 42
2 7 16
2 8 31
2 9 29
2 10 40
2 11 34
2 12 20
2 13 44
2 14 31
2 15 37
2 16 31
2 17 9
2 18 18
2 19 52
2 20 23
2 21 40
2 22 24
2 23 41
2 24 38
2 25 34
2 26 30
2 27 42
2 28 17
2 29 43
2 30 15
2 31 34
2 32 36
2 33 17
2 34 13
2 35 12
2 36 48
2 37 41
2 38 30
2 39 11
2 40 25
2 41 20
2 42 21
2 43 9
2 44 31
2 45 30
2 46 43
2 47 32
2 48 10
2 49 14
2 50 55
2 51 48
2 52 24
2 53 33
2 54 14
2 55 16
2 56 9
2 57 46
2 58 45
2 59 2
2 60 49
2 61 37
2 62 1
2 63 43
2 64 55
3 1 9
3 2 42
3 3 -1
3 4 40
3 5 36
3 6 2
3 7 56
3 8 10
3 9 42
3 10 21
3 11 52
3 12 49
3 13 10
3 14 22
3 15 5
3 16 26
3 17 32
3 18 31
3 19 19
3 20 63
3 21 59
3 22 18
3 23 51
3 24 12
3 25 11
3 26 43
3 27 17
3 28 56
3 29 37
3 30 56
3 31 30
3 32 58
3 33 55
3 34 33
3 35 32
3 36 66
3 37 60
3 38 47
3 39 31
3 40 44
3 41 61
3 42 62
3 43 40
3 44 23
3 45 63
3 46 50
3 47 17
3 48 39
3 49 56
3 50 28
3 51 28
3 52 46
3 53 53
3 54 33
3 55 50
3 56 50
3 57 51
3 58 45
3 59 43
3 60 30
3 61 31
3 62 41
3 63 67
3 64 34
4 1 32
4 2 5
4 3 40
4 4 -1
4 5 20
4 6 41
4 7 16
4 8 31
4 9 24
4 10 36
4 11 29
4 12 15
4 13 42
4 14 27
4 15 36
4 16 27
4 17 8
4 18 21
4 19 49
4 20 23
4 21 35
4 22 24
4 23 36
4 24 38
4 25 34
4 26 25
4 27 39
4 28 16
4 29 39
4 30 19
4 31 30
4 32 31
4 33 15
4 34 15
4 35 14
4 36 43
4 37 37
4 38 25
4 39 12
4 40 20
4 41 20
4 42 21
4 43 13
4 44 32
4 45 27
4 46 38
4 47 32
4 48 14
4 49 16
4 50 52
4 51 44
4 52 19
4 53 28
4 54 17
4 55 21
4 56 9
4 57 41
4 58 40
4 59 3
4 60 45
4 61 33
4 62 5
4 63 39
4 64 51
5 1 27
5 2 16
5 3 36
5 4 20
5 5 -1
5 6 36
5 7 31
5 8 26
5 9 41
5 10 43
5 11 48
5 12 35
5 13 42
5 14 35
5 15 33
5 16 37
5 17 16
5 18 5
5 19 51
5 20 37
5 21 55
5 22 19
5 23 54
5 24 28
5 25 26
5 26 42
5 27 43
5 28 32
5 29 52
5 30 23
5 31 42
5 32 51
5 33 33
5 34 6
5 35 8
5 36 63
5 37 56
5 38 44
5 39 11
5 40 39
5 41 33
5 42 34
5 43 7
5 44 18
5 45 46
5 46 55
5 47 21
5 48 6
5 49 27
5 50 58
5 51 52
5 52 38
5 53 48
5 54 5
5 55 13
5 56 25
5 57 58
5 58 56
5 59 19
5 60 54
5 61 45
5 62 15
5 63 59
5 64 60
6 1 9
6 2 42
6 3 2
6 4 41
6 5 36
6 6 -1
6 7 57
6 8 10
6 9 43
6 10 23
6 11 54
6 12 50
6 13 12
6 14 24
6 15 6
6 16 28
6 17 33
6 18 30
6 19 21
6 20 64
6 21 61
6 22 18
6 23 53
6 24 10
6 25 10
6 26 45
6 27 19
6 28 57
6 29 39
6 30 56
6 31 32
6 32 60
6 33 56
6 34 33
6 35 32
6 36 68
6 37 62
6 38 48
6 39 31
6 40 46
6 41 62
6 42 63
6 43 40
6 44 21
6 45 64
6 46 52
6 47 16
6 48 39
6 49 56
6 50 30
6 51 30
6 52 47
6 53 55
6 54 32
6 55 49
6 56 50
6 57 53
6 58 48
6 59 43
6 60 32
6 61 33
6 62 41
6 63 69
6 64 36
7 1 48
7 2 16
7 3 56
7 4 16
7 5 31
7 6 57
7 7 -1
7 8 47
7 9 31
7 10 50
7 11 30
7 12 16
7 13 57
7 14 41
7 15 52
7 16 40
7 17 24
7 18 34
7 19 63
7 20 7
7 21 35
7 22 40
7 23 40
7 24 54
7 25 50
7 26 31
7 27 54
7 28 3
7 29 49
7 30 14
7 31 41
7 32 30
7 33 5
7 34 29
7 35 28
7 36 42
7 37 36
7 38 29
7 39 27
7 40 25
7 41 5
7 42 6
7 43 23
7 44 47
7 45 18
7 46 43
7 47 48
7 48 24
7 49 6
7 50 66
7 51 56
7 52 23
7 53 29
7 54 30
7 55 24
7 56 7
7 57 45
7 58 47
7 59 14
7 60 58
7 61 44
7 62 17
7 63 34
7 64 63
8 1 1
8 2 31
8 3 10
8 4 31
8 5 26
8 6 10
8 7 47
8 8 -1
8 9 37
8 10 23
8 11 47
8 12 41
8 13 17
8 14 20
8 15 8
8 16 23
8 17 23
8 18 20
8 19 26
8 20 54
8 21 54
8 22 7
8 23 48
8 24 9
8 25 5
8 26 38
8 27 21
8 28 47
8 29 37
8 30 45
8 31 28
8 32 52
8 33 46
8 34 22
8 35 21
8 36 62
8 37 56
8 38 41
8 39 21
8 40 38
8 41 51
8 42 52
8 43 30
8 44 15
8 45 55
8 46 47
8 47 10
8 48 29
8 49 46
8 50 34
8 51 32
8 52 39
8 53 48
8 54 22
8 55 39
8 56 40
8 57 49
8 58 44
8 59 33
8 60 34
8 61 30
8 62 30
8 63 61
8 64 39
9 1 37
9 2 29
9 3 42
9 4 24
9 5 41
9 6 43
9 7 31
9 8 37
9 9 -1
9 10 26
9 11 10
9 12 14
9 13 37
9 14 19
9 15 37
9 16 16
9 17 25
9 18 40
9 19 40
9 20 35
9 21 17
9 22 33
9 23 12
9 24 46
9 25 42
9 26 1
9 27 31
9 28 28
9 29 18
9 30 41
9 31 14
9 32 16
9 33 26
9 34 35
9 35 33
9 36 24
9 37 18
9 38 5
9 39 30
9 40 5
9 41 36
9 42 37
9 43 37
9 44 47
9 45 25
9 46 14
9 47 44
9 48 37
9 49 35
9 50 38
9 51 28
9 52 7
9 53 11
9 54 37
9 55 45
9 56 27
9 57 17
9 58 17
9 59 27
9 60 29
9 61 15
9 62 29
9 63 25
9 64 34
10 1 22
10 2 40
10 3 21
10 4 36
10 5 43
10 6 23
10 7 50
10 8 23
10 9 26
10 10 -1
10 11 36
10 12 37
10 13 13
10 14 9
10 15 17
10 16 10
10 17 31
10 18 39
10 19 14
10 20 56
10 21 41
10 22 26
10 23 31
10 24 31
10 25 27
10 26 27
10 27 5
10 28 49
10 29 16
10 30 55
10 31 12
10 32 42
10 33 47
10 34 38
10 35 36
10 36 47
10 37 42
10 38 31
10 39 34
10 40 30
10 41 56
10 42 57
10 43 43
10 44 38
10 45 50
10 46 29
10 47 33
10 48 43
10 49 52
10 50 15
10 51 9
10 52 32
10 53 37
10 54 38
10 55 53
10 56 45
10 57 31
10 58 25
10 59 40
10 60 11
10 61 11
10 62 39
10 63 50
10 64 16
11 1 48
11 2 34
11 3 52
11 4 29
11 5 48
11 6 54
11 7 30
11 8 47
11 9 10
11 10 36
11 11 -1
11 12 15
11 13 48
11 14 30
11 15 47
11 16 26
11 17 32
11 18 48
11 19 50
11 20 33
11 21 7
11 22 43
11 23 10
11 24 56
11 25 52
11 26 9
11 27 41
11 28 27
11 29 25
11 30 44
11 31 24
11 32 6
11 33 25
11 34 43
11 35 41
11 36 15
11 37 8
11 38 5
11 39 38
11 40 10
11 41 35
11 42 36
11 43 43
11 44 56
11 45 19
11 46 13
11 47 54
11 48 43
11 49 36
11 50 47
11 51 37
11 52 9
11 53 1
11 54 44
11 55 49
11 56 30
11 57 15
11 58 20
11 59 31
11 60 37
11 61 25
11 62 34
11 63 14
11 64 42
12 1 42
12 2 20
12 3 49
12 4 15
12 5 35
12 6 50
12 7 16
12 8 41
12 9 14
12 10 37
12 11 15
12 12 -1
12 13 47
12 14 29
12 15 44
12 16 27
12 17 21
12 18 36
12 19 51
12 20 20
12 21 20
12 22 35
12 23 23
12 24 49
12 25 45
12 26 15
12 27 42
12 28 13
12 29 33
12 30 29
12 31 27
12 32 16
12 33 11
12 34 31
12 35 29
12 36 28
12 37 21
12 38 13
12 39 26
12 40 9
12 41 21
12 42 22
12 43 29
12 44 46
12 45 14
12 46 26
12 47 46
12 48 30
12 49 21
12 50 52
12 51 42
12 52 7
12 53 14
12 54 32
12 55 34
12 56 15
12 57 29
12 58 31
12 59 17
12 60 43
12 61 29
12 62 20
12 63 23
12 64 48
13 1 16
13 2 44
13 3 10
13 4 42
13 5 42
13 6 12
13 7 57
13 8 17
13 9 37
13 10 13
13 11 48
13 12 47
13 13 -1
13 14 18
13 15 9
13 16 21
13 17 34
13 18 37
13 19 9
13 20 64
13 21 54
13 22 23
13 23 44
13 24 22
13 25 20
13 26 38
13 27 7
13 28 56
13 29 29
13 30 59
13 31 24
13 32 53
13 33 55
13 34 38
13 35 36
13 36 60
13 37 55
13 38 42
13 39 35
13 40 41
13 41 62
13 42 63
13 43 45
13 44 32
13 45 61
13 46 42
13 47 26
13 48 44
13 49 58
13 50 18
13 51 18
13 52 43
13 53 48
13 54 38
13 55 55
13 56 51
13 57 44
13 58 38
13 59 45
13 60 20
13 61 24
13 62 43
13 63 62
13 64 24
14 1 20
14 2 31
14 3 22
14 4 27
14 5 35
14 6 24
14 7 41
14 8 20
14 9 19
14 10 9
14 11 30
14 12 29
14 13 18
14 14 -1
14 15 18
14 16 3
14 17 22
14 18 32
14 19 22
14 20 47
14 21 36
14 22 20
14 23 28
14 24 29
14 25 25
14 26 20
14 27 12
14 28 40
14 29 17
14 30 46
14 31 8
14 32 36
14 33 38
14 34 30
14 35 28
14 36 43
14 37 38
14 38 24
14 39 25
14 40 23
14 41 47
14 42 48
14 43 35
14 44 33
14 45 43
14 46 27
14 47 29
14 48 34
14 49 43
14 50 24
14 51 17
14 52 25
14 53 31
14 54 30
14 55 45
14 56 35
14 57 29
14 58 24
14 59 31
14 60 18
14 61 10
14 62 30
14 63 44
14 64 24
15 1 6
15 2 37
15 3 5
15 4 36
15 5 33
15 6 6
15 7 52
15 8 8
15 9 37
15 10 17
15 11 47
15 12 44
15 13 9
15 14 18
15 15 -1
15 16 21
15 17 28
15 18 28
15 19 18
15 20 59
15 21 54
15 22 14
15 23 46
15 24 13
15 25 11
15 26 38
15 27 14
15 28 51
15 29 33
15 30 52
15 31 26
15 32 53
15 33 50
15 34 29
15 35 28
15 36 61
15 37 55
15 38 42
15 39 27
15 40 39
15 41 57
15 42 57
15 43 37
15 44 22
15 45 58
15 46 45
15 47 17
15 48 36
15 49 51
15 50 27
15 51 25
15 52 41
15 53 48
15 54 29
15 55 46
15 56 45
15 57 47
15 58 41
15 59 38
15 60 27
15 61 27
15 62 36
15 63 62
15 64 32
16 1 23
16 2 31
16 3 26
16 4 27
16 5 37
16 6 28
16 7 40
16 8 23
16 9 16
16 10 10
16 11 26
16 12 27
16 13 21
16 14 3
16 15 21
16 16 -1
16 17 22
16 18 34
16 19 24
16 20 46
16 21 33
16 22 23
16 23 25
16 24 32
16 25 28
16 26 17
16 27 15
16 28 38
16 29 15
16 30 46
16 31 5
16 32 32
16 33 36
16 34 31
16 35 29
16 36 39
16 37 34
16 38 21
16 39 26
16 40 20
16 41 45
16 42 46
16 43 36
16 44 36
16 45 40
16 46 24
16 47 32
16 48 35
16 49 42
16 50 25
16 51 17
16 52 22
16 53 27
16 54 32
16 55 45
16 56 34
16 57 26
16 58 21
16 59 30
16 60 18
16 61 8
16 62 30
16 63 41
16 64 24
17 1 24
17 2 9
17 3 32
17 4 8
17 5 16
17 6 33
17 7 24
17 8 23
17 9 25
17 10 31
17 11 32
17 12 21
17 13 34
17 14 22
17 15 28
17 16 22
17 17 -1
17 18 15
17 19 42
17 20 31
17 21 39
17 22 16
17 23 37
17 24 30
17 25 26
17 26 26
17 27 33
17 28 24
17 29 36
17 30 24
17 31 26
17 32 36
17 33 23
17 34 10
17 35 8
17 36 47
17 37 41
17 38 27
17 39 5
17 40 22
17 41 28
17 42 29
17 43 13
17 44 25
17 45 34
17 46 38
17 47 25
17 48 13
17 49 23
17 50 46
17 51 39
17 52 23
17 53 32
17 54 12
17 55 22
17 56 17
17 57 41
17 58 40
17 59 10
17 60 41
17 61 30
17 62 8
17 63 44
17 64 47
18 1 21
18 2 18
18 3 31
18 4 21
18 5 5
18 6 30
18 7 34
18 8 20
18 9 40
18 10 39
18 11 48
18 12 36
18 13 37
18 14 32
18 15 28
18 16 34
18 17 15
18 18 -1
18 19 46
18 20 41
18 21 55
18 22 13
18 23 52
18 24 22
18 25 20
18 26 41
18 27 39
18 28 35
18 29 49
18 30 28
18 31 39
18 32 52
18 33 35
18 34 5
18 35 7
18 36 63
18 37 56
18 38 43
18 39 10
18 40 38
18 41 37
18 42 38
18 43 12
18 44 13
18 45 48
18 46 53
18 47 15
18 48 11
18 49 31
18 50 53
18 51 48
18 52 38
18 53 48
18 54 4
18 55 19
18 56 28
18 57 56
18 58 53
18 59 21
18 60 50
18 61 42
18 62 17
18 63 60
18 64 55
19 1 25
19 2 52
19 3 19
19 4 49
19 5 51
19 6 21
19 7 63
19 8 26
19 9 40
19 10 14
19 11 50
19 12 51
19 13 9
19 14 22
19 15 18
19 16 24
19 17 42
19 18 46
19 19 -1
19 20 70
19 21 55
19 22 32
19 23 44
19 24 31
19 25 29
19 26 41
19 27 9
19 28 62
19 29 27
19 30 67
19 31 26
19 32 56
19 33 60
19 34 47
19 35 45
19 36 60
19 37 56
19 38 45
19 39 43
19 40 44
19 41 69
19 42 70
19 43 53
19 44 41
19 45 65
19 46 42
19 47 36
19 48 53
19 49 65
19 50 9
19 51 14
19 52 46
19 53 51
19 54 47
19 55 63
19 56 57
19 57 43
19 58 36
19 59 52
19 60 15
19 61 25
19 62 51
19 63 64
19 64 17
20 1 55
20 2 23
20 3 63
20 4 23
20 5 37
20 6 64
20 7 7
20 8 54
20 9 35
20 10 56
20 11 33
20 12 20
20 13 64
20 14 47
20 15 59
20 16 46
20 17 31
20 18 41
20 19 70
20 20 -1
20 21 36
20 22 47
20 23 42
20 24 61
20 25 57
20 26 35
20 27 60
20 28 7
20 29 53
20 30 18
20 31 47
20 32 31
20 33 9
20 34 35
20 35 35
20 36 42
20 37 36
20 38 33
20 39 34
20 40 29
20 41 5
20 42 4
20 43 30
20 44 54
20 45 17
20 46 46
20 47 55
20 48 31
20 49 10
20 50 71
20 51 62
20 52 27
20 53 31
20 54 37
20 55 29
20 56 14
20 57 48
20 58 51
20 59 21
20 60 63
20 61 49
20 62 24
20 63 34
20 64 69
21 1 54
21 2 40
21 3 59
21 4 35
21 5 55
21 6 61
21 7 35
21 8 54
21 9 17
21 10 41
21 11 7
21 12 20
21 13 54
21 14 36
21 15 54
21 16 33
21 17 39
21 18 55
21 19 55
21 20 36
21 21 -1
21 22 50
21 23 11
21 24 63
21 25 59
21 26 16
21 27 47
21 28 32
21 29 29
21 30 49
21 31 29
21 32 5
21 33 30
21 34 50
21 35 48
21 36 8
21 37 1
21 38 12
21 39 45
21 40 17
21 41 39
21 42 39
21 43 49
21 44 63
21 45 20
21 46 14
21 47 61
21 48 50
21 49 41
21 50 52
21 51 42
21 52 16
21 53 7
21 54 51
21 55 55
21 56 35
21 57 16
21 58 22
21 59 37
21 60 42
21 61 30
21 62 40
21 63 9
21 64 45
22 1 8
22 2 24
22 3 18
22 4 24
22 5 19
22 6 18
22 7 40
22 8 7
22 9 33
22 10 26
22 11 43
22 12 35
22 13 23
22 14 20
22 15 14
22 16 23
22 17 16
22 18 13
22 19 32
22 20 47
22 21 50
22 22 -1
22 23 45
22 24 14
22 25 10
22 26 35
22 27 25
22 28 40
22 29 38
22 30 38
22 31 28
22 32 48
22 33 39
22 34 15
22 35 13
22 36 58
22 37 52
22 38 38
22 39 13
22 40 34
22 41 44
22 42 45
22 43 22
22 44 13
22 45 49
22 46 45
22 47 10
22 48 21
22 49 38
22 50 39
22 51 35
22 52 35
22 53 44
22 54 14
22 55 32
22 56 33
22 57 48
22 58 44
22 59 26
22 60 37
22 61 31
22 62 23
22 63 57
22 64 42
23 1 48
23 2 41
23 3 51
23 4 36
23 5 54
23 6 53
23 7 40
23 8 48
23 9 12
23 10 31
23 11 10
23 12 23
23 13 44
23 14 28
23 15 46
23 16 25
23 17 37
23 18 52
23 19 44
23 20 42
23 21 11
23 22 45
23 23 -1
23 24 57
23 25 53
23 26 11
23 27 37
23 28 37
23 29 18
23 30 52
23 31 20
23 32 14
23 33 35
23 34 48
23 35 46
23 36 15
23 37 12
23 38 11
23 39 43
23 40 16
23 41 45
23 42 45
23 43 49
23 44 59
23 45 29
23 46 3
23 47 56
23 48 49
23 49 45
23 50 41
23 51 31
23 52 17
23 53 11
23 54 49
23 55 57
23 56 38
23 57 5
23 58 10
23 59 39
23 60 31
23 61 20
23 62 41
23 63 20
23 64 34
24 1 9
24 2 38
24 3 12
24 4 38
24 5 28
24 6 10
24 7 54
24 8 9
24 9 46
24 10 31
24 11 56
24 12 49
24 13 22
24 14 29
24 15 13
24 16 32
24 17 30
24 18 22
24 19 31
24 20 61
24 21 63
24 22 14
24 23 57
24 24 -1
24 25 4
24 26 47
24 27 27
24 28 54
24 29 46
24 30 50
24 31 37
24 32 61
24 33 53
24 34 26
24 35 26
24 36 71
24 37 65
24 38 51
24 39 27
24 40 47
24 41 58
24 42 59
24 43 34
24 44 12
24 45 63
24 46 56
24 47 7
24 48 33
24 49 52
24 50 40
24 51 39
24 52 48
24 53 57
24 54 25
24 55 42
24 56 47
24 57 58
24 58 53
24 59 40
24 60 41
24 61 39
24 62 37
24 63 70
24 64 45
25 1 5
25 2 34
25 3 11
25 4 34
25 5 26
25 6 10
25 7 50
25 8 5
25 9 42
25 10 27
25 11 52
25 12 45
25 13 20
25 14 25
25 15 11
25 16 28
25 17 26
25 18 20
25 19 29
25 20 57
25 21 59
25 22 10
25 23 53
25 24 4
25 25 -1
25 26 43
25 27 25
25 28 50
25 29 42
25 30 47
25 31 33
25 32 57
25 33 49
25 34 23
25 35 22
25 36 66
25 37 60
25 38 46
25 39 23
25 40 43
25 41 54
25 42 55
25 43 31
25 44 11
25 45 59
25 46 52
25 47 6
25 48 30
25 49 48
25 50 38
25 51 36
25 52 44
25 53 52
25 54 22
25 55 39
25 56 43
25 57 54
25 58 49
25 59 36
25 60 38
25 61 35
25 62 33
25 63 66
25 64 43
26 1 38
26 2 30
26 3 43
26 4 25
26 5 42
26 6 45
26 7 31
26 8 38
26 9 1
26 10 27
26 11 9
26 12 15
26 13 38
26 14 20
26 15 38
26 16 17
26 17 26
26 18 41
26 19 41
26 20 35
26 21 16
26 22 35
26 23 11
26 24 47
26 25 43
26 26 -1
26 27 32
26 28 28
26 29 18
26 30 42
26 31 15
26 32 15
26 33 26
26 34 37
26 35 35
26 36 23
26 37 17
26 38 4
26 39 31
26 40 5
26 41 36
26 42 37
26 43 38
26 44 48
26 45 25
26 46 13
26 47 45
26 48 38
26 49 35
26 50 39
26 51 29
26 52 7
26 53 10
26 54 38
26 55 46
26 56 28
26 57 16
26 58 16
26 59 28
26 60 30
26 61 16
26 62 30
26 63 24
26 64 34
27 1 20
27 2 42
27 3 17
27 4 39
27 5 43
27 6 19
27 7 54
27 8 21
27 9 31
27 10 5
27 11 41
27 12 42
27 13 7
27 14 12
27 15 14
27 16 15
27 17 33
27 18 39
27 19 9
27 20 60
27 21 47
27 22 25
27 23 37
27 24 27
27 25 25
27 26 32
27 27 -1
27 28 52
27 29 21
27 30 58
27 31 17
27 32 47
27 33 51
27 34 38
27 35 36
27 36 52
27 37 48
27 38 36
27 39 35
27 40 35
27 41 59
27 42 60
27 43 45
27 44 36
27 45 55
27 46 35
27 47 31
27 48 44
27 49 55
27 50 14
27 51 11
27 52 37
27 53 42
27 54 38
27 55 55
27 56 48
27 57 36
27 58 30
27 59 42
27 60 13
27 61 17
27 62 41
27 63 55
27 64 18
28 1 48
28 2 17
28 3 56
28 4 16
28 5 32
28 6 57
28 7 3
28 8 47
28 9 28
28 10 49
28 11 27
28 12 13
28 13 56
28 14 40
28 15 51
28 16 38
28 17 24
28 18 35
28 19 62
28 20 7
28 21 32
28 22 40
28 23 37
28 24 54
28 25 50
28 26 28
28 27 52
28 28 -1
28 29 46
28 30 17
28 31 39
28 32 27
28 33 2
28 34 30
28 35 29
28 36 39
28 37 33
28 38 26
28 39 27
28 40 23
28 41 8
28 42 8
28 43 25
28 44 48
28 45 15
28 46 40
28 47 48
28 48 26
28 49 9
28 50 64
28 51 55
28 52 21
28 53 26
28 54 31
28 55 26
28 56 7
28 57 43
28 58 45
28 59 14
28 60 56
28 61 42
28 62 18
28 63 31
28 64 61
29 1 37
29 2 43
29 3 37
29 4 39
29 5 52
29 6 39
29 7 49
29 8 37
29 9 18
29 10 16
29 11 25
29 12 33
29 13 29
29 14 17
29 15 33
29 16 15
29 17 36
29 18 49
29 19 27
29 20 53
29 21 29
29 22 38
29 23 18
29 24 46
29 25 42
29 26 18
29 27 21
29 28 46
29 29 -1
29 30 58
29 31 10
29 32 31
29 33 44
29 34 46
29 35 44
29 36 33
29 37 30
29 38 21
29 39 41
29 40 24
29 41 54
29 42 55
29 43 50
29 44 51
29 45 43
29 46 15
29 47 47
29 48 49
29 49 52
29 50 23
29 51 13
29 52 26
29 53 26
29 54 47
29 55 59
29 56 44
29 57 15
29 58 8
29 59 42
29 60 13
29 61 7
29 62 43
29 63 38
29 64 16
30 1 47
30 2 15
30 3 56
30 4 19
30 5 23
30 6 56
30 7 14
30 8 45
30 9 41
30 10 55
30 11 44
30 12 29
30 13 59
30 14 46
30 15 52
30 16 46
30 17 24
30 18 28
30 19 67
30 20 18
30 21 49
30 22 38
30 23 52
30 24 50
30 25 47
30 26 42
30 27 58
30 28 17
30 29 58
30 30 -1
30 31 49
30 32 44
30 33 19
30 34 23
30 35 24
30 36 56
30 37 50
30 38 41
30 39 24
30 40 36
30 41 13
30 42 14
30 43 16
30 44 41
30 45 33
30 46 55
30 47 43
30 48 17
30 49 8
30 50 71
30 51 63
30 52 35
30 53 43
30 54 24
30 55 11
30 56 14
30 57 58
30 58 58
30 59 15
30 60 65
30 61 52
30 62 16
30 63 49
30 64 70
31 1 28
31 2 34
31 3 30
31 4 30
31 5 42
31 6 32
31 7 41
31 8 28
31 9 14
31 10 12
31 11 24
31 12 27
31 13 24
31 14 8
31 15 26
31 16 5
31 17 26
31 18 39
31 19 26
31 20 47
31 21 29
31 22 28
31 23 20
31 24 37
31 25 33
31 26 15
31 27 17
31 28 39
31 29 10
31 30 49
31 31 -1
31 32 30
31 33 37
31 34 36
31 35 34
31 36 35
31 37 31
31 38 19
31 39 31
31 40 18
31 41 47
31 42 48
31 43 40
31 44 41
31 45 39
31 46 19
31 47 38
31 48 40
31 49 44
31 50 25
31 51 15
31 52 21
31 53 25
31 54 37
31 55 49
31 56 36
31 57 21
31 58 16
31 59 33
31 60 16
31 61 3
31 62 34
31 63 38
31 64 21
32 1 53
32 2 36
32 3 58
32 4 31
32 5 51
32 6 60
32 7 30
32 8 52
32 9 16
32 10 42
32 11 6
32 12 16
32 13 53
32 14 36
32 15 53
32 16 32
32 17 36
32 18 52
32 19 56
32 20 31
32 21 5
32 22 48
32 23 14
32 24 61
32 25 57
32 26 15
32 27 47
32 28 27
32 29 31
32 30 44
32 31 30
32 32 -1
32 33 25
32 34 46
32 35 45
32 36 12
32 37 6
32 38 11
32 39 42
32 40 14
32 41 34
32 42 34
32 43 45
32 44 60
32 45 15
32 46 18
32 47 59
32 48 46
32 49 36
32 50 53
32 51 43
32 52 13
32 53 5
32 54 48
32 55 50
32 56 30
32 57 19
32 58 25
32 59 33
32 60 43
32 61 31
32 62 36
32 63 8
32 64 47
33 1 47
33 2 17
33 3 55
33 4 15
33 5 33
33 6 56
33 7 5
33 8 46
33 9 26
33 10 47
33 11 25
33 12 11
33 13 55
33 14 38
33 15 50
33 16 36
33 17 23
33 18 35
33 19 60
33 20 9
33 21 30
33 22 39
33 23 35
33 24 53
33 25 49
33 26 26
33 27 51
33 28 2
33 29 44
33 30 19
33 31 37
33 32 25
33 33 -1
33 34 29
33 35 29
33 36 37
33 37 31
33 38 24
33 39 27
33 40 20
33 41 10
33 42 10
33 43 25
33 44 47
33 45 14
33 46 38
33 47 48
33 48 26
33 49 11
33 50 62
33 51 53
33 52 18
33 53 24
33 54 31
33 55 27
33 56 7
33 57 40
33 58 43
33 59 14
33 60 54
33 61 40
33 62 17
33 63 30
33 64 59
34 1 23
34 2 13
34 3 33
34 4 15
34 5 6
34 6 33
34 7 29
34 8 22
34 9 35
34 10 38
34 11 43
34 12 31
34 13 38
34 14 30
34 15 29
34 16 31
34 17 10
34 18 5
34 19 47
34 20 35
34 21 50
34 22 15
34 23 48
34 24 26
34 25 23
34 26 37
34 27 38
34 28 30
34 29 46
34 30 23
34 31 36
34 32 46
34 33 29
34 34 -1
34 35 2
34 36 58
34 37 51
34 38 38
34 39 5
34 40 33
34 41 32
34 42 33
34 43 7
34 44 18
34 45 43
34 46 49
34 47 20
34 48 6
34 49 26
34 50 52
34 51 46
34 52 33
34 53 43
34 54 1
34 55 17
34 56 22
34 57 52
34 58 50
34 59 15
34 60 48
34 61 39
34 62 12
34 63 54
34 64 54
35 1 22
35 2 12
35 3 32
35 4 14
35 5 8
35 6 32
35 7 28
35 8 21
35 9 33
35 10 36
35 11 41
35 12 29
35 13 36
35 14 28
35 15 28
35 16 29
35 17 8
35 18 7
35 19 45
35 20 35
35 21 48
35 22 13
35 23 46
35 24 26
35 25 22
35 26 35
35 27 36
35 28 29
35 29 44
35 30 24
35 31 34
35 32 45
35 33 29
35 34 2
35 35 -1
35 36 56
35 37 49
35 38 36
35 39 3
35 40 31
35 41 32
35 42 33
35 43 8
35 44 18
35 45 41
35 46 47
35 47 20
35 48 7
35 49 26
35 50 51
35 51 44
35 52 31
35 53 41
35 54 3
35 55 18
35 56 21
35 57 50
35 58 48
35 59 14
35 60 46
35 61 37
35 62 11
35 63 53
35 64 52
36 1 62
36 2 48
36 3 66
36 4 43
36 5 63
36 6 68
36 7 42
36 8 62
36 9 24
36 10 47
36 11 15
36 12 28
36 13 60
36 14 43
36 15 61
36 16 39
36 17 47
36 18 63
36 19 60
36 20 42
36 21 8
36 22 58
36 23 15
36 24 71
36 25 66
36 26 23
36 27 52
36 28 39
36 29 33
36 30 56
36 31 35
36 32 12
36 33 37
36 34 58
36 35 56
36 36 -1
36 37 6
36 38 20
36 39 53
36 40 25
36 41 46
36 42 46
36 43 57
36 44 71
36 45 25
36 46 18
36 47 69
36 48 58
36 49 48
36 50 56
36 51 46
36 52 24
36 53 15
36 54 59
36 55 63
36 56 42
36 57 18
36 58 25
36 59 45
36 60 46
36 61 35
36 62 48
36 63 9
36 64 49
37 1 56
37 2 41
37 3 60
37 4 37
37 5 56
37 6 62
37 7 36
37 8 56
37 9 18
37 10 42
37 11 8
37 12 21
37 13 55
37 14 38
37 15 55
37 16 34
37 17 41
37 18 56
37 19 56
37 20 36
37 21 1
37 22 52
37 23 12
37 24 65
37 25 60
37 26 17
37 27 48
37 28 33
37 29 30
37 30 50
37 31 31
37 32 6
37 33 31
37 34 51
37 35 49
37 36 6
37 37 -1
37 38 14
37 39 46
37 40 18
37 41 40
37 42 40
37 43 51
37 44 65
37 45 20
37 46 15
37 47 63
37 48 51
37 49 42
37 50 53
37 51 43
37 52 18
37 53 8
37 54 53
37 55 56
37 56 36
37 57 16
37 58 22
37 59 39
37 60 43
37 61 31
37 62 42
37 63 8
37 64 46
38 1 42
38 2 30
38 3 47
38 4 25
38 5 44
38 6 48
38 7 29
38 8 41
38 9 5
38 10 31
38 11 5
38 12 13
38 13 42
38 14 24
38 15 42
38 16 21
38 17 27
38 18 43
38 19 45
38 20 33
38 21 12
38 22 38
38 23 11
38 24 51
38 25 46
38 26 4
38 27 36
38 28 26
38 29 21
38 30 41
38 31 19
38 32 11
38 33 24
38 34 38
38 35 36
38 36 20
38 37 14
38 38 -1
38 39 33
38 40 5
38 41 34
38 42 35
38 43 39
38 44 50
38 45 21
38 46 13
38 47 48
38 48 39
38 49 34
38 50 43
38 51 33
38 52 6
38 53 6
38 54 39
38 55 46
38 56 27
38 57 16
38 58 18
38 59 28
38 60 33
38 61 20
38 62 30
38 63 20
38 64 38
39 1 22
39 2 11
39 3 31
39 4 12
39 5 11
39 6 31
39 7 27
39 8 21
39 9 30
39 10 34
39 11 38
39 12 26
39 13 35
39 14 25
39 15 27
39 16 26
39 17 5
39 18 10
39 19 43
39 20 34
39 21 45
39 22 13
39 23 43
39 24 27
39 25 23
39 26 31
39 27 35
39 28 27
39 29 41
39 30 24
39 31 31
39 32 42
39 33 27
39 34 5
39 35 3
39 36 53
39 37 46
39 38 33
39 39 -1
39 40 28
39 41 31
39 42 32
39 43 10
39 44 20
39 45 39
39 46 44
39 47 21
39 48 9
39 49 25
39 50 49
39 51 42
39 52 28
39 53 38
39 54 6
39 55 20
39 56 20
39 57 47
39 58 45
39 59 13
39 60 44
39 61 34
39 62 10
39 63 50
39 64 50
40 1 38
40 2 25
40 3 44
40 4 20
40 5 39
40 6 46
40 7 25
40 8 38
40 9 5
40 10 30
40 11 10
40 12 9
40 13 41
40 14 23
40 15 39
40 16 20
40 17 22
40 18 38
40 19 44
40 20 29
40 21 17
40 22 34
40 23 16
40 24 47
40 25 43
40 26 5
40 27 35
40 28 23
40 29 24
40 30 36
40 31 18
40 32 14
40 33 20
40 34 33
40 35 31
40 36 25
40 37 18
40 38 5
40 39 28
40 40 -1
40 41 31
40 42 31
40 43 33
40 44 46
40 45 20
40 46 18
40 47 44
40 48 34
40 49 30
40 50 44
40 51 34
40 52 2
40 53 9
40 54 34
40 55 41
40 56 22
40 57 21
40 58 22
40 59 23
40 60 34
40 61 21
40 62 25
40 63 23
40 64 39
41 1 52
41 2 20
41 3 61
41 4 20
41 5 33
41 6 62
41 7 5
41 8 51
41 9 36
41 10 56
41 11 35
41 12 21
41 13 62
41 14 47
41 15 57
41 16 45
41 17 28
41 18 37
41 19 69
41 20 5
41 21 39
41 22 44
41 23 45
41 24 58
41 25 54
41 26 36
41 27 59
41 28 8
41 29 54
41 30 13
41 31 47
41 32 34
41 33 10
41 34 32
41 35 32
41 36 46
41 37 40
41 38 34
41 39 31
41 40 31
41 41 -1
41 42 1
41 43 25
41 44 50
41 45 21
41 46 48
41 47 52
41 48 26
41 49 6
41 50 71
41 51 62
41 52 29
41 53 34
41 54 33
41 55 24
41 56 11
41 57 51
41 58 53
41 59 18
41 60 63
41 61 50
41 62 21
41 63 38
41 64 69
42 1 53
42 2 21
42 3 62
42 4 21
42 5 34
42 6 63
42 7 6
42 8 52
42 9 37
42 10 57
42 11 36
42 12 22
42 13 63
42 14 48
42 15 57
42 16 46
42 17 29
42 18 38
42 19 70
42 20 4
42 21 39
42 22 45
42 23 45
42 24 59
42 25 55
42 26 37
42 27 60
42 28 8
42 29 55
42 30 14
42 31 48
42 32 34
42 33 10
42 34 33
42 35 33
42 36 46
42 37 40
42 38 35
42 39 32
42 40 31
42 41 1
42 42 -1
42 43 26
42 44 51
42 45 21
42 46 48
42 47 53
42 48 27
42 49 7
42 50 72
42 51 63
42 52 29
42 53 34
42 54 34
42 55 25
42 56 12
42 57 51
42 58 53
42 59 19
42 60 64
42 61 50
42 62 22
42 63 38
42 64 70
43 1 31
43 2 9
43 3 40
43 4 13
43 5 7
43 6 40
43 7 23
43 8 30
43 9 37
43 10 43
43 11 43
43 12 29
43 13 45
43 14 35
43 15 37
43 16 36
43 17 13
43 18 12
43 19 53
43 20 30
43 21 49
43 22 22
43 23 49
43 24 34
43 25 31
43 26 38
43 27 45
43 28 25
43 29 50
43 30 16
43 31 40
43 32 45
43 33 25
43 34 7
43 35 8
43 36 57
43 37 51
43 38 39
43 39 10
43 40 33
43 41 25
43 42 26
43 43 -1
43 44 25
43 45 39
43 46 51
43 47 27
43 48 1
43 49 19
43 50 59
43 51 52
43 52 33
43 53 42
43 54 8
43 55 10
43 56 17
43 57 54
43 58 53
43 59 12
43 60 54
43 61 43
43 62 8
43 63 53
43 64 59
44 1 16
44 2 31
44 3 23
44 4 32
44 5 18
44 6 21
44 7 47
44 8 15
44 9 47
44 10 38
44 11 56
44 12 46
44 13 32
44 14 33
44 15 22
44 16 36
44 17 25
44 18 13
44 19 41
44 20 54
44 21 63
44 22 13
44 23 59
44 24 12
44 25 11
44 26 48
44 27 36
44 28 48
44 29 51
44 30 41
44 31 41
44 32 60
44 33 47
44 34 18
44 35 18
44 36 71
44 37 65
44 38 50
44 39 20
44 40 46
44 41 50
44 42 51
44 43 25
44 44 -1
44 45 59
44 46 59
44 47 5
44 48 24
44 49 44
44 50 49
44 51 47
44 52 47
44 53 56
44 54 17
44 55 32
44 56 40
44 57 61
44 58 57
44 59 33
44 60 49
44 61 44
44 62 30
44 63 69
44 64 54
45 1 56
45 2 30
45 3 63
45 4 27
45 5 46
45 6 64
45 7 18
45 8 55
45 9 25
45 10 50
45 11 19
45 12 14
45 13 61
45 14 43
45 15 58
45 16 40
45 17 34
45 18 48
45 19 65
45 20 17
45 21 20
45 22 49
45 23 29
45 24 63
45 25 59
45 26 25
45 27 55
45 28 15
45 29 43
45 30 33
45 31 39
45 32 15
45 33 14
45 34 43
45 35 41
45 36 25
45 37 20
45 38 21
45 39 39
45 40 20
45 41 21
45 42 21
45 43 39
45 44 59
45 45 -1
45 46 32
45 47 59
45 48 40
45 49 24
45 50 64
45 51 54
45 52 18
45 53 17
45 54 44
45 55 42
45 56 22
45 57 34
45 58 39
45 59 27
45 60 55
45 61 41
45 62 31
45 63 17
45 64 59
46 1 47
46 2 43
46 3 50
46 4 38
46 5 55
46 6 52
46 7 43
46 8 47
46 9 14
46 10 29
46 11 13
46 12 26
46 13 42
46 14 27
46 15 45
46 16 24
46 17 38
46 18 53
46 19 42
46 20 46
46 21 14
46 22 45
46 23 3
46 24 56
46 25 52
46 26 13
46 27 35
46 28 40
46 29 15
46 30 55
46 31 19
46 32 18
46 33 38
46 34 49
46 35 47
46 36 18
46 37 15
46 38 13
46 39 44
46 40 18
46 41 48
46 42 48
46 43 51
46 44 59
46 45 32
46 46 -1
46 47 56
46 48 51
46 49 48
46 50 38
46 51 28
46 52 19
46 53 14
46 54 50
46 55 59
46 56 41
46 57 3
46 58 7
46 59 41
46 60 28
46 61 18
46 62 43
46 63 23
46 64 31
47 1 11
47 2 32
47 3 17
47 4 32
47 5 21
47 6 16
47 7 48
47 8 10
47 9 44
47 10 33
47 11 54
47 12 46
47 13 26
47 14 29
47 15 17
47 16 32
47 17 25
47 18 15
47 19 36
47 20 55
47 21 61
47 22 10
47 23 56
47 24 7
47 25 6
47 26 45
47 27 31
47 28 48
47 29 47
47 30 43
47 31 38
47 32 59
47 33 48
47 34 20
47 35 20
47 36 69
47 37 63
47 38 48
47 39 21
47 40 44
47 41 52
47 42 53
47 43 27
47 44 5
47 45 59
47 46 56
47 47 -1
47 48 26
47 49 46
47 50 44
47 51 42
47 52 45
47 53 54
47 54 19
47 55 35
47 56 41
47 57 58
47 58 54
47 59 34
47 60 44
47 61 40
47 62 31
47 63 68
47 64 49
48 1 30
48 2 10
48 3 39
48 4 14
48 5 6
48 6 39
48 7 24
48 8 29
48 9 37
48 10 43
48 11 43
48 12 30
48 13 44
48 14 34
48 15 36
48 16 35
48 17 13
48 18 11
48 19 53
48 20 31
48 21 50
48 22 21
48 23 49
48 24 33
48 25 30
48 26 38
48 27 44
48 28 26
48 29 49
48 30 17
48 31 40
48 32 46
48 33 26
48 34 6
48 35 7
48 36 58
48 37 51
48 38 39
48 39 9
48 40 34
48 41 26
48 42 27
48 43 1
48 44 24
48 45 40
48 46 51
48 47 26
48 48 -1
48 49 20
48 50 58
48 51 51
48 52 33
48 53 43
48 54 7
48 55 10
48 56 18
48 57 54
48 58 53
48 59 12
48 60 53
48 61 43
48 62 9
48 63 53
48 64 59
49 1 47
49 2 14
49 3 56
49 4 16
49 5 27
49 6 56
49 7 6
49 8 46
49 9 35
49 10 52
49 11 36
49 12 21
49 13 58
49 14 43
49 15 51
49 16 42
49 17 23
49 18 31
49 19 65
49 20 10
49 21 41
49 22 38
49 23 45
49 24 52
49 25 48
49 26 35
49 27 55
49 28 9
49 29 52
49 30 8
49 31 44
49 32 36
49 33 11
49 34 26
49 35 26
49 36 48
49 37 42
49 38 34
49 39 25
49 40 30
49 41 6
49 42 7
49 43 19
49 44 44
49 45 24
49 46 48
49 47 46
49 48 20
49 49 -1
49 50 68
49 51 59
49 52 28
49 53 35
49 54 27
49 55 18
49 56 7
49 57 50
49 58 52
49 59 13
49 60 60
49 61 47
49 62 15
49 63 41
49 64 66
50 1 33
50 2 55
50 3 28
50 4 52
50 5 58
50 6 30
50 7 66
50 8 34
50 9 38
50 10 15
50 11 47
50 12 52
50 13 18
50 14 24
50 15 27
50 16 25
50 17 46
50 18 53
50 19 9
50 20 71
50 21 52
50 22 39
50 23 41
50 24 40
50 25 38
50 26 39
50 27 14
50 28 64
50 29 23
50 30 71
50 31 25
50 32 53
50 33 62
50 34 52
50 35 51
50 36 56
50 37 53
50 38 43
50 39 49
50 40 44
50 41 71
50 42 72
50 43 59
50 44 49
50 45 64
50 46 38
50 47 44
50 48 58
50 49 68
50 50 -1
50 51 10
50 52 46
50 53 48
50 54 53
50 55 69
50 56 60
50 57 38
50 58 31
50 59 55
50 60 10
50 61 23
50 62 55
50 63 61
50 64 8
51 1 31
51 2 48
51 3 28
51 4 44
51 5 52
51 6 30
51 7 56
51 8 32
51 9 28
51 10 9
51 11 37
51 12 42
51 13 18
51 14 17
51 15 25
51 16 17
51 17 39
51 18 48
51 19 14
51 20 62
51 21 42
51 22 35
51 23 31
51 24 39
51 25 36
51 26 29
51 27 11
51 28 55
51 29 13
51 30 63
51 31 15
51 32 43
51 33 53
51 34 46
51 35 44
51 36 46
51 37 43
51 38 33
51 39 42
51 40 34
51 41 62
51 42 63
51 43 52
51 44 47
51 45 54
51 46 28
51 47 42
51 48 51
51 49 59
51 50 10
51 51 -1
51 52 36
51 53 38
51 54 47
51 55 62
51 56 51
51 57 28
51 58 21
51 59 47
51 60 2
51 61 13
51 62 47
51 63 51
51 64 7
52 1 40
52 2 24
52 3 46
52 4 19
52 5 38
52 6 47
52 7 23
52 8 39
52 9 7
52 10 32
52 11 9
52 12 7
52 13 43
52 14 25
52 15 41
52 16 22
52 17 23
52 18 38
52 19 46
52 20 27
52 21 16
52 22 35
52 23 17
52 24 48
52 25 44
52 26 7
52 27 37
52 28 21
52 29 26
52 30 35
52 31 21
52 32 13
52 33 18
52 34 33
52 35 31
52 36 24
52 37 18
52 38 6
52 39 28
52 40 2
52 41 29
52 42 29
52 43 33
52 44 47
52 45 18
52 46 19
52 47 45
52 48 33
52 49 28
52 50 46
52 51 36
52 52 -1
52 53 9
52 54 34
52 55 40
52 56 21
52 57 22
52 58 24
52 59 22
52 60 37
52 61 23
52 62 24
52 63 22
52 64 42
53 1 48
53 2 33
53 3 53
53 4 28
53 5 48
53 6 55
53 7 29
53 8 48
53 9 11
53 10 37
53 11 1
53 12 14
53 13 48
53 14 31
53 15 48
53 16 27
53 17 32
53 18 48
53 19 51
53 20 31
53 21 7
53 22 44
53 23 11
53 24 57
53 25 52
53 26 10
53 27 42
53 28 26
53 29 26
53 30 43
53 31 25
53 32 5
53 33 24
53 34 43
53 35 41
53 36 15
53 37 8
53 38 6
53 39 38
53 40 9
53 41 34
53 42 34
53 43 42
53 44 56
53 45 17
53 46 14
53 47 54
53 48 43
53 49 35
53 50 48
53 51 38
53 52 9
53 53 -1
53 54 44
53 55 48
53 56 29
53 57 17
53 58 21
53 59 31
53 60 39
53 61 26
53 62 33
53 63 13
53 64 43
54 1 23
54 2 14
54 3 33
54 4 17
54 5 5
54 6 32
54 7 30
54 8 22
54 9 37
54 10 38
54 11 44
54 12 32
54 13 38
54 14 30
54 15 29
54 16 32
54 17 12
54 18 4
54 19 47
54 20 37
54 21 51
54 22 14
54 23 49
54 24 25
54 25 22
54 26 38
54 27 38
54 28 31
54 29 47
54 30 24
54 31 37
54 32 48
54 33 31
54 34 1
54 35 3
54 36 59
54 37 53
54 38 39
54 39 6
54 40 34
54 41 33
54 42 34
54 43 8
54 44 17
54 45 44
54 46 50
54 47 19
54 48 7
54 49 27
54 50 53
54 51 47
54 52 34
54 53 44
54 54 -1
54 55 17
54 56 23
54 57 53
54 58 51
54 59 17
54 60 49
54 61 40
54 62 13
54 63 56
54 64 55
55 1 40
55 2 16
55 3 50
55 4 21
55 5 13
55 6 49
55 7 24
55 8 39
55 9 45
55 10 53
55 11 49
55 12 34
55 13 55
55 14 45
55 15 46
55 16 45
55 17 22
55 18 19
55 19 63
55 20 29
55 21 55
55 22 32
55 23 57
55 24 42
55 25 39
55 26 46
55 27 55
55 28 26
55 29 59
55 30 11
55 31 49
55 32 50
55 33 27
55 34 17
55 35 18
55 36 63
55 37 56
55 38 46
55 39 20
55 40 41
55 41 24
55 42 25
55 43 10
55 44 32
55 45 42
55 46 59
55 47 35
55 48 10
55 49 18
55 50 69
55 51 62
55 52 40
55 53 48
55 54 17
55 55 -1
55 56 20
55 57 62
55 58 61
55 59 18
55 60 63
55 61 52
55 62 16
55 63 57
55 64 69
56 1 41
56 2 9
56 3 50
56 4 9
56 5 25
56 6 50
56 7 7
56 8 40
56 9 27
56 10 45
56 11 30
56 12 15
56 13 51
56 14 35
56 15 45
56 16 34
56 17 17
56 18 28
56 19 57
56 20 14
56 21 35
56 22 33
56 23 38
56 24 47
56 25 43
56 26 28
56 27 48
56 28 7
56 29 44
56 30 14
56 31 36
56 32 30
56 33 7
56 34 22
56 35 21
56 36 42
56 37 36
56 38 27
56 39 20
56 40 22
56 41 11
56 42 12
56 43 17
56 44 40
56 45 22
56 46 41
56 47 41
56 48 18
56 49 7
56 50 60
56 51 51
56 52 21
56 53 29
56 54 23
56 55 20
56 56 -1
56 57 43
56 58 44
56 59 7
56 60 53
56 61 39
56 62 10
56 63 36
56 64 58
57 1 49
57 2 46
57 3 51
57 4 41
57 5 58
57 6 53
57 7 45
57 8 49
57 9 17
57 10 31
57 11 15
57 12 29
57 13 44
57 14 29
57 15 47
57 16 26
57 17 41
57 18 56
57 19 43
57 20 48
57 21 16
57 22 48
57 23 5
57 24 58
57 25 54
57 26 16
57 27 36
57 28 43
57 29 15
57 30 58
57 31 21
57 32 19
57 33 40
57 34 52
57 35 50
57 36 18
57 37 16
57 38 16
57 39 47
57 40 21
57 41 51
57 42 51
57 43 54
57 44 61
57 45 34
57 46 3
57 47 58
57 48 54
57 49 50
57 50 38
57 51 28
57 52 22
57 53 17
57 54 53
57 55 62
57 56 43
57 57 -1
57 58 7
57 59 44
57 60 28
57 61 20
57 62 46
57 63 24
57 64 31
58 1 44
58 2 45
58 3 45
58 4 40
58 5 56
58 6 48
58 7 47
58 8 44
58 9 17
58 10 25
58 11 20
58 12 31
58 13 38
58 14 24
58 15 41
58 16 21
58 17 40
58 18 53
58 19 36
58 20 51
58 21 22
58 22 44
58 23 10
58 24 53
58 25 49
58 26 16
58 27 30
58 28 45
58 29 8
58 30 58
58 31 16
58 32 25
58 33 43
58 34 50
58 35 48
58 36 25
58 37 22
58 38 18
58 39 45
58 40 22
58 41 53
58 42 53
58 43 53
58 44 57
58 45 39
58 46 7
58 47 54
58 48 53
58 49 52
58 50 31
58 51 21
58 52 24
58 53 21
58 54 51
58 55 61
58 56 44
58 57 7
58 58 -1
58 59 43
58 60 21
58 61 14
58 62 45
58 63 31
58 64 24
59 1 34
59 2 2
59 3 43
59 4 3
59 5 19
59 6 43
59 7 14
59 8 33
59 9 27
59 10 40
59 11 31
59 12 17
59 13 45
59 14 31
59 15 38
59 16 30
59 17 10
59 18 21
59 19 52
59 20 21
59 21 37
59 22 26
59 23 39
59 24 40
59 25 36
59 26 28
59 27 42
59 28 14
59 29 42
59 30 15
59 31 33
59 32 33
59 33 14
59 34 15
59 35 14
59 36 45
59 37 39
59 38 28
59 39 13
59 40 23
59 41 18
59 42 19
59 43 12
59 44 33
59 45 27
59 46 41
59 47 34
59 48 12
59 49 13
59 50 55
59 51 47
59 52 22
59 53 31
59 54 17
59 55 18
59 56 7
59 57 44
59 58 43
59 59 -1
59 60 49
59 61 36
59 62 3
59 63 40
59 64 55
60 1 33
60 2 49
60 3 30
60 4 45
60 5 54
60 6 32
60 7 58
60 8 34
60 9 29
60 10 11
60 11 37
60 12 43
60 13 20
60 14 18
60 15 27
60 16 18
60 17 41
60 18 50
60 19 15
60 20 63
60 21 42
60 22 37
60 23 31
60 24 41
60 25 38
60 26 30
60 27 13
60 28 56
60 29 13
60 30 65
60 31 16
60 32 43
60 33 54
60 34 48
60 35 46
60 36 46
60 37 43
60 38 33
60 39 44
60 40 34
60 41 63
60 42 64
60 43 54
60 44 49
60 45 55
60 46 28
60 47 44
60 48 53
60 49 60
60 50 10
60 51 2
60 52 37
60 53 39
60 54 49
60 55 63
60 56 53
60 57 28
60 58 21
60 59 49
60 60 -1
60 61 13
60 62 49
60 63 51
60 64 5
61 1 30
61 2 37
61 3 31
61 4 33
61 5 45
61 6 33
61 7 44
61 8 30
61 9 15
61 10 11
61 11 25
61 12 29
61 13 24
61 14 10
61 15 27
61 16 8
61 17 30
61 18 42
61 19 25
61 20 49
61 21 30
61 22 31
61 23 20
61 24 39
61 25 35
61 26 16
61 27 17
61 28 42
61 29 7
61 30 52
61 31 3
61 32 31
61 33 40
61 34 39
61 35 37
61 36 35
61 37 31
61 38 20
61 39 34
61 40 21
61 41 50
61 42 50
61 43 43
61 44 44
61 45 41
61 46 18
61 47 40
61 48 43
61 49 47
61 50 23
61 51 13
61 52 23
61 53 26
61 54 40
61 55 52
61 56 39
61 57 20
61 58 14
61 59 36
61 60 13
61 61 -1
61 62 37
61 63 39
61 64 19
62 1 32
62 2 1
62 3 41
62 4 5
62 5 15
62 6 41
62 7 17
62 8 30
62 9 29
62 10 39
62 11 34
62 12 20
62 13 43
62 14 30
62 15 36
62 16 30
62 17 8
62 18 17
62 19 51
62 20 24
62 21 40
62 22 23
62 23 41
62 24 37
62 25 33
62 26 30
62 27 41
62 28 18
62 29 43
62 30 16
62 31 34
62 32 36
62 33 17
62 34 12
62 35 11
62 36 48
62 37 42
62 38 30
62 39 10
62 40 25
62 41 21
62 42 22
62 43 8
62 44 30
62 45 31
62 46 43
62 47 31
62 48 9
62 49 15
62 50 55
62 51 47
62 52 24
62 53 33
62 54 13
62 55 16
62 56 10
62 57 46
62 58 45
62 59 3
62 60 49
62 61 37
62 62 -1
62 63 44
62 64 54
63 1 62
63 2 43
63 3 67
63 4 39
63 5 59
63 6 69
63 7 34
63 8 61
63 9 25
63 10 50
63 11 14
63 12 23
63 13 62
63 14 44
63 15 62
63 16 41
63 17 44
63 18 60
63 19 64
63 20 34
63 21 9
63 22 57
63 23 20
63 24 70
63 25 66
63 26 24
63 27 55
63 28 31
63 29 38
63 30 49
63 31 38
63 32 8
63 33 30
63 34 54
63 35 53
63 36 9
63 37 8
63 38 20
63 39 50
63 40 23
63 41 38
63 42 38
63 43 53
63 44 69
63 45 17
63 46 23
63 47 68
63 48 53
63 49 41
63 50 61
63 51 51
63 52 22
63 53 13
63 54 56
63 55 57
63 56 36
63 57 24
63 58 31
63 59 40
63 60 51
63 61 39
63 62 44
63 63 -1
63 64 54
64 1 38
64 2 55
64 3 34
64 4 51
64 5 60
64 6 36
64 7 63
64 8 39
64 9 34
64 10 16
64 11 42
64 12 48
64 13 24
64 14 24
64 15 32
64 16 24
64 17 47
64 18 55
64 19 17
64 20 69
64 21 45
64 22 42
64 23 34
64 24 45
64 25 43
64 26 34
64 27 18
64 28 61
64 29 16
64 30 70
64 31 21
64 32 47
64 33 59
64 34 54
64 35 52
64 36 49
64 37 46
64 38 38
64 39 50
64 40 39
64 41 69
64 42 70
64 43 59
64 44 54
64 45 59
64 46 31
64 47 49
64 48 59
64 49 66
64 50 8
64 51 7
64 52 42
64 53 43
64 54 55
64 55 69
64 56 58
64 57 31
64 58 24
64 59 55
64 60 5
64 61 19
64 62 54
64 63 54
64 64 -1
