10 14
10 16
10 51
10 27
10 60
10 61
51 64
51 10
51 50
51 27
51 60
9 38
9 40
9 11
9 52
9 53
9 26
39 2
39 34
39 35
39 5
39 43
39 48
39 17
39 18
39 54
39 62
6 1
6 3
6 8
6 15
6 24
6 25
37 32
37 36
37 11
37 53
37 21
37 63
42 33
42 7
42 41
42 49
42 20
42 28
60 64
60 10
60 51
60 50
57 58
57 46
57 23
43 2
43 35
43 34
43 5
43 39
43 48
43 18
43 54
43 55
43 62
54 34
54 35
54 5
54 39
54 43
54 48
54 18
35 34
35 5
35 39
35 43
35 48
35 17
35 18
35 54
35 62
24 1
24 6
24 8
24 47
24 25
52 38
52 40
52 9
52 11
52 12
52 53
52 26
55 48
55 43
55 30
40 38
40 9
40 11
40 12
40 52
40 53
40 26
18 34
18 35
18 5
18 39
18 43
18 48
18 54
47 1
47 8
47 44
47 22
47 24
47 25
50 64
50 51
50 19
50 60
62 2
62 35
62 4
62 39
62 43
62 48
62 17
62 56
62 59
27 51
27 10
27 19
27 13
17 2
17 35
17 4
17 34
17 39
17 59
17 62
48 2
48 35
48 34
48 5
48 39
48 43
48 18
48 54
48 55
48 62
63 32
63 37
63 36
63 21
22 8
22 1
22 25
22 47
36 37
36 21
36 63
64 50
64 51
64 60
46 57
46 58
46 23
26 38
26 40
26 9
26 11
26 52
26 53
26 23
33 7
33 41
33 42
33 12
33 49
33 20
33 56
33 28
30 49
30 55
