1 1 -1
1 2 21
1 3 18
1 4 26
1 5 19
1 6 26
1 7 26
1 8 5
1 9 11
1 10 30
1 11 21
1 12 28
1 13 36
1 14 8
1 15 24
1 16 21
1 17 28
1 18 12
1 19 26
1 20 14
1 21 32
1 22 22
1 23 12
1 24 30
1 25 9
1 26 25
1 27 11
1 28 31
1 29 11
1 30 29
1 31 11
1 32 32
1 33 25
1 34 37
1 35 33
2 1 21
2 2 -1
2 3 3
2 4 5
2 5 12
2 6 15
2 7 15
2 8 18
2 9 21
2 10 30
2 11 26
2 12 41
2 13 28
2 14 22
2 15 27
2 16 4
2 17 29
2 18 17
2 19 19
2 20 14
2 21 23
2 22 17
2 23 29
2 24 21
2 25 13
2 26 36
2 27 30
2 28 32
2 29 11
2 30 8
2 31 28
2 32 30
2 33 29
2 34 31
2 35 32
3 1 18
3 2 3
3 3 -1
3 4 8
3 5 12
3 6 16
3 7 16
3 8 15
3 9 19
3 10 30
3 11 25
3 12 39
3 13 29
3 14 19
3 15 26
3 16 5
3 17 29
3 18 15
3 19 19
3 20 13
3 21 24
3 22 17
3 23 27
3 24 22
3 25 11
3 26 34
3 27 28
3 28 32
3 29 8
3 30 11
3 31 25
3 32 30
3 33 28
3 34 32
3 35 32
4 1 26
4 2 5
4 3 8
4 4 -1
4 5 16
4 6 17
4 7 17
4 8 23
4 9 26
4 10 32
4 11 31
4 12 46
4 13 30
4 14 27
4 15 31
4 16 7
4 17 32
4 18 22
4 19 21
4 20 19
4 21 24
4 22 20
4 23 34
4 24 23
4 25 19
4 26 40
4 27 36
4 28 35
4 29 16
4 30 3
4 31 33
4 32 32
4 33 33
4 34 33
4 35 34
5 1 19
5 2 12
5 3 12
5 4 16
5 5 -1
5 6 7
5 7 6
5 8 18
5 9 12
5 10 18
5 11 15
5 12 30
5 13 18
5 14 15
5 15 15
5 16 8
5 17 17
5 18 9
5 19 8
5 20 5
5 21 14
5 22 5
5 23 21
5 24 12
5 25 10
5 26 24
5 27 24
5 28 20
5 29 14
5 30 16
5 31 20
5 32 18
5 33 17
5 34 21
5 35 20
6 1 26
6 2 15
6 3 16
6 4 17
6 5 7
6 6 -1
6 7 1
6 8 26
6 9 19
6 10 16
6 11 18
6 12 34
6 13 13
6 14 22
6 15 17
6 16 11
6 17 16
6 18 16
6 19 5
6 20 12
6 21 7
6 22 6
6 23 28
6 24 6
6 25 17
6 26 28
6 27 31
6 28 19
6 29 21
6 30 15
6 31 27
6 32 15
6 33 18
6 34 16
6 35 17
7 1 26
7 2 15
7 3 16
7 4 17
7 5 6
7 6 1
7 7 -1
7 8 25
7 9 18
7 10 16
7 11 17
7 12 33
7 13 13
7 14 21
7 15 16
7 16 11
7 17 16
7 18 15
7 19 4
7 20 11
7 21 8
7 22 5
7 23 27
7 24 6
7 25 17
7 26 27
7 27 30
7 28 18
7 29 20
7 30 15
7 31 26
7 32 15
7 33 17
7 34 16
7 35 17
8 1 5
8 2 18
8 3 15
8 4 23
8 5 18
8 6 26
8 7 25
8 8 -1
8 9 14
8 10 32
8 11 23
8 12 32
8 13 36
8 14 12
8 15 26
8 16 18
8 17 30
8 18 13
8 19 26
8 20 14
8 21 32
8 22 22
8 23 17
8 24 30
8 25 8
8 26 29
8 27 16
8 28 33
8 29 7
8 30 26
8 31 15
8 32 33
8 33 28
8 34 38
8 35 35
9 1 11
9 2 21
9 3 19
9 4 26
9 5 12
9 6 19
9 7 18
9 8 14
9 9 -1
9 10 19
9 11 9
9 12 20
9 13 25
9 14 3
9 15 12
9 16 18
9 17 17
9 18 3
9 19 16
9 20 7
9 21 23
9 22 13
9 23 9
9 24 20
9 25 8
9 26 15
9 27 12
9 28 19
9 29 15
9 30 27
9 31 8
9 32 20
9 33 14
9 34 26
9 35 22
10 1 30
10 2 30
10 3 30
10 4 32
10 5 18
10 6 16
10 7 16
10 8 32
10 9 19
10 10 -1
10 11 10
10 12 22
10 13 10
10 14 22
10 15 7
10 16 26
10 17 2
10 18 19
10 19 11
10 20 18
10 21 12
10 22 13
10 23 24
10 24 12
10 25 24
10 26 17
10 27 28
10 28 2
10 29 31
10 30 31
10 31 24
10 32 2
10 33 6
10 34 9
10 35 2
11 1 21
11 2 26
11 3 25
11 4 31
11 5 15
11 6 18
11 7 17
11 8 23
11 9 9
11 10 10
11 11 -1
11 12 15
11 13 19
11 14 12
11 15 3
11 16 23
11 17 8
11 18 11
11 19 13
11 20 12
11 21 19
11 22 12
11 23 13
11 24 17
11 25 17
11 26 10
11 27 17
11 28 10
11 29 24
11 30 31
11 31 13
11 32 12
11 33 5
11 34 19
11 35 13
12 1 28
12 2 41
12 3 39
12 4 46
12 5 30
12 6 34
12 7 33
12 8 32
12 9 20
12 10 22
12 11 15
12 12 -1
12 13 32
12 14 21
12 15 17
12 16 38
12 17 20
12 18 23
12 19 29
12 20 27
12 21 33
12 22 28
12 23 16
12 24 32
12 25 29
12 26 5
12 27 18
12 28 20
12 29 35
12 30 46
12 31 17
12 32 24
12 33 16
12 34 31
12 35 24
13 1 36
13 2 28
13 3 29
13 4 30
13 5 18
13 6 13
13 7 13
13 8 36
13 9 25
13 10 10
13 11 19
13 12 32
13 13 -1
13 14 29
13 15 16
13 16 25
13 17 12
13 18 24
13 19 10
13 20 21
13 21 6
13 22 14
13 23 32
13 24 7
13 25 28
13 26 27
13 27 36
13 28 12
13 29 33
13 30 28
13 31 32
13 32 8
13 33 16
13 34 3
13 35 8
14 1 8
14 2 22
14 3 19
14 4 27
14 5 15
14 6 22
14 7 21
14 8 12
14 9 3
14 10 22
14 11 12
14 12 21
14 13 29
14 14 -1
14 15 15
14 16 20
14 17 20
14 18 6
14 19 19
14 20 10
14 21 26
14 22 16
14 23 7
14 24 24
14 25 8
14 26 17
14 27 9
14 28 23
14 29 14
14 30 29
14 31 5
14 32 24
14 33 17
14 34 30
14 35 25
15 1 24
15 2 27
15 3 26
15 4 31
15 5 15
15 6 17
15 7 16
15 8 26
15 9 12
15 10 7
15 11 3
15 12 17
15 13 16
15 14 15
15 15 -1
15 16 23
15 17 5
15 18 13
15 19 12
15 20 14
15 21 16
15 22 11
15 23 17
15 24 14
15 25 19
15 26 11
15 27 21
15 28 7
15 29 26
15 30 31
15 31 17
15 32 8
15 33 2
15 34 15
15 35 10
16 1 21
16 2 4
16 3 5
16 4 7
16 5 8
16 6 11
16 7 11
16 8 18
16 9 18
16 10 26
16 11 23
16 12 38
16 13 25
16 14 20
16 15 23
16 16 -1
16 17 25
16 18 15
16 19 15
16 20 11
16 21 19
16 22 13
16 23 27
16 24 17
16 25 12
16 26 32
16 27 29
16 28 28
16 29 11
16 30 8
16 31 25
16 32 26
16 33 25
16 34 27
16 35 28
17 1 28
17 2 29
17 3 29
17 4 32
17 5 17
17 6 16
17 7 16
17 8 30
17 9 17
17 10 2
17 11 8
17 12 20
17 13 12
17 14 20
17 15 5
17 16 25
17 17 -1
17 18 17
17 19 11
17 20 17
17 21 13
17 22 12
17 23 22
17 24 12
17 25 23
17 26 15
17 27 26
17 28 3
17 29 29
17 30 31
17 31 22
17 32 4
17 33 4
17 34 11
17 35 5
18 1 12
18 2 17
18 3 15
18 4 22
18 5 9
18 6 16
18 7 15
18 8 13
18 9 3
18 10 19
18 11 11
18 12 23
18 13 24
18 14 6
18 15 13
18 16 15
18 17 17
18 18 -1
18 19 14
18 20 4
18 21 21
18 22 10
18 23 12
18 24 18
18 25 6
18 26 18
18 27 15
18 28 20
18 29 13
18 30 23
18 31 11
18 32 20
18 33 15
18 34 25
18 35 21
19 1 26
19 2 19
19 3 19
19 4 21
19 5 8
19 6 5
19 7 4
19 8 26
19 9 16
19 10 11
19 11 13
19 12 29
19 13 10
19 14 19
19 15 12
19 16 15
19 17 11
19 18 14
19 19 -1
19 20 11
19 21 6
19 22 3
19 23 25
19 24 4
19 25 17
19 26 23
19 27 28
19 28 14
19 29 22
19 30 20
19 31 24
19 32 11
19 33 13
19 34 13
19 35 13
20 1 14
20 2 14
20 3 13
20 4 19
20 5 5
20 6 12
20 7 11
20 8 14
20 9 7
20 10 18
20 11 12
20 12 27
20 13 21
20 14 10
20 15 14
20 16 11
20 17 17
20 18 4
20 19 11
20 20 -1
20 21 18
20 22 7
20 23 16
20 24 15
20 25 6
20 26 21
20 27 19
20 28 20
20 29 12
20 30 20
20 31 15
20 32 19
20 33 16
20 34 23
20 35 21
21 1 32
21 2 23
21 3 24
21 4 24
21 5 14
21 6 7
21 7 8
21 8 32
21 9 23
21 10 12
21 11 19
21 12 33
21 13 6
21 14 26
21 15 16
21 16 19
21 17 13
21 18 21
21 19 6
21 20 18
21 21 -1
21 22 10
21 23 31
21 24 2
21 25 24
21 26 28
21 27 34
21 28 15
21 29 28
21 30 22
21 31 30
21 32 11
21 33 17
21 34 9
21 35 12
22 1 22
22 2 17
22 3 17
22 4 20
22 5 5
22 6 6
22 7 5
22 8 22
22 9 13
22 10 13
22 11 12
22 12 28
22 13 14
22 14 16
22 15 11
22 16 13
22 17 12
22 18 10
22 19 3
22 20 7
22 21 10
22 22 -1
22 23 22
22 24 8
22 25 14
22 26 22
22 27 25
22 28 15
22 29 19
22 30 19
22 31 21
22 32 13
22 33 13
22 34 16
22 35 15
23 1 12
23 2 29
23 3 27
23 4 34
23 5 21
23 6 28
23 7 27
23 8 17
23 9 9
23 10 24
23 11 13
23 12 16
23 13 32
23 14 7
23 15 17
23 16 27
23 17 22
23 18 12
23 19 25
23 20 16
23 21 31
23 22 22
23 23 -1
23 24 29
23 25 15
23 26 13
23 27 3
23 28 24
23 29 21
23 30 36
23 31 1
23 32 26
23 33 18
23 34 33
23 35 27
24 1 30
24 2 21
24 3 22
24 4 23
24 5 12
24 6 6
24 7 6
24 8 30
24 9 20
24 10 12
24 11 17
24 12 32
24 13 7
24 14 24
24 15 14
24 16 17
24 17 12
24 18 18
24 19 4
24 20 15
24 21 2
24 22 8
24 23 29
24 24 -1
24 25 22
24 26 26
24 27 32
24 28 14
24 29 26
24 30 21
24 31 28
24 32 10
24 33 15
24 34 10
24 35 12
25 1 9
25 2 13
25 3 11
25 4 19
25 5 10
25 6 17
25 7 17
25 8 8
25 9 8
25 10 24
25 11 17
25 12 29
25 13 28
25 14 8
25 15 19
25 16 12
25 17 23
25 18 6
25 19 17
25 20 6
25 21 24
25 22 14
25 23 15
25 24 22
25 25 -1
25 26 24
25 27 17
25 28 25
25 29 7
25 30 21
25 31 14
25 32 25
25 33 21
25 34 30
25 35 27
26 1 25
26 2 36
26 3 34
26 4 40
26 5 24
26 6 28
26 7 27
26 8 29
26 9 15
26 10 17
26 11 10
26 12 5
26 13 27
26 14 17
26 15 11
26 16 32
26 17 15
26 18 18
26 19 23
26 20 21
26 21 28
26 22 22
26 23 13
26 24 26
26 25 24
26 26 -1
26 27 16
26 28 15
26 29 31
26 30 41
26 31 14
26 32 19
26 33 11
26 34 26
26 35 19
27 1 11
27 2 30
27 3 28
27 4 36
27 5 24
27 6 31
27 7 30
27 8 16
27 9 12
27 10 28
27 11 17
27 12 18
27 13 36
27 14 9
27 15 21
27 16 29
27 17 26
27 18 15
27 19 28
27 20 19
27 21 34
27 22 25
27 23 3
27 24 32
27 25 17
27 26 16
27 27 -1
27 28 27
27 29 21
27 30 38
27 31 4
27 32 30
27 33 22
27 34 36
27 35 31
28 1 31
28 2 32
28 3 32
28 4 35
28 5 20
28 6 19
28 7 18
28 8 33
28 9 19
28 10 2
28 11 10
28 12 20
28 13 12
28 14 23
28 15 7
28 16 28
28 17 3
28 18 20
28 19 14
28 20 20
28 21 15
28 22 15
28 23 24
28 24 14
28 25 25
28 26 15
28 27 27
28 28 -1
28 29 32
28 30 34
28 31 24
28 32 4
28 33 5
28 34 11
28 35 4
29 1 11
29 2 11
29 3 8
29 4 16
29 5 14
29 6 21
29 7 20
29 8 7
29 9 15
29 10 31
29 11 24
29 12 35
29 13 33
29 14 14
29 15 26
29 16 11
29 17 29
29 18 13
29 19 22
29 20 12
29 21 28
29 22 19
29 23 21
29 24 26
29 25 7
29 26 31
29 27 21
29 28 32
29 29 -1
29 30 19
29 31 20
29 32 31
29 33 28
29 34 35
29 35 33
30 1 29
30 2 8
30 3 11
30 4 3
30 5 16
30 6 15
30 7 15
30 8 26
30 9 27
30 10 31
30 11 31
30 12 46
30 13 28
30 14 29
30 15 31
30 16 8
30 17 31
30 18 23
30 19 20
30 20 20
30 21 22
30 22 19
30 23 36
30 24 21
30 25 21
30 26 41
30 27 38
30 28 34
30 29 19
30 30 -1
30 31 34
30 32 31
30 33 32
30 34 31
30 35 33
31 1 11
31 2 28
31 3 25
31 4 33
31 5 20
31 6 27
31 7 26
31 8 15
31 9 8
31 10 24
31 11 13
31 12 17
31 13 32
31 14 5
31 15 17
31 16 25
31 17 22
31 18 11
31 19 24
31 20 15
31 21 30
31 22 21
31 23 1
31 24 28
31 25 14
31 26 14
31 27 4
31 28 24
31 29 20
31 30 34
31 31 -1
31 32 26
31 33 18
31 34 32
31 35 27
32 1 32
32 2 30
32 3 30
32 4 32
32 5 18
32 6 15
32 7 15
32 8 33
32 9 20
32 10 2
32 11 12
32 12 24
32 13 8
32 14 24
32 15 8
32 16 26
32 17 4
32 18 20
32 19 11
32 20 19
32 21 11
32 22 13
32 23 26
32 24 10
32 25 25
32 26 19
32 27 30
32 28 4
32 29 31
32 30 31
32 31 26
32 32 -1
32 33 8
32 34 7
32 35 2
33 1 25
33 2 29
33 3 28
33 4 33
33 5 17
33 6 18
33 7 17
33 8 28
33 9 14
33 10 6
33 11 5
33 12 16
33 13 16
33 14 17
33 15 2
33 16 25
33 17 4
33 18 15
33 19 13
33 20 16
33 21 17
33 22 13
33 23 18
33 24 15
33 25 21
33 26 11
33 27 22
33 28 5
33 29 28
33 30 32
33 31 18
33 32 8
33 33 -1
33 34 15
33 35 8
34 1 37
34 2 31
34 3 32
34 4 33
34 5 21
34 6 16
34 7 16
34 8 38
34 9 26
34 10 9
34 11 19
34 12 31
34 13 3
34 14 30
34 15 15
34 16 27
34 17 11
34 18 25
34 19 13
34 20 23
34 21 9
34 22 16
34 23 33
34 24 10
34 25 30
34 26 26
34 27 36
34 28 11
34 29 35
34 30 31
34 31 32
34 32 7
34 33 15
34 34 -1
34 35 7
35 1 33
35 2 32
35 3 32
35 4 34
35 5 20
35 6 17
35 7 17
35 8 35
35 9 22
35 10 2
35 11 13
35 12 24
35 13 8
35 14 25
35 15 10
35 16 28
35 17 5
35 18 21
35 19 13
35 20 21
35 21 12
35 22 15
35 23 27
35 24 12
35 25 27
35 26 19
35 27 31
35 28 4
35 29 33
35 30 33
35 31 27
35 32 2
35 33 8
35 34 7
35 35 -1
