1 1 -1
1 2 12
1 3 5
1 4 8
1 5 8
1 6 7
1 7 2
1 8 10
1 9 10
1 10 11
1 11 3
2 1 12
2 2 -1
2 3 8
2 4 7
2 5 4
2 6 6
2 7 10
2 8 11
2 9 3
2 10 4
2 11 9
3 1 5
3 2 8
3 3 -1
3 4 3
3 5 4
3 6 5
3 7 4
3 8 10
3 9 5
3 10 9
3 11 2
4 1 8
4 2 7
4 3 3
4 4 -1
4 5 4
4 6 6
4 7 7
4 8 12
4 9 4
4 10 9
4 11 5
5 1 8
5 2 4
5 3 4
5 4 4
5 5 -1
5 6 3
5 7 6
5 8 9
5 9 2
5 10 5
5 11 5
6 1 7
6 2 6
6 3 5
6 4 6
6 5 3
6 6 -1
6 7 5
6 8 6
6 9 5
6 10 4
6 11 5
7 1 2
7 2 10
7 3 4
7 4 7
7 5 6
7 6 5
7 7 -1
7 8 8
7 9 8
7 10 9
7 11 2
8 1 10
8 2 11
8 3 10
8 4 12
8 5 9
8 6 6
8 7 8
8 8 -1
8 9 11
8 10 7
8 11 9
9 1 10
9 2 3
9 3 5
9 4 4
9 5 2
9 6 5
9 7 8
9 8 11
9 9 -1
9 10 5
9 11 7
10 1 11
10 2 4
10 3 9
10 4 9
10 5 5
10 6 4
10 7 9
10 8 7
10 9 5
10 10 -1
10 11 9
11 1 3
11 2 9
11 3 2
11 4 5
11 5 5
11 6 5
11 7 2
11 8 9
11 9 7
11 10 9
11 11 -1
