1 1 -1
1 2 5
1 3 6
1 4 9
1 5 4
1 6 3
1 7 10
1 8 4
1 9 10
1 10 7
1 11 10
1 12 9
1 13 3
1 14 14
2 1 5
2 2 -1
2 3 8
2 4 5
2 5 7
2 6 6
2 7 5
2 8 6
2 9 6
2 10 2
2 11 7
2 12 5
2 13 3
2 14 10
3 1 6
3 2 8
3 3 -1
3 4 9
3 5 2
3 6 3
3 7 14
3 8 10
3 9 15
3 10 9
3 11 9
3 12 13
3 13 5
3 14 18
4 1 9
4 2 5
4 3 9
4 4 -1
4 5 10
4 6 9
4 7 8
4 8 12
4 9 9
4 10 4
4 11 2
4 12 8
4 13 6
4 14 10
5 1 4
5 2 7
5 3 2
5 4 10
5 5 -1
5 6 1
5 7 13
5 8 8
5 9 14
5 10 9
5 11 10
5 12 12
5 13 4
5 14 17
6 1 3
6 2 6
6 3 3
6 4 9
6 5 1
6 6 -1
6 7 12
6 8 7
6 9 12
6 10 8
6 11 9
6 12 11
6 13 3
6 14 16
7 1 10
7 2 5
7 3 14
7 4 8
7 5 13
7 6 12
7 7 -1
7 8 10
7 9 1
7 10 4
7 11 10
7 12 1
7 13 9
7 14 4
8 1 4
8 2 6
8 3 10
8 4 12
8 5 8
8 6 7
8 7 10
8 8 -1
8 9 10
8 10 8
8 11 13
8 12 9
8 13 7
8 14 14
9 1 10
9 2 6
9 3 15
9 4 9
9 5 14
9 6 12
9 7 1
9 8 10
9 9 -1
9 10 5
9 11 11
9 12 1
9 13 10
9 14 4
10 1 7
10 2 2
10 3 9
10 4 4
10 5 9
10 6 8
10 7 4
10 8 8
10 9 5
10 10 -1
10 11 6
10 12 4
10 13 5
10 14 8
11 1 10
11 2 7
11 3 9
11 4 2
11 5 10
11 6 9
11 7 10
11 8 13
11 9 11
11 10 6
11 11 -1
11 12 10
11 13 6
11 14 12
12 1 9
12 2 5
12 3 13
12 4 8
12 5 12
12 6 11
12 7 1
12 8 9
12 9 1
12 10 4
12 11 10
12 12 -1
12 13 8
12 14 5
13 1 3
13 2 3
13 3 5
13 4 6
13 5 4
13 6 3
13 7 9
13 8 7
13 9 10
13 10 5
13 11 6
13 12 8
13 13 -1
13 14 13
14 1 14
14 2 10
14 3 18
14 4 10
14 5 17
14 6 16
14 7 4
14 8 14
14 9 4
14 10 8
14 11 12
14 12 5
14 13 13
14 14 -1
