1 1 -1
1 2 3
1 3 13
1 4 7
1 5 1
1 6 4
1 7 12
1 8 9
1 9 4
1 10 11
1 11 7
1 12 10
1 13 1
2 1 3
2 2 -1
2 3 12
2 4 5
2 5 3
2 6 1
2 7 13
2 8 10
2 9 5
2 10 10
2 11 5
2 12 10
2 13 2
3 1 13
3 2 12
3 3 -1
3 4 6
3 5 12
3 6 10
3 7 12
3 8 11
3 9 10
3 10 3
3 11 7
3 12 6
3 13 13
4 1 7
4 2 5
4 3 6
4 4 -1
4 5 7
4 6 4
4 7 12
4 8 9
4 9 6
4 10 5
4 11 1
4 12 6
4 13 7
5 1 1
5 2 3
5 3 12
5 4 7
5 5 -1
5 6 4
5 7 11
5 8 8
5 9 3
5 10 10
5 11 6
5 12 9
5 13 2
6 1 4
6 2 1
6 3 10
6 4 4
6 5 4
6 6 -1
6 7 13
6 8 10
6 9 5
6 10 9
6 11 3
6 12 9
6 13 3
7 1 12
7 2 13
7 3 12
7 4 12
7 5 11
7 6 13
7 7 -1
7 8 3
7 9 8
7 10 9
7 11 12
7 12 6
7 13 13
8 1 9
8 2 10
8 3 11
8 4 9
8 5 8
8 6 10
8 7 3
8 8 -1
8 9 5
8 10 8
8 11 10
8 12 5
8 13 10
9 1 4
9 2 5
9 3 10
9 4 6
9 5 3
9 6 5
9 7 8
9 8 5
9 9 -1
9 10 7
9 11 6
9 12 6
9 13 5
10 1 11
10 2 10
10 3 3
10 4 5
10 5 10
10 6 9
10 7 9
10 8 8
10 9 7
10 10 -1
10 11 6
10 12 3
10 13 11
11 1 7
11 2 5
11 3 7
11 4 1
11 5 6
11 6 3
11 7 12
11 8 10
11 9 6
11 10 6
11 11 -1
11 12 7
11 13 7
12 1 10
12 2 10
12 3 6
12 4 6
12 5 9
12 6 9
12 7 6
12 8 5
12 9 6
12 10 3
12 11 7
12 12 -1
12 13 11
13 1 1
13 2 2
13 3 13
13 4 7
13 5 2
13 6 3
13 7 13
13 8 10
13 9 5
13 10 11
13 11 7
13 12 11
13 13 -1
