1 1 0.0
1 2 11.180339887498949
1 3 32.802438933713454
1 4 31.064449134018133
1 5 24.351591323771842
1 6 11.0
1 7 27.313000567495326
1 8 6.708203932499369
1 9 14.317821063276353
1 10 4.123105625617661
1 11 5.830951894845301
1 12 53.41348144429457
1 13 29.410882339705484
1 14 39.35733730830886
1 15 35.4682957019364
1 16 21.633307652783937
1 17 35.11409973215888
1 18 18.027756377319946
1 19 22.67156809750927
1 20 36.235341863986875
1 21 17.08800749063506
1 22 23.769728648009426
1 23 26.0
1 24 33.301651610693426
1 25 35.90264614203248
1 26 11.661903789690601
1 27 25.0
1 28 7.810249675906654
1 29 39.408120990476064
1 30 23.021728866442675
1 31 13.0
1 32 33.24154027718932
1 33 33.95585369269929
1 34 22.47220505424423
1 35 23.194827009486403
1 36 37.20215047547655
1 37 22.135943621178654
1 38 29.68164415931166
1 39 42.5205832509386
1 40 18.867962264113206
1 41 48.54894437575342
1 42 35.35533905932738
1 43 3.1622776601683795
1 44 38.897300677553446
1 45 50.60632371551998
1 46 20.615528128088304
1 47 37.64306044943742
1 48 44.94441010848846
1 49 40.607881008493905
1 50 18.681541692269406
1 51 30.0
1 52 22.847319317591726
1 53 17.46424919657298
1 54 39.20459156782532
1 55 37.8549864614954
1 56 24.186773244895647
1 57 24.413111231467404
1 58 13.892443989449804
1 59 41.012193308819754
1 60 12.649110640673518
1 61 22.847319317591726
1 62 31.304951684997057
1 63 29.410882339705484
1 64 33.83784863137726
1 65 10.770329614269007
2 1 11.180339887498949
2 2 0.0
2 3 36.61966684720111
2 4 27.202941017470888
2 5 35.4682957019364
2 6 21.587033144922902
2 7 35.510561809129406
2 8 13.038404810405298
2 9 24.08318915758459
2 10 15.231546211727817
2 11 17.0
2 12 43.56604182158393
2 13 33.015148038438355
2 14 31.04834939252005
2 15 36.235341863986875
2 16 28.861739379323623
2 17 24.041630560342615
2 18 7.0710678118654755
2 19 33.60059523282288
2 20 47.41307836451879
2 21 26.019223662515376
2 22 34.92849839314596
2 23 20.518284528683193
2 24 22.67156809750927
2 25 30.066592756745816
2 26 15.524174696260024
2 27 25.495097567963924
2 28 5.0990195135927845
2 29 28.42534080710379
2 30 30.083217912982647
2 31 2.0
2 32 28.635642126552707
2 33 26.419689627245813
2 34 11.40175425099138
2 35 19.313207915827967
2 36 27.730849247724095
2 37 11.180339887498949
2 38 40.8166632639171
2 39 32.449961479175904
2 40 29.0
2 41 39.395431207184416
2 42 33.54101966249684
2 43 11.180339887498949
2 44 32.0624390837628
2 45 40.8166632639171
2 46 15.811388300841896
2 47 37.44329045369811
2 48 45.221676218380054
2 49 44.204072210600685
2 50 19.849433241279208
2 51 40.311288741492746
2 52 17.804493814764857
2 53 27.018512172212592
2 54 42.80186911806539
2 55 36.71511950137164
2 56 35.35533905932738
2 57 21.470910553583888
2 58 2.8284271247461903
2 59 30.610455730027933
2 60 18.027756377319946
2 61 32.202484376209235
2 62 42.485291572496
2 63 22.80350850198276
2 64 27.018512172212592
2 65 1.0
3 1 32.802438933713454
3 2 36.61966684720111
3 3 0.0
3 4 22.561028345356956
3 5 34.132096331752024
3 6 27.51363298439521
3 7 15.811388300841896
3 8 39.408120990476064
3 9 23.769728648009426
3 10 31.38470965295043
3 11 32.64965543462902
3 12 55.362442142665635
3 13 3.605551275463989
3 14 39.05124837953327
3 15 9.899494936611665
3 16 14.142135623730951
3 17 54.817880294662984
3 18 38.48376280978771
3 19 41.10960958218893
3 20 44.64302857109943
3 21 20.396078054371138
3 22 35.05709628591621
3 23 56.85068161420758
3 24 45.17742799230607
3 25 29.410882339705484
3 26 44.40720662234904
3 27 13.152946437965905
3 28 32.01562118716424
3 29 52.08646657242167
3 30 13.038404810405298
3 31 38.27531841800928
3 32 25.0
3 33 62.96824596572466
3 34 44.77722635447622
3 35 23.194827009486403
3 36 42.190046219457976
3 37 45.18849411078001
3 38 42.2965719651132
3 39 48.373546489791295
3 40 43.174066289845804
3 41 48.38388161361178
3 42 17.4928556845359
3 43 29.832867780352597
3 44 33.83784863137726
3 45 52.88667128870941
3 46 25.709920264364882
3 47 13.45362404707371
3 48 16.492422502470642
3 49 7.810249675906654
3 50 17.0
3 51 27.85677655436824
3 52 53.907327887774215
3 53 43.965895873961216
3 54 6.4031242374328485
3 55 16.278820596099706
3 56 38.01315561749642
3 57 56.568542494923804
3 58 37.21558813185679
3 59 49.09175083453431
3 60 44.94441010848846
3 61 48.27007354458868
3 62 40.792156108742276
3 63 59.405386961116584
3 64 31.575306807693888
3 65 37.20215047547655
4 1 31.064449134018133
4 2 27.202941017470888
4 3 22.561028345356956
4 4 0.0
4 5 46.32493928760188
4 6 33.61547262794322
4 7 33.60059523282288
4 8 37.013511046643494
4 9 32.2490309931942
4 10 32.55764119219941
4 11 34.713109915419565
4 12 32.89376840679705
4 13 20.248456731316587
4 14 16.492422502470642
4 15 15.132745950421556
4 16 27.586228448267445
4 17 36.359317925395686
4 18 24.698178070456937
4 19 49.76946855251722
4 20 58.82176467941097
4 21 30.805843601498726
4 22 46.647615158762406
4 23 46.52956049652737
4 24 24.698178070456937
4 25 7.211102550927978
4 26 41.19465984809196
4 27 11.40175425099138
4 28 25.179356624028344
4 29 31.04834939252005
4 30 27.65863337187866
4 31 27.85677655436824
4 32 2.8284271247461903
4 33 49.8196748283246
4 34 29.832867780352597
4 35 8.06225774829855
4 36 20.024984394500787
4 37 30.610455730027933
4 38 54.20332093147061
4 39 26.019223662515376
4 40 48.507731342539614
4 41 26.0
4 42 8.06225774829855
4 43 28.160255680657446
4 44 11.661903789690601
4 45 30.364452901377952
4 46 11.40175425099138
4 47 13.92838827718412
4 48 21.095023109728988
4 49 27.018512172212592
4 50 14.7648230602334
4 51 44.553338819890925
4 52 44.28317965096906
4 53 47.853944456021594
4 54 26.0
4 55 11.661903789690601
4 56 48.76474136094644
4 57 48.46648326421054
4 58 26.0
4 59 27.073972741361768
4 60 43.04648650006177
4 61 53.150729063673246
4 62 54.08326913195984
4 63 47.70744176750625
4 64 9.055385138137417
4 65 28.160255680657446
5 1 24.351591323771842
5 2 35.4682957019364
5 3 34.132096331752024
5 4 46.32493928760188
5 5 0.0
5 6 14.422205101855956
5 7 19.1049731745428
5 8 26.076809620810597
5 9 14.212670403551895
5 10 20.248456731316587
5 11 18.681541692269406
5 12 75.07329751649384
5 13 32.55764119219941
5 14 59.413803110051795
5 15 42.20189569201838
5 16 20.615528128088304
5 17 59.464274989274024
5 18 42.04759208325728
5 19 9.219544457292887
5 20 12.727922061357855
5 21 15.652475842498529
5 22 1.4142135623730951
5 23 47.042533945356304
5 24 56.60388679233962
5 25 53.009433122794285
5 26 29.068883707497267
5 27 35.77708763999664
5 28 31.304951684997057
5 29 63.13477647065839
5 30 21.37755832643195
5 31 37.33630940518894
5 32 49.09175083453431
5 33 56.0
5 34 46.8187996428785
5 35 40.45985664828782
5 36 58.89821729050889
5 37 46.486557196677836
5 38 8.246211251235321
5 39 64.81512169239521
5 40 15.264337522473747
5 41 69.29646455628166
5 42 46.61544808322666
5 43 24.596747752497688
5 44 57.0087712549569
5 45 72.24956747275377
5 46 39.59797974644666
5 47 45.60701700396552
5 48 50.48762224545735
5 49 40.049968789001575
5 50 31.622776601683793
5 51 10.63014581273465
5 52 44.01136216933077
5 53 17.88854381999832
5 54 39.01281840626232
5 55 47.43416490252569
5 56 4.47213595499958
5 57 43.41658669218482
5 58 38.07886552931954
5 59 63.8200595424354
5 60 27.294688127912362
5 61 19.1049731745428
5 62 7.810249675906654
5 63 51.0098029794274
5 64 52.49761899362675
5 65 35.11409973215888
6 1 11.0
6 2 21.587033144922902
6 3 27.51363298439521
6 4 33.61547262794322
6 5 14.422205101855956
6 6 0.0
6 7 17.804493814764857
6 8 15.231546211727817
6 9 4.242640687119285
6 10 7.0710678118654755
6 11 6.708203932499369
6 12 60.8276253029822
6 13 24.73863375370596
6 14 45.45327270945405
6 15 33.06055050963308
6 16 13.892443989449804
6 17 45.60701700396552
6 18 27.85677655436824
6 19 16.15549442140351
6 20 27.018512172212592
6 21 7.810249675906654
6 22 14.212670403551895
6 23 36.40054944640259
6 24 42.190046219457976
6 25 39.824615503479755
6 26 19.72308292331602
6 27 24.331050121192877
6 28 17.08800749063506
6 29 48.76474136094644
6 30 15.264337522473747
6 31 23.53720459187964
6 32 36.24913792078372
6 33 44.721359549995796
6 34 32.984845004941285
6 35 26.92582403567252
6 36 44.598206241955516
6 37 32.7566787083184
6 38 21.2602916254693
6 39 50.44799302251776
6 40 16.0312195418814
6 41 55.226805085936306
6 42 35.510561809129406
6 43 10.44030650891055
6 44 43.56604182158393
6 45 58.0
6 46 25.612496949731394
6 47 36.0
6 48 42.2965719651132
6 49 34.92849839314596
6 50 18.973665961010276
6 51 19.0
6 52 33.24154027718932
6 53 16.492422502470642
6 54 33.61547262794322
6 55 37.12142238654117
6 56 15.620499351813308
6 57 34.0147027033899
6 58 24.041630560342615
6 59 49.4064773081425
6 60 19.209372712298546
6 61 21.095023109728988
6 62 22.02271554554524
6 63 40.024992192379
6 64 38.8329756778952
6 65 21.37755832643195
7 1 27.313000567495326
7 2 35.510561809129406
7 3 15.811388300841896
7 4 33.60059523282288
7 5 19.1049731745428
7 6 17.804493814764857
7 7 0.0
7 8 32.7566787083184
7 9 13.601470508735444
7 10 24.186773244895647
7 11 24.413111231467404
7 12 65.76473218982953
7 13 15.264337522473747
7 14 49.24428900898052
7 15 25.059928172283335
7 16 7.0710678118654755
7 17 58.008620049092706
7 18 40.01249804748511
7 19 27.202941017470888
7 20 28.861739379323623
7 21 10.295630140987
7 22 20.223748416156685
7 23 53.31041174104736
7 24 51.19570294468082
7 25 40.80441152620633
7 26 37.44329045369811
7 27 22.20360331117452
7 28 30.4138126514911
7 29 58.249463516842795
7 30 6.324555320336759
7 31 37.48332962798263
7 32 36.40054944640259
7 33 61.032778078668514
7 34 46.09772228646444
7 35 30.463092423455635
7 36 50.695167422546305
7 37 46.17358552246078
7 38 27.0
7 39 57.0087712549569
7 40 30.886890422961002
7 41 59.16924876994806
7 42 31.240998703626616
7 43 25.298221281347036
7 44 45.221676218380054
7 45 63.06346010171025
7 46 31.32091952673165
7 47 28.653097563788805
7 48 32.28002478313795
7 49 21.0
7 50 21.18962010041709
7 51 12.083045973594572
7 52 50.15974481593781
7 53 32.449961479175904
7 54 20.024984394500787
7 55 31.064449134018133
7 56 23.345235059857504
7 57 51.478150704935004
7 58 37.21558813185679
7 59 56.92099788303083
7 60 37.013511046643494
7 61 35.77708763999664
7 62 25.179356624028344
7 63 56.64803615307419
7 64 41.677331968349414
7 65 35.6931365951495
8 1 6.708203932499369
8 2 13.038404810405298
8 3 39.408120990476064
8 4 37.013511046643494
8 5 26.076809620810597
8 6 15.231546211727817
8 7 32.7566787083184
8 8 0.0
8 9 19.235384061671343
8 10 8.602325267042627
8 11 8.54400374531753
8 12 56.60388679233962
8 13 36.05551275463989
8 14 43.657759905886145
8 15 42.15447781671598
8 16 27.65863337187866
8 17 34.9857113690718
8 18 20.0
8 19 21.93171219946131
8 20 36.68787265568828
8 21 22.47220505424423
8 22 25.179356624028344
8 23 21.37755832643195
8 24 35.608987629529715
8 25 41.30375285612676
8 26 5.0
8 27 31.622776601683793
8 28 12.165525060596439
8 29 41.012193308819754
8 30 29.068883707497267
8 31 14.212670403551895
8 32 39.01281840626232
8 33 30.066592756745816
8 34 22.80350850198276
8 35 29.0
8 36 40.70626487409524
8 37 22.20360331117452
8 38 29.732137494637012
8 39 45.48626166217664
8 40 16.401219466856727
8 41 52.32590180780452
8 42 41.773197148410844
8 43 9.848857801796104
8 44 43.93176527297759
8 45 53.85164807134504
8 46 26.076809620810597
8 47 44.27188724235731
8 48 51.62363799656123
8 49 47.20169488482379
8 50 25.298221281347036
8 51 33.54101966249684
8 52 18.24828759089466
8 53 14.142135623730951
8 54 45.803929962395145
8 55 44.384682042344295
8 56 24.73863375370596
8 57 18.788294228055936
8 58 15.811388300841896
8 59 43.60045871318328
8 60 6.082762530298219
8 61 19.209372712298546
8 62 32.01562118716424
8 63 25.179356624028344
8 64 38.8329756778952
8 65 12.206555615733702
9 1 14.317821063276353
9 2 24.08318915758459
9 3 23.769728648009426
9 4 32.2490309931942
9 5 14.212670403551895
9 6 4.242640687119285
9 7 13.601470508735444
9 8 19.235384061671343
9 9 0.0
9 10 10.770329614269007
9 11 10.816653826391969
9 12 61.07372593840988
9 13 21.213203435596427
9 14 45.254833995939045
9 15 30.01666203960727
9 16 9.848857801796104
9 17 47.853944456021594
9 18 29.832867780352597
9 19 18.24828759089466
9 20 26.90724809414742
9 21 3.605551275463989
9 22 14.422205101855956
9 23 40.162171256046406
9 24 43.382023926967726
9 25 38.8329756778952
9 26 23.853720883753127
9 27 22.135943621178654
9 28 19.235384061671343
9 29 50.15974481593781
9 30 11.180339887498949
9 31 26.076809620810597
9 32 34.9857113690718
9 33 48.27007354458868
9 34 35.35533905932738
9 35 26.248809496813376
9 36 45.0
9 37 35.22782990761707
9 38 21.95449840010015
9 39 51.03920062069938
9 40 19.4164878389476
9 41 55.17245689653489
9 42 33.24154027718932
9 43 13.0
9 44 42.80186911806539
9 45 58.25804665451803
9 46 25.495097567963924
9 47 33.13608305156178
9 48 39.05124837953327
9 49 31.016124838541646
9 50 17.4928556845359
9 51 16.278820596099706
9 52 37.0
9 53 20.248456731316587
9 54 29.732137494637012
9 55 34.52535300326414
9 56 16.55294535724685
9 57 38.01315561749642
9 58 26.30589287593181
9 59 50.24937810560445
9 60 23.430749027719962
9 61 24.515301344262525
9 62 22.02271554554524
9 63 43.68065933568311
9 64 38.28837943815329
9 65 24.020824298928627
10 1 4.123105625617661
10 2 15.231546211727817
10 3 31.38470965295043
10 4 32.55764119219941
10 5 20.248456731316587
10 6 7.0710678118654755
10 7 24.186773244895647
10 8 8.602325267042627
10 9 10.770329614269007
10 10 0.0
10 11 2.23606797749979
10 12 56.72741841473134
10 13 28.178005607210743
10 14 42.190046219457976
10 15 35.17101079013795
10 16 19.1049731745428
10 17 39.21734310225516
10 18 21.95449840010015
10 19 19.1049731745428
10 20 32.2490309931942
10 21 13.892443989449804
10 22 19.697715603592208
10 23 29.410882339705484
10 24 37.013511046643494
10 25 37.94733192202055
10 26 13.45362404707371
10 27 25.179356624028344
10 28 11.40175425099138
10 29 43.266615305567875
10 30 20.518284528683193
10 31 17.08800749063506
10 32 34.92849839314596
10 33 37.656340767525464
10 34 26.570660511172846
10 35 25.0
10 36 40.45985664828782
10 37 26.248809496813376
10 38 25.80697580112788
10 39 45.967379738244816
10 40 16.15549442140351
10 41 51.61395160225576
10 42 36.013886210738214
10 43 5.0
10 44 41.23105625617661
10 45 53.907327887774215
10 46 22.847319317591726
10 47 37.656340767525464
10 48 44.64302857109943
10 49 39.11521443121589
10 50 19.026297590440446
10 51 26.019223662515376
10 52 26.248809496813376
10 53 15.297058540778355
10 54 37.73592452822641
10 55 38.2099463490856
10 56 20.248456731316587
10 57 27.294688127912362
10 58 17.88854381999832
10 59 44.598206241955516
10 60 13.601470508735444
10 61 20.615528128088304
10 62 27.294688127912362
10 63 32.984845004941285
10 64 36.24913792078372
10 65 14.866068747318506
11 1 5.830951894845301
11 2 17.0
11 3 32.64965543462902
11 4 34.713109915419565
11 5 18.681541692269406
11 6 6.708203932499369
11 7 24.413111231467404
11 8 8.54400374531753
11 9 10.816653826391969
11 10 2.23606797749979
11 11 0.0
11 12 58.89821729050889
11 13 29.546573405388315
11 14 44.41846462902562
11 15 36.87817782917155
11 16 19.849433241279208
11 17 40.85339643163099
11 18 23.853720883753127
11 19 16.97056274847714
11 20 30.4138126514911
11 21 14.212670403551895
11 22 18.027756377319946
11 23 29.832867780352597
11 24 39.05124837953327
11 25 40.162171256046406
11 26 13.038404810405298
11 27 27.073972741361768
11 28 13.45362404707371
11 29 45.221676218380054
11 30 21.2602916254693
11 31 18.788294228055936
11 32 37.107950630558946
11 33 38.3275357934736
11 34 28.231188426986208
11 35 27.202941017470888
11 36 42.638011210655684
11 37 27.85677655436824
11 38 23.853720883753127
11 39 48.104053883222775
11 40 13.92838827718412
11 41 53.823786563191554
11 42 38.0
11 43 7.211102550927978
11 44 43.46262762420146
11 45 56.08029957123981
11 46 25.079872407968907
11 47 39.45883931389772
11 48 46.32493928760188
11 49 40.311288741492746
11 50 21.0
11 51 25.179356624028344
11 52 26.68332812825267
11 53 13.152946437965905
11 54 38.948684188300895
11 55 40.11234224026316
11 56 18.35755975068582
11 57 27.313000567495326
11 58 19.72308292331602
11 59 46.69047011971501
11 60 12.727922061357855
11 61 18.439088914585774
11 62 25.495097567963924
11 63 33.54101966249684
11 64 38.48376280978771
11 65 16.55294535724685
12 1 53.41348144429457
12 2 43.56604182158393
12 3 55.362442142665635
12 4 32.89376840679705
12 5 75.07329751649384
12 6 60.8276253029822
12 7 65.76473218982953
12 8 56.60388679233962
12 9 61.07372593840988
12 10 56.72741841473134
12 11 58.89821729050889
12 12 0.0
12 13 53.14132102234569
12 14 16.55294535724685
12 15 46.87216658103186
12 16 59.16924876994806
12 17 30.0
12 18 36.71511950137164
12 19 75.82216034906945
12 20 87.78382538941898
12 21 60.802960454241045
12 22 75.0066663703967
12 23 52.773099207835045
12 24 21.540659228538015
12 25 25.96150997149434
12 26 58.59180830116101
12 27 43.86342439892262
12 28 45.60701700396552
12 29 19.026297590440446
12 30 59.53990258641679
12 31 42.5440947723653
12 32 30.364452901377952
12 33 50.0
12 34 36.05551275463989
12 35 35.510561809129406
12 36 16.278820596099706
12 37 37.0
12 38 82.02438661763951
12 39 11.180339887498949
12 40 72.20110802473879
12 41 7.0710678118654755
12 42 38.63935817272331
12 43 51.73973328110612
12 44 21.587033144922902
12 45 2.8284271247461903
12 46 35.608987629529715
12 47 44.40720662234904
12 48 49.0
12 49 58.855755878248644
12 50 44.94441010848846
12 51 75.71657678474378
12 52 52.392747589718944
12 53 70.45565981523414
12 54 58.05170109479997
12 55 41.30375285612676
12 56 76.36753236814714
12 57 57.48912940721924
12 58 40.8166632639171
12 59 13.601470508735444
12 60 61.29437168288782
12 61 75.71657678474378
12 62 82.80700453464067
12 63 51.24451190127583
12 64 24.166091947189145
12 65 44.41846462902562
13 1 29.410882339705484
13 2 33.015148038438355
13 3 3.605551275463989
13 4 20.248456731316587
13 5 32.55764119219941
13 6 24.73863375370596
13 7 15.264337522473747
13 8 36.05551275463989
13 9 21.213203435596427
13 10 28.178005607210743
13 11 29.546573405388315
13 12 53.14132102234569
13 13 0.0
13 14 36.68787265568828
13 15 9.848857801796104
13 16 12.041594578792296
13 17 51.419840528729765
13 18 34.92849839314596
13 19 39.0
13 20 43.657759905886145
13 21 18.027756377319946
13 22 33.37663853655727
13 23 53.2634959423431
13 24 42.04759208325728
13 25 27.313000567495326
13 26 41.048751503547585
13 27 10.0
13 28 28.42534080710379
13 29 49.01020301937138
13 30 11.180339887498949
13 31 34.66987164671943
13 32 22.847319317591726
13 33 59.36328831862332
13 34 41.23105625617661
13 35 20.024984394500787
13 36 39.45883931389772
13 37 41.6293165929973
13 38 40.792156108742276
13 39 45.70557952810576
13 40 40.607881008493905
13 41 46.238512086787566
13 42 16.278820596099706
13 43 26.40075756488817
13 44 31.78049716414141
13 45 50.59644256269407
13 46 22.360679774997898
13 47 13.416407864998739
13 48 18.027756377319946
13 49 11.313708498984761
13 50 13.416407864998739
13 51 27.294688127912362
13 52 50.32891812864648
13 53 41.23105625617661
13 54 9.899494936611665
13 55 15.811388300841896
13 56 36.22154055254967
13 57 53.03772242470448
13 58 33.61547262794322
13 59 46.2709412050371
13 60 41.677331968349414
13 61 45.70557952810576
13 62 39.56008088970496
13 63 55.80322571321482
13 64 29.120439557122072
13 65 33.60059523282288
14 1 39.35733730830886
14 2 31.04834939252005
14 3 39.05124837953327
14 4 16.492422502470642
14 5 59.413803110051795
14 6 45.45327270945405
14 7 49.24428900898052
14 8 43.657759905886145
14 9 45.254833995939045
14 10 42.190046219457976
14 11 44.41846462902562
14 12 16.55294535724685
14 13 36.68787265568828
14 14 0.0
14 15 31.064449134018133
14 16 42.720018726587654
14 17 27.459060435491963
14 18 25.179356624028344
14 19 61.032778078668514
14 20 72.13875518748573
14 21 44.68780594300866
14 22 59.464274989274024
14 23 45.39823785126467
14 24 14.7648230602334
14 25 10.0
14 26 46.57252408878007
14 27 27.313000567495326
14 28 31.78049716414141
14 29 18.439088914585774
14 30 43.04648650006177
14 31 30.59411708155671
14 32 14.142135623730951
14 33 45.5411901469428
14 34 27.16615541441225
14 35 19.209372712298546
14 36 6.4031242374328485
14 37 28.160255680657446
14 38 66.70832032063167
14 39 10.44030650891055
14 40 58.180752831155424
14 41 10.0
14 42 23.0
14 43 37.21558813185679
14 44 6.324555320336759
14 45 13.92838827718412
14 46 19.849433241279208
14 47 29.017236257093817
14 48 34.713109915419565
14 49 43.104524124504614
14 50 28.600699292150182
14 51 59.405386961116584
14 52 44.10215414239989
14 53 56.79788728465171
14 54 42.190046219457976
14 55 26.076809620810597
14 56 61.07372593840988
14 57 49.040799340956916
14 58 28.635642126552707
14 59 12.529964086141668
14 60 49.040799340956916
14 61 62.16912416947821
14 62 67.20863039818622
14 63 45.12205669071391
14 64 7.615773105863909
14 65 32.01562118716424
15 1 35.4682957019364
15 2 36.235341863986875
15 3 9.899494936611665
15 4 15.132745950421556
15 5 42.20189569201838
15 6 33.06055050963308
15 7 25.059928172283335
15 8 42.15447781671598
15 9 30.01666203960727
15 10 35.17101079013795
15 11 36.87817782917155
15 12 46.87216658103186
15 13 9.848857801796104
15 14 31.064449134018133
15 15 0.0
15 16 21.587033144922902
15 17 50.566787519082126
15 18 36.235341863986875
15 19 48.16637831516918
15 20 53.48831648126533
15 21 27.16615541441225
15 22 42.95346318982906
15 23 56.72741841473134
15 24 39.56008088970496
15 25 21.095023109728988
15 26 47.01063709417264
15 27 10.816653826391969
15 28 32.449961479175904
15 29 46.09772228646444
15 30 20.8806130178211
15 31 37.53664875824692
15 32 17.0
15 33 61.61980201201558
15 34 42.20189569201838
15 35 18.867962264113206
15 36 35.12833614050059
15 37 42.80186911806539
15 38 50.44799302251776
15 39 41.012193308819754
15 40 49.09175083453431
15 41 39.81205847478876
15 42 8.246211251235321
15 43 32.31098884280702
15 44 25.317977802344327
15 45 44.553338819890925
15 46 22.20360331117452
15 47 3.605551275463989
15 48 9.486832980505138
15 49 12.041594578792296
15 50 17.0
15 51 37.12142238654117
15 52 54.037024344425184
15 53 49.36598018878993
15 54 11.180339887498949
15 55 6.4031242374328485
15 56 45.70557952810576
15 57 57.42821606144492
15 58 36.069377593742864
15 59 42.190046219457976
15 60 48.104053883222775
15 61 54.147945482723536
15 62 49.33558553417604
15 63 58.69412236331676
15 64 24.020824298928627
15 65 37.013511046643494
16 1 21.633307652783937
16 2 28.861739379323623
16 3 14.142135623730951
16 4 27.586228448267445
16 5 20.615528128088304
16 6 13.892443989449804
16 7 7.0710678118654755
16 8 27.65863337187866
16 9 9.848857801796104
16 10 19.1049731745428
16 11 19.849433241279208
16 12 59.16924876994806
16 13 12.041594578792296
16 14 42.720018726587654
16 15 21.587033144922902
16 16 0.0
16 17 51.0
16 18 33.06055050963308
16 19 27.018512172212592
16 20 32.202484376209235
16 21 6.324555320336759
16 22 21.37755832643195
16 23 47.41307836451879
16 24 44.14748010928823
16 25 34.713109915419565
16 26 32.55764119219941
16 27 16.278820596099706
16 28 23.769728648009426
16 29 51.19570294468082
16 30 1.4142135623730951
16 31 30.805843601498726
16 32 30.4138126514911
16 33 54.78138369920935
16 34 39.20459156782532
16 35 23.706539182259394
16 36 43.86342439892262
16 37 39.319206502675
16 38 28.861739379323623
16 39 50.15974481593781
16 40 29.120439557122072
16 41 52.69724850502159
16 42 26.419689627245813
16 43 19.235384061671343
16 44 39.05124837953327
16 45 56.43580423808985
16 46 24.351591323771842
16 47 25.0
16 48 30.066592756745816
16 49 21.18962010041709
16 50 14.317821063276353
16 51 16.97056274847714
16 52 44.294469180700204
16 53 30.083217912982647
16 54 19.924858845171276
16 55 26.92582403567252
16 56 24.186773244895647
16 57 46.04345773288535
16 58 30.4138126514911
16 59 49.9799959983992
16 60 32.55764119219941
16 61 34.20526275297414
16 62 27.85677655436824
16 63 50.566787519082126
16 64 35.22782990761707
16 65 29.120439557122072
17 1 35.11409973215888
17 2 24.041630560342615
17 3 54.817880294662984
17 4 36.359317925395686
17 5 59.464274989274024
17 6 45.60701700396552
17 7 58.008620049092706
17 8 34.9857113690718
17 9 47.853944456021594
17 10 39.21734310225516
17 11 40.85339643163099
17 12 30.0
17 13 51.419840528729765
17 14 27.459060435491963
17 15 50.566787519082126
17 16 51.0
17 17 0.0
17 18 18.110770276274835
17 19 56.824290580701486
17 20 71.17583859709698
17 21 49.36598018878993
17 22 58.872744118140105
17 23 23.769728648009426
17 24 12.806248474865697
17 25 33.97057550292606
17 26 34.828149534535996
17 27 41.7612260356422
17 28 28.635642126552707
17 29 11.045361017187261
17 30 52.009614495783374
17 31 22.135943621178654
17 32 35.805027579936315
17 33 20.0
17 34 12.649110640673518
17 35 31.953090617340916
17 36 21.095023109728988
17 37 13.0
17 38 64.40496875241847
17 39 20.615528128088304
17 40 51.31276644267
17 41 29.832867780352597
17 42 44.41846462902562
17 43 35.17101079013795
17 44 32.64965543462902
17 45 28.071337695236398
17 46 29.120439557122072
17 47 50.11985634456667
17 48 57.4543296888929
17 49 61.35144660071187
17 50 38.47076812334269
17 51 64.13267497929586
17 52 24.186773244895647
17 53 48.82622246293481
17 54 60.08327554319921
17 55 48.02082881417188
17 56 59.09314681077663
17 57 29.068883707497267
17 58 21.587033144922902
17 59 17.46424919657298
17 60 37.64306044943742
17 61 53.41348144429457
17 62 66.30987860040162
17 63 21.587033144922902
17 64 29.732137494637012
17 65 24.351591323771842
18 1 18.027756377319946
18 2 7.0710678118654755
18 3 38.48376280978771
18 4 24.698178070456937
18 5 42.04759208325728
18 6 27.85677655436824
18 7 40.01249804748511
18 8 20.0
18 9 29.832867780352597
18 10 21.95449840010015
18 11 23.853720883753127
18 12 36.71511950137164
18 13 34.92849839314596
18 14 25.179356624028344
18 15 36.235341863986875
18 16 33.06055050963308
18 17 18.110770276274835
18 18 0.0
18 19 40.607881008493905
18 20 54.20332093147061
18 21 31.25699921617557
18 22 41.593268686170845
18 23 21.93171219946131
18 24 15.620499351813308
18 25 25.96150997149434
18 26 21.93171219946131
18 27 26.076809620810597
18 28 10.770329614269007
18 29 21.400934559032695
18 30 34.132096331752024
18 31 5.830951894845301
18 32 25.495097567963924
18 33 25.45584412271571
18 34 6.324555320336759
18 35 17.69180601295413
18 36 21.18962010041709
18 37 6.708203932499369
18 38 47.70744176750625
18 39 25.553864678361276
18 40 36.069377593742864
18 41 32.89376840679705
18 42 32.01562118716424
18 43 17.46424919657298
18 44 27.16615541441225
18 45 34.0
18 46 14.142135623730951
18 47 36.76955262170047
18 48 44.553338819890925
18 49 45.65084884205331
18 50 21.540659228538015
18 51 46.09772228646444
18 52 19.924858845171276
18 53 34.058772731852805
18 54 44.294469180700204
18 55 35.4682957019364
18 56 42.190046219457976
18 57 24.515301344262525
18 58 4.242640687119285
18 59 23.600847442411894
18 60 24.596747752497688
18 61 39.20459156782532
18 62 49.24428900898052
18 63 23.021728866442675
18 64 22.360679774997898
18 65 7.810249675906654
19 1 22.67156809750927
19 2 33.60059523282288
19 3 41.10960958218893
19 4 49.76946855251722
19 5 9.219544457292887
19 6 16.15549442140351
19 7 27.202941017470888
19 8 21.93171219946131
19 9 18.24828759089466
19 10 19.1049731745428
19 11 16.97056274847714
19 12 75.82216034906945
19 13 39.0
19 14 61.032778078668514
19 15 48.16637831516918
19 16 27.018512172212592
19 17 56.824290580701486
19 18 40.607881008493905
19 19 0.0
19 20 15.132745950421556
19 21 21.02379604162864
19 22 7.810249675906654
19 23 41.30375285612676
19 24 55.97320787662612
19 25 55.90169943749474
19 26 23.53720459187964
19 27 40.26164427839479
19 28 30.4138126514911
19 29 62.00806399170998
19 30 28.071337695236398
19 31 35.22782990761707
19 32 52.392747589718944
19 33 50.48762224545735
19 34 44.41846462902562
19 35 42.941821107167776
19 36 59.54829972383762
19 37 43.9089968002003
19 38 8.06225774829855
19 39 65.06919393998976
19 40 7.0710678118654755
19 41 70.60453243241541
19 42 51.419840528729765
19 43 24.08318915758459
19 44 59.53990258641679
19 45 73.0
19 46 41.340053217188775
19 47 51.35172830587107
19 48 57.0087712549569
19 49 47.67598976424087
19 50 35.11409973215888
19 51 19.849433241279208
19 52 38.47076812334269
19 53 10.04987562112089
19 54 46.52956049652737
19 55 52.773099207835045
19 56 5.0
19 57 37.013511046643494
19 58 36.40054944640259
19 59 63.655321851358195
19 60 21.213203435596427
19 61 10.0
19 62 11.045361017187261
19 63 45.39823785126467
19 64 54.70831746635972
19 65 33.015148038438355
20 1 36.235341863986875
20 2 47.41307836451879
20 3 44.64302857109943
20 4 58.82176467941097
20 5 12.727922061357855
20 6 27.018512172212592
20 7 28.861739379323623
20 8 36.68787265568828
20 9 26.90724809414742
20 10 32.2490309931942
20 11 30.4138126514911
20 12 87.78382538941898
20 13 43.657759905886145
20 14 72.13875518748573
20 15 53.48831648126533
20 16 32.202484376209235
20 17 71.17583859709698
20 18 54.20332093147061
20 19 15.132745950421556
20 20 0.0
20 21 28.0178514522438
20 22 12.806248474865697
20 23 56.43580423808985
20 24 69.06518659932803
20 25 65.60487786742691
20 26 38.63935817272331
20 27 48.02082881417188
20 28 43.56604182158393
20 29 75.47184905645283
20 30 32.69556544854363
20 31 49.193495504995376
20 32 61.61168720299745
20 33 65.62011886609167
20 34 58.60034129593445
20 35 53.150729063673246
20 36 71.58910531638176
20 37 58.180752831155424
20 38 7.0710678118654755
20 39 77.46612162745726
20 40 22.02271554554524
20 41 82.02438661763951
20 42 58.59180830116101
20 43 36.89173349139343
20 44 69.65629906907199
20 45 84.95881355103778
20 46 52.32590180780452
20 47 57.0087712549569
20 48 61.1310068623117
20 49 49.49747468305833
20 50 44.204072210600685
20 51 17.11724276862369
20 52 53.600373133029585
20 53 25.019992006393608
20 54 48.662100242385755
20 55 59.09314681077663
20 56 12.083045973594572
20 57 52.08646657242167
20 58 50.11985634456667
20 59 76.40026177965623
20 60 36.345563690772494
20 61 23.345235059857504
20 62 5.0
20 63 60.530983801686226
20 64 65.19202405202648
20 65 46.95742752749558
21 1 17.08800749063506
21 2 26.019223662515376
21 3 20.396078054371138
21 4 30.805843601498726
21 5 15.652475842498529
21 6 7.810249675906654
21 7 10.295630140987
21 8 22.47220505424423
21 9 3.605551275463989
21 10 13.892443989449804
21 11 14.212670403551895
21 12 60.802960454241045
21 13 18.027756377319946
21 14 44.68780594300866
21 15 27.16615541441225
21 16 6.324555320336759
21 17 49.36598018878993
21 18 31.25699921617557
21 19 21.02379604162864
21 20 28.0178514522438
21 21 0.0
21 22 16.15549442140351
21 23 43.08131845707603
21 24 44.01136216933077
21 25 37.64306044943742
21 26 27.202941017470888
21 27 20.12461179749811
21 28 21.0
21 29 50.92150822589606
21 30 7.615773105863909
21 31 28.0178514522438
21 32 33.60059523282288
21 33 50.96076922496363
21 34 37.05401462729781
21 35 25.495097567963924
21 36 44.94441010848846
21 37 37.013511046643494
21 38 23.769728648009426
21 39 51.10772935672255
21 40 22.80350850198276
21 41 54.67174773134658
21 42 31.016124838541646
21 43 15.297058540778355
21 44 41.773197148410844
21 45 58.008620049092706
21 46 25.238858928247925
21 47 30.4138126514911
21 48 36.0
21 49 27.51363298439521
21 50 16.278820596099706
21 51 15.231546211727817
21 52 39.92492955535426
21 53 23.769728648009426
21 54 26.248809496813376
21 55 32.01562118716424
21 56 18.681541692269406
21 57 41.182520563948
21 58 28.0178514522438
21 59 50.53711507397311
21 60 26.90724809414742
21 61 27.892651361962706
21 62 23.323807579381203
21 63 46.486557196677836
21 64 37.48332962798263
21 65 26.076809620810597
22 1 23.769728648009426
22 2 34.92849839314596
22 3 35.05709628591621
22 4 46.647615158762406
22 5 1.4142135623730951
22 6 14.212670403551895
22 7 20.223748416156685
22 8 25.179356624028344
22 9 14.422205101855956
22 10 19.697715603592208
22 11 18.027756377319946
22 12 75.0066663703967
22 13 33.37663853655727
22 14 59.464274989274024
22 15 42.95346318982906
22 16 21.37755832643195
22 17 58.872744118140105
22 18 41.593268686170845
22 19 7.810249675906654
22 20 12.806248474865697
22 21 16.15549442140351
22 22 0.0
22 23 46.010868281309364
22 24 56.302753041036986
22 25 53.25410782277739
22 26 28.0178514522438
22 27 36.24913792078372
22 28 30.886890422961002
22 29 62.76941930590086
22 30 22.20360331117452
22 31 36.76955262170047
22 32 49.39635614091387
22 33 55.00909015790027
22 34 46.238512086787566
22 35 40.607881008493905
22 36 58.7962583843564
22 37 45.880278987817846
22 38 7.615773105863909
22 39 64.66065264130884
22 40 13.892443989449804
22 41 69.31089380465383
22 42 47.16990566028302
22 43 24.186773244895647
22 44 57.201398584300364
22 45 72.18032973047436
22 46 39.6232255123179
22 47 46.32493928760188
22 48 51.35172830587107
22 49 41.10960958218893
22 50 31.906112267087632
22 51 12.041594578792296
22 52 43.0
22 53 16.55294535724685
22 54 40.049968789001575
22 55 48.08326112068523
22 56 3.1622776601683795
22 57 42.2965719651132
22 58 37.57658845611187
22 59 63.60031446463138
22 60 26.1725046566048
22 61 17.69180601295413
22 62 7.810249675906654
22 63 50.0
22 64 52.630789467763066
22 65 34.539832078341085
23 1 26.0
23 2 20.518284528683193
23 3 56.85068161420758
23 4 46.52956049652737
23 5 47.042533945356304
23 6 36.40054944640259
23 7 53.31041174104736
23 8 21.37755832643195
23 9 40.162171256046406
23 10 29.410882339705484
23 11 29.832867780352597
23 12 52.773099207835045
23 13 53.2634959423431
23 14 45.39823785126467
23 15 56.72741841473134
23 16 47.41307836451879
23 17 23.769728648009426
23 18 21.93171219946131
23 19 41.30375285612676
23 20 56.43580423808985
23 21 43.08131845707603
23 22 46.010868281309364
23 23 0.0
23 24 32.01562118716424
23 25 47.75981574503821
23 26 18.0
23 27 46.010868281309364
23 28 24.839484696748443
23 29 33.95585369269929
23 30 48.76474136094644
23 31 19.209372712298546
23 32 47.4236228055175
23 33 9.219544457292887
23 34 18.24828759089466
23 35 39.11521443121589
23 36 40.049968789001575
23 37 17.26267650163207
23 38 49.36598018878993
23 39 42.190046219457976
23 40 34.52535300326414
23 41 51.03920062069938
23 42 53.53503525729669
23 43 28.178005607210743
23 44 48.507731342539614
23 45 50.48762224545735
23 46 35.510561809129406
23 47 57.8013840664737
23 48 65.60487786742691
23 49 64.53681120105021
23 50 40.311288741492746
23 51 54.91812087098393
23 52 3.1622776601683795
23 53 31.575306807693888
23 54 63.12685640834652
23 55 56.859475903318
23 56 45.044422518220834
23 57 5.656854249492381
23 58 20.808652046684813
23 59 39.319206502675
23 60 20.09975124224178
23 61 34.785054261852174
23 62 52.15361924162119
23 63 4.123105625617661
23 64 43.965895873961216
23 65 19.79898987322333
24 1 33.301651610693426
24 2 22.67156809750927
24 3 45.17742799230607
24 4 24.698178070456937
24 5 56.60388679233962
24 6 42.190046219457976
24 7 51.19570294468082
24 8 35.608987629529715
24 9 43.382023926967726
24 10 37.013511046643494
24 11 39.05124837953327
24 12 21.540659228538015
24 13 42.04759208325728
24 14 14.7648230602334
24 15 39.56008088970496
24 16 44.14748010928823
24 17 12.806248474865697
24 18 15.620499351813308
24 19 55.97320787662612
24 20 69.06518659932803
24 21 44.01136216933077
24 22 56.302753041036986
24 23 32.01562118716424
24 24 0.0
24 25 21.400934559032695
24 26 37.21558813185679
24 27 32.0624390837628
24 28 25.612496949731394
24 29 7.0710678118654755
24 30 44.91102314577124
24 31 21.400934559032695
24 32 23.706539182259394
24 33 31.04834939252005
24 34 14.560219778561036
24 35 22.02271554554524
24 36 8.54400374531753
24 37 15.524174696260024
24 38 62.80127387243033
24 39 10.44030650891055
24 40 51.66236541235796
24 41 19.026297590440446
24 42 32.69556544854363
24 43 32.202484376209235
24 44 19.849433241279208
24 45 18.973665961010276
24 46 20.09975124224178
24 47 38.62641583165593
24 48 45.617978911828175
24 49 50.99019513592785
24 50 30.265491900843113
24 51 59.23681287847955
24 52 31.25699921617557
24 53 49.678969393496885
24 54 49.8196748283246
24 55 36.24913792078372
24 56 57.201398584300364
24 57 36.345563690772494
24 58 19.849433241279208
24 59 8.06225774829855
24 60 39.96248240537617
24 61 54.817880294662984
24 62 64.07027391856539
24 63 31.144823004794873
24 64 17.204650534085253
24 65 23.430749027719962
25 1 35.90264614203248
25 2 30.066592756745816
25 3 29.410882339705484
25 4 7.211102550927978
25 5 53.009433122794285
25 6 39.824615503479755
25 7 40.80441152620633
25 8 41.30375285612676
25 9 38.8329756778952
25 10 37.94733192202055
25 11 40.162171256046406
25 12 25.96150997149434
25 13 27.313000567495326
25 14 10.0
25 15 21.095023109728988
25 16 34.713109915419565
25 17 33.97057550292606
25 18 25.96150997149434
25 19 55.90169943749474
25 20 65.60487786742691
25 21 37.64306044943742
25 22 53.25410782277739
25 23 47.75981574503821
25 24 21.400934559032695
25 25 0.0
25 26 45.044422518220834
25 27 18.601075237738275
25 28 29.154759474226502
25 29 26.832815729997478
25 30 34.828149534535996
25 31 30.265491900843113
25 32 4.47213595499958
25 33 49.73932046178355
25 34 29.966648127543394
25 35 13.0
25 36 14.866068747318506
25 37 30.870698080866262
25 38 60.74537019394976
25 39 20.223748416156685
25 40 54.08326913195984
25 41 18.973665961010276
25 42 13.0
25 43 33.24154027718932
25 44 4.47213595499958
25 45 23.53720459187964
25 46 15.297058540778355
25 47 19.026297590440446
25 48 25.0
25 49 33.13608305156178
25 50 21.400934559032695
25 51 51.66236541235796
25 52 45.880278987817846
25 53 53.16013544000805
25 54 32.2490309931942
25 55 16.1245154965971
25 56 55.226805085936306
25 57 50.44799302251776
25 58 28.284271247461902
25 59 21.840329667841555
25 60 47.16990566028302
25 61 58.52349955359813
25 62 60.802960454241045
25 63 48.33218389437829
25 64 4.242640687119285
25 65 31.064449134018133
26 1 11.661903789690601
26 2 15.524174696260024
26 3 44.40720662234904
26 4 41.19465984809196
26 5 29.068883707497267
26 6 19.72308292331602
26 7 37.44329045369811
26 8 5.0
26 9 23.853720883753127
26 10 13.45362404707371
26 11 13.038404810405298
26 12 58.59180830116101
26 13 41.048751503547585
26 14 46.57252408878007
26 15 47.01063709417264
26 16 32.55764119219941
26 17 34.828149534535996
26 18 21.93171219946131
26 19 23.53720459187964
26 20 38.63935817272331
26 21 27.202941017470888
26 22 28.0178514522438
26 23 18.0
26 24 37.21558813185679
26 25 45.044422518220834
26 26 0.0
26 27 36.40054944640259
26 28 16.0312195418814
26 29 42.01190307520001
26 30 33.97057550292606
26 31 16.15549442140351
26 32 43.04648650006177
26 33 27.073972741361768
26 34 23.430749027719962
26 35 33.13608305156178
26 36 43.08131845707603
26 37 22.67156809750927
26 38 31.575306807693888
26 39 47.41307836451879
26 40 17.08800749063506
26 41 54.78138369920935
26 42 46.32493928760188
26 43 14.7648230602334
26 44 47.38143096192854
26 45 55.90169943749474
26 46 30.01666203960727
26 47 49.040799340956916
26 48 56.462376853972415
26 49 52.20153254455275
26 50 30.083217912982647
26 51 37.36308338453881
26 52 15.033296378372908
26 53 14.317821063276353
26 54 50.80354318352215
26 55 49.040799340956916
26 56 27.073972741361768
26 57 14.560219778561036
26 58 18.027756377319946
26 59 45.27692569068709
26 60 2.8284271247461903
26 61 18.601075237738275
26 62 34.23448553724738
26 63 22.02271554554524
26 64 42.2965719651132
26 65 14.560219778561036
27 1 25.0
27 2 25.495097567963924
27 3 13.152946437965905
27 4 11.40175425099138
27 5 35.77708763999664
27 6 24.331050121192877
27 7 22.20360331117452
27 8 31.622776601683793
27 9 22.135943621178654
27 10 25.179356624028344
27 11 27.073972741361768
27 12 43.86342439892262
27 13 10.0
27 14 27.313000567495326
27 15 10.816653826391969
27 16 16.278820596099706
27 17 41.7612260356422
27 18 26.076809620810597
27 19 40.26164427839479
27 20 48.02082881417188
27 21 20.12461179749811
27 22 36.24913792078372
27 23 46.010868281309364
27 24 32.0624390837628
27 25 18.601075237738275
27 26 36.40054944640259
27 27 0.0
27 28 21.633307652783937
27 29 39.01281840626232
27 30 16.278820596099706
27 31 26.870057685088806
27 32 14.212670403551895
27 33 51.22499389946279
27 34 32.2490309931942
27 35 10.04987562112089
27 36 29.614185789921695
27 37 32.7566787083184
27 38 43.86342439892262
27 39 35.90264614203248
27 40 40.11234224026316
27 41 37.12142238654117
27 42 11.180339887498949
27 43 21.840329667841555
27 44 23.021728866442675
27 45 41.23105625617661
27 46 12.649110640673518
27 47 12.649110640673518
27 48 20.12461179749811
27 49 19.697715603592208
27 50 6.324555320336759
27 51 33.24154027718932
27 52 43.278170016764804
27 53 40.0
27 54 18.384776310850235
27 55 13.038404810405298
27 56 38.62641583165593
27 57 46.61544808322666
27 58 25.495097567963924
27 59 36.345563690772494
27 60 37.64306044943742
27 61 45.044422518220834
27 62 43.41658669218482
27 63 48.104053883222775
27 64 19.697715603592208
27 65 26.248809496813376
28 1 7.810249675906654
28 2 5.0990195135927845
28 3 32.01562118716424
28 4 25.179356624028344
28 5 31.304951684997057
28 6 17.08800749063506
28 7 30.4138126514911
28 8 12.165525060596439
28 9 19.235384061671343
28 10 11.40175425099138
28 11 13.45362404707371
28 12 45.60701700396552
28 13 28.42534080710379
28 14 31.78049716414141
28 15 32.449961479175904
28 16 23.769728648009426
28 17 28.635642126552707
28 18 10.770329614269007
28 19 30.4138126514911
28 20 43.56604182158393
28 21 21.0
28 22 30.886890422961002
28 23 24.839484696748443
28 24 25.612496949731394
28 25 29.154759474226502
28 26 16.0312195418814
28 27 21.633307652783937
28 28 0.0
28 29 31.906112267087632
28 30 25.0
28 31 7.0710678118654755
28 32 27.018512172212592
28 33 31.304951684997057
28 34 16.1245154965971
28 35 17.11724276862369
28 36 29.410882339705484
28 37 16.0312195418814
28 38 37.20215047547655
28 39 34.713109915419565
28 40 26.627053911388696
28 41 40.8166632639171
28 42 30.675723300355934
28 43 6.708203932499369
28 44 31.78049716414141
28 45 42.80186911806539
28 46 14.0
28 47 34.0
28 48 41.677331968349414
28 49 39.698866482558415
28 50 15.620499351813308
28 51 35.510561809129406
28 52 21.93171219946131
28 53 25.059928172283335
28 54 38.28837943815329
28 55 33.61547262794322
28 56 31.622776601683793
28 57 25.0
28 58 7.0710678118654755
28 59 33.24154027718932
28 60 18.027756377319946
28 61 30.4138126514911
28 62 38.58756276314948
28 63 27.459060435491963
28 64 26.68332812825267
28 65 5.385164807134504
29 1 39.408120990476064
29 2 28.42534080710379
29 3 52.08646657242167
29 4 31.04834939252005
29 5 63.13477647065839
29 6 48.76474136094644
29 7 58.249463516842795
29 8 41.012193308819754
29 9 50.15974481593781
29 10 43.266615305567875
29 11 45.221676218380054
29 12 19.026297590440446
29 13 49.01020301937138
29 14 18.439088914585774
29 15 46.09772228646444
29 16 51.19570294468082
29 17 11.045361017187261
29 18 21.400934559032695
29 19 62.00806399170998
29 20 75.47184905645283
29 21 50.92150822589606
29 22 62.76941930590086
29 23 33.95585369269929
29 24 7.0710678118654755
29 25 26.832815729997478
29 26 42.01190307520001
29 27 39.01281840626232
29 28 31.906112267087632
29 29 0.0
29 30 51.97114584074513
29 31 26.90724809414742
29 32 29.732137494637012
29 33 31.016124838541646
29 34 18.601075237738275
29 35 29.0
29 36 12.206555615733702
29 37 19.4164878389476
29 38 69.06518659932803
29 39 9.848857801796104
29 40 57.3149195236284
29 41 18.973665961010276
29 42 38.897300677553446
29 43 38.58756276314948
29 44 24.413111231467404
29 45 17.029386365926403
29 46 27.16615541441225
29 47 44.9221548904324
29 48 51.62363799656123
29 49 57.706152185014034
29 50 37.33630940518894
29 51 66.12866246946176
29 52 33.83784863137726
29 53 55.154328932550705
29 54 56.568542494923804
29 55 42.37924020083418
29 56 63.51377803280167
29 57 38.897300677553446
29 58 25.612496949731394
29 59 6.708203932499369
29 60 44.82186966202994
29 61 60.14149981501958
29 62 70.49113419430843
29 63 32.2490309931942
29 64 22.847319317591726
29 65 29.068883707497267
30 1 23.021728866442675
30 2 30.083217912982647
30 3 13.038404810405298
30 4 27.65863337187866
30 5 21.37755832643195
30 6 15.264337522473747
30 7 6.324555320336759
30 8 29.068883707497267
30 9 11.180339887498949
30 10 20.518284528683193
30 11 21.2602916254693
30 12 59.53990258641679
30 13 11.180339887498949
30 14 43.04648650006177
30 15 20.8806130178211
30 16 1.4142135623730951
30 17 52.009614495783374
30 18 34.132096331752024
30 19 28.071337695236398
30 20 32.69556544854363
30 21 7.615773105863909
30 22 22.20360331117452
30 23 48.76474136094644
30 24 44.91102314577124
30 25 34.828149534535996
30 26 33.97057550292606
30 27 16.278820596099706
30 28 25.0
30 29 51.97114584074513
30 30 0.0
30 31 32.01562118716424
30 32 30.479501308256342
30 33 56.08029957123981
30 34 40.311288741492746
30 35 24.166091947189145
30 36 44.384682042344295
30 37 40.44749683231337
30 38 29.614185789921695
30 39 50.695167422546305
30 40 30.364452901377952
30 41 53.0
30 42 26.076809620810597
30 43 20.591260281974
30 44 39.20459156782532
30 45 56.824290580701486
30 46 25.0
30 47 24.351591323771842
30 48 29.154759474226502
30 49 19.924858845171276
30 50 14.866068747318506
30 51 17.029386365926403
30 52 45.65084884205331
30 53 31.38470965295043
30 54 18.681541692269406
30 55 26.40075756488817
30 56 25.079872407968907
30 57 47.43416490252569
30 58 31.575306807693888
30 59 50.59644256269407
30 60 33.97057550292606
30 61 35.4400902933387
30 62 28.460498941515414
30 63 51.894122981316485
30 64 35.510561809129406
30 65 30.364452901377952
31 1 13.0
31 2 2.0
31 3 38.27531841800928
31 4 27.85677655436824
31 5 37.33630940518894
31 6 23.53720459187964
31 7 37.48332962798263
31 8 14.212670403551895
31 9 26.076809620810597
31 10 17.08800749063506
31 11 18.788294228055936
31 12 42.5440947723653
31 13 34.66987164671943
31 14 30.59411708155671
31 15 37.53664875824692
31 16 30.805843601498726
31 17 22.135943621178654
31 18 5.830951894845301
31 19 35.22782990761707
31 20 49.193495504995376
31 21 28.0178514522438
31 22 36.76955262170047
31 23 19.209372712298546
31 24 21.400934559032695
31 25 30.265491900843113
31 26 16.15549442140351
31 27 26.870057685088806
31 28 7.0710678118654755
31 29 26.90724809414742
31 30 32.01562118716424
31 31 0.0
31 32 29.120439557122072
31 33 24.698178070456937
31 34 9.486832980505138
31 35 20.12461179749811
31 36 26.92582403567252
31 37 9.219544457292887
31 38 42.5440947723653
31 39 31.38470965295043
31 40 30.4138126514911
31 41 38.62641583165593
31 42 34.48187929913333
31 43 13.152946437965905
31 44 32.0
31 45 39.824615503479755
31 46 16.55294535724685
31 47 38.600518131237564
31 48 46.400431032480725
31 49 45.803929962395145
31 50 21.400934559032695
31 51 42.2965719651132
31 52 16.64331697709324
31 53 28.319604517012593
31 54 44.40720662234904
31 55 37.73592452822641
31 56 37.12142238654117
31 57 20.615528128088304
31 58 2.0
31 59 29.410882339705484
31 60 18.788294228055936
31 61 33.421549934136806
31 62 44.28317965096906
31 63 21.2602916254693
31 64 27.018512172212592
31 65 2.23606797749979
32 1 33.24154027718932
32 2 28.635642126552707
32 3 25.0
32 4 2.8284271247461903
32 5 49.09175083453431
32 6 36.24913792078372
32 7 36.40054944640259
32 8 39.01281840626232
32 9 34.9857113690718
32 10 34.92849839314596
32 11 37.107950630558946
32 12 30.364452901377952
32 13 22.847319317591726
32 14 14.142135623730951
32 15 17.0
32 16 30.4138126514911
32 17 35.805027579936315
32 18 25.495097567963924
32 19 52.392747589718944
32 20 61.61168720299745
32 21 33.60059523282288
32 22 49.39635614091387
32 23 47.4236228055175
32 24 23.706539182259394
32 25 4.47213595499958
32 26 43.04648650006177
32 27 14.212670403551895
32 28 27.018512172212592
32 29 29.732137494637012
32 30 30.479501308256342
32 31 29.120439557122072
32 32 0.0
32 33 50.21951811795888
32 34 30.23243291566195
32 35 10.04987562112089
32 36 18.24828759089466
32 37 31.064449134018133
32 38 56.938563381947034
32 39 24.020824298928627
32 40 50.96076922496363
32 41 23.40939982143925
32 42 9.219544457292887
32 43 30.4138126514911
32 44 8.94427190999916
32 45 27.892651361962706
32 46 13.038404810405298
32 47 15.297058540778355
32 48 21.93171219946131
32 49 29.017236257093817
32 50 17.4928556845359
32 51 47.38143096192854
32 52 45.31004303683677
32 53 50.21951811795888
32 54 28.071337695236398
32 55 12.649110640673518
32 56 51.478150704935004
32 57 49.64876634922564
32 58 27.202941017470888
32 59 25.317977802344327
32 60 45.0
32 61 55.54277630799526
32 62 56.859475903318
32 63 48.373546489791295
32 64 7.0710678118654755
32 65 29.614185789921695
33 1 33.95585369269929
33 2 26.419689627245813
33 3 62.96824596572466
33 4 49.8196748283246
33 5 56.0
33 6 44.721359549995796
33 7 61.032778078668514
33 8 30.066592756745816
33 9 48.27007354458868
33 10 37.656340767525464
33 11 38.3275357934736
33 12 50.0
33 13 59.36328831862332
33 14 45.5411901469428
33 15 61.61980201201558
33 16 54.78138369920935
33 17 20.0
33 18 25.45584412271571
33 19 50.48762224545735
33 20 65.62011886609167
33 21 50.96076922496363
33 22 55.00909015790027
33 23 9.219544457292887
33 24 31.04834939252005
33 25 49.73932046178355
33 26 27.073972741361768
33 27 51.22499389946279
33 28 31.304951684997057
33 29 31.016124838541646
33 30 56.08029957123981
33 31 24.698178070456937
33 32 50.21951811795888
33 33 0.0
33 34 20.0
33 35 43.139309220245984
33 36 39.56008088970496
33 37 19.209372712298546
33 38 58.54912467321779
33 39 40.311288741492746
33 40 43.73785545725808
33 41 49.49747468305833
33 42 57.38466694161429
33 43 35.73513677041127
33 44 49.658836071740545
33 45 48.041648597857254
33 46 39.59797974644666
33 47 62.22539674441618
33 48 70.00714249274856
33 49 70.45565981523414
33 50 46.04345773288535
33 51 63.50590523722971
33 52 12.041594578792296
33 53 40.792156108742276
33 54 69.06518659932803
33 55 60.876925020897694
33 56 54.147945482723536
33 57 14.317821063276353
33 58 25.80697580112788
33 59 37.21558813185679
33 60 29.274562336608895
33 61 43.965895873961216
33 62 61.29437168288782
33 63 5.0990195135927845
33 64 45.65084884205331
33 65 25.942243542145693
34 1 22.47220505424423
34 2 11.40175425099138
34 3 44.77722635447622
34 4 29.832867780352597
34 5 46.8187996428785
34 6 32.984845004941285
34 7 46.09772228646444
34 8 22.80350850198276
34 9 35.35533905932738
34 10 26.570660511172846
34 11 28.231188426986208
34 12 36.05551275463989
34 13 41.23105625617661
34 14 27.16615541441225
34 15 42.20189569201838
34 16 39.20459156782532
34 17 12.649110640673518
34 18 6.324555320336759
34 19 44.41846462902562
34 20 58.60034129593445
34 21 37.05401462729781
34 22 46.238512086787566
34 23 18.24828759089466
34 24 14.560219778561036
34 25 29.966648127543394
34 26 23.430749027719962
34 27 32.2490309931942
34 28 16.1245154965971
34 29 18.601075237738275
34 30 40.311288741492746
34 31 9.486832980505138
34 32 30.23243291566195
34 33 20.0
34 34 0.0
34 35 23.430749027719962
34 36 22.02271554554524
34 37 1.0
34 38 51.884487084291386
34 39 25.0
34 40 39.20459156782532
34 41 33.37663853655727
34 42 37.48332962798263
34 43 22.561028345356956
34 44 30.364452901377952
34 45 33.52610922848042
34 46 20.0
34 47 42.5205832509386
34 48 50.24937810560445
34 49 51.884487084291386
34 50 27.85677655436824
34 51 51.62363799656123
34 52 17.0
34 53 36.87817782917155
34 54 50.53711507397311
34 55 41.012193308819754
34 56 46.51881339845203
34 57 22.02271554554524
34 58 9.055385138137417
34 59 22.47220505424423
34 60 26.248809496813376
34 61 41.72529209005013
34 62 53.71219600798314
34 63 18.384776310850235
34 64 26.0
34 65 11.704699910719626
35 1 23.194827009486403
35 2 19.313207915827967
35 3 23.194827009486403
35 4 8.06225774829855
35 5 40.45985664828782
35 6 26.92582403567252
35 7 30.463092423455635
35 8 29.0
35 9 26.248809496813376
35 10 25.0
35 11 27.202941017470888
35 12 35.510561809129406
35 13 20.024984394500787
35 14 19.209372712298546
35 15 18.867962264113206
35 16 23.706539182259394
35 17 31.953090617340916
35 18 17.69180601295413
35 19 42.941821107167776
35 20 53.150729063673246
35 21 25.495097567963924
35 22 40.607881008493905
35 23 39.11521443121589
35 24 22.02271554554524
35 25 13.0
35 26 33.13608305156178
35 27 10.04987562112089
35 28 17.11724276862369
35 29 29.0
35 30 24.166091947189145
35 31 20.12461179749811
35 32 10.04987562112089
35 33 43.139309220245984
35 34 23.430749027719962
35 35 0.0
35 36 20.248456731316587
35 37 24.08318915758459
35 38 48.010415536631214
35 39 26.570660511172846
35 40 41.10960958218893
35 41 29.206163733020468
35 42 14.422205101855956
35 43 20.396078054371138
35 44 16.64331697709324
35 45 32.7566787083184
35 46 3.605551275463989
35 47 19.1049731745428
35 48 26.870057685088806
35 49 29.410882339705484
35 50 9.433981132056603
35 51 40.22437072223753
35 52 36.71511950137164
35 53 40.26164427839479
35 54 28.160255680657446
35 55 17.804493814764857
35 56 42.43819034784589
35 57 40.718546143004666
35 58 18.35755975068582
35 59 26.68332812825267
35 60 35.014282800023196
35 61 45.60701700396552
35 62 48.27007354458868
35 63 40.607881008493905
35 64 12.041594578792296
35 65 20.248456731316587
36 1 37.20215047547655
36 2 27.730849247724095
36 3 42.190046219457976
36 4 20.024984394500787
36 5 58.89821729050889
36 6 44.598206241955516
36 7 50.695167422546305
36 8 40.70626487409524
36 9 45.0
36 10 40.45985664828782
36 11 42.638011210655684
36 12 16.278820596099706
36 13 39.45883931389772
36 14 6.4031242374328485
36 15 35.12833614050059
36 16 43.86342439892262
36 17 21.095023109728988
36 18 21.18962010041709
36 19 59.54829972383762
36 20 71.58910531638176
36 21 44.94441010848846
36 22 58.7962583843564
36 23 40.049968789001575
36 24 8.54400374531753
36 25 14.866068747318506
36 26 43.08131845707603
36 27 29.614185789921695
36 28 29.410882339705484
36 29 12.206555615733702
36 30 44.384682042344295
36 31 26.92582403567252
36 32 18.24828759089466
36 33 39.56008088970496
36 34 22.02271554554524
36 35 20.248456731316587
36 36 0.0
36 37 23.021728866442675
36 38 65.76473218982953
36 39 6.324555320336759
36 40 56.0357029044876
36 41 11.704699910719626
36 42 27.459060435491963
36 43 35.4682957019364
36 44 12.206555615733702
36 45 13.45362404707371
36 46 19.72308292331602
36 47 33.54101966249684
36 48 39.84971769034255
36 49 47.042533945356304
36 50 29.546573405388315
36 51 60.03332407921454
36 52 39.01281840626232
36 53 54.378304497290095
36 54 46.010868281309364
36 55 30.805843601498726
36 56 60.108235708594876
36 57 44.04543109109048
36 58 25.079872407968907
36 59 7.0710678118654755
36 60 45.69463863518345
36 61 59.682493245507096
36 62 66.60330322138685
36 63 39.45883931389772
36 64 11.180339887498949
36 65 28.635642126552707
37 1 22.135943621178654
37 2 11.180339887498949
37 3 45.18849411078001
37 4 30.610455730027933
37 5 46.486557196677836
37 6 32.7566787083184
37 7 46.17358552246078
37 8 22.20360331117452
37 9 35.22782990761707
37 10 26.248809496813376
37 11 27.85677655436824
37 12 37.0
37 13 41.6293165929973
37 14 28.160255680657446
37 15 42.80186911806539
37 16 39.319206502675
37 17 13.0
37 18 6.708203932499369
37 19 43.9089968002003
37 20 58.180752831155424
37 21 37.013511046643494
37 22 45.880278987817846
37 23 17.26267650163207
37 24 15.524174696260024
37 25 30.870698080866262
37 26 22.67156809750927
37 27 32.7566787083184
37 28 16.0312195418814
37 29 19.4164878389476
37 30 40.44749683231337
37 31 9.219544457292887
37 32 31.064449134018133
37 33 19.209372712298546
37 34 1.0
37 35 24.08318915758459
37 36 23.021728866442675
37 37 0.0
37 38 51.42956348249516
37 39 25.96150997149434
37 40 38.600518131237564
37 41 34.36568055487916
37 42 38.2099463490856
37 43 22.360679774997898
37 44 31.32091952673165
37 45 34.48187929913333
37 46 20.615528128088304
37 47 43.18564576337837
37 48 50.93132631298737
37 49 52.354560450833695
37 50 28.231188426986208
37 51 51.478150704935004
37 52 16.0
37 53 36.235341863986875
37 54 51.0
37 55 41.72529209005013
37 56 46.09772228646444
37 57 21.02379604162864
37 58 9.0
37 59 23.40939982143925
37 60 25.495097567963924
37 61 41.036569057366385
37 62 53.31041174104736
37 63 17.46424919657298
37 64 26.92582403567252
37 65 11.40175425099138
38 1 29.68164415931166
38 2 40.8166632639171
38 3 42.2965719651132
38 4 54.20332093147061
38 5 8.246211251235321
38 6 21.2602916254693
38 7 27.0
38 8 29.732137494637012
38 9 21.95449840010015
38 10 25.80697580112788
38 11 23.853720883753127
38 12 82.02438661763951
38 13 40.792156108742276
38 14 66.70832032063167
38 15 50.44799302251776
38 16 28.861739379323623
38 17 64.40496875241847
38 18 47.70744176750625
38 19 8.06225774829855
38 20 7.0710678118654755
38 21 23.769728648009426
38 22 7.615773105863909
38 23 49.36598018878993
38 24 62.80127387243033
38 25 60.74537019394976
38 26 31.575306807693888
38 27 43.86342439892262
38 28 37.20215047547655
38 29 69.06518659932803
38 30 29.614185789921695
38 31 42.5440947723653
38 32 56.938563381947034
38 33 58.54912467321779
38 34 51.884487084291386
38 35 48.010415536631214
38 36 65.76473218982953
38 37 51.42956348249516
38 38 0.0
38 39 71.50524456289902
38 40 15.0
38 41 76.48529270389177
38 42 54.78138369920935
38 43 30.610455730027933
38 44 64.63745044476924
38 45 79.19595949289332
38 46 46.861498055439924
38 47 53.85164807134504
38 48 58.69412236331676
38 49 48.0
38 50 39.44616584663204
38 51 16.76305461424021
38 52 46.52956049652737
38 53 18.0
38 54 47.01063709417264
38 55 55.65968020030299
38 56 5.656854249492381
38 57 45.044422518220834
38 58 43.56604182158393
38 59 70.2922470831599
38 60 29.274562336608895
38 61 16.76305461424021
38 62 3.605551275463989
38 63 53.46026561849464
38 64 60.0
38 65 40.311288741492746
39 1 42.5205832509386
39 2 32.449961479175904
39 3 48.373546489791295
39 4 26.019223662515376
39 5 64.81512169239521
39 6 50.44799302251776
39 7 57.0087712549569
39 8 45.48626166217664
39 9 51.03920062069938
39 10 45.967379738244816
39 11 48.104053883222775
39 12 11.180339887498949
39 13 45.70557952810576
39 14 10.44030650891055
39 15 41.012193308819754
39 16 50.15974481593781
39 17 20.615528128088304
39 18 25.553864678361276
39 19 65.06919393998976
39 20 77.46612162745726
39 21 51.10772935672255
39 22 64.66065264130884
39 23 42.190046219457976
39 24 10.44030650891055
39 25 20.223748416156685
39 26 47.41307836451879
39 27 35.90264614203248
39 28 34.713109915419565
39 29 9.848857801796104
39 30 50.695167422546305
39 31 31.38470965295043
39 32 24.020824298928627
39 33 40.311288741492746
39 34 25.0
39 35 26.570660511172846
39 36 6.324555320336759
39 37 25.96150997149434
39 38 71.50524456289902
39 39 0.0
39 40 61.220911460055866
39 41 9.219544457292887
39 42 33.13608305156178
39 43 41.012193308819754
39 44 16.76305461424021
39 45 8.54400374531753
39 46 25.942243542145693
39 47 39.20459156782532
39 48 45.12205669071391
39 49 53.0
39 50 35.84689665786984
39 51 66.24198064671678
39 52 41.593268686170845
39 53 59.405386961116584
39 54 52.009614495783374
39 55 36.345563690772494
39 56 65.85590330410783
39 57 46.69047011971501
39 58 29.68164415931166
39 59 3.1622776601683795
39 60 50.11985634456667
39 61 64.63745044476924
39 62 72.47068372797375
39 63 41.0
39 64 17.0
39 65 33.28663395418648
40 1 18.867962264113206
40 2 29.0
40 3 43.174066289845804
40 4 48.507731342539614
40 5 15.264337522473747
40 6 16.0312195418814
40 7 30.886890422961002
40 8 16.401219466856727
40 9 19.4164878389476
40 10 16.15549442140351
40 11 13.92838827718412
40 12 72.20110802473879
40 13 40.607881008493905
40 14 58.180752831155424
40 15 49.09175083453431
40 16 29.120439557122072
40 17 51.31276644267
40 18 36.069377593742864
40 19 7.0710678118654755
40 20 22.02271554554524
40 21 22.80350850198276
40 22 13.892443989449804
40 23 34.52535300326414
40 24 51.66236541235796
40 25 54.08326913195984
40 26 17.08800749063506
40 27 40.11234224026316
40 28 26.627053911388696
40 29 57.3149195236284
40 30 30.364452901377952
40 31 30.4138126514911
40 32 50.96076922496363
40 33 43.73785545725808
40 34 39.20459156782532
40 35 41.10960958218893
40 36 56.0357029044876
40 37 38.600518131237564
40 38 15.0
40 39 61.220911460055866
40 40 0.0
40 41 67.4166151627327
40 42 51.24451190127583
40 43 21.02379604162864
40 44 57.38466694161429
40 45 69.40461079784254
40 46 39.0
40 47 52.009614495783374
40 48 58.309518948453004
40 49 50.28916384272063
40 50 34.36568055487916
40 51 25.612496949731394
40 52 31.78049716414141
40 53 3.0
40 54 49.040799340956916
40 55 53.03772242470448
40 56 11.704699910719626
40 57 30.066592756745816
40 58 31.827660925679098
40 59 59.54829972383762
40 60 14.560219778561036
40 61 5.0990195135927845
40 62 18.110770276274835
40 63 38.63935817272331
40 64 52.392747589718944
40 65 28.284271247461902
41 1 48.54894437575342
41 2 39.395431207184416
41 3 48.38388161361178
41 4 26.0
41 5 69.29646455628166
41 6 55.226805085936306
41 7 59.16924876994806
41 8 52.32590180780452
41 9 55.17245689653489
41 10 51.61395160225576
41 11 53.823786563191554
41 12 7.0710678118654755
41 13 46.238512086787566
41 14 10.0
41 15 39.81205847478876
41 16 52.69724850502159
41 17 29.832867780352597
41 18 32.89376840679705
41 19 70.60453243241541
41 20 82.02438661763951
41 21 54.67174773134658
41 22 69.31089380465383
41 23 51.03920062069938
41 24 19.026297590440446
41 25 18.973665961010276
41 26 54.78138369920935
41 27 37.12142238654117
41 28 40.8166632639171
41 29 18.973665961010276
41 30 53.0
41 31 38.62641583165593
41 32 23.40939982143925
41 33 49.49747468305833
41 34 33.37663853655727
41 35 29.206163733020468
41 36 11.704699910719626
41 37 34.36568055487916
41 38 76.48529270389177
41 39 9.219544457292887
41 40 67.4166151627327
41 41 0.0
41 42 31.575306807693888
41 43 46.61544808322666
41 44 14.560219778561036
41 45 5.0990195135927845
41 46 29.698484809834994
41 47 37.33630940518894
41 48 42.01190307520001
41 49 51.78802950489621
41 50 38.600518131237564
41 51 69.40461079784254
41 52 50.24937810560445
41 53 65.86349520030045
41 54 50.99019513592785
41 55 34.23448553724738
41 56 70.83784299369935
41 57 55.326304774492215
41 58 36.76955262170047
41 59 12.36931687685298
41 60 57.38466694161429
41 61 71.19691004531025
41 62 77.07788269017254
41 63 50.039984012787215
41 64 17.4928556845359
41 65 40.311288741492746
42 1 35.35533905932738
42 2 33.54101966249684
42 3 17.4928556845359
42 4 8.06225774829855
42 5 46.61544808322666
42 6 35.510561809129406
42 7 31.240998703626616
42 8 41.773197148410844
42 9 33.24154027718932
42 10 36.013886210738214
42 11 38.0
42 12 38.63935817272331
42 13 16.278820596099706
42 14 23.0
42 15 8.246211251235321
42 16 26.419689627245813
42 17 44.41846462902562
42 18 32.01562118716424
42 19 51.419840528729765
42 20 58.59180830116101
42 21 31.016124838541646
42 22 47.16990566028302
42 23 53.53503525729669
42 24 32.69556544854363
42 25 13.0
42 26 46.32493928760188
42 27 11.180339887498949
42 28 30.675723300355934
42 29 38.897300677553446
42 30 26.076809620810597
42 31 34.48187929913333
42 32 9.219544457292887
42 33 57.38466694161429
42 34 37.48332962798263
42 35 14.422205101855956
42 36 27.459060435491963
42 37 38.2099463490856
42 38 54.78138369920935
42 39 33.13608305156178
42 40 51.24451190127583
42 41 31.575306807693888
42 42 0.0
42 43 32.2490309931942
42 44 17.11724276862369
42 45 36.345563690772494
42 46 18.027756377319946
42 47 6.082762530298219
42 48 13.038404810405298
42 49 20.223748416156685
42 50 17.0
42 51 43.01162633521314
42 52 51.10772935672255
42 53 51.03920062069938
42 54 19.4164878389476
42 55 3.605551275463989
42 56 49.64876634922564
42 57 55.00909015790027
42 58 32.7566787083184
42 59 34.52535300326414
42 60 47.853944456021594
42 61 56.142675390472796
42 62 54.12947441089743
42 63 55.0
42 64 16.278820596099706
42 65 34.438350715445125
43 1 3.1622776601683795
43 2 11.180339887498949
43 3 29.832867780352597
43 4 28.160255680657446
43 5 24.596747752497688
43 6 10.44030650891055
43 7 25.298221281347036
43 8 9.848857801796104
43 9 13.0
43 10 5.0
43 11 7.211102550927978
43 12 51.73973328110612
43 13 26.40075756488817
43 14 37.21558813185679
43 15 32.31098884280702
43 16 19.235384061671343
43 17 35.17101079013795
43 18 17.46424919657298
43 19 24.08318915758459
43 20 36.89173349139343
43 21 15.297058540778355
43 22 24.186773244895647
43 23 28.178005607210743
43 24 32.202484376209235
43 25 33.24154027718932
43 26 14.7648230602334
43 27 21.840329667841555
43 28 6.708203932499369
43 29 38.58756276314948
43 30 20.591260281974
43 31 13.152946437965905
43 32 30.4138126514911
43 33 35.73513677041127
43 34 22.561028345356956
43 35 20.396078054371138
43 36 35.4682957019364
43 37 22.360679774997898
43 38 30.610455730027933
43 39 41.012193308819754
43 40 21.02379604162864
43 41 46.61544808322666
43 42 32.2490309931942
43 43 0.0
43 44 36.40054944640259
43 45 48.91829923454004
43 46 18.027756377319946
43 47 34.48187929913333
43 48 41.78516483155236
43 49 37.64306044943742
43 50 15.524174696260024
43 51 29.154759474226502
43 52 25.059928172283335
43 53 19.924858845171276
43 54 36.235341863986875
43 55 34.713109915419565
43 56 25.0
43 57 27.018512172212592
43 58 13.601470508735444
43 59 39.698866482558415
43 60 15.811388300841896
43 61 25.298221281347036
43 62 31.906112267087632
43 63 31.38470965295043
43 64 31.38470965295043
43 65 11.045361017187261
44 1 38.897300677553446
44 2 32.0624390837628
44 3 33.83784863137726
44 4 11.661903789690601
44 5 57.0087712549569
44 6 43.56604182158393
44 7 45.221676218380054
44 8 43.93176527297759
44 9 42.80186911806539
44 10 41.23105625617661
44 11 43.46262762420146
44 12 21.587033144922902
44 13 31.78049716414141
44 14 6.324555320336759
44 15 25.317977802344327
44 16 39.05124837953327
44 17 32.64965543462902
44 18 27.16615541441225
44 19 59.53990258641679
44 20 69.65629906907199
44 21 41.773197148410844
44 22 57.201398584300364
44 23 48.507731342539614
44 24 19.849433241279208
44 25 4.47213595499958
44 26 47.38143096192854
44 27 23.021728866442675
44 28 31.78049716414141
44 29 24.413111231467404
44 30 39.20459156782532
44 31 32.0
44 32 8.94427190999916
44 33 49.658836071740545
44 34 30.364452901377952
44 35 16.64331697709324
44 36 12.206555615733702
44 37 31.32091952673165
44 38 64.63745044476924
44 39 16.76305461424021
44 40 57.38466694161429
44 41 14.560219778561036
44 42 17.11724276862369
44 43 36.40054944640259
44 44 0.0
44 45 19.235384061671343
44 46 18.384776310850235
44 47 23.021728866442675
44 48 28.442925306655784
44 49 37.33630940518894
44 50 25.495097567963924
44 51 55.97320787662612
44 52 46.87216658103186
44 53 56.302753041036986
44 54 36.49657518178932
44 55 20.0
44 56 59.07622195096772
44 57 51.62363799656123
44 58 30.0
44 59 18.788294228055936
44 60 49.64876634922564
44 61 61.68468205316454
44 62 64.81512169239521
44 63 48.703182647543684
44 64 5.0990195135927845
44 65 33.06055050963308
45 1 50.60632371551998
45 2 40.8166632639171
45 3 52.88667128870941
45 4 30.364452901377952
45 5 72.24956747275377
45 6 58.0
45 7 63.06346010171025
45 8 53.85164807134504
45 9 58.25804665451803
45 10 53.907327887774215
45 11 56.08029957123981
45 12 2.8284271247461903
45 13 50.59644256269407
45 14 13.92838827718412
45 15 44.553338819890925
45 16 56.43580423808985
45 17 28.071337695236398
45 18 34.0
45 19 73.0
45 20 84.95881355103778
45 21 58.008620049092706
45 22 72.18032973047436
45 23 50.48762224545735
45 24 18.973665961010276
45 25 23.53720459187964
45 26 55.90169943749474
45 27 41.23105625617661
45 28 42.80186911806539
45 29 17.029386365926403
45 30 56.824290580701486
45 31 39.824615503479755
45 32 27.892651361962706
45 33 48.041648597857254
45 34 33.52610922848042
45 35 32.7566787083184
45 36 13.45362404707371
45 37 34.48187929913333
45 38 79.19595949289332
45 39 8.54400374531753
45 40 69.40461079784254
45 41 5.0990195135927845
45 42 36.345563690772494
45 43 48.91829923454004
45 44 19.235384061671343
45 45 0.0
45 46 32.802438933713454
45 47 42.190046219457976
45 48 47.042533945356304
45 49 56.568542494923804
45 50 42.190046219457976
45 51 72.94518489934754
45 52 50.00999900019995
45 53 67.67569726275453
45 54 55.731499172371095
45 55 39.11521443121589
45 56 73.53910524340094
45 57 55.10898293381942
45 58 38.07886552931954
45 59 11.180339887498949
45 60 58.59180830116101
45 61 72.94518489934754
45 62 79.98124780221924
45 63 49.09175083453431
45 64 21.540659228538015
45 65 41.677331968349414
46 1 20.615528128088304
46 2 15.811388300841896
46 3 25.709920264364882
46 4 11.40175425099138
46 5 39.59797974644666
46 6 25.612496949731394
46 7 31.32091952673165
46 8 26.076809620810597
46 9 25.495097567963924
46 10 22.847319317591726
46 11 25.079872407968907
46 12 35.608987629529715
46 13 22.360679774997898
46 14 19.849433241279208
46 15 22.20360331117452
46 16 24.351591323771842
46 17 29.120439557122072
46 18 14.142135623730951
46 19 41.340053217188775
46 20 52.32590180780452
46 21 25.238858928247925
46 22 39.6232255123179
46 23 35.510561809129406
46 24 20.09975124224178
46 25 15.297058540778355
46 26 30.01666203960727
46 27 12.649110640673518
46 28 14.0
46 29 27.16615541441225
46 30 25.0
46 31 16.55294535724685
46 32 13.038404810405298
46 33 39.59797974644666
46 34 20.0
46 35 3.605551275463989
46 36 19.72308292331602
46 37 20.615528128088304
46 38 46.861498055439924
46 39 25.942243542145693
46 40 39.0
46 41 29.698484809834994
46 42 18.027756377319946
46 43 18.027756377319946
46 44 18.384776310850235
46 45 32.802438933713454
46 46 0.0
46 47 22.627416997969522
46 48 30.4138126514911
46 49 32.31098884280702
46 50 10.198039027185569
46 51 40.311288741492746
46 52 33.12099032335839
46 53 37.94733192202055
46 54 31.016124838541646
46 55 21.400934559032695
46 56 41.23105625617661
46 57 37.16180835212409
46 58 14.7648230602334
46 59 25.632011235952593
46 60 32.01562118716424
46 61 43.32435804486894
46 62 47.38143096192854
46 63 37.013511046643494
46 64 13.416407864998739
46 65 16.76305461424021
47 1 37.64306044943742
47 2 37.44329045369811
47 3 13.45362404707371
47 4 13.92838827718412
47 5 45.60701700396552
47 6 36.0
47 7 28.653097563788805
47 8 44.27188724235731
47 9 33.13608305156178
47 10 37.656340767525464
47 11 39.45883931389772
47 12 44.40720662234904
47 13 13.416407864998739
47 14 29.017236257093817
47 15 3.605551275463989
47 16 25.0
47 17 50.11985634456667
47 18 36.76955262170047
47 19 51.35172830587107
47 20 57.0087712549569
47 21 30.4138126514911
47 22 46.32493928760188
47 23 57.8013840664737
47 24 38.62641583165593
47 25 19.026297590440446
47 26 49.040799340956916
47 27 12.649110640673518
47 28 34.0
47 29 44.9221548904324
47 30 24.351591323771842
47 31 38.600518131237564
47 32 15.297058540778355
47 33 62.22539674441618
47 34 42.5205832509386
47 35 19.1049731745428
47 36 33.54101966249684
47 37 43.18564576337837
47 38 53.85164807134504
47 39 39.20459156782532
47 40 52.009614495783374
47 41 37.33630940518894
47 42 6.082762530298219
47 43 34.48187929913333
47 44 23.021728866442675
47 45 42.190046219457976
47 46 22.627416997969522
47 47 0.0
47 48 7.810249675906654
47 49 14.560219778561036
47 50 18.973665961010276
47 51 40.70626487409524
47 52 55.21775076911409
47 53 52.15361924162119
47 54 13.92838827718412
47 55 3.1622776601683795
47 56 49.03060268852505
47 57 58.83026432033091
47 58 37.013511046643494
47 59 40.607881008493905
47 60 50.28916384272063
47 61 57.0350769263968
47 62 52.81098370604357
47 63 59.54829972383762
47 64 22.360679774997898
47 65 38.27531841800928
48 1 44.94441010848846
48 2 45.221676218380054
48 3 16.492422502470642
48 4 21.095023109728988
48 5 50.48762224545735
48 6 42.2965719651132
48 7 32.28002478313795
48 8 51.62363799656123
48 9 39.05124837953327
48 10 44.64302857109943
48 11 46.32493928760188
48 12 49.0
48 13 18.027756377319946
48 14 34.713109915419565
48 15 9.486832980505138
48 16 30.066592756745816
48 17 57.4543296888929
48 18 44.553338819890925
48 19 57.0087712549569
48 20 61.1310068623117
48 21 36.0
48 22 51.35172830587107
48 23 65.60487786742691
48 24 45.617978911828175
48 25 25.0
48 26 56.462376853972415
48 27 20.12461179749811
48 28 41.677331968349414
48 29 51.62363799656123
48 30 29.154759474226502
48 31 46.400431032480725
48 32 21.93171219946131
48 33 70.00714249274856
48 34 50.24937810560445
48 35 26.870057685088806
48 36 39.84971769034255
48 37 50.93132631298737
48 38 58.69412236331676
48 39 45.12205669071391
48 40 58.309518948453004
48 41 42.01190307520001
48 42 13.038404810405298
48 43 41.78516483155236
48 44 28.442925306655784
48 45 47.042533945356304
48 46 30.4138126514911
48 47 7.810249675906654
48 48 0.0
48 49 13.45362404707371
48 50 26.40075756488817
48 51 44.27188724235731
48 52 63.00793600809346
48 53 58.69412236331676
48 54 13.601470508735444
48 55 9.433981132056603
48 56 54.230987451824994
48 57 66.57326790837296
48 58 44.82186966202994
48 59 46.84015371452148
48 60 57.584720195551874
48 61 63.387695966961914
48 62 57.271284253105414
48 63 67.35725647619564
48 64 28.792360097775937
48 65 46.04345773288535
49 1 40.607881008493905
49 2 44.204072210600685
49 3 7.810249675906654
49 4 27.018512172212592
49 5 40.049968789001575
49 6 34.92849839314596
49 7 21.0
49 8 47.20169488482379
49 9 31.016124838541646
49 10 39.11521443121589
49 11 40.311288741492746
49 12 58.855755878248644
49 13 11.313708498984761
49 14 43.104524124504614
49 15 12.041594578792296
49 16 21.18962010041709
49 17 61.35144660071187
49 18 45.65084884205331
49 19 47.67598976424087
49 20 49.49747468305833
49 21 27.51363298439521
49 22 41.10960958218893
49 23 64.53681120105021
49 24 50.99019513592785
49 25 33.13608305156178
49 26 52.20153254455275
49 27 19.697715603592208
49 28 39.698866482558415
49 29 57.706152185014034
49 30 19.924858845171276
49 31 45.803929962395145
49 32 29.017236257093817
49 33 70.45565981523414
49 34 51.884487084291386
49 35 29.410882339705484
49 36 47.042533945356304
49 37 52.354560450833695
49 38 48.0
49 39 53.0
49 40 50.28916384272063
49 41 51.78802950489621
49 42 20.223748416156685
49 43 37.64306044943742
49 44 37.33630940518894
49 45 56.568542494923804
49 46 32.31098884280702
49 47 14.560219778561036
49 48 13.45362404707371
49 49 0.0
49 50 24.413111231467404
49 51 32.38826948140329
49 52 61.61980201201558
49 53 51.264022471905186
49 54 1.4142135623730951
49 55 17.72004514666935
49 56 44.181444068749045
49 57 64.35060217278468
49 58 44.654227123532216
49 59 54.08326913195984
49 60 52.69724850502159
49 61 55.362442142665635
49 62 46.09772228646444
49 63 67.00746227100382
49 64 36.0
49 65 44.82186966202994
50 1 18.681541692269406
50 2 19.849433241279208
50 3 17.0
50 4 14.7648230602334
50 5 31.622776601683793
50 6 18.973665961010276
50 7 21.18962010041709
50 8 25.298221281347036
50 9 17.4928556845359
50 10 19.026297590440446
50 11 21.0
50 12 44.94441010848846
50 13 13.416407864998739
50 14 28.600699292150182
50 15 17.0
50 16 14.317821063276353
50 17 38.47076812334269
50 18 21.540659228538015
50 19 35.11409973215888
50 20 44.204072210600685
50 21 16.278820596099706
50 22 31.906112267087632
50 23 40.311288741492746
50 24 30.265491900843113
50 25 21.400934559032695
50 26 30.083217912982647
50 27 6.324555320336759
50 28 15.620499351813308
50 29 37.33630940518894
50 30 14.866068747318506
50 31 21.400934559032695
50 32 17.4928556845359
50 33 46.04345773288535
50 34 27.85677655436824
50 35 9.433981132056603
50 36 29.546573405388315
50 37 28.231188426986208
50 38 39.44616584663204
50 39 35.84689665786984
50 40 34.36568055487916
50 41 38.600518131237564
50 42 17.0
50 43 15.524174696260024
50 44 25.495097567963924
50 45 42.190046219457976
50 46 10.198039027185569
50 47 18.973665961010276
50 48 26.40075756488817
50 49 24.413111231467404
50 50 0.0
50 51 30.805843601498726
50 52 37.48332962798263
50 53 34.058772731852805
50 54 23.021728866442675
50 55 19.235384061671343
50 56 34.0
50 57 40.607881008493905
50 58 20.248456731316587
50 59 35.73513677041127
50 60 31.32091952673165
50 61 39.20459156782532
50 62 39.408120990476064
50 63 42.638011210655684
50 64 21.2602916254693
50 65 20.518284528683193
51 1 30.0
51 2 40.311288741492746
51 3 27.85677655436824
51 4 44.553338819890925
51 5 10.63014581273465
51 6 19.0
51 7 12.083045973594572
51 8 33.54101966249684
51 9 16.278820596099706
51 10 26.019223662515376
51 11 25.179356624028344
51 12 75.71657678474378
51 13 27.294688127912362
51 14 59.405386961116584
51 15 37.12142238654117
51 16 16.97056274847714
51 17 64.13267497929586
51 18 46.09772228646444
51 19 19.849433241279208
51 20 17.11724276862369
51 21 15.231546211727817
51 22 12.041594578792296
51 23 54.91812087098393
51 24 59.23681287847955
51 25 51.66236541235796
51 26 37.36308338453881
51 27 33.24154027718932
51 28 35.510561809129406
51 29 66.12866246946176
51 30 17.029386365926403
51 31 42.2965719651132
51 32 47.38143096192854
51 33 63.50590523722971
51 34 51.62363799656123
51 35 40.22437072223753
51 36 60.03332407921454
51 37 51.478150704935004
51 38 16.76305461424021
51 39 66.24198064671678
51 40 25.612496949731394
51 41 69.40461079784254
51 42 43.01162633521314
51 43 29.154759474226502
51 44 55.97320787662612
51 45 72.94518489934754
51 46 40.311288741492746
51 47 40.70626487409524
51 48 44.27188724235731
51 49 32.38826948140329
51 50 30.805843601498726
51 51 0.0
51 52 51.78802950489621
51 53 28.0178514522438
51 54 31.575306807693888
51 55 43.04648650006177
51 56 15.0
51 57 51.92301994298868
51 58 42.579337712087536
51 59 65.7419196555744
51 60 36.05551275463989
51 61 29.698484809834994
51 62 14.142135623730951
51 63 58.69412236331676
51 64 52.009614495783374
51 65 40.19950248448356
52 1 22.847319317591726
52 2 17.804493814764857
52 3 53.907327887774215
52 4 44.28317965096906
52 5 44.01136216933077
52 6 33.24154027718932
52 7 50.15974481593781
52 8 18.24828759089466
52 9 37.0
52 10 26.248809496813376
52 11 26.68332812825267
52 12 52.392747589718944
52 13 50.32891812864648
52 14 44.10215414239989
52 15 54.037024344425184
52 16 44.294469180700204
52 17 24.186773244895647
52 18 19.924858845171276
52 19 38.47076812334269
52 20 53.600373133029585
52 21 39.92492955535426
52 22 43.0
52 23 3.1622776601683795
52 24 31.25699921617557
52 25 45.880278987817846
52 26 15.033296378372908
52 27 43.278170016764804
52 28 21.93171219946131
52 29 33.83784863137726
52 30 45.65084884205331
52 31 16.64331697709324
52 32 45.31004303683677
52 33 12.041594578792296
52 34 17.0
52 35 36.71511950137164
52 36 39.01281840626232
52 37 16.0
52 38 46.52956049652737
52 39 41.593268686170845
52 40 31.78049716414141
52 41 50.24937810560445
52 42 51.10772935672255
52 43 25.059928172283335
52 44 46.87216658103186
52 45 50.00999900019995
52 46 33.12099032335839
52 47 55.21775076911409
52 48 63.00793600809346
52 49 61.61980201201558
52 50 37.48332962798263
52 51 51.78802950489621
52 52 0.0
52 53 28.861739379323623
52 54 60.207972893961475
52 55 54.378304497290095
52 56 42.1070065428546
52 57 5.0990195135927845
52 58 18.35755975068582
52 59 38.8329756778952
52 60 17.26267650163207
52 61 32.31098884280702
52 62 49.25444142409901
52 63 7.0
52 64 42.20189569201838
52 65 17.029386365926403
53 1 17.46424919657298
53 2 27.018512172212592
53 3 43.965895873961216
53 4 47.853944456021594
53 5 17.88854381999832
53 6 16.492422502470642
53 7 32.449961479175904
53 8 14.142135623730951
53 9 20.248456731316587
53 10 15.297058540778355
53 11 13.152946437965905
53 12 70.45565981523414
53 13 41.23105625617661
53 14 56.79788728465171
53 15 49.36598018878993
53 16 30.083217912982647
53 17 48.82622246293481
53 18 34.058772731852805
53 19 10.04987562112089
53 20 25.019992006393608
53 21 23.769728648009426
53 22 16.55294535724685
53 23 31.575306807693888
53 24 49.678969393496885
53 25 53.16013544000805
53 26 14.317821063276353
53 27 40.0
53 28 25.059928172283335
53 29 55.154328932550705
53 30 31.38470965295043
53 31 28.319604517012593
53 32 50.21951811795888
53 33 40.792156108742276
53 34 36.87817782917155
53 35 40.26164427839479
53 36 54.378304497290095
53 37 36.235341863986875
53 38 18.0
53 39 59.405386961116584
53 40 3.0
53 41 65.86349520030045
53 42 51.03920062069938
53 43 19.924858845171276
53 44 56.302753041036986
53 45 67.67569726275453
53 46 37.94733192202055
53 47 52.15361924162119
53 48 58.69412236331676
53 49 51.264022471905186
53 50 34.058772731852805
53 51 28.0178514522438
53 52 28.861739379323623
53 53 0.0
53 54 49.9799959983992
53 55 53.009433122794285
53 56 14.560219778561036
53 57 27.073972741361768
53 58 29.832867780352597
53 59 57.62811813689564
53 60 11.704699910719626
53 61 5.385164807134504
53 62 21.095023109728988
53 63 35.6931365951495
53 64 51.264022471905186
53 65 26.248809496813376
54 1 39.20459156782532
54 2 42.80186911806539
54 3 6.4031242374328485
54 4 26.0
54 5 39.01281840626232
54 6 33.61547262794322
54 7 20.024984394500787
54 8 45.803929962395145
54 9 29.732137494637012
54 10 37.73592452822641
54 11 38.948684188300895
54 12 58.05170109479997
54 13 9.899494936611665
54 14 42.190046219457976
54 15 11.180339887498949
54 16 19.924858845171276
54 17 60.08327554319921
54 18 44.294469180700204
54 19 46.52956049652737
54 20 48.662100242385755
54 21 26.248809496813376
54 22 40.049968789001575
54 23 63.12685640834652
54 24 49.8196748283246
54 25 32.2490309931942
54 26 50.80354318352215
54 27 18.384776310850235
54 28 38.28837943815329
54 29 56.568542494923804
54 30 18.681541692269406
54 31 44.40720662234904
54 32 28.071337695236398
54 33 69.06518659932803
54 34 50.53711507397311
54 35 28.160255680657446
54 36 46.010868281309364
54 37 51.0
54 38 47.01063709417264
54 39 52.009614495783374
54 40 49.040799340956916
54 41 50.99019513592785
54 42 19.4164878389476
54 43 36.235341863986875
54 44 36.49657518178932
54 45 55.731499172371095
54 46 31.016124838541646
54 47 13.92838827718412
54 48 13.601470508735444
54 49 1.4142135623730951
54 50 23.021728866442675
54 51 31.575306807693888
54 52 60.207972893961475
54 53 49.9799959983992
54 54 0.0
54 55 17.08800749063506
54 56 43.104524124504614
54 57 62.93647591023825
54 58 43.266615305567875
54 59 53.03772242470448
54 60 51.31276644267
54 61 54.120236510939236
54 62 45.17742799230607
54 63 65.60487786742691
54 64 35.014282800023196
54 65 43.41658669218482
55 1 37.8549864614954
55 2 36.71511950137164
55 3 16.278820596099706
55 4 11.661903789690601
55 5 47.43416490252569
55 6 37.12142238654117
55 7 31.064449134018133
55 8 44.384682042344295
55 9 34.52535300326414
55 10 38.2099463490856
55 11 40.11234224026316
55 12 41.30375285612676
55 13 15.811388300841896
55 14 26.076809620810597
55 15 6.4031242374328485
55 16 26.92582403567252
55 17 48.02082881417188
55 18 35.4682957019364
55 19 52.773099207835045
55 20 59.09314681077663
55 21 32.01562118716424
55 22 48.08326112068523
55 23 56.859475903318
55 24 36.24913792078372
55 25 16.1245154965971
55 26 49.040799340956916
55 27 13.038404810405298
55 28 33.61547262794322
55 29 42.37924020083418
55 30 26.40075756488817
55 31 37.73592452822641
55 32 12.649110640673518
55 33 60.876925020897694
55 34 41.012193308819754
55 35 17.804493814764857
55 36 30.805843601498726
55 37 41.72529209005013
55 38 55.65968020030299
55 39 36.345563690772494
55 40 53.03772242470448
55 41 34.23448553724738
55 42 3.605551275463989
55 43 34.713109915419565
55 44 20.0
55 45 39.11521443121589
55 46 21.400934559032695
55 47 3.1622776601683795
55 48 9.433981132056603
55 49 17.72004514666935
55 50 19.235384061671343
55 51 43.04648650006177
55 52 54.378304497290095
55 53 53.009433122794285
55 54 17.08800749063506
55 55 0.0
55 56 50.695167422546305
55 57 58.180752831155424
55 58 36.05551275463989
55 59 37.8549864614954
55 60 50.44799302251776
55 61 58.008620049092706
55 62 54.78138369920935
55 63 58.412327466040935
55 64 19.6468827043885
55 65 37.589892258425
56 1 24.186773244895647
56 2 35.35533905932738
56 3 38.01315561749642
56 4 48.76474136094644
56 5 4.47213595499958
56 6 15.620499351813308
56 7 23.345235059857504
56 8 24.73863375370596
56 9 16.55294535724685
56 10 20.248456731316587
56 11 18.35755975068582
56 12 76.36753236814714
56 13 36.22154055254967
56 14 61.07372593840988
56 15 45.70557952810576
56 16 24.186773244895647
56 17 59.09314681077663
56 18 42.190046219457976
56 19 5.0
56 20 12.083045973594572
56 21 18.681541692269406
56 22 3.1622776601683795
56 23 45.044422518220834
56 24 57.201398584300364
56 25 55.226805085936306
56 26 27.073972741361768
56 27 38.62641583165593
56 28 31.622776601683793
56 29 63.51377803280167
56 30 25.079872407968907
56 31 37.12142238654117
56 32 51.478150704935004
56 33 54.147945482723536
56 34 46.51881339845203
56 35 42.43819034784589
56 36 60.108235708594876
56 37 46.09772228646444
56 38 5.656854249492381
56 39 65.85590330410783
56 40 11.704699910719626
56 41 70.83784299369935
56 42 49.64876634922564
56 43 25.0
56 44 59.07622195096772
56 45 73.53910524340094
56 46 41.23105625617661
56 47 49.03060268852505
56 48 54.230987451824994
56 49 44.181444068749045
56 50 34.0
56 51 15.0
56 52 42.1070065428546
56 53 14.560219778561036
56 54 43.104524124504614
56 55 50.695167422546305
56 56 0.0
56 57 41.048751503547585
56 58 38.07886552931954
56 59 64.66065264130884
56 60 25.0
56 61 15.0
56 62 7.280109889280518
56 63 49.09175083453431
56 64 54.405882034941776
56 65 34.88552708502482
57 1 24.413111231467404
57 2 21.470910553583888
57 3 56.568542494923804
57 4 48.46648326421054
57 5 43.41658669218482
57 6 34.0147027033899
57 7 51.478150704935004
57 8 18.788294228055936
57 9 38.01315561749642
57 10 27.294688127912362
57 11 27.313000567495326
57 12 57.48912940721924
57 13 53.03772242470448
57 14 49.040799340956916
57 15 57.42821606144492
57 16 46.04345773288535
57 17 29.068883707497267
57 18 24.515301344262525
57 19 37.013511046643494
57 20 52.08646657242167
57 21 41.182520563948
57 22 42.2965719651132
57 23 5.656854249492381
57 24 36.345563690772494
57 25 50.44799302251776
57 26 14.560219778561036
57 27 46.61544808322666
57 28 25.0
57 29 38.897300677553446
57 30 47.43416490252569
57 31 20.615528128088304
57 32 49.64876634922564
57 33 14.317821063276353
57 34 22.02271554554524
57 35 40.718546143004666
57 36 44.04543109109048
57 37 21.02379604162864
57 38 45.044422518220834
57 39 46.69047011971501
57 40 30.066592756745816
57 41 55.326304774492215
57 42 55.00909015790027
57 43 27.018512172212592
57 44 51.62363799656123
57 45 55.10898293381942
57 46 37.16180835212409
57 47 58.83026432033091
57 48 66.57326790837296
57 49 64.35060217278468
57 50 40.607881008493905
57 51 51.92301994298868
57 52 5.0990195135927845
57 53 27.073972741361768
57 54 62.93647591023825
57 55 58.180752831155424
57 56 41.048751503547585
57 57 0.0
57 58 22.47220505424423
57 59 43.93176527297759
57 60 16.1245154965971
57 61 29.832867780352597
57 62 48.0
57 63 9.433981132056603
57 64 46.87216658103186
57 65 20.591260281974
58 1 13.892443989449804
58 2 2.8284271247461903
58 3 37.21558813185679
58 4 26.0
58 5 38.07886552931954
58 6 24.041630560342615
58 7 37.21558813185679
58 8 15.811388300841896
58 9 26.30589287593181
58 10 17.88854381999832
58 11 19.72308292331602
58 12 40.8166632639171
58 13 33.61547262794322
58 14 28.635642126552707
58 15 36.069377593742864
58 16 30.4138126514911
58 17 21.587033144922902
58 18 4.242640687119285
58 19 36.40054944640259
58 20 50.11985634456667
58 21 28.0178514522438
58 22 37.57658845611187
58 23 20.808652046684813
58 24 19.849433241279208
58 25 28.284271247461902
58 26 18.027756377319946
58 27 25.495097567963924
58 28 7.0710678118654755
58 29 25.612496949731394
58 30 31.575306807693888
58 31 2.0
58 32 27.202941017470888
58 33 25.80697580112788
58 34 9.055385138137417
58 35 18.35755975068582
58 36 25.079872407968907
58 37 9.0
58 38 43.56604182158393
58 39 29.68164415931166
58 40 31.827660925679098
58 41 36.76955262170047
58 42 32.7566787083184
58 43 13.601470508735444
58 44 30.0
58 45 38.07886552931954
58 46 14.7648230602334
58 47 37.013511046643494
58 48 44.82186966202994
58 49 44.654227123532216
58 50 20.248456731316587
58 51 42.579337712087536
58 52 18.35755975068582
58 53 29.832867780352597
58 54 43.266615305567875
58 55 36.05551275463989
58 56 38.07886552931954
58 57 22.47220505424423
58 58 0.0
58 59 27.80287754891569
58 60 20.615528128088304
58 61 35.0
58 62 45.17742799230607
58 63 22.627416997969522
58 64 25.019992006393608
58 65 3.605551275463989
59 1 41.012193308819754
59 2 30.610455730027933
59 3 49.09175083453431
59 4 27.073972741361768
59 5 63.8200595424354
59 6 49.4064773081425
59 7 56.92099788303083
59 8 43.60045871318328
59 9 50.24937810560445
59 10 44.598206241955516
59 11 46.69047011971501
59 12 13.601470508735444
59 13 46.2709412050371
59 14 12.529964086141668
59 15 42.190046219457976
59 16 49.9799959983992
59 17 17.46424919657298
59 18 23.600847442411894
59 19 63.655321851358195
59 20 76.40026177965623
59 21 50.53711507397311
59 22 63.60031446463138
59 23 39.319206502675
59 24 8.06225774829855
59 25 21.840329667841555
59 26 45.27692569068709
59 27 36.345563690772494
59 28 33.24154027718932
59 29 6.708203932499369
59 30 50.59644256269407
59 31 29.410882339705484
59 32 25.317977802344327
59 33 37.21558813185679
59 34 22.47220505424423
59 35 26.68332812825267
59 36 7.0710678118654755
59 37 23.40939982143925
59 38 70.2922470831599
59 39 3.1622776601683795
59 40 59.54829972383762
59 41 12.36931687685298
59 42 34.52535300326414
59 43 39.698866482558415
59 44 18.788294228055936
59 45 11.180339887498949
59 46 25.632011235952593
59 47 40.607881008493905
59 48 46.84015371452148
59 49 54.08326913195984
59 50 35.73513677041127
59 51 65.7419196555744
59 52 38.8329756778952
59 53 57.62811813689564
59 54 53.03772242470448
59 55 37.8549864614954
59 56 64.66065264130884
59 57 43.93176527297759
59 58 27.80287754891569
59 59 0.0
59 60 48.02082881417188
59 61 62.80127387243033
59 62 71.40028011149536
59 63 38.01315561749642
59 64 18.24828759089466
59 65 31.400636936215164
60 1 12.649110640673518
60 2 18.027756377319946
60 3 44.94441010848846
60 4 43.04648650006177
60 5 27.294688127912362
60 6 19.209372712298546
60 7 37.013511046643494
60 8 6.082762530298219
60 9 23.430749027719962
60 10 13.601470508735444
60 11 12.727922061357855
60 12 61.29437168288782
60 13 41.677331968349414
60 14 49.040799340956916
60 15 48.104053883222775
60 16 32.55764119219941
60 17 37.64306044943742
60 18 24.596747752497688
60 19 21.213203435596427
60 20 36.345563690772494
60 21 26.90724809414742
60 22 26.1725046566048
60 23 20.09975124224178
60 24 39.96248240537617
60 25 47.16990566028302
60 26 2.8284271247461903
60 27 37.64306044943742
60 28 18.027756377319946
60 29 44.82186966202994
60 30 33.97057550292606
60 31 18.788294228055936
60 32 45.0
60 33 29.274562336608895
60 34 26.248809496813376
60 35 35.014282800023196
60 36 45.69463863518345
60 37 25.495097567963924
60 38 29.274562336608895
60 39 50.11985634456667
60 40 14.560219778561036
60 41 57.38466694161429
60 42 47.853944456021594
60 43 15.811388300841896
60 44 49.64876634922564
60 45 58.59180830116101
60 46 32.01562118716424
60 47 50.28916384272063
60 48 57.584720195551874
60 49 52.69724850502159
60 50 31.32091952673165
60 51 36.05551275463989
60 52 17.26267650163207
60 53 11.704699910719626
60 54 51.31276644267
60 55 50.44799302251776
60 56 25.0
60 57 16.1245154965971
60 58 20.615528128088304
60 59 48.02082881417188
60 60 0.0
60 61 15.811388300841896
60 62 32.0624390837628
60 63 24.186773244895647
60 64 44.553338819890925
60 65 17.08800749063506
61 1 22.847319317591726
61 2 32.202484376209235
61 3 48.27007354458868
61 4 53.150729063673246
61 5 19.1049731745428
61 6 21.095023109728988
61 7 35.77708763999664
61 8 19.209372712298546
61 9 24.515301344262525
61 10 20.615528128088304
61 11 18.439088914585774
61 12 75.71657678474378
61 13 45.70557952810576
61 14 62.16912416947821
61 15 54.147945482723536
61 16 34.20526275297414
61 17 53.41348144429457
61 18 39.20459156782532
61 19 10.0
61 20 23.345235059857504
61 21 27.892651361962706
61 22 17.69180601295413
61 23 34.785054261852174
61 24 54.817880294662984
61 25 58.52349955359813
61 26 18.601075237738275
61 27 45.044422518220834
61 28 30.4138126514911
61 29 60.14149981501958
61 30 35.4400902933387
61 31 33.421549934136806
61 32 55.54277630799526
61 33 43.965895873961216
61 34 41.72529209005013
61 35 45.60701700396552
61 36 59.682493245507096
61 37 41.036569057366385
61 38 16.76305461424021
61 39 64.63745044476924
61 40 5.0990195135927845
61 41 71.19691004531025
61 42 56.142675390472796
61 43 25.298221281347036
61 44 61.68468205316454
61 45 72.94518489934754
61 46 43.32435804486894
61 47 57.0350769263968
61 48 63.387695966961914
61 49 55.362442142665635
61 50 39.20459156782532
61 51 29.698484809834994
61 52 32.31098884280702
61 53 5.385164807134504
61 54 54.120236510939236
61 55 58.008620049092706
61 56 15.0
61 57 29.832867780352597
61 58 35.0
61 59 62.80127387243033
61 60 15.811388300841896
61 61 0.0
61 62 20.248456731316587
61 63 38.897300677553446
61 64 56.64803615307419
61 65 31.400636936215164
62 1 31.304951684997057
62 2 42.485291572496
62 3 40.792156108742276
62 4 54.08326913195984
62 5 7.810249675906654
62 6 22.02271554554524
62 7 25.179356624028344
62 8 32.01562118716424
62 9 22.02271554554524
62 10 27.294688127912362
62 11 25.495097567963924
62 12 82.80700453464067
62 13 39.56008088970496
62 14 67.20863039818622
62 15 49.33558553417604
62 16 27.85677655436824
62 17 66.30987860040162
62 18 49.24428900898052
62 19 11.045361017187261
62 20 5.0
62 21 23.323807579381203
62 22 7.810249675906654
62 23 52.15361924162119
62 24 64.07027391856539
62 25 60.802960454241045
62 26 34.23448553724738
62 27 43.41658669218482
62 28 38.58756276314948
62 29 70.49113419430843
62 30 28.460498941515414
62 31 44.28317965096906
62 32 56.859475903318
62 33 61.29437168288782
62 34 53.71219600798314
62 35 48.27007354458868
62 36 66.60330322138685
62 37 53.31041174104736
62 38 3.605551275463989
62 39 72.47068372797375
62 40 18.110770276274835
62 41 77.07788269017254
62 42 54.12947441089743
62 43 31.906112267087632
62 44 64.81512169239521
62 45 79.98124780221924
62 46 47.38143096192854
62 47 52.81098370604357
62 48 57.271284253105414
62 49 46.09772228646444
62 50 39.408120990476064
62 51 14.142135623730951
62 52 49.25444142409901
62 53 21.095023109728988
62 54 45.17742799230607
62 55 54.78138369920935
62 56 7.280109889280518
62 57 48.0
62 58 45.17742799230607
62 59 71.40028011149536
62 60 32.0624390837628
62 61 20.248456731316587
62 62 0.0
62 63 56.22277118748239
62 64 60.30754513325841
62 65 42.04759208325728
63 1 29.410882339705484
63 2 22.80350850198276
63 3 59.405386961116584
63 4 47.70744176750625
63 5 51.0098029794274
63 6 40.024992192379
63 7 56.64803615307419
63 8 25.179356624028344
63 9 43.68065933568311
63 10 32.984845004941285
63 11 33.54101966249684
63 12 51.24451190127583
63 13 55.80322571321482
63 14 45.12205669071391
63 15 58.69412236331676
63 16 50.566787519082126
63 17 21.587033144922902
63 18 23.021728866442675
63 19 45.39823785126467
63 20 60.530983801686226
63 21 46.486557196677836
63 22 50.0
63 23 4.123105625617661
63 24 31.144823004794873
63 25 48.33218389437829
63 26 22.02271554554524
63 27 48.104053883222775
63 28 27.459060435491963
63 29 32.2490309931942
63 30 51.894122981316485
63 31 21.2602916254693
63 32 48.373546489791295
63 33 5.0990195135927845
63 34 18.384776310850235
63 35 40.607881008493905
63 36 39.45883931389772
63 37 17.46424919657298
63 38 53.46026561849464
63 39 41.0
63 40 38.63935817272331
63 41 50.039984012787215
63 42 55.0
63 43 31.38470965295043
63 44 48.703182647543684
63 45 49.09175083453431
63 46 37.013511046643494
63 47 59.54829972383762
63 48 67.35725647619564
63 49 67.00746227100382
63 50 42.638011210655684
63 51 58.69412236331676
63 52 7.0
63 53 35.6931365951495
63 54 65.60487786742691
63 55 58.412327466040935
63 56 49.09175083453431
63 57 9.433981132056603
63 58 22.627416997969522
63 59 38.01315561749642
63 60 24.186773244895647
63 61 38.897300677553446
63 62 56.22277118748239
63 63 0.0
63 64 44.384682042344295
63 65 22.20360331117452
64 1 33.83784863137726
64 2 27.018512172212592
64 3 31.575306807693888
64 4 9.055385138137417
64 5 52.49761899362675
64 6 38.8329756778952
64 7 41.677331968349414
64 8 38.8329756778952
64 9 38.28837943815329
64 10 36.24913792078372
64 11 38.48376280978771
64 12 24.166091947189145
64 13 29.120439557122072
64 14 7.615773105863909
64 15 24.020824298928627
64 16 35.22782990761707
64 17 29.732137494637012
64 18 22.360679774997898
64 19 54.70831746635972
64 20 65.19202405202648
64 21 37.48332962798263
64 22 52.630789467763066
64 23 43.965895873961216
64 24 17.204650534085253
64 25 4.242640687119285
64 26 42.2965719651132
64 27 19.697715603592208
64 28 26.68332812825267
64 29 22.847319317591726
64 30 35.510561809129406
64 31 27.018512172212592
64 32 7.0710678118654755
64 33 45.65084884205331
64 34 26.0
64 35 12.041594578792296
64 36 11.180339887498949
64 37 26.92582403567252
64 38 60.0
64 39 17.0
64 40 52.392747589718944
64 41 17.4928556845359
64 42 16.278820596099706
64 43 31.38470965295043
64 44 5.0990195135927845
64 45 21.540659228538015
64 46 13.416407864998739
64 47 22.360679774997898
64 48 28.792360097775937
64 49 36.0
64 50 21.2602916254693
64 51 52.009614495783374
64 52 42.20189569201838
64 53 51.264022471905186
64 54 35.014282800023196
64 55 19.6468827043885
64 56 54.405882034941776
64 57 46.87216658103186
64 58 25.019992006393608
64 59 18.24828759089466
64 60 44.553338819890925
64 61 56.64803615307419
64 62 60.30754513325841
64 63 44.384682042344295
64 64 0.0
64 65 28.0178514522438
65 1 10.770329614269007
65 2 1.0
65 3 37.20215047547655
65 4 28.160255680657446
65 5 35.11409973215888
65 6 21.37755832643195
65 7 35.6931365951495
65 8 12.206555615733702
65 9 24.020824298928627
65 10 14.866068747318506
65 11 16.55294535724685
65 12 44.41846462902562
65 13 33.60059523282288
65 14 32.01562118716424
65 15 37.013511046643494
65 16 29.120439557122072
65 17 24.351591323771842
65 18 7.810249675906654
65 19 33.015148038438355
65 20 46.95742752749558
65 21 26.076809620810597
65 22 34.539832078341085
65 23 19.79898987322333
65 24 23.430749027719962
65 25 31.064449134018133
65 26 14.560219778561036
65 27 26.248809496813376
65 28 5.385164807134504
65 29 29.068883707497267
65 30 30.364452901377952
65 31 2.23606797749979
65 32 29.614185789921695
65 33 25.942243542145693
65 34 11.704699910719626
65 35 20.248456731316587
65 36 28.635642126552707
65 37 11.40175425099138
65 38 40.311288741492746
65 39 33.28663395418648
65 40 28.284271247461902
65 41 40.311288741492746
65 42 34.438350715445125
65 43 11.045361017187261
65 44 33.06055050963308
65 45 41.677331968349414
65 46 16.76305461424021
65 47 38.27531841800928
65 48 46.04345773288535
65 49 44.82186966202994
65 50 20.518284528683193
65 51 40.19950248448356
65 52 17.029386365926403
65 53 26.248809496813376
65 54 43.41658669218482
65 55 37.589892258425
65 56 34.88552708502482
65 57 20.591260281974
65 58 3.605551275463989
65 59 31.400636936215164
65 60 17.08800749063506
65 61 31.400636936215164
65 62 42.04759208325728
65 63 22.20360331117452
65 64 28.0178514522438
65 65 0.0
