1 1 -1
1 2 22
1 3 15
1 4 14
1 5 15
1 6 15
1 7 11
1 8 22
1 9 6
1 10 24
1 11 17
1 12 11
1 13 7
1 14 21
1 15 7
1 16 26
1 17 19
1 18 4
1 19 12
1 20 18
1 21 17
1 22 12
2 1 22
2 2 -1
2 3 14
2 4 16
2 5 6
2 6 15
2 7 14
2 8 9
2 9 16
2 10 2
2 11 11
2 12 12
2 13 15
2 14 3
2 15 15
2 16 4
2 17 13
2 18 20
2 19 13
2 20 11
2 21 12
2 22 12
3 1 15
3 2 14
3 3 -1
3 4 2
3 5 10
3 6 1
3 7 4
3 8 20
3 9 13
3 10 15
3 11 18
3 12 5
3 13 13
3 14 16
3 15 12
3 16 17
3 17 4
3 18 11
3 19 3
3 20 20
3 21 19
3 22 4
4 1 14
4 2 16
4 3 2
4 4 -1
4 5 12
4 6 1
4 7 4
4 8 22
4 9 13
4 10 17
4 11 19
4 12 5
4 13 14
4 14 18
4 15 12
4 16 19
4 17 5
4 18 10
4 19 4
4 20 21
4 21 21
4 22 5
5 1 15
5 2 6
5 3 10
5 4 12
5 5 -1
5 6 11
5 7 9
5 8 10
5 9 9
5 10 8
5 11 8
5 12 7
5 13 9
5 14 6
5 15 8
5 16 10
5 17 11
5 18 14
5 19 8
5 20 10
5 21 9
5 22 7
6 1 15
6 2 15
6 3 1
6 4 1
6 5 11
6 6 -1
6 7 4
6 8 21
6 9 13
6 10 16
6 11 19
6 12 5
6 13 14
6 14 17
6 15 13
6 16 18
6 17 4
6 18 11
6 19 4
6 20 21
6 21 20
6 22 5
7 1 11
7 2 14
7 3 4
7 4 4
7 5 9
7 6 4
7 7 -1
7 8 19
7 9 9
7 10 16
7 11 15
7 12 2
7 13 10
7 14 15
7 15 8
7 16 18
7 17 8
7 18 7
7 19 1
7 20 17
7 21 17
7 22 2
8 1 22
8 2 9
8 3 20
8 4 22
8 5 10
8 6 21
8 7 19
8 8 -1
8 9 15
8 10 10
8 11 5
8 12 17
8 13 14
8 14 5
8 15 15
8 16 11
8 17 21
8 18 22
8 19 18
8 20 4
8 21 5
8 22 17
9 1 6
9 2 16
9 3 13
9 4 13
9 5 9
9 6 13
9 7 9
9 8 15
9 9 -1
9 10 18
9 11 10
9 12 8
9 13 1
9 14 14
9 15 1
9 16 20
9 17 16
9 18 8
9 19 9
9 20 12
9 21 11
9 22 9
10 1 24
10 2 2
10 3 15
10 4 17
10 5 8
10 6 16
10 7 16
10 8 10
10 9 18
10 10 -1
10 11 13
10 12 14
10 13 17
10 14 5
10 15 17
10 16 2
10 17 14
10 18 22
10 19 14
10 20 13
10 21 14
10 22 13
11 1 17
11 2 11
11 3 18
11 4 19
11 5 8
11 6 19
11 7 15
11 8 5
11 9 10
11 10 13
11 11 -1
11 12 13
11 13 9
11 14 8
11 15 10
11 16 15
11 17 19
11 18 18
11 19 15
11 20 2
11 21 1
11 22 14
12 1 11
12 2 12
12 3 5
12 4 5
12 5 7
12 6 5
12 7 2
12 8 17
12 9 8
12 10 14
12 11 13
12 12 -1
12 13 8
12 14 13
12 15 7
12 16 16
12 17 8
12 18 8
12 19 1
12 20 15
12 21 15
12 22 1
13 1 7
13 2 15
13 3 13
13 4 14
13 5 9
13 6 14
13 7 10
13 8 14
13 9 1
13 10 17
13 11 9
13 12 8
13 13 -1
13 14 14
13 15 1
13 16 20
13 17 17
13 18 9
13 19 10
13 20 11
13 21 10
13 22 9
14 1 21
14 2 3
14 3 16
14 4 18
14 5 6
14 6 17
14 7 15
14 8 5
14 9 14
14 10 5
14 11 8
14 12 13
14 13 14
14 14 -1
14 15 14
14 16 7
14 17 15
14 18 20
14 19 14
14 20 8
14 21 9
14 22 13
15 1 7
15 2 15
15 3 12
15 4 12
15 5 8
15 6 13
15 7 8
15 8 15
15 9 1
15 10 17
15 11 10
15 12 7
15 13 1
15 14 14
15 15 -1
15 16 19
15 17 15
15 18 8
15 19 8
15 20 12
15 21 11
15 22 8
16 1 26
16 2 4
16 3 17
16 4 19
16 5 10
16 6 18
16 7 18
16 8 11
16 9 20
16 10 2
16 11 15
16 12 16
16 13 20
16 14 7
16 15 19
16 16 -1
16 17 15
16 18 24
16 19 16
16 20 15
16 21 16
16 22 15
17 1 19
17 2 13
17 3 4
17 4 5
17 5 11
17 6 4
17 7 8
17 8 21
17 9 16
17 10 14
17 11 19
17 12 8
17 13 17
17 14 15
17 15 15
17 16 15
17 17 -1
17 18 15
17 19 7
17 20 21
17 21 21
17 22 7
18 1 4
18 2 20
18 3 11
18 4 10
18 5 14
18 6 11
18 7 7
18 8 22
18 9 8
18 10 22
18 11 18
18 12 8
18 13 9
18 14 20
18 15 8
18 16 24
18 17 15
18 18 -1
18 19 8
18 20 20
18 21 19
18 22 9
19 1 12
19 2 13
19 3 3
19 4 4
19 5 8
19 6 4
19 7 1
19 8 18
19 9 9
19 10 14
19 11 15
19 12 1
19 13 10
19 14 14
19 15 8
19 16 16
19 17 7
19 18 8
19 19 -1
19 20 17
19 21 16
19 22 1
20 1 18
20 2 11
20 3 20
20 4 21
20 5 10
20 6 21
20 7 17
20 8 4
20 9 12
20 10 13
20 11 2
20 12 15
20 13 11
20 14 8
20 15 12
20 16 15
20 17 21
20 18 20
20 19 17
20 20 -1
20 21 1
20 22 16
21 1 17
21 2 12
21 3 19
21 4 21
21 5 9
21 6 20
21 7 17
21 8 5
21 9 11
21 10 14
21 11 1
21 12 15
21 13 10
21 14 9
21 15 11
21 16 16
21 17 21
21 18 19
21 19 16
21 20 1
21 21 -1
21 22 15
22 1 12
22 2 12
22 3 4
22 4 5
22 5 7
22 6 5
22 7 2
22 8 17
22 9 9
22 10 13
22 11 14
22 12 1
22 13 9
22 14 13
22 15 8
22 16 15
22 17 7
22 18 9
22 19 1
22 20 16
22 21 15
22 22 -1
