1 1 0.0
1 2 8.246211251235321
1 3 3.605551275463989
1 4 7.0710678118654755
1 5 7.211102550927978
1 6 3.1622776601683795
1 7 5.656854249492381
1 8 5.0
1 9 7.211102550927978
2 1 8.246211251235321
2 2 0.0
2 3 5.0
2 4 11.40175425099138
2 5 8.94427190999916
2 6 5.0990195135927845
2 7 7.211102550927978
2 8 6.4031242374328485
2 9 6.324555320336759
3 1 3.605551275463989
3 2 5.0
3 3 0.0
3 4 9.219544457292887
3 5 8.06225774829855
3 6 1.0
3 7 6.082762530298219
3 8 5.0990195135927845
3 9 6.708203932499369
4 1 7.0710678118654755
4 2 11.40175425099138
4 3 9.219544457292887
4 4 0.0
4 5 3.1622776601683795
4 6 8.246211251235321
4 7 4.242640687119285
4 8 5.0
4 9 5.830951894845301
5 1 7.211102550927978
5 2 8.94427190999916
5 3 8.06225774829855
5 4 3.1622776601683795
5 5 0.0
5 6 7.0710678118654755
5 7 2.0
5 8 3.0
5 9 2.8284271247461903
6 1 3.1622776601683795
6 2 5.0990195135927845
6 3 1.0
6 4 8.246211251235321
6 5 7.0710678118654755
6 6 0.0
6 7 5.0990195135927845
6 8 4.123105625617661
6 9 5.830951894845301
7 1 5.656854249492381
7 2 7.211102550927978
7 3 6.082762530298219
7 4 4.242640687119285
7 5 2.0
7 6 5.0990195135927845
7 7 0.0
7 8 1.0
7 9 2.0
8 1 5.0
8 2 6.4031242374328485
8 3 5.0990195135927845
8 4 5.0
8 5 3.0
8 6 4.123105625617661
8 7 1.0
8 8 0.0
8 9 2.23606797749979
9 1 7.211102550927978
9 2 6.324555320336759
9 3 6.708203932499369
9 4 5.830951894845301
9 5 2.8284271247461903
9 6 5.830951894845301
9 7 2.0
9 8 2.23606797749979
9 9 0.0
