1 1 -1
1 2 5
1 3 7
1 4 9
1 5 5
1 6 8
1 7 10
1 8 9
1 9 5
1 10 10
1 11 12
1 12 6
1 13 6
1 14 5
1 15 1
1 16 10
1 17 2
2 1 5
2 2 -1
2 3 2
2 4 12
2 5 6
2 6 5
2 7 9
2 8 6
2 9 7
2 10 5
2 11 13
2 12 9
2 13 10
2 14 8
2 15 6
2 16 7
2 17 5
3 1 7
3 2 2
3 3 -1
3 4 12
3 5 9
3 6 7
3 7 7
3 8 8
3 9 10
3 10 3
3 11 12
3 12 10
3 13 12
3 14 9
3 15 8
3 16 7
3 17 7
4 1 9
4 2 12
4 3 12
4 4 -1
4 5 15
4 6 17
4 7 8
4 8 18
4 9 14
4 10 16
4 11 3
4 12 3
4 13 5
4 14 4
4 15 10
4 16 19
4 17 12
5 1 5
5 2 6
5 3 9
5 4 15
5 5 -1
5 6 6
5 7 15
5 8 6
5 9 1
5 10 10
5 11 17
5 12 12
5 13 11
5 14 10
5 15 5
5 16 8
5 17 3
6 1 8
6 2 5
6 3 7
6 4 17
6 5 6
6 6 -1
6 7 14
6 8 1
6 9 7
6 10 5
6 11 18
6 12 14
6 13 15
6 14 13
6 15 9
6 16 2
6 17 7
7 1 10
7 2 9
7 3 7
7 4 8
7 5 15
7 6 14
7 7 -1
7 8 15
7 9 15
7 10 10
7 11 6
7 12 8
7 13 10
7 14 7
7 15 12
7 16 15
7 17 12
8 1 9
8 2 6
8 3 8
8 4 18
8 5 6
8 6 1
8 7 15
8 8 -1
8 9 7
8 10 6
8 11 19
8 12 15
8 13 15
8 14 14
8 15 9
8 16 2
8 17 7
9 1 5
9 2 7
9 3 10
9 4 14
9 5 1
9 6 7
9 7 15
9 8 7
9 9 -1
9 10 10
9 11 17
9 12 11
9 13 10
9 14 10
9 15 4
9 16 9
9 17 3
10 1 10
10 2 5
10 3 3
10 4 16
10 5 10
10 6 5
10 7 10
10 8 6
10 9 10
10 10 -1
10 11 16
10 12 13
10 13 15
10 14 12
10 15 11
10 16 5
10 17 9
11 1 12
11 2 13
11 3 12
11 4 3
11 5 17
11 6 18
11 7 6
11 8 19
11 9 17
11 10 16
11 11 -1
11 12 6
11 13 8
11 14 7
11 15 13
11 16 20
11 17 14
12 1 6
12 2 9
12 3 10
12 4 3
12 5 12
12 6 14
12 7 8
12 8 15
12 9 11
12 10 13
12 11 6
12 12 -1
12 13 2
12 14 1
12 15 7
12 16 16
12 17 8
13 1 6
13 2 10
13 3 12
13 4 5
13 5 11
13 6 15
13 7 10
13 8 15
13 9 10
13 10 15
13 11 8
13 12 2
13 13 -1
13 14 3
13 15 6
13 16 17
13 17 8
14 1 5
14 2 8
14 3 9
14 4 4
14 5 10
14 6 13
14 7 7
14 8 14
14 9 10
14 10 12
14 11 7
14 12 1
14 13 3
14 14 -1
14 15 6
14 16 15
14 17 7
15 1 1
15 2 6
15 3 8
15 4 10
15 5 5
15 6 9
15 7 12
15 8 9
15 9 4
15 10 11
15 11 13
15 12 7
15 13 6
15 14 6
15 15 -1
15 16 11
15 17 2
16 1 10
16 2 7
16 3 7
16 4 19
16 5 8
16 6 2
16 7 15
16 8 2
16 9 9
16 10 5
16 11 20
16 12 16
16 13 17
16 14 15
16 15 11
16 16 -1
16 17 9
17 1 2
17 2 5
17 3 7
17 4 12
17 5 3
17 6 7
17 7 12
17 8 7
17 9 3
17 10 9
17 11 14
17 12 8
17 13 8
17 14 7
17 15 2
17 16 9
17 17 -1
