1 1 34
1 2 31
1 3 76
1 4 88
1 5 37
1 6 58
1 7 93
1 8 67
1 9 98
1 10 24
1 11 95
1 12 71
1 13 66
1 14 84
1 15 62
1 16 81
1 17 1
1 18 14
1 19 90
1 20 56
1 21 19
1 22 84
1 23 97
1 24 97
1 25 86
1 26 56
1 27 97
1 28 58
1 29 24
1 30 95
1 31 55
1 32 95
1 33 58
1 34 54
1 35 96
1 36 82
1 37 80
1 38 12
1 39 87
1 40 71
2 1 91
2 2 29
2 3 89
2 4 59
2 5 37
2 6 79
2 7 39
2 8 13
2 9 54
2 10 79
2 11 44
2 12 18
2 13 31
2 14 48
2 15 30
2 16 33
2 17 5
2 18 36
2 19 30
2 20 73
2 21 10
2 22 97
2 23 27
2 24 13
2 25 69
2 26 58
2 27 77
2 28 26
2 29 80
2 30 12
2 31 38
2 32 40
2 33 69
2 34 70
2 35 99
2 36 78
2 37 83
2 38 71
2 39 57
2 40 81
3 1 10
3 2 31
3 3 69
3 4 93
3 5 61
3 6 27
3 7 26
3 8 93
3 9 79
3 10 95
3 11 85
3 12 70
3 13 10
3 14 9
3 15 85
3 16 5
3 17 51
3 18 85
3 19 6
3 20 67
3 21 66
3 22 43
3 23 86
3 24 16
3 25 46
3 26 40
3 27 62
3 28 100
3 29 65
3 30 89
3 31 8
3 32 1
3 33 82
3 34 20
3 35 53
3 36 58
3 37 97
3 38 75
3 39 83
3 40 57
4 1 91
4 2 75
4 3 48
4 4 42
4 5 77
4 6 88
4 7 34
4 8 54
4 9 65
4 10 9
4 11 86
4 12 8
4 13 55
4 14 1
4 15 33
4 16 42
4 17 11
4 18 26
4 19 8
4 20 63
4 21 43
4 22 11
4 23 38
4 24 2
4 25 72
4 26 2
4 27 57
4 28 60
4 29 51
4 30 50
4 31 3
4 32 64
4 33 34
4 34 25
4 35 46
4 36 28
4 37 20
4 38 58
4 39 88
4 40 46
5 1 23
5 2 86
5 3 30
5 4 30
5 5 90
5 6 8
5 7 48
5 8 11
5 9 19
5 10 53
5 11 62
5 12 50
5 13 96
5 14 46
5 15 93
5 16 94
5 17 57
5 18 68
5 19 99
5 20 34
5 21 80
5 22 89
5 23 65
5 24 94
5 25 28
5 26 24
5 27 29
5 28 13
5 29 9
5 30 50
5 31 27
5 32 67
5 33 82
5 34 4
5 35 20
5 36 38
5 37 71
5 38 32
5 39 63
5 40 22
6 1 30
6 2 55
6 3 77
6 4 50
6 5 13
6 6 28
6 7 94
6 8 89
6 9 5
6 10 39
6 11 58
6 12 60
6 13 8
6 14 65
6 15 89
6 16 1
6 17 82
6 18 17
6 19 14
6 20 58
6 21 78
6 22 48
6 23 61
6 24 15
6 25 48
6 26 44
6 27 55
6 28 52
6 29 55
6 30 59
6 31 17
6 32 14
6 33 87
6 34 67
6 35 12
6 36 15
6 37 77
6 38 14
6 39 6
6 40 70
7 1 60
7 2 13
7 3 25
7 4 23
7 5 96
7 6 80
7 7 56
7 8 20
7 9 9
7 10 9
7 11 62
7 12 33
7 13 42
7 14 76
7 15 15
7 16 83
7 17 4
7 18 44
7 19 50
7 20 81
7 21 93
7 22 8
7 23 27
7 24 46
7 25 65
7 26 42
7 27 19
7 28 95
7 29 13
7 30 10
7 31 17
7 32 73
7 33 82
7 34 88
7 35 85
7 36 17
7 37 72
7 38 55
7 39 81
7 40 84
8 1 94
8 2 79
8 3 16
8 4 65
8 5 6
8 6 61
8 7 15
8 8 44
8 9 29
8 10 3
8 11 77
8 12 72
8 13 76
8 14 61
8 15 27
8 16 5
8 17 92
8 18 53
8 19 98
8 20 76
8 21 100
8 22 68
8 23 71
8 24 29
8 25 91
8 26 62
8 27 69
8 28 55
8 29 48
8 30 10
8 31 92
8 32 30
8 33 44
8 34 17
8 35 50
8 36 47
8 37 5
8 38 59
8 39 28
8 40 71
9 1 57
9 2 2
9 3 1
9 4 15
9 5 24
9 6 54
9 7 53
9 8 63
9 9 28
9 10 38
9 11 45
9 12 37
9 13 83
9 14 95
9 15 94
9 16 28
9 17 77
9 18 95
9 19 34
9 20 81
9 21 30
9 22 60
9 23 58
9 24 87
9 25 84
9 26 26
9 27 47
9 28 86
9 29 53
9 30 6
9 31 13
9 32 56
9 33 57
9 34 80
9 35 18
9 36 19
9 37 38
9 38 74
9 39 79
9 40 9
10 1 38
10 2 72
10 3 40
10 4 28
10 5 58
10 6 23
10 7 53
10 8 53
10 9 62
10 10 27
10 11 59
10 12 54
10 13 38
10 14 29
10 15 18
10 16 73
10 17 76
10 18 55
10 19 87
10 20 89
10 21 25
10 22 13
10 23 78
10 24 95
10 25 61
10 26 41
10 27 57
10 28 65
10 29 30
10 30 74
10 31 93
10 32 39
10 33 93
10 34 54
10 35 83
10 36 68
10 37 37
10 38 86
10 39 75
10 40 73
11 1 35
11 2 94
11 3 33
11 4 41
11 5 22
11 6 68
11 7 84
11 8 83
11 9 41
11 10 51
11 11 79
11 12 96
11 13 63
11 14 79
11 15 37
11 16 98
11 17 14
11 18 61
11 19 5
11 20 16
11 21 6
11 22 89
11 23 94
11 24 2
11 25 52
11 26 63
11 27 28
11 28 56
11 29 74
11 30 12
11 31 54
11 32 58
11 33 27
11 34 93
11 35 95
11 36 77
11 37 86
11 38 83
11 39 44
11 40 5
12 1 54
12 2 50
12 3 31
12 4 5
12 5 4
12 6 26
12 7 11
12 8 28
12 9 91
12 10 55
12 11 48
12 12 99
12 13 55
12 14 20
12 15 36
12 16 97
12 17 84
12 18 63
12 19 68
12 20 93
12 21 58
12 22 14
12 23 71
12 24 39
12 25 33
12 26 95
12 27 58
12 28 24
12 29 98
12 30 86
12 31 73
12 32 77
12 33 91
12 34 99
12 35 91
12 36 39
12 37 93
12 38 79
12 39 86
12 40 34
13 1 35
13 2 53
13 3 18
13 4 64
13 5 52
13 6 88
13 7 38
13 8 15
13 9 36
13 10 82
13 11 75
13 12 94
13 13 91
13 14 65
13 15 20
13 16 75
13 17 94
13 18 89
13 19 76
13 20 84
13 21 29
13 22 14
13 23 36
13 24 87
13 25 45
13 26 48
13 27 95
13 28 66
13 29 25
13 30 37
13 31 20
13 32 68
13 33 56
13 34 78
13 35 15
13 36 69
13 37 52
13 38 74
13 39 5
13 40 90
14 1 39
14 2 92
14 3 75
14 4 59
14 5 25
14 6 60
14 7 29
14 8 83
14 9 21
14 10 52
14 11 26
14 12 57
14 13 36
14 14 98
14 15 98
14 16 87
14 17 16
14 18 59
14 19 39
14 20 1
14 21 64
14 22 73
14 23 8
14 24 46
14 25 61
14 26 63
14 27 3
14 28 34
14 29 3
14 30 69
14 31 26
14 32 24
14 33 81
14 34 69
14 35 91
14 36 94
14 37 20
14 38 46
14 39 90
14 40 9
15 1 37
15 2 22
15 3 41
15 4 14
15 5 59
15 6 25
15 7 20
15 8 98
15 9 71
15 10 6
15 11 35
15 12 16
15 13 61
15 14 36
15 15 86
15 16 4
15 17 91
15 18 36
15 19 56
15 20 24
15 21 51
15 22 86
15 23 12
15 24 88
15 25 54
15 26 71
15 27 89
15 28 93
15 29 18
15 30 44
15 31 17
15 32 28
15 33 45
15 34 53
15 35 11
15 36 4
15 37 69
15 38 20
15 39 73
15 40 59
16 1 64
16 2 2
16 3 25
16 4 13
16 5 41
16 6 94
16 7 18
16 8 8
16 9 53
16 10 3
16 11 18
16 12 35
16 13 10
16 14 37
16 15 17
16 16 76
16 17 13
16 18 66
16 19 6
16 20 18
16 21 87
16 22 57
16 23 44
16 24 74
16 25 28
16 26 80
16 27 21
16 28 95
16 29 16
16 30 33
16 31 100
16 32 57
16 33 26
16 34 68
16 35 9
16 36 58
16 37 59
16 38 83
16 39 35
16 40 17
17 1 75
17 2 55
17 3 81
17 4 44
17 5 88
17 6 7
17 7 16
17 8 66
17 9 24
17 10 79
17 11 86
17 12 22
17 13 39
17 14 9
17 15 93
17 16 33
17 17 82
17 18 99
17 19 56
17 20 58
17 21 4
17 22 74
17 23 82
17 24 59
17 25 78
17 26 95
17 27 38
17 28 91
17 29 58
17 30 95
17 31 64
17 32 26
17 33 71
17 34 78
17 35 76
17 36 40
17 37 84
17 38 14
17 39 51
17 40 75
18 1 12
18 2 77
18 3 6
18 4 46
18 5 4
18 6 19
18 7 34
18 8 9
18 9 40
18 10 1
18 11 33
18 12 39
18 13 53
18 14 55
18 15 17
18 16 7
18 17 40
18 18 74
18 19 61
18 20 41
18 21 9
18 22 85
18 23 43
18 24 80
18 25 73
18 26 3
18 27 74
18 28 19
18 29 40
18 30 60
18 31 74
18 32 29
18 33 75
18 34 91
18 35 18
18 36 31
18 37 64
18 38 69
18 39 32
18 40 29
19 1 43
19 2 34
19 3 84
19 4 4
19 5 72
19 6 100
19 7 61
19 8 74
19 9 38
19 10 36
19 11 64
19 12 69
19 13 64
19 14 68
19 15 63
19 16 19
19 17 15
19 18 62
19 19 54
19 20 40
19 21 38
19 22 96
19 23 5
19 24 16
19 25 90
19 26 78
19 27 55
19 28 62
19 29 13
19 30 90
19 31 59
19 32 77
19 33 32
19 34 42
19 35 95
19 36 68
19 37 89
19 38 6
19 39 10
19 40 70
20 1 78
20 2 20
20 3 100
20 4 67
20 5 58
20 6 19
20 7 84
20 8 40
20 9 32
20 10 31
20 11 57
20 12 53
20 13 69
20 14 44
20 15 91
20 16 48
20 17 92
20 18 28
20 19 21
20 20 59
20 21 79
20 22 90
20 23 87
20 24 63
20 25 78
20 26 88
20 27 4
20 28 33
20 29 26
20 30 96
20 31 92
20 32 40
20 33 13
20 34 42
20 35 37
20 36 75
20 37 83
20 38 41
20 39 49
20 40 12
21 1 10
21 2 93
21 3 96
21 4 91
21 5 2
21 6 93
21 7 24
21 8 99
21 9 6
21 10 80
21 11 25
21 12 43
21 13 17
21 14 57
21 15 47
21 16 30
21 17 89
21 18 90
21 19 12
21 20 9
21 21 91
21 22 42
21 23 21
21 24 96
21 25 45
21 26 71
21 27 91
21 28 91
21 29 93
21 30 20
21 31 13
21 32 62
21 33 83
21 34 33
21 35 64
21 36 12
21 37 57
21 38 52
21 39 55
21 40 30
22 1 44
22 2 87
22 3 19
22 4 97
22 5 75
22 6 63
22 7 75
22 8 14
22 9 58
22 10 54
22 11 2
22 12 50
22 13 24
22 14 88
22 15 78
22 16 6
22 17 85
22 18 64
22 19 54
22 20 10
22 21 90
22 22 1
22 23 46
22 24 42
22 25 80
22 26 49
22 27 81
22 28 2
22 29 72
22 30 8
22 31 54
22 32 33
22 33 56
22 34 50
22 35 56
22 36 24
22 37 45
22 38 83
22 39 71
22 40 83
23 1 24
23 2 72
23 3 36
23 4 16
23 5 99
23 6 22
23 7 6
23 8 20
23 9 35
23 10 77
23 11 8
23 12 63
23 13 35
23 14 85
23 15 54
23 16 27
23 17 5
23 18 30
23 19 45
23 20 30
23 21 67
23 22 5
23 23 65
23 24 81
23 25 13
23 26 88
23 27 50
23 28 89
23 29 8
23 30 80
23 31 84
23 32 40
23 33 43
23 34 83
23 35 77
23 36 26
23 37 36
23 38 8
23 39 1
23 40 58
24 1 6
24 2 90
24 3 84
24 4 20
24 5 13
24 6 92
24 7 65
24 8 81
24 9 63
24 10 35
24 11 98
24 12 3
24 13 54
24 14 66
24 15 53
24 16 25
24 17 65
24 18 25
24 19 40
24 20 7
24 21 92
24 22 45
24 23 97
24 24 87
24 25 72
24 26 19
24 27 2
24 28 19
24 29 59
24 30 27
24 31 85
24 32 38
24 33 56
24 34 90
24 35 50
24 36 25
24 37 87
24 38 16
24 39 80
24 40 4
25 1 95
25 2 38
25 3 36
25 4 2
25 5 90
25 6 33
25 7 51
25 8 33
25 9 14
25 10 81
25 11 7
25 12 91
25 13 97
25 14 76
25 15 95
25 16 38
25 17 14
25 18 20
25 19 8
25 20 81
25 21 12
25 22 43
25 23 4
25 24 79
25 25 67
25 26 40
25 27 83
25 28 29
25 29 80
25 30 49
25 31 17
25 32 77
25 33 14
25 34 15
25 35 32
25 36 56
25 37 79
25 38 87
25 39 8
25 40 16
26 1 73
26 2 99
26 3 33
26 4 72
26 5 75
26 6 54
26 7 46
26 8 32
26 9 75
26 10 96
26 11 96
26 12 53
26 13 57
26 14 27
26 15 90
26 16 47
26 17 33
26 18 91
26 19 72
26 20 3
26 21 62
26 22 27
26 23 81
26 24 86
26 25 86
26 26 13
26 27 41
26 28 15
26 29 7
26 30 80
26 31 82
26 32 50
26 33 31
26 34 55
26 35 42
26 36 98
26 37 49
26 38 82
26 39 22
26 40 33
27 1 95
27 2 18
27 3 39
27 4 4
27 5 92
27 6 68
27 7 38
27 8 16
27 9 26
27 10 67
27 11 27
27 12 78
27 13 6
27 14 99
27 15 22
27 16 90
27 17 90
27 18 18
27 19 41
27 20 30
27 21 91
27 22 95
27 23 5
27 24 43
27 25 48
27 26 87
27 27 69
27 28 29
27 29 66
27 30 60
27 31 34
27 32 26
27 33 74
27 34 77
27 35 99
27 36 99
27 37 79
27 38 78
27 39 55
27 40 59
28 1 18
28 2 43
28 3 47
28 4 26
28 5 83
28 6 64
28 7 54
28 8 90
28 9 15
28 10 22
28 11 80
28 12 64
28 13 8
28 14 80
28 15 36
28 16 46
28 17 35
28 18 83
28 19 64
28 20 15
28 21 7
28 22 89
28 23 64
28 24 30
28 25 10
28 26 29
28 27 37
28 28 31
28 29 100
28 30 96
28 31 21
28 32 71
28 33 21
28 34 59
28 35 14
28 36 23
28 37 40
28 38 57
28 39 65
28 40 39
29 1 53
29 2 38
29 3 30
29 4 77
29 5 78
29 6 70
29 7 1
29 8 25
29 9 25
29 10 84
29 11 74
29 12 46
29 13 47
29 14 45
29 15 99
29 16 97
29 17 35
29 18 70
29 19 85
29 20 8
29 21 50
29 22 78
29 23 21
29 24 19
29 25 53
29 26 91
29 27 16
29 28 50
29 29 20
29 30 30
29 31 69
29 32 5
29 33 12
29 34 9
29 35 57
29 36 65
29 37 40
29 38 27
29 39 1
29 40 82
30 1 93
30 2 19
30 3 89
30 4 26
30 5 15
30 6 74
30 7 81
30 8 46
30 9 31
30 10 75
30 11 31
30 12 84
30 13 60
30 14 21
30 15 76
30 16 71
30 17 27
30 18 84
30 19 15
30 20 90
30 21 83
30 22 76
30 23 18
30 24 70
30 25 69
30 26 92
30 27 11
30 28 74
30 29 71
30 30 60
30 31 46
30 32 42
30 33 81
30 34 21
30 35 74
30 36 70
30 37 11
30 38 22
30 39 64
30 40 85
31 1 40
31 2 86
31 3 75
31 4 95
31 5 50
31 6 13
31 7 57
31 8 32
31 9 62
31 10 24
31 11 71
31 12 51
31 13 42
31 14 9
31 15 95
31 16 64
31 17 73
31 18 81
31 19 59
31 20 14
31 21 71
31 22 58
31 23 33
31 24 49
31 25 65
31 26 71
31 27 81
31 28 54
31 29 54
31 30 59
31 31 40
31 32 22
31 33 57
31 34 46
31 35 4
31 36 82
31 37 64
31 38 10
31 39 22
31 40 41
32 1 1
32 2 24
32 3 98
32 4 7
32 5 27
32 6 10
32 7 91
32 8 72
32 9 2
32 10 23
32 11 4
32 12 73
32 13 39
32 14 82
32 15 5
32 16 19
32 17 44
32 18 56
32 19 46
32 20 75
32 21 33
32 22 34
32 23 5
32 24 98
32 25 100
32 26 4
32 27 83
32 28 34
32 29 61
32 30 65
32 31 18
32 32 64
32 33 27
32 34 81
32 35 58
32 36 29
32 37 26
32 38 34
32 39 56
32 40 70
33 1 42
33 2 92
33 3 86
33 4 52
33 5 15
33 6 86
33 7 31
33 8 72
33 9 28
33 10 85
33 11 48
33 12 73
33 13 16
33 14 83
33 15 99
33 16 62
33 17 26
33 18 46
33 19 86
33 20 16
33 21 15
33 22 46
33 23 75
33 24 80
33 25 90
33 26 38
33 27 79
33 28 15
33 29 13
33 30 22
33 31 46
33 32 51
33 33 58
33 34 38
33 35 28
33 36 100
33 37 33
33 38 16
33 39 4
33 40 98
34 1 77
34 2 83
34 3 65
34 4 56
34 5 66
34 6 44
34 7 85
34 8 69
34 9 34
34 10 23
34 11 24
34 12 93
34 13 28
34 14 68
34 15 54
34 16 49
34 17 32
34 18 95
34 19 54
34 20 75
34 21 57
34 22 15
34 23 45
34 24 97
34 25 23
34 26 59
34 27 99
34 28 90
34 29 34
34 30 31
34 31 17
34 32 48
34 33 26
34 34 38
34 35 22
34 36 39
34 37 88
34 38 20
34 39 1
34 40 65
35 1 51
35 2 47
35 3 16
35 4 58
35 5 47
35 6 56
35 7 75
35 8 52
35 9 68
35 10 35
35 11 1
35 12 98
35 13 35
35 14 19
35 15 76
35 16 98
35 17 33
35 18 51
35 19 86
35 20 99
35 21 8
35 22 66
35 23 6
35 24 50
35 25 70
35 26 29
35 27 56
35 28 14
35 29 10
35 30 88
35 31 75
35 32 84
35 33 13
35 34 9
35 35 45
35 36 80
35 37 74
35 38 26
35 39 81
35 40 58
36 1 28
36 2 73
36 3 13
36 4 41
36 5 47
36 6 29
36 7 29
36 8 2
36 9 46
36 10 53
36 11 36
36 12 22
36 13 96
36 14 28
36 15 30
36 16 56
36 17 1
36 18 15
36 19 83
36 20 13
36 21 94
36 22 86
36 23 31
36 24 31
36 25 73
36 26 87
36 27 46
36 28 12
36 29 53
36 30 13
36 31 78
36 32 30
36 33 59
36 34 7
36 35 6
36 36 55
36 37 44
36 38 7
36 39 8
36 40 80
37 1 64
37 2 39
37 3 58
37 4 35
37 5 26
37 6 22
37 7 60
37 8 95
37 9 77
37 10 3
37 11 63
37 12 97
37 13 29
37 14 43
37 15 97
37 16 45
37 17 90
37 18 59
37 19 50
37 20 69
37 21 65
37 22 68
37 23 78
37 24 83
37 25 59
37 26 55
37 27 77
37 28 39
37 29 41
37 30 64
37 31 23
37 32 83
37 33 13
37 34 14
37 35 41
37 36 83
37 37 7
37 38 58
37 39 89
37 40 54
38 1 75
38 2 42
38 3 83
38 4 93
38 5 90
38 6 60
38 7 55
38 8 90
38 9 76
38 10 11
38 11 81
38 12 71
38 13 14
38 14 70
38 15 9
38 16 22
38 17 30
38 18 92
38 19 85
38 20 5
38 21 52
38 22 30
38 23 11
38 24 80
38 25 43
38 26 2
38 27 62
38 28 67
38 29 9
38 30 6
38 31 78
38 32 74
38 33 67
38 34 14
38 35 85
38 36 97
38 37 77
38 38 75
38 39 78
38 40 23
39 1 55
39 2 24
39 3 27
39 4 44
39 5 84
39 6 32
39 7 36
39 8 43
39 9 97
39 10 23
39 11 59
39 12 17
39 13 94
39 14 56
39 15 79
39 16 81
39 17 11
39 18 75
39 19 12
39 20 1
39 21 100
39 22 97
39 23 68
39 24 71
39 25 12
39 26 61
39 27 1
39 28 58
39 29 50
39 30 52
39 31 5
39 32 61
39 33 13
39 34 45
39 35 92
39 36 42
39 37 35
39 38 14
39 39 70
39 40 80
40 1 74
40 2 26
40 3 74
40 4 25
40 5 22
40 6 45
40 7 38
40 8 14
40 9 76
40 10 58
40 11 35
40 12 17
40 13 34
40 14 14
40 15 73
40 16 88
40 17 14
40 18 80
40 19 2
40 20 17
40 21 17
40 22 50
40 23 83
40 24 26
40 25 78
40 26 22
40 27 21
40 28 52
40 29 56
40 30 24
40 31 79
40 32 45
40 33 80
40 34 20
40 35 94
40 36 51
40 37 72
40 38 23
40 39 95
40 40 22
