1 1 -1
1 2 5
1 3 7
1 4 2
1 5 8
1 6 2
1 7 6
1 8 10
1 9 11
1 10 3
1 11 8
1 12 5
1 13 8
1 14 8
2 1 5
2 2 -1
2 3 12
2 4 4
2 5 12
2 6 6
2 7 10
2 8 12
2 9 14
2 10 3
2 11 5
2 12 1
2 13 10
2 14 9
3 1 7
3 2 12
3 3 -1
3 4 8
3 5 5
3 6 5
3 7 5
3 8 8
3 9 8
3 10 10
3 11 14
3 12 12
3 13 8
3 14 9
4 1 2
4 2 4
4 3 8
4 4 -1
4 5 8
4 6 2
4 7 6
4 8 8
4 9 10
4 10 3
4 11 7
4 12 4
4 13 7
4 14 7
5 1 8
5 2 12
5 3 5
5 4 8
5 5 -1
5 6 6
5 7 2
5 8 3
5 9 3
5 10 11
5 11 13
5 12 12
5 13 3
5 14 5
6 1 2
6 2 6
6 3 5
6 4 2
6 5 6
6 6 -1
6 7 4
6 8 7
6 9 9
6 10 5
6 11 9
6 12 6
6 13 6
6 14 6
7 1 6
7 2 10
7 3 5
7 4 6
7 5 2
7 6 4
7 7 -1
7 8 3
7 9 5
7 10 9
7 11 11
7 12 10
7 13 3
7 14 4
8 1 10
8 2 12
8 3 8
8 4 8
8 5 3
8 6 7
8 7 3
8 8 -1
8 9 2
8 10 12
8 11 12
8 12 12
8 13 2
8 14 3
9 1 11
9 2 14
9 3 8
9 4 10
9 5 3
9 6 9
9 7 5
9 8 2
9 9 -1
9 10 14
9 11 14
9 12 14
9 13 4
9 14 5
10 1 3
10 2 3
10 3 10
10 4 3
10 5 11
10 6 5
10 7 9
10 8 12
10 9 14
10 10 -1
10 11 8
10 12 4
10 13 10
10 14 10
11 1 8
11 2 5
11 3 14
11 4 7
11 5 13
11 6 9
11 7 11
11 8 12
11 9 14
11 10 8
11 11 -1
11 12 4
11 13 10
11 14 9
12 1 5
12 2 1
12 3 12
12 4 4
12 5 12
12 6 6
12 7 10
12 8 12
12 9 14
12 10 4
12 11 4
12 12 -1
12 13 10
12 14 9
13 1 8
13 2 10
13 3 8
13 4 7
13 5 3
13 6 6
13 7 3
13 8 2
13 9 4
13 10 10
13 11 10
13 12 10
13 13 -1
13 14 1
14 1 8
14 2 9
14 3 9
14 4 7
14 5 5
14 6 6
14 7 4
14 8 3
14 9 5
14 10 10
14 11 9
14 12 9
14 13 1
14 14 -1
