1 1 -1
1 2 17
1 3 22
1 4 52
1 5 49
1 6 24
1 7 72
1 8 36
1 9 42
1 10 16
1 11 45
1 12 60
1 13 53
1 14 28
1 15 37
1 16 21
1 17 42
1 18 4
1 19 52
1 20 19
1 21 21
1 22 11
1 23 8
1 24 35
1 25 42
1 26 50
1 27 24
1 28 9
1 29 61
1 30 31
1 31 38
1 32 49
1 33 32
1 34 49
1 35 24
1 36 10
1 37 46
1 38 56
1 39 55
1 40 12
1 41 32
1 42 48
1 43 5
1 44 39
1 45 70
1 46 13
1 47 5
1 48 68
1 49 44
1 50 45
1 51 7
1 52 26
1 53 24
1 54 32
1 55 14
1 56 6
1 57 26
1 58 15
1 59 20
1 60 13
1 61 17
1 62 62
1 63 58
1 64 39
1 65 17
1 66 44
1 67 54
1 68 42
1 69 32
1 70 57
2 1 17
2 2 -1
2 3 40
2 4 53
2 5 46
2 6 40
2 7 79
2 8 30
2 9 38
2 10 24
2 11 42
2 12 69
2 13 64
2 14 39
2 15 55
2 16 11
2 17 59
2 18 21
2 19 50
2 20 23
2 21 22
2 22 23
2 23 13
2 24 34
2 25 37
2 26 57
2 27 41
2 28 16
2 29 72
2 30 21
2 31 54
2 32 42
2 33 43
2 34 60
2 35 35
2 36 18
2 37 55
2 38 66
2 39 70
2 40 25
2 41 41
2 42 63
2 43 17
2 44 41
2 45 77
2 46 27
2 47 22
2 48 75
2 49 60
2 50 38
2 51 22
2 52 18
2 53 29
2 54 47
2 55 18
2 56 13
2 57 25
2 58 17
2 59 36
2 60 31
2 61 24
2 62 64
2 63 71
2 64 33
2 65 25
2 66 51
2 67 52
2 68 59
2 69 27
2 70 48
3 1 22
3 2 40
3 3 -1
3 4 60
3 5 62
3 6 15
3 7 70
3 8 53
3 9 56
3 10 28
3 11 58
3 12 59
3 13 47
3 14 30
3 15 18
3 16 42
3 17 24
3 18 18
3 19 64
3 20 34
3 21 37
3 22 21
3 23 28
3 24 49
3 25 57
3 26 52
3 27 9
3 28 28
3 29 55
3 30 50
3 31 26
3 32 65
3 33 31
3 34 45
3 35 28
3 36 27
3 37 45
3 38 52
3 39 43
3 40 20
3 41 35
3 42 35
3 43 24
3 44 48
3 45 70
3 46 18
3 47 17
3 48 68
3 49 30
3 50 61
3 51 18
3 52 46
3 53 36
3 54 25
3 55 31
3 56 27
3 57 41
3 58 31
3 59 16
3 60 9
3 61 30
3 62 69
3 63 50
3 64 55
3 65 29
3 66 47
3 67 66
3 68 24
3 69 49
3 70 74
4 1 52
4 2 53
4 3 60
4 4 -1
4 5 15
4 6 45
4 7 31
4 8 26
4 9 18
4 10 36
4 11 15
4 12 25
4 13 33
4 14 30
4 15 58
4 16 43
4 17 56
4 18 51
4 19 11
4 20 32
4 21 32
4 22 62
4 23 58
4 24 19
4 25 21
4 26 15
4 27 52
4 28 43
4 29 35
4 30 36
4 31 44
4 32 26
4 33 29
4 34 29
4 35 32
4 36 42
4 37 22
4 38 30
4 39 48
4 40 63
4 41 25
4 42 46
4 43 47
4 44 13
4 45 28
4 46 63
4 47 51
4 48 26
4 49 49
4 50 24
4 51 58
4 52 37
4 53 27
4 54 39
4 55 38
4 56 55
4 57 28
4 58 65
4 59 44
4 60 54
4 61 34
4 62 10
4 63 40
4 64 25
4 65 35
4 66 16
4 67 11
4 68 57
4 69 28
4 70 32
5 1 49
5 2 46
5 3 62
5 4 15
5 5 -1
5 6 49
5 7 46
5 8 15
5 9 7
5 10 35
5 11 4
5 12 40
5 13 46
5 14 35
5 15 65
5 16 34
5 17 64
5 18 50
5 19 5
5 20 30
5 21 28
5 22 60
5 23 53
5 24 14
5 25 9
5 26 28
5 27 56
5 28 40
5 29 49
5 30 25
5 31 53
5 32 11
5 33 36
5 34 41
5 35 35
5 36 39
5 37 34
5 38 44
5 39 60
5 40 61
5 41 31
5 42 57
5 43 44
5 44 16
5 45 43
5 46 62
5 47 50
5 48 41
5 49 58
5 50 9
5 51 56
5 52 27
5 53 26
5 54 46
5 55 35
5 56 51
5 57 23
5 58 60
5 59 47
5 60 55
5 61 33
5 62 22
5 63 53
5 64 13
5 65 34
5 66 28
5 67 7
5 68 65
5 69 18
5 70 18
6 1 24
6 2 40
6 3 15
6 4 45
6 5 49
6 6 -1
6 7 55
6 8 43
6 9 44
6 10 19
6 11 46
6 12 43
6 13 32
6 14 15
6 15 17
6 16 38
6 17 19
6 18 20
6 19 51
6 20 24
6 21 28
6 22 29
6 23 32
6 24 37
6 25 46
6 26 36
6 27 7
6 28 24
6 29 40
6 30 43
6 31 14
6 32 54
6 33 16
6 34 30
6 35 13
6 36 23
6 37 29
6 38 37
6 39 31
6 40 29
6 41 20
6 42 24
6 43 23
6 44 34
6 45 54
6 46 28
6 47 19
6 48 52
6 49 20
6 50 50
6 51 25
6 52 39
6 53 25
6 54 9
6 55 24
6 56 30
6 57 31
6 58 37
6 59 4
6 60 15
6 61 21
6 62 54
6 63 36
6 64 45
6 65 20
6 66 31
6 67 52
6 68 19
6 69 39
6 70 64
7 1 72
7 2 79
7 3 70
7 4 31
7 5 46
7 6 55
7 7 -1
7 8 57
7 9 48
7 10 56
7 11 46
7 12 11
7 13 24
7 14 43
7 15 60
7 16 70
7 17 55
7 18 70
7 19 42
7 20 56
7 21 57
7 22 81
7 23 79
7 24 48
7 25 52
7 26 22
7 27 61
7 28 66
7 29 19
7 30 65
7 31 45
7 32 57
7 33 40
7 34 25
7 35 47
7 36 63
7 37 26
7 38 18
7 39 37
7 40 81
7 41 39
7 42 41
7 43 67
7 44 39
7 45 3
7 46 81
7 47 69
7 48 5
7 49 46
7 50 55
7 51 76
7 52 65
7 53 50
7 54 45
7 55 61
7 56 77
7 57 55
7 58 87
7 59 56
7 60 69
7 61 56
7 62 25
7 63 26
7 64 56
7 65 56
7 66 27
7 67 41
7 68 56
7 69 57
7 70 63
8 1 36
8 2 30
8 3 53
8 4 26
8 5 15
8 6 43
8 7 57
8 8 -1
8 9 9
8 10 25
8 11 12
8 12 49
8 13 50
8 14 31
8 15 60
8 16 19
8 17 60
8 18 37
8 19 20
8 20 19
8 21 16
8 22 47
8 23 39
8 24 9
8 25 6
8 26 36
8 27 48
8 28 27
8 29 56
8 30 9
8 31 51
8 32 13
8 33 34
8 34 45
8 35 30
8 36 26
8 37 38
8 38 50
8 39 62
8 40 48
8 41 29
8 42 57
8 43 31
8 44 19
8 45 54
8 46 49
8 47 38
8 48 52
8 49 57
8 50 9
8 51 43
8 52 12
8 53 18
8 54 43
8 55 22
8 56 37
8 57 11
8 58 45
8 59 40
8 60 44
8 61 22
8 62 36
8 63 58
8 64 3
8 65 24
8 66 33
8 67 22
8 68 61
8 69 4
8 70 21
9 1 42
9 2 38
9 3 56
9 4 18
9 5 7
9 6 44
9 7 48
9 8 9
9 9 -1
9 10 28
9 11 3
9 12 42
9 13 45
9 14 30
9 15 60
9 16 27
9 17 60
9 18 43
9 19 11
9 20 23
9 21 21
9 22 53
9 23 46
9 24 7
9 25 4
9 26 29
9 27 50
9 28 33
9 29 50
9 30 19
9 31 49
9 32 11
9 33 32
9 34 40
9 35 30
9 36 32
9 37 32
9 38 43
9 39 58
9 40 54
9 41 27
9 42 54
9 43 37
9 44 13
9 45 46
9 46 55
9 47 43
9 48 43
9 49 55
9 50 7
9 51 49
9 52 20
9 53 19
9 54 42
9 55 28
9 56 43
9 57 16
9 58 53
9 59 41
9 60 48
9 61 26
9 62 27
9 63 52
9 64 7
9 65 27
9 66 27
9 67 13
9 68 61
9 69 11
9 70 20
10 1 16
10 2 24
10 3 28
10 4 36
10 5 35
10 6 19
10 7 56
10 8 25
10 9 28
10 10 -1
10 11 31
10 12 45
10 13 40
10 14 14
10 15 36
10 16 19
10 17 38
10 18 15
10 19 38
10 20 5
10 21 9
10 22 26
10 23 23
10 24 21
10 25 29
10 26 34
10 27 24
10 28 9
10 29 47
10 30 24
10 31 30
10 32 37
10 33 18
10 34 35
10 35 11
10 36 7
10 37 31
10 38 42
10 39 46
10 40 27
10 41 17
10 42 39
10 43 11
10 44 23
10 45 55
10 46 27
10 47 15
10 48 53
10 49 37
10 50 33
10 51 22
10 52 20
10 53 9
10 54 23
10 55 6
10 56 20
10 57 13
10 58 30
10 59 15
10 60 20
10 61 2
10 62 46
10 63 46
10 64 27
10 65 1
10 66 29
10 67 40
10 68 38
10 69 21
10 70 46
11 1 45
11 2 42
11 3 58
11 4 15
11 5 4
11 6 46
11 7 46
11 8 12
11 9 3
11 10 31
11 11 -1
11 12 40
11 13 44
11 14 31
11 15 61
11 16 31
11 17 61
11 18 46
11 19 8
11 20 26
11 21 24
11 22 56
11 23 49
11 24 10
11 25 6
11 26 27
11 27 52
11 28 36
11 29 48
11 30 22
11 31 50
11 32 11
11 33 33
11 34 39
11 35 32
11 36 35
11 37 32
11 38 42
11 39 57
11 40 57
11 41 28
11 42 54
11 43 40
11 44 13
11 45 43
11 46 58
11 47 46
11 48 41
11 49 55
11 50 9
11 51 52
11 52 24
11 53 22
11 54 43
11 55 31
11 56 47
11 57 19
11 58 56
11 59 43
11 60 51
11 61 29
11 62 24
11 63 52
11 64 10
11 65 30
11 66 26
11 67 10
11 68 62
11 69 15
11 70 20
12 1 60
12 2 69
12 3 59
12 4 25
12 5 40
12 6 43
12 7 11
12 8 49
12 9 42
12 10 45
12 11 40
12 12 -1
12 13 14
12 14 32
12 15 49
12 16 60
12 17 45
12 18 58
12 19 37
12 20 45
12 21 47
12 22 70
12 23 68
12 24 40
12 25 46
12 26 13
12 27 49
12 28 55
12 29 11
12 30 57
12 31 34
12 32 51
12 33 29
12 34 13
12 35 36
12 36 53
12 37 14
12 38 8
12 39 28
12 40 70
12 41 28
12 42 31
12 43 56
12 44 30
12 45 11
12 46 69
12 47 58
12 48 10
12 49 36
12 50 49
12 51 65
12 52 56
12 53 40
12 54 34
12 55 50
12 56 66
12 57 45
12 58 75
12 59 44
12 60 57
12 61 45
12 62 24
12 63 17
12 64 49
12 65 45
12 66 17
12 67 37
12 68 46
12 69 48
12 70 58
13 1 53
13 2 64
13 3 47
13 4 33
13 5 46
13 6 32
13 7 24
13 8 50
13 9 45
13 10 40
13 11 44
13 12 14
13 13 -1
13 14 25
13 15 36
13 16 57
13 17 31
13 18 50
13 19 44
13 20 41
13 21 44
13 22 61
13 23 61
13 24 41
13 25 49
13 26 18
13 27 38
13 28 49
13 29 7
13 30 57
13 31 21
13 32 56
13 33 21
13 34 5
13 35 29
13 36 47
13 37 12
13 38 6
13 39 15
13 40 61
13 41 23
13 42 17
13 43 50
13 44 32
13 45 25
13 46 60
13 47 49
13 48 24
13 49 22
13 50 53
13 51 56
13 52 55
13 53 37
13 54 22
13 55 45
13 56 59
13 57 44
13 58 68
13 59 34
13 60 47
13 61 40
13 62 36
13 63 7
13 64 51
13 65 39
13 66 18
13 67 45
13 68 32
13 69 49
13 70 64
14 1 28
14 2 39
14 3 30
14 4 30
14 5 35
14 6 15
14 7 43
14 8 31
14 9 30
14 10 14
14 11 31
14 12 32
14 13 25
14 14 -1
14 15 30
14 16 33
14 17 29
14 18 26
14 19 36
14 20 17
14 21 20
14 22 37
14 23 36
14 24 24
14 25 33
14 26 23
14 27 22
14 28 23
14 29 33
14 30 34
14 31 19
14 32 41
14 33 4
14 34 21
14 35 3
14 36 21
14 37 17
14 38 28
14 39 32
14 40 37
14 41 5
14 42 26
14 43 24
14 44 19
14 45 42
14 46 37
14 47 25
14 48 40
14 49 25
14 50 37
14 51 32
14 52 31
14 53 13
14 54 12
14 55 20
14 56 33
14 57 21
14 58 43
14 59 14
14 60 26
14 61 15
14 62 39
14 63 31
14 64 33
14 65 14
14 66 17
14 67 37
14 68 30
14 69 28
14 70 50
15 1 37
15 2 55
15 3 18
15 4 58
15 5 65
15 6 17
15 7 60
15 8 60
15 9 60
15 10 36
15 11 61
15 12 49
15 13 36
15 14 30
15 15 -1
15 16 54
15 17 6
15 18 33
15 19 66
15 20 41
15 21 45
15 22 39
15 23 45
15 24 53
15 25 62
15 26 47
15 27 13
15 28 40
15 29 42
15 30 60
15 31 15
15 32 71
15 33 29
15 34 36
15 35 30
15 36 39
15 37 39
15 38 41
15 39 27
15 40 38
15 41 34
15 42 20
15 43 38
15 44 49
15 45 61
15 46 36
15 47 32
15 48 59
15 49 14
15 50 67
15 51 36
15 52 56
15 53 41
15 54 18
15 55 41
15 56 43
15 57 48
15 58 49
15 59 20
15 60 25
15 61 38
15 62 65
15 63 36
15 64 62
15 65 37
15 66 42
15 67 67
15 68 5
15 69 56
15 70 80
16 1 21
16 2 11
16 3 42
16 4 43
16 5 34
16 6 38
16 7 70
16 8 19
16 9 27
16 10 19
16 11 31
16 12 60
16 13 57
16 14 33
16 15 54
16 16 -1
16 17 57
16 18 24
16 19 39
16 20 16
16 21 13
16 22 30
16 23 21
16 24 23
16 25 26
16 26 47
16 27 41
16 28 14
16 29 64
16 30 11
16 31 50
16 32 31
16 33 37
16 34 52
16 35 30
16 36 15
16 37 46
16 38 58
16 39 65
16 40 31
16 41 34
16 42 58
16 43 17
16 44 31
16 45 68
16 46 33
16 47 24
16 48 65
16 49 56
16 50 27
16 51 27
16 52 7
16 53 20
16 54 42
16 55 13
16 56 19
16 57 15
16 58 27
16 59 34
16 60 33
16 61 18
16 62 53
16 63 64
16 64 22
16 65 19
16 66 43
16 67 41
16 68 57
16 69 16
16 70 38
17 1 42
17 2 59
17 3 24
17 4 56
17 5 64
17 6 19
17 7 55
17 8 60
17 9 60
17 10 38
17 11 61
17 12 45
17 13 31
17 14 29
17 15 6
17 16 57
17 17 -1
17 18 38
17 19 65
17 20 43
17 21 47
17 22 44
17 23 50
17 24 53
17 25 62
17 26 44
17 27 18
17 28 43
17 29 37
17 30 62
17 31 11
17 32 71
17 33 28
17 34 32
17 35 30
17 36 42
17 37 35
17 38 37
17 39 21
17 40 43
17 41 33
17 42 14
17 43 41
17 44 48
17 45 56
17 46 41
17 47 37
17 48 55
17 49 9
17 50 67
17 51 41
17 52 58
17 53 42
17 54 17
17 55 43
17 56 48
17 57 50
17 58 54
17 59 23
17 60 30
17 61 40
17 62 63
17 63 31
17 64 62
17 65 38
17 66 40
17 67 66
17 68 1
17 69 57
17 70 80
18 1 4
18 2 21
18 3 18
18 4 51
18 5 50
18 6 20
18 7 70
18 8 37
18 9 43
18 10 15
18 11 46
18 12 58
18 13 50
18 14 26
18 15 33
18 16 24
18 17 38
18 18 -1
18 19 53
18 20 20
18 21 22
18 22 11
18 23 12
18 24 36
18 25 43
18 26 48
18 27 20
18 28 10
18 29 58
18 30 33
18 31 34
18 32 50
18 33 29
18 34 47
18 35 22
18 36 11
18 37 43
18 38 54
18 39 52
18 40 12
18 41 30
18 42 44
18 43 6
18 44 38
18 45 68
18 46 12
18 47 1
18 48 66
18 49 40
18 50 46
18 51 6
18 52 29
18 53 24
18 54 29
18 55 15
18 56 10
18 57 27
18 58 17
18 59 16
18 60 9
18 61 17
18 62 62
18 63 55
18 64 40
18 65 16
18 66 43
18 67 55
18 68 38
18 69 33
18 70 59
19 1 52
19 2 50
19 3 64
19 4 11
19 5 5
19 6 51
19 7 42
19 8 20
19 9 11
19 10 38
19 11 8
19 12 37
19 13 44
19 14 36
19 15 66
19 16 39
19 17 65
19 18 53
19 19 -1
19 20 33
19 21 31
19 22 63
19 23 57
19 24 17
19 25 14
19 26 26
19 27 57
19 28 43
19 29 47
19 30 30
19 31 53
19 32 15
19 33 37
19 34 40
19 35 37
19 36 42
19 37 32
19 38 41
19 39 58
19 40 64
19 41 32
19 42 56
19 43 47
19 44 17
19 45 39
19 46 65
19 47 53
19 48 37
19 49 58
19 50 14
19 51 59
19 52 32
19 53 29
19 54 47
19 55 38
19 56 55
19 57 26
19 58 64
19 59 49
19 60 58
19 61 36
19 62 17
19 63 51
19 64 18
19 65 37
19 66 26
19 67 2
19 68 65
19 69 23
19 70 21
20 1 19
20 2 23
20 3 34
20 4 32
20 5 30
20 6 24
20 7 56
20 8 19
20 9 23
20 10 5
20 11 26
20 12 45
20 13 41
20 14 17
20 15 41
20 16 16
20 17 43
20 18 20
20 19 33
20 20 -1
20 21 3
20 22 30
20 23 25
20 24 16
20 25 23
20 26 33
20 27 29
20 28 11
20 29 48
20 30 18
20 31 35
20 32 31
20 33 21
20 34 37
20 35 14
20 36 9
20 37 31
20 38 43
20 39 49
20 40 31
20 41 18
20 42 42
20 43 14
20 44 19
20 45 54
20 46 32
20 47 20
20 48 52
20 49 41
20 50 27
20 51 26
20 52 15
20 53 5
20 54 27
20 55 5
20 56 22
20 57 7
20 58 32
20 59 21
20 60 25
20 61 3
20 62 43
20 63 48
20 64 21
20 65 5
20 66 28
20 67 35
20 68 44
20 69 15
20 70 40
21 1 21
21 2 22
21 3 37
21 4 32
21 5 28
21 6 28
21 7 57
21 8 16
21 9 21
21 10 9
21 11 24
21 12 47
21 13 44
21 14 20
21 15 45
21 16 13
21 17 47
21 18 22
21 19 31
21 20 3
21 21 -1
21 22 32
21 23 26
21 24 14
21 25 21
21 26 34
21 27 33
21 28 12
21 29 51
21 30 15
21 31 38
21 32 29
21 33 24
21 34 39
21 35 17
21 36 11
21 37 33
21 38 45
21 39 52
21 40 33
21 41 21
21 42 46
21 43 16
21 44 19
21 45 55
21 46 34
21 47 22
21 48 53
21 49 44
21 50 24
21 51 28
21 52 11
21 53 7
21 54 31
21 55 7
21 56 23
21 57 5
21 58 33
21 59 24
21 60 28
21 61 7
21 62 43
21 63 51
21 64 18
21 65 8
21 66 29
21 67 33
21 68 47
21 69 12
21 70 37
22 1 11
22 2 23
22 3 21
22 4 62
22 5 60
22 6 29
22 7 81
22 8 47
22 9 53
22 10 26
22 11 56
22 12 70
22 13 61
22 14 37
22 15 39
22 16 30
22 17 44
22 18 11
22 19 63
22 20 30
22 21 32
22 22 -1
22 23 10
22 24 46
22 25 53
22 26 60
22 27 26
22 28 20
22 29 69
22 30 41
22 31 43
22 32 60
22 33 41
22 34 58
22 35 34
22 36 21
22 37 55
22 38 65
22 39 61
22 40 1
22 41 42
22 42 53
22 43 16
22 44 49
22 45 80
22 46 3
22 47 12
22 48 78
22 49 48
22 50 56
22 51 5
22 52 36
22 53 35
22 54 39
22 55 25
22 56 10
22 57 37
22 58 10
22 59 26
22 60 14
22 61 28
22 62 73
22 63 65
22 64 50
22 65 27
22 66 54
22 67 66
22 68 44
22 69 43
22 70 67
23 1 8
23 2 13
23 3 28
23 4 58
23 5 53
23 6 32
23 7 79
23 8 39
23 9 46
23 10 23
23 11 49
23 12 68
23 13 61
23 14 36
23 15 45
23 16 21
23 17 50
23 18 12
23 19 57
23 20 25
23 21 26
23 22 10
23 23 -1
23 24 40
23 25 45
23 26 58
23 27 32
23 28 14
23 29 69
23 30 32
23 31 47
23 32 52
23 33 40
23 34 57
23 35 33
23 36 16
23 37 54
23 38 64
23 39 64
23 40 11
23 41 40
23 42 56
23 43 12
23 44 45
23 45 78
23 46 13
23 47 13
23 48 76
23 49 52
23 50 48
23 51 9
23 52 28
23 53 31
23 54 41
23 55 19
23 56 2
23 57 30
23 58 7
23 59 28
23 60 20
23 61 24
23 62 68
23 63 67
23 64 42
23 65 24
23 66 52
23 67 59
23 68 50
23 69 35
23 70 59
24 1 35
24 2 34
24 3 49
24 4 19
24 5 14
24 6 37
24 7 48
24 8 9
24 9 7
24 10 21
24 11 10
24 12 40
24 13 41
24 14 24
24 15 53
24 16 23
24 17 53
24 18 36
24 19 17
24 20 16
24 21 14
24 22 46
24 23 40
24 24 -1
24 25 9
24 26 27
24 27 43
24 28 26
24 29 47
24 30 17
24 31 43
24 32 17
24 33 26
24 34 36
24 35 23
24 36 25
24 37 29
24 38 41
24 39 53
24 40 47
24 41 21
24 42 48
24 43 30
24 44 10
24 45 46
24 46 48
24 47 36
24 48 44
24 49 49
24 50 13
24 51 42
24 52 17
24 53 12
24 54 36
24 55 21
24 56 37
24 57 9
24 58 47
24 59 34
24 60 41
24 61 19
24 62 30
24 63 49
24 64 9
24 65 20
24 66 24
24 67 19
24 68 54
24 69 8
24 70 27
25 1 42
25 2 37
25 3 57
25 4 21
25 5 9
25 6 46
25 7 52
25 8 6
25 9 4
25 10 29
25 11 6
25 12 46
25 13 49
25 14 33
25 15 62
25 16 26
25 17 62
25 18 43
25 19 14
25 20 23
25 21 21
25 22 53
25 23 45
25 24 9
25 25 -1
25 26 33
25 27 52
25 28 33
25 29 53
25 30 16
25 31 52
25 32 8
25 33 35
25 34 44
25 35 32
25 36 32
25 37 36
25 38 47
25 39 61
25 40 54
25 41 30
25 42 57
25 43 37
25 44 17
25 45 50
25 46 55
25 47 43
25 48 47
25 49 58
25 50 4
25 51 49
25 52 18
25 53 21
25 54 45
25 55 28
25 56 43
25 57 16
25 58 52
25 59 43
25 60 49
25 61 27
25 62 30
25 63 56
25 64 4
25 65 28
25 66 31
25 67 16
25 68 63
25 69 10
25 70 17
26 1 50
26 2 57
26 3 52
26 4 15
26 5 28
26 6 36
26 7 22
26 8 36
26 9 29
26 10 34
26 11 27
26 12 13
26 13 18
26 14 23
26 15 47
26 16 47
26 17 44
26 18 48
26 19 26
26 20 33
26 21 34
26 22 60
26 23 58
26 24 27
26 25 33
26 26 -1
26 27 43
26 28 43
26 29 21
26 30 44
26 31 32
26 32 39
26 33 20
26 34 14
26 35 26
26 36 41
26 37 8
26 38 15
26 39 33
26 40 60
26 41 18
26 42 32
26 43 46
26 44 17
26 45 20
26 46 60
26 47 48
26 48 18
26 49 36
26 50 36
26 51 55
26 52 43
26 53 28
26 54 29
26 55 39
26 56 55
26 57 32
26 58 65
26 59 37
26 60 49
26 61 33
26 62 18
26 63 25
26 64 36
26 65 33
26 66 5
26 67 26
26 68 45
26 69 35
26 70 47
27 1 24
27 2 41
27 3 9
27 4 52
27 5 56
27 6 7
27 7 61
27 8 48
27 9 50
27 10 24
27 11 52
27 12 49
27 13 38
27 14 22
27 15 13
27 16 41
27 17 18
27 18 20
27 19 57
27 20 29
27 21 33
27 22 26
27 23 32
27 24 43
27 25 52
27 26 43
27 27 -1
27 28 27
27 29 45
27 30 48
27 31 17
27 32 60
27 33 23
27 34 36
27 35 20
27 36 26
27 37 36
27 38 43
27 39 34
27 40 26
27 41 27
27 42 26
27 43 24
27 44 41
27 45 60
27 46 24
27 47 19
27 48 59
27 49 21
27 50 56
27 51 23
27 52 43
27 53 30
27 54 15
27 55 28
27 56 30
27 57 37
27 58 36
27 59 8
27 60 12
27 61 26
27 62 61
27 63 41
27 64 51
27 65 24
27 66 38
27 67 59
27 68 18
27 69 45
27 70 69
28 1 9
28 2 16
28 3 28
28 4 43
28 5 40
28 6 24
28 7 66
28 8 27
28 9 33
28 10 9
28 11 36
28 12 55
28 13 49
28 14 23
28 15 40
28 16 14
28 17 43
28 18 10
28 19 43
28 20 11
28 21 12
28 22 20
28 23 14
28 24 26
28 25 33
28 26 43
28 27 27
28 28 -1
28 29 56
28 30 22
28 31 38
28 32 40
28 33 27
28 34 45
28 35 20
28 36 2
28 37 40
28 38 51
28 39 54
28 40 21
28 41 26
28 42 47
28 43 4
28 44 30
28 45 64
28 46 22
28 47 11
28 48 62
28 49 44
28 50 36
28 51 16
28 52 18
28 53 16
28 54 31
28 55 5
28 56 11
28 57 17
28 58 21
28 59 20
28 60 19
28 61 9
28 62 54
28 63 55
28 64 30
28 65 10
28 66 38
28 67 46
28 68 44
28 69 23
28 70 48
29 1 61
29 2 72
29 3 55
29 4 35
29 5 49
29 6 40
29 7 19
29 8 56
29 9 50
29 10 47
29 11 48
29 12 11
29 13 7
29 14 33
29 15 42
29 16 64
29 17 37
29 18 58
29 19 47
29 20 48
29 21 51
29 22 69
29 23 69
29 24 47
29 25 53
29 26 21
29 27 45
29 28 56
29 29 -1
29 30 63
29 31 28
29 32 60
29 33 29
29 34 11
29 35 36
29 36 54
29 37 18
29 38 6
29 39 18
29 40 68
29 41 30
29 42 22
29 43 57
29 44 37
29 45 20
29 46 68
29 47 57
29 48 19
29 49 28
29 50 57
29 51 64
29 52 61
29 53 43
29 54 30
29 55 53
29 56 66
29 57 50
29 58 76
29 59 42
29 60 55
29 61 47
29 62 36
29 63 7
29 64 56
29 65 47
29 66 23
29 67 47
29 68 38
29 69 55
29 70 68
30 1 31
30 2 21
30 3 50
30 4 36
30 5 25
30 6 43
30 7 65
30 8 9
30 9 19
30 10 24
30 11 22
30 12 57
30 13 57
30 14 34
30 15 60
30 16 11
30 17 62
30 18 33
30 19 30
30 20 18
30 21 15
30 22 41
30 23 32
30 24 17
30 25 16
30 26 44
30 27 48
30 28 22
30 29 63
30 30 -1
30 31 53
30 32 20
30 33 38
30 34 52
30 35 32
30 36 23
30 37 45
30 38 57
30 39 66
30 40 42
30 41 34
30 42 61
30 43 26
30 44 26
30 45 63
30 46 43
30 47 34
30 48 61
30 49 60
30 50 17
30 51 37
30 52 4
30 53 20
30 54 46
30 55 19
30 56 30
30 57 13
30 58 38
30 59 39
30 60 41
30 61 22
30 62 46
30 63 64
30 64 12
30 65 23
30 66 40
30 67 32
30 68 62
30 69 8
30 70 27
31 1 38
31 2 54
31 3 26
31 4 44
31 5 53
31 6 14
31 7 45
31 8 51
31 9 49
31 10 30
31 11 50
31 12 34
31 13 21
31 14 19
31 15 15
31 16 50
31 17 11
31 18 34
31 19 53
31 20 35
31 21 38
31 22 43
31 23 47
31 24 43
31 25 52
31 26 32
31 27 17
31 28 38
31 29 28
31 30 53
31 31 -1
31 32 60
31 33 16
31 34 21
31 35 21
31 36 36
31 37 24
31 38 27
31 39 17
31 40 43
31 41 21
31 42 9
31 43 37
31 44 37
31 45 46
31 46 42
31 47 33
31 48 44
31 49 6
31 50 56
31 51 39
31 52 50
31 53 33
31 54 7
31 55 36
31 56 44
31 57 40
31 58 52
31 59 18
31 60 29
31 61 32
31 62 51
31 63 23
31 64 52
31 65 31
31 66 28
31 67 54
31 68 12
31 69 48
31 70 70
32 1 49
32 2 42
32 3 65
32 4 26
32 5 11
32 6 54
32 7 57
32 8 13
32 9 11
32 10 37
32 11 11
32 12 51
32 13 56
32 14 41
32 15 71
32 16 31
32 17 71
32 18 50
32 19 15
32 20 31
32 21 29
32 22 60
32 23 52
32 24 17
32 25 8
32 26 39
32 27 60
32 28 40
32 29 60
32 30 20
32 31 60
32 32 -1
32 33 43
32 34 51
32 35 41
32 36 39
32 37 43
32 38 54
32 39 69
32 40 61
32 41 38
32 42 65
32 43 44
32 44 24
32 45 54
32 46 62
32 47 51
32 48 52
32 49 66
32 50 4
32 51 56
32 52 24
32 53 30
32 54 53
32 55 35
32 56 50
32 57 24
32 58 58
32 59 51
32 60 57
32 61 35
32 62 32
32 63 63
32 64 10
32 65 36
32 66 38
32 67 16
32 68 72
32 69 17
32 70 9
33 1 32
33 2 43
33 3 31
33 4 29
33 5 36
33 6 16
33 7 40
33 8 34
33 9 32
33 10 18
33 11 33
33 12 29
33 13 21
33 14 4
33 15 29
33 16 37
33 17 28
33 18 29
33 19 37
33 20 21
33 21 24
33 22 41
33 23 40
33 24 26
33 25 35
33 26 20
33 27 23
33 28 27
33 29 29
33 30 38
33 31 16
33 32 43
33 33 -1
33 34 17
33 35 7
33 36 25
33 37 14
33 38 24
33 39 28
33 40 41
33 41 5
33 42 22
33 43 28
33 44 20
33 45 39
33 46 40
33 47 29
33 48 37
33 49 22
33 50 39
33 51 36
33 52 35
33 53 17
33 54 10
33 55 24
33 56 37
33 57 25
33 58 47
33 59 16
33 60 28
33 61 19
33 62 38
33 63 27
33 64 36
33 65 18
33 66 15
33 67 38
33 68 28
33 69 31
33 70 53
34 1 49
34 2 60
34 3 45
34 4 29
34 5 41
34 6 30
34 7 25
34 8 45
34 9 40
34 10 35
34 11 39
34 12 13
34 13 5
34 14 21
34 15 36
34 16 52
34 17 32
34 18 47
34 19 40
34 20 37
34 21 39
34 22 58
34 23 57
34 24 36
34 25 44
34 26 14
34 27 36
34 28 45
34 29 11
34 30 52
34 31 21
34 32 51
34 33 17
34 34 -1
34 35 25
34 36 42
34 37 7
34 38 7
34 39 19
34 40 58
34 41 18
34 42 18
34 43 46
34 44 27
34 45 25
34 46 57
34 47 46
34 48 23
34 49 23
34 50 48
34 51 53
34 52 50
34 53 32
34 54 20
34 55 41
34 56 55
34 57 39
34 58 64
34 59 31
34 60 44
34 61 36
34 62 32
34 63 12
34 64 46
34 65 35
34 66 13
34 67 40
34 68 33
34 69 44
34 70 59
35 1 24
35 2 35
35 3 28
35 4 32
35 5 35
35 6 13
35 7 47
35 8 30
35 9 30
35 10 11
35 11 32
35 12 36
35 13 29
35 14 3
35 15 30
35 16 30
35 17 30
35 18 22
35 19 37
35 20 14
35 21 17
35 22 34
35 23 33
35 24 23
35 25 32
35 26 26
35 27 20
35 28 20
35 29 36
35 30 32
35 31 21
35 32 41
35 33 7
35 34 25
35 35 -1
35 36 18
35 37 21
35 38 31
35 39 35
35 40 34
35 41 8
35 42 28
35 43 21
35 44 20
35 45 46
35 46 34
35 47 22
35 48 44
35 49 27
35 50 37
35 51 29
35 52 29
35 53 12
35 54 13
35 55 17
35 56 30
35 57 19
35 58 39
35 59 12
35 60 23
35 61 12
35 62 41
35 63 35
35 64 32
35 65 11
35 66 20
35 67 39
35 68 31
35 69 27
35 70 50
36 1 10
36 2 18
36 3 27
36 4 42
36 5 39
36 6 23
36 7 63
36 8 26
36 9 32
36 10 7
36 11 35
36 12 53
36 13 47
36 14 21
36 15 39
36 16 15
36 17 42
36 18 11
36 19 42
36 20 9
36 21 11
36 22 21
36 23 16
36 24 25
36 25 32
36 26 41
36 27 26
36 28 2
36 29 54
36 30 23
36 31 36
36 32 39
36 33 25
36 34 42
36 35 18
36 36 -1
36 37 38
36 38 49
36 39 52
36 40 22
36 41 24
36 42 45
36 43 5
36 44 29
36 45 62
36 46 23
36 47 11
36 48 60
36 49 42
36 50 35
36 51 17
36 52 18
36 53 14
36 54 29
36 55 4
36 56 13
36 57 16
36 58 23
36 59 18
36 60 18
36 61 7
36 62 52
36 63 53
36 64 29
36 65 7
36 66 36
36 67 44
36 68 42
36 69 22
36 70 48
37 1 46
37 2 55
37 3 45
37 4 22
37 5 34
37 6 29
37 7 26
37 8 38
37 9 32
37 10 31
37 11 32
37 12 14
37 13 12
37 14 17
37 15 39
37 16 46
37 17 35
37 18 43
37 19 32
37 20 31
37 21 33
37 22 55
37 23 54
37 24 29
37 25 36
37 26 8
37 27 36
37 28 40
37 29 18
37 30 45
37 31 24
37 32 43
37 33 14
37 34 7
37 35 21
37 36 38
37 37 -1
37 38 12
37 39 26
37 40 55
37 41 13
37 42 24
37 43 42
37 44 19
37 45 25
37 46 55
37 47 43
37 48 23
37 49 27
37 50 40
37 51 50
37 52 43
37 53 26
37 54 21
37 55 36
37 56 51
37 57 32
37 58 60
37 59 30
37 60 43
37 61 30
37 62 27
37 63 19
37 64 38
37 65 30
37 66 5
37 67 33
37 68 36
37 69 37
37 70 52
38 1 56
38 2 66
38 3 52
38 4 30
38 5 44
38 6 37
38 7 18
38 8 50
38 9 43
38 10 42
38 11 42
38 12 8
38 13 6
38 14 28
38 15 41
38 16 58
38 17 37
38 18 54
38 19 41
38 20 43
38 21 45
38 22 65
38 23 64
38 24 41
38 25 47
38 26 15
38 27 43
38 28 51
38 29 6
38 30 57
38 31 27
38 32 54
38 33 24
38 34 7
38 35 31
38 36 49
38 37 12
38 38 -1
38 39 20
38 40 65
38 41 25
38 42 23
38 43 53
38 44 31
38 45 19
38 46 64
38 47 53
38 48 18
38 49 28
38 50 51
38 51 60
38 52 55
38 53 38
38 54 27
38 55 47
38 56 62
38 57 44
38 58 71
38 59 38
38 60 51
38 61 42
38 62 31
38 63 10
38 64 50
38 65 42
38 66 17
38 67 41
38 68 38
38 69 49
38 70 62
39 1 55
39 2 70
39 3 43
39 4 48
39 5 60
39 6 31
39 7 37
39 8 62
39 9 58
39 10 46
39 11 57
39 12 28
39 13 15
39 14 32
39 15 27
39 16 65
39 17 21
39 18 52
39 19 58
39 20 49
39 21 52
39 22 61
39 23 64
39 24 53
39 25 61
39 26 33
39 27 34
39 28 54
39 29 18
39 30 66
39 31 17
39 32 69
39 33 28
39 34 19
39 35 35
39 36 52
39 37 26
39 38 20
39 39 -1
39 40 60
39 41 32
39 42 8
39 43 53
39 44 44
39 45 38
39 46 59
39 47 51
39 48 37
39 49 13
39 50 65
39 51 57
39 52 63
39 53 45
39 54 23
39 55 52
39 56 61
39 57 53
39 58 69
39 59 35
39 60 46
39 61 47
39 62 51
39 63 11
39 64 63
39 65 46
39 66 32
39 67 59
39 68 22
39 69 59
39 70 78
40 1 12
40 2 25
40 3 20
40 4 63
40 5 61
40 6 29
40 7 81
40 8 48
40 9 54
40 10 27
40 11 57
40 12 70
40 13 61
40 14 37
40 15 38
40 16 31
40 17 43
40 18 12
40 19 64
40 20 31
40 21 33
40 22 1
40 23 11
40 24 47
40 25 54
40 26 60
40 27 26
40 28 21
40 29 68
40 30 42
40 31 43
40 32 61
40 33 41
40 34 58
40 35 34
40 36 22
40 37 55
40 38 65
40 39 60
40 40 -1
40 41 42
40 42 52
40 43 17
40 44 50
40 45 80
40 46 2
40 47 12
40 48 78
40 49 48
40 50 57
40 51 5
40 52 37
40 53 36
40 54 38
40 55 26
40 56 12
40 57 38
40 58 11
40 59 26
40 60 14
40 61 29
40 62 74
40 63 65
40 64 51
40 65 28
40 66 54
40 67 66
40 68 43
40 69 44
40 70 68
41 1 32
41 2 41
41 3 35
41 4 25
41 5 31
41 6 20
41 7 39
41 8 29
41 9 27
41 10 17
41 11 28
41 12 28
41 13 23
41 14 5
41 15 34
41 16 34
41 17 33
41 18 30
41 19 32
41 20 18
41 21 21
41 22 42
41 23 40
41 24 21
41 25 30
41 26 18
41 27 27
41 28 26
41 29 30
41 30 34
41 31 21
41 32 38
41 33 5
41 34 18
41 35 8
41 36 24
41 37 13
41 38 25
41 39 32
41 40 42
41 41 -1
41 42 27
41 43 28
41 44 15
41 45 38
41 46 42
41 47 30
41 48 36
41 49 27
41 50 34
41 51 37
41 52 32
41 53 14
41 54 15
41 55 22
41 56 37
41 57 21
41 58 47
41 59 19
41 60 31
41 61 17
41 62 34
41 63 30
41 64 31
41 65 17
41 66 12
41 67 33
41 68 33
41 69 27
41 70 48
42 1 48
42 2 63
42 3 35
42 4 46
42 5 57
42 6 24
42 7 41
42 8 57
42 9 54
42 10 39
42 11 54
42 12 31
42 13 17
42 14 26
42 15 20
42 16 58
42 17 14
42 18 44
42 19 56
42 20 42
42 21 46
42 22 53
42 23 56
42 24 48
42 25 57
42 26 32
42 27 26
42 28 47
42 29 22
42 30 61
42 31 9
42 32 65
42 33 22
42 34 18
42 35 28
42 36 45
42 37 24
42 38 23
42 39 8
42 40 52
42 41 27
42 42 -1
42 43 46
42 44 41
42 45 42
42 46 51
42 47 43
42 48 41
42 49 5
42 50 61
42 51 49
42 52 57
42 53 40
42 54 16
42 55 45
42 56 54
42 57 47
42 58 61
42 59 27
42 60 38
42 61 40
42 62 51
42 63 16
42 64 58
42 65 39
42 66 30
42 67 57
42 68 15
42 69 54
42 70 74
43 1 5
43 2 17
43 3 24
43 4 47
43 5 44
43 6 23
43 7 67
43 8 31
43 9 37
43 10 11
43 11 40
43 12 56
43 13 50
43 14 24
43 15 38
43 16 17
43 17 41
43 18 6
43 19 47
43 20 14
43 21 16
43 22 16
43 23 12
43 24 30
43 25 37
43 26 46
43 27 24
43 28 4
43 29 57
43 30 26
43 31 37
43 32 44
43 33 28
43 34 46
43 35 21
43 36 5
43 37 42
43 38 53
43 39 53
43 40 17
43 41 28
43 42 46
43 43 -1
43 44 34
43 45 66
43 46 18
43 47 7
43 48 64
43 49 43
43 50 40
43 51 12
43 52 22
43 53 19
43 54 30
43 55 9
43 56 9
43 57 21
43 58 19
43 59 19
43 60 15
43 61 12
43 62 57
43 63 55
43 64 34
43 65 12
43 66 40
43 67 49
43 68 42
43 69 27
43 70 52
44 1 39
44 2 41
44 3 48
44 4 13
44 5 16
44 6 34
44 7 39
44 8 19
44 9 13
44 10 23
44 11 13
44 12 30
44 13 32
44 14 19
44 15 49
44 16 31
44 17 48
44 18 38
44 19 17
44 20 19
44 21 19
44 22 49
44 23 45
44 24 10
44 25 17
44 26 17
44 27 41
44 28 30
44 29 37
44 30 26
44 31 37
44 32 24
44 33 20
44 34 27
44 35 20
44 36 29
44 37 19
44 38 31
44 39 44
44 40 50
44 41 15
44 42 41
44 43 34
44 44 -1
44 45 36
44 46 50
44 47 38
44 48 34
44 49 42
44 50 21
44 51 45
44 52 26
44 53 14
44 54 30
44 55 25
44 56 42
44 57 16
44 58 52
44 59 32
44 60 42
44 61 21
44 62 23
44 63 39
44 64 19
44 65 22
44 66 14
44 67 18
44 68 49
44 69 18
44 70 33
45 1 70
45 2 77
45 3 70
45 4 28
45 5 43
45 6 54
45 7 3
45 8 54
45 9 46
45 10 55
45 11 43
45 12 11
45 13 25
45 14 42
45 15 61
45 16 68
45 17 56
45 18 68
45 19 39
45 20 54
45 21 55
45 22 80
45 23 78
45 24 46
45 25 50
45 26 20
45 27 60
45 28 64
45 29 20
45 30 63
45 31 46
45 32 54
45 33 39
45 34 25
45 35 46
45 36 62
45 37 25
45 38 19
45 39 38
45 40 80
45 41 38
45 42 42
45 43 66
45 44 36
45 45 -1
45 46 80
45 47 68
45 48 2
45 49 47
45 50 52
45 51 75
45 52 63
45 53 48
45 54 45
45 55 59
45 56 75
45 57 52
45 58 85
45 59 55
45 60 68
45 61 54
45 62 22
45 63 27
45 64 53
45 65 54
45 66 26
45 67 38
45 68 57
45 69 54
45 70 60
46 1 13
46 2 27
46 3 18
46 4 63
46 5 62
46 6 28
46 7 81
46 8 49
46 9 55
46 10 27
46 11 58
46 12 69
46 13 60
46 14 37
46 15 36
46 16 33
46 17 41
46 18 12
46 19 65
46 20 32
46 21 34
46 22 3
46 23 13
46 24 48
46 25 55
46 26 60
46 27 24
46 28 22
46 29 68
46 30 43
46 31 42
46 32 62
46 33 40
46 34 57
46 35 34
46 36 23
46 37 55
46 38 64
46 39 59
46 40 2
46 41 42
46 42 51
46 43 18
46 44 50
46 45 80
46 46 -1
46 47 12
46 48 78
46 49 46
46 50 58
46 51 6
46 52 39
46 53 36
46 54 37
46 55 27
46 56 13
46 57 39
46 58 13
46 59 25
46 60 13
46 61 29
46 62 74
46 63 64
46 64 52
46 65 28
46 66 54
46 67 67
46 68 41
46 69 45
46 70 70
47 1 5
47 2 22
47 3 17
47 4 51
47 5 50
47 6 19
47 7 69
47 8 38
47 9 43
47 10 15
47 11 46
47 12 58
47 13 49
47 14 25
47 15 32
47 16 24
47 17 37
47 18 1
47 19 53
47 20 20
47 21 22
47 22 12
47 23 13
47 24 36
47 25 43
47 26 48
47 27 19
47 28 11
47 29 57
47 30 34
47 31 33
47 32 51
47 33 29
47 34 46
47 35 22
47 36 11
47 37 43
47 38 53
47 39 51
47 40 12
47 41 30
47 42 43
47 43 7
47 44 38
47 45 68
47 46 12
47 47 -1
47 48 66
47 49 39
47 50 46
47 51 7
47 52 29
47 53 24
47 54 28
47 55 15
47 56 11
47 57 27
47 58 18
47 59 15
47 60 8
47 61 17
47 62 61
47 63 54
47 64 41
47 65 16
47 66 42
47 67 55
47 68 37
47 69 33
47 70 59
48 1 68
48 2 75
48 3 68
48 4 26
48 5 41
48 6 52
48 7 5
48 8 52
48 9 43
48 10 53
48 11 41
48 12 10
48 13 24
48 14 40
48 15 59
48 16 65
48 17 55
48 18 66
48 19 37
48 20 52
48 21 53
48 22 78
48 23 76
48 24 44
48 25 47
48 26 18
48 27 59
48 28 62
48 29 19
48 30 61
48 31 44
48 32 52
48 33 37
48 34 23
48 35 44
48 36 60
48 37 23
48 38 18
48 39 37
48 40 78
48 41 36
48 42 41
48 43 64
48 44 34
48 45 2
48 46 78
48 47 66
48 48 -1
48 49 46
48 50 50
48 51 73
48 52 60
48 53 46
48 54 43
48 55 57
48 56 73
48 57 50
48 58 83
48 59 53
48 60 66
48 61 52
48 62 20
48 63 26
48 64 51
48 65 52
48 66 24
48 67 36
48 68 56
48 69 52
48 70 58
49 1 44
49 2 60
49 3 30
49 4 49
49 5 58
49 6 20
49 7 46
49 8 57
49 9 55
49 10 37
49 11 55
49 12 36
49 13 22
49 14 25
49 15 14
49 16 56
49 17 9
49 18 40
49 19 58
49 20 41
49 21 44
49 22 48
49 23 52
49 24 49
49 25 58
49 26 36
49 27 21
49 28 44
49 29 28
49 30 60
49 31 6
49 32 66
49 33 22
49 34 23
49 35 27
49 36 42
49 37 27
49 38 28
49 39 13
49 40 48
49 41 27
49 42 5
49 43 43
49 44 42
49 45 47
49 46 46
49 47 39
49 48 46
49 49 -1
49 50 62
49 51 44
49 52 56
49 53 39
49 54 13
49 55 42
49 56 50
49 57 46
49 58 57
49 59 24
49 60 33
49 61 38
49 62 55
49 63 21
49 64 58
49 65 37
49 66 32
49 67 59
49 68 10
49 69 54
49 70 75
50 1 45
50 2 38
50 3 61
50 4 24
50 5 9
50 6 50
50 7 55
50 8 9
50 9 7
50 10 33
50 11 9
50 12 49
50 13 53
50 14 37
50 15 67
50 16 27
50 17 67
50 18 46
50 19 14
50 20 27
50 21 24
50 22 56
50 23 48
50 24 13
50 25 4
50 26 36
50 27 56
50 28 36
50 29 57
50 30 17
50 31 56
50 32 4
50 33 39
50 34 48
50 35 37
50 36 35
50 37 40
50 38 51
50 39 65
50 40 57
50 41 34
50 42 61
50 43 40
50 44 21
50 45 52
50 46 58
50 47 46
50 48 50
50 49 62
50 50 -1
50 51 52
50 52 20
50 53 25
50 54 49
50 55 31
50 56 46
50 57 19
50 58 54
50 59 47
50 60 53
50 61 31
50 62 32
50 63 60
50 64 6
50 65 32
50 66 34
50 67 16
50 68 67
50 69 13
50 70 13
51 1 7
51 2 22
51 3 18
51 4 58
51 5 56
51 6 25
51 7 76
51 8 43
51 9 49
51 10 22
51 11 52
51 12 65
51 13 56
51 14 32
51 15 36
51 16 27
51 17 41
51 18 6
51 19 59
51 20 26
51 21 28
51 22 5
51 23 9
51 24 42
51 25 49
51 26 55
51 27 23
51 28 16
51 29 64
51 30 37
51 31 39
51 32 56
51 33 36
51 34 53
51 35 29
51 36 17
51 37 50
51 38 60
51 39 57
51 40 5
51 41 37
51 42 49
51 43 12
51 44 45
51 45 75
51 46 6
51 47 7
51 48 73
51 49 44
51 50 52
51 51 -1
51 52 33
51 53 31
51 54 34
51 55 21
51 56 9
51 57 33
51 58 13
51 59 21
51 60 11
51 61 23
51 62 68
51 63 61
51 64 46
51 65 23
51 66 49
51 67 61
51 68 41
51 69 39
51 70 64
52 1 26
52 2 18
52 3 46
52 4 37
52 5 27
52 6 39
52 7 65
52 8 12
52 9 20
52 10 20
52 11 24
52 12 56
52 13 55
52 14 31
52 15 56
52 16 7
52 17 58
52 18 29
52 19 32
52 20 15
52 21 11
52 22 36
52 23 28
52 24 17
52 25 18
52 26 43
52 27 43
52 28 18
52 29 61
52 30 4
52 31 50
52 32 24
52 33 35
52 34 50
52 35 29
52 36 18
52 37 43
52 38 55
52 39 63
52 40 37
52 41 32
52 42 57
52 43 22
52 44 26
52 45 63
52 46 39
52 47 29
52 48 60
52 49 56
52 50 20
52 51 33
52 52 -1
52 53 18
52 54 42
52 55 15
52 56 26
52 57 11
52 58 34
52 59 35
52 60 37
52 61 18
52 62 47
52 63 62
52 64 14
52 65 19
52 66 39
52 67 34
52 68 59
52 69 9
52 70 31
53 1 24
53 2 29
53 3 36
53 4 27
53 5 26
53 6 25
53 7 50
53 8 18
53 9 19
53 10 9
53 11 22
53 12 40
53 13 37
53 14 13
53 15 41
53 16 20
53 17 42
53 18 24
53 19 29
53 20 5
53 21 7
53 22 35
53 23 31
53 24 12
53 25 21
53 26 28
53 27 30
53 28 16
53 29 43
53 30 20
53 31 33
53 32 30
53 33 17
53 34 32
53 35 12
53 36 14
53 37 26
53 38 38
53 39 45
53 40 36
53 41 14
53 42 40
53 43 19
53 44 14
53 45 48
53 46 36
53 47 24
53 48 46
53 49 39
53 50 25
53 51 31
53 52 18
53 53 -1
53 54 25
53 55 11
53 56 28
53 57 7
53 58 38
53 59 21
53 60 29
53 61 7
53 62 38
53 63 44
53 64 20
53 65 8
53 66 22
53 67 31
53 68 43
53 69 15
53 70 39
54 1 32
54 2 47
54 3 25
54 4 39
54 5 46
54 6 9
54 7 45
54 8 43
54 9 42
54 10 23
54 11 43
54 12 34
54 13 22
54 14 12
54 15 18
54 16 42
54 17 17
54 18 29
54 19 47
54 20 27
54 21 31
54 22 39
54 23 41
54 24 36
54 25 45
54 26 29
54 27 15
54 28 31
54 29 30
54 30 46
54 31 7
54 32 53
54 33 10
54 34 20
54 35 13
54 36 29
54 37 21
54 38 27
54 39 23
54 40 38
54 41 15
54 42 16
54 43 30
54 44 30
54 45 45
54 46 37
54 47 28
54 48 43
54 49 13
54 50 49
54 51 34
54 52 42
54 53 25
54 54 -1
54 55 29
54 56 38
54 57 33
54 58 47
54 59 12
54 60 24
54 61 24
54 62 47
54 63 26
54 64 45
54 65 23
54 66 24
54 67 48
54 68 18
54 69 40
54 70 62
55 1 14
55 2 18
55 3 31
55 4 38
55 5 35
55 6 24
55 7 61
55 8 22
55 9 28
55 10 6
55 11 31
55 12 50
55 13 45
55 14 20
55 15 41
55 16 13
55 17 43
55 18 15
55 19 38
55 20 5
55 21 7
55 22 25
55 23 19
55 24 21
55 25 28
55 26 39
55 27 28
55 28 5
55 29 53
55 30 19
55 31 36
55 32 35
55 33 24
55 34 41
55 35 17
55 36 4
55 37 36
55 38 47
55 39 52
55 40 26
55 41 22
55 42 45
55 43 9
55 44 25
55 45 59
55 46 27
55 47 15
55 48 57
55 49 42
55 50 31
55 51 21
55 52 15
55 53 11
55 54 29
55 55 -1
55 56 17
55 57 12
55 58 26
55 59 20
55 60 22
55 61 5
55 62 49
55 63 52
55 64 25
55 65 6
55 66 33
55 67 40
55 68 44
55 69 18
55 70 44
56 1 6
56 2 13
56 3 27
56 4 55
56 5 51
56 6 30
56 7 77
56 8 37
56 9 43
56 10 20
56 11 47
56 12 66
56 13 59
56 14 33
56 15 43
56 16 19
56 17 48
56 18 10
56 19 55
56 20 22
56 21 23
56 22 10
56 23 2
56 24 37
56 25 43
56 26 55
56 27 30
56 28 11
56 29 66
56 30 30
56 31 44
56 32 50
56 33 37
56 34 55
56 35 30
56 36 13
56 37 51
56 38 62
56 39 61
56 40 12
56 41 37
56 42 54
56 43 9
56 44 42
56 45 75
56 46 13
56 47 11
56 48 73
56 49 50
56 50 46
56 51 9
56 52 26
56 53 28
56 54 38
56 55 17
56 56 -1
56 57 28
56 58 10
56 59 26
56 60 18
56 61 21
56 62 66
56 63 64
56 64 40
56 65 21
56 66 49
56 67 57
56 68 48
56 69 33
56 70 57
57 1 26
57 2 25
57 3 41
57 4 28
57 5 23
57 6 31
57 7 55
57 8 11
57 9 16
57 10 13
57 11 19
57 12 45
57 13 44
57 14 21
57 15 48
57 16 15
57 17 50
57 18 27
57 19 26
57 20 7
57 21 5
57 22 37
57 23 30
57 24 9
57 25 16
57 26 32
57 27 37
57 28 17
57 29 50
57 30 13
57 31 40
57 32 24
57 33 25
57 34 39
57 35 19
57 36 16
57 37 32
57 38 44
57 39 53
57 40 38
57 41 21
57 42 47
57 43 21
57 44 16
57 45 52
57 46 39
57 47 27
57 48 50
57 49 46
57 50 19
57 51 33
57 52 11
57 53 7
57 54 33
57 55 12
57 56 28
57 57 -1
57 58 37
57 59 28
57 60 33
57 61 11
57 62 39
57 63 51
57 64 14
57 65 12
57 66 28
57 67 29
57 68 50
57 69 7
57 70 33
58 1 15
58 2 17
58 3 31
58 4 65
58 5 60
58 6 37
58 7 87
58 8 45
58 9 53
58 10 30
58 11 56
58 12 75
58 13 68
58 14 43
58 15 49
58 16 27
58 17 54
58 18 17
58 19 64
58 20 32
58 21 33
58 22 10
58 23 7
58 24 47
58 25 52
58 26 65
58 27 36
58 28 21
58 29 76
58 30 38
58 31 52
58 32 58
58 33 47
58 34 64
58 35 39
58 36 23
58 37 60
58 38 71
58 39 69
58 40 11
58 41 47
58 42 61
58 43 19
58 44 52
58 45 85
58 46 13
58 47 18
58 48 83
58 49 57
58 50 54
58 51 13
58 52 34
58 53 38
58 54 47
58 55 26
58 56 10
58 57 37
58 58 -1
58 59 34
58 60 24
58 61 31
58 62 76
58 63 73
58 64 48
58 65 31
58 66 59
58 67 66
58 68 54
58 69 41
58 70 65
59 1 20
59 2 36
59 3 16
59 4 44
59 5 47
59 6 4
59 7 56
59 8 40
59 9 41
59 10 15
59 11 43
59 12 44
59 13 34
59 14 14
59 15 20
59 16 34
59 17 23
59 18 16
59 19 49
59 20 21
59 21 24
59 22 26
59 23 28
59 24 34
59 25 43
59 26 37
59 27 8
59 28 20
59 29 42
59 30 39
59 31 18
59 32 51
59 33 16
59 34 31
59 35 12
59 36 18
59 37 30
59 38 38
59 39 35
59 40 26
59 41 19
59 42 27
59 43 19
59 44 32
59 45 55
59 46 25
59 47 15
59 48 53
59 49 24
59 50 47
59 51 21
59 52 35
59 53 21
59 54 12
59 55 20
59 56 26
59 57 28
59 58 34
59 59 -1
59 60 12
59 61 17
59 62 53
59 63 39
59 64 42
59 65 16
59 66 31
59 67 50
59 68 23
59 69 36
59 70 61
60 1 13
60 2 31
60 3 9
60 4 54
60 5 55
60 6 15
60 7 69
60 8 44
60 9 48
60 10 20
60 11 51
60 12 57
60 13 47
60 14 26
60 15 25
60 16 33
60 17 30
60 18 9
60 19 58
60 20 25
60 21 28
60 22 14
60 23 20
60 24 41
60 25 49
60 26 49
60 27 12
60 28 19
60 29 55
60 30 41
60 31 29
60 32 57
60 33 28
60 34 44
60 35 23
60 36 18
60 37 43
60 38 51
60 39 46
60 40 14
60 41 31
60 42 38
60 43 15
60 44 42
60 45 68
60 46 13
60 47 8
60 48 66
60 49 33
60 50 53
60 51 11
60 52 37
60 53 29
60 54 24
60 55 22
60 56 18
60 57 33
60 58 24
60 59 12
60 60 -1
60 61 22
60 62 64
60 63 51
60 64 47
60 65 21
60 66 43
60 67 60
60 68 30
60 69 40
60 70 66
61 1 17
61 2 24
61 3 30
61 4 34
61 5 33
61 6 21
61 7 56
61 8 22
61 9 26
61 10 2
61 11 29
61 12 45
61 13 40
61 14 15
61 15 38
61 16 18
61 17 40
61 18 17
61 19 36
61 20 3
61 21 7
61 22 28
61 23 24
61 24 19
61 25 27
61 26 33
61 27 26
61 28 9
61 29 47
61 30 22
61 31 32
61 32 35
61 33 19
61 34 36
61 35 12
61 36 7
61 37 30
61 38 42
61 39 47
61 40 29
61 41 17
61 42 40
61 43 12
61 44 21
61 45 54
61 46 29
61 47 17
61 48 52
61 49 38
61 50 31
61 51 23
61 52 18
61 53 7
61 54 24
61 55 5
61 56 21
61 57 11
61 58 31
61 59 17
61 60 22
61 61 -1
61 62 45
61 63 46
61 64 25
61 65 1
61 66 28
61 67 38
61 68 40
61 69 18
61 70 44
62 1 62
62 2 64
62 3 69
62 4 10
62 5 22
62 6 54
62 7 25
62 8 36
62 9 27
62 10 46
62 11 24
62 12 24
62 13 36
62 14 39
62 15 65
62 16 53
62 17 63
62 18 62
62 19 17
62 20 43
62 21 43
62 22 73
62 23 68
62 24 30
62 25 30
62 26 18
62 27 61
62 28 54
62 29 36
62 30 46
62 31 51
62 32 32
62 33 38
62 34 32
62 35 41
62 36 52
62 37 27
62 38 31
62 39 51
62 40 74
62 41 34
62 42 51
62 43 57
62 44 23
62 45 22
62 46 74
62 47 61
62 48 20
62 49 55
62 50 32
62 51 68
62 52 47
62 53 38
62 54 47
62 55 49
62 56 66
62 57 39
62 58 76
62 59 53
62 60 64
62 61 45
62 62 -1
62 63 41
62 64 34
62 65 45
62 66 23
62 67 16
62 68 64
62 69 38
62 70 38
63 1 58
63 2 71
63 3 50
63 4 40
63 5 53
63 6 36
63 7 26
63 8 58
63 9 52
63 10 46
63 11 52
63 12 17
63 13 7
63 14 31
63 15 36
63 16 64
63 17 31
63 18 55
63 19 51
63 20 48
63 21 51
63 22 65
63 23 67
63 24 49
63 25 56
63 26 25
63 27 41
63 28 55
63 29 7
63 30 64
63 31 23
63 32 63
63 33 27
63 34 12
63 35 35
63 36 53
63 37 19
63 38 10
63 39 11
63 40 65
63 41 30
63 42 16
63 43 55
63 44 39
63 45 27
63 46 64
63 47 54
63 48 26
63 49 21
63 50 60
63 51 61
63 52 62
63 53 44
63 54 26
63 55 52
63 56 64
63 57 51
63 58 73
63 59 39
63 60 51
63 61 46
63 62 41
63 63 -1
63 64 58
63 65 46
63 66 25
63 67 51
63 68 31
63 69 56
63 70 72
64 1 39
64 2 33
64 3 55
64 4 25
64 5 13
64 6 45
64 7 56
64 8 3
64 9 7
64 10 27
64 11 10
64 12 49
64 13 51
64 14 33
64 15 62
64 16 22
64 17 62
64 18 40
64 19 18
64 20 21
64 21 18
64 22 50
64 23 42
64 24 9
64 25 4
64 26 36
64 27 51
64 28 30
64 29 56
64 30 12
64 31 52
64 32 10
64 33 36
64 34 46
64 35 32
64 36 29
64 37 38
64 38 50
64 39 63
64 40 51
64 41 31
64 42 58
64 43 34
64 44 19
64 45 53
64 46 52
64 47 41
64 48 51
64 49 58
64 50 6
64 51 46
64 52 14
64 53 20
64 54 45
64 55 25
64 56 40
64 57 14
64 58 48
64 59 42
64 60 47
64 61 25
64 62 34
64 63 58
64 64 -1
64 65 26
64 66 33
64 67 20
64 68 63
64 69 7
64 70 18
65 1 17
65 2 25
65 3 29
65 4 35
65 5 34
65 6 20
65 7 56
65 8 24
65 9 27
65 10 1
65 11 30
65 12 45
65 13 39
65 14 14
65 15 37
65 16 19
65 17 38
65 18 16
65 19 37
65 20 5
65 21 8
65 22 27
65 23 24
65 24 20
65 25 28
65 26 33
65 27 24
65 28 10
65 29 47
65 30 23
65 31 31
65 32 36
65 33 18
65 34 35
65 35 11
65 36 7
65 37 30
65 38 42
65 39 46
65 40 28
65 41 17
65 42 39
65 43 12
65 44 22
65 45 54
65 46 28
65 47 16
65 48 52
65 49 37
65 50 32
65 51 23
65 52 19
65 53 8
65 54 23
65 55 6
65 56 21
65 57 12
65 58 31
65 59 16
65 60 21
65 61 1
65 62 45
65 63 46
65 64 26
65 65 -1
65 66 28
65 67 39
65 68 39
65 69 20
65 70 45
66 1 44
66 2 51
66 3 47
66 4 16
66 5 28
66 6 31
66 7 27
66 8 33
66 9 27
66 10 29
66 11 26
66 12 17
66 13 18
66 14 17
66 15 42
66 16 43
66 17 40
66 18 43
66 19 26
66 20 28
66 21 29
66 22 54
66 23 52
66 24 24
66 25 31
66 26 5
66 27 38
66 28 38
66 29 23
66 30 40
66 31 28
66 32 38
66 33 15
66 34 13
66 35 20
66 36 36
66 37 5
66 38 17
66 39 32
66 40 54
66 41 12
66 42 30
66 43 40
66 44 14
66 45 26
66 46 54
66 47 42
66 48 24
66 49 32
66 50 34
66 51 49
66 52 39
66 53 22
66 54 24
66 55 33
66 56 49
66 57 28
66 58 59
66 59 31
66 60 43
66 61 28
66 62 23
66 63 25
66 64 33
66 65 28
66 66 -1
66 67 27
66 68 41
66 69 32
66 70 46
67 1 54
67 2 52
67 3 66
67 4 11
67 5 7
67 6 52
67 7 41
67 8 22
67 9 13
67 10 40
67 11 10
67 12 37
67 13 45
67 14 37
67 15 67
67 16 41
67 17 66
67 18 55
67 19 2
67 20 35
67 21 33
67 22 66
67 23 59
67 24 19
67 25 16
67 26 26
67 27 59
67 28 46
67 29 47
67 30 32
67 31 54
67 32 16
67 33 38
67 34 40
67 35 39
67 36 44
67 37 33
67 38 41
67 39 59
67 40 66
67 41 33
67 42 57
67 43 49
67 44 18
67 45 38
67 46 67
67 47 55
67 48 36
67 49 59
67 50 16
67 51 61
67 52 34
67 53 31
67 54 48
67 55 40
67 56 57
67 57 29
67 58 66
67 59 50
67 60 60
67 61 38
67 62 16
67 63 51
67 64 20
67 65 39
67 66 27
67 67 -1
67 68 67
67 69 25
67 70 22
68 1 42
68 2 59
68 3 24
68 4 57
68 5 65
68 6 19
68 7 56
68 8 61
68 9 61
68 10 38
68 11 62
68 12 46
68 13 32
68 14 30
68 15 5
68 16 57
68 17 1
68 18 38
68 19 65
68 20 44
68 21 47
68 22 44
68 23 50
68 24 54
68 25 63
68 26 45
68 27 18
68 28 44
68 29 38
68 30 62
68 31 12
68 32 72
68 33 28
68 34 33
68 35 31
68 36 42
68 37 36
68 38 38
68 39 22
68 40 43
68 41 33
68 42 15
68 43 42
68 44 49
68 45 57
68 46 41
68 47 37
68 48 56
68 49 10
68 50 67
68 51 41
68 52 59
68 53 43
68 54 18
68 55 44
68 56 48
68 57 50
68 58 54
68 59 23
68 60 30
68 61 40
68 62 64
68 63 31
68 64 63
68 65 39
68 66 41
68 67 67
68 68 -1
68 69 58
68 70 81
69 1 32
69 2 27
69 3 49
69 4 28
69 5 18
69 6 39
69 7 57
69 8 4
69 9 11
69 10 21
69 11 15
69 12 48
69 13 49
69 14 28
69 15 56
69 16 16
69 17 57
69 18 33
69 19 23
69 20 15
69 21 12
69 22 43
69 23 35
69 24 8
69 25 10
69 26 35
69 27 45
69 28 23
69 29 55
69 30 8
69 31 48
69 32 17
69 33 31
69 34 44
69 35 27
69 36 22
69 37 37
69 38 49
69 39 59
69 40 44
69 41 27
69 42 54
69 43 27
69 44 18
69 45 54
69 46 45
69 47 33
69 48 52
69 49 54
69 50 13
69 51 39
69 52 9
69 53 15
69 54 40
69 55 18
69 56 33
69 57 7
69 58 41
69 59 36
69 60 40
69 61 18
69 62 38
69 63 56
69 64 7
69 65 20
69 66 32
69 67 25
69 68 58
69 69 -1
69 70 25
70 1 57
70 2 48
70 3 74
70 4 32
70 5 18
70 6 64
70 7 63
70 8 21
70 9 20
70 10 46
70 11 20
70 12 58
70 13 64
70 14 50
70 15 80
70 16 38
70 17 80
70 18 59
70 19 21
70 20 40
70 21 37
70 22 67
70 23 59
70 24 27
70 25 17
70 26 47
70 27 69
70 28 48
70 29 68
70 30 27
70 31 70
70 32 9
70 33 53
70 34 59
70 35 50
70 36 48
70 37 52
70 38 62
70 39 78
70 40 68
70 41 48
70 42 74
70 43 52
70 44 33
70 45 60
70 46 70
70 47 59
70 48 58
70 49 75
70 50 13
70 51 64
70 52 31
70 53 39
70 54 62
70 55 44
70 56 57
70 57 33
70 58 65
70 59 61
70 60 66
70 61 44
70 62 38
70 63 72
70 64 18
70 65 45
70 66 46
70 67 22
70 68 81
70 69 25
70 70 -1
