58 40
58 46
58 51
58 22
58 23
58 56
61 65
61 35
61 36
61 10
61 43
61 20
61 21
61 53
61 55
61 57
61 28
67 4
67 5
67 9
67 11
67 19
47 1
47 36
47 40
47 43
47 46
47 60
47 18
47 51
47 22
47 23
47 56
47 28
43 1
43 65
43 36
43 10
43 47
43 18
43 51
43 55
43 23
43 56
43 28
43 61
20 65
20 36
20 10
20 53
20 21
20 55
20 57
20 28
20 61
66 41
66 26
66 34
66 37
14 33
14 35
14 41
14 53
14 54
33 54
33 41
33 35
33 14
53 65
53 35
53 41
53 10
53 14
53 20
53 21
53 55
53 24
53 57
53 61
40 1
40 46
40 47
40 18
40 51
40 22
40 23
40 56
40 58
34 66
34 37
34 38
34 12
34 13
34 29
34 63
46 1
46 40
46 47
46 18
46 51
46 22
46 23
46 56
46 58
46 60
36 1
36 65
36 10
36 43
36 47
36 18
36 20
36 21
36 55
36 56
36 28
36 61
13 34
13 37
13 38
13 29
13 63
8 32
8 64
8 69
8 9
8 11
8 50
8 52
8 24
8 25
8 30
8 57
49 68
49 39
49 42
49 17
49 54
49 31
