1 1 -1
1 2 11
1 3 7
1 4 13
1 5 8
1 6 14
1 7 21
1 8 8
1 9 1
1 10 8
1 11 14
1 12 8
1 13 15
1 14 16
1 15 10
1 16 11
1 17 6
1 18 13
1 19 11
1 20 7
1 21 13
1 22 9
1 23 5
1 24 14
1 25 3
1 26 12
1 27 17
1 28 18
2 1 11
2 2 -1
2 3 18
2 4 23
2 5 13
2 6 23
2 7 26
2 8 19
2 9 11
2 10 17
2 11 22
2 12 14
2 13 24
2 14 5
2 15 16
2 16 21
2 17 10
2 18 13
2 19 20
2 20 4
2 21 3
2 22 12
2 23 9
2 24 18
2 25 9
2 26 23
2 27 28
2 28 29
3 1 7
3 2 18
3 3 -1
3 4 6
3 5 13
3 6 12
3 7 24
3 8 1
3 9 7
3 10 5
3 11 14
3 12 12
3 13 13
3 14 24
3 15 13
3 16 8
3 17 13
3 18 19
3 19 6
3 20 15
3 21 21
3 22 15
3 23 12
3 24 17
3 25 9
3 26 7
3 27 9
3 28 13
4 1 13
4 2 23
4 3 6
4 4 -1
4 5 19
4 6 17
4 7 30
4 8 6
4 9 12
4 10 5
4 11 19
4 12 18
4 13 18
4 14 28
4 15 19
4 16 14
4 17 19
4 18 25
4 19 3
4 20 19
4 21 26
4 22 21
4 23 18
4 24 24
4 25 13
4 26 10
4 27 9
4 28 15
5 1 8
5 2 13
5 3 13
5 4 19
5 5 -1
5 6 11
5 7 13
5 8 13
5 9 9
5 10 16
5 11 8
5 12 1
5 13 11
5 14 17
5 15 3
5 16 10
5 17 3
5 18 6
5 19 18
5 20 12
5 21 14
5 22 2
5 23 4
5 24 5
5 25 10
5 26 13
5 27 20
5 28 18
6 1 14
6 2 23
6 3 12
6 4 17
6 5 11
6 6 -1
6 7 13
6 8 11
6 9 15
6 10 17
6 11 4
6 12 9
6 13 1
6 14 28
6 15 8
6 16 3
6 17 13
6 18 16
6 19 18
6 20 21
6 21 25
6 22 13
6 23 13
6 24 11
6 25 17
6 26 6
6 27 12
6 28 8
7 1 21
7 2 26
7 3 24
7 4 30
7 5 13
7 6 13
7 7 -1
7 8 23
7 9 23
7 10 28
7 11 10
7 12 13
7 13 12
7 14 28
7 15 11
7 16 16
7 17 16
7 18 13
7 19 30
7 20 25
7 21 26
7 22 14
7 23 18
7 24 8
7 25 24
7 26 20
7 27 26
7 28 21
8 1 8
8 2 19
8 3 1
8 4 6
8 5 13
8 6 11
8 7 23
8 8 -1
8 9 7
8 10 6
8 11 13
8 12 12
8 13 12
8 14 24
8 15 13
8 16 8
8 17 13
8 18 19
8 19 7
8 20 15
8 21 21
8 22 15
8 23 12
8 24 17
8 25 9
8 26 6
8 27 9
8 28 12
9 1 1
9 2 11
9 3 7
9 4 12
9 5 9
9 6 15
9 7 23
9 8 7
9 9 -1
9 10 7
9 11 15
9 12 10
9 13 16
9 14 17
9 15 11
9 16 12
9 17 8
9 18 14
9 19 10
9 20 7
9 21 14
9 22 10
9 23 6
9 24 15
9 25 2
9 26 12
9 27 17
9 28 19
10 1 8
10 2 17
10 3 5
10 4 5
10 5 16
10 6 17
10 7 28
10 8 6
10 9 7
10 10 -1
10 11 18
10 12 15
10 13 18
10 14 23
10 15 17
10 16 13
10 17 14
10 18 21
10 19 3
10 20 13
10 21 20
10 22 17
10 23 13
10 24 21
10 25 8
10 26 12
10 27 13
10 28 18
11 1 14
11 2 22
11 3 14
11 4 19
11 5 8
11 6 4
11 7 10
11 8 13
11 9 15
11 10 18
11 11 -1
11 12 7
11 13 3
11 14 25
11 15 5
11 16 5
11 17 11
11 18 12
11 19 20
11 20 20
11 21 23
11 22 10
11 23 12
11 24 7
11 25 17
11 26 9
11 27 16
11 28 12
12 1 8
12 2 14
12 3 12
12 4 18
12 5 1
12 6 9
12 7 13
12 8 12
12 9 10
12 10 15
12 11 7
12 12 -1
12 13 10
12 14 18
12 15 2
12 16 8
12 17 4
12 18 7
12 19 18
12 20 13
12 21 15
12 22 3
12 23 5
12 24 5
12 25 11
12 26 12
12 27 19
12 28 17
13 1 15
13 2 24
13 3 13
13 4 18
13 5 11
13 6 1
13 7 12
13 8 12
13 9 16
13 10 18
13 11 3
13 12 10
13 13 -1
13 14 28
13 15 8
13 16 4
13 17 13
13 18 15
13 19 19
13 20 21
13 21 25
13 22 13
13 23 14
13 24 10
13 25 18
13 26 7
13 27 13
13 28 9
14 1 16
14 2 5
14 3 24
14 4 28
14 5 17
14 6 28
14 7 28
14 8 24
14 9 17
14 10 23
14 11 25
14 12 18
14 13 28
14 14 -1
14 15 20
14 16 26
14 17 14
14 18 15
14 19 25
14 20 9
14 21 2
14 22 15
14 23 14
14 24 20
14 25 15
14 26 28
14 27 33
14 28 34
15 1 10
15 2 16
15 3 13
15 4 19
15 5 3
15 6 8
15 7 11
15 8 13
15 9 11
15 10 17
15 11 5
15 12 2
15 13 8
15 14 20
15 15 -1
15 16 8
15 17 6
15 18 7
15 19 19
15 20 15
15 21 17
15 22 5
15 23 7
15 24 4
15 25 13
15 26 12
15 27 19
15 28 16
16 1 11
16 2 21
16 3 8
16 4 14
16 5 10
16 6 3
16 7 16
16 8 8
16 9 12
16 10 13
16 11 5
16 12 8
16 13 4
16 14 26
16 15 8
16 16 -1
16 17 12
16 18 15
16 19 15
16 20 18
16 21 23
16 22 12
16 23 12
16 24 12
16 25 14
16 26 4
16 27 11
16 28 8
17 1 6
17 2 10
17 3 13
17 4 19
17 5 3
17 6 13
17 7 16
17 8 13
17 9 8
17 10 14
17 11 11
17 12 4
17 13 13
17 14 14
17 15 6
17 16 12
17 17 -1
17 18 6
17 19 17
17 20 9
17 21 11
17 22 2
17 23 1
17 24 8
17 25 8
17 26 14
17 27 21
17 28 20
18 1 13
18 2 13
18 3 19
18 4 25
18 5 6
18 6 16
18 7 13
18 8 19
18 9 14
18 10 21
18 11 12
18 12 7
18 13 15
18 14 15
18 15 7
18 16 15
18 17 6
18 18 -1
18 19 24
18 20 13
18 21 13
18 22 4
18 23 8
18 24 5
18 25 15
18 26 19
18 27 26
18 28 24
19 1 11
19 2 20
19 3 6
19 4 3
19 5 18
19 6 18
19 7 30
19 8 7
19 9 10
19 10 3
19 11 20
19 12 18
19 13 19
19 14 25
19 15 19
19 16 15
19 17 17
19 18 24
19 19 -1
19 20 16
19 21 23
19 22 20
19 23 16
19 24 23
19 25 11
19 26 12
19 27 12
19 28 18
20 1 7
20 2 4
20 3 15
20 4 19
20 5 12
20 6 21
20 7 25
20 8 15
20 9 7
20 10 13
20 11 20
20 12 13
20 13 21
20 14 9
20 15 15
20 16 18
20 17 9
20 18 13
20 19 16
20 20 -1
20 21 7
20 22 11
20 23 8
20 24 17
20 25 5
20 26 20
20 27 24
20 28 26
21 1 13
21 2 3
21 3 21
21 4 26
21 5 14
21 6 25
21 7 26
21 8 21
21 9 14
21 10 20
21 11 23
21 12 15
21 13 25
21 14 2
21 15 17
21 16 23
21 17 11
21 18 13
21 19 23
21 20 7
21 21 -1
21 22 12
21 23 11
21 24 18
21 25 12
21 26 25
21 27 31
21 28 31
22 1 9
22 2 12
22 3 15
22 4 21
22 5 2
22 6 13
22 7 14
22 8 15
22 9 10
22 10 17
22 11 10
22 12 3
22 13 13
22 14 15
22 15 5
22 16 12
22 17 2
22 18 4
22 19 20
22 20 11
22 21 12
22 22 -1
22 23 4
22 24 6
22 25 11
22 26 15
22 27 22
22 28 21
23 1 5
23 2 9
23 3 12
23 4 18
23 5 4
23 6 13
23 7 18
23 8 12
23 9 6
23 10 13
23 11 12
23 12 5
23 13 14
23 14 14
23 15 7
23 16 12
23 17 1
23 18 8
23 19 16
23 20 8
23 21 11
23 22 4
23 23 -1
23 24 9
23 25 7
23 26 14
23 27 20
23 28 20
24 1 14
24 2 18
24 3 17
24 4 24
24 5 5
24 6 11
24 7 8
24 8 17
24 9 15
24 10 21
24 11 7
24 12 5
24 13 10
24 14 20
24 15 4
24 16 12
24 17 8
24 18 5
24 19 23
24 20 17
24 21 18
24 22 6
24 23 9
24 24 -1
24 25 16
24 26 16
24 27 23
24 28 19
25 1 3
25 2 9
25 3 9
25 4 13
25 5 10
25 6 17
25 7 24
25 8 9
25 9 2
25 10 8
25 11 17
25 12 11
25 13 18
25 14 15
25 15 13
25 16 14
25 17 8
25 18 15
25 19 11
25 20 5
25 21 12
25 22 11
25 23 7
25 24 16
25 25 -1
25 26 14
25 27 19
25 28 21
26 1 12
26 2 23
26 3 7
26 4 10
26 5 13
26 6 6
26 7 20
26 8 6
26 9 12
26 10 12
26 11 9
26 12 12
26 13 7
26 14 28
26 15 12
26 16 4
26 17 14
26 18 19
26 19 12
26 20 20
26 21 25
26 22 15
26 23 14
26 24 16
26 25 14
26 26 -1
26 27 7
26 28 6
27 1 17
27 2 28
27 3 9
27 4 9
27 5 20
27 6 12
27 7 26
27 8 9
27 9 17
27 10 13
27 11 16
27 12 19
27 13 13
27 14 33
27 15 19
27 16 11
27 17 21
27 18 26
27 19 12
27 20 24
27 21 31
27 22 22
27 23 20
27 24 23
27 25 19
27 26 7
27 27 -1
27 28 7
28 1 18
28 2 29
28 3 13
28 4 15
28 5 18
28 6 8
28 7 21
28 8 12
28 9 19
28 10 18
28 11 12
28 12 17
28 13 9
28 14 34
28 15 16
28 16 8
28 17 20
28 18 24
28 19 18
28 20 26
28 21 31
28 22 21
28 23 20
28 24 19
28 25 21
28 26 6
28 27 7
28 28 -1
