1 1 -1
1 2 12
1 3 20
1 4 21
1 5 15
1 6 12
1 7 10
1 8 24
1 9 8
1 10 15
1 11 9
1 12 12
1 13 16
1 14 20
1 15 23
1 16 15
1 17 11
1 18 2
1 19 9
1 20 28
1 21 16
1 22 24
1 23 13
1 24 18
2 1 12
2 2 -1
2 3 13
2 4 17
2 5 3
2 6 13
2 7 3
2 8 14
2 9 9
2 10 8
2 11 5
2 12 10
2 13 5
2 14 16
2 15 12
2 16 9
2 17 1
2 18 11
2 19 10
2 20 16
2 21 5
2 22 14
2 23 8
2 24 7
3 1 20
3 2 13
3 3 -1
3 4 5
3 5 10
3 6 10
3 7 16
3 8 7
3 9 12
3 10 5
3 11 18
3 12 8
3 13 10
3 14 4
3 15 10
3 16 4
3 17 12
3 18 18
3 19 12
3 20 14
3 21 8
3 22 6
3 23 6
3 24 9
4 1 21
4 2 17
4 3 5
4 4 -1
4 5 15
4 6 9
4 7 19
4 8 12
4 9 13
4 10 9
4 11 21
4 12 9
4 13 15
4 14 1
4 15 16
4 16 7
4 17 16
4 18 19
4 19 12
4 20 19
4 21 14
4 22 11
4 23 9
4 24 14
5 1 15
5 2 3
5 3 10
5 4 15
5 5 -1
5 6 13
5 7 6
5 8 11
5 9 11
5 10 6
5 11 8
5 12 10
5 13 1
5 14 14
5 15 8
5 16 8
5 17 3
5 18 14
5 19 12
5 20 13
5 21 2
5 22 11
5 23 7
5 24 3
6 1 12
6 2 13
6 3 10
6 4 9
6 5 13
6 6 -1
6 7 14
6 8 17
6 9 4
6 10 9
6 11 15
6 12 3
6 13 14
6 14 9
6 15 19
6 16 7
6 17 11
6 18 10
6 19 3
6 20 23
6 21 13
6 22 16
6 23 7
6 24 15
7 1 10
7 2 3
7 3 16
7 4 19
7 5 6
7 6 14
7 7 -1
7 8 18
7 9 10
7 10 11
7 11 2
7 12 12
7 13 8
7 14 18
7 15 15
7 16 12
7 17 4
7 18 10
7 19 11
7 20 19
7 21 8
7 22 17
7 23 10
7 24 10
8 1 24
8 2 14
8 3 7
8 4 12
8 5 11
8 6 17
8 7 18
8 8 -1
8 9 17
8 10 9
8 11 20
8 12 14
8 13 10
8 14 11
8 15 5
8 16 10
8 17 14
8 18 23
8 19 18
8 20 7
8 21 9
8 22 1
8 23 11
8 24 8
9 1 8
9 2 9
9 3 12
9 4 13
9 5 11
9 6 4
9 7 10
9 8 17
9 9 -1
9 10 8
9 11 10
9 12 4
9 13 12
9 14 12
9 15 18
9 16 7
9 17 8
9 18 6
9 19 1
9 20 22
9 21 11
9 22 17
9 23 6
9 24 13
10 1 15
10 2 8
10 3 5
10 4 9
10 5 6
10 6 9
10 7 11
10 8 9
10 9 8
10 10 -1
10 11 13
10 12 6
10 13 6
10 14 8
10 15 10
10 16 2
10 17 7
10 18 14
10 19 8
10 20 14
10 21 5
10 22 8
10 23 2
10 24 6
11 1 9
11 2 5
11 3 18
11 4 21
11 5 8
11 6 15
11 7 2
11 8 20
11 9 10
11 10 13
11 11 -1
11 12 13
11 13 10
11 14 20
11 15 17
11 16 14
11 17 6
11 18 9
11 19 12
11 20 22
11 21 10
11 22 19
11 23 12
11 24 12
12 1 12
12 2 10
12 3 8
12 4 9
12 5 10
12 6 3
12 7 12
12 8 14
12 9 4
12 10 6
12 11 13
12 12 -1
12 13 11
12 14 8
12 15 16
12 16 4
12 17 9
12 18 10
12 19 3
12 20 20
12 21 10
12 22 13
12 23 4
12 24 12
13 1 16
13 2 5
13 3 10
13 4 15
13 5 1
13 6 14
13 7 8
13 8 10
13 9 12
13 10 6
13 11 10
13 12 11
13 13 -1
13 14 14
13 15 7
13 16 8
13 17 5
13 18 15
13 19 13
13 20 12
13 21 1
13 22 10
13 23 7
13 24 2
14 1 20
14 2 16
14 3 4
14 4 1
14 5 14
14 6 9
14 7 18
14 8 11
14 9 12
14 10 8
14 11 20
14 12 8
14 13 14
14 14 -1
14 15 15
14 16 6
14 17 14
14 18 18
14 19 11
14 20 18
14 21 12
14 22 10
14 23 8
14 24 13
15 1 23
15 2 12
15 3 10
15 4 16
15 5 8
15 6 19
15 7 15
15 8 5
15 9 18
15 10 10
15 11 17
15 12 16
15 13 7
15 14 15
15 15 -1
15 16 12
15 17 12
15 18 22
15 19 18
15 20 5
15 21 7
15 22 6
15 23 12
15 24 5
16 1 15
16 2 9
16 3 4
16 4 7
16 5 8
16 6 7
16 7 12
16 8 10
16 9 7
16 10 2
16 11 14
16 12 4
16 13 8
16 14 6
16 15 12
16 16 -1
16 17 8
16 18 13
16 19 7
16 20 16
16 21 7
16 22 9
16 23 2
16 24 8
17 1 11
17 2 1
17 3 12
17 4 16
17 5 3
17 6 11
17 7 4
17 8 14
17 9 8
17 10 7
17 11 6
17 12 9
17 13 5
17 14 14
17 15 12
17 16 8
17 17 -1
17 18 10
17 19 9
17 20 17
17 21 5
17 22 13
17 23 6
17 24 7
18 1 2
18 2 11
18 3 18
18 4 19
18 5 14
18 6 10
18 7 10
18 8 23
18 9 6
18 10 14
18 11 9
18 12 10
18 13 15
18 14 18
18 15 22
18 16 13
18 17 10
18 18 -1
18 19 7
18 20 27
18 21 15
18 22 22
18 23 12
18 24 17
19 1 9
19 2 10
19 3 12
19 4 12
19 5 12
19 6 3
19 7 11
19 8 18
19 9 1
19 10 8
19 11 12
19 12 3
19 13 13
19 14 11
19 15 18
19 16 7
19 17 9
19 18 7
19 19 -1
19 20 23
19 21 12
19 22 17
19 23 6
19 24 14
20 1 28
20 2 16
20 3 14
20 4 19
20 5 13
20 6 23
20 7 19
20 8 7
20 9 22
20 10 14
20 11 22
20 12 20
20 13 12
20 14 18
20 15 5
20 16 16
20 17 17
20 18 27
20 19 23
20 20 -1
20 21 12
20 22 8
20 23 16
20 24 10
21 1 16
21 2 5
21 3 8
21 4 14
21 5 2
21 6 13
21 7 8
21 8 9
21 9 11
21 10 5
21 11 10
21 12 10
21 13 1
21 14 12
21 15 7
21 16 7
21 17 5
21 18 15
21 19 12
21 20 12
21 21 -1
21 22 9
21 23 6
21 24 2
22 1 24
22 2 14
22 3 6
22 4 11
22 5 11
22 6 16
22 7 17
22 8 1
22 9 17
22 10 8
22 11 19
22 12 13
22 13 10
22 14 10
22 15 6
22 16 9
22 17 13
22 18 22
22 19 17
22 20 8
22 21 9
22 22 -1
22 23 10
22 24 8
23 1 13
23 2 8
23 3 6
23 4 9
23 5 7
23 6 7
23 7 10
23 8 11
23 9 6
23 10 2
23 11 12
23 12 4
23 13 7
23 14 8
23 15 12
23 16 2
23 17 6
23 18 12
23 19 6
23 20 16
23 21 6
23 22 10
23 23 -1
23 24 8
24 1 18
24 2 7
24 3 9
24 4 14
24 5 3
24 6 15
24 7 10
24 8 8
24 9 13
24 10 6
24 11 12
24 12 12
24 13 2
24 14 13
24 15 5
24 16 8
24 17 7
24 18 17
24 19 14
24 20 10
24 21 2
24 22 8
24 23 8
24 24 -1
