1 1 -1
1 2 15
1 3 49
1 4 80
1 5 49
1 6 42
1 7 75
1 8 46
1 9 21
1 10 36
1 11 60
1 12 25
1 13 13
1 14 21
1 15 9
1 16 11
1 17 17
1 18 31
1 19 49
1 20 42
1 21 29
1 22 63
1 23 29
1 24 60
1 25 63
1 26 50
1 27 55
1 28 54
1 29 36
1 30 65
1 31 41
1 32 60
1 33 70
1 34 23
1 35 22
1 36 56
1 37 62
1 38 38
1 39 47
1 40 31
1 41 25
1 42 5
1 43 36
1 44 43
1 45 38
1 46 59
1 47 50
1 48 28
1 49 9
1 50 6
1 51 35
1 52 52
1 53 51
1 54 30
1 55 46
1 56 40
1 57 33
1 58 30
1 59 22
1 60 51
1 61 64
1 62 46
1 63 14
1 64 49
1 65 34
1 66 45
1 67 10
1 68 56
1 69 74
1 70 62
1 71 72
1 72 56
1 73 14
1 74 18
1 75 24
1 76 12
1 77 57
1 78 50
1 79 55
1 80 54
2 1 15
2 2 -1
2 3 34
2 4 72
2 5 38
2 6 36
2 7 67
2 8 54
2 9 14
2 10 21
2 11 46
2 12 22
2 13 2
2 14 8
2 15 7
2 16 26
2 17 16
2 18 16
2 19 34
2 20 49
2 21 18
2 22 49
2 23 21
2 24 65
2 25 64
2 26 52
2 27 53
2 28 44
2 29 32
2 30 50
2 31 28
2 32 53
2 33 61
2 34 27
2 35 26
2 36 42
2 37 54
2 38 44
2 39 32
2 40 24
2 41 25
2 42 14
2 43 22
2 44 39
2 45 47
2 46 53
2 47 56
2 48 34
2 49 11
2 50 9
2 51 39
2 52 40
2 53 37
2 54 24
2 55 38
2 56 27
2 57 42
2 58 27
2 59 11
2 60 42
2 61 55
2 62 38
2 63 20
2 64 54
2 65 43
2 66 53
2 67 18
2 68 50
2 69 63
2 70 64
2 71 62
2 72 58
2 73 29
2 74 26
2 75 27
2 76 25
2 77 42
2 78 40
2 79 42
2 80 54
3 1 49
3 2 34
3 3 -1
3 4 64
3 5 30
3 6 41
3 7 59
3 8 80
3 9 34
3 10 13
3 11 19
3 12 41
3 13 36
3 14 30
3 15 40
3 16 59
3 17 43
3 18 21
3 19 4
3 20 72
3 21 28
3 22 20
3 23 34
3 24 84
3 25 75
3 26 67
3 27 61
3 28 36
3 29 44
3 30 17
3 31 20
3 32 49
3 33 50
3 34 53
3 35 51
3 36 15
3 37 47
3 38 68
3 39 2
3 40 36
3 41 45
3 42 47
3 43 19
3 44 49
3 45 74
3 46 51
3 47 77
3 48 59
3 49 43
3 50 43
3 51 62
3 52 27
3 53 10
3 54 38
3 55 36
3 56 18
3 57 69
3 58 42
3 59 30
3 60 38
3 61 46
3 62 38
3 63 50
3 64 74
3 65 72
3 66 78
3 67 50
3 68 52
3 69 46
3 70 76
3 71 47
3 72 74
3 73 63
3 74 56
3 75 51
3 76 57
3 77 8
3 78 35
3 79 22
3 80 65
4 1 80
4 2 72
4 3 64
4 4 -1
4 5 35
4 6 37
4 7 5
4 8 69
4 9 59
4 10 69
4 11 47
4 12 55
4 13 73
4 14 77
4 15 72
4 16 82
4 17 88
4 18 74
4 19 68
4 20 62
4 21 54
4 22 50
4 23 51
4 24 59
4 25 41
4 26 46
4 27 32
4 28 29
4 29 43
4 30 73
4 31 48
4 32 19
4 33 14
4 34 62
4 35 61
4 36 50
4 37 18
4 38 62
4 39 66
4 40 49
4 41 55
4 42 75
4 43 54
4 44 38
4 45 71
4 46 20
4 47 60
4 48 62
4 49 70
4 50 74
4 51 58
4 52 37
4 53 74
4 54 49
4 55 34
4 56 50
4 57 69
4 58 49
4 59 61
4 60 30
4 61 18
4 62 34
4 63 91
4 64 58
4 65 73
4 66 67
4 67 72
4 68 25
4 69 22
4 70 42
4 71 17
4 72 48
4 73 89
4 74 70
4 75 59
4 76 78
4 77 68
4 78 32
4 79 42
4 80 38
5 1 49
5 2 38
5 3 30
5 4 35
5 5 -1
5 6 15
5 7 30
5 8 59
5 9 27
5 10 33
5 11 21
5 12 27
5 13 40
5 14 42
5 15 40
5 16 55
5 17 54
5 18 39
5 19 34
5 20 51
5 21 20
5 22 25
5 23 20
5 24 58
5 25 46
5 26 41
5 27 32
5 28 6
5 29 21
5 30 44
5 31 12
5 32 19
5 33 22
5 34 39
5 35 37
5 36 21
5 37 17
5 38 48
5 39 32
5 40 19
5 41 30
5 42 45
5 43 18
5 44 22
5 45 56
5 46 20
5 47 54
5 48 43
5 49 40
5 50 43
5 51 42
5 52 5
5 53 40
5 54 21
5 55 7
5 56 15
5 57 53
5 58 24
5 59 27
5 60 7
5 61 17
5 62 9
5 63 58
5 64 51
5 65 56
5 66 57
5 67 44
5 68 22
5 69 25
5 70 47
5 71 23
5 72 47
5 73 61
5 74 45
5 75 36
5 76 51
5 77 37
5 78 4
5 79 12
5 80 37
6 1 42
6 2 36
6 3 41
6 4 37
6 5 15
6 6 -1
6 7 33
6 8 44
6 9 22
6 10 39
6 11 36
6 12 17
6 13 37
6 14 42
6 15 34
6 16 46
6 17 52
6 18 43
6 19 45
6 20 36
6 21 19
6 22 40
6 23 14
6 24 44
6 25 34
6 26 26
6 27 19
6 28 16
6 29 7
6 30 57
6 31 21
6 32 17
6 33 28
6 34 26
6 35 25
6 36 35
6 37 21
6 38 33
6 39 42
6 40 12
6 41 18
6 42 37
6 43 24
6 44 7
6 45 42
6 46 17
6 47 39
6 48 29
6 49 33
6 50 37
6 51 28
6 52 21
6 53 50
6 54 12
6 55 8
6 56 23
6 57 39
6 58 12
6 59 25
6 60 11
6 61 23
6 62 6
6 63 54
6 64 36
6 65 42
6 66 42
6 67 34
6 68 14
6 69 35
6 70 34
6 71 31
6 72 33
6 73 52
6 74 34
6 75 23
6 76 41
6 77 49
6 78 12
6 79 27
6 80 23
7 1 75
7 2 67
7 3 59
7 4 5
7 5 30
7 6 33
7 7 -1
7 8 67
7 9 54
7 10 64
7 11 42
7 12 50
7 13 69
7 14 72
7 15 67
7 16 79
7 17 84
7 18 69
7 19 63
7 20 60
7 21 49
7 22 45
7 23 47
7 24 58
7 25 40
7 26 44
7 27 30
7 28 24
7 29 39
7 30 69
7 31 43
7 32 15
7 33 9
7 34 58
7 35 57
7 36 45
7 37 13
7 38 59
7 39 61
7 40 44
7 41 51
7 42 70
7 43 49
7 44 34
7 45 68
7 46 16
7 47 59
7 48 59
7 49 66
7 50 70
7 51 55
7 52 32
7 53 69
7 54 45
7 55 29
7 56 45
7 57 67
7 58 45
7 59 56
7 60 25
7 61 13
7 62 30
7 63 87
7 64 56
7 65 70
7 66 65
7 67 68
7 68 21
7 69 18
7 70 41
7 71 13
7 72 47
7 73 85
7 74 66
7 75 55
7 76 74
7 77 63
7 78 27
7 79 37
7 80 37
8 1 46
8 2 54
8 3 80
8 4 69
8 5 59
8 6 44
8 7 67
8 8 -1
8 9 45
8 10 72
8 11 80
8 12 38
8 13 53
8 14 63
8 15 47
8 16 38
8 17 63
8 18 70
8 19 82
8 20 8
8 21 51
8 22 84
8 23 46
8 24 18
8 25 32
8 26 23
8 27 37
8 28 60
8 29 38
8 30 97
8 31 61
8 32 55
8 33 68
8 34 27
8 35 29
8 36 78
8 37 61
8 38 11
8 39 79
8 40 44
8 41 34
8 42 42
8 43 61
8 44 37
8 45 8
8 46 53
8 47 10
8 48 21
8 49 43
8 50 46
8 51 17
8 52 65
8 53 87
8 54 42
8 55 52
8 56 63
8 57 12
8 58 38
8 59 50
8 60 55
8 61 64
8 62 50
8 63 59
8 64 12
8 65 13
8 66 2
8 67 37
8 68 47
8 69 78
8 70 31
8 71 73
8 72 23
8 73 43
8 74 28
8 75 29
8 76 34
8 77 88
8 78 56
8 79 71
8 80 31
9 1 21
9 2 14
9 3 34
9 4 59
9 5 27
9 6 22
9 7 54
9 8 45
9 9 -1
9 10 26
9 11 41
9 12 8
9 13 14
9 14 22
9 15 12
9 16 28
9 17 30
9 18 25
9 19 36
9 20 39
9 21 8
9 22 45
9 23 7
9 24 53
9 25 50
9 26 39
9 27 39
9 28 32
9 29 18
9 30 52
9 31 21
9 32 39
9 33 48
9 34 18
9 35 16
9 36 38
9 37 41
9 38 34
9 39 34
9 40 10
9 41 12
9 42 17
9 43 17
9 44 25
9 45 40
9 46 39
9 47 45
9 48 24
9 49 12
9 50 15
9 51 29
9 52 31
9 53 41
9 54 10
9 55 25
9 56 21
9 57 35
9 58 13
9 59 5
9 60 29
9 61 43
9 62 24
9 63 32
9 64 43
9 65 37
9 66 44
9 67 17
9 68 36
9 69 53
9 70 50
9 71 50
9 72 45
9 73 33
9 74 21
9 75 16
9 76 25
9 77 43
9 78 28
9 79 34
9 80 40
10 1 36
10 2 21
10 3 13
10 4 69
10 5 33
10 6 39
10 7 64
10 8 72
10 9 26
10 10 -1
10 11 30
10 12 34
10 13 23
10 14 17
10 15 28
10 16 47
10 17 30
10 18 8
10 19 13
10 20 65
10 21 22
10 22 32
10 23 28
10 24 79
10 25 73
10 26 63
10 27 59
10 28 39
10 29 39
10 30 28
10 31 21
10 32 52
10 33 55
10 34 44
10 35 42
10 36 26
10 37 50
10 38 60
10 39 11
10 40 30
10 41 38
10 42 36
10 43 16
10 44 46
10 45 65
10 46 53
10 47 71
10 48 50
10 49 31
10 50 31
10 51 55
10 52 31
10 53 15
10 54 32
10 55 37
10 56 18
10 57 61
10 58 36
10 59 21
10 60 40
10 61 50
10 62 38
10 63 37
10 64 68
10 65 62
10 66 70
10 67 38
10 68 53
10 69 54
10 70 73
10 71 54
10 72 70
10 73 50
10 74 46
10 75 43
10 76 46
10 77 21
10 78 37
10 79 29
10 80 62
11 1 60
11 2 46
11 3 19
11 4 47
11 5 21
11 6 36
11 7 42
11 8 80
11 9 41
11 10 30
11 11 -1
11 12 44
11 13 48
11 14 46
11 15 50
11 16 69
11 17 59
11 18 38
11 19 23
11 20 72
11 21 33
11 22 4
11 23 36
11 24 80
11 25 67
11 26 63
11 27 53
11 28 24
11 29 41
11 30 26
11 31 20
11 32 37
11 33 33
11 34 56
11 35 54
11 36 4
11 37 32
11 38 68
11 39 22
11 40 36
11 41 48
11 42 57
11 43 24
11 44 44
11 45 76
11 46 39
11 47 75
11 48 61
11 49 52
11 50 54
11 51 62
11 52 15
11 53 28
11 54 39
11 55 28
11 56 20
11 57 72
11 58 42
11 59 38
11 60 28
11 61 30
11 62 30
11 63 65
11 64 72
11 65 75
11 66 78
11 67 58
11 68 42
11 69 27
11 70 68
11 71 30
11 72 69
11 73 73
11 74 62
11 75 54
11 76 66
11 77 21
11 78 25
11 79 8
11 80 58
12 1 25
12 2 22
12 3 41
12 4 55
12 5 27
12 6 17
12 7 50
12 8 38
12 9 8
12 10 34
12 11 44
12 12 -1
12 13 22
12 14 30
12 15 18
12 16 28
12 17 36
12 18 34
12 19 44
12 20 31
12 21 13
12 22 48
12 23 8
12 24 45
12 25 42
12 26 30
12 27 31
12 28 31
12 29 11
12 30 59
12 31 24
12 32 35
12 33 46
12 34 12
12 35 10
12 36 42
12 37 38
12 38 26
12 39 41
12 40 8
12 41 4
12 42 19
12 43 22
12 44 18
12 45 33
12 46 34
12 47 37
12 48 17
12 49 16
12 50 20
12 51 21
12 52 32
12 53 48
12 54 6
12 55 23
12 56 25
12 57 28
12 58 5
12 59 13
12 60 27
12 61 40
12 62 21
12 63 37
12 64 34
12 65 31
12 66 36
12 67 17
12 68 31
12 69 52
12 70 42
12 71 48
12 72 37
12 73 34
12 74 18
12 75 9
12 76 24
12 77 50
12 78 26
12 79 37
12 80 32
13 1 13
13 2 2
13 3 36
13 4 73
13 5 40
13 6 37
13 7 69
13 8 53
13 9 14
13 10 23
13 11 48
13 12 22
13 13 -1
13 14 10
13 15 6
13 16 24
13 17 15
13 18 18
13 19 36
13 20 48
13 21 19
13 22 51
13 23 22
13 24 64
13 25 64
13 26 52
13 27 53
13 28 46
13 29 32
13 30 52
13 31 30
13 32 54
13 33 62
13 34 26
13 35 25
13 36 44
13 37 55
13 38 43
13 39 34
13 40 25
13 41 25
13 42 13
13 43 24
13 44 40
13 45 46
13 46 54
13 47 55
13 48 33
13 49 10
13 50 8
13 51 39
13 52 42
13 53 38
13 54 25
13 55 39
13 56 29
13 57 41
13 58 27
13 59 12
13 60 43
13 61 56
13 62 39
13 63 18
13 64 53
13 65 42
13 66 52
13 67 16
13 68 51
13 69 65
13 70 64
13 71 63
13 72 58
13 73 27
13 74 25
13 75 26
13 76 23
13 77 44
13 78 41
13 79 43
13 80 54
14 1 21
14 2 8
14 3 30
14 4 77
14 5 42
14 6 42
14 7 72
14 8 63
14 9 22
14 10 17
14 11 46
14 12 30
14 13 10
14 14 -1
14 15 16
14 16 33
14 17 13
14 18 10
14 19 30
14 20 58
14 21 24
14 22 48
14 23 28
14 24 74
14 25 72
14 26 61
14 27 61
14 28 48
14 29 40
14 30 45
14 31 31
14 32 58
14 33 65
14 34 36
14 35 34
14 36 42
14 37 59
14 38 53
14 39 28
14 40 31
14 41 33
14 42 22
14 43 24
14 44 47
14 45 56
14 46 59
14 47 65
14 48 42
14 49 20
14 50 17
14 51 48
14 52 43
14 53 31
14 54 32
14 55 43
14 56 29
14 57 51
14 58 35
14 59 18
14 60 47
14 61 60
14 62 43
14 63 20
14 64 63
14 65 52
14 66 62
14 67 26
14 68 57
14 69 66
14 70 72
14 71 65
14 72 67
14 73 34
14 74 35
14 75 36
14 76 32
14 77 38
14 78 45
14 79 43
14 80 62
15 1 9
15 2 7
15 3 40
15 4 72
15 5 40
15 6 34
15 7 67
15 8 47
15 9 12
15 10 28
15 11 50
15 12 18
15 13 6
15 14 16
15 15 -1
15 16 19
15 17 19
15 18 24
15 19 41
15 20 42
15 21 19
15 22 54
15 23 20
15 24 58
15 25 59
15 26 47
15 27 49
15 28 45
15 29 29
15 30 57
15 31 31
15 32 52
15 33 61
15 34 20
15 35 19
15 36 47
15 37 54
15 38 37
15 39 39
15 40 22
15 41 20
15 42 7
15 43 26
15 44 36
15 45 40
15 46 51
15 47 49
15 48 26
15 49 3
15 50 3
15 51 33
15 52 42
15 53 44
15 54 22
15 55 38
15 56 31
15 57 35
15 58 23
15 59 13
15 60 42
15 61 55
15 62 37
15 63 19
15 64 47
15 65 36
15 66 46
15 67 10
15 68 48
15 69 65
15 70 59
15 71 63
15 72 53
15 73 23
15 74 19
15 75 21
15 76 17
15 77 49
15 78 41
15 79 45
15 80 49
16 1 11
16 2 26
16 3 59
16 4 82
16 5 55
16 6 46
16 7 79
16 8 38
16 9 28
16 10 47
16 11 69
16 12 28
16 13 24
16 14 33
16 15 19
16 16 -1
16 17 27
16 18 42
16 19 60
16 20 36
16 21 36
16 22 73
16 23 35
16 24 54
16 25 60
16 26 47
16 27 55
16 28 59
16 29 39
16 30 76
16 31 49
16 32 63
16 33 74
16 34 21
16 35 21
16 36 66
16 37 67
16 38 32
16 39 58
16 40 36
16 41 27
16 42 12
16 43 45
16 44 44
16 45 30
16 46 62
16 47 44
16 48 23
16 49 17
16 50 16
16 51 30
16 52 59
16 53 63
16 54 34
16 55 51
16 56 49
16 57 26
16 58 33
16 59 31
16 60 55
16 61 69
16 62 50
16 63 21
16 64 43
16 65 25
16 66 38
16 67 11
16 68 58
16 69 80
16 70 59
16 71 77
16 72 52
16 73 6
16 74 13
16 75 24
16 76 5
16 77 68
16 78 55
16 79 63
16 80 52
17 1 17
17 2 16
17 3 43
17 4 88
17 5 54
17 6 52
17 7 84
17 8 63
17 9 30
17 10 30
17 11 59
17 12 36
17 13 15
17 14 13
17 15 19
17 16 27
17 17 -1
17 18 22
17 19 42
17 20 59
17 21 34
17 22 62
17 23 37
17 24 77
17 25 78
17 26 66
17 27 68
17 28 60
17 29 48
17 30 57
17 31 43
17 32 69
17 33 77
17 34 39
17 35 38
17 36 55
17 37 70
17 38 55
17 39 41
17 40 40
17 41 39
17 42 21
17 43 37
17 44 55
17 45 56
17 46 69
17 47 67
17 48 44
17 49 22
17 50 18
17 51 51
17 52 55
17 53 43
17 54 40
17 55 54
17 56 41
17 57 51
17 58 42
17 59 27
17 60 58
17 61 71
17 62 54
17 63 8
17 64 65
17 65 51
17 66 63
17 67 26
17 68 66
17 69 79
17 70 78
17 71 77
17 72 72
17 73 27
17 74 35
17 75 40
17 76 29
17 77 50
17 78 56
17 79 56
17 80 68
18 1 31
18 2 16
18 3 21
18 4 74
18 5 39
18 6 43
18 7 69
18 8 70
18 9 25
18 10 8
18 11 38
18 12 34
18 13 18
18 14 10
18 15 24
18 16 42
18 17 22
18 18 -1
18 19 20
18 20 64
18 21 24
18 22 40
18 23 29
18 24 79
18 25 74
18 26 64
18 27 62
18 28 45
18 29 41
18 30 35
18 31 26
18 32 57
18 33 61
18 34 42
18 35 40
18 36 34
18 37 56
18 38 59
18 39 18
18 40 32
18 41 38
18 42 31
18 43 20
18 44 48
18 45 63
18 46 57
18 47 70
18 48 49
18 49 27
18 50 26
18 51 54
18 52 38
18 53 21
18 54 33
18 55 41
18 56 24
18 57 58
18 58 37
18 59 20
18 60 45
18 61 56
18 62 42
18 63 30
18 64 68
18 65 60
18 66 69
18 67 35
18 68 57
18 69 61
18 70 75
18 71 61
18 72 71
18 73 44
18 74 43
18 75 41
18 76 41
18 77 28
18 78 42
18 79 37
18 80 64
19 1 49
19 2 34
19 3 4
19 4 68
19 5 34
19 6 45
19 7 63
19 8 82
19 9 36
19 10 13
19 11 23
19 12 44
19 13 36
19 14 30
19 15 41
19 16 60
19 17 42
19 18 20
19 19 -1
19 20 75
19 21 31
19 22 23
19 23 36
19 24 87
19 25 79
19 26 71
19 27 64
19 28 40
19 29 47
19 30 15
19 31 24
19 32 53
19 33 54
19 34 55
19 35 53
19 36 19
19 37 51
19 38 70
19 39 2
19 40 38
19 41 48
19 42 48
19 43 22
19 44 52
19 45 76
19 46 55
19 47 80
19 48 61
19 49 44
19 50 44
19 51 65
19 52 31
19 53 6
19 54 41
19 55 40
19 56 21
19 57 72
19 58 45
19 59 32
19 60 42
19 61 50
19 62 41
19 63 50
19 64 77
19 65 74
19 66 80
19 67 51
19 68 56
19 69 50
19 70 79
19 71 51
19 72 77
19 73 63
19 74 58
19 75 53
19 76 58
19 77 8
19 78 39
19 79 26
19 80 68
20 1 42
20 2 49
20 3 72
20 4 62
20 5 51
20 6 36
20 7 60
20 8 8
20 9 39
20 10 65
20 11 72
20 12 31
20 13 48
20 14 58
20 15 42
20 16 36
20 17 59
20 18 64
20 19 75
20 20 -1
20 21 43
20 22 76
20 23 38
20 24 18
20 25 27
20 26 17
20 27 30
20 28 51
20 29 30
20 30 89
20 31 53
20 32 47
20 33 60
20 34 21
20 35 23
20 36 70
20 37 53
20 38 4
20 39 72
20 40 36
20 41 26
20 42 38
20 43 53
20 44 29
20 45 9
20 46 45
20 47 8
20 48 15
20 49 38
20 50 42
20 51 9
20 52 57
20 53 79
20 54 34
20 55 44
20 56 55
20 57 10
20 58 30
20 59 44
20 60 46
20 61 56
20 62 42
20 63 56
20 64 7
20 65 13
20 66 6
20 67 32
20 68 39
20 69 70
20 70 26
20 71 65
20 72 18
20 73 41
20 74 24
20 75 22
20 76 32
20 77 81
20 78 48
20 79 63
20 80 24
21 1 29
21 2 18
21 3 28
21 4 54
21 5 20
21 6 19
21 7 49
21 8 51
21 9 8
21 10 22
21 11 33
21 12 13
21 13 19
21 14 24
21 15 19
21 16 36
21 17 34
21 18 24
21 19 31
21 20 43
21 21 -1
21 22 37
21 23 5
21 24 56
21 25 50
21 26 41
21 27 38
21 28 26
21 29 17
21 30 46
21 31 13
21 32 34
21 33 42
21 34 25
21 35 22
21 36 30
21 37 36
21 38 39
21 39 28
21 40 8
21 41 17
21 42 25
21 43 9
21 44 24
21 45 46
21 46 35
21 47 49
21 48 30
21 49 20
21 50 22
21 51 34
21 52 23
21 53 36
21 54 10
21 55 19
21 56 13
21 57 41
21 58 14
21 59 7
21 60 23
21 61 37
21 62 19
21 63 38
21 64 46
21 65 43
21 66 49
21 67 25
21 68 33
21 69 45
21 70 51
21 71 43
21 72 47
21 73 41
21 74 29
21 75 22
21 76 33
21 77 37
21 78 22
21 79 26
21 80 40
22 1 63
22 2 49
22 3 20
22 4 50
22 5 25
22 6 40
22 7 45
22 8 84
22 9 45
22 10 32
22 11 4
22 12 48
22 13 51
22 14 48
22 15 54
22 16 73
22 17 62
22 18 40
22 19 23
22 20 76
22 21 37
22 22 -1
22 23 40
22 24 84
22 25 72
22 26 67
22 27 57
22 28 28
22 29 46
22 30 24
22 31 24
22 32 41
22 33 36
22 34 61
22 35 59
22 36 7
22 37 36
22 38 73
22 39 23
22 40 41
22 41 52
22 42 61
22 43 28
22 44 48
22 45 80
22 46 43
22 47 80
22 48 66
22 49 56
22 50 57
22 51 67
22 52 20
22 53 28
22 54 43
22 55 33
22 56 24
22 57 76
22 58 47
22 59 42
22 60 32
22 61 34
22 62 35
22 63 68
22 64 77
22 65 79
22 66 82
22 67 62
22 68 46
22 69 29
22 70 72
22 71 32
22 72 73
22 73 77
22 74 66
22 75 58
22 76 70
22 77 19
22 78 29
22 79 13
22 80 63
23 1 29
23 2 21
23 3 34
23 4 51
23 5 20
23 6 14
23 7 47
23 8 46
23 9 7
23 10 28
23 11 36
23 12 8
23 13 22
23 14 28
23 15 20
23 16 35
23 17 37
23 18 29
23 19 36
23 20 38
23 21 5
23 22 40
23 23 -1
23 24 51
23 25 45
23 26 35
23 27 33
23 28 25
23 29 12
23 30 51
23 31 16
23 32 31
23 33 41
23 34 20
23 35 18
23 36 33
23 37 33
23 38 34
23 39 33
23 40 3
23 41 12
23 42 24
23 43 15
23 44 19
23 45 41
23 46 31
23 47 43
23 48 26
23 49 20
23 50 23
23 51 28
23 52 24
23 53 41
23 54 4
23 55 17
23 56 17
23 57 36
23 58 8
23 59 10
23 60 21
23 61 35
23 62 17
23 63 40
23 64 41
23 65 39
23 66 44
23 67 23
23 68 29
23 69 45
23 70 45
23 71 43
23 72 42
23 73 40
23 74 26
23 75 18
23 76 31
23 77 42
23 78 20
23 79 29
23 80 34
24 1 60
24 2 65
24 3 84
24 4 59
24 5 58
24 6 44
24 7 58
24 8 18
24 9 53
24 10 79
24 11 80
24 12 45
24 13 64
24 14 74
24 15 58
24 16 54
24 17 77
24 18 79
24 19 87
24 20 18
24 21 56
24 22 84
24 23 51
24 24 -1
24 25 18
24 26 17
24 27 29
24 28 57
24 29 40
24 30 101
24 31 64
24 32 48
24 33 60
24 34 38
24 35 39
24 36 79
24 37 54
24 38 22
24 39 84
24 40 48
24 41 41
24 42 55
24 43 65
24 44 36
24 45 25
24 46 46
24 47 10
24 48 32
24 49 55
24 50 59
24 51 25
24 52 64
24 53 92
24 54 46
24 55 51
24 56 66
24 57 28
24 58 42
24 59 58
24 60 52
24 61 57
24 62 49
24 63 74
24 64 11
24 65 30
24 66 17
24 67 50
24 68 40
24 69 71
24 70 17
24 71 66
24 72 11
24 73 59
24 74 42
24 75 37
24 76 50
24 77 92
24 78 54
24 79 71
24 80 22
25 1 63
25 2 64
25 3 75
25 4 41
25 5 46
25 6 34
25 7 40
25 8 32
25 9 50
25 10 73
25 11 67
25 12 42
25 13 64
25 14 72
25 15 59
25 16 60
25 17 78
25 18 74
25 19 79
25 20 27
25 21 50
25 22 72
25 23 45
25 24 18
25 25 -1
25 26 12
25 27 14
25 28 43
25 29 33
25 30 91
25 31 55
25 32 32
25 33 44
25 34 40
25 35 40
25 36 68
25 37 38
25 38 29
25 39 76
25 40 42
25 41 39
25 42 57
25 43 57
25 44 26
25 45 36
25 46 30
25 47 22
25 48 36
25 49 56
25 50 60
25 51 29
25 52 52
25 53 84
25 54 41
25 55 40
25 56 57
25 57 37
25 58 37
25 59 54
25 60 39
25 61 42
25 62 38
25 63 77
25 64 20
25 65 40
25 66 30
25 67 53
25 68 25
25 69 55
25 70 1
25 71 49
25 72 9
25 73 66
25 74 46
25 75 38
25 76 55
25 77 83
25 78 42
25 79 59
25 80 10
26 1 50
26 2 52
26 3 67
26 4 46
26 5 41
26 6 26
26 7 44
26 8 23
26 9 39
26 10 63
26 11 63
26 12 30
26 13 52
26 14 61
26 15 47
26 16 47
26 17 66
26 18 64
26 19 71
26 20 17
26 21 41
26 22 67
26 23 35
26 24 17
26 25 12
26 26 -1
26 27 14
26 28 40
26 29 23
26 30 84
26 31 47
26 32 32
26 33 45
26 34 27
26 35 28
26 36 62
26 37 38
26 38 17
26 39 68
26 40 32
26 41 27
26 42 45
26 43 49
26 44 19
26 45 26
26 46 30
26 47 15
26 48 23
26 49 44
26 50 48
26 51 17
26 52 47
26 53 76
26 54 30
26 55 34
26 56 49
26 57 26
26 58 26
26 59 43
26 60 35
26 61 41
26 62 32
26 63 64
26 64 12
26 65 29
26 66 21
26 67 40
26 68 24
26 69 55
26 70 12
26 71 50
26 72 6
26 73 53
26 74 33
26 75 26
26 76 42
26 77 75
26 78 37
26 79 54
26 80 7
27 1 55
27 2 53
27 3 61
27 4 32
27 5 32
27 6 19
27 7 30
27 8 37
27 9 39
27 10 59
27 11 53
27 12 31
27 13 53
27 14 61
27 15 49
27 16 55
27 17 68
27 18 62
27 19 64
27 20 30
27 21 38
27 22 57
27 23 33
27 24 29
27 25 14
27 26 14
27 27 -1
27 28 29
27 29 21
27 30 76
27 31 40
27 32 18
27 33 31
27 34 33
27 35 33
27 36 53
27 37 25
27 38 29
27 39 62
27 40 30
27 41 29
27 42 50
27 43 43
27 44 14
27 45 39
27 46 16
27 47 29
27 48 32
27 49 47
27 50 51
27 51 27
27 52 37
27 53 70
27 54 29
27 55 25
27 56 43
27 57 38
27 58 26
27 59 43
27 60 24
27 61 28
27 62 23
27 63 68
27 64 26
27 65 41
27 66 35
27 67 46
27 68 11
27 69 42
27 70 15
27 71 36
27 72 17
27 73 61
27 74 41
27 75 31
27 76 50
27 77 68
27 78 27
27 79 44
27 80 7
28 1 54
28 2 44
28 3 36
28 4 29
28 5 6
28 6 16
28 7 24
28 8 60
28 9 32
28 10 39
28 11 24
28 12 31
28 13 46
28 14 48
28 15 45
28 16 59
28 17 60
28 18 45
28 19 40
28 20 51
28 21 26
28 22 28
28 23 25
28 24 57
28 25 43
28 26 40
28 27 29
28 28 -1
28 29 23
28 30 49
28 31 18
28 32 13
28 33 16
28 34 41
28 35 40
28 36 25
28 37 11
28 38 49
28 39 38
28 40 23
28 41 33
28 42 49
28 43 24
28 44 22
28 45 58
28 46 15
28 47 54
28 48 45
28 49 45
28 50 48
28 51 44
28 52 9
28 53 46
28 54 25
28 55 8
28 56 21
28 57 55
28 58 26
28 59 33
28 60 5
28 61 11
28 62 10
28 63 64
28 64 50
28 65 58
28 66 58
28 67 48
28 68 18
28 69 20
28 70 44
28 71 17
28 72 45
28 73 65
28 74 49
28 75 38
28 76 55
28 77 42
28 78 4
28 79 16
28 80 35
29 1 36
29 2 32
29 3 44
29 4 43
29 5 21
29 6 7
29 7 39
29 8 38
29 9 18
29 10 39
29 11 41
29 12 11
29 13 32
29 14 40
29 15 29
29 16 39
29 17 48
29 18 41
29 19 47
29 20 30
29 21 17
29 22 46
29 23 12
29 24 40
29 25 33
29 26 23
29 27 21
29 28 23
29 29 -1
29 30 60
29 31 24
29 32 24
29 33 35
29 34 19
29 35 17
29 36 40
29 37 28
29 38 27
29 39 44
29 40 9
29 41 11
29 42 31
29 43 25
29 44 7
29 45 35
29 46 23
29 47 34
29 48 22
29 49 27
29 50 31
29 51 21
29 52 26
29 53 52
29 54 8
29 55 15
29 56 26
29 57 32
29 58 5
29 59 22
29 60 18
29 61 30
29 62 13
29 63 49
29 64 31
29 65 35
29 66 36
29 67 28
29 68 19
29 69 43
29 70 33
29 71 39
29 72 30
29 73 45
29 74 26
29 75 16
29 76 34
29 77 52
29 78 19
29 79 33
29 80 22
30 1 65
30 2 50
30 3 17
30 4 73
30 5 44
30 6 57
30 7 69
30 8 97
30 9 52
30 10 28
30 11 26
30 12 59
30 13 52
30 14 45
30 15 57
30 16 76
30 17 57
30 18 35
30 19 15
30 20 89
30 21 46
30 22 24
30 23 51
30 24 101
30 25 91
30 26 84
30 27 76
30 28 49
30 29 60
30 30 -1
30 31 36
30 32 62
30 33 60
30 34 70
30 35 68
30 36 24
30 37 58
30 38 85
30 39 18
30 40 53
30 41 63
30 42 64
30 43 36
30 44 65
30 45 92
30 46 64
30 47 94
30 48 76
30 49 60
30 50 59
30 51 80
30 52 39
30 53 14
30 54 55
30 55 51
30 56 34
30 57 87
30 58 59
30 59 47
30 60 52
30 61 57
30 62 53
30 63 65
30 64 92
30 65 89
30 66 95
30 67 67
30 68 67
30 69 53
30 70 91
30 71 56
30 72 90
30 73 79
30 74 73
30 75 68
30 76 74
30 77 8
30 78 49
30 79 33
30 80 81
31 1 41
31 2 28
31 3 20
31 4 48
31 5 12
31 6 21
31 7 43
31 8 61
31 9 21
31 10 21
31 11 20
31 12 24
31 13 30
31 14 31
31 15 31
31 16 49
31 17 43
31 18 26
31 19 24
31 20 53
31 21 13
31 22 24
31 23 16
31 24 64
31 25 55
31 26 47
31 27 40
31 28 18
31 29 24
31 30 36
31 31 -1
31 32 31
31 33 34
31 34 37
31 35 34
31 36 17
31 37 29
31 38 50
31 39 21
31 40 17
31 41 28
31 42 38
31 43 6
31 44 28
31 45 57
31 46 32
31 47 58
31 48 42
31 49 32
31 50 35
31 51 44
31 52 12
31 53 30
31 54 19
31 55 16
31 56 3
31 57 53
31 58 23
31 59 18
31 60 19
31 61 29
31 62 17
31 63 48
31 64 55
31 65 55
31 66 60
31 67 38
31 68 32
31 69 35
31 70 55
31 71 34
31 72 54
31 73 54
31 74 42
31 75 34
31 76 46
31 77 28
31 78 16
31 79 13
31 80 44
32 1 60
32 2 53
32 3 49
32 4 19
32 5 19
32 6 17
32 7 15
32 8 55
32 9 39
32 10 52
32 11 37
32 12 35
32 13 54
32 14 58
32 15 52
32 16 63
32 17 69
32 18 57
32 19 53
32 20 47
32 21 34
32 22 41
32 23 31
32 24 48
32 25 32
32 26 32
32 27 18
32 28 13
32 29 24
32 30 62
32 31 31
32 32 -1
32 33 13
32 34 43
32 35 41
32 36 38
32 37 6
32 38 45
32 39 51
32 40 29
32 41 35
32 42 55
32 43 36
32 44 19
32 45 54
32 46 2
32 47 47
32 48 44
32 49 51
32 50 54
32 51 41
32 52 23
32 53 59
32 54 29
32 55 15
32 56 34
32 57 52
32 58 29
32 59 41
32 60 12
32 61 9
32 62 15
32 63 71
32 64 44
32 65 55
32 66 53
32 67 52
32 68 8
32 69 23
32 70 33
32 71 18
32 72 36
32 73 69
32 74 50
32 75 39
32 76 58
32 77 55
32 78 15
32 79 29
32 80 25
33 1 70
33 2 61
33 3 50
33 4 14
33 5 22
33 6 28
33 7 9
33 8 68
33 9 48
33 10 55
33 11 33
33 12 46
33 13 62
33 14 65
33 15 61
33 16 74
33 17 77
33 18 61
33 19 54
33 20 60
33 21 42
33 22 36
33 23 41
33 24 60
33 25 44
33 26 45
33 27 31
33 28 16
33 29 35
33 30 60
33 31 34
33 32 13
33 33 -1
33 34 55
33 35 53
33 36 36
33 37 7
33 38 58
33 39 52
33 40 39
33 41 47
33 42 65
33 43 41
33 44 32
33 45 67
33 46 15
33 47 60
33 48 56
33 49 60
33 50 64
33 51 54
33 52 23
33 53 60
33 54 40
33 55 23
33 56 37
33 57 65
33 58 40
33 59 49
33 60 19
33 61 5
33 62 24
33 63 80
33 64 57
33 65 68
33 66 66
33 67 63
33 68 21
33 69 11
33 70 44
33 71 5
33 72 49
33 73 80
33 74 62
33 75 51
33 76 69
33 77 54
33 78 20
33 79 28
33 80 38
34 1 23
34 2 27
34 3 53
34 4 62
34 5 39
34 6 26
34 7 58
34 8 27
34 9 18
34 10 44
34 11 56
34 12 12
34 13 26
34 14 36
34 15 20
34 16 21
34 17 39
34 18 42
34 19 55
34 20 21
34 21 25
34 22 61
34 23 20
34 24 38
34 25 40
34 26 27
34 27 33
34 28 41
34 29 19
34 30 70
34 31 37
34 32 43
34 33 55
34 34 -1
34 35 2
34 36 54
34 37 47
34 38 17
34 39 52
34 40 20
34 41 9
34 42 18
34 43 34
34 44 23
34 45 21
34 46 41
34 47 28
34 48 6
34 49 17
34 50 21
34 51 12
34 52 44
34 53 59
34 54 18
34 55 33
34 56 37
34 57 16
34 58 15
34 59 23
34 60 37
34 61 49
34 62 32
34 63 37
34 64 26
34 65 18
34 66 26
34 67 13
34 68 37
34 69 62
34 70 39
34 71 58
34 72 33
34 73 27
34 74 7
34 75 3
34 76 16
34 77 62
34 78 37
34 79 49
34 80 31
35 1 22
35 2 26
35 3 51
35 4 61
35 5 37
35 6 25
35 7 57
35 8 29
35 9 16
35 10 42
35 11 54
35 12 10
35 13 25
35 14 34
35 15 19
35 16 21
35 17 38
35 18 40
35 19 53
35 20 23
35 21 22
35 22 59
35 23 18
35 24 39
35 25 40
35 26 28
35 27 33
35 28 40
35 29 17
35 30 68
35 31 34
35 32 41
35 33 53
35 34 2
35 35 -1
35 36 52
35 37 46
35 38 18
35 39 50
35 40 18
35 41 7
35 42 17
35 43 32
35 44 22
35 45 23
35 46 40
35 47 30
35 48 8
35 49 16
35 50 20
35 51 13
35 52 42
35 53 57
35 54 16
35 55 32
35 56 35
35 57 18
35 58 13
35 59 21
35 60 35
35 61 48
35 62 30
35 63 36
35 64 28
35 65 21
35 66 28
35 67 12
35 68 36
35 69 60
35 70 40
35 71 57
35 72 34
35 73 28
35 74 8
35 75 2
35 76 16
35 77 60
35 78 35
35 79 47
35 80 31
36 1 56
36 2 42
36 3 15
36 4 50
36 5 21
36 6 35
36 7 45
36 8 78
36 9 38
36 10 26
36 11 4
36 12 42
36 13 44
36 14 42
36 15 47
36 16 66
36 17 55
36 18 34
36 19 19
36 20 70
36 21 30
36 22 7
36 23 33
36 24 79
36 25 68
36 26 62
36 27 53
36 28 25
36 29 40
36 30 24
36 31 17
36 32 38
36 33 36
36 34 54
36 35 52
36 36 -1
36 37 34
36 38 67
36 39 18
36 40 34
36 41 45
36 42 54
36 43 21
36 44 43
36 45 74
36 46 40
36 47 74
36 48 59
36 49 49
36 50 50
36 51 61
36 52 15
36 53 24
36 54 37
36 55 28
36 56 17
36 57 70
36 58 40
36 59 35
36 60 28
36 61 32
36 62 30
36 63 61
36 64 71
36 65 73
36 66 76
36 67 55
36 68 43
36 69 30
36 70 68
36 71 33
36 72 68
36 73 70
36 74 59
36 75 51
36 76 63
36 77 18
36 78 25
36 79 8
36 80 58
37 1 62
37 2 54
37 3 47
37 4 18
37 5 17
37 6 21
37 7 13
37 8 61
37 9 41
37 10 50
37 11 32
37 12 38
37 13 55
37 14 59
37 15 54
37 16 67
37 17 70
37 18 56
37 19 51
37 20 53
37 21 36
37 22 36
37 23 33
37 24 54
37 25 38
37 26 38
37 27 25
37 28 11
37 29 28
37 30 58
37 31 29
37 32 6
37 33 7
37 34 47
37 35 46
37 36 34
37 37 -1
37 38 51
37 39 49
37 40 31
37 41 39
37 42 58
37 43 35
37 44 24
37 45 60
37 46 8
37 47 53
37 48 49
37 49 53
37 50 57
37 51 46
37 52 20
37 53 57
37 54 32
37 55 16
37 56 32
37 57 58
37 58 33
37 59 43
37 60 12
37 61 3
37 62 16
37 63 73
37 64 50
37 65 61
37 66 59
37 67 55
37 68 14
37 69 17
37 70 39
37 71 12
37 72 43
37 73 73
37 74 55
37 75 44
37 76 62
37 77 52
37 78 14
37 79 25
37 80 32
38 1 38
38 2 44
38 3 68
38 4 62
38 5 48
38 6 33
38 7 59
38 8 11
38 9 34
38 10 60
38 11 68
38 12 26
38 13 43
38 14 53
38 15 37
38 16 32
38 17 55
38 18 59
38 19 70
38 20 4
38 21 39
38 22 73
38 23 34
38 24 22
38 25 29
38 26 17
38 27 29
38 28 49
38 29 27
38 30 85
38 31 50
38 32 45
38 33 58
38 34 17
38 35 18
38 36 67
38 37 51
38 38 -1
38 39 68
38 40 32
38 41 22
38 42 33
38 43 49
38 44 27
38 45 9
38 46 43
38 47 12
38 48 10
38 49 34
38 50 37
38 51 5
38 52 54
38 53 75
38 54 30
38 55 41
38 56 51
38 57 8
38 58 26
38 59 39
38 60 44
38 61 54
38 62 39
38 63 52
38 64 11
38 65 11
38 66 10
38 67 28
38 68 37
38 69 68
38 70 28
38 71 63
38 72 20
38 73 38
38 74 20
38 75 17
38 76 28
38 77 77
38 78 45
38 79 60
38 80 24
39 1 47
39 2 32
39 3 2
39 4 66
39 5 32
39 6 42
39 7 61
39 8 79
39 9 34
39 10 11
39 11 22
39 12 41
39 13 34
39 14 28
39 15 39
39 16 58
39 17 41
39 18 18
39 19 2
39 20 72
39 21 28
39 22 23
39 23 33
39 24 84
39 25 76
39 26 68
39 27 62
39 28 38
39 29 44
39 30 18
39 31 21
39 32 51
39 33 52
39 34 52
39 35 50
39 36 18
39 37 49
39 38 68
39 39 -1
39 40 36
39 41 45
39 42 46
39 43 19
39 44 49
39 45 74
39 46 52
39 47 77
39 48 58
39 49 41
39 50 41
39 51 62
39 52 29
39 53 8
39 54 38
39 55 37
39 56 18
39 57 69
39 58 42
39 59 29
39 60 39
39 61 48
39 62 39
39 63 48
39 64 75
39 65 71
39 66 78
39 67 48
39 68 54
39 69 48
39 70 76
39 71 50
39 72 74
39 73 61
39 74 55
39 75 50
39 76 56
39 77 10
39 78 36
39 79 24
39 80 66
40 1 31
40 2 24
40 3 36
40 4 49
40 5 19
40 6 12
40 7 44
40 8 44
40 9 10
40 10 30
40 11 36
40 12 8
40 13 25
40 14 31
40 15 22
40 16 36
40 17 40
40 18 32
40 19 38
40 20 36
40 21 8
40 22 41
40 23 3
40 24 48
40 25 42
40 26 32
40 27 30
40 28 23
40 29 9
40 30 53
40 31 17
40 32 29
40 33 39
40 34 20
40 35 18
40 36 34
40 37 31
40 38 32
40 39 36
40 40 -1
40 41 11
40 42 26
40 43 16
40 44 16
40 45 39
40 46 29
40 47 41
40 48 25
40 49 21
40 50 25
40 51 26
40 52 24
40 53 44
40 54 2
40 55 15
40 56 18
40 57 35
40 58 6
40 59 13
40 60 20
40 61 33
40 62 14
40 63 42
40 64 38
40 65 38
40 66 42
40 67 24
40 68 26
40 69 44
40 70 42
40 71 41
40 72 39
40 73 42
40 74 26
40 75 17
40 76 31
40 77 44
40 78 19
40 79 29
40 80 32
41 1 25
41 2 25
41 3 45
41 4 55
41 5 30
41 6 18
41 7 51
41 8 34
41 9 12
41 10 38
41 11 48
41 12 4
41 13 25
41 14 33
41 15 20
41 16 27
41 17 39
41 18 38
41 19 48
41 20 26
41 21 17
41 22 52
41 23 12
41 24 41
41 25 39
41 26 27
41 27 29
41 28 33
41 29 11
41 30 63
41 31 28
41 32 35
41 33 47
41 34 9
41 35 7
41 36 45
41 37 39
41 38 22
41 39 45
41 40 11
41 41 -1
41 42 20
41 43 26
41 44 17
41 45 29
41 46 34
41 47 33
41 48 13
41 49 17
41 50 21
41 51 16
41 52 35
41 53 53
41 54 9
41 55 25
41 56 29
41 57 24
41 58 6
41 59 17
41 60 28
41 61 41
41 62 23
41 63 39
41 64 30
41 65 27
41 66 32
41 67 17
41 68 30
41 69 53
41 70 39
41 71 50
41 72 33
41 73 34
41 74 15
41 75 6
41 76 23
41 77 54
41 78 28
41 79 40
41 80 29
42 1 5
42 2 14
42 3 47
42 4 75
42 5 45
42 6 37
42 7 70
42 8 42
42 9 17
42 10 36
42 11 57
42 12 19
42 13 13
42 14 22
42 15 7
42 16 12
42 17 21
42 18 31
42 19 48
42 20 38
42 21 25
42 22 61
42 23 24
42 24 55
42 25 57
42 26 45
42 27 50
42 28 49
42 29 31
42 30 64
42 31 38
42 32 55
42 33 65
42 34 18
42 35 17
42 36 54
42 37 58
42 38 33
42 39 46
42 40 26
42 41 20
42 42 -1
42 43 33
42 44 37
42 45 34
42 46 54
42 47 45
42 48 23
42 49 5
42 50 5
42 51 30
42 52 48
42 53 51
42 54 25
42 55 42
42 56 37
42 57 29
42 58 25
42 59 19
42 60 46
42 61 59
42 62 41
42 63 19
42 64 44
42 65 30
42 66 41
42 67 5
42 68 50
42 69 70
42 70 57
42 71 67
42 72 51
42 73 16
42 74 13
42 75 19
42 76 10
42 77 56
42 78 45
42 79 51
42 80 48
43 1 36
43 2 22
43 3 19
43 4 54
43 5 18
43 6 24
43 7 49
43 8 61
43 9 17
43 10 16
43 11 24
43 12 22
43 13 24
43 14 24
43 15 26
43 16 45
43 17 37
43 18 20
43 19 22
43 20 53
43 21 9
43 22 28
43 23 15
43 24 65
43 25 57
43 26 49
43 27 43
43 28 24
43 29 25
43 30 36
43 31 6
43 32 36
43 33 41
43 34 34
43 35 32
43 36 21
43 37 35
43 38 49
43 39 19
43 40 16
43 41 26
43 42 33
43 43 -1
43 44 30
43 45 55
43 46 37
43 47 58
43 48 40
43 49 28
43 50 29
43 51 43
43 52 18
43 53 27
43 54 19
43 55 21
43 56 4
43 57 51
43 58 23
43 59 14
43 60 24
43 61 35
43 62 22
43 63 42
43 64 55
43 65 53
43 66 59
43 67 34
43 68 37
43 69 41
43 70 58
43 71 41
43 72 55
43 73 49
43 74 39
43 75 32
43 76 42
43 77 27
43 78 21
43 79 19
43 80 47
44 1 43
44 2 39
44 3 49
44 4 38
44 5 22
44 6 7
44 7 34
44 8 37
44 9 25
44 10 46
44 11 44
44 12 18
44 13 40
44 14 47
44 15 36
44 16 44
44 17 55
44 18 48
44 19 52
44 20 29
44 21 24
44 22 48
44 23 19
44 24 36
44 25 26
44 26 19
44 27 14
44 28 22
44 29 7
44 30 65
44 31 28
44 32 19
44 33 32
44 34 23
44 35 22
44 36 43
44 37 24
44 38 27
44 39 49
44 40 16
44 41 17
44 42 37
44 43 30
44 44 -1
44 45 36
44 46 18
44 47 31
44 48 24
44 49 34
44 50 38
44 51 22
44 52 28
44 53 58
44 54 15
44 55 15
44 56 31
44 57 33
44 58 12
44 59 29
44 60 17
44 61 27
44 62 13
44 63 55
44 64 28
44 65 36
44 66 35
44 67 34
44 68 13
44 69 41
44 70 27
44 71 36
44 72 25
44 73 50
44 74 31
44 75 20
44 76 39
44 77 57
44 78 19
44 79 35
44 80 16
45 1 38
45 2 47
45 3 74
45 4 71
45 5 56
45 6 42
45 7 68
45 8 8
45 9 40
45 10 65
45 11 76
45 12 33
45 13 46
45 14 56
45 15 40
45 16 30
45 17 56
45 18 63
45 19 76
45 20 9
45 21 46
45 22 80
45 23 41
45 24 25
45 25 36
45 26 26
45 27 39
45 28 58
45 29 35
45 30 92
45 31 57
45 32 54
45 33 67
45 34 21
45 35 23
45 36 74
45 37 60
45 38 9
45 39 74
45 40 39
45 41 29
45 42 34
45 43 55
45 44 36
45 45 -1
45 46 52
45 47 15
45 48 15
45 49 36
45 50 39
45 51 14
45 52 62
45 53 81
45 54 37
45 55 50
45 56 58
45 57 5
45 58 33
45 59 44
45 60 53
45 61 63
45 62 48
45 63 51
45 64 16
45 65 5
45 66 8
45 67 30
45 68 47
45 69 77
45 70 36
45 71 72
45 72 27
45 73 35
45 74 21
45 75 23
45 76 26
45 77 83
45 78 54
45 79 68
45 80 33
46 1 59
46 2 53
46 3 51
46 4 20
46 5 20
46 6 17
46 7 16
46 8 53
46 9 39
46 10 53
46 11 39
46 12 34
46 13 54
46 14 59
46 15 51
46 16 62
46 17 69
46 18 57
46 19 55
46 20 45
46 21 35
46 22 43
46 23 31
46 24 46
46 25 30
46 26 30
46 27 16
46 28 15
46 29 23
46 30 64
46 31 32
46 32 2
46 33 15
46 34 41
46 35 40
46 36 40
46 37 8
46 38 43
46 39 52
46 40 29
46 41 34
46 42 54
46 43 37
46 44 18
46 45 52
46 46 -1
46 47 45
46 48 42
46 49 50
46 50 54
46 51 39
46 52 24
46 53 61
46 54 29
46 55 16
46 56 35
46 57 50
46 58 29
46 59 41
46 60 13
46 61 11
46 62 15
46 63 71
46 64 42
46 65 54
46 66 51
46 67 51
46 68 6
46 69 25
46 70 31
46 71 20
46 72 34
46 73 68
46 74 49
46 75 38
46 76 57
46 77 57
46 78 16
46 79 31
46 80 23
47 1 50
47 2 56
47 3 77
47 4 60
47 5 54
47 6 39
47 7 59
47 8 10
47 9 45
47 10 71
47 11 75
47 12 37
47 13 55
47 14 65
47 15 49
47 16 44
47 17 67
47 18 70
47 19 80
47 20 8
47 21 49
47 22 80
47 23 43
47 24 10
47 25 22
47 26 15
47 27 29
47 28 54
47 29 34
47 30 94
47 31 58
47 32 47
47 33 60
47 34 28
47 35 30
47 36 74
47 37 53
47 38 12
47 39 77
47 40 41
47 41 33
47 42 45
47 43 58
47 44 31
47 45 15
47 46 45
47 47 -1
47 48 22
47 49 46
47 50 49
47 51 16
47 52 60
47 53 85
47 54 39
47 55 47
47 56 60
47 57 18
47 58 35
47 59 50
47 60 49
47 61 56
47 62 45
47 63 64
47 64 3
47 65 20
47 66 8
47 67 40
47 68 39
47 69 70
47 70 21
47 71 65
47 72 13
47 73 49
47 74 32
47 75 29
47 76 40
47 77 86
47 78 51
47 79 67
47 80 22
48 1 28
48 2 34
48 3 59
48 4 62
48 5 43
48 6 29
48 7 59
48 8 21
48 9 24
48 10 50
48 11 61
48 12 17
48 13 33
48 14 42
48 15 26
48 16 23
48 17 44
48 18 49
48 19 61
48 20 15
48 21 30
48 22 66
48 23 26
48 24 32
48 25 36
48 26 23
48 27 32
48 28 45
48 29 22
48 30 76
48 31 42
48 32 44
48 33 56
48 34 6
48 35 8
48 36 59
48 37 49
48 38 10
48 39 58
48 40 25
48 41 13
48 42 23
48 43 40
48 44 24
48 45 15
48 46 42
48 47 22
48 48 -1
48 49 23
48 50 26
48 51 7
48 52 48
48 53 66
48 54 22
48 55 37
48 56 43
48 57 10
48 58 19
48 59 29
48 60 40
48 61 51
48 62 35
48 63 42
48 64 21
48 65 13
48 66 20
48 67 18
48 68 37
48 69 65
48 70 36
48 71 60
48 72 28
48 73 29
48 74 10
48 75 8
48 76 18
48 77 68
48 78 41
48 79 53
48 80 28
49 1 9
49 2 11
49 3 43
49 4 70
49 5 40
49 6 33
49 7 66
49 8 43
49 9 12
49 10 31
49 11 52
49 12 16
49 13 10
49 14 20
49 15 3
49 16 17
49 17 22
49 18 27
49 19 44
49 20 38
49 21 20
49 22 56
49 23 20
49 24 55
49 25 56
49 26 44
49 27 47
49 28 45
49 29 27
49 30 60
49 31 32
49 32 51
49 33 60
49 34 17
49 35 16
49 36 49
49 37 53
49 38 34
49 39 41
49 40 21
49 41 17
49 42 5
49 43 28
49 44 34
49 45 36
49 46 50
49 47 46
49 48 23
49 49 -1
49 50 4
49 51 29
49 52 43
49 53 47
49 54 21
49 55 37
49 56 32
49 57 31
49 58 21
49 59 14
49 60 41
49 61 55
49 62 36
49 63 21
49 64 44
49 65 32
49 66 42
49 67 7
49 68 47
49 69 65
49 70 56
49 71 63
49 72 50
49 73 21
49 74 15
49 75 18
49 76 14
49 77 51
49 78 40
49 79 46
49 80 46
50 1 6
50 2 9
50 3 43
50 4 74
50 5 43
50 6 37
50 7 70
50 8 46
50 9 15
50 10 31
50 11 54
50 12 20
50 13 8
50 14 17
50 15 3
50 16 16
50 17 18
50 18 26
50 19 44
50 20 42
50 21 22
50 22 57
50 23 23
50 24 59
50 25 60
50 26 48
50 27 51
50 28 48
50 29 31
50 30 59
50 31 35
50 32 54
50 33 64
50 34 21
50 35 20
50 36 50
50 37 57
50 38 37
50 39 41
50 40 25
50 41 21
50 42 5
50 43 29
50 44 38
50 45 39
50 46 54
50 47 49
50 48 26
50 49 4
50 50 -1
50 51 33
50 52 46
50 53 46
50 54 25
50 55 41
50 56 34
50 57 34
50 58 25
50 59 16
50 60 45
50 61 58
50 62 40
50 63 17
50 64 48
50 65 35
50 66 46
50 67 9
50 68 51
50 69 68
50 70 60
50 71 66
50 72 54
50 73 20
50 74 18
50 75 22
50 76 15
50 77 51
50 78 44
50 79 48
50 80 50
51 1 35
51 2 39
51 3 62
51 4 58
51 5 42
51 6 28
51 7 55
51 8 17
51 9 29
51 10 55
51 11 62
51 12 21
51 13 39
51 14 48
51 15 33
51 16 30
51 17 51
51 18 54
51 19 65
51 20 9
51 21 34
51 22 67
51 23 28
51 24 25
51 25 29
51 26 17
51 27 27
51 28 44
51 29 21
51 30 80
51 31 44
51 32 41
51 33 54
51 34 12
51 35 13
51 36 61
51 37 46
51 38 5
51 39 62
51 40 26
51 41 16
51 42 30
51 43 43
51 44 22
51 45 14
51 46 39
51 47 16
51 48 7
51 49 29
51 50 33
51 51 -1
51 52 48
51 53 70
51 54 24
51 55 36
51 56 45
51 57 11
51 58 20
51 59 34
51 60 39
51 61 49
51 62 34
51 63 49
51 64 14
51 65 14
51 66 15
51 67 25
51 68 33
51 69 63
51 70 29
51 71 58
51 72 21
51 73 36
51 74 17
51 75 12
51 76 25
51 77 71
51 78 40
51 79 54
51 80 22
52 1 52
52 2 40
52 3 27
52 4 37
52 5 5
52 6 21
52 7 32
52 8 65
52 9 31
52 10 31
52 11 15
52 12 32
52 13 42
52 14 43
52 15 42
52 16 59
52 17 55
52 18 38
52 19 31
52 20 57
52 21 23
52 22 20
52 23 24
52 24 64
52 25 52
52 26 47
52 27 37
52 28 9
52 29 26
52 30 39
52 31 12
52 32 23
52 33 23
52 34 44
52 35 42
52 36 15
52 37 20
52 38 54
52 39 29
52 40 24
52 41 35
52 42 48
52 43 18
52 44 28
52 45 62
52 46 24
52 47 60
52 48 48
52 49 43
52 50 46
52 51 48
52 52 -1
52 53 37
52 54 26
52 55 13
52 56 14
52 57 58
52 58 29
52 59 30
52 60 12
52 61 19
52 62 15
52 63 60
52 64 57
52 65 61
52 66 63
52 67 47
52 68 27
52 69 23
52 70 53
52 71 22
52 72 53
52 73 64
52 74 50
52 75 41
52 76 55
52 77 32
52 78 9
52 79 7
52 80 43
53 1 51
53 2 37
53 3 10
53 4 74
53 5 40
53 6 50
53 7 69
53 8 87
53 9 41
53 10 15
53 11 28
53 12 48
53 13 38
53 14 31
53 15 44
53 16 63
53 17 43
53 18 21
53 19 6
53 20 79
53 21 36
53 22 28
53 23 41
53 24 92
53 25 84
53 26 76
53 27 70
53 28 46
53 29 52
53 30 14
53 31 30
53 32 59
53 33 60
53 34 59
53 35 57
53 36 24
53 37 57
53 38 75
53 39 8
53 40 44
53 41 53
53 42 51
53 43 27
53 44 58
53 45 81
53 46 61
53 47 85
53 48 66
53 49 47
53 50 46
53 51 70
53 52 37
53 53 -1
53 54 46
53 55 46
53 56 27
53 57 76
53 58 50
53 59 36
53 60 48
53 61 56
53 62 47
53 63 51
53 64 82
53 65 78
53 66 85
53 67 54
53 68 62
53 69 55
53 70 85
53 71 57
53 72 83
53 73 65
53 74 61
53 75 58
53 76 61
53 77 9
53 78 45
53 79 32
53 80 74
54 1 30
54 2 24
54 3 38
54 4 49
54 5 21
54 6 12
54 7 45
54 8 42
54 9 10
54 10 32
54 11 39
54 12 6
54 13 25
54 14 32
54 15 22
54 16 34
54 17 40
54 18 33
54 19 41
54 20 34
54 21 10
54 22 43
54 23 4
54 24 46
54 25 41
54 26 30
54 27 29
54 28 25
54 29 8
54 30 55
54 31 19
54 32 29
54 33 40
54 34 18
54 35 16
54 36 37
54 37 32
54 38 30
54 39 38
54 40 2
54 41 9
54 42 25
54 43 19
54 44 15
54 45 37
54 46 29
54 47 39
54 48 22
54 49 21
54 50 25
54 51 24
54 52 26
54 53 46
54 54 -1
54 55 17
54 56 21
54 57 33
54 58 4
54 59 14
54 60 21
54 61 34
54 62 15
54 63 42
54 64 36
54 65 36
54 66 40
54 67 23
54 68 26
54 69 45
54 70 41
54 71 42
54 72 37
54 73 40
54 74 24
54 75 15
54 76 30
54 77 46
54 78 20
54 79 31
54 80 30
55 1 46
55 2 38
55 3 36
55 4 34
55 5 7
55 6 8
55 7 29
55 8 52
55 9 25
55 10 37
55 11 28
55 12 23
55 13 39
55 14 43
55 15 38
55 16 51
55 17 54
55 18 41
55 19 40
55 20 44
55 21 19
55 22 33
55 23 17
55 24 51
55 25 40
55 26 34
55 27 25
55 28 8
55 29 15
55 30 51
55 31 16
55 32 15
55 33 23
55 34 33
55 35 32
55 36 28
55 37 16
55 38 41
55 39 37
55 40 15
55 41 25
55 42 42
55 43 21
55 44 15
55 45 50
55 46 16
55 47 47
55 48 37
55 49 37
55 50 41
55 51 36
55 52 13
55 53 46
55 54 17
55 55 -1
55 56 19
55 57 47
55 58 18
55 59 26
55 60 4
55 61 17
55 62 2
55 63 57
55 64 44
55 65 50
55 66 50
55 67 40
55 68 16
55 69 28
55 70 40
55 71 25
55 72 40
55 73 57
55 74 40
55 75 30
55 76 47
55 77 43
55 78 4
55 79 20
55 80 30
56 1 40
56 2 27
56 3 18
56 4 50
56 5 15
56 6 23
56 7 45
56 8 63
56 9 21
56 10 18
56 11 20
56 12 25
56 13 29
56 14 29
56 15 31
56 16 49
56 17 41
56 18 24
56 19 21
56 20 55
56 21 13
56 22 24
56 23 17
56 24 66
56 25 57
56 26 49
56 27 43
56 28 21
56 29 26
56 30 34
56 31 3
56 32 34
56 33 37
56 34 37
56 35 35
56 36 17
56 37 32
56 38 51
56 39 18
56 40 18
56 41 29
56 42 37
56 43 4
56 44 31
56 45 58
56 46 35
56 47 60
56 48 43
56 49 32
56 50 34
56 51 45
56 52 14
56 53 27
56 54 21
56 55 19
56 56 -1
56 57 54
56 58 25
56 59 18
56 60 22
56 61 32
56 62 20
56 63 47
56 64 57
56 65 56
56 66 61
56 67 38
56 68 35
56 69 37
56 70 58
56 71 37
56 72 56
56 73 53
56 74 42
56 75 35
56 76 46
56 77 26
56 78 19
56 79 14
56 80 47
57 1 33
57 2 42
57 3 69
57 4 69
57 5 53
57 6 39
57 7 67
57 8 12
57 9 35
57 10 61
57 11 72
57 12 28
57 13 41
57 14 51
57 15 35
57 16 26
57 17 51
57 18 58
57 19 72
57 20 10
57 21 41
57 22 76
57 23 36
57 24 28
57 25 37
57 26 26
57 27 38
57 28 55
57 29 32
57 30 87
57 31 53
57 32 52
57 33 65
57 34 16
57 35 18
57 36 70
57 37 58
57 38 8
57 39 69
57 40 35
57 41 24
57 42 29
57 43 51
57 44 33
57 45 5
57 46 50
57 47 18
57 48 10
57 49 31
57 50 34
57 51 11
57 52 58
57 53 76
57 54 33
57 55 47
57 56 54
57 57 -1
57 58 29
57 59 40
57 60 50
57 61 60
57 62 45
57 63 47
57 64 18
57 65 3
57 66 12
57 67 25
57 68 45
57 69 74
57 70 37
57 71 69
57 72 28
57 73 31
57 74 16
57 75 18
57 76 22
57 77 78
57 78 51
57 79 64
57 80 32
58 1 30
58 2 27
58 3 42
58 4 49
58 5 24
58 6 12
58 7 45
58 8 38
58 9 13
58 10 36
58 11 42
58 12 5
58 13 27
58 14 35
58 15 23
58 16 33
58 17 42
58 18 37
58 19 45
58 20 30
58 21 14
58 22 47
58 23 8
58 24 42
58 25 37
58 26 26
58 27 26
58 28 26
58 29 5
58 30 59
58 31 23
58 32 29
58 33 40
58 34 15
58 35 13
58 36 40
58 37 33
58 38 26
58 39 42
58 40 6
58 41 6
58 42 25
58 43 23
58 44 12
58 45 33
58 46 29
58 47 35
58 48 19
58 49 21
58 50 25
58 51 20
58 52 29
58 53 50
58 54 4
58 55 18
58 56 25
58 57 29
58 58 -1
58 59 17
58 60 22
58 61 35
58 62 17
58 63 43
58 64 32
58 65 32
58 66 36
58 67 22
58 68 25
58 69 47
58 70 37
58 71 43
58 72 33
58 73 40
58 74 22
58 75 12
58 76 29
58 77 51
58 78 22
58 79 34
58 80 27
59 1 22
59 2 11
59 3 30
59 4 61
59 5 27
59 6 25
59 7 56
59 8 50
59 9 5
59 10 21
59 11 38
59 12 13
59 13 12
59 14 18
59 15 13
59 16 31
59 17 27
59 18 20
59 19 32
59 20 44
59 21 7
59 22 42
59 23 10
59 24 58
59 25 54
59 26 43
59 27 43
59 28 33
59 29 22
59 30 47
59 31 18
59 32 41
59 33 49
59 34 23
59 35 21
59 36 35
59 37 43
59 38 39
59 39 29
59 40 13
59 41 17
59 42 19
59 43 14
59 44 29
59 45 44
59 46 41
59 47 50
59 48 29
59 49 14
59 50 16
59 51 34
59 52 30
59 53 36
59 54 14
59 55 26
59 56 18
59 57 40
59 58 17
59 59 -1
59 60 30
59 61 44
59 62 26
59 63 31
59 64 48
59 65 41
59 66 49
59 67 20
59 68 39
59 69 52
59 70 54
59 71 50
59 72 50
59 73 35
59 74 26
59 75 21
59 76 28
59 77 39
59 78 29
59 79 32
59 80 44
60 1 51
60 2 42
60 3 38
60 4 30
60 5 7
60 6 11
60 7 25
60 8 55
60 9 29
60 10 40
60 11 28
60 12 27
60 13 43
60 14 47
60 15 42
60 16 55
60 17 58
60 18 45
60 19 42
60 20 46
60 21 23
60 22 32
60 23 21
60 24 52
60 25 39
60 26 35
60 27 24
60 28 5
60 29 18
60 30 52
60 31 19
60 32 12
60 33 19
60 34 37
60 35 35
60 36 28
60 37 12
60 38 44
60 39 39
60 40 20
60 41 28
60 42 46
60 43 24
60 44 17
60 45 53
60 46 13
60 47 49
60 48 40
60 49 41
60 50 45
60 51 39
60 52 12
60 53 48
60 54 21
60 55 4
60 56 22
60 57 50
60 58 22
60 59 30
60 60 -1
60 61 13
60 62 5
60 63 61
60 64 45
60 65 53
60 66 53
60 67 44
60 68 14
60 69 25
60 70 40
60 71 21
60 72 41
60 73 61
60 74 44
60 75 34
60 76 51
60 77 44
60 78 3
60 79 19
60 80 30
61 1 64
61 2 55
61 3 46
61 4 18
61 5 17
61 6 23
61 7 13
61 8 64
61 9 43
61 10 50
61 11 30
61 12 40
61 13 56
61 14 60
61 15 55
61 16 69
61 17 71
61 18 56
61 19 50
61 20 56
61 21 37
61 22 34
61 23 35
61 24 57
61 25 42
61 26 41
61 27 28
61 28 11
61 29 30
61 30 57
61 31 29
61 32 9
61 33 5
61 34 49
61 35 48
61 36 32
61 37 3
61 38 54
61 39 48
61 40 33
61 41 41
61 42 59
61 43 35
61 44 27
61 45 63
61 46 11
61 47 56
61 48 51
61 49 55
61 50 58
61 51 49
61 52 19
61 53 56
61 54 34
61 55 17
61 56 32
61 57 60
61 58 35
61 59 44
61 60 13
61 61 -1
61 62 18
61 63 75
61 64 53
61 65 63
61 66 62
61 67 57
61 68 17
61 69 14
61 70 42
61 71 9
61 72 46
61 73 75
61 74 57
61 75 46
61 76 64
61 77 50
61 78 15
61 79 24
61 80 35
62 1 46
62 2 38
62 3 38
62 4 34
62 5 9
62 6 6
62 7 30
62 8 50
62 9 24
62 10 38
62 11 30
62 12 21
62 13 39
62 14 43
62 15 37
62 16 50
62 17 54
62 18 42
62 19 41
62 20 42
62 21 19
62 22 35
62 23 17
62 24 49
62 25 38
62 26 32
62 27 23
62 28 10
62 29 13
62 30 53
62 31 17
62 32 15
62 33 24
62 34 32
62 35 30
62 36 30
62 37 16
62 38 39
62 39 39
62 40 14
62 41 23
62 42 41
62 43 22
62 44 13
62 45 48
62 46 15
62 47 45
62 48 35
62 49 36
62 50 40
62 51 34
62 52 15
62 53 47
62 54 15
62 55 2
62 56 20
62 57 45
62 58 17
62 59 26
62 60 5
62 61 18
62 62 -1
62 63 57
62 64 42
62 65 48
62 66 48
62 67 39
62 68 15
62 69 30
62 70 38
62 71 26
62 72 38
62 73 56
62 74 39
62 75 28
62 76 46
62 77 45
62 78 6
62 79 22
62 80 28
63 1 14
63 2 20
63 3 50
63 4 91
63 5 58
63 6 54
63 7 87
63 8 59
63 9 32
63 10 37
63 11 65
63 12 37
63 13 18
63 14 20
63 15 19
63 16 21
63 17 8
63 18 30
63 19 50
63 20 56
63 21 38
63 22 68
63 23 40
63 24 74
63 25 77
63 26 64
63 27 68
63 28 64
63 29 49
63 30 65
63 31 48
63 32 71
63 33 80
63 34 37
63 35 36
63 36 61
63 37 73
63 38 52
63 39 48
63 40 42
63 41 39
63 42 19
63 43 42
63 44 55
63 45 51
63 46 71
63 47 64
63 48 42
63 49 21
63 50 17
63 51 49
63 52 60
63 53 51
63 54 42
63 55 57
63 56 47
63 57 47
63 58 43
63 59 31
63 60 61
63 61 75
63 62 57
63 63 -1
63 64 63
63 65 46
63 66 59
63 67 24
63 68 68
63 69 83
63 70 76
63 71 82
63 72 70
63 73 19
63 74 32
63 75 38
63 76 24
63 77 58
63 78 60
63 79 61
63 80 67
64 1 49
64 2 54
64 3 74
64 4 58
64 5 51
64 6 36
64 7 56
64 8 12
64 9 43
64 10 68
64 11 72
64 12 34
64 13 53
64 14 63
64 15 47
64 16 43
64 17 65
64 18 68
64 19 77
64 20 7
64 21 46
64 22 77
64 23 41
64 24 11
64 25 20
64 26 12
64 27 26
64 28 50
64 29 31
64 30 92
64 31 55
64 32 44
64 33 57
64 34 26
64 35 28
64 36 71
64 37 50
64 38 11
64 39 75
64 40 38
64 41 30
64 42 44
64 43 55
64 44 28
64 45 16
64 46 42
64 47 3
64 48 21
64 49 44
64 50 48
64 51 14
64 52 57
64 53 82
64 54 36
64 55 44
64 56 57
64 57 18
64 58 32
64 59 48
64 60 45
64 61 53
64 62 42
64 63 63
64 64 -1
64 65 20
64 66 10
64 67 39
64 68 36
64 69 67
64 70 19
64 71 62
64 72 11
64 73 49
64 74 31
64 75 26
64 76 39
64 77 83
64 78 47
64 79 64
64 80 19
65 1 34
65 2 43
65 3 72
65 4 73
65 5 56
65 6 42
65 7 70
65 8 13
65 9 37
65 10 62
65 11 75
65 12 31
65 13 42
65 14 52
65 15 36
65 16 25
65 17 51
65 18 60
65 19 74
65 20 13
65 21 43
65 22 79
65 23 39
65 24 30
65 25 40
65 26 29
65 27 41
65 28 58
65 29 35
65 30 89
65 31 55
65 32 55
65 33 68
65 34 18
65 35 21
65 36 73
65 37 61
65 38 11
65 39 71
65 40 38
65 41 27
65 42 30
65 43 53
65 44 36
65 45 5
65 46 54
65 47 20
65 48 13
65 49 32
65 50 35
65 51 14
65 52 61
65 53 78
65 54 36
65 55 50
65 56 56
65 57 3
65 58 32
65 59 41
65 60 53
65 61 63
65 62 48
65 63 46
65 64 20
65 65 -1
65 66 13
65 67 25
65 68 48
65 69 77
65 70 39
65 71 72
65 72 31
65 73 30
65 74 17
65 75 21
65 76 22
65 77 81
65 78 54
65 79 67
65 80 35
66 1 45
66 2 53
66 3 78
66 4 67
66 5 57
66 6 42
66 7 65
66 8 2
66 9 44
66 10 70
66 11 78
66 12 36
66 13 52
66 14 62
66 15 46
66 16 38
66 17 63
66 18 69
66 19 80
66 20 6
66 21 49
66 22 82
66 23 44
66 24 17
66 25 30
66 26 21
66 27 35
66 28 58
66 29 36
66 30 95
66 31 60
66 32 53
66 33 66
66 34 26
66 35 28
66 36 76
66 37 59
66 38 10
66 39 78
66 40 42
66 41 32
66 42 41
66 43 59
66 44 35
66 45 8
66 46 51
66 47 8
66 48 20
66 49 42
66 50 46
66 51 15
66 52 63
66 53 85
66 54 40
66 55 50
66 56 61
66 57 12
66 58 36
66 59 49
66 60 53
66 61 62
66 62 48
66 63 59
66 64 10
66 65 13
66 66 -1
66 67 36
66 68 45
66 69 76
66 70 30
66 71 71
66 72 21
66 73 43
66 74 27
66 75 27
66 76 34
66 77 87
66 78 54
66 79 70
66 80 29
67 1 10
67 2 18
67 3 50
67 4 72
67 5 44
67 6 34
67 7 68
67 8 37
67 9 17
67 10 38
67 11 58
67 12 17
67 13 16
67 14 26
67 15 10
67 16 11
67 17 26
67 18 35
67 19 51
67 20 32
67 21 25
67 22 62
67 23 23
67 24 50
67 25 53
67 26 40
67 27 46
67 28 48
67 29 28
67 30 67
67 31 38
67 32 52
67 33 63
67 34 13
67 35 12
67 36 55
67 37 55
67 38 28
67 39 48
67 40 24
67 41 17
67 42 5
67 43 34
67 44 34
67 45 30
67 46 51
67 47 40
67 48 18
67 49 7
67 50 9
67 51 25
67 52 47
67 53 54
67 54 23
67 55 40
67 56 38
67 57 25
67 58 22
67 59 20
67 60 44
67 61 57
67 62 39
67 63 24
67 64 39
67 65 25
67 66 36
67 67 -1
67 68 47
67 69 68
67 70 52
67 71 65
67 72 46
67 73 17
67 74 8
67 75 14
67 76 8
67 77 58
67 78 43
67 79 51
67 80 44
68 1 56
68 2 50
68 3 52
68 4 25
68 5 22
68 6 14
68 7 21
68 8 47
68 9 36
68 10 53
68 11 42
68 12 31
68 13 51
68 14 57
68 15 48
68 16 58
68 17 66
68 18 57
68 19 56
68 20 39
68 21 33
68 22 46
68 23 29
68 24 40
68 25 25
68 26 24
68 27 11
68 28 18
68 29 19
68 30 67
68 31 32
68 32 8
68 33 21
68 34 37
68 35 36
68 36 43
68 37 14
68 38 37
68 39 54
68 40 26
68 41 30
68 42 50
68 43 37
68 44 13
68 45 47
68 46 6
68 47 39
68 48 37
68 49 47
68 50 51
68 51 33
68 52 27
68 53 62
68 54 26
68 55 16
68 56 35
68 57 45
68 58 25
68 59 39
68 60 14
68 61 17
68 62 15
68 63 68
68 64 36
68 65 48
68 66 45
68 67 47
68 68 -1
68 69 31
68 70 26
68 71 26
68 72 28
68 73 64
68 74 44
68 75 34
68 76 53
68 77 59
68 78 17
68 79 34
68 80 18
69 1 74
69 2 63
69 3 46
69 4 22
69 5 25
69 6 35
69 7 18
69 8 78
69 9 53
69 10 54
69 11 27
69 12 52
69 13 65
69 14 66
69 15 65
69 16 80
69 17 79
69 18 61
69 19 50
69 20 70
69 21 45
69 22 29
69 23 45
69 24 71
69 25 55
69 26 55
69 27 42
69 28 20
69 29 43
69 30 53
69 31 35
69 32 23
69 33 11
69 34 62
69 35 60
69 36 30
69 37 17
69 38 68
69 39 48
69 40 44
69 41 53
69 42 70
69 43 41
69 44 41
69 45 77
69 46 25
69 47 70
69 48 65
69 49 65
69 50 68
69 51 63
69 52 23
69 53 55
69 54 45
69 55 28
69 56 37
69 57 74
69 58 47
69 59 52
69 60 25
69 61 14
69 62 30
69 63 83
69 64 67
69 65 77
69 66 76
69 67 68
69 68 31
69 69 -1
69 70 56
69 71 5
69 72 60
69 73 86
69 74 69
69 75 59
69 76 76
69 77 48
69 78 25
69 79 24
69 80 49
70 1 62
70 2 64
70 3 76
70 4 42
70 5 47
70 6 34
70 7 41
70 8 31
70 9 50
70 10 73
70 11 68
70 12 42
70 13 64
70 14 72
70 15 59
70 16 59
70 17 78
70 18 75
70 19 79
70 20 26
70 21 51
70 22 72
70 23 45
70 24 17
70 25 1
70 26 12
70 27 15
70 28 44
70 29 33
70 30 91
70 31 55
70 32 33
70 33 44
70 34 39
70 35 40
70 36 68
70 37 39
70 38 28
70 39 76
70 40 42
70 41 39
70 42 57
70 43 58
70 44 27
70 45 36
70 46 31
70 47 21
70 48 36
70 49 56
70 50 60
70 51 29
70 52 53
70 53 85
70 54 41
70 55 40
70 56 58
70 57 37
70 58 37
70 59 54
70 60 40
70 61 42
70 62 38
70 63 76
70 64 19
70 65 39
70 66 30
70 67 52
70 68 26
70 69 56
70 70 -1
70 71 50
70 72 8
70 73 65
70 74 46
70 75 38
70 76 55
70 77 83
70 78 43
70 79 60
70 80 10
71 1 72
71 2 62
71 3 47
71 4 17
71 5 23
71 6 31
71 7 13
71 8 73
71 9 50
71 10 54
71 11 30
71 12 48
71 13 63
71 14 65
71 15 63
71 16 77
71 17 77
71 18 61
71 19 51
71 20 65
71 21 43
71 22 32
71 23 43
71 24 66
71 25 49
71 26 50
71 27 36
71 28 17
71 29 39
71 30 56
71 31 34
71 32 18
71 33 5
71 34 58
71 35 57
71 36 33
71 37 12
71 38 63
71 39 50
71 40 41
71 41 50
71 42 67
71 43 41
71 44 36
71 45 72
71 46 20
71 47 65
71 48 60
71 49 63
71 50 66
71 51 58
71 52 22
71 53 57
71 54 42
71 55 25
71 56 37
71 57 69
71 58 43
71 59 50
71 60 21
71 61 9
71 62 26
71 63 82
71 64 62
71 65 72
71 66 71
71 67 65
71 68 26
71 69 5
71 70 50
71 71 -1
71 72 54
71 73 83
71 74 65
71 75 55
71 76 72
71 77 51
71 78 22
71 79 25
71 80 43
72 1 56
72 2 58
72 3 74
72 4 48
72 5 47
72 6 33
72 7 47
72 8 23
72 9 45
72 10 70
72 11 69
72 12 37
72 13 58
72 14 67
72 15 53
72 16 52
72 17 72
72 18 71
72 19 77
72 20 18
72 21 47
72 22 73
72 23 42
72 24 11
72 25 9
72 26 6
72 27 17
72 28 45
72 29 30
72 30 90
72 31 54
72 32 36
72 33 49
72 34 33
72 35 34
72 36 68
72 37 43
72 38 20
72 39 74
72 40 39
72 41 33
72 42 51
72 43 55
72 44 25
72 45 27
72 46 34
72 47 13
72 48 28
72 49 50
72 50 54
72 51 21
72 52 53
72 53 83
72 54 37
72 55 40
72 56 56
72 57 28
72 58 33
72 59 50
72 60 41
72 61 46
72 62 38
72 63 70
72 64 11
72 65 31
72 66 21
72 67 46
72 68 28
72 69 60
72 70 8
72 71 54
72 72 -1
72 73 58
72 74 38
72 75 32
72 76 47
72 77 82
72 78 43
72 79 60
72 80 10
73 1 14
73 2 29
73 3 63
73 4 89
73 5 61
73 6 52
73 7 85
73 8 43
73 9 33
73 10 50
73 11 73
73 12 34
73 13 27
73 14 34
73 15 23
73 16 6
73 17 27
73 18 44
73 19 63
73 20 41
73 21 41
73 22 77
73 23 40
73 24 59
73 25 66
73 26 53
73 27 61
73 28 65
73 29 45
73 30 79
73 31 54
73 32 69
73 33 80
73 34 27
73 35 28
73 36 70
73 37 73
73 38 38
73 39 61
73 40 42
73 41 34
73 42 16
73 43 49
73 44 50
73 45 35
73 46 68
73 47 49
73 48 29
73 49 21
73 50 20
73 51 36
73 52 64
73 53 65
73 54 40
73 55 57
73 56 53
73 57 31
73 58 40
73 59 35
73 60 61
73 61 75
73 62 56
73 63 19
73 64 49
73 65 30
73 66 43
73 67 17
73 68 64
73 69 86
73 70 65
73 71 83
73 72 58
73 73 -1
73 74 20
73 75 30
73 76 11
73 77 71
73 78 61
73 79 68
73 80 58
74 1 18
74 2 26
74 3 56
74 4 70
74 5 45
74 6 34
74 7 66
74 8 28
74 9 21
74 10 46
74 11 62
74 12 18
74 13 25
74 14 35
74 15 19
74 16 13
74 17 35
74 18 43
74 19 58
74 20 24
74 21 29
74 22 66
74 23 26
74 24 42
74 25 46
74 26 33
74 27 41
74 28 49
74 29 26
74 30 73
74 31 42
74 32 50
74 33 62
74 34 7
74 35 8
74 36 59
74 37 55
74 38 20
74 39 55
74 40 26
74 41 15
74 42 13
74 43 39
74 44 31
74 45 21
74 46 49
74 47 32
74 48 10
74 49 15
74 50 18
74 51 17
74 52 50
74 53 61
74 54 24
74 55 40
74 56 42
74 57 16
74 58 22
74 59 26
74 60 44
74 61 57
74 62 39
74 63 32
74 64 31
74 65 17
74 66 27
74 67 8
74 68 44
74 69 69
74 70 46
74 71 65
74 72 38
74 73 20
74 74 -1
74 75 10
74 76 8
74 77 65
74 78 44
74 79 55
74 80 38
75 1 24
75 2 27
75 3 51
75 4 59
75 5 36
75 6 23
75 7 55
75 8 29
75 9 16
75 10 43
75 11 54
75 12 9
75 13 26
75 14 36
75 15 21
75 16 24
75 17 40
75 18 41
75 19 53
75 20 22
75 21 22
75 22 58
75 23 18
75 24 37
75 25 38
75 26 26
75 27 31
75 28 38
75 29 16
75 30 68
75 31 34
75 32 39
75 33 51
75 34 3
75 35 2
75 36 51
75 37 44
75 38 17
75 39 50
75 40 17
75 41 6
75 42 19
75 43 32
75 44 20
75 45 23
75 46 38
75 47 29
75 48 8
75 49 18
75 50 22
75 51 12
75 52 41
75 53 58
75 54 15
75 55 30
75 56 35
75 57 18
75 58 12
75 59 21
75 60 34
75 61 46
75 62 28
75 63 38
75 64 26
75 65 21
75 66 27
75 67 14
75 68 34
75 69 59
75 70 38
75 71 55
75 72 32
75 73 30
75 74 10
75 75 -1
75 76 19
75 77 60
75 78 34
75 79 46
75 80 29
76 1 12
76 2 25
76 3 57
76 4 78
76 5 51
76 6 41
76 7 74
76 8 34
76 9 25
76 10 46
76 11 66
76 12 24
76 13 23
76 14 32
76 15 17
76 16 5
76 17 29
76 18 41
76 19 58
76 20 32
76 21 33
76 22 70
76 23 31
76 24 50
76 25 55
76 26 42
76 27 50
76 28 55
76 29 34
76 30 74
76 31 46
76 32 58
76 33 69
76 34 16
76 35 16
76 36 63
76 37 62
76 38 28
76 39 56
76 40 31
76 41 23
76 42 10
76 43 42
76 44 39
76 45 26
76 46 57
76 47 40
76 48 18
76 49 14
76 50 15
76 51 25
76 52 55
76 53 61
76 54 30
76 55 47
76 56 46
76 57 22
76 58 29
76 59 28
76 60 51
76 61 64
76 62 46
76 63 24
76 64 39
76 65 22
76 66 34
76 67 8
76 68 53
76 69 76
76 70 55
76 71 72
76 72 47
76 73 11
76 74 8
76 75 19
76 76 -1
76 77 66
76 78 51
76 79 59
76 80 47
77 1 57
77 2 42
77 3 8
77 4 68
77 5 37
77 6 49
77 7 63
77 8 88
77 9 43
77 10 21
77 11 21
77 12 50
77 13 44
77 14 38
77 15 49
77 16 68
77 17 50
77 18 28
77 19 8
77 20 81
77 21 37
77 22 19
77 23 42
77 24 92
77 25 83
77 26 75
77 27 68
77 28 42
77 29 52
77 30 8
77 31 28
77 32 55
77 33 54
77 34 62
77 35 60
77 36 18
77 37 52
77 38 77
77 39 10
77 40 44
77 41 54
77 42 56
77 43 27
77 44 57
77 45 83
77 46 57
77 47 86
77 48 68
77 49 51
77 50 51
77 51 71
77 52 32
77 53 9
77 54 46
77 55 43
77 56 26
77 57 78
77 58 51
77 59 39
77 60 44
77 61 50
77 62 45
77 63 58
77 64 83
77 65 81
77 66 87
77 67 58
77 68 59
77 69 48
77 70 83
77 71 51
77 72 82
77 73 71
77 74 65
77 75 60
77 76 66
77 77 -1
77 78 41
77 79 26
77 80 73
78 1 50
78 2 40
78 3 35
78 4 32
78 5 4
78 6 12
78 7 27
78 8 56
78 9 28
78 10 37
78 11 25
78 12 26
78 13 41
78 14 45
78 15 41
78 16 55
78 17 56
78 18 42
78 19 39
78 20 48
78 21 22
78 22 29
78 23 20
78 24 54
78 25 42
78 26 37
78 27 27
78 28 4
78 29 19
78 30 49
78 31 16
78 32 15
78 33 20
78 34 37
78 35 35
78 36 25
78 37 14
78 38 45
78 39 36
78 40 19
78 41 28
78 42 45
78 43 21
78 44 19
78 45 54
78 46 16
78 47 51
78 48 41
78 49 40
78 50 44
78 51 40
78 52 9
78 53 45
78 54 20
78 55 4
78 56 19
78 57 51
78 58 22
78 59 29
78 60 3
78 61 15
78 62 6
78 63 60
78 64 47
78 65 54
78 66 54
78 67 43
78 68 17
78 69 25
78 70 43
78 71 22
78 72 43
78 73 61
78 74 44
78 75 34
78 76 51
78 77 41
78 78 -1
78 79 16
78 80 33
79 1 55
79 2 42
79 3 22
79 4 42
79 5 12
79 6 27
79 7 37
79 8 71
79 9 34
79 10 29
79 11 8
79 12 37
79 13 43
79 14 43
79 15 45
79 16 63
79 17 56
79 18 37
79 19 26
79 20 63
79 21 26
79 22 13
79 23 29
79 24 71
79 25 59
79 26 54
79 27 44
79 28 16
79 29 33
79 30 33
79 31 13
79 32 29
79 33 28
79 34 49
79 35 47
79 36 8
79 37 25
79 38 60
79 39 24
79 40 29
79 41 40
79 42 51
79 43 19
79 44 35
79 45 68
79 46 31
79 47 67
79 48 53
79 49 46
79 50 48
79 51 54
79 52 7
79 53 32
79 54 31
79 55 20
79 56 14
79 57 64
79 58 34
79 59 32
79 60 19
79 61 24
79 62 22
79 63 61
79 64 64
79 65 67
79 66 70
79 67 51
79 68 34
79 69 24
79 70 60
79 71 25
79 72 60
79 73 68
79 74 55
79 75 46
79 76 59
79 77 26
79 78 16
79 79 -1
79 80 50
80 1 54
80 2 54
80 3 65
80 4 38
80 5 37
80 6 23
80 7 37
80 8 31
80 9 40
80 10 62
80 11 58
80 12 32
80 13 54
80 14 62
80 15 49
80 16 52
80 17 68
80 18 64
80 19 68
80 20 24
80 21 40
80 22 63
80 23 34
80 24 22
80 25 10
80 26 7
80 27 7
80 28 35
80 29 22
80 30 81
80 31 44
80 32 25
80 33 38
80 34 31
80 35 31
80 36 58
80 37 32
80 38 24
80 39 66
80 40 32
80 41 29
80 42 48
80 43 47
80 44 16
80 45 33
80 46 23
80 47 22
80 48 28
80 49 46
80 50 50
80 51 22
80 52 43
80 53 74
80 54 30
80 55 30
80 56 47
80 57 32
80 58 27
80 59 44
80 60 30
80 61 35
80 62 28
80 63 67
80 64 19
80 65 35
80 66 29
80 67 44
80 68 18
80 69 49
80 70 10
80 71 43
80 72 10
80 73 58
80 74 38
80 75 29
80 76 47
80 77 73
80 78 33
80 79 50
80 80 -1
