21 40
21 9
21 43
21 12
21 54
21 23
21 56
21 58
21 59
21 31
54 35
54 6
54 40
54 9
54 41
54 75
54 12
54 44
54 21
54 23
54 58
54 59
54 29
54 62
3 36
3 39
3 10
3 77
3 19
3 53
43 21
43 23
43 56
43 59
43 31
74 34
74 35
74 67
74 41
74 42
74 75
74 76
74 16
74 48
74 49
75 34
75 35
75 67
75 41
75 74
75 12
75 48
75 51
75 54
75 58
78 32
78 37
78 5
78 6
78 60
78 52
78 55
78 28
78 61
78 62
67 1
67 34
67 35
67 42
67 74
67 75
67 76
67 15
67 16
67 49
67 50
76 1
76 67
76 73
76 42
76 74
76 16
76 49
76 50
17 13
17 14
17 63
80 70
80 72
80 25
80 26
80 27
4 33
4 7
34 35
34 67
34 41
34 74
34 75
34 12
34 48
34 51
34 58
18 10
18 14
60 32
60 68
60 37
60 5
60 6
60 46
60 78
60 52
60 55
60 28
60 61
60 62
62 32
62 68
62 5
62 6
62 40
62 44
62 46
62 60
62 78
62 52
62 54
62 55
62 28
62 29
71 33
71 69
71 37
71 7
71 61
27 68
27 70
27 44
27 80
27 25
27 26
23 6
23 40
23 9
23 41
23 43
23 12
23 21
23 54
23 58
23 59
23 29
56 5
56 43
56 79
56 52
56 21
56 31
