1 1 -1
1 2 38
1 3 44
1 4 25
1 5 44
1 6 36
1 7 46
1 8 30
1 9 14
1 10 21
1 11 40
1 12 30
1 13 30
1 14 38
1 15 30
1 16 10
1 17 32
1 18 22
1 19 27
1 20 13
1 21 42
1 22 28
1 23 30
1 24 24
1 25 4
1 26 33
1 27 51
1 28 22
1 29 11
1 30 28
1 31 9
1 32 20
1 33 24
1 34 27
1 35 41
1 36 12
1 37 22
1 38 23
1 39 31
1 40 45
1 41 33
1 42 47
1 43 25
1 44 41
1 45 25
1 46 9
1 47 12
1 48 6
1 49 22
1 50 29
1 51 14
1 52 32
1 53 15
1 54 21
1 55 34
1 56 31
1 57 37
1 58 35
1 59 40
1 60 16
1 61 28
1 62 19
1 63 15
1 64 14
1 65 14
1 66 32
1 67 1
1 68 40
1 69 39
1 70 36
1 71 14
1 72 38
2 1 38
2 2 -1
2 3 8
2 4 60
2 5 63
2 6 47
2 7 82
2 8 68
2 9 45
2 10 44
2 11 37
2 12 28
2 13 57
2 14 61
2 15 9
2 16 43
2 17 13
2 18 31
2 19 20
2 20 28
2 21 79
2 22 32
2 23 39
2 24 58
2 25 35
2 26 15
2 27 61
2 28 52
2 29 43
2 30 40
2 31 33
2 32 44
2 33 49
2 34 61
2 35 3
2 36 28
2 37 46
2 38 54
2 39 69
2 40 64
2 41 68
2 42 62
2 43 14
2 44 79
2 45 37
2 46 41
2 47 41
2 48 41
2 49 57
2 50 10
2 51 50
2 52 71
2 53 49
2 54 59
2 55 7
2 56 63
2 57 51
2 58 62
2 59 67
2 60 54
2 61 59
2 62 35
2 63 52
2 64 42
2 65 38
2 66 27
2 67 37
2 68 69
2 69 45
2 70 74
2 71 44
2 72 71
3 1 44
3 2 8
3 3 -1
3 4 63
3 5 71
3 6 55
3 7 89
3 8 74
3 9 52
3 10 46
3 11 45
3 12 28
3 13 58
3 14 68
3 15 13
3 16 49
3 17 14
3 18 39
3 19 21
3 20 32
3 21 85
3 22 33
3 23 39
3 24 62
3 25 41
3 26 23
3 27 69
3 28 59
3 29 47
3 30 41
3 31 38
3 32 52
3 33 50
3 34 64
3 35 7
3 36 34
3 37 53
3 38 61
3 39 75
3 40 72
3 41 71
3 42 70
3 43 21
3 44 85
3 45 44
3 46 45
3 47 48
3 48 45
3 49 63
3 50 17
3 51 55
3 52 76
3 53 52
3 54 64
3 55 9
3 56 70
3 57 59
3 58 63
3 59 74
3 60 59
3 61 62
3 62 37
3 63 56
3 64 49
3 65 41
3 66 35
3 67 43
3 68 76
3 69 53
3 70 80
3 71 51
3 72 78
4 1 25
4 2 60
4 3 63
4 4 -1
4 5 61
4 6 57
4 7 43
4 8 25
4 9 33
4 10 19
4 11 65
4 12 40
4 13 14
4 14 54
4 15 51
4 16 30
4 17 49
4 18 47
4 19 42
4 20 32
4 21 40
4 22 35
4 23 32
4 24 2
4 25 29
4 26 58
4 27 71
4 28 37
4 29 16
4 30 30
4 31 26
4 32 40
4 33 16
4 34 3
4 35 63
4 36 37
4 37 42
4 38 36
4 39 23
4 40 62
4 41 8
4 42 66
4 43 49
4 44 34
4 45 49
4 46 19
4 47 34
4 48 20
4 49 30
4 50 52
4 51 11
4 52 22
4 53 11
4 54 13
4 55 54
4 56 40
4 57 58
4 58 16
4 59 52
4 60 14
4 61 8
4 62 27
4 63 10
4 64 36
4 65 22
4 66 58
4 67 26
4 68 49
4 69 62
4 70 29
4 71 34
4 72 43
5 1 44
5 2 63
5 3 71
5 4 61
5 5 -1
5 6 15
5 7 42
5 8 43
5 9 30
5 10 65
5 11 31
5 12 71
5 13 71
5 14 7
5 15 60
5 16 34
5 17 66
5 18 32
5 19 65
5 20 54
5 21 40
5 22 70
5 23 74
5 24 62
5 25 43
5 26 48
5 27 14
5 28 24
5 29 54
5 30 73
5 31 52
5 32 24
5 33 67
5 34 65
5 35 64
5 36 42
5 37 22
5 38 25
5 39 47
5 40 1
5 41 66
5 42 6
5 43 50
5 44 47
5 45 26
5 46 53
5 47 31
5 48 50
5 49 31
5 50 53
5 51 52
5 52 49
5 53 56
5 54 49
5 55 64
5 56 23
5 57 12
5 58 76
5 59 14
5 60 47
5 61 68
5 62 62
5 63 52
5 64 29
5 65 59
5 66 37
5 67 44
5 68 19
5 69 20
5 70 45
5 71 29
5 72 27
6 1 36
6 2 47
6 3 55
6 4 57
6 5 15
6 6 -1
6 7 50
6 8 46
6 9 24
6 10 57
6 11 16
6 12 59
6 13 65
6 14 16
6 15 46
6 16 27
6 17 52
6 18 18
6 19 52
6 20 42
6 21 47
6 22 59
6 23 63
6 24 58
6 25 33
6 26 33
6 27 15
6 28 22
6 29 47
6 30 63
6 31 42
6 32 17
6 33 60
6 34 61
6 35 49
6 36 30
6 37 15
6 38 25
6 39 49
6 40 16
6 41 64
6 42 15
6 43 36
6 44 53
6 45 12
6 46 45
6 47 24
6 48 42
6 49 31
6 50 39
6 51 47
6 52 51
6 53 50
6 54 47
6 55 50
6 56 28
6 57 3
6 58 70
6 59 24
6 60 44
6 61 63
6 62 52
6 63 47
6 64 22
6 65 50
6 66 21
6 67 35
6 68 29
6 69 6
6 70 50
6 71 23
6 72 35
7 1 46
7 2 82
7 3 89
7 4 43
7 5 42
7 6 50
7 7 -1
7 8 18
7 9 37
7 10 58
7 11 65
7 12 75
7 13 57
7 14 36
7 15 75
7 16 39
7 17 78
7 18 54
7 19 73
7 20 59
7 21 3
7 22 71
7 23 71
7 24 45
7 25 48
7 26 72
7 27 56
7 28 31
7 29 48
7 30 69
7 31 54
7 32 39
7 33 57
7 34 46
7 35 85
7 36 54
7 37 39
7 38 28
7 39 20
7 40 42
7 41 42
7 42 48
7 43 68
7 44 9
7 45 51
7 46 49
7 47 41
7 48 47
7 49 25
7 50 72
7 51 41
7 52 21
7 53 46
7 54 31
7 55 80
7 56 22
7 57 47
7 58 59
7 59 28
7 60 34
7 61 51
7 62 62
7 63 40
7 64 41
7 65 56
7 66 65
7 67 46
7 68 23
7 69 56
7 70 14
7 71 38
7 72 15
8 1 30
8 2 68
8 3 74
8 4 25
8 5 43
8 6 46
8 7 18
8 8 -1
8 9 25
8 10 40
8 11 59
8 12 58
8 13 39
8 14 36
8 15 60
8 16 26
8 17 62
8 18 44
8 19 57
8 20 43
8 21 15
8 22 54
8 23 53
8 24 27
8 25 33
8 26 60
8 27 56
8 28 24
8 29 30
8 30 51
8 31 37
8 32 31
8 33 39
8 34 28
8 35 71
8 36 40
8 37 32
8 38 21
8 39 3
8 40 44
8 41 26
8 42 49
8 43 54
8 44 11
8 45 43
8 46 32
8 47 29
8 48 30
8 49 15
8 50 59
8 51 23
8 52 5
8 53 28
8 54 13
8 55 65
8 56 20
8 57 44
8 58 41
8 59 31
8 60 16
8 61 33
8 62 44
8 63 22
8 64 30
8 65 38
8 66 55
8 67 31
8 68 27
8 69 52
8 70 5
8 71 26
8 72 20
9 1 14
9 2 45
9 3 52
9 4 33
9 5 30
9 6 24
9 7 37
9 8 25
9 9 -1
9 10 34
9 11 34
9 12 44
9 13 41
9 14 24
9 15 39
9 16 4
9 17 42
9 18 18
9 19 39
9 20 26
9 21 34
9 22 42
9 23 44
9 24 33
9 25 14
9 26 35
9 27 38
9 28 8
9 29 24
9 30 43
9 31 23
9 32 7
9 33 37
9 34 36
9 35 48
9 36 17
9 37 9
9 38 9
9 39 28
9 40 31
9 41 39
9 42 34
9 43 31
9 44 35
9 45 18
9 46 22
9 47 4
9 48 19
9 49 12
9 50 35
9 51 22
9 52 30
9 53 26
9 54 23
9 55 43
9 56 18
9 57 24
9 58 46
9 59 26
9 60 19
9 61 38
9 62 33
9 63 22
9 64 4
9 65 29
9 66 29
9 67 14
9 68 26
9 69 29
9 70 31
9 71 1
9 72 26
10 1 21
10 2 44
10 3 46
10 4 19
10 5 65
10 6 57
10 7 58
10 8 40
10 9 34
10 10 -1
10 11 59
10 12 20
10 13 13
10 14 59
10 15 35
10 16 30
10 17 31
10 18 41
10 19 24
10 20 18
10 21 55
10 22 15
10 23 13
10 24 17
10 25 23
10 26 45
10 27 72
10 28 42
10 29 11
10 30 10
10 31 15
10 32 41
10 33 5
10 34 19
10 35 47
10 36 28
10 37 43
10 38 42
10 39 39
10 40 66
10 41 26
10 42 68
10 43 36
10 44 51
10 45 45
10 46 12
10 47 33
10 48 15
10 49 39
10 50 38
10 51 17
10 52 39
10 53 12
10 54 27
10 55 37
10 56 49
10 57 58
10 58 18
10 59 59
10 60 24
10 61 16
10 62 9
10 63 18
10 64 35
10 65 7
10 66 49
10 67 21
10 68 58
10 69 59
10 70 45
10 71 35
10 72 55
11 1 40
11 2 37
11 3 45
11 4 65
11 5 31
11 6 16
11 7 65
11 8 59
11 9 34
11 10 59
11 11 -1
11 12 56
11 13 70
11 14 32
11 15 38
11 16 35
11 17 45
11 18 17
11 19 47
11 20 42
11 21 62
11 22 57
11 23 63
11 24 65
11 25 37
11 26 22
11 27 24
11 28 35
11 29 51
11 30 62
11 31 44
11 32 28
11 33 63
11 34 68
11 35 38
11 36 30
11 37 27
11 38 38
11 39 62
11 40 32
11 41 72
11 42 28
11 43 29
11 44 67
11 45 16
11 46 49
11 47 31
11 48 46
11 49 44
11 50 30
11 51 54
11 52 64
11 53 55
11 54 57
11 55 41
11 56 43
11 57 19
11 58 75
11 59 41
11 60 53
11 61 69
11 62 53
11 63 54
11 64 30
11 65 52
11 66 11
11 67 39
11 68 45
11 69 10
11 70 63
11 71 33
11 72 51
12 1 30
12 2 28
12 3 28
12 4 40
12 5 71
12 6 59
12 7 75
12 8 58
12 9 44
12 10 20
12 11 56
12 12 -1
12 13 32
12 14 67
12 15 21
12 16 40
12 17 14
12 18 41
12 19 9
12 20 18
12 21 72
12 22 5
12 23 11
12 24 38
12 25 30
12 26 36
12 27 75
12 28 52
12 29 27
12 30 13
12 31 21
12 32 48
12 33 25
12 34 40
12 35 31
12 36 29
12 37 50
12 38 53
12 39 57
12 40 72
12 41 47
12 42 73
12 43 27
12 44 69
12 45 47
12 46 25
12 47 41
12 48 28
12 49 52
12 50 27
12 51 35
12 52 58
12 53 31
12 54 46
12 55 21
12 56 61
12 57 62
12 58 36
12 59 70
12 60 41
12 61 36
12 62 13
12 63 36
12 64 43
12 65 19
12 66 45
12 67 30
12 68 70
12 69 60
12 70 63
12 71 44
12 72 68
13 1 30
13 2 57
13 3 58
13 4 14
13 5 71
13 6 65
13 7 57
13 8 39
13 9 41
13 10 13
13 11 70
13 12 32
13 13 -1
13 14 65
13 15 48
13 16 38
13 17 44
13 18 52
13 19 37
13 20 30
13 21 54
13 22 26
13 23 22
13 24 12
13 25 33
13 26 58
13 27 80
13 28 47
13 29 18
13 30 19
13 31 26
13 32 48
13 33 8
13 34 11
13 35 60
13 36 39
13 37 50
13 38 47
13 39 37
13 40 72
13 41 17
13 42 76
13 43 48
13 44 48
13 45 55
13 46 21
13 47 41
13 48 23
13 49 42
13 50 51
13 51 19
13 52 36
13 53 15
13 54 26
13 55 50
13 56 52
13 57 66
13 58 5
13 59 63
13 60 25
13 61 6
13 62 22
13 63 20
13 64 43
13 65 19
13 66 61
13 67 30
13 68 62
13 69 69
13 70 43
13 71 42
13 72 56
14 1 38
14 2 61
14 3 68
14 4 54
14 5 7
14 6 16
14 7 36
14 8 36
14 9 24
14 10 59
14 11 32
14 12 67
14 13 65
14 14 -1
14 15 57
14 16 28
14 17 62
14 18 29
14 19 61
14 20 49
14 21 34
14 22 65
14 23 68
14 24 55
14 25 37
14 26 47
14 27 20
14 28 17
14 29 48
14 30 67
14 31 47
14 32 19
14 33 61
14 34 58
14 35 63
14 36 38
14 37 17
14 38 18
14 39 40
14 40 7
14 41 59
14 42 13
14 43 47
14 44 40
14 45 24
14 46 47
14 47 26
14 48 44
14 49 24
14 50 51
14 51 45
14 52 42
14 53 49
14 54 42
14 55 61
14 56 16
14 57 13
14 58 69
14 59 8
14 60 40
14 61 61
14 62 57
14 63 45
14 64 24
14 65 53
14 66 36
14 67 38
14 68 13
14 69 22
14 70 38
14 71 24
14 72 21
15 1 30
15 2 9
15 3 13
15 4 51
15 5 60
15 6 46
15 7 75
15 8 60
15 9 39
15 10 35
15 11 38
15 12 21
15 13 48
15 14 57
15 15 -1
15 16 36
15 17 7
15 18 28
15 19 12
15 20 19
15 21 72
15 22 24
15 23 31
15 24 49
15 25 27
15 26 16
15 27 60
15 28 46
15 29 35
15 30 32
15 31 25
15 32 39
15 33 40
15 34 52
15 35 12
15 36 21
15 37 41
15 38 48
15 39 62
15 40 61
15 41 59
15 42 61
15 43 10
15 44 72
15 45 34
15 46 32
15 47 34
15 48 32
15 49 50
15 50 7
15 51 42
15 52 63
15 53 40
15 54 51
15 55 4
15 56 57
15 57 49
15 58 53
15 59 62
15 60 46
15 61 50
15 62 26
15 63 43
15 64 36
15 65 29
15 66 27
15 67 29
15 68 64
15 69 44
15 70 66
15 71 38
15 72 65
16 1 10
16 2 43
16 3 49
16 4 30
16 5 34
16 6 27
16 7 39
16 8 26
16 9 4
16 10 30
16 11 35
16 12 40
16 13 38
16 14 28
16 15 36
16 16 -1
16 17 39
16 18 19
16 19 35
16 20 22
16 21 36
16 22 38
16 23 40
16 24 30
16 25 10
16 26 34
16 27 42
16 28 12
16 29 20
16 30 39
16 31 19
16 32 10
16 33 33
16 34 33
16 35 46
16 36 14
16 37 12
16 38 13
16 39 28
16 40 35
16 41 37
16 42 38
16 43 29
16 44 36
16 45 19
16 46 18
16 47 4
16 48 15
16 49 14
16 50 33
16 51 19
16 52 30
16 53 22
16 54 22
16 55 40
16 56 21
16 57 28
16 58 43
16 59 30
16 60 17
16 61 35
16 62 29
16 63 19
16 64 5
16 65 25
16 66 30
16 67 10
16 68 30
16 69 31
16 70 31
16 71 4
16 72 29
17 1 32
17 2 13
17 3 14
17 4 49
17 5 66
17 6 52
17 7 78
17 8 62
17 9 42
17 10 31
17 11 45
17 12 14
17 13 44
17 14 62
17 15 7
17 16 39
17 17 -1
17 18 34
17 19 7
17 20 19
17 21 74
17 22 19
17 23 25
17 24 47
17 25 29
17 26 23
17 27 66
17 28 50
17 29 34
17 30 27
17 31 24
17 32 44
17 33 36
17 34 50
17 35 16
17 36 25
17 37 46
17 38 52
17 39 62
17 40 67
17 41 57
17 42 67
17 43 16
17 44 73
17 45 40
17 46 31
17 47 38
17 48 32
17 49 53
17 50 14
17 51 41
17 52 63
17 53 38
17 54 51
17 55 6
17 56 60
17 57 55
17 58 49
17 59 67
17 60 46
17 61 47
17 62 22
17 63 43
17 64 40
17 65 27
17 66 34
17 67 31
17 68 68
17 69 50
17 70 67
17 71 42
17 72 68
18 1 22
18 2 31
18 3 39
18 4 47
18 5 32
18 6 18
18 7 54
18 8 44
18 9 18
18 10 41
18 11 17
18 12 41
18 13 52
18 14 29
18 15 28
18 16 19
18 17 34
18 18 -1
18 19 33
18 20 25
18 21 51
18 22 42
18 23 46
18 24 47
18 25 19
18 26 18
18 27 33
18 28 23
18 29 34
18 30 46
18 31 26
18 32 15
18 33 45
18 34 50
18 35 33
18 36 13
18 37 15
18 38 26
18 39 47
18 40 33
18 41 55
18 42 33
18 43 18
18 44 54
18 45 6
18 46 31
18 47 15
18 48 29
18 49 30
18 50 21
18 51 36
18 52 48
18 53 38
18 54 41
18 55 32
18 56 33
18 57 21
18 58 57
18 59 35
18 60 36
18 61 51
18 62 36
18 63 37
18 64 14
18 65 34
18 66 11
18 67 21
18 68 38
18 69 18
18 70 49
18 71 17
18 72 41
19 1 27
19 2 20
19 3 21
19 4 42
19 5 65
19 6 52
19 7 73
19 8 57
19 9 39
19 10 24
19 11 47
19 12 9
19 13 37
19 14 61
19 15 12
19 16 35
19 17 7
19 18 33
19 19 -1
19 20 13
19 21 69
19 22 12
19 23 18
19 24 41
19 25 25
19 26 27
19 27 67
19 28 47
19 29 27
19 30 20
19 31 19
19 32 42
19 33 29
19 34 43
19 35 23
19 36 23
19 37 44
19 38 49
19 39 57
19 40 66
19 41 50
19 42 66
19 43 18
19 44 68
19 45 39
19 46 25
19 47 35
19 48 26
19 49 49
19 50 18
19 51 35
19 52 58
19 53 32
19 54 45
19 55 13
19 56 57
19 57 54
19 58 42
19 59 64
19 60 41
19 61 40
19 62 15
19 63 36
19 64 37
19 65 20
19 66 36
19 67 26
19 68 65
19 69 51
19 70 62
19 71 39
19 72 65
20 1 13
20 2 28
20 3 32
20 4 32
20 5 54
20 6 42
20 7 59
20 8 43
20 9 26
20 10 18
20 11 42
20 12 18
20 13 30
20 14 49
20 15 19
20 16 22
20 17 19
20 18 25
20 19 13
20 20 -1
20 21 56
20 22 16
20 23 21
20 24 30
20 25 12
20 26 27
20 27 58
20 28 34
20 29 15
20 30 20
20 31 5
20 32 30
20 33 22
20 34 33
20 35 31
20 36 12
20 37 32
20 38 35
20 39 43
20 40 55
20 41 40
20 42 56
20 43 18
20 44 54
20 45 30
20 46 13
20 47 23
20 48 13
20 49 35
20 50 21
20 51 22
20 52 44
20 53 20
20 54 32
20 55 22
20 56 44
20 57 44
20 58 35
20 59 52
20 60 27
20 61 32
20 62 10
20 63 24
20 64 25
20 65 11
20 66 32
20 67 13
20 68 52
20 69 44
20 70 48
20 71 26
20 72 51
21 1 42
21 2 79
21 3 85
21 4 40
21 5 40
21 6 47
21 7 3
21 8 15
21 9 34
21 10 55
21 11 62
21 12 72
21 13 54
21 14 34
21 15 72
21 16 36
21 17 74
21 18 51
21 19 69
21 20 56
21 21 -1
21 22 68
21 23 68
21 24 42
21 25 45
21 26 69
21 27 54
21 28 28
21 29 45
21 30 65
21 31 51
21 32 36
21 33 54
21 34 43
21 35 82
21 36 50
21 37 36
21 38 25
21 39 17
21 40 40
21 41 40
21 42 46
21 43 65
21 44 8
21 45 48
21 46 46
21 47 38
21 48 43
21 49 21
21 50 69
21 51 38
21 52 18
21 53 42
21 54 28
21 55 76
21 56 19
21 57 45
21 58 56
21 59 26
21 60 31
21 61 48
21 62 58
21 63 36
21 64 37
21 65 53
21 66 62
21 67 43
21 68 21
21 69 54
21 70 11
21 71 34
21 72 13
22 1 28
22 2 32
22 3 33
22 4 35
22 5 70
22 6 59
22 7 71
22 8 54
22 9 42
22 10 15
22 11 57
22 12 5
22 13 26
22 14 65
22 15 24
22 16 38
22 17 19
22 18 42
22 19 12
22 20 16
22 21 68
22 22 -1
22 23 6
22 24 33
22 25 28
22 26 39
22 27 75
22 28 50
22 29 23
22 30 8
22 31 19
22 32 46
22 33 19
22 34 35
22 35 35
22 36 29
22 37 48
22 38 51
22 39 53
22 40 71
22 41 42
22 42 73
22 43 29
22 44 65
22 45 47
22 46 22
22 47 39
22 48 24
22 49 49
22 50 30
22 51 30
22 52 53
22 53 26
22 54 41
22 55 25
22 56 59
22 57 61
22 58 31
22 59 68
22 60 37
22 61 31
22 62 9
22 63 32
22 64 41
22 65 15
22 66 46
22 67 28
22 68 68
22 69 60
22 70 59
22 71 42
22 72 65
23 1 30
23 2 39
23 3 39
23 4 32
23 5 74
23 6 63
23 7 71
23 8 53
23 9 44
23 10 13
23 11 63
23 12 11
23 13 22
23 14 68
23 15 31
23 16 40
23 17 25
23 18 46
23 19 18
23 20 21
23 21 68
23 22 6
23 23 -1
23 24 30
23 25 31
23 26 45
23 27 79
23 28 52
23 29 23
23 30 2
23 31 21
23 32 50
23 33 16
23 34 31
23 35 41
23 36 33
23 37 52
23 38 53
23 39 52
23 40 75
23 41 38
23 42 77
23 43 35
23 44 64
23 45 51
23 46 23
23 47 42
23 48 26
23 49 51
23 50 36
23 51 30
23 52 52
23 53 25
23 54 40
23 55 31
23 56 61
23 57 65
23 58 26
23 59 70
23 60 37
23 61 27
23 62 11
23 63 31
23 64 44
23 65 16
23 66 52
23 67 30
23 68 70
23 69 65
23 70 58
23 71 44
23 72 67
24 1 24
24 2 58
24 3 62
24 4 2
24 5 62
24 6 58
24 7 45
24 8 27
24 9 33
24 10 17
24 11 65
24 12 38
24 13 12
24 14 55
24 15 49
24 16 30
24 17 47
24 18 47
24 19 41
24 20 30
24 21 42
24 22 33
24 23 30
24 24 -1
24 25 28
24 26 57
24 27 72
24 28 38
24 29 15
24 30 27
24 31 25
24 32 40
24 33 14
24 34 3
24 35 61
24 36 36
24 37 42
24 38 37
24 39 25
24 40 63
24 41 9
24 42 67
24 43 48
24 44 36
24 45 49
24 46 18
24 47 34
24 48 19
24 49 31
24 50 51
24 51 11
24 52 24
24 53 10
24 54 14
24 55 52
24 56 42
24 57 58
24 58 14
24 59 53
24 60 15
24 61 6
24 62 25
24 63 10
24 64 36
24 65 20
24 66 57
24 67 25
24 68 50
24 69 62
24 70 31
24 71 34
24 72 45
25 1 4
25 2 35
25 3 41
25 4 29
25 5 43
25 6 33
25 7 48
25 8 33
25 9 14
25 10 23
25 11 37
25 12 30
25 13 33
25 14 37
25 15 27
25 16 10
25 17 29
25 18 19
25 19 25
25 20 12
25 21 45
25 22 28
25 23 31
25 24 28
25 25 -1
25 26 29
25 27 49
25 28 22
25 29 14
25 30 30
25 31 9
25 32 18
25 33 26
25 34 31
25 35 38
25 36 8
25 37 20
25 38 23
25 39 34
25 40 43
25 41 37
25 42 46
25 43 21
25 44 44
25 45 22
25 46 12
25 47 11
25 48 9
25 49 23
25 50 25
25 51 18
25 52 35
25 53 18
25 54 25
25 55 31
25 56 32
25 57 34
25 58 38
25 59 40
25 60 19
25 61 32
25 62 19
25 63 19
25 64 13
25 65 16
25 66 28
25 67 3
25 68 40
25 69 36
25 70 39
25 71 14
25 72 39
26 1 33
26 2 15
26 3 23
26 4 58
26 5 48
26 6 33
26 7 72
26 8 60
26 9 35
26 10 45
26 11 22
26 12 36
26 13 58
26 14 47
26 15 16
26 16 34
26 17 23
26 18 18
26 19 27
26 20 27
26 21 69
26 22 39
26 23 45
26 24 57
26 25 29
26 26 -1
26 27 46
26 28 41
26 29 42
26 30 46
26 31 32
26 32 33
26 33 50
26 34 60
26 35 16
26 36 21
26 37 33
26 38 44
26 39 62
26 40 49
26 41 66
26 42 48
26 43 9
26 44 71
26 45 23
26 46 39
26 47 31
26 48 38
26 49 47
26 50 9
26 51 47
26 52 64
26 53 47
26 54 54
26 55 19
26 56 51
26 57 36
26 58 63
26 59 54
26 60 49
26 61 59
26 62 37
26 63 48
26 64 31
26 65 39
26 66 12
26 67 32
26 68 57
26 69 30
26 70 66
26 71 34
26 72 60
27 1 51
27 2 61
27 3 69
27 4 71
27 5 14
27 6 15
27 7 56
27 8 56
27 9 38
27 10 72
27 11 24
27 12 75
27 13 80
27 14 20
27 15 60
27 16 42
27 17 66
27 18 33
27 19 67
27 20 58
27 21 54
27 22 75
27 23 79
27 24 72
27 25 49
27 26 46
27 27 -1
27 28 34
27 29 62
27 30 78
27 31 58
27 32 31
27 33 75
27 34 75
27 35 62
27 36 46
27 37 29
27 38 36
27 39 60
27 40 14
27 41 77
27 42 8
27 43 50
27 44 61
27 45 27
27 46 60
27 47 39
27 48 57
27 49 42
27 50 53
27 51 61
27 52 62
27 53 65
27 54 60
27 55 64
27 56 36
27 57 14
27 58 85
27 59 28
27 60 57
27 61 77
27 62 68
27 63 61
27 64 36
27 65 65
27 66 34
27 67 50
27 68 33
27 69 16
27 70 59
27 71 38
27 72 41
28 1 22
28 2 52
28 3 59
28 4 37
28 5 24
28 6 22
28 7 31
28 8 24
28 9 8
28 10 42
28 11 35
28 12 52
28 13 47
28 14 17
28 15 46
28 16 12
28 17 50
28 18 23
28 19 47
28 20 34
28 21 28
28 22 50
28 23 52
28 24 38
28 25 22
28 26 41
28 27 34
28 28 -1
28 29 31
28 30 50
28 31 31
28 32 8
28 33 43
28 34 41
28 35 54
28 36 25
28 37 8
28 38 3
28 39 27
28 40 25
28 41 43
28 42 29
28 43 38
28 44 32
28 45 20
28 46 30
28 47 11
28 48 26
28 49 9
28 50 42
28 51 28
28 52 29
28 53 32
28 54 26
28 55 51
28 56 10
28 57 21
28 58 52
28 59 18
28 60 23
28 61 44
28 62 41
28 63 27
28 64 10
28 65 36
28 66 33
28 67 22
28 68 18
28 69 28
28 70 28
28 71 8
28 72 19
29 1 11
29 2 43
29 3 47
29 4 16
29 5 54
29 6 47
29 7 48
29 8 30
29 9 24
29 10 11
29 11 51
29 12 27
29 13 18
29 14 48
29 15 35
29 16 20
29 17 34
29 18 34
29 19 27
29 20 15
29 21 45
29 22 23
29 23 23
29 24 15
29 25 14
29 26 42
29 27 62
29 28 31
29 29 -1
29 30 21
29 31 10
29 32 30
29 33 13
29 34 18
29 35 47
29 36 21
29 37 33
29 38 31
29 39 30
29 40 55
29 41 24
29 42 58
29 43 33
29 44 42
29 45 37
29 46 3
29 47 23
29 48 5
29 49 28
29 50 36
29 51 7
29 52 30
29 53 5
29 54 18
29 55 38
29 56 38
29 57 48
29 58 23
29 59 48
29 60 14
29 61 17
29 62 13
29 63 9
29 64 25
29 65 8
29 66 43
29 67 12
29 68 47
29 69 50
29 70 36
29 71 24
29 72 44
30 1 28
30 2 40
30 3 41
30 4 30
30 5 73
30 6 63
30 7 69
30 8 51
30 9 43
30 10 10
30 11 62
30 12 13
30 13 19
30 14 67
30 15 32
30 16 39
30 17 27
30 18 46
30 19 20
30 20 20
30 21 65
30 22 8
30 23 2
30 24 27
30 25 30
30 26 46
30 27 78
30 28 50
30 29 21
30 30 -1
30 31 20
30 32 48
30 33 13
30 34 29
30 35 43
30 36 33
30 37 50
30 38 51
30 39 50
30 40 74
30 41 36
30 42 76
30 43 36
30 44 62
30 45 51
30 46 21
30 47 41
30 48 24
30 49 49
30 50 37
30 51 27
30 52 50
30 53 23
30 54 38
30 55 33
30 56 59
30 57 64
30 58 23
30 59 68
30 60 34
30 61 24
30 62 10
30 63 29
30 64 43
30 65 14
30 66 52
30 67 29
30 68 68
30 69 64
30 70 56
30 71 43
30 72 65
31 1 9
31 2 33
31 3 38
31 4 26
31 5 52
31 6 42
31 7 54
31 8 37
31 9 23
31 10 15
31 11 44
31 12 21
31 13 26
31 14 47
31 15 25
31 16 19
31 17 24
31 18 26
31 19 19
31 20 5
31 21 51
31 22 19
31 23 21
31 24 25
31 25 9
31 26 32
31 27 58
31 28 31
31 29 10
31 30 20
31 31 -1
31 32 28
31 33 19
31 34 28
31 35 37
31 36 13
31 37 30
31 38 32
31 39 38
31 40 53
31 41 34
31 42 55
31 43 23
31 44 49
31 45 31
31 46 7
31 47 20
31 48 7
31 49 31
31 50 26
31 51 17
31 52 38
31 53 15
31 54 27
31 55 28
31 56 40
31 57 44
31 58 31
31 59 49
31 60 21
31 61 27
31 62 10
31 63 18
31 64 22
31 65 7
31 66 34
31 67 9
31 68 49
31 69 44
31 70 43
31 71 23
31 72 47
32 1 20
32 2 44
32 3 52
32 4 40
32 5 24
32 6 17
32 7 39
32 8 31
32 9 7
32 10 41
32 11 28
32 12 48
32 13 48
32 14 19
32 15 39
32 16 10
32 17 44
32 18 15
32 19 42
32 20 30
32 21 36
32 22 46
32 23 50
32 24 40
32 25 18
32 26 33
32 27 31
32 28 8
32 29 30
32 30 48
32 31 28
32 32 -1
32 33 43
32 34 43
32 35 47
32 36 19
32 37 2
32 38 11
32 39 34
32 40 25
32 41 46
32 42 27
32 43 30
32 44 39
32 45 12
32 46 29
32 47 7
32 48 26
32 49 16
32 50 34
32 51 29
32 52 36
32 53 33
32 54 30
32 55 44
32 56 18
32 57 17
32 58 53
32 59 22
32 60 26
32 61 46
32 62 38
32 63 30
32 64 5
32 65 34
32 66 25
32 67 19
32 68 24
32 69 22
32 70 35
32 71 6
32 72 26
33 1 24
33 2 49
33 3 50
33 4 16
33 5 67
33 6 60
33 7 57
33 8 39
33 9 37
33 10 5
33 11 63
33 12 25
33 13 8
33 14 61
33 15 40
33 16 33
33 17 36
33 18 45
33 19 29
33 20 22
33 21 54
33 22 19
33 23 16
33 24 14
33 25 26
33 26 50
33 27 75
33 28 43
33 29 13
33 30 13
33 31 19
33 32 43
33 33 -1
33 34 15
33 35 52
33 36 32
33 37 46
33 38 43
33 39 38
33 40 68
33 41 22
33 42 71
33 43 41
33 44 49
33 45 49
33 46 14
33 47 36
33 48 17
33 49 40
33 50 43
33 51 17
33 52 37
33 53 12
33 54 26
33 55 42
33 56 50
33 57 61
33 58 13
33 59 61
33 60 24
33 61 11
33 62 14
33 63 18
33 64 38
33 65 11
33 66 54
33 67 24
33 68 59
33 69 62
33 70 44
33 71 37
33 72 55
34 1 27
34 2 61
34 3 64
34 4 3
34 5 65
34 6 61
34 7 46
34 8 28
34 9 36
34 10 19
34 11 68
34 12 40
34 13 11
34 14 58
34 15 52
34 16 33
34 17 50
34 18 50
34 19 43
34 20 33
34 21 43
34 22 35
34 23 31
34 24 3
34 25 31
34 26 60
34 27 75
34 28 41
34 29 18
34 30 29
34 31 28
34 32 43
34 33 15
34 34 -1
34 35 64
34 36 39
34 37 45
34 38 39
34 39 26
34 40 65
34 41 7
34 42 70
34 43 51
34 44 37
34 45 52
34 46 21
34 47 37
34 48 22
34 49 34
34 50 54
34 51 14
34 52 25
34 53 13
34 54 16
34 55 55
34 56 44
34 57 61
34 58 13
34 59 55
34 60 17
34 61 5
34 62 27
34 63 13
34 64 39
34 65 23
34 66 60
34 67 28
34 68 53
34 69 65
34 70 32
34 71 37
34 72 47
35 1 41
35 2 3
35 3 7
35 4 63
35 5 64
35 6 49
35 7 85
35 8 71
35 9 48
35 10 47
35 11 38
35 12 31
35 13 60
35 14 63
35 15 12
35 16 46
35 17 16
35 18 33
35 19 23
35 20 31
35 21 82
35 22 35
35 23 41
35 24 61
35 25 38
35 26 16
35 27 62
35 28 54
35 29 47
35 30 43
35 31 37
35 32 47
35 33 52
35 34 64
35 35 -1
35 36 31
35 37 48
35 38 57
35 39 72
35 40 65
35 41 71
35 42 64
35 43 16
35 44 82
35 45 39
35 46 44
35 47 43
35 48 44
35 49 60
35 50 12
35 51 53
35 52 74
35 53 52
35 54 63
35 55 10
35 56 65
35 57 52
35 58 65
35 59 69
35 60 57
35 61 62
35 62 38
35 63 55
35 64 44
35 65 41
35 66 28
35 67 40
35 68 71
35 69 46
35 70 77
35 71 47
35 72 74
36 1 12
36 2 28
36 3 34
36 4 37
36 5 42
36 6 30
36 7 54
36 8 40
36 9 17
36 10 28
36 11 30
36 12 29
36 13 39
36 14 38
36 15 21
36 16 14
36 17 25
36 18 13
36 19 23
36 20 12
36 21 50
36 22 29
36 23 33
36 24 36
36 25 8
36 26 21
36 27 46
36 28 25
36 29 21
36 30 33
36 31 13
36 32 19
36 33 32
36 34 39
36 35 31
36 36 -1
36 37 21
36 38 27
36 39 42
36 40 43
36 41 45
36 42 44
36 43 14
36 44 51
36 45 18
36 46 18
36 47 13
36 48 17
36 49 29
36 50 18
36 51 26
36 52 43
36 53 26
36 54 33
36 55 26
36 56 35
36 57 32
36 58 45
36 59 41
36 60 27
36 61 39
36 62 22
36 63 27
36 64 14
36 65 21
36 66 21
36 67 11
36 68 43
36 69 31
36 70 46
36 71 17
36 72 43
37 1 22
37 2 46
37 3 53
37 4 42
37 5 22
37 6 15
37 7 39
37 8 32
37 9 9
37 10 43
37 11 27
37 12 50
37 13 50
37 14 17
37 15 41
37 16 12
37 17 46
37 18 15
37 19 44
37 20 32
37 21 36
37 22 48
37 23 52
37 24 42
37 25 20
37 26 33
37 27 29
37 28 8
37 29 33
37 30 50
37 31 30
37 32 2
37 33 46
37 34 45
37 35 48
37 36 21
37 37 -1
37 38 11
37 39 35
37 40 23
37 41 48
37 42 25
37 43 32
37 44 40
37 45 12
37 46 31
37 47 9
37 48 28
37 49 17
37 50 36
37 51 31
37 52 37
37 53 35
37 54 32
37 55 45
37 56 17
37 57 15
37 58 55
37 59 21
37 60 28
37 61 48
37 62 40
37 63 32
37 64 7
37 65 37
37 66 25
37 67 21
37 68 23
37 69 20
37 70 36
37 71 8
37 72 26
38 1 23
38 2 54
38 3 61
38 4 36
38 5 25
38 6 25
38 7 28
38 8 21
38 9 9
38 10 42
38 11 38
38 12 53
38 13 47
38 14 18
38 15 48
38 16 13
38 17 52
38 18 26
38 19 49
38 20 35
38 21 25
38 22 51
38 23 53
38 24 37
38 25 23
38 26 44
38 27 36
38 28 3
38 29 31
38 30 51
38 31 32
38 32 11
38 33 43
38 34 39
38 35 57
38 36 27
38 37 11
38 38 -1
38 39 24
38 40 26
38 41 41
38 42 30
38 43 40
38 44 28
38 45 23
38 46 30
38 47 13
38 48 27
38 49 6
38 50 44
38 51 27
38 52 26
38 53 31
38 54 24
38 55 53
38 56 8
38 57 24
38 58 51
38 59 17
38 60 22
38 61 43
38 62 42
38 63 26
38 64 12
38 65 37
38 66 36
38 67 23
38 68 17
38 69 31
38 70 25
38 71 10
38 72 16
39 1 31
39 2 69
39 3 75
39 4 23
39 5 47
39 6 49
39 7 20
39 8 3
39 9 28
39 10 39
39 11 62
39 12 57
39 13 37
39 14 40
39 15 62
39 16 28
39 17 62
39 18 47
39 19 57
39 20 43
39 21 17
39 22 53
39 23 52
39 24 25
39 25 34
39 26 62
39 27 60
39 28 27
39 29 30
39 30 50
39 31 38
39 32 34
39 33 38
39 34 26
39 35 72
39 36 42
39 37 35
39 38 24
39 39 -1
39 40 47
39 41 23
39 42 53
39 43 56
39 44 11
39 45 46
39 46 32
39 47 32
39 48 30
39 49 18
39 50 60
39 51 22
39 52 2
39 53 27
39 54 12
39 55 66
39 56 24
39 57 48
39 58 39
39 59 35
39 60 16
39 61 31
39 62 44
39 63 21
39 64 32
39 65 38
39 66 58
39 67 32
39 68 31
39 69 55
39 70 6
39 71 29
39 72 23
40 1 45
40 2 64
40 3 72
40 4 62
40 5 1
40 6 16
40 7 42
40 8 44
40 9 31
40 10 66
40 11 32
40 12 72
40 13 72
40 14 7
40 15 61
40 16 35
40 17 67
40 18 33
40 19 66
40 20 55
40 21 40
40 22 71
40 23 75
40 24 63
40 25 43
40 26 49
40 27 14
40 28 25
40 29 55
40 30 74
40 31 53
40 32 25
40 33 68
40 34 65
40 35 65
40 36 43
40 37 23
40 38 26
40 39 47
40 40 -1
40 41 67
40 42 6
40 43 51
40 44 47
40 45 27
40 46 54
40 47 32
40 48 50
40 49 31
40 50 54
40 51 53
40 52 50
40 53 57
40 54 50
40 55 65
40 56 23
40 57 13
40 58 77
40 59 14
40 60 48
40 61 69
40 62 63
40 63 52
40 64 30
40 65 60
40 66 38
40 67 44
40 68 19
40 69 21
40 70 46
40 71 30
40 72 27
41 1 33
41 2 68
41 3 71
41 4 8
41 5 66
41 6 64
41 7 42
41 8 26
41 9 39
41 10 26
41 11 72
41 12 47
41 13 17
41 14 59
41 15 59
41 16 37
41 17 57
41 18 55
41 19 50
41 20 40
41 21 40
41 22 42
41 23 38
41 24 9
41 25 37
41 26 66
41 27 77
41 28 43
41 29 24
41 30 36
41 31 34
41 32 46
41 33 22
41 34 7
41 35 71
41 36 45
41 37 48
41 38 41
41 39 23
41 40 67
41 41 -1
41 42 71
41 43 57
41 44 33
41 45 56
41 46 27
41 47 41
41 48 28
41 49 35
41 50 60
41 51 19
41 52 21
41 53 19
41 54 17
41 55 62
41 56 44
41 57 64
41 58 17
41 59 56
41 60 20
41 61 11
41 62 34
41 63 18
41 64 43
41 65 30
41 66 65
41 67 34
41 68 53
41 69 68
41 70 28
41 71 40
41 72 46
42 1 47
42 2 62
42 3 70
42 4 66
42 5 6
42 6 15
42 7 48
42 8 49
42 9 34
42 10 68
42 11 28
42 12 73
42 13 76
42 14 13
42 15 61
42 16 38
42 17 67
42 18 33
42 19 66
42 20 56
42 21 46
42 22 73
42 23 77
42 24 67
42 25 46
42 26 48
42 27 8
42 28 29
42 29 58
42 30 76
42 31 55
42 32 27
42 33 71
42 34 70
42 35 64
42 36 44
42 37 25
42 38 30
42 39 53
42 40 6
42 41 71
42 42 -1
42 43 51
42 44 53
42 45 27
42 46 56
42 47 35
42 48 53
42 49 36
42 50 54
42 51 56
42 52 55
42 53 60
42 54 54
42 55 65
42 56 29
42 57 12
42 58 80
42 59 20
42 60 52
42 61 72
42 62 65
42 63 56
42 64 33
42 65 62
42 66 36
42 67 47
42 68 25
42 69 18
42 70 51
42 71 33
42 72 33
43 1 25
43 2 14
43 3 21
43 4 49
43 5 50
43 6 36
43 7 68
43 8 54
43 9 31
43 10 36
43 11 29
43 12 27
43 13 48
43 14 47
43 15 10
43 16 29
43 17 16
43 18 18
43 19 18
43 20 18
43 21 65
43 22 29
43 23 35
43 24 48
43 25 21
43 26 9
43 27 50
43 28 38
43 29 33
43 30 36
43 31 23
43 32 30
43 33 41
43 34 51
43 35 16
43 36 14
43 37 32
43 38 40
43 39 56
43 40 51
43 41 57
43 42 51
43 43 -1
43 44 65
43 45 24
43 46 30
43 47 26
43 48 29
43 49 43
43 50 4
43 51 38
43 52 57
43 53 38
43 54 47
43 55 14
43 56 48
43 57 39
43 58 54
43 59 53
43 60 41
43 61 50
43 62 27
43 63 40
43 64 27
43 65 29
43 66 17
43 67 24
43 68 55
43 69 34
43 70 60
43 71 30
43 72 57
44 1 41
44 2 79
44 3 85
44 4 34
44 5 47
44 6 53
44 7 9
44 8 11
44 9 35
44 10 51
44 11 67
44 12 69
44 13 48
44 14 40
44 15 72
44 16 36
44 17 73
44 18 54
44 19 68
44 20 54
44 21 8
44 22 65
44 23 64
44 24 36
44 25 44
44 26 71
44 27 61
44 28 32
44 29 42
44 30 62
44 31 49
44 32 39
44 33 49
44 34 37
44 35 82
44 36 51
44 37 40
44 38 28
44 39 11
44 40 47
44 41 33
44 42 53
44 43 65
44 44 -1
44 45 52
44 46 43
44 47 39
44 48 41
44 49 23
44 50 70
44 51 34
44 52 12
44 53 39
44 54 23
44 55 76
44 56 25
44 57 51
44 58 50
44 59 33
44 60 27
44 61 42
44 62 55
44 63 33
44 64 39
44 65 50
44 66 65
44 67 42
44 68 28
44 69 59
44 70 5
44 71 36
44 72 20
45 1 25
45 2 37
45 3 44
45 4 49
45 5 26
45 6 12
45 7 51
45 8 43
45 9 18
45 10 45
45 11 16
45 12 47
45 13 55
45 14 24
45 15 34
45 16 19
45 17 40
45 18 6
45 19 39
45 20 30
45 21 48
45 22 47
45 23 51
45 24 49
45 25 22
45 26 23
45 27 27
45 28 20
45 29 37
45 30 51
45 31 31
45 32 12
45 33 49
45 34 52
45 35 39
45 36 18
45 37 12
45 38 23
45 39 46
45 40 27
45 41 56
45 42 27
45 43 24
45 44 52
45 45 -1
45 46 34
45 47 15
45 48 32
45 49 28
45 50 27
45 51 38
45 52 48
45 53 40
45 54 41
45 55 38
45 56 29
45 57 15
45 58 61
45 59 30
45 60 37
45 61 54
45 62 41
45 63 39
45 64 14
45 65 38
45 66 13
45 67 25
45 68 33
45 69 13
45 70 48
45 71 17
45 72 38
46 1 9
46 2 41
46 3 45
46 4 19
46 5 53
46 6 45
46 7 49
46 8 32
46 9 22
46 10 12
46 11 49
46 12 25
46 13 21
46 14 47
46 15 32
46 16 18
46 17 31
46 18 31
46 19 25
46 20 13
46 21 46
46 22 22
46 23 23
46 24 18
46 25 12
46 26 39
46 27 60
46 28 30
46 29 3
46 30 21
46 31 7
46 32 29
46 33 14
46 34 21
46 35 44
46 36 18
46 37 31
46 38 30
46 39 32
46 40 54
46 41 27
46 42 56
46 43 30
46 44 43
46 45 34
46 46 -1
46 47 21
46 48 3
46 49 28
46 50 33
46 51 10
46 52 32
46 53 8
46 54 20
46 55 35
46 56 38
46 57 46
46 58 26
46 59 47
46 60 15
46 61 20
46 62 12
46 63 11
46 64 23
46 65 7
46 66 40
46 67 9
46 68 47
46 69 48
46 70 37
46 71 23
46 72 44
47 1 12
47 2 41
47 3 48
47 4 34
47 5 31
47 6 24
47 7 41
47 8 29
47 9 4
47 10 33
47 11 31
47 12 41
47 13 41
47 14 26
47 15 34
47 16 4
47 17 38
47 18 15
47 19 35
47 20 23
47 21 38
47 22 39
47 23 42
47 24 34
47 25 11
47 26 31
47 27 39
47 28 11
47 29 23
47 30 41
47 31 20
47 32 7
47 33 36
47 34 37
47 35 43
47 36 13
47 37 9
47 38 13
47 39 32
47 40 32
47 41 41
47 42 35
47 43 26
47 44 39
47 45 15
47 46 21
47 47 -1
47 48 18
47 49 16
47 50 31
47 51 23
47 52 33
47 53 26
47 54 26
47 55 39
47 56 22
47 57 24
47 58 46
47 59 29
47 60 21
47 61 39
47 62 31
47 63 23
47 64 2
47 65 27
47 66 26
47 67 12
47 68 30
47 69 27
47 70 34
47 71 3
47 72 30
48 1 6
48 2 41
48 3 45
48 4 20
48 5 50
48 6 42
48 7 47
48 8 30
48 9 19
48 10 15
48 11 46
48 12 28
48 13 23
48 14 44
48 15 32
48 16 15
48 17 32
48 18 29
48 19 26
48 20 13
48 21 43
48 22 24
48 23 26
48 24 19
48 25 9
48 26 38
48 27 57
48 28 26
48 29 5
48 30 24
48 31 7
48 32 26
48 33 17
48 34 22
48 35 44
48 36 17
48 37 28
48 38 27
48 39 30
48 40 50
48 41 28
48 42 53
48 43 29
48 44 41
48 45 32
48 46 3
48 47 18
48 48 -1
48 49 25
48 50 32
48 51 9
48 52 31
48 53 9
48 54 19
48 55 36
48 56 35
48 57 43
48 58 28
48 59 44
48 60 14
48 61 22
48 62 15
48 63 10
48 64 20
48 65 10
48 66 38
48 67 7
48 68 44
48 69 45
48 70 35
48 71 20
48 72 41
49 1 22
49 2 57
49 3 63
49 4 30
49 5 31
49 6 31
49 7 25
49 8 15
49 9 12
49 10 39
49 11 44
49 12 52
49 13 42
49 14 24
49 15 50
49 16 14
49 17 53
49 18 30
49 19 49
49 20 35
49 21 21
49 22 49
49 23 51
49 24 31
49 25 23
49 26 47
49 27 42
49 28 9
49 29 28
49 30 49
49 31 31
49 32 16
49 33 40
49 34 34
49 35 60
49 36 29
49 37 17
49 38 6
49 39 18
49 40 31
49 41 35
49 42 36
49 43 43
49 44 23
49 45 28
49 46 28
49 47 16
49 48 25
49 49 -1
49 50 47
49 51 23
49 52 20
49 53 27
49 54 18
49 55 55
49 56 10
49 57 30
49 58 46
49 59 21
49 60 17
49 61 38
49 62 40
49 63 22
49 64 16
49 65 35
49 66 41
49 67 22
49 68 19
49 69 37
49 70 19
49 71 13
49 72 16
50 1 29
50 2 10
50 3 17
50 4 52
50 5 53
50 6 39
50 7 72
50 8 59
50 9 35
50 10 38
50 11 30
50 12 27
50 13 51
50 14 51
50 15 7
50 16 33
50 17 14
50 18 21
50 19 18
50 20 21
50 21 69
50 22 30
50 23 36
50 24 51
50 25 25
50 26 9
50 27 53
50 28 42
50 29 36
50 30 37
50 31 26
50 32 34
50 33 43
50 34 54
50 35 12
50 36 18
50 37 36
50 38 44
50 39 60
50 40 54
50 41 60
50 42 54
50 43 4
50 44 70
50 45 27
50 46 33
50 47 31
50 48 32
50 49 47
50 50 -1
50 51 42
50 52 61
50 53 41
50 54 51
50 55 11
50 56 53
50 57 42
50 58 56
50 59 57
50 60 45
50 61 53
50 62 29
50 63 43
50 64 32
50 65 32
50 66 19
50 67 28
50 68 59
50 69 37
50 70 64
50 71 34
50 72 61
51 1 14
51 2 50
51 3 55
51 4 11
51 5 52
51 6 47
51 7 41
51 8 23
51 9 22
51 10 17
51 11 54
51 12 35
51 13 19
51 14 45
51 15 42
51 16 19
51 17 41
51 18 36
51 19 35
51 20 22
51 21 38
51 22 30
51 23 30
51 24 11
51 25 18
51 26 47
51 27 61
51 28 28
51 29 7
51 30 27
51 31 17
51 32 29
51 33 17
51 34 14
51 35 53
51 36 26
51 37 31
51 38 27
51 39 22
51 40 53
51 41 19
51 42 56
51 43 38
51 44 34
51 45 38
51 46 10
51 47 23
51 48 9
51 49 23
51 50 42
51 51 -1
51 52 23
51 53 5
51 54 10
51 55 45
51 56 33
51 57 47
51 58 24
51 59 44
51 60 7
51 61 16
51 62 21
51 63 1
51 64 25
51 65 15
51 66 46
51 67 15
51 68 42
51 69 51
51 70 28
51 71 23
51 72 38
52 1 32
52 2 71
52 3 76
52 4 22
52 5 49
52 6 51
52 7 21
52 8 5
52 9 30
52 10 39
52 11 64
52 12 58
52 13 36
52 14 42
52 15 63
52 16 30
52 17 63
52 18 48
52 19 58
52 20 44
52 21 18
52 22 53
52 23 52
52 24 24
52 25 35
52 26 64
52 27 62
52 28 29
52 29 30
52 30 50
52 31 38
52 32 36
52 33 37
52 34 25
52 35 74
52 36 43
52 37 37
52 38 26
52 39 2
52 40 50
52 41 21
52 42 55
52 43 57
52 44 12
52 45 48
52 46 32
52 47 33
52 48 31
52 49 20
52 50 61
52 51 23
52 52 -1
52 53 27
52 54 12
52 55 67
52 56 26
52 57 50
52 58 38
52 59 37
52 60 16
52 61 30
52 62 44
52 63 21
52 64 34
52 65 38
52 66 60
52 67 33
52 68 33
52 69 57
52 70 7
52 71 31
52 72 25
53 1 15
53 2 49
53 3 52
53 4 11
53 5 56
53 6 50
53 7 46
53 8 28
53 9 26
53 10 12
53 11 55
53 12 31
53 13 15
53 14 49
53 15 40
53 16 22
53 17 38
53 18 38
53 19 32
53 20 20
53 21 42
53 22 26
53 23 25
53 24 10
53 25 18
53 26 47
53 27 65
53 28 32
53 29 5
53 30 23
53 31 15
53 32 33
53 33 12
53 34 13
53 35 52
53 36 26
53 37 35
53 38 31
53 39 27
53 40 57
53 41 19
53 42 60
53 43 38
53 44 39
53 45 40
53 46 8
53 47 26
53 48 9
53 49 27
53 50 41
53 51 5
53 52 27
53 53 -1
53 54 15
53 55 43
53 56 38
53 57 50
53 58 20
53 59 49
53 60 12
53 61 13
53 62 17
53 63 6
53 64 28
53 65 12
53 66 47
53 67 16
53 68 47
53 69 53
53 70 33
53 71 26
53 72 43
54 1 21
54 2 59
54 3 64
54 4 13
54 5 49
54 6 47
54 7 31
54 8 13
54 9 23
54 10 27
54 11 57
54 12 46
54 13 26
54 14 42
54 15 51
54 16 22
54 17 51
54 18 41
54 19 45
54 20 32
54 21 28
54 22 41
54 23 40
54 24 14
54 25 25
54 26 54
54 27 60
54 28 26
54 29 18
54 30 38
54 31 27
54 32 30
54 33 26
54 34 16
54 35 63
54 36 33
54 37 32
54 38 24
54 39 12
54 40 50
54 41 17
54 42 54
54 43 47
54 44 23
54 45 41
54 46 20
54 47 26
54 48 19
54 49 18
54 50 51
54 51 10
54 52 12
54 53 15
54 54 -1
54 55 55
54 56 28
54 57 47
54 58 29
54 59 39
54 60 5
54 61 20
54 62 32
54 63 9
54 64 27
54 65 26
54 66 52
54 67 22
54 68 36
54 69 52
54 70 18
54 71 24
54 72 30
55 1 34
55 2 7
55 3 9
55 4 54
55 5 64
55 6 50
55 7 80
55 8 65
55 9 43
55 10 37
55 11 41
55 12 21
55 13 50
55 14 61
55 15 4
55 16 40
55 17 6
55 18 32
55 19 13
55 20 22
55 21 76
55 22 25
55 23 31
55 24 52
55 25 31
55 26 19
55 27 64
55 28 51
55 29 38
55 30 33
55 31 28
55 32 44
55 33 42
55 34 55
55 35 10
55 36 26
55 37 45
55 38 53
55 39 66
55 40 65
55 41 62
55 42 65
55 43 14
55 44 76
55 45 38
55 46 35
55 47 39
55 48 36
55 49 55
55 50 11
55 51 45
55 52 67
55 53 43
55 54 55
55 55 -1
55 56 61
55 57 53
55 58 55
55 59 67
55 60 50
55 61 53
55 62 28
55 63 47
55 64 40
55 65 32
55 66 30
55 67 33
55 68 68
55 69 48
55 70 70
55 71 43
55 72 69
56 1 31
56 2 63
56 3 70
56 4 40
56 5 23
56 6 28
56 7 22
56 8 20
56 9 18
56 10 49
56 11 43
56 12 61
56 13 52
56 14 16
56 15 57
56 16 21
56 17 60
56 18 33
56 19 57
56 20 44
56 21 19
56 22 59
56 23 61
56 24 42
56 25 32
56 26 51
56 27 36
56 28 10
56 29 38
56 30 59
56 31 40
56 32 18
56 33 50
56 34 44
56 35 65
56 36 35
56 37 17
56 38 8
56 39 24
56 40 23
56 41 44
56 42 29
56 43 48
56 44 25
56 45 29
56 46 38
56 47 22
56 48 35
56 49 10
56 50 53
56 51 33
56 52 26
56 53 38
56 54 28
56 55 61
56 56 -1
56 57 26
56 58 56
56 59 11
56 60 27
56 61 48
56 62 50
56 63 32
56 64 21
56 65 45
56 66 43
56 67 31
56 68 9
56 69 34
56 70 22
56 71 18
56 72 8
57 1 37
57 2 51
57 3 59
57 4 58
57 5 12
57 6 3
57 7 47
57 8 44
57 9 24
57 10 58
57 11 19
57 12 62
57 13 66
57 14 13
57 15 49
57 16 28
57 17 55
57 18 21
57 19 54
57 20 44
57 21 45
57 22 61
57 23 65
57 24 58
57 25 34
57 26 36
57 27 14
57 28 21
57 29 48
57 30 64
57 31 44
57 32 17
57 33 61
57 34 61
57 35 52
57 36 32
57 37 15
57 38 24
57 39 48
57 40 13
57 41 64
57 42 12
57 43 39
57 44 51
57 45 15
57 46 46
57 47 24
57 48 43
57 49 30
57 50 42
57 51 47
57 52 50
57 53 50
57 54 47
57 55 53
57 56 26
57 57 -1
57 58 71
57 59 21
57 60 44
57 61 63
57 62 54
57 63 47
57 64 22
57 65 51
57 66 25
57 67 36
57 68 26
57 69 9
57 70 48
57 71 24
57 72 32
58 1 35
58 2 62
58 3 63
58 4 16
58 5 76
58 6 70
58 7 59
58 8 41
58 9 46
58 10 18
58 11 75
58 12 36
58 13 5
58 14 69
58 15 53
58 16 43
58 17 49
58 18 57
58 19 42
58 20 35
58 21 56
58 22 31
58 23 26
58 24 14
58 25 38
58 26 63
58 27 85
58 28 52
58 29 23
58 30 23
58 31 31
58 32 53
58 33 13
58 34 13
58 35 65
58 36 45
58 37 55
58 38 51
58 39 39
58 40 77
58 41 17
58 42 80
58 43 54
58 44 50
58 45 61
58 46 26
58 47 46
58 48 28
58 49 46
58 50 56
58 51 24
58 52 38
58 53 20
58 54 29
58 55 55
58 56 56
58 57 71
58 58 -1
58 59 68
58 60 29
58 61 8
58 62 27
58 63 24
58 64 48
58 65 24
58 66 66
58 67 36
58 68 65
58 69 74
58 70 45
58 71 47
58 72 60
59 1 40
59 2 67
59 3 74
59 4 52
59 5 14
59 6 24
59 7 28
59 8 31
59 9 26
59 10 59
59 11 41
59 12 70
59 13 63
59 14 8
59 15 62
59 16 30
59 17 67
59 18 35
59 19 64
59 20 52
59 21 26
59 22 68
59 23 70
59 24 53
59 25 40
59 26 54
59 27 28
59 28 18
59 29 48
59 30 68
59 31 49
59 32 22
59 33 61
59 34 55
59 35 69
59 36 41
59 37 21
59 38 17
59 39 35
59 40 14
59 41 56
59 42 20
59 43 53
59 44 33
59 45 30
59 46 47
59 47 29
59 48 44
59 49 21
59 50 57
59 51 44
59 52 37
59 53 49
59 54 39
59 55 67
59 56 11
59 57 21
59 58 68
59 59 -1
59 60 38
59 61 59
59 62 59
59 63 43
59 64 27
59 65 54
59 66 43
59 67 40
59 68 5
59 69 30
59 70 32
59 71 26
59 72 13
60 1 16
60 2 54
60 3 59
60 4 14
60 5 47
60 6 44
60 7 34
60 8 16
60 9 19
60 10 24
60 11 53
60 12 41
60 13 25
60 14 40
60 15 46
60 16 17
60 17 46
60 18 36
60 19 41
60 20 27
60 21 31
60 22 37
60 23 37
60 24 15
60 25 19
60 26 49
60 27 57
60 28 23
60 29 14
60 30 34
60 31 21
60 32 26
60 33 24
60 34 17
60 35 57
60 36 27
60 37 28
60 38 22
60 39 16
60 40 48
60 41 20
60 42 52
60 43 41
60 44 27
60 45 37
60 46 15
60 47 21
60 48 14
60 49 17
60 50 45
60 51 7
60 52 16
60 53 12
60 54 5
60 55 50
60 56 27
60 57 44
60 58 29
60 59 38
60 60 -1
60 61 21
60 62 28
60 63 6
60 64 23
60 65 22
60 66 47
60 67 17
60 68 36
60 69 48
60 70 21
60 71 20
60 72 31
61 1 28
61 2 59
61 3 62
61 4 8
61 5 68
61 6 63
61 7 51
61 8 33
61 9 38
61 10 16
61 11 69
61 12 36
61 13 6
61 14 61
61 15 50
61 16 35
61 17 47
61 18 51
61 19 40
61 20 32
61 21 48
61 22 31
61 23 27
61 24 6
61 25 32
61 26 59
61 27 77
61 28 44
61 29 17
61 30 24
61 31 27
61 32 46
61 33 11
61 34 5
61 35 62
61 36 39
61 37 48
61 38 43
61 39 31
61 40 69
61 41 11
61 42 72
61 43 50
61 44 42
61 45 54
61 46 20
61 47 39
61 48 22
61 49 38
61 50 53
61 51 16
61 52 30
61 53 13
61 54 20
61 55 53
61 56 48
61 57 63
61 58 8
61 59 59
61 60 21
61 61 -1
61 62 25
61 63 16
61 64 41
61 65 21
61 66 61
61 67 29
61 68 57
61 69 67
61 70 37
61 71 39
61 72 51
62 1 19
62 2 35
62 3 37
62 4 27
62 5 62
62 6 52
62 7 62
62 8 44
62 9 33
62 10 9
62 11 53
62 12 13
62 13 22
62 14 57
62 15 26
62 16 29
62 17 22
62 18 36
62 19 15
62 20 10
62 21 58
62 22 9
62 23 11
62 24 25
62 25 19
62 26 37
62 27 68
62 28 41
62 29 13
62 30 10
62 31 10
62 32 38
62 33 14
62 34 27
62 35 38
62 36 22
62 37 40
62 38 42
62 39 44
62 40 63
62 41 34
62 42 65
62 43 27
62 44 55
62 45 41
62 46 12
62 47 31
62 48 15
62 49 40
62 50 29
62 51 21
62 52 44
62 53 17
62 54 32
62 55 28
62 56 50
62 57 54
62 58 27
62 59 59
62 60 28
62 61 25
62 62 -1
62 63 23
62 64 33
62 65 5
62 66 42
62 67 19
62 68 59
62 69 54
62 70 50
62 71 33
62 72 56
63 1 15
63 2 52
63 3 56
63 4 10
63 5 52
63 6 47
63 7 40
63 8 22
63 9 22
63 10 18
63 11 54
63 12 36
63 13 20
63 14 45
63 15 43
63 16 19
63 17 43
63 18 37
63 19 36
63 20 24
63 21 36
63 22 32
63 23 31
63 24 10
63 25 19
63 26 48
63 27 61
63 28 27
63 29 9
63 30 29
63 31 18
63 32 30
63 33 18
63 34 13
63 35 55
63 36 27
63 37 32
63 38 26
63 39 21
63 40 52
63 41 18
63 42 56
63 43 40
63 44 33
63 45 39
63 46 11
63 47 23
63 48 10
63 49 22
63 50 43
63 51 1
63 52 21
63 53 6
63 54 9
63 55 47
63 56 32
63 57 47
63 58 24
63 59 43
63 60 6
63 61 16
63 62 23
63 63 -1
63 64 25
63 65 17
63 66 47
63 67 16
63 68 42
63 69 51
63 70 27
63 71 23
63 72 37
64 1 14
64 2 42
64 3 49
64 4 36
64 5 29
64 6 22
64 7 41
64 8 30
64 9 4
64 10 35
64 11 30
64 12 43
64 13 43
64 14 24
64 15 36
64 16 5
64 17 40
64 18 14
64 19 37
64 20 25
64 21 37
64 22 41
64 23 44
64 24 36
64 25 13
64 26 31
64 27 36
64 28 10
64 29 25
64 30 43
64 31 22
64 32 5
64 33 38
64 34 39
64 35 44
64 36 14
64 37 7
64 38 12
64 39 32
64 40 30
64 41 43
64 42 33
64 43 27
64 44 39
64 45 14
64 46 23
64 47 2
64 48 20
64 49 16
64 50 32
64 51 25
64 52 34
64 53 28
64 54 27
64 55 40
64 56 21
64 57 22
64 58 48
64 59 27
64 60 23
64 61 41
64 62 33
64 63 25
64 64 -1
64 65 29
64 66 25
64 67 14
64 68 28
64 69 25
64 70 35
64 71 3
64 72 29
65 1 14
65 2 38
65 3 41
65 4 22
65 5 59
65 6 50
65 7 56
65 8 38
65 9 29
65 10 7
65 11 52
65 12 19
65 13 19
65 14 53
65 15 29
65 16 25
65 17 27
65 18 34
65 19 20
65 20 11
65 21 53
65 22 15
65 23 16
65 24 20
65 25 16
65 26 39
65 27 65
65 28 36
65 29 8
65 30 14
65 31 7
65 32 34
65 33 11
65 34 23
65 35 41
65 36 21
65 37 37
65 38 37
65 39 38
65 40 60
65 41 30
65 42 62
65 43 29
65 44 50
65 45 38
65 46 7
65 47 27
65 48 10
65 49 35
65 50 32
65 51 15
65 52 38
65 53 12
65 54 26
65 55 32
65 56 45
65 57 51
65 58 24
65 59 54
65 60 22
65 61 21
65 62 5
65 63 17
65 64 29
65 65 -1
65 66 42
65 67 15
65 68 54
65 69 52
65 70 44
65 71 29
65 72 51
66 1 32
66 2 27
66 3 35
66 4 58
66 5 37
66 6 21
66 7 65
66 8 55
66 9 29
66 10 49
66 11 11
66 12 45
66 13 61
66 14 36
66 15 27
66 16 30
66 17 34
66 18 11
66 19 36
66 20 32
66 21 62
66 22 46
66 23 52
66 24 57
66 25 28
66 26 12
66 27 34
66 28 33
66 29 43
66 30 52
66 31 34
66 32 25
66 33 54
66 34 60
66 35 28
66 36 21
66 37 25
66 38 36
66 39 58
66 40 38
66 41 65
66 42 36
66 43 17
66 44 65
66 45 13
66 46 40
66 47 26
66 48 38
66 49 41
66 50 19
66 51 46
66 52 60
66 53 47
66 54 52
66 55 30
66 56 43
66 57 25
66 58 66
66 59 43
66 60 47
66 61 61
66 62 42
66 63 47
66 64 25
66 65 42
66 66 -1
66 67 31
66 68 47
66 69 18
66 70 60
66 71 28
66 72 51
67 1 1
67 2 37
67 3 43
67 4 26
67 5 44
67 6 35
67 7 46
67 8 31
67 9 14
67 10 21
67 11 39
67 12 30
67 13 30
67 14 38
67 15 29
67 16 10
67 17 31
67 18 21
67 19 26
67 20 13
67 21 43
67 22 28
67 23 30
67 24 25
67 25 3
67 26 32
67 27 50
67 28 22
67 29 12
67 30 29
67 31 9
67 32 19
67 33 24
67 34 28
67 35 40
67 36 11
67 37 21
67 38 23
67 39 32
67 40 44
67 41 34
67 42 47
67 43 24
67 44 42
67 45 25
67 46 9
67 47 12
67 48 7
67 49 22
67 50 28
67 51 15
67 52 33
67 53 16
67 54 22
67 55 33
67 56 31
67 57 36
67 58 36
67 59 40
67 60 17
67 61 29
67 62 19
67 63 16
67 64 14
67 65 15
67 66 31
67 67 -1
67 68 40
67 69 38
67 70 36
67 71 14
67 72 38
68 1 40
68 2 69
68 3 76
68 4 49
68 5 19
68 6 29
68 7 23
68 8 27
68 9 26
68 10 58
68 11 45
68 12 70
68 13 62
68 14 13
68 15 64
68 16 30
68 17 68
68 18 38
68 19 65
68 20 52
68 21 21
68 22 68
68 23 70
68 24 50
68 25 40
68 26 57
68 27 33
68 28 18
68 29 47
68 30 68
68 31 49
68 32 24
68 33 59
68 34 53
68 35 71
68 36 43
68 37 23
68 38 17
68 39 31
68 40 19
68 41 53
68 42 25
68 43 55
68 44 28
68 45 33
68 46 47
68 47 30
68 48 44
68 49 19
68 50 59
68 51 42
68 52 33
68 53 47
68 54 36
68 55 68
68 56 9
68 57 26
68 58 65
68 59 5
68 60 36
68 61 57
68 62 59
68 63 42
68 64 28
68 65 54
68 66 47
68 67 40
68 68 -1
68 69 35
68 70 28
68 71 26
68 72 8
69 1 39
69 2 45
69 3 53
69 4 62
69 5 20
69 6 6
69 7 56
69 8 52
69 9 29
69 10 59
69 11 10
69 12 60
69 13 69
69 14 22
69 15 44
69 16 31
69 17 50
69 18 18
69 19 51
69 20 44
69 21 54
69 22 60
69 23 65
69 24 62
69 25 36
69 26 30
69 27 16
69 28 28
69 29 50
69 30 64
69 31 44
69 32 22
69 33 62
69 34 65
69 35 46
69 36 31
69 37 20
69 38 31
69 39 55
69 40 21
69 41 68
69 42 18
69 43 34
69 44 59
69 45 13
69 46 48
69 47 27
69 48 45
69 49 37
69 50 37
69 51 51
69 52 57
69 53 53
69 54 52
69 55 48
69 56 34
69 57 9
69 58 74
69 59 30
69 60 48
69 61 67
69 62 54
69 63 51
69 64 25
69 65 52
69 66 18
69 67 38
69 68 35
69 69 -1
69 70 56
69 71 28
69 72 41
70 1 36
70 2 74
70 3 80
70 4 29
70 5 45
70 6 50
70 7 14
70 8 5
70 9 31
70 10 45
70 11 63
70 12 63
70 13 43
70 14 38
70 15 66
70 16 31
70 17 67
70 18 49
70 19 62
70 20 48
70 21 11
70 22 59
70 23 58
70 24 31
70 25 39
70 26 66
70 27 59
70 28 28
70 29 36
70 30 56
70 31 43
70 32 35
70 33 44
70 34 32
70 35 77
70 36 46
70 37 36
70 38 25
70 39 6
70 40 46
70 41 28
70 42 51
70 43 60
70 44 5
70 45 48
70 46 37
70 47 34
70 48 35
70 49 19
70 50 64
70 51 28
70 52 7
70 53 33
70 54 18
70 55 70
70 56 22
70 57 48
70 58 45
70 59 32
70 60 21
70 61 37
70 62 50
70 63 27
70 64 35
70 65 44
70 66 60
70 67 36
70 68 28
70 69 56
70 70 -1
70 71 31
70 72 20
71 1 14
71 2 44
71 3 51
71 4 34
71 5 29
71 6 23
71 7 38
71 8 26
71 9 1
71 10 35
71 11 33
71 12 44
71 13 42
71 14 24
71 15 38
71 16 4
71 17 42
71 18 17
71 19 39
71 20 26
71 21 34
71 22 42
71 23 44
71 24 34
71 25 14
71 26 34
71 27 38
71 28 8
71 29 24
71 30 43
71 31 23
71 32 6
71 33 37
71 34 37
71 35 47
71 36 17
71 37 8
71 38 10
71 39 29
71 40 30
71 41 40
71 42 33
71 43 30
71 44 36
71 45 17
71 46 23
71 47 3
71 48 20
71 49 13
71 50 34
71 51 23
71 52 31
71 53 26
71 54 24
71 55 43
71 56 18
71 57 24
71 58 47
71 59 26
71 60 20
71 61 39
71 62 33
71 63 23
71 64 3
71 65 29
71 66 28
71 67 14
71 68 26
71 69 28
71 70 31
71 71 -1
71 72 26
72 1 38
72 2 71
72 3 78
72 4 43
72 5 27
72 6 35
72 7 15
72 8 20
72 9 26
72 10 55
72 11 51
72 12 68
72 13 56
72 14 21
72 15 65
72 16 29
72 17 68
72 18 41
72 19 65
72 20 51
72 21 13
72 22 65
72 23 67
72 24 45
72 25 39
72 26 60
72 27 41
72 28 19
72 29 44
72 30 65
72 31 47
72 32 26
72 33 55
72 34 47
72 35 74
72 36 43
72 37 26
72 38 16
72 39 23
72 40 27
72 41 46
72 42 33
72 43 57
72 44 20
72 45 38
72 46 44
72 47 30
72 48 41
72 49 16
72 50 61
72 51 38
72 52 25
72 53 43
72 54 30
72 55 69
72 56 8
72 57 32
72 58 60
72 59 13
72 60 31
72 61 51
72 62 56
72 63 37
72 64 29
72 65 51
72 66 51
72 67 38
72 68 8
72 69 41
72 70 20
72 71 26
72 72 -1
