2 3
2 35
2 15
2 17
2 50
2 55
46 1
46 65
46 67
46 10
46 48
46 63
46 51
46 20
46 53
46 25
46 29
46 62
46 31
26 50
26 43
26 66
59 56
59 72
59 68
59 14
29 1
29 33
29 65
29 67
29 10
29 46
29 48
29 51
29 53
29 63
29 62
29 31
67 1
67 36
67 46
67 47
67 16
67 48
67 20
67 25
67 29
67 31
27 42
27 5
21 72
21 44
21 70
21 7
50 2
50 35
50 43
50 15
50 55
50 26
55 2
55 3
55 35
55 15
55 17
55 50
55 19
12 19
12 23
12 22
12 30
12 62
18 66
18 36
18 45
36 1
36 67
36 47
36 18
36 20
36 25
36 31
19 12
19 15
19 17
19 20
19 22
19 55
48 1
48 65
48 67
48 46
48 63
48 51
48 20
48 53
48 25
48 29
48 31
15 2
15 3
15 35
15 43
15 17
15 50
15 19
15 55
4 34
4 41
4 51
4 53
4 54
4 24
4 61
4 63
32 64
32 37
32 38
32 71
32 9
32 45
32 47
32 16
32 28
57 5
57 6
57 69
57 40
57 42
57 14
47 32
47 1
47 64
47 67
47 36
47 37
47 38
47 71
47 9
47 16
47 25
47 28
25 64
25 1
25 67
25 36
25 71
25 46
25 47
25 16
25 48
25 20
25 31
49 38
49 71
49 9
49 56
49 28
3 2
3 35
3 55
3 15
23 10
23 12
23 22
23 30
23 62
64 32
64 37
64 38
64 71
64 9
64 47
64 16
64 25
64 28
72 56
72 59
72 68
72 21
22 12
22 19
22 23
22 30
22 62
42 5
42 40
42 14
42 57
42 27
56 68
56 38
56 72
56 49
56 59
56 28
16 32
16 1
16 64
16 67
16 37
16 38
16 71
16 9
16 47
16 25
16 28
33 65
33 10
33 13
33 61
33 53
33 58
33 29
33 30
31 1
31 65
31 67
31 36
31 46
31 48
31 20
31 25
31 29
31 62
28 32
28 64
28 37
28 38
28 71
28 9
28 47
28 16
28 49
28 56
7 44
7 21
58 33
58 34
58 61
58 13
62 65
62 10
62 12
62 46
62 20
62 22
62 23
62 29
62 30
62 31
