1 1 87
1 2 16
1 3 80
1 4 4
1 5 95
1 6 38
1 7 36
1 8 2
1 9 90
1 10 33
1 11 51
1 12 33
1 13 14
1 14 81
1 15 7
1 16 91
1 17 97
1 18 76
1 19 95
1 20 38
2 1 14
2 2 20
2 3 8
2 4 81
2 5 12
2 6 43
2 7 4
2 8 79
2 9 67
2 10 40
2 11 83
2 12 29
2 13 80
2 14 49
2 15 17
2 16 77
2 17 14
2 18 15
2 19 32
2 20 56
3 1 79
3 2 87
3 3 8
3 4 16
3 5 73
3 6 99
3 7 33
3 8 72
3 9 75
3 10 54
3 11 46
3 12 32
3 13 75
3 14 96
3 15 96
3 16 53
3 17 57
3 18 27
3 19 90
3 20 47
4 1 33
4 2 91
4 3 72
4 4 3
4 5 62
4 6 27
4 7 81
4 8 86
4 9 86
4 10 13
4 11 41
4 12 15
4 13 7
4 14 80
4 15 82
4 16 50
4 17 31
4 18 55
4 19 42
4 20 98
5 1 49
5 2 82
5 3 22
5 4 33
5 5 95
5 6 18
5 7 39
5 8 4
5 9 92
5 10 68
5 11 38
5 12 16
5 13 26
5 14 67
5 15 27
5 16 78
5 17 6
5 18 99
5 19 22
5 20 90
6 1 90
6 2 18
6 3 41
6 4 30
6 5 91
6 6 95
6 7 5
6 8 43
6 9 48
6 10 87
6 11 69
6 12 29
6 13 66
6 14 60
6 15 34
6 16 26
6 17 74
6 18 77
6 19 99
6 20 99
7 1 79
7 2 78
7 3 55
7 4 59
7 5 18
7 6 43
7 7 47
7 8 26
7 9 83
7 10 64
7 11 54
7 12 90
7 13 15
7 14 22
7 15 80
7 16 64
7 17 8
7 18 80
7 19 36
7 20 46
8 1 35
8 2 83
8 3 64
8 4 15
8 5 7
8 6 89
8 7 64
8 8 30
8 9 10
8 10 29
8 11 37
8 12 31
8 13 100
8 14 96
8 15 21
8 16 71
8 17 21
8 18 59
8 19 14
8 20 23
9 1 40
9 2 57
9 3 65
9 4 39
9 5 53
9 6 38
9 7 30
9 8 77
9 9 78
9 10 70
9 11 1
9 12 25
9 13 25
9 14 84
9 15 74
9 16 46
9 17 47
9 18 45
9 19 99
9 20 97
10 1 35
10 2 70
10 3 85
10 4 8
10 5 50
10 6 78
10 7 21
10 8 19
10 9 53
10 10 91
10 11 16
10 12 50
10 13 20
10 14 30
10 15 69
10 16 5
10 17 12
10 18 9
10 19 57
10 20 65
11 1 40
11 2 27
11 3 1
11 4 82
11 5 93
11 6 19
11 7 89
11 8 26
11 9 15
11 10 74
11 11 81
11 12 46
11 13 31
11 14 75
11 15 31
11 16 84
11 17 60
11 18 21
11 19 76
11 20 71
12 1 27
12 2 84
12 3 15
12 4 90
12 5 83
12 6 76
12 7 18
12 8 70
12 9 69
12 10 92
12 11 11
12 12 74
12 13 71
12 14 60
12 15 46
12 16 42
12 17 81
12 18 21
12 19 74
12 20 70
13 1 11
13 2 22
13 3 64
13 4 85
13 5 40
13 6 86
13 7 75
13 8 95
13 9 50
13 10 13
13 11 57
13 12 32
13 13 62
13 14 24
13 15 71
13 16 51
13 17 42
13 18 9
13 19 95
13 20 64
14 1 73
14 2 81
14 3 59
14 4 14
14 5 71
14 6 58
14 7 33
14 8 49
14 9 65
14 10 71
14 11 81
14 12 54
14 13 54
14 14 59
14 15 40
14 16 22
14 17 57
14 18 46
14 19 4
14 20 82
15 1 64
15 2 10
15 3 22
15 4 41
15 5 1
15 6 24
15 7 98
15 8 7
15 9 27
15 10 10
15 11 91
15 12 72
15 13 2
15 14 23
15 15 4
15 16 73
15 17 39
15 18 82
15 19 5
15 20 19
16 1 44
16 2 56
16 3 46
16 4 75
16 5 33
16 6 34
16 7 5
16 8 98
16 9 100
16 10 4
16 11 83
16 12 34
16 13 61
16 14 65
16 15 18
16 16 64
16 17 27
16 18 81
16 19 58
16 20 29
17 1 26
17 2 34
17 3 56
17 4 70
17 5 42
17 6 92
17 7 86
17 8 52
17 9 15
17 10 86
17 11 31
17 12 72
17 13 28
17 14 85
17 15 48
17 16 73
17 17 16
17 18 83
17 19 99
17 20 62
18 1 26
18 2 46
18 3 86
18 4 16
18 5 15
18 6 46
18 7 75
18 8 80
18 9 90
18 10 38
18 11 79
18 12 15
18 13 13
18 14 22
18 15 46
18 16 51
18 17 58
18 18 38
18 19 28
18 20 100
19 1 33
19 2 16
19 3 4
19 4 98
19 5 77
19 6 83
19 7 65
19 8 56
19 9 66
19 10 44
19 11 85
19 12 69
19 13 34
19 14 23
19 15 24
19 16 93
19 17 28
19 18 68
19 19 54
19 20 49
20 1 32
20 2 95
20 3 54
20 4 75
20 5 57
20 6 15
20 7 45
20 8 97
20 9 23
20 10 59
20 11 99
20 12 90
20 13 34
20 14 31
20 15 17
20 16 48
20 17 26
20 18 38
20 19 22
20 20 39
