1 1 -1
1 2 18
1 3 24
1 4 8
1 5 17
1 6 16
1 7 31
1 8 21
1 9 22
1 10 16
1 11 20
1 12 16
1 13 24
1 14 19
1 15 15
1 16 21
1 17 5
1 18 12
1 19 4
1 20 14
1 21 11
1 22 13
1 23 17
1 24 23
1 25 13
1 26 20
2 1 18
2 2 -1
2 3 20
2 4 11
2 5 10
2 6 22
2 7 20
2 8 11
2 9 11
2 10 19
2 11 10
2 12 21
2 13 26
2 14 1
2 15 19
2 16 7
2 17 23
2 18 17
2 19 18
2 20 5
2 21 18
2 22 13
2 23 4
2 24 24
2 25 16
2 26 4
3 1 24
3 2 20
3 3 -1
3 4 18
3 5 10
3 6 13
3 7 10
3 8 8
3 9 9
3 10 9
3 11 9
3 12 12
3 13 10
3 14 19
3 15 11
3 16 14
3 17 26
3 18 13
3 19 21
3 20 21
3 21 15
3 22 11
3 23 16
3 24 8
3 25 11
3 26 16
4 1 8
4 2 11
4 3 18
4 4 -1
4 5 9
4 6 14
4 7 23
4 8 13
4 9 14
4 10 12
4 11 12
4 12 13
4 13 20
4 14 12
4 15 11
4 16 13
4 17 12
4 18 8
4 19 7
4 20 7
4 21 9
4 22 7
4 23 8
4 24 18
4 25 8
4 26 11
5 1 17
5 2 10
5 3 10
5 4 9
5 5 -1
5 6 14
5 7 13
5 8 3
5 9 5
5 10 10
5 11 2
5 12 13
5 13 17
5 14 9
5 15 11
5 16 6
5 17 20
5 18 10
5 19 15
5 20 11
5 21 12
5 22 5
5 23 5
5 24 14
5 25 8
5 26 7
6 1 16
6 2 22
6 3 13
6 4 14
6 5 14
6 6 -1
6 7 22
6 8 16
6 9 18
6 10 4
6 11 16
6 12 1
6 13 8
6 14 23
6 15 3
6 16 20
6 17 15
6 18 5
6 19 12
6 20 21
6 21 5
6 22 9
6 23 18
6 24 7
6 25 6
6 26 21
7 1 31
7 2 20
7 3 10
7 4 23
7 5 13
7 6 22
7 7 -1
7 8 10
7 9 9
7 10 19
7 11 11
7 12 21
7 13 20
7 14 19
7 15 20
7 16 13
7 17 33
7 18 21
7 19 28
7 20 23
7 21 23
7 22 17
7 23 17
7 24 18
7 25 19
7 26 16
8 1 21
8 2 11
8 3 8
8 4 13
8 5 3
8 6 16
8 7 10
8 8 -1
8 9 2
8 10 12
8 11 1
8 12 15
8 13 17
8 14 11
8 15 13
8 16 5
8 17 24
8 18 12
8 19 18
8 20 14
8 21 14
8 22 8
8 23 8
8 24 14
8 25 10
8 26 8
9 1 22
9 2 11
9 3 9
9 4 14
9 5 5
9 6 18
9 7 9
9 8 2
9 9 -1
9 10 14
9 11 2
9 12 17
9 13 18
9 14 10
9 15 15
9 16 4
9 17 25
9 18 14
9 19 20
9 20 14
9 21 16
9 22 9
9 23 8
9 24 16
9 25 12
9 26 7
10 1 16
10 2 19
10 3 9
10 4 12
10 5 10
10 6 4
10 7 19
10 8 12
10 9 14
10 10 -1
10 11 12
10 12 3
10 13 8
10 14 19
10 15 1
10 16 16
10 17 16
10 18 4
10 19 12
10 20 18
10 21 5
10 22 6
10 23 15
10 24 7
10 25 3
10 26 17
11 1 20
11 2 10
11 3 9
11 4 12
11 5 2
11 6 16
11 7 11
11 8 1
11 9 2
11 10 12
11 11 -1
11 12 15
11 13 17
11 14 10
11 15 13
11 16 5
11 17 23
11 18 12
11 19 17
11 20 13
11 21 14
11 22 7
11 23 7
11 24 15
11 25 10
11 26 7
12 1 16
12 2 21
12 3 12
12 4 13
12 5 13
12 6 1
12 7 21
12 8 15
12 9 17
12 10 3
12 11 15
12 12 -1
12 13 8
12 14 22
12 15 2
12 16 19
12 17 15
12 18 5
12 19 12
12 20 20
12 21 5
12 22 8
12 23 17
12 24 7
12 25 5
12 26 20
13 1 24
13 2 26
13 3 10
13 4 20
13 5 17
13 6 8
13 7 20
13 8 17
13 9 18
13 10 8
13 11 17
13 12 8
13 13 -1
13 14 26
13 15 9
13 16 22
13 17 23
13 18 12
13 19 20
13 20 26
13 21 13
13 22 14
13 23 22
13 24 2
13 25 12
13 26 24
14 1 19
14 2 1
14 3 19
14 4 12
14 5 9
14 6 23
14 7 19
14 8 11
14 9 10
14 10 19
14 11 10
14 12 22
14 13 26
14 14 -1
14 15 20
14 16 6
14 17 24
14 18 18
14 19 19
14 20 6
14 21 19
14 22 13
14 23 4
14 24 24
14 25 16
14 26 3
15 1 15
15 2 19
15 3 11
15 4 11
15 5 11
15 6 3
15 7 20
15 8 13
15 9 15
15 10 1
15 11 13
15 12 2
15 13 9
15 14 20
15 15 -1
15 16 17
15 17 15
15 18 3
15 19 11
15 20 18
15 21 4
15 22 6
15 23 15
15 24 8
15 25 3
15 26 18
16 1 21
16 2 7
16 3 14
16 4 13
16 5 6
16 6 20
16 7 13
16 8 5
16 9 4
16 10 16
16 11 5
16 12 19
16 13 22
16 14 6
16 15 17
16 16 -1
16 17 25
16 18 16
16 19 19
16 20 10
16 21 18
16 22 11
16 23 5
16 24 20
16 25 14
16 26 3
17 1 5
17 2 23
17 3 26
17 4 12
17 5 20
17 6 15
17 7 33
17 8 24
17 9 25
17 10 16
17 11 23
17 12 15
17 13 23
17 14 24
17 15 15
17 16 25
17 17 -1
17 18 13
17 19 5
17 20 19
17 21 11
17 22 16
17 23 21
17 24 22
17 25 15
17 26 24
18 1 12
18 2 17
18 3 13
18 4 8
18 5 10
18 6 5
18 7 21
18 8 12
18 9 14
18 10 4
18 11 12
18 12 5
18 13 12
18 14 18
18 15 3
18 16 16
18 17 13
18 18 -1
18 19 8
18 20 15
18 21 2
18 22 5
18 23 13
18 24 11
18 25 2
18 26 16
19 1 4
19 2 18
19 3 21
19 4 7
19 5 15
19 6 12
19 7 28
19 8 18
19 9 20
19 10 12
19 11 17
19 12 12
19 13 20
19 14 19
19 15 11
19 16 19
19 17 5
19 18 8
19 19 -1
19 20 14
19 21 7
19 22 10
19 23 15
19 24 19
19 25 9
19 26 18
20 1 14
20 2 5
20 3 21
20 4 7
20 5 11
20 6 21
20 7 23
20 8 14
20 9 14
20 10 18
20 11 13
20 12 20
20 13 26
20 14 6
20 15 18
20 16 10
20 17 19
20 18 15
20 19 14
20 20 -1
20 21 16
20 22 12
20 23 6
20 24 24
20 25 14
20 26 8
21 1 11
21 2 18
21 3 15
21 4 9
21 5 12
21 6 5
21 7 23
21 8 14
21 9 16
21 10 5
21 11 14
21 12 5
21 13 13
21 14 19
21 15 4
21 16 18
21 17 11
21 18 2
21 19 7
21 20 16
21 21 -1
21 22 7
21 23 15
21 24 12
21 25 4
21 26 18
22 1 13
22 2 13
22 3 11
22 4 7
22 5 5
22 6 9
22 7 17
22 8 8
22 9 9
22 10 6
22 11 7
22 12 8
22 13 14
22 14 13
22 15 6
22 16 11
22 17 16
22 18 5
22 19 10
22 20 12
22 21 7
22 22 -1
22 23 8
22 24 12
22 25 3
22 26 11
23 1 17
23 2 4
23 3 16
23 4 8
23 5 5
23 6 18
23 7 17
23 8 8
23 9 8
23 10 15
23 11 7
23 12 17
23 13 22
23 14 4
23 15 15
23 16 5
23 17 21
23 18 13
23 19 15
23 20 6
23 21 15
23 22 8
23 23 -1
23 24 20
23 25 12
23 26 3
24 1 23
24 2 24
24 3 8
24 4 18
24 5 14
24 6 7
24 7 18
24 8 14
24 9 16
24 10 7
24 11 15
24 12 7
24 13 2
24 14 24
24 15 8
24 16 20
24 17 22
24 18 11
24 19 19
24 20 24
24 21 12
24 22 12
24 23 20
24 24 -1
24 25 10
24 26 22
25 1 13
25 2 16
25 3 11
25 4 8
25 5 8
25 6 6
25 7 19
25 8 10
25 9 12
25 10 3
25 11 10
25 12 5
25 13 12
25 14 16
25 15 3
25 16 14
25 17 15
25 18 2
25 19 9
25 20 14
25 21 4
25 22 3
25 23 12
25 24 10
25 25 -1
25 26 14
26 1 20
26 2 4
26 3 16
26 4 11
26 5 7
26 6 21
26 7 16
26 8 8
26 9 7
26 10 17
26 11 7
26 12 20
26 13 24
26 14 3
26 15 18
26 16 3
26 17 24
26 18 16
26 19 18
26 20 8
26 21 18
26 22 11
26 23 3
26 24 22
26 25 14
26 26 -1
