1 1 -1
1 2 30
1 3 14
1 4 14
1 5 32
1 6 35
1 7 14
1 8 41
1 9 12
1 10 30
1 11 9
1 12 3
1 13 19
1 14 15
1 15 34
1 16 20
1 17 11
1 18 9
1 19 19
1 20 32
1 21 19
1 22 33
1 23 24
1 24 40
1 25 15
1 26 10
1 27 21
1 28 34
1 29 31
1 30 29
1 31 16
1 32 44
1 33 38
1 34 21
1 35 27
1 36 35
1 37 24
1 38 35
1 39 24
1 40 21
1 41 42
1 42 28
1 43 27
1 44 31
1 45 38
1 46 10
1 47 34
1 48 14
1 49 29
1 50 34
1 51 22
1 52 20
1 53 12
1 54 41
1 55 35
1 56 21
2 1 30
2 2 -1
2 3 44
2 4 37
2 5 15
2 6 36
2 7 42
2 8 38
2 9 40
2 10 33
2 11 39
2 12 33
2 13 49
2 14 15
2 15 57
2 16 13
2 17 22
2 18 25
2 19 45
2 20 41
2 21 46
2 22 36
2 23 46
2 24 59
2 25 32
2 26 30
2 27 12
2 28 12
2 29 10
2 30 41
2 31 46
2 32 42
2 33 35
2 34 36
2 35 52
2 36 57
2 37 22
2 38 42
2 39 46
2 40 51
2 41 46
2 42 12
2 43 5
2 44 4
2 45 44
2 46 40
2 47 11
2 48 35
2 49 50
2 50 8
2 51 9
2 52 47
2 53 27
2 54 35
2 55 28
2 56 41
3 1 14
3 2 44
3 3 -1
3 4 11
3 5 47
3 6 48
3 7 16
3 8 54
3 9 13
3 10 43
3 11 9
3 12 12
3 13 9
3 14 29
3 15 34
3 16 32
3 17 22
3 18 24
3 19 20
3 20 43
3 21 8
3 22 45
3 23 28
3 24 44
3 25 17
3 26 14
3 27 33
3 28 46
3 29 43
3 30 38
3 31 6
3 32 56
3 33 51
3 34 31
3 35 26
3 36 37
3 37 38
3 38 45
3 39 28
3 40 14
3 41 52
3 42 40
3 43 41
3 44 45
3 45 48
3 46 8
3 47 45
3 48 23
3 49 33
3 50 47
3 51 35
3 52 8
3 53 25
3 54 54
3 55 49
3 56 27
4 1 14
4 2 37
4 3 11
4 4 -1
4 5 43
4 6 50
4 7 24
4 8 56
4 9 21
4 10 45
4 11 16
4 12 13
4 13 20
4 14 24
4 15 43
4 16 24
4 17 14
4 18 23
4 19 28
4 20 47
4 21 9
4 22 47
4 23 36
4 24 52
4 25 6
4 26 6
4 27 25
4 28 37
4 29 35
4 30 43
4 31 17
4 32 58
4 33 53
4 34 35
4 35 35
4 36 46
4 37 37
4 38 49
4 39 36
4 40 25
4 41 56
4 42 31
4 43 36
4 44 37
4 45 52
4 46 15
4 47 37
4 48 27
4 49 41
4 50 39
4 51 27
4 52 10
4 53 26
4 54 55
4 55 49
4 56 34
5 1 32
5 2 15
5 3 47
5 4 43
5 5 -1
5 6 22
5 7 40
5 8 24
5 9 39
5 10 21
5 11 40
5 12 35
5 13 49
5 14 19
5 15 50
5 16 25
5 17 29
5 18 23
5 19 42
5 20 29
5 21 51
5 22 23
5 23 40
5 24 49
5 25 40
5 26 37
5 27 23
5 28 27
5 29 25
5 30 31
5 31 47
5 32 28
5 33 21
5 34 28
5 35 47
5 36 50
5 37 12
5 38 29
5 39 39
5 40 50
5 41 32
5 42 26
5 43 10
5 44 19
5 45 31
5 46 41
5 47 26
5 48 31
5 49 43
5 50 23
5 51 21
5 52 52
5 53 24
5 54 20
5 55 13
5 56 35
6 1 35
6 2 36
6 3 48
6 4 50
6 5 22
6 6 -1
6 7 34
6 8 6
6 9 35
6 10 5
6 11 38
6 12 37
6 13 46
6 14 31
6 15 36
6 16 41
6 17 40
6 18 26
6 19 34
6 20 10
6 21 55
6 22 3
6 23 28
6 24 31
6 25 49
6 26 44
6 27 40
6 28 47
6 29 45
6 30 14
6 31 45
6 32 8
6 33 4
6 34 18
6 35 36
6 36 34
6 37 15
6 38 8
6 39 27
6 40 44
6 41 10
6 42 45
6 43 30
6 44 40
6 45 9
6 46 40
6 47 46
6 48 25
6 49 28
6 50 44
6 51 38
6 52 55
6 53 23
6 54 8
6 55 9
6 56 24
7 1 14
7 2 42
7 3 16
7 4 24
7 5 40
7 6 34
7 7 -1
7 8 40
7 9 3
7 10 29
7 11 8
7 12 13
7 13 12
7 14 27
7 15 19
7 16 35
7 17 26
7 18 17
7 19 4
7 20 27
7 21 24
7 22 31
7 23 12
7 24 28
7 25 27
7 26 23
7 27 35
7 28 48
7 29 45
7 30 22
7 31 11
7 32 41
7 33 38
7 34 16
7 35 12
7 36 21
7 37 28
7 38 30
7 39 12
7 40 10
7 41 37
7 42 43
7 43 38
7 44 44
7 45 33
7 46 9
7 47 48
7 48 9
7 49 17
7 50 48
7 51 35
7 52 24
7 53 16
7 54 41
7 55 37
7 56 11
8 1 41
8 2 38
8 3 54
8 4 56
8 5 24
8 6 6
8 7 40
8 8 -1
8 9 41
8 10 11
8 11 45
8 12 43
8 13 52
8 14 35
8 15 41
8 16 45
8 17 45
8 18 32
8 19 40
8 20 15
8 21 61
8 22 9
8 23 34
8 24 35
8 25 55
8 26 50
8 27 44
8 28 50
8 29 48
8 30 19
8 31 51
8 32 4
8 33 3
8 34 24
8 35 42
8 36 39
8 37 19
8 38 13
8 39 33
8 40 50
8 41 11
8 42 49
8 43 33
8 44 42
8 45 12
8 46 46
8 47 49
8 48 31
8 49 33
8 50 47
8 51 42
8 52 61
8 53 29
8 54 4
8 55 10
8 56 30
9 1 12
9 2 40
9 3 13
9 4 21
9 5 39
9 6 35
9 7 3
9 8 41
9 9 -1
9 10 30
9 11 5
9 12 10
9 13 11
9 14 25
9 15 22
9 16 32
9 17 23
9 18 16
9 19 7
9 20 29
9 21 21
9 22 32
9 23 15
9 24 31
9 25 24
9 26 20
9 27 32
9 28 46
9 29 43
9 30 24
9 31 9
9 32 43
9 33 39
9 34 17
9 35 15
9 36 25
9 37 28
9 38 32
9 39 15
9 40 11
9 41 38
9 42 40
9 43 36
9 44 42
9 45 35
9 46 6
9 47 45
9 48 10
9 49 20
9 50 46
9 51 33
9 52 22
9 53 15
9 54 42
9 55 38
9 56 13
10 1 30
10 2 33
10 3 43
10 4 45
10 5 21
10 6 5
10 7 29
10 8 11
10 9 30
10 10 -1
10 11 33
10 12 32
10 13 41
10 14 27
10 15 33
10 16 37
10 17 35
10 18 21
10 19 29
10 20 8
10 21 50
10 22 3
10 23 24
10 24 29
10 25 44
10 26 39
10 27 36
10 28 44
10 29 42
10 30 11
10 31 40
10 32 13
10 33 8
10 34 13
10 35 32
10 36 31
10 37 11
10 38 8
10 39 23
10 40 39
10 41 13
10 42 42
10 43 27
10 44 37
10 45 10
10 46 35
10 47 44
10 48 20
10 49 25
10 50 42
10 51 34
10 52 50
10 53 18
10 54 12
10 55 10
10 56 19
11 1 9
11 2 39
11 3 9
11 4 16
11 5 40
11 6 38
11 7 8
11 8 45
11 9 5
11 10 33
11 11 -1
11 12 6
11 13 10
11 14 24
11 15 27
11 16 29
11 17 20
11 18 16
11 19 12
11 20 33
11 21 17
11 22 36
11 23 20
11 24 36
11 25 20
11 26 15
11 27 30
11 28 43
11 29 41
11 30 29
11 31 7
11 32 46
11 33 42
11 34 21
11 35 19
11 36 29
11 37 29
11 38 36
11 39 20
11 40 12
11 41 43
11 42 38
11 43 36
11 44 41
11 45 39
11 46 1
11 47 43
11 48 13
11 49 25
11 50 44
11 51 31
11 52 17
11 53 17
11 54 45
11 55 40
11 56 18
12 1 3
12 2 33
12 3 12
12 4 13
12 5 35
12 6 37
12 7 13
12 8 43
12 9 10
12 10 32
12 11 6
12 12 -1
12 13 16
12 14 18
12 15 32
12 16 23
12 17 13
12 18 12
12 19 17
12 20 33
12 21 17
12 22 34
12 23 23
12 24 40
12 25 15
12 26 10
12 27 23
12 28 37
12 29 34
12 30 29
12 31 13
12 32 45
12 33 40
12 34 21
12 35 25
12 36 34
12 37 26
12 38 36
12 39 23
12 40 18
12 41 43
12 42 31
12 43 30
12 44 34
12 45 39
12 46 7
12 47 36
12 48 14
12 49 28
12 50 37
12 51 25
12 52 18
12 53 14
12 54 43
12 55 37
12 56 21
13 1 19
13 2 49
13 3 9
13 4 20
13 5 49
13 6 46
13 7 12
13 8 52
13 9 11
13 10 41
13 11 10
13 12 16
13 13 -1
13 14 34
13 15 26
13 16 39
13 17 29
13 18 26
13 19 13
13 20 39
13 21 16
13 22 43
13 23 22
13 24 36
13 25 26
13 26 23
13 27 39
13 28 53
13 29 50
13 30 34
13 31 3
13 32 53
13 33 50
13 34 28
13 35 18
13 36 29
13 37 39
13 38 42
13 39 22
13 40 5
13 41 48
13 42 47
13 43 46
13 44 50
13 45 45
13 46 9
13 47 52
13 48 21
13 49 26
13 50 53
13 51 41
13 52 16
13 53 26
13 54 53
13 55 49
13 56 23
14 1 15
14 2 15
14 3 29
14 4 24
14 5 19
14 6 31
14 7 27
14 8 35
14 9 25
14 10 27
14 11 24
14 12 18
14 13 34
14 14 -1
14 15 43
14 16 10
14 17 10
14 18 10
14 19 30
14 20 32
14 21 32
14 22 30
14 23 33
14 24 47
14 25 21
14 26 18
14 27 9
14 28 21
14 29 19
14 30 31
14 31 31
14 32 39
14 33 32
14 34 24
14 35 38
14 36 44
14 37 16
14 38 34
14 39 32
14 40 35
14 41 40
14 42 17
14 43 12
14 44 17
14 45 37
14 46 25
14 47 21
14 48 21
14 49 37
14 50 21
14 51 9
14 52 33
14 53 14
14 54 33
14 55 26
14 56 28
15 1 34
15 2 57
15 3 34
15 4 43
15 5 50
15 6 36
15 7 19
15 8 41
15 9 22
15 10 33
15 11 27
15 12 32
15 13 26
15 14 43
15 15 -1
15 16 53
15 17 45
15 18 33
15 19 15
15 20 26
15 21 42
15 22 33
15 23 10
15 24 11
15 25 47
15 26 42
15 27 53
15 28 65
15 29 63
15 30 22
15 31 28
15 32 40
15 33 40
15 34 22
15 35 8
15 36 3
15 37 38
15 38 28
15 39 11
15 40 21
15 41 32
15 42 60
15 43 52
15 44 60
15 45 30
15 46 28
15 47 65
15 48 22
15 49 8
15 50 64
15 51 53
15 52 42
15 53 30
15 54 44
15 55 43
15 56 16
16 1 20
16 2 13
16 3 32
16 4 24
16 5 25
16 6 41
16 7 35
16 8 45
16 9 32
16 10 37
16 11 29
16 12 23
16 13 39
16 14 10
16 15 53
16 16 -1
16 17 10
16 18 20
16 19 39
16 20 43
16 21 33
16 22 40
16 23 42
16 24 57
16 25 18
16 26 18
16 27 1
16 28 13
16 29 11
16 30 41
16 31 35
16 32 49
16 33 42
16 34 34
16 35 46
16 36 54
16 37 26
16 38 44
16 39 42
16 40 42
16 41 50
16 42 8
16 43 15
16 44 13
16 45 47
16 46 30
16 47 13
16 48 30
16 49 47
16 50 15
16 51 4
16 52 34
16 53 24
16 54 42
16 55 35
16 56 38
17 1 11
17 2 22
17 3 22
17 4 14
17 5 29
17 6 40
17 7 26
17 8 45
17 9 23
17 10 35
17 11 20
17 12 13
17 13 29
17 14 10
17 15 45
17 16 10
17 17 -1
17 18 15
17 19 30
17 20 40
17 21 23
17 22 38
17 23 35
17 24 51
17 25 10
17 26 8
17 27 11
17 28 24
17 29 21
17 30 37
17 31 25
17 32 48
17 33 42
17 34 29
17 35 38
17 36 46
17 37 26
17 38 42
17 39 34
17 40 32
17 41 48
17 42 18
17 43 21
17 44 23
17 45 45
17 46 20
17 47 23
17 48 23
17 49 40
17 50 25
17 51 13
17 52 24
17 53 19
17 54 43
17 55 37
17 56 31
18 1 9
18 2 25
18 3 24
18 4 23
18 5 23
18 6 26
18 7 17
18 8 32
18 9 16
18 10 21
18 11 16
18 12 12
18 13 26
18 14 10
18 15 33
18 16 20
18 17 15
18 18 -1
18 19 20
18 20 25
18 21 29
18 22 24
18 23 22
18 24 37
18 25 23
18 26 18
18 27 20
18 28 32
18 29 29
18 30 22
18 31 23
18 32 34
18 33 29
18 34 14
18 35 27
18 36 33
18 37 14
18 38 27
18 39 21
18 40 27
18 41 33
18 42 27
18 43 20
18 44 27
18 45 30
18 46 17
18 47 31
18 48 10
18 49 27
18 50 31
18 51 19
18 52 30
18 53 4
18 54 31
18 55 25
18 56 17
19 1 19
19 2 45
19 3 20
19 4 28
19 5 42
19 6 34
19 7 4
19 8 40
19 9 7
19 10 29
19 11 12
19 12 17
19 13 13
19 14 30
19 15 15
19 16 39
19 17 30
19 18 20
19 19 -1
19 20 26
19 21 28
19 22 30
19 23 8
19 24 24
19 25 32
19 26 27
19 27 39
19 28 52
19 29 49
19 30 21
19 31 14
19 32 40
19 33 38
19 34 16
19 35 7
19 36 17
19 37 30
19 38 29
19 39 8
19 40 10
19 41 35
19 42 47
19 43 41
19 44 48
19 45 31
19 46 13
19 47 51
19 48 11
19 49 13
19 50 51
19 51 39
19 52 28
19 53 18
19 54 41
19 55 38
19 56 10
20 1 32
20 2 41
20 3 43
20 4 47
20 5 29
20 6 10
20 7 27
20 8 15
20 9 29
20 10 8
20 11 33
20 12 33
20 13 39
20 14 32
20 15 26
20 16 43
20 17 40
20 18 25
20 19 26
20 20 -1
20 21 50
20 22 7
20 23 19
20 24 21
20 25 47
20 26 42
20 27 42
20 28 52
20 29 49
20 30 5
20 31 39
20 32 14
20 33 14
20 34 12
20 35 27
20 36 24
20 37 18
20 38 2
20 39 18
20 40 36
20 41 9
20 42 49
20 43 35
20 44 45
20 45 5
20 46 34
20 47 51
20 48 20
20 49 18
20 50 49
20 51 41
20 52 51
20 53 21
20 54 18
20 55 18
20 56 16
21 1 19
21 2 46
21 3 8
21 4 9
21 5 51
21 6 55
21 7 24
21 8 61
21 9 21
21 10 50
21 11 17
21 12 17
21 13 16
21 14 32
21 15 42
21 16 33
21 17 23
21 18 29
21 19 28
21 20 50
21 21 -1
21 22 52
21 23 36
21 24 52
21 25 15
21 26 15
21 27 34
21 28 46
21 29 44
21 30 46
21 31 14
21 32 63
21 33 58
21 34 38
21 35 34
21 36 45
21 37 43
21 38 53
21 39 36
21 40 21
21 41 59
21 42 40
21 43 44
21 44 46
21 45 56
21 46 15
21 47 46
21 48 30
21 49 41
21 50 48
21 51 36
21 52 1
21 53 31
21 54 60
21 55 55
21 56 35
22 1 33
22 2 36
22 3 45
22 4 47
22 5 23
22 6 3
22 7 31
22 8 9
22 9 32
22 10 3
22 11 36
22 12 34
22 13 43
22 14 30
22 15 33
22 16 40
22 17 38
22 18 24
22 19 30
22 20 7
22 21 52
22 22 -1
22 23 25
22 24 28
22 25 47
22 26 42
22 27 39
22 28 47
22 29 45
22 30 11
22 31 42
22 32 10
22 33 7
22 34 15
22 35 33
22 36 31
22 37 14
22 38 6
22 39 24
22 40 41
22 41 10
22 42 45
22 43 30
22 44 40
22 45 8
22 46 37
22 47 46
22 48 22
22 49 25
22 50 44
22 51 37
22 52 53
22 53 21
22 54 11
22 55 11
22 56 21
23 1 24
23 2 46
23 3 28
23 4 36
23 5 40
23 6 28
23 7 12
23 8 34
23 9 15
23 10 24
23 11 20
23 12 23
23 13 22
23 14 33
23 15 10
23 16 42
23 17 35
23 18 22
23 19 8
23 20 19
23 21 36
23 22 25
23 23 -1
23 24 16
23 25 39
23 26 34
23 27 42
23 28 55
23 29 52
23 30 14
23 31 23
23 32 34
23 33 32
23 34 12
23 35 8
23 36 11
23 37 27
23 38 21
23 39 1
23 40 18
23 41 27
23 42 50
23 43 41
23 44 50
23 45 24
23 46 21
23 47 54
23 48 12
23 49 5
23 50 54
23 51 42
23 52 36
23 53 19
23 54 36
23 55 34
23 56 5
24 1 40
24 2 59
24 3 44
24 4 52
24 5 49
24 6 31
24 7 28
24 8 35
24 9 31
24 10 29
24 11 36
24 12 40
24 13 36
24 14 47
24 15 11
24 16 57
24 17 51
24 18 37
24 19 24
24 20 21
24 21 52
24 22 28
24 23 16
24 24 -1
24 25 55
24 26 50
24 27 57
24 28 69
24 29 66
24 30 18
24 31 38
24 32 33
24 33 34
24 34 23
24 35 18
24 36 8
24 37 37
24 38 22
24 39 16
24 40 32
24 41 25
24 42 64
24 43 53
24 44 62
24 45 23
24 46 37
24 47 68
24 48 27
24 49 11
24 50 67
24 51 56
24 52 52
24 53 33
24 54 38
24 55 39
24 56 19
25 1 15
25 2 32
25 3 17
25 4 6
25 5 40
25 6 49
25 7 27
25 8 55
25 9 24
25 10 44
25 11 20
25 12 15
25 13 26
25 14 21
25 15 47
25 16 18
25 17 10
25 18 23
25 19 32
25 20 47
25 21 15
25 22 47
25 23 39
25 24 55
25 25 -1
25 26 5
25 27 19
25 28 31
25 29 29
25 30 44
25 31 22
25 32 57
25 33 51
25 34 36
25 35 39
25 36 49
25 37 35
25 38 50
25 39 38
25 40 30
25 41 56
25 42 25
25 43 31
25 44 32
25 45 53
25 46 19
25 47 31
25 48 29
25 49 44
25 50 33
25 51 22
25 52 16
25 53 26
25 54 53
25 55 47
25 56 36
26 1 10
26 2 30
26 3 14
26 4 6
26 5 37
26 6 44
26 7 23
26 8 50
26 9 20
26 10 39
26 11 15
26 12 10
26 13 23
26 14 18
26 15 42
26 16 18
26 17 8
26 18 18
26 19 27
26 20 42
26 21 15
26 22 42
26 23 34
26 24 50
26 25 5
26 26 -1
26 27 19
26 28 31
26 29 29
26 30 39
26 31 19
26 32 53
26 33 47
26 34 31
26 35 35
26 36 44
26 37 31
26 38 45
26 39 33
26 40 26
26 41 51
26 42 25
26 43 29
26 44 31
26 45 48
26 46 15
26 47 31
26 48 24
26 49 39
26 50 33
26 51 21
26 52 16
26 53 21
26 54 49
26 55 43
26 56 31
27 1 21
27 2 12
27 3 33
27 4 25
27 5 23
27 6 40
27 7 35
27 8 44
27 9 32
27 10 36
27 11 30
27 12 23
27 13 39
27 14 9
27 15 53
27 16 1
27 17 11
27 18 20
27 19 39
27 20 42
27 21 34
27 22 39
27 23 42
27 24 57
27 25 19
27 26 19
27 27 -1
27 28 13
27 29 10
27 30 40
27 31 36
27 32 48
27 33 41
27 34 34
27 35 46
27 36 53
27 37 25
27 38 43
27 39 41
27 40 42
27 41 49
27 42 7
27 43 13
27 44 12
27 45 46
27 46 31
27 47 13
27 48 30
27 49 47
27 50 14
27 51 2
27 52 35
27 53 23
27 54 41
27 55 34
27 56 37
28 1 34
28 2 12
28 3 46
28 4 37
28 5 27
28 6 47
28 7 48
28 8 50
28 9 46
28 10 44
28 11 43
28 12 37
28 13 53
28 14 21
28 15 65
28 16 13
28 17 24
28 18 32
28 19 52
28 20 52
28 21 46
28 22 47
28 23 55
28 24 69
28 25 31
28 26 31
28 27 13
28 28 -1
28 29 2
28 30 51
28 31 49
28 32 54
28 33 47
28 34 45
28 35 60
28 36 66
28 37 33
28 38 53
28 39 54
28 40 55
28 41 57
28 42 6
28 43 17
28 44 8
28 45 55
28 46 44
28 47 1
28 48 43
28 49 59
28 50 4
28 51 12
28 52 47
28 53 36
28 54 47
28 55 40
28 56 50
29 1 31
29 2 10
29 3 43
29 4 35
29 5 25
29 6 45
29 7 45
29 8 48
29 9 43
29 10 42
29 11 41
29 12 34
29 13 50
29 14 19
29 15 63
29 16 11
29 17 21
29 18 29
29 19 49
29 20 49
29 21 44
29 22 45
29 23 52
29 24 66
29 25 29
29 26 29
29 27 10
29 28 2
29 29 -1
29 30 48
29 31 47
29 32 52
29 33 45
29 34 42
29 35 57
29 36 63
29 37 31
29 38 50
29 39 51
29 40 53
29 41 55
29 42 4
29 43 15
29 44 6
29 45 53
29 46 41
29 47 2
29 48 40
29 49 56
29 50 4
29 51 10
29 52 45
29 53 33
29 54 45
29 55 38
29 56 47
30 1 29
30 2 41
30 3 38
30 4 43
30 5 31
30 6 14
30 7 22
30 8 19
30 9 24
30 10 11
30 11 29
30 12 29
30 13 34
30 14 31
30 15 22
30 16 41
30 17 37
30 18 22
30 19 21
30 20 5
30 21 46
30 22 11
30 23 14
30 24 18
30 25 44
30 26 39
30 27 40
30 28 51
30 29 48
30 30 -1
30 31 34
30 32 19
30 33 18
30 34 8
30 35 22
30 36 20
30 37 19
30 38 7
30 39 13
30 40 31
30 41 14
30 42 47
30 43 35
30 44 45
30 45 10
30 46 30
30 47 50
30 48 15
30 49 14
30 50 49
30 51 39
30 52 46
30 53 18
30 54 22
30 55 21
30 56 11
31 1 16
31 2 46
31 3 6
31 4 17
31 5 47
31 6 45
31 7 11
31 8 51
31 9 9
31 10 40
31 11 7
31 12 13
31 13 3
31 14 31
31 15 28
31 16 35
31 17 25
31 18 23
31 19 14
31 20 39
31 21 14
31 22 42
31 23 23
31 24 38
31 25 22
31 26 19
31 27 36
31 28 49
31 29 47
31 30 34
31 31 -1
31 32 53
31 33 49
31 34 27
31 35 20
31 36 31
31 37 37
31 38 42
31 39 23
31 40 8
31 41 48
31 42 43
31 43 43
31 44 47
31 45 45
31 46 6
31 47 49
31 48 19
31 49 27
31 50 50
31 51 37
31 52 14
31 53 24
31 54 52
31 55 47
31 56 23
32 1 44
32 2 42
32 3 56
32 4 58
32 5 28
32 6 8
32 7 41
32 8 4
32 9 43
32 10 13
32 11 46
32 12 45
32 13 53
32 14 39
32 15 40
32 16 49
32 17 48
32 18 34
32 19 40
32 20 14
32 21 63
32 22 10
32 23 34
32 24 33
32 25 57
32 26 53
32 27 48
32 28 54
32 29 52
32 30 19
32 31 53
32 32 -1
32 33 7
32 34 25
32 35 42
32 36 37
32 37 23
32 38 12
32 39 33
32 40 51
32 41 8
32 42 53
32 43 37
32 44 47
32 45 10
32 46 48
32 47 53
32 48 33
32 49 32
32 50 51
32 51 46
32 52 63
32 53 31
32 54 8
32 55 14
32 56 30
33 1 38
33 2 35
33 3 51
33 4 53
33 5 21
33 6 4
33 7 38
33 8 3
33 9 39
33 10 8
33 11 42
33 12 40
33 13 50
33 14 32
33 15 40
33 16 42
33 17 42
33 18 29
33 19 38
33 20 14
33 21 58
33 22 7
33 23 32
33 24 34
33 25 51
33 26 47
33 27 41
33 28 47
33 29 45
33 30 18
33 31 49
33 32 7
33 33 -1
33 34 21
33 35 40
33 36 38
33 37 16
33 38 12
33 39 31
33 40 48
33 41 12
33 42 46
33 43 30
33 44 40
33 45 12
33 46 43
33 47 46
33 48 29
33 49 32
33 50 44
33 51 39
33 52 58
33 53 26
33 54 4
33 55 7
33 56 28
34 1 21
34 2 36
34 3 31
34 4 35
34 5 28
34 6 18
34 7 16
34 8 24
34 9 17
34 10 13
34 11 21
34 12 21
34 13 28
34 14 24
34 15 22
34 16 34
34 17 29
34 18 14
34 19 16
34 20 12
34 21 38
34 22 15
34 23 12
34 24 23
34 25 36
34 26 31
34 27 34
34 28 45
34 29 42
34 30 8
34 31 27
34 32 25
34 33 21
34 34 -1
34 35 20
34 36 21
34 37 15
34 38 14
34 39 11
34 40 26
34 41 21
34 42 41
34 43 30
34 44 39
34 45 17
34 46 23
34 47 44
34 48 8
34 49 14
34 50 43
34 51 33
34 52 38
34 53 10
34 54 25
34 55 22
34 56 7
35 1 27
35 2 52
35 3 26
35 4 35
35 5 47
35 6 36
35 7 12
35 8 42
35 9 15
35 10 32
35 11 19
35 12 25
35 13 18
35 14 38
35 15 8
35 16 46
35 17 38
35 18 27
35 19 7
35 20 27
35 21 34
35 22 33
35 23 8
35 24 18
35 25 39
35 26 35
35 27 46
35 28 60
35 29 57
35 30 22
35 31 20
35 32 42
35 33 40
35 34 20
35 35 -1
35 36 11
35 37 35
35 38 29
35 39 9
35 40 13
35 41 35
35 42 54
35 43 47
35 44 55
35 45 32
35 46 20
35 47 59
35 48 17
35 49 9
35 50 59
35 51 47
35 52 34
35 53 25
35 54 44
35 55 42
35 56 13
36 1 35
36 2 57
36 3 37
36 4 46
36 5 50
36 6 34
36 7 21
36 8 39
36 9 25
36 10 31
36 11 29
36 12 34
36 13 29
36 14 44
36 15 3
36 16 54
36 17 46
36 18 33
36 19 17
36 20 24
36 21 45
36 22 31
36 23 11
36 24 8
36 25 49
36 26 44
36 27 53
36 28 66
36 29 63
36 30 20
36 31 31
36 32 37
36 33 38
36 34 21
36 35 11
36 36 -1
36 37 37
36 38 26
36 39 12
36 40 24
36 41 30
36 42 61
36 43 52
36 44 61
36 45 27
36 46 30
36 47 65
36 48 23
36 49 7
36 50 65
36 51 53
36 52 45
36 53 30
36 54 42
36 55 41
36 56 16
37 1 24
37 2 22
37 3 38
37 4 37
37 5 12
37 6 15
37 7 28
37 8 19
37 9 28
37 10 11
37 11 29
37 12 26
37 13 39
37 14 16
37 15 38
37 16 26
37 17 26
37 18 14
37 19 30
37 20 18
37 21 43
37 22 14
37 23 27
37 24 37
37 25 35
37 26 31
37 27 25
37 28 33
37 29 31
37 30 19
37 31 37
37 32 23
37 33 16
37 34 15
37 35 35
37 36 37
37 37 -1
37 38 19
37 39 26
37 40 38
37 41 24
37 42 30
37 43 16
37 44 26
37 45 22
37 46 31
37 47 32
37 48 19
37 49 30
37 50 30
37 51 23
37 52 44
37 53 13
37 54 17
37 55 11
37 56 22
38 1 35
38 2 42
38 3 45
38 4 49
38 5 29
38 6 8
38 7 30
38 8 13
38 9 32
38 10 8
38 11 36
38 12 36
38 13 42
38 14 34
38 15 28
38 16 44
38 17 42
38 18 27
38 19 29
38 20 2
38 21 53
38 22 6
38 23 21
38 24 22
38 25 50
38 26 45
38 27 43
38 28 53
38 29 50
38 30 7
38 31 42
38 32 12
38 33 12
38 34 14
38 35 29
38 36 26
38 37 19
38 38 -1
38 39 21
38 40 39
38 41 6
38 42 50
38 43 36
38 44 46
38 45 3
38 46 37
38 47 52
38 48 22
38 49 20
38 50 50
38 51 42
38 52 53
38 53 23
38 54 16
38 55 17
38 56 19
39 1 24
39 2 46
39 3 28
39 4 36
39 5 39
39 6 27
39 7 12
39 8 33
39 9 15
39 10 23
39 11 20
39 12 23
39 13 22
39 14 32
39 15 11
39 16 42
39 17 34
39 18 21
39 19 8
39 20 18
39 21 36
39 22 24
39 23 1
39 24 16
39 25 38
39 26 33
39 27 41
39 28 54
39 29 51
39 30 13
39 31 23
39 32 33
39 33 31
39 34 11
39 35 9
39 36 12
39 37 26
39 38 21
39 39 -1
39 40 19
39 41 27
39 42 49
39 43 40
39 44 49
39 45 23
39 46 21
39 47 53
39 48 11
39 49 5
39 50 53
39 51 41
39 52 36
39 53 18
39 54 35
39 55 33
39 56 4
40 1 21
40 2 51
40 3 14
40 4 25
40 5 50
40 6 44
40 7 10
40 8 50
40 9 11
40 10 39
40 11 12
40 12 18
40 13 5
40 14 35
40 15 21
40 16 42
40 17 32
40 18 27
40 19 10
40 20 36
40 21 21
40 22 41
40 23 18
40 24 32
40 25 30
40 26 26
40 27 42
40 28 55
40 29 53
40 30 31
40 31 8
40 32 51
40 33 48
40 34 26
40 35 13
40 36 24
40 37 38
40 38 39
40 39 19
40 40 -1
40 41 45
40 42 50
40 43 47
40 44 53
40 45 42
40 46 11
40 47 55
40 48 19
40 49 22
40 50 56
40 51 43
40 52 21
40 53 26
40 54 51
40 55 48
40 56 20
41 1 42
41 2 46
41 3 52
41 4 56
41 5 32
41 6 10
41 7 37
41 8 11
41 9 38
41 10 13
41 11 43
41 12 43
41 13 48
41 14 40
41 15 32
41 16 50
41 17 48
41 18 33
41 19 35
41 20 9
41 21 59
41 22 10
41 23 27
41 24 25
41 25 56
41 26 51
41 27 49
41 28 57
41 29 55
41 30 14
41 31 48
41 32 8
41 33 12
41 34 21
41 35 35
41 36 30
41 37 24
41 38 6
41 39 27
41 40 45
41 41 -1
41 42 55
41 43 40
41 44 50
41 45 3
41 46 44
41 47 56
41 48 29
41 49 25
41 50 54
41 51 47
41 52 60
41 53 29
41 54 15
41 55 19
41 56 25
42 1 28
42 2 12
42 3 40
42 4 31
42 5 26
42 6 45
42 7 43
42 8 49
42 9 40
42 10 42
42 11 38
42 12 31
42 13 47
42 14 17
42 15 60
42 16 8
42 17 18
42 18 27
42 19 47
42 20 49
42 21 40
42 22 45
42 23 50
42 24 64
42 25 25
42 26 25
42 27 7
42 28 6
42 29 4
42 30 47
42 31 43
42 32 53
42 33 46
42 34 41
42 35 54
42 36 61
42 37 30
42 38 50
42 39 49
42 40 50
42 41 55
42 42 -1
42 43 16
42 44 9
42 45 52
42 46 38
42 47 6
42 48 38
42 49 54
42 50 8
42 51 8
42 52 41
42 53 31
42 54 46
42 55 39
42 56 45
43 1 27
43 2 5
43 3 41
43 4 36
43 5 10
43 6 30
43 7 38
43 8 33
43 9 36
43 10 27
43 11 36
43 12 30
43 13 46
43 14 12
43 15 52
43 16 15
43 17 21
43 18 20
43 19 41
43 20 35
43 21 44
43 22 30
43 23 41
43 24 53
43 25 31
43 26 29
43 27 13
43 28 17
43 29 15
43 30 35
43 31 43
43 32 37
43 33 30
43 34 30
43 35 47
43 36 52
43 37 16
43 38 36
43 39 40
43 40 47
43 41 40
43 42 16
43 43 -1
43 44 9
43 45 38
43 46 37
43 47 16
43 48 30
43 49 45
43 50 14
43 51 10
43 52 45
43 53 22
43 54 30
43 55 23
43 56 36
44 1 31
44 2 4
44 3 45
44 4 37
44 5 19
44 6 40
44 7 44
44 8 42
44 9 42
44 10 37
44 11 41
44 12 34
44 13 50
44 14 17
44 15 60
44 16 13
44 17 23
44 18 27
44 19 48
44 20 45
44 21 46
44 22 40
44 23 50
44 24 62
44 25 32
44 26 31
44 27 12
44 28 8
44 29 6
44 30 45
44 31 47
44 32 47
44 33 40
44 34 39
44 35 55
44 36 61
44 37 26
44 38 46
44 39 49
44 40 53
44 41 50
44 42 9
44 43 9
44 44 -1
44 45 48
44 46 41
44 47 7
44 48 38
44 49 53
44 50 4
44 51 10
44 52 47
44 53 30
44 54 39
44 55 32
44 56 44
45 1 38
45 2 44
45 3 48
45 4 52
45 5 31
45 6 9
45 7 33
45 8 12
45 9 35
45 10 10
45 11 39
45 12 39
45 13 45
45 14 37
45 15 30
45 16 47
45 17 45
45 18 30
45 19 31
45 20 5
45 21 56
45 22 8
45 23 24
45 24 23
45 25 53
45 26 48
45 27 46
45 28 55
45 29 53
45 30 10
45 31 45
45 32 10
45 33 12
45 34 17
45 35 32
45 36 27
45 37 22
45 38 3
45 39 23
45 40 42
45 41 3
45 42 52
45 43 38
45 44 48
45 45 -1
45 46 40
45 47 54
45 48 25
45 49 22
45 50 52
45 51 45
45 52 56
45 53 26
45 54 15
45 55 18
45 56 21
46 1 10
46 2 40
46 3 8
46 4 15
46 5 41
46 6 40
46 7 9
46 8 46
46 9 6
46 10 35
46 11 1
46 12 7
46 13 9
46 14 25
46 15 28
46 16 30
46 17 20
46 18 17
46 19 13
46 20 34
46 21 15
46 22 37
46 23 21
46 24 37
46 25 19
46 26 15
46 27 31
46 28 44
46 29 41
46 30 30
46 31 6
46 32 48
46 33 43
46 34 23
46 35 20
46 36 30
46 37 31
46 38 37
46 39 21
46 40 11
46 41 44
46 42 38
46 43 37
46 44 41
46 45 40
46 46 -1
46 47 44
46 48 15
46 49 26
46 50 44
46 51 32
46 52 16
46 53 18
46 54 46
46 55 41
46 56 19
47 1 34
47 2 11
47 3 45
47 4 37
47 5 26
47 6 46
47 7 48
47 8 49
47 9 45
47 10 44
47 11 43
47 12 36
47 13 52
47 14 21
47 15 65
47 16 13
47 17 23
47 18 31
47 19 51
47 20 51
47 21 46
47 22 46
47 23 54
47 24 68
47 25 31
47 26 31
47 27 13
47 28 1
47 29 2
47 30 50
47 31 49
47 32 53
47 33 46
47 34 44
47 35 59
47 36 65
47 37 32
47 38 52
47 39 53
47 40 55
47 41 56
47 42 6
47 43 16
47 44 7
47 45 54
47 46 44
47 47 -1
47 48 42
47 49 58
47 50 3
47 51 12
47 52 47
47 53 35
47 54 46
47 55 39
47 56 49
48 1 14
48 2 35
48 3 23
48 4 27
48 5 31
48 6 25
48 7 9
48 8 31
48 9 10
48 10 20
48 11 13
48 12 14
48 13 21
48 14 21
48 15 22
48 16 30
48 17 23
48 18 10
48 19 11
48 20 20
48 21 30
48 22 22
48 23 12
48 24 27
48 25 29
48 26 24
48 27 30
48 28 43
48 29 40
48 30 15
48 31 19
48 32 33
48 33 29
48 34 8
48 35 17
48 36 23
48 37 19
48 38 22
48 39 11
48 40 19
48 41 29
48 42 38
48 43 30
48 44 38
48 45 25
48 46 15
48 47 42
48 48 -1
48 49 16
48 50 42
48 51 30
48 52 30
48 53 7
48 54 32
48 55 28
48 56 7
49 1 29
49 2 50
49 3 33
49 4 41
49 5 43
49 6 28
49 7 17
49 8 33
49 9 20
49 10 25
49 11 25
49 12 28
49 13 26
49 14 37
49 15 8
49 16 47
49 17 40
49 18 27
49 19 13
49 20 18
49 21 41
49 22 25
49 23 5
49 24 11
49 25 44
49 26 39
49 27 47
49 28 59
49 29 56
49 30 14
49 31 27
49 32 32
49 33 32
49 34 14
49 35 9
49 36 7
49 37 30
49 38 20
49 39 5
49 40 22
49 41 25
49 42 54
49 43 45
49 44 53
49 45 22
49 46 26
49 47 58
49 48 16
49 49 -1
49 50 58
49 51 46
49 52 41
49 53 23
49 54 36
49 55 35
49 56 9
50 1 34
50 2 8
50 3 47
50 4 39
50 5 23
50 6 44
50 7 48
50 8 47
50 9 46
50 10 42
50 11 44
50 12 37
50 13 53
50 14 21
50 15 64
50 16 15
50 17 25
50 18 31
50 19 51
50 20 49
50 21 48
50 22 44
50 23 54
50 24 67
50 25 33
50 26 33
50 27 14
50 28 4
50 29 4
50 30 49
50 31 50
50 32 51
50 33 44
50 34 43
50 35 59
50 36 65
50 37 30
50 38 50
50 39 53
50 40 56
50 41 54
50 42 8
50 43 14
50 44 4
50 45 52
50 46 44
50 47 3
50 48 42
50 49 58
50 50 -1
50 51 12
50 52 49
50 53 34
50 54 43
50 55 36
50 56 48
51 1 22
51 2 9
51 3 35
51 4 27
51 5 21
51 6 38
51 7 35
51 8 42
51 9 33
51 10 34
51 11 31
51 12 25
51 13 41
51 14 9
51 15 53
51 16 4
51 17 13
51 18 19
51 19 39
51 20 41
51 21 36
51 22 37
51 23 42
51 24 56
51 25 22
51 26 21
51 27 2
51 28 12
51 29 10
51 30 39
51 31 37
51 32 46
51 33 39
51 34 33
51 35 47
51 36 53
51 37 23
51 38 42
51 39 41
51 40 43
51 41 47
51 42 8
51 43 10
51 44 10
51 45 45
51 46 32
51 47 12
51 48 30
51 49 46
51 50 12
51 51 -1
51 52 37
51 53 23
51 54 39
51 55 32
51 56 37
52 1 20
52 2 47
52 3 8
52 4 10
52 5 52
52 6 55
52 7 24
52 8 61
52 9 22
52 10 50
52 11 17
52 12 18
52 13 16
52 14 33
52 15 42
52 16 34
52 17 24
52 18 30
52 19 28
52 20 51
52 21 1
52 22 53
52 23 36
52 24 52
52 25 16
52 26 16
52 27 35
52 28 47
52 29 45
52 30 46
52 31 14
52 32 63
52 33 58
52 34 38
52 35 34
52 36 45
52 37 44
52 38 53
52 39 36
52 40 21
52 41 60
52 42 41
52 43 45
52 44 47
52 45 56
52 46 16
52 47 47
52 48 30
52 49 41
52 50 49
52 51 37
52 52 -1
52 53 32
52 54 61
52 55 55
52 56 36
53 1 12
53 2 27
53 3 25
53 4 26
53 5 24
53 6 23
53 7 16
53 8 29
53 9 15
53 10 18
53 11 17
53 12 14
53 13 26
53 14 14
53 15 30
53 16 24
53 17 19
53 18 4
53 19 18
53 20 21
53 21 31
53 22 21
53 23 19
53 24 33
53 25 26
53 26 21
53 27 23
53 28 36
53 29 33
53 30 18
53 31 24
53 32 31
53 33 26
53 34 10
53 35 25
53 36 30
53 37 13
53 38 23
53 39 18
53 40 26
53 41 29
53 42 31
53 43 22
53 44 30
53 45 26
53 46 18
53 47 35
53 48 7
53 49 23
53 50 34
53 51 23
53 52 32
53 53 -1
53 54 29
53 55 23
53 56 14
54 1 41
54 2 35
54 3 54
54 4 55
54 5 20
54 6 8
54 7 41
54 8 4
54 9 42
54 10 12
54 11 45
54 12 43
54 13 53
54 14 33
54 15 44
54 16 42
54 17 43
54 18 31
54 19 41
54 20 18
54 21 60
54 22 11
54 23 36
54 24 38
54 25 53
54 26 49
54 27 41
54 28 47
54 29 45
54 30 22
54 31 52
54 32 8
54 33 4
54 34 25
54 35 44
54 36 42
54 37 17
54 38 16
54 39 35
54 40 51
54 41 15
54 42 46
54 43 30
54 44 39
54 45 15
54 46 46
54 47 46
54 48 32
54 49 36
54 50 43
54 51 39
54 52 61
54 53 29
54 54 -1
54 55 7
54 56 31
55 1 35
55 2 28
55 3 49
55 4 49
55 5 13
55 6 9
55 7 37
55 8 10
55 9 38
55 10 10
55 11 40
55 12 37
55 13 49
55 14 26
55 15 43
55 16 35
55 17 37
55 18 25
55 19 38
55 20 18
55 21 55
55 22 11
55 23 34
55 24 39
55 25 47
55 26 43
55 27 34
55 28 40
55 29 38
55 30 21
55 31 47
55 32 14
55 33 7
55 34 22
55 35 42
55 36 41
55 37 11
55 38 17
55 39 33
55 40 48
55 41 19
55 42 39
55 43 23
55 44 32
55 45 18
55 46 41
55 47 39
55 48 28
55 49 35
55 50 36
55 51 32
55 52 55
55 53 23
55 54 7
55 55 -1
55 56 29
56 1 21
56 2 41
56 3 27
56 4 34
56 5 35
56 6 24
56 7 11
56 8 30
56 9 13
56 10 19
56 11 18
56 12 21
56 13 23
56 14 28
56 15 16
56 16 38
56 17 31
56 18 17
56 19 10
56 20 16
56 21 35
56 22 21
56 23 5
56 24 19
56 25 36
56 26 31
56 27 37
56 28 50
56 29 47
56 30 11
56 31 23
56 32 30
56 33 28
56 34 7
56 35 13
56 36 16
56 37 22
56 38 19
56 39 4
56 40 20
56 41 25
56 42 45
56 43 36
56 44 44
56 45 21
56 46 19
56 47 49
56 48 7
56 49 9
56 50 48
56 51 37
56 52 36
56 53 14
56 54 31
56 55 29
56 56 -1
