4 25
4 26
4 52
4 21
52 3
52 4
52 21
51 2
51 42
51 43
51 44
51 14
51 16
51 27
51 29
17 16
17 25
17 26
17 14
44 2
44 42
44 43
44 47
44 50
44 51
44 28
44 29
31 3
31 40
31 9
31 11
31 13
31 46
38 6
38 41
38 10
38 45
38 20
38 22
38 30
45 32
45 6
45 38
45 41
45 10
45 20
45 22
45 30
27 42
27 14
27 16
27 51
27 29
6 32
6 33
6 38
6 8
6 41
6 10
6 45
6 20
6 55
6 22
6 54
9 7
9 40
9 11
9 12
9 46
9 48
9 19
9 31
33 32
33 6
33 8
33 10
33 55
33 22
33 54
2 43
2 44
2 50
2 51
2 29
5 43
24 36
54 32
54 33
54 6
54 8
54 55
10 33
10 38
10 6
10 45
10 20
10 22
10 55
48 34
48 7
48 9
48 18
48 53
48 56
53 48
53 18
53 34
28 42
28 44
28 47
28 50
28 29
29 2
29 42
29 44
29 47
29 50
29 51
29 27
29 28
3 11
3 13
3 46
3 52
3 21
3 31
50 2
50 42
50 44
50 47
50 28
50 29
35 39
35 15
35 49
35 19
35 23
26 1
26 4
26 12
26 17
26 25
47 42
47 44
47 50
47 28
47 29
40 7
40 9
40 13
40 19
40 31
