1 1 -1
1 2 9
1 3 3
1 4 13
1 5 16
1 6 12
1 7 5
1 8 11
1 9 15
1 10 8
1 11 12
1 12 10
1 13 5
1 14 18
1 15 7
1 16 13
1 17 11
1 18 3
1 19 5
1 20 5
2 1 9
2 2 -1
2 3 11
2 4 11
2 5 7
2 6 6
2 7 4
2 8 8
2 9 8
2 10 4
2 11 5
2 12 2
2 13 15
2 14 8
2 15 7
2 16 13
2 17 11
2 18 12
2 19 14
2 20 10
3 1 3
3 2 11
3 3 -1
3 4 16
3 5 16
3 6 15
3 7 6
3 8 14
3 9 18
3 10 11
3 11 12
3 12 12
3 13 5
3 14 18
3 15 5
3 16 10
3 17 9
3 18 2
3 19 3
3 20 8
4 1 13
4 2 11
4 3 16
4 4 -1
4 5 17
4 6 6
4 7 12
4 8 3
4 9 7
4 10 7
4 11 17
4 12 9
4 13 18
4 14 18
4 15 16
4 16 23
4 17 22
4 18 16
4 19 18
4 20 9
5 1 16
5 2 7
5 3 16
5 4 17
5 5 -1
5 6 11
5 7 10
5 8 14
5 9 11
5 10 11
5 11 5
5 12 8
5 13 22
5 14 1
5 15 11
5 16 14
5 17 13
5 18 18
5 19 20
5 20 17
6 1 12
6 2 6
6 3 15
6 4 6
6 5 11
6 6 -1
6 7 9
6 8 3
6 9 3
6 10 4
6 11 12
6 12 4
6 13 18
6 14 12
6 15 12
6 16 19
6 17 17
6 18 15
6 19 17
6 20 10
7 1 5
7 2 4
7 3 6
7 4 12
7 5 10
7 6 9
7 7 -1
7 8 9
7 9 12
7 10 5
7 11 7
7 12 6
7 13 11
7 14 12
7 15 3
7 16 10
7 17 9
7 18 7
7 19 10
7 20 8
8 1 11
8 2 8
8 3 14
8 4 3
8 5 14
8 6 3
8 7 9
8 8 -1
8 9 5
8 10 4
8 11 13
8 12 6
8 13 16
8 14 15
8 15 13
8 16 20
8 17 18
8 18 14
8 19 16
8 20 7
9 1 15
9 2 8
9 3 18
9 4 7
9 5 11
9 6 3
9 7 12
9 8 5
9 9 -1
9 10 7
9 11 13
9 12 6
9 13 21
9 14 12
9 15 15
9 16 21
9 17 20
9 18 18
9 19 20
9 20 13
10 1 8
10 2 4
10 3 11
10 4 7
10 5 11
10 6 4
10 7 5
10 8 4
10 9 7
10 10 -1
10 11 9
10 12 3
10 13 14
10 14 12
10 15 8
10 16 15
10 17 14
10 18 11
10 19 13
10 20 7
11 1 12
11 2 5
11 3 12
11 4 17
11 5 5
11 6 12
11 7 7
11 8 13
11 9 13
11 10 9
11 11 -1
11 12 7
11 13 17
11 14 6
11 15 6
11 16 9
11 17 8
11 18 13
11 19 15
11 20 15
12 1 10
12 2 2
12 3 12
12 4 9
12 5 8
12 6 4
12 7 6
12 8 6
12 9 6
12 10 3
12 11 7
12 12 -1
12 13 16
12 14 9
12 15 9
12 16 15
12 17 13
12 18 13
12 19 15
12 20 10
13 1 5
13 2 15
13 3 5
13 4 18
13 5 22
13 6 18
13 7 11
13 8 16
13 9 21
13 10 14
13 11 17
13 12 16
13 13 -1
13 14 23
13 15 11
13 16 15
13 17 14
13 18 3
13 19 2
13 20 9
14 1 18
14 2 8
14 3 18
14 4 18
14 5 1
14 6 12
14 7 12
14 8 15
14 9 12
14 10 12
14 11 6
14 12 9
14 13 23
14 14 -1
14 15 12
14 16 15
14 17 14
14 18 19
14 19 21
14 20 18
15 1 7
15 2 7
15 3 5
15 4 16
15 5 11
15 6 12
15 7 3
15 8 13
15 9 15
15 10 8
15 11 6
15 12 9
15 13 11
15 14 12
15 15 -1
15 16 7
15 17 5
15 18 7
15 19 9
15 20 10
16 1 13
16 2 13
16 3 10
16 4 23
16 5 14
16 6 19
16 7 10
16 8 20
16 9 21
16 10 15
16 11 9
16 12 15
16 13 15
16 14 15
16 15 7
16 16 -1
16 17 1
16 18 12
16 19 13
16 20 17
17 1 11
17 2 11
17 3 9
17 4 22
17 5 13
17 6 17
17 7 9
17 8 18
17 9 20
17 10 14
17 11 8
17 12 13
17 13 14
17 14 14
17 15 5
17 16 1
17 17 -1
17 18 11
17 19 12
17 20 16
18 1 3
18 2 12
18 3 2
18 4 16
18 5 18
18 6 15
18 7 7
18 8 14
18 9 18
18 10 11
18 11 13
18 12 13
18 13 3
18 14 19
18 15 7
18 16 12
18 17 11
18 18 -1
18 19 2
18 20 7
19 1 5
19 2 14
19 3 3
19 4 18
19 5 20
19 6 17
19 7 10
19 8 16
19 9 20
19 10 13
19 11 15
19 12 15
19 13 2
19 14 21
19 15 9
19 16 13
19 17 12
19 18 2
19 19 -1
19 20 9
20 1 5
20 2 10
20 3 8
20 4 9
20 5 17
20 6 10
20 7 8
20 8 7
20 9 13
20 10 7
20 11 15
20 12 10
20 13 9
20 14 18
20 15 10
20 16 17
20 17 16
20 18 7
20 19 9
20 20 -1
