1 1 -1
1 2 5
1 3 12
1 4 17
1 5 29
1 6 48
1 7 38
1 8 38
1 9 24
1 10 46
1 11 57
1 12 50
1 13 11
1 14 21
1 15 51
1 16 37
1 17 16
1 18 40
1 19 20
1 20 45
1 21 4
1 22 24
1 23 26
1 24 13
1 25 49
1 26 25
1 27 26
1 28 43
1 29 48
1 30 31
1 31 44
1 32 36
1 33 15
1 34 46
1 35 43
1 36 17
1 37 42
1 38 41
1 39 55
1 40 41
1 41 58
1 42 39
1 43 34
1 44 62
1 45 40
1 46 14
1 47 16
1 48 24
1 49 17
1 50 51
1 51 22
1 52 37
1 53 25
1 54 4
1 55 22
1 56 44
1 57 58
1 58 14
1 59 24
1 60 55
2 1 5
2 2 -1
2 3 13
2 4 17
2 5 30
2 6 42
2 7 35
2 8 36
2 9 19
2 10 45
2 11 54
2 12 45
2 13 8
2 14 15
2 15 45
2 16 33
2 17 13
2 18 40
2 19 18
2 20 40
2 21 2
2 22 25
2 23 24
2 24 10
2 25 43
2 26 22
2 27 21
2 28 43
2 29 44
2 30 27
2 31 38
2 32 30
2 33 18
2 34 40
2 35 37
2 36 12
2 37 38
2 38 41
2 39 51
2 40 40
2 41 53
2 42 33
2 43 31
2 44 57
2 45 37
2 46 11
2 47 14
2 48 19
2 49 22
2 50 47
2 51 19
2 52 36
2 53 21
2 54 9
2 55 19
2 56 38
2 57 53
2 58 11
2 59 19
2 60 50
3 1 12
3 2 13
3 3 -1
3 4 5
3 5 17
3 6 46
3 7 28
3 8 27
3 9 21
3 10 35
3 11 46
3 12 43
3 13 8
3 14 24
3 15 49
3 16 29
3 17 11
3 18 28
3 19 9
3 20 40
3 21 12
3 22 12
3 23 15
3 24 23
3 25 45
3 26 16
3 27 33
3 28 31
3 29 39
3 30 26
3 31 46
3 32 34
3 33 7
3 34 43
3 35 42
3 36 24
3 37 37
3 38 28
3 39 47
3 40 29
3 41 52
3 42 41
3 43 24
3 44 57
3 45 29
3 46 9
3 47 6
3 48 32
3 49 15
3 50 43
3 51 12
3 52 25
3 53 19
3 54 12
3 55 13
3 56 41
3 57 50
3 58 7
3 59 30
3 60 49
4 1 17
4 2 17
4 3 5
4 4 -1
4 5 13
4 6 44
4 7 24
4 8 22
4 9 19
4 10 30
4 11 41
4 12 39
4 13 9
4 14 24
4 15 47
4 16 25
4 17 10
4 18 23
4 19 5
4 20 36
4 21 15
4 22 8
4 23 10
4 24 26
4 25 42
4 26 12
4 27 35
4 28 26
4 29 35
4 30 23
4 31 46
4 32 32
4 33 10
4 34 40
4 35 40
4 36 25
4 37 34
4 38 24
4 39 43
4 40 24
4 41 48
4 42 41
4 43 20
4 44 53
4 45 24
4 46 9
4 47 4
4 48 34
4 49 19
4 50 39
4 51 7
4 52 20
4 53 17
4 54 17
4 55 10
4 56 38
4 57 46
4 58 7
4 59 31
4 60 45
5 1 29
5 2 30
5 3 17
5 4 13
5 5 -1
5 6 52
5 7 23
5 8 17
5 9 29
5 10 22
5 11 36
5 12 40
5 13 22
5 14 36
5 15 54
5 16 28
5 17 21
5 18 13
5 19 13
5 20 40
5 21 29
5 22 5
5 23 13
5 24 40
5 25 48
5 26 18
5 27 48
5 28 15
5 29 34
5 30 29
5 31 56
5 32 41
5 33 17
5 34 47
5 35 48
5 36 39
5 37 38
5 38 12
5 39 43
5 40 15
5 41 49
5 42 51
5 43 21
5 44 56
5 45 21
5 46 21
5 47 16
5 48 47
5 49 25
5 50 39
5 51 15
5 52 12
5 53 25
5 54 28
5 55 18
5 56 44
5 57 46
5 58 20
5 59 44
5 60 48
6 1 48
6 2 42
6 3 46
6 4 44
6 5 52
6 6 -1
6 7 32
6 8 41
6 9 25
6 10 47
6 11 42
6 12 23
6 13 39
6 14 27
6 15 4
6 16 26
6 17 35
6 18 51
6 19 40
6 20 16
6 21 43
6 22 50
6 23 39
6 24 41
6 25 9
6 26 34
6 27 33
6 28 53
6 29 29
6 30 23
6 31 13
6 32 12
6 33 54
6 34 6
6 35 5
6 36 33
6 37 17
6 38 54
6 39 28
6 40 47
6 41 22
6 42 14
6 43 33
6 44 22
6 45 37
6 46 37
6 47 41
6 48 35
6 49 61
6 50 27
6 51 38
6 52 47
6 53 28
6 54 51
6 55 35
6 56 8
6 57 28
6 58 39
6 59 29
6 60 18
7 1 38
7 2 35
7 3 28
7 4 24
7 5 23
7 6 32
7 7 -1
7 8 9
7 9 19
7 10 15
7 11 19
7 12 16
7 13 27
7 14 30
7 15 33
7 16 6
7 17 22
7 18 19
7 19 19
7 20 18
7 21 35
7 22 24
7 23 13
7 24 41
7 25 26
7 26 13
7 27 43
7 28 21
7 29 11
7 30 12
7 31 40
7 32 24
7 33 34
7 34 26
7 35 29
7 36 36
7 37 16
7 38 22
7 39 19
7 40 15
7 41 26
7 42 36
7 43 4
7 44 32
7 45 5
7 46 24
7 47 22
7 48 43
7 49 43
7 50 15
7 51 16
7 52 15
7 53 14
7 54 39
7 55 16
7 56 24
7 57 22
7 58 24
7 59 38
7 60 25
8 1 38
8 2 36
8 3 27
8 4 22
8 5 17
8 6 41
8 7 9
8 8 -1
8 9 24
8 10 8
8 11 20
8 12 24
8 13 27
8 14 35
8 15 42
8 16 15
8 17 23
8 18 10
8 19 18
8 20 27
8 21 35
8 22 18
8 23 12
8 24 44
8 25 35
8 26 14
8 27 49
8 28 12
8 29 18
8 30 20
8 31 48
8 32 32
8 33 31
8 34 35
8 35 38
8 36 40
8 37 25
8 38 13
8 39 26
8 40 6
8 41 34
8 42 44
8 43 8
8 44 40
8 45 4
8 46 25
8 47 22
8 48 48
8 49 39
8 50 22
8 51 16
8 52 6
8 53 19
8 54 39
8 55 17
8 56 33
8 57 29
8 58 24
8 59 43
8 60 33
9 1 24
9 2 19
9 3 21
9 4 19
9 5 29
9 6 25
9 7 19
9 8 24
9 9 -1
9 10 33
9 11 37
9 12 26
9 13 14
9 14 11
9 15 28
9 16 15
9 17 10
9 18 32
9 19 16
9 20 21
9 21 20
9 22 26
9 23 16
9 24 24
9 25 24
9 26 11
9 27 24
9 28 35
9 29 26
9 30 8
9 31 27
9 32 13
9 33 29
9 34 22
9 35 20
9 36 17
9 37 18
9 38 34
9 39 32
9 40 30
9 41 33
9 42 22
9 43 16
9 44 38
9 45 23
9 46 12
9 47 15
9 48 24
9 49 36
9 50 28
9 51 14
9 52 28
9 53 5
9 54 27
9 55 11
9 56 19
9 57 34
9 58 13
9 59 19
9 60 30
10 1 46
10 2 45
10 3 35
10 4 30
10 5 22
10 6 47
10 7 15
10 8 8
10 9 33
10 10 -1
10 11 15
10 12 27
10 13 36
10 14 44
10 15 47
10 16 21
10 17 32
10 18 10
10 19 26
10 20 31
10 21 44
10 22 25
10 23 20
10 24 53
10 25 39
10 26 23
10 27 57
10 28 10
10 29 20
10 30 27
10 31 55
10 32 39
10 33 38
10 34 40
10 35 44
10 36 49
10 37 30
10 38 12
10 39 26
10 40 6
10 41 35
10 42 52
10 43 16
10 44 41
10 45 10
10 46 34
10 47 30
10 48 57
10 49 46
10 50 24
10 51 25
10 52 10
10 53 28
10 54 47
10 55 26
10 56 38
10 57 29
10 58 33
10 59 52
10 60 36
11 1 57
11 2 54
11 3 46
11 4 41
11 5 36
11 6 42
11 7 19
11 8 20
11 9 37
11 10 15
11 11 -1
11 12 18
11 13 46
11 14 48
11 15 40
11 16 22
11 17 41
11 18 25
11 19 37
11 20 26
11 21 54
11 22 39
11 23 31
11 24 61
11 25 33
11 26 32
11 27 61
11 28 25
11 29 13
11 30 30
11 31 53
11 32 38
11 33 51
11 34 35
11 35 41
11 36 55
11 37 26
11 38 28
11 39 15
11 40 21
11 41 24
11 42 51
11 43 23
11 44 30
11 45 17
11 46 43
11 47 41
11 48 62
11 49 60
11 50 15
11 51 35
11 52 24
11 53 33
11 54 58
11 55 35
11 56 34
11 57 17
11 58 43
11 59 56
11 60 26
12 1 50
12 2 45
12 3 43
12 4 39
12 5 40
12 6 23
12 7 16
12 8 24
12 9 26
12 10 27
12 11 18
12 12 -1
12 13 39
12 14 36
12 15 21
12 16 13
12 17 34
12 18 34
12 19 34
12 20 8
12 21 46
12 22 40
12 23 29
12 24 50
12 25 14
12 26 27
12 27 47
12 28 35
12 29 7
12 30 18
12 31 35
12 32 22
12 33 49
12 34 16
12 35 22
12 36 43
12 37 9
12 38 37
12 39 6
12 40 29
12 41 9
12 42 33
12 43 19
12 44 15
12 45 20
12 46 36
12 47 36
12 48 48
12 49 58
12 50 3
12 51 31
12 52 31
12 53 24
12 54 52
12 55 29
12 56 16
12 57 8
12 58 37
12 59 42
12 60 9
13 1 11
13 2 8
13 3 8
13 4 9
13 5 22
13 6 39
13 7 27
13 8 27
13 9 14
13 10 36
13 11 46
13 12 39
13 13 -1
13 14 16
13 15 43
13 16 26
13 17 5
13 18 31
13 19 10
13 20 35
13 21 8
13 22 18
13 23 15
13 24 17
13 25 39
13 26 14
13 27 26
13 28 34
13 29 37
13 30 21
13 31 38
13 32 27
13 33 15
13 34 36
13 35 34
13 36 16
13 37 32
13 38 32
13 39 44
13 40 31
13 41 47
13 42 33
13 43 23
13 44 52
13 45 29
13 46 3
13 47 6
13 48 25
13 49 21
13 50 40
13 51 11
13 52 28
13 53 14
13 54 13
13 55 11
13 56 34
13 57 47
13 58 3
13 59 22
13 60 44
14 1 21
14 2 15
14 3 24
14 4 24
14 5 36
14 6 27
14 7 30
14 8 35
14 9 11
14 10 44
14 11 48
14 12 36
14 13 16
14 14 -1
14 15 31
14 16 26
14 17 14
14 18 42
14 19 22
14 20 29
14 21 17
14 22 32
14 23 25
14 24 14
14 25 30
14 26 21
14 27 13
14 28 45
14 29 36
14 30 18
14 31 23
14 32 16
14 33 31
14 34 26
14 35 22
14 36 7
14 37 27
14 38 44
14 39 42
14 40 41
14 41 41
14 42 18
14 43 27
14 44 45
14 45 34
14 46 15
14 47 20
14 48 13
14 49 36
14 50 38
14 51 21
14 52 38
14 53 15
14 54 25
14 55 19
14 56 25
14 57 44
14 58 17
14 59 8
14 60 38
15 1 51
15 2 45
15 3 49
15 4 47
15 5 54
15 6 4
15 7 33
15 8 42
15 9 28
15 10 47
15 11 40
15 12 21
15 13 43
15 14 31
15 15 -1
15 16 27
15 17 38
15 18 52
15 19 43
15 20 15
15 21 47
15 22 52
15 23 41
15 24 45
15 25 7
15 26 36
15 27 37
15 28 54
15 29 28
15 30 25
15 31 17
15 32 15
15 33 57
15 34 7
15 35 8
15 36 37
15 37 17
15 38 55
15 39 26
15 40 48
15 41 19
15 42 18
15 43 34
15 44 18
15 45 38
15 46 40
15 47 43
15 48 39
15 49 64
15 50 25
15 51 40
15 52 48
15 53 30
15 54 55
15 55 37
15 56 9
15 57 26
15 58 42
15 59 33
15 60 15
16 1 37
16 2 33
16 3 29
16 4 25
16 5 28
16 6 26
16 7 6
16 8 15
16 9 15
16 10 21
16 11 22
16 12 13
16 13 26
16 14 26
16 15 27
16 16 -1
16 17 20
16 18 25
16 19 20
16 20 12
16 21 33
16 22 27
16 23 16
16 24 39
16 25 20
16 26 13
16 27 39
16 28 27
16 29 11
16 30 7
16 31 34
16 32 18
16 33 36
16 34 20
16 35 23
16 36 32
16 37 10
16 38 28
16 39 18
16 40 21
16 41 22
16 42 30
16 43 7
16 44 28
16 45 11
16 46 23
16 47 23
16 48 39
16 49 45
16 50 13
16 51 17
16 52 21
16 53 12
16 54 39
16 55 16
16 56 18
16 57 21
16 58 23
16 59 34
16 60 20
17 1 16
17 2 13
17 3 11
17 4 10
17 5 21
17 6 35
17 7 22
17 8 23
17 9 10
17 10 32
17 11 41
17 12 34
17 13 5
17 14 14
17 15 38
17 16 20
17 17 -1
17 18 29
17 19 8
17 20 30
17 21 13
17 22 17
17 23 12
17 24 21
17 25 34
17 26 9
17 27 27
17 28 31
17 29 31
17 30 15
17 31 36
17 32 23
17 33 18
17 34 32
17 35 30
17 36 17
17 37 27
17 38 30
17 39 39
17 40 28
17 41 42
17 42 31
17 43 18
17 44 47
17 45 24
17 46 2
17 47 6
17 48 26
17 49 26
17 50 34
17 51 7
17 52 25
17 53 9
17 54 18
17 55 6
17 56 30
17 57 41
17 58 3
17 59 22
17 60 39
18 1 40
18 2 40
18 3 28
18 4 23
18 5 13
18 6 51
18 7 19
18 8 10
18 9 32
18 10 10
18 11 25
18 12 34
18 13 31
18 14 42
18 15 52
18 16 25
18 17 29
18 18 -1
18 19 21
18 20 37
18 21 39
18 22 17
18 23 16
18 24 49
18 25 45
18 26 21
18 27 55
18 28 2
18 29 27
18 30 29
18 31 58
18 32 41
18 33 30
18 34 45
18 35 47
18 36 46
18 37 35
18 38 3
18 39 35
18 40 4
18 41 43
18 42 53
18 43 18
18 44 49
18 45 14
18 46 30
18 47 25
18 48 55
18 49 38
18 50 31
18 51 21
18 52 4
18 53 27
18 54 40
18 55 23
18 56 43
18 57 38
18 58 28
18 59 51
18 60 43
19 1 20
19 2 18
19 3 9
19 4 5
19 5 13
19 6 40
19 7 19
19 8 18
19 9 16
19 10 26
19 11 37
19 12 34
19 13 10
19 14 22
19 15 43
19 16 20
19 17 8
19 18 21
19 19 -1
19 20 32
19 21 18
19 22 10
19 23 6
19 24 28
19 25 38
19 26 7
19 27 35
19 28 24
19 29 30
19 30 18
19 31 43
19 32 28
19 33 15
19 34 36
19 35 36
19 36 25
19 37 29
19 38 22
19 39 38
19 40 21
19 41 43
19 42 38
19 43 15
19 44 48
19 45 20
19 46 8
19 47 4
19 48 34
19 49 24
19 50 34
19 51 2
19 52 17
19 53 12
19 54 21
19 55 5
19 56 34
19 57 41
19 58 7
19 59 30
19 60 41
20 1 45
20 2 40
20 3 40
20 4 36
20 5 40
20 6 16
20 7 18
20 8 27
20 9 21
20 10 31
20 11 26
20 12 8
20 13 35
20 14 29
20 15 15
20 16 12
20 17 30
20 18 37
20 19 32
20 20 -1
20 21 41
20 22 39
20 23 28
20 24 43
20 25 8
20 26 25
20 27 40
20 28 39
20 29 13
20 30 14
20 31 27
20 32 14
20 33 47
20 34 9
20 35 14
20 36 36
20 37 2
20 38 40
20 39 13
20 40 33
20 41 12
20 42 25
20 43 19
20 44 17
20 45 23
20 46 32
20 47 33
20 48 41
20 49 55
20 50 11
20 51 29
20 52 33
20 53 20
20 54 48
20 55 26
20 56 8
20 57 15
20 58 33
20 59 35
20 60 9
21 1 4
21 2 2
21 3 12
21 4 15
21 5 29
21 6 43
21 7 35
21 8 35
21 9 20
21 10 44
21 11 54
21 12 46
21 13 8
21 14 17
21 15 47
21 16 33
21 17 13
21 18 39
21 19 18
21 20 41
21 21 -1
21 22 24
21 23 23
21 24 11
21 25 45
21 26 22
21 27 23
21 28 42
21 29 44
21 30 27
21 31 40
21 32 31
21 33 16
21 34 41
21 35 38
21 36 14
21 37 38
21 38 39
21 39 51
21 40 39
21 41 54
21 42 35
21 43 31
21 44 58
21 45 37
21 46 11
21 47 13
21 48 21
21 49 20
21 50 47
21 51 19
21 52 35
21 53 21
21 54 8
21 55 19
21 56 39
21 57 54
21 58 11
21 59 21
21 60 51
22 1 24
22 2 25
22 3 12
22 4 8
22 5 5
22 6 50
22 7 24
22 8 18
22 9 26
22 10 25
22 11 39
22 12 40
22 13 18
22 14 32
22 15 52
22 16 27
22 17 17
22 18 17
22 19 10
22 20 39
22 21 24
22 22 -1
22 23 11
22 24 35
22 25 46
22 26 15
22 27 44
22 28 19
22 29 35
22 30 27
22 31 53
22 32 38
22 33 13
22 34 45
22 35 45
22 36 34
22 37 37
22 38 16
22 39 43
22 40 19
22 41 49
22 42 48
22 43 20
22 44 55
22 45 22
22 46 17
22 47 12
22 48 43
22 49 21
22 50 39
22 51 12
22 52 15
22 53 22
22 54 23
22 55 15
22 56 43
22 57 46
22 58 15
22 59 40
22 60 48
23 1 26
23 2 24
23 3 15
23 4 10
23 5 13
23 6 39
23 7 13
23 8 12
23 9 16
23 10 20
23 11 31
23 12 29
23 13 15
23 14 25
23 15 41
23 16 16
23 17 12
23 18 16
23 19 6
23 20 28
23 21 23
23 22 11
23 23 -1
23 24 33
23 25 35
23 26 5
23 27 38
23 28 19
23 29 25
23 30 16
23 31 43
23 32 28
23 33 20
23 34 34
23 35 35
23 36 29
23 37 25
23 38 18
23 39 33
23 40 16
23 41 38
23 42 38
23 43 10
23 44 44
23 45 14
23 46 13
23 47 10
23 48 38
23 49 29
23 50 29
23 51 4
23 52 12
23 53 12
23 54 27
23 55 6
23 56 32
23 57 36
23 58 12
23 59 34
23 60 37
24 1 13
24 2 10
24 3 23
24 4 26
24 5 40
24 6 41
24 7 41
24 8 44
24 9 24
24 10 53
24 11 61
24 12 50
24 13 17
24 14 14
24 15 45
24 16 39
24 17 21
24 18 49
24 19 28
24 20 43
24 21 11
24 22 35
24 23 33
24 24 -1
24 25 45
24 26 30
24 27 13
24 28 52
24 29 50
24 30 32
24 31 34
24 32 31
24 33 28
24 34 41
24 35 37
24 36 8
24 37 41
24 38 50
24 39 56
24 40 49
24 41 56
24 42 30
24 43 38
24 44 60
24 45 45
24 46 19
24 47 24
24 48 11
24 49 30
24 50 52
24 51 28
24 52 45
24 53 27
24 54 17
24 55 27
24 56 39
24 57 58
24 58 20
24 59 13
24 60 52
25 1 49
25 2 43
25 3 45
25 4 42
25 5 48
25 6 9
25 7 26
25 8 35
25 9 24
25 10 39
25 11 33
25 12 14
25 13 39
25 14 30
25 15 7
25 16 20
25 17 34
25 18 45
25 19 38
25 20 8
25 21 45
25 22 46
25 23 35
25 24 45
25 25 -1
25 26 31
25 27 39
25 28 47
25 29 20
25 30 19
25 31 22
25 32 13
25 33 53
25 34 4
25 35 10
25 36 37
25 37 10
25 38 48
25 39 19
25 40 41
25 41 13
25 42 21
25 43 27
25 44 15
25 45 31
25 46 36
25 47 39
25 48 40
25 49 61
25 50 18
25 51 35
25 52 41
25 53 25
25 54 52
25 55 32
25 56 5
25 57 19
25 58 38
25 59 34
25 60 9
26 1 25
26 2 22
26 3 16
26 4 12
26 5 18
26 6 34
26 7 13
26 8 14
26 9 11
26 10 23
26 11 32
26 12 27
26 13 14
26 14 21
26 15 36
26 16 13
26 17 9
26 18 21
26 19 7
26 20 25
26 21 22
26 22 15
26 23 5
26 24 30
26 25 31
26 26 -1
26 27 34
26 28 24
26 29 23
26 30 11
26 31 38
26 32 23
26 33 22
26 34 29
26 35 30
26 36 25
26 37 22
26 38 23
26 39 31
26 40 19
26 41 36
26 42 33
26 43 9
26 44 41
26 45 15
26 46 11
26 47 9
26 48 34
26 49 31
26 50 27
26 51 4
26 52 17
26 53 7
26 54 26
26 55 3
26 56 27
26 57 34
26 58 11
26 59 29
26 60 33
27 1 26
27 2 21
27 3 33
27 4 35
27 5 48
27 6 33
27 7 43
27 8 49
27 9 24
27 10 57
27 11 61
27 12 47
27 13 26
27 14 13
27 15 37
27 16 39
27 17 27
27 18 55
27 19 35
27 20 40
27 21 23
27 22 44
27 23 38
27 24 13
27 25 39
27 26 34
27 27 -1
27 28 58
27 29 49
27 30 31
27 31 23
27 32 26
27 33 39
27 34 35
27 35 29
27 36 9
27 37 38
27 38 57
27 39 53
27 40 54
27 41 52
27 42 20
27 43 41
27 44 54
27 45 48
27 46 26
27 47 32
27 48 2
27 49 43
27 50 50
27 51 34
27 52 51
27 53 29
27 54 30
27 55 32
27 56 34
27 57 55
27 58 28
27 59 5
27 60 48
28 1 43
28 2 43
28 3 31
28 4 26
28 5 15
28 6 53
28 7 21
28 8 12
28 9 35
28 10 10
28 11 25
28 12 35
28 13 34
28 14 45
28 15 54
28 16 27
28 17 31
28 18 2
28 19 24
28 20 39
28 21 42
28 22 19
28 23 19
28 24 52
28 25 47
28 26 24
28 27 58
28 28 -1
28 29 28
28 30 31
28 31 60
28 32 44
28 33 32
28 34 47
28 35 50
28 36 49
28 37 37
28 38 3
28 39 36
28 40 6
28 41 44
28 42 56
28 43 20
28 44 50
28 45 16
28 46 32
28 47 28
28 48 57
28 49 40
28 50 33
28 51 24
28 52 7
28 53 30
28 54 43
28 55 26
28 56 45
28 57 39
28 58 31
28 59 53
28 60 44
29 1 48
29 2 44
29 3 39
29 4 35
29 5 34
29 6 29
29 7 11
29 8 18
29 9 26
29 10 20
29 11 13
29 12 7
29 13 37
29 14 36
29 15 28
29 16 11
29 17 31
29 18 27
29 19 30
29 20 13
29 21 44
29 22 35
29 23 25
29 24 50
29 25 20
29 26 23
29 27 49
29 28 28
29 29 -1
29 30 18
29 31 40
29 32 25
29 33 45
29 34 22
29 35 27
29 36 43
29 37 12
29 38 30
29 39 8
29 40 23
29 41 15
29 42 37
29 43 15
29 44 22
29 45 13
29 46 33
29 47 33
29 48 49
29 49 54
29 50 4
29 51 27
29 52 24
29 53 23
29 54 50
29 55 26
29 56 21
29 57 11
29 58 34
29 59 43
29 60 16
30 1 31
30 2 27
30 3 26
30 4 23
30 5 29
30 6 23
30 7 12
30 8 20
30 9 8
30 10 27
30 11 30
30 12 18
30 13 21
30 14 18
30 15 25
30 16 7
30 17 15
30 18 29
30 19 18
30 20 14
30 21 27
30 22 27
30 23 16
30 24 32
30 25 19
30 26 11
30 27 31
30 28 31
30 29 18
30 30 -1
30 31 28
30 32 12
30 33 33
30 34 18
30 35 19
30 36 25
30 37 11
30 38 32
30 39 24
30 40 26
30 41 26
30 42 24
30 43 11
30 44 31
30 45 17
30 46 18
30 47 19
30 48 31
30 49 41
30 50 20
30 51 15
30 52 25
30 53 6
30 54 34
30 55 13
30 56 15
30 57 26
30 58 19
30 59 26
30 60 23
31 1 44
31 2 38
31 3 46
31 4 46
31 5 56
31 6 13
31 7 40
31 8 48
31 9 27
31 10 55
31 11 53
31 12 35
31 13 38
31 14 23
31 15 17
31 16 34
31 17 36
31 18 58
31 19 43
31 20 27
31 21 40
31 22 53
31 23 43
31 24 34
31 25 22
31 26 38
31 27 23
31 28 60
31 29 40
31 30 28
31 31 -1
31 32 16
31 33 54
31 34 18
31 35 12
31 36 27
31 37 27
31 38 60
31 39 41
31 40 55
31 41 35
31 42 5
31 43 39
31 44 35
31 45 46
31 46 37
31 47 42
31 48 25
31 49 60
31 50 39
31 51 41
31 52 53
31 53 31
31 54 48
31 55 38
31 56 19
31 57 41
31 58 39
31 59 21
31 60 31
32 1 36
32 2 30
32 3 34
32 4 32
32 5 41
32 6 12
32 7 24
32 8 32
32 9 13
32 10 39
32 11 38
32 12 22
32 13 27
32 14 16
32 15 15
32 16 18
32 17 23
32 18 41
32 19 28
32 20 14
32 21 31
32 22 38
32 23 28
32 24 31
32 25 13
32 26 23
32 27 26
32 28 44
32 29 25
32 30 12
32 31 16
32 32 -1
32 33 42
32 34 10
32 35 7
32 36 23
32 37 13
32 38 44
32 39 28
32 40 38
32 41 26
32 42 12
32 43 23
32 44 28
32 45 29
32 46 25
32 47 28
32 48 27
32 49 49
32 50 25
32 51 26
32 52 37
32 53 16
32 54 39
32 55 23
32 56 8
32 57 29
32 58 26
32 59 21
32 60 22
33 1 15
33 2 18
33 3 7
33 4 10
33 5 17
33 6 54
33 7 34
33 8 31
33 9 29
33 10 38
33 11 51
33 12 49
33 13 15
33 14 31
33 15 57
33 16 36
33 17 18
33 18 30
33 19 15
33 20 47
33 21 16
33 22 13
33 23 20
33 24 28
33 25 53
33 26 22
33 27 39
33 28 32
33 29 45
33 30 33
33 31 54
33 32 42
33 33 -1
33 34 50
33 35 49
33 36 30
33 37 44
33 38 29
33 39 54
33 40 32
33 41 58
33 42 49
33 43 30
33 44 64
33 45 34
33 46 17
33 47 13
33 48 38
33 49 8
33 50 49
33 51 18
33 52 28
33 53 27
33 54 12
33 55 20
33 56 48
33 57 56
33 58 15
33 59 37
33 60 56
34 1 46
34 2 40
34 3 43
34 4 40
34 5 47
34 6 6
34 7 26
34 8 35
34 9 22
34 10 40
34 11 35
34 12 16
34 13 36
34 14 26
34 15 7
34 16 20
34 17 32
34 18 45
34 19 36
34 20 9
34 21 41
34 22 45
34 23 34
34 24 41
34 25 4
34 26 29
34 27 35
34 28 47
34 29 22
34 30 18
34 31 18
34 32 10
34 33 50
34 34 -1
34 35 6
34 36 33
34 37 10
34 38 48
34 39 22
34 40 41
34 41 17
34 42 17
34 43 27
34 44 19
34 45 31
34 46 34
34 47 37
34 48 36
34 49 58
34 50 20
34 51 33
34 52 41
34 53 23
34 54 49
34 55 30
34 56 2
34 57 22
34 58 35
34 59 30
34 60 13
35 1 43
35 2 37
35 3 42
35 4 40
35 5 48
35 6 5
35 7 29
35 8 38
35 9 20
35 10 44
35 11 41
35 12 22
35 13 34
35 14 22
35 15 8
35 16 23
35 17 30
35 18 47
35 19 36
35 20 14
35 21 38
35 22 45
35 23 35
35 24 37
35 25 10
35 26 30
35 27 29
35 28 50
35 29 27
35 30 19
35 31 12
35 32 7
35 33 49
35 34 6
35 35 -1
35 36 29
35 37 15
35 38 50
35 39 28
35 40 44
35 41 23
35 42 11
35 43 29
35 44 25
35 45 34
35 46 32
35 47 36
35 48 31
35 49 56
35 50 26
35 51 33
35 52 43
35 53 23
35 54 46
35 55 30
35 56 6
35 57 29
35 58 34
35 59 25
35 60 19
36 1 17
36 2 12
36 3 24
36 4 25
36 5 39
36 6 33
36 7 36
36 8 40
36 9 17
36 10 49
36 11 55
36 12 43
36 13 16
36 14 7
36 15 37
36 16 32
36 17 17
36 18 46
36 19 25
36 20 36
36 21 14
36 22 34
36 23 29
36 24 8
36 25 37
36 26 25
36 27 9
36 28 49
36 29 43
36 30 25
36 31 27
36 32 23
36 33 30
36 34 33
36 35 29
36 36 -1
36 37 34
36 38 48
36 39 49
36 40 45
36 41 48
36 42 22
36 43 33
36 44 52
36 45 40
36 46 17
36 47 22
36 48 8
36 49 34
36 50 45
36 51 25
36 52 42
36 53 21
36 54 21
36 55 23
36 56 31
36 57 51
36 58 18
36 59 7
36 60 45
37 1 42
37 2 38
37 3 37
37 4 34
37 5 38
37 6 17
37 7 16
37 8 25
37 9 18
37 10 30
37 11 26
37 12 9
37 13 32
37 14 27
37 15 17
37 16 10
37 17 27
37 18 35
37 19 29
37 20 2
37 21 38
37 22 37
37 23 25
37 24 41
37 25 10
37 26 22
37 27 38
37 28 37
37 29 12
37 30 11
37 31 27
37 32 13
37 33 44
37 34 10
37 35 15
37 36 34
37 37 -1
37 38 38
37 39 15
37 40 31
37 41 15
37 42 25
37 43 17
37 44 20
37 45 21
37 46 29
37 47 31
37 48 39
37 49 53
37 50 12
37 51 26
37 52 31
37 53 17
37 54 45
37 55 24
37 56 8
37 57 17
37 58 30
37 59 33
37 60 12
38 1 41
38 2 41
38 3 28
38 4 24
38 5 12
38 6 54
38 7 22
38 8 13
38 9 34
38 10 12
38 11 28
38 12 37
38 13 32
38 14 44
38 15 55
38 16 28
38 17 30
38 18 3
38 19 22
38 20 40
38 21 39
38 22 16
38 23 18
38 24 50
38 25 48
38 26 23
38 27 57
38 28 3
38 29 30
38 30 32
38 31 60
38 32 44
38 33 29
38 34 48
38 35 50
38 36 48
38 37 38
38 38 -1
38 39 38
38 40 7
38 41 46
38 42 56
38 43 21
38 44 52
38 45 17
38 46 31
38 47 26
38 48 56
38 49 37
38 50 35
38 51 22
38 52 7
38 53 29
38 54 40
38 55 25
38 56 46
38 57 41
38 58 29
38 59 52
38 60 46
39 1 55
39 2 51
39 3 47
39 4 43
39 5 43
39 6 28
39 7 19
39 8 26
39 9 32
39 10 26
39 11 15
39 12 6
39 13 44
39 14 42
39 15 26
39 16 18
39 17 39
39 18 35
39 19 38
39 20 13
39 21 51
39 22 43
39 23 33
39 24 56
39 25 19
39 26 31
39 27 53
39 28 36
39 29 8
39 30 24
39 31 41
39 32 28
39 33 54
39 34 22
39 35 28
39 36 49
39 37 15
39 38 38
39 39 -1
39 40 30
39 41 9
39 42 39
39 43 23
39 44 15
39 45 22
39 46 41
39 47 41
39 48 54
39 49 62
39 50 4
39 51 35
39 52 32
39 53 30
39 54 57
39 55 34
39 56 21
39 57 2
39 58 42
39 59 48
39 60 11
40 1 41
40 2 40
40 3 29
40 4 24
40 5 15
40 6 47
40 7 15
40 8 6
40 9 30
40 10 6
40 11 21
40 12 29
40 13 31
40 14 41
40 15 48
40 16 21
40 17 28
40 18 4
40 19 21
40 20 33
40 21 39
40 22 19
40 23 16
40 24 49
40 25 41
40 26 19
40 27 54
40 28 6
40 29 23
40 30 26
40 31 55
40 32 38
40 33 32
40 34 41
40 35 44
40 36 45
40 37 31
40 38 7
40 39 30
40 40 -1
40 41 38
40 42 50
40 43 15
40 44 45
40 45 10
40 46 29
40 47 25
40 48 53
40 49 40
40 50 27
40 51 20
40 52 4
40 53 25
40 54 41
40 55 22
40 56 39
40 57 33
40 58 28
40 59 49
40 60 38
41 1 58
41 2 53
41 3 52
41 4 48
41 5 49
41 6 22
41 7 26
41 8 34
41 9 33
41 10 35
41 11 24
41 12 9
41 13 47
41 14 41
41 15 19
41 16 22
41 17 42
41 18 43
41 19 43
41 20 12
41 21 54
41 22 49
41 23 38
41 24 56
41 25 13
41 26 36
41 27 52
41 28 44
41 29 15
41 30 26
41 31 35
41 32 26
41 33 58
41 34 17
41 35 23
41 36 48
41 37 15
41 38 46
41 39 9
41 40 38
41 41 -1
41 42 35
41 43 29
41 44 6
41 45 29
41 46 44
41 47 45
41 48 53
41 49 67
41 50 11
41 51 40
41 52 40
41 53 32
41 54 60
41 55 38
41 56 18
41 57 7
41 58 45
41 59 47
41 60 4
42 1 39
42 2 33
42 3 41
42 4 41
42 5 51
42 6 14
42 7 36
42 8 44
42 9 22
42 10 52
42 11 51
42 12 33
42 13 33
42 14 18
42 15 18
42 16 30
42 17 31
42 18 53
42 19 38
42 20 25
42 21 35
42 22 48
42 23 38
42 24 30
42 25 21
42 26 33
42 27 20
42 28 56
42 29 37
42 30 24
42 31 5
42 32 12
42 33 49
42 34 17
42 35 11
42 36 22
42 37 25
42 38 56
42 39 39
42 40 50
42 41 35
42 42 -1
42 43 35
42 44 36
42 45 42
42 46 32
42 47 37
42 48 21
42 49 55
42 50 36
42 51 36
42 52 49
42 53 26
42 54 43
42 55 33
42 56 17
42 57 40
42 58 34
42 59 17
42 60 31
43 1 34
43 2 31
43 3 24
43 4 20
43 5 21
43 6 33
43 7 4
43 8 8
43 9 16
43 10 16
43 11 23
43 12 19
43 13 23
43 14 27
43 15 34
43 16 7
43 17 18
43 18 18
43 19 15
43 20 19
43 21 31
43 22 20
43 23 10
43 24 38
43 25 27
43 26 9
43 27 41
43 28 20
43 29 15
43 30 11
43 31 39
43 32 23
43 33 30
43 34 27
43 35 29
43 36 33
43 37 17
43 38 21
43 39 23
43 40 15
43 41 29
43 42 35
43 43 -1
43 44 35
43 45 7
43 46 20
43 47 18
43 48 40
43 49 39
43 50 19
43 51 12
43 52 14
43 53 11
43 54 35
43 55 12
43 56 25
43 57 26
43 58 20
43 59 35
43 60 27
44 1 62
44 2 57
44 3 57
44 4 53
44 5 56
44 6 22
44 7 32
44 8 40
44 9 38
44 10 41
44 11 30
44 12 15
44 13 52
44 14 45
44 15 18
44 16 28
44 17 47
44 18 49
44 19 48
44 20 17
44 21 58
44 22 55
44 23 44
44 24 60
44 25 15
44 26 41
44 27 54
44 28 50
44 29 22
44 30 31
44 31 35
44 32 28
44 33 64
44 34 19
44 35 25
44 36 52
44 37 20
44 38 52
44 39 15
44 40 45
44 41 6
44 42 36
44 43 35
44 44 -1
44 45 35
44 46 49
44 47 50
44 48 55
44 49 72
44 50 17
44 51 45
44 52 46
44 53 37
44 54 65
44 55 43
44 56 20
44 57 13
44 58 50
44 59 49
44 60 7
45 1 40
45 2 37
45 3 29
45 4 24
45 5 21
45 6 37
45 7 5
45 8 4
45 9 23
45 10 10
45 11 17
45 12 20
45 13 29
45 14 34
45 15 38
45 16 11
45 17 24
45 18 14
45 19 20
45 20 23
45 21 37
45 22 22
45 23 14
45 24 45
45 25 31
45 26 15
45 27 48
45 28 16
45 29 13
45 30 17
45 31 46
45 32 29
45 33 34
45 34 31
45 35 34
45 36 40
45 37 21
45 38 17
45 39 22
45 40 10
45 41 29
45 42 42
45 43 7
45 44 35
45 45 -1
45 46 26
45 47 24
45 48 48
45 49 43
45 50 18
45 51 18
45 52 10
45 53 18
45 54 41
45 55 18
45 56 29
45 57 25
45 58 26
45 59 43
45 60 29
46 1 14
46 2 11
46 3 9
46 4 9
46 5 21
46 6 37
46 7 24
46 8 25
46 9 12
46 10 34
46 11 43
46 12 36
46 13 3
46 14 15
46 15 40
46 16 23
46 17 2
46 18 30
46 19 8
46 20 32
46 21 11
46 22 17
46 23 13
46 24 19
46 25 36
46 26 11
46 27 26
46 28 32
46 29 33
46 30 18
46 31 37
46 32 25
46 33 17
46 34 34
46 35 32
46 36 17
46 37 29
46 38 31
46 39 41
46 40 29
46 41 44
46 42 32
46 43 20
46 44 49
46 45 26
46 46 -1
46 47 5
46 48 25
46 49 24
46 50 37
46 51 8
46 52 26
46 53 11
46 54 16
46 55 8
46 56 32
46 57 44
46 58 2
46 59 22
46 60 41
47 1 16
47 2 14
47 3 6
47 4 4
47 5 16
47 6 41
47 7 22
47 8 22
47 9 15
47 10 30
47 11 41
47 12 36
47 13 6
47 14 20
47 15 43
47 16 23
47 17 6
47 18 25
47 19 4
47 20 33
47 21 13
47 22 12
47 23 10
47 24 24
47 25 39
47 26 9
47 27 32
47 28 28
47 29 33
47 30 19
47 31 42
47 32 28
47 33 13
47 34 37
47 35 36
47 36 22
47 37 31
47 38 26
47 39 41
47 40 25
47 41 45
47 42 37
47 43 18
47 44 50
47 45 24
47 46 5
47 47 -1
47 48 31
47 49 21
47 50 37
47 51 6
47 52 21
47 53 13
47 54 17
47 55 7
47 56 34
47 57 44
47 58 3
47 59 28
47 60 43
48 1 24
48 2 19
48 3 32
48 4 34
48 5 47
48 6 35
48 7 43
48 8 48
48 9 24
48 10 57
48 11 62
48 12 48
48 13 25
48 14 13
48 15 39
48 16 39
48 17 26
48 18 55
48 19 34
48 20 41
48 21 21
48 22 43
48 23 38
48 24 11
48 25 40
48 26 34
48 27 2
48 28 57
48 29 49
48 30 31
48 31 25
48 32 27
48 33 38
48 34 36
48 35 31
48 36 8
48 37 39
48 38 56
48 39 54
48 40 53
48 41 53
48 42 21
48 43 40
48 44 55
48 45 48
48 46 25
48 47 31
48 48 -1
48 49 41
48 50 50
48 51 33
48 52 50
48 53 29
48 54 28
48 55 31
48 56 35
48 57 56
48 58 27
48 59 6
48 60 49
49 1 17
49 2 22
49 3 15
49 4 19
49 5 25
49 6 61
49 7 43
49 8 39
49 9 36
49 10 46
49 11 60
49 12 58
49 13 21
49 14 36
49 15 64
49 16 45
49 17 26
49 18 38
49 19 24
49 20 55
49 21 20
49 22 21
49 23 29
49 24 30
49 25 61
49 26 31
49 27 43
49 28 40
49 29 54
49 30 41
49 31 60
49 32 49
49 33 8
49 34 58
49 35 56
49 36 34
49 37 53
49 38 37
49 39 62
49 40 40
49 41 67
49 42 55
49 43 39
49 44 72
49 45 43
49 46 24
49 47 21
49 48 41
49 49 -1
49 50 58
49 51 27
49 52 36
49 53 35
49 54 13
49 55 29
49 56 56
49 57 65
49 58 22
49 59 41
49 60 65
50 1 51
50 2 47
50 3 43
50 4 39
50 5 39
50 6 27
50 7 15
50 8 22
50 9 28
50 10 24
50 11 15
50 12 3
50 13 40
50 14 38
50 15 25
50 16 13
50 17 34
50 18 31
50 19 34
50 20 11
50 21 47
50 22 39
50 23 29
50 24 52
50 25 18
50 26 27
50 27 50
50 28 33
50 29 4
50 30 20
50 31 39
50 32 25
50 33 49
50 34 20
50 35 26
50 36 45
50 37 12
50 38 35
50 39 4
50 40 27
50 41 11
50 42 36
50 43 19
50 44 17
50 45 18
50 46 37
50 47 37
50 48 50
50 49 58
50 50 -1
50 51 31
50 52 29
50 53 25
50 54 53
50 55 29
50 56 19
50 57 7
50 58 37
50 59 44
50 60 12
51 1 22
51 2 19
51 3 12
51 4 7
51 5 15
51 6 38
51 7 16
51 8 16
51 9 14
51 10 25
51 11 35
51 12 31
51 13 11
51 14 21
51 15 40
51 16 17
51 17 7
51 18 21
51 19 2
51 20 29
51 21 19
51 22 12
51 23 4
51 24 28
51 25 35
51 26 4
51 27 34
51 28 24
51 29 27
51 30 15
51 31 41
51 32 26
51 33 18
51 34 33
51 35 33
51 36 25
51 37 26
51 38 22
51 39 35
51 40 20
51 41 40
51 42 36
51 43 12
51 44 45
51 45 18
51 46 8
51 47 6
51 48 33
51 49 27
51 50 31
51 51 -1
51 52 17
51 53 10
51 54 23
51 55 3
51 56 31
51 57 38
51 58 8
51 59 30
51 60 38
52 1 37
52 2 36
52 3 25
52 4 20
52 5 12
52 6 47
52 7 15
52 8 6
52 9 28
52 10 10
52 11 24
52 12 31
52 13 28
52 14 38
52 15 48
52 16 21
52 17 25
52 18 4
52 19 17
52 20 33
52 21 35
52 22 15
52 23 12
52 24 45
52 25 41
52 26 17
52 27 51
52 28 7
52 29 24
52 30 25
52 31 53
52 32 37
52 33 28
52 34 41
52 35 43
52 36 42
52 37 31
52 38 7
52 39 32
52 40 4
52 41 40
52 42 49
52 43 14
52 44 46
52 45 10
52 46 26
52 47 21
52 48 50
52 49 36
52 50 29
52 51 17
52 52 -1
52 53 23
52 54 37
52 55 19
52 56 39
52 57 35
52 58 25
52 59 46
52 60 39
53 1 25
53 2 21
53 3 19
53 4 17
53 5 25
53 6 28
53 7 14
53 8 19
53 9 5
53 10 28
53 11 33
53 12 24
53 13 14
53 14 15
53 15 30
53 16 12
53 17 9
53 18 27
53 19 12
53 20 20
53 21 21
53 22 22
53 23 12
53 24 27
53 25 25
53 26 7
53 27 29
53 28 30
53 29 23
53 30 6
53 31 31
53 32 16
53 33 27
53 34 23
53 35 23
53 36 21
53 37 17
53 38 29
53 39 30
53 40 25
53 41 32
53 42 26
53 43 11
53 44 37
53 45 18
53 46 11
53 47 13
53 48 29
53 49 35
53 50 25
53 51 10
53 52 23
53 53 -1
53 54 28
53 55 7
53 56 21
53 57 32
53 58 12
53 59 24
53 60 30
54 1 4
54 2 9
54 3 12
54 4 17
54 5 28
54 6 51
54 7 39
54 8 39
54 9 27
54 10 47
54 11 58
54 12 52
54 13 13
54 14 25
54 15 55
54 16 39
54 17 18
54 18 40
54 19 21
54 20 48
54 21 8
54 22 23
54 23 27
54 24 17
54 25 52
54 26 26
54 27 30
54 28 43
54 29 50
54 30 34
54 31 48
54 32 39
54 33 12
54 34 49
54 35 46
54 36 21
54 37 45
54 38 40
54 39 57
54 40 41
54 41 60
54 42 43
54 43 35
54 44 65
54 45 41
54 46 16
54 47 17
54 48 28
54 49 13
54 50 53
54 51 23
54 52 37
54 53 28
54 54 -1
54 55 23
54 56 47
54 57 60
54 58 15
54 59 28
54 60 57
55 1 22
55 2 19
55 3 13
55 4 10
55 5 18
55 6 35
55 7 16
55 8 17
55 9 11
55 10 26
55 11 35
55 12 29
55 13 11
55 14 19
55 15 37
55 16 16
55 17 6
55 18 23
55 19 5
55 20 26
55 21 19
55 22 15
55 23 6
55 24 27
55 25 32
55 26 3
55 27 32
55 28 26
55 29 26
55 30 13
55 31 38
55 32 23
55 33 20
55 34 30
55 35 30
55 36 23
55 37 24
55 38 25
55 39 34
55 40 22
55 41 38
55 42 33
55 43 12
55 44 43
55 45 18
55 46 8
55 47 7
55 48 31
55 49 29
55 50 29
55 51 3
55 52 19
55 53 7
55 54 23
55 55 -1
55 56 28
55 57 37
55 58 8
55 59 27
55 60 36
56 1 44
56 2 38
56 3 41
56 4 38
56 5 44
56 6 8
56 7 24
56 8 33
56 9 19
56 10 38
56 11 34
56 12 16
56 13 34
56 14 25
56 15 9
56 16 18
56 17 30
56 18 43
56 19 34
56 20 8
56 21 39
56 22 43
56 23 32
56 24 39
56 25 5
56 26 27
56 27 34
56 28 45
56 29 21
56 30 15
56 31 19
56 32 8
56 33 48
56 34 2
56 35 6
56 36 31
56 37 8
56 38 46
56 39 21
56 40 39
56 41 18
56 42 17
56 43 25
56 44 20
56 45 29
56 46 32
56 47 34
56 48 35
56 49 56
56 50 19
56 51 31
56 52 39
56 53 21
56 54 47
56 55 28
56 56 -1
56 57 22
56 58 33
56 59 29
56 60 14
57 1 58
57 2 53
57 3 50
57 4 46
57 5 46
57 6 28
57 7 22
57 8 29
57 9 34
57 10 29
57 11 17
57 12 8
57 13 47
57 14 44
57 15 26
57 16 21
57 17 41
57 18 38
57 19 41
57 20 15
57 21 54
57 22 46
57 23 36
57 24 58
57 25 19
57 26 34
57 27 55
57 28 39
57 29 11
57 30 26
57 31 41
57 32 29
57 33 56
57 34 22
57 35 29
57 36 51
57 37 17
57 38 41
57 39 2
57 40 33
57 41 7
57 42 40
57 43 26
57 44 13
57 45 25
57 46 44
57 47 44
57 48 56
57 49 65
57 50 7
57 51 38
57 52 35
57 53 32
57 54 60
57 55 37
57 56 22
57 57 -1
57 58 44
57 59 50
57 60 10
58 1 14
58 2 11
58 3 7
58 4 7
58 5 20
58 6 39
58 7 24
58 8 24
58 9 13
58 10 33
58 11 43
58 12 37
58 13 3
58 14 17
58 15 42
58 16 23
58 17 3
58 18 28
58 19 7
58 20 33
58 21 11
58 22 15
58 23 12
58 24 20
58 25 38
58 26 11
58 27 28
58 28 31
58 29 34
58 30 19
58 31 39
58 32 26
58 33 15
58 34 35
58 35 34
58 36 18
58 37 30
58 38 29
58 39 42
58 40 28
58 41 45
58 42 34
58 43 20
58 44 50
58 45 26
58 46 2
58 47 3
58 48 27
58 49 22
58 50 37
58 51 8
58 52 25
58 53 12
58 54 15
58 55 8
58 56 33
58 57 44
58 58 -1
58 59 24
58 60 42
59 1 24
59 2 19
59 3 30
59 4 31
59 5 44
59 6 29
59 7 38
59 8 43
59 9 19
59 10 52
59 11 56
59 12 42
59 13 22
59 14 8
59 15 33
59 16 34
59 17 22
59 18 51
59 19 30
59 20 35
59 21 21
59 22 40
59 23 34
59 24 13
59 25 34
59 26 29
59 27 5
59 28 53
59 29 43
59 30 26
59 31 21
59 32 21
59 33 37
59 34 30
59 35 25
59 36 7
59 37 33
59 38 52
59 39 48
59 40 49
59 41 47
59 42 17
59 43 35
59 44 49
59 45 43
59 46 22
59 47 28
59 48 6
59 49 41
59 50 44
59 51 30
59 52 46
59 53 24
59 54 28
59 55 27
59 56 29
59 57 50
59 58 24
59 59 -1
59 60 43
60 1 55
60 2 50
60 3 49
60 4 45
60 5 48
60 6 18
60 7 25
60 8 33
60 9 30
60 10 36
60 11 26
60 12 9
60 13 44
60 14 38
60 15 15
60 16 20
60 17 39
60 18 43
60 19 41
60 20 9
60 21 51
60 22 48
60 23 37
60 24 52
60 25 9
60 26 33
60 27 48
60 28 44
60 29 16
60 30 23
60 31 31
60 32 22
60 33 56
60 34 13
60 35 19
60 36 45
60 37 12
60 38 46
60 39 11
60 40 38
60 41 4
60 42 31
60 43 27
60 44 7
60 45 29
60 46 41
60 47 43
60 48 49
60 49 65
60 50 12
60 51 38
60 52 39
60 53 30
60 54 57
60 55 36
60 56 14
60 57 10
60 58 42
60 59 43
60 60 -1
