59 48
59 27
59 36
59 14
47 3
47 4
47 58
47 13
47 46
47 17
47 19
47 51
47 55
47 23
47 26
20 34
20 37
20 12
20 50
20 56
20 25
20 60
15 34
15 35
15 6
15 56
15 25
48 24
48 59
48 27
48 36
16 37
16 7
16 43
16 45
16 29
16 30
21 1
21 2
21 13
21 46
21 54
21 24
21 58
8 7
8 40
8 10
8 43
8 45
8 18
8 52
36 27
36 14
36 48
36 24
36 59
31 42
10 8
10 40
10 45
10 18
10 52
10 28
12 37
12 39
12 41
12 50
12 20
12 57
12 60
12 29
55 4
55 58
55 9
55 13
55 46
55 47
55 17
55 19
55 51
55 53
55 23
55 26
53 9
53 43
53 46
53 17
53 51
53 55
53 26
53 30
22 19
22 4
22 5
22 23
