1 1 -1
1 2 10
1 3 6
1 4 9
1 5 12
1 6 7
1 7 12
1 8 5
1 9 11
1 10 1
1 11 10
1 12 12
1 13 3
1 14 5
2 1 10
2 2 -1
2 3 8
2 4 13
2 5 5
2 6 3
2 7 7
2 8 6
2 9 3
2 10 11
2 11 2
2 12 8
2 13 7
2 14 5
3 1 6
3 2 8
3 3 -1
3 4 5
3 5 13
3 6 7
3 7 7
3 8 9
3 9 11
3 10 7
3 11 7
3 12 5
3 13 6
3 14 7
4 1 9
4 2 13
4 3 5
4 4 -1
4 5 18
4 6 12
4 7 11
4 8 13
4 9 16
4 10 9
4 11 12
4 12 9
4 13 9
4 14 11
5 1 12
5 2 5
5 3 13
5 4 18
5 5 -1
5 6 6
5 7 12
5 8 7
5 9 2
5 10 13
5 11 7
5 12 13
5 13 9
5 14 7
6 1 7
6 2 3
6 3 7
6 4 12
6 5 6
6 6 -1
6 7 8
6 8 3
6 9 4
6 10 8
6 11 4
6 12 9
6 13 4
6 14 2
7 1 12
7 2 7
7 3 7
7 4 11
7 5 12
7 6 8
7 7 -1
7 8 12
7 9 10
7 10 13
7 11 5
7 12 2
7 13 10
7 14 10
8 1 5
8 2 6
8 3 9
8 4 13
8 5 7
8 6 3
8 7 12
8 8 -1
8 9 6
8 10 6
8 11 7
8 12 12
8 13 3
8 14 2
9 1 11
9 2 3
9 3 11
9 4 16
9 5 2
9 6 4
9 7 10
9 8 6
9 9 -1
9 10 12
9 11 5
9 12 11
9 13 8
9 14 6
10 1 1
10 2 11
10 3 7
10 4 9
10 5 13
10 6 8
10 7 13
10 8 6
10 9 12
10 10 -1
10 11 11
10 12 12
10 13 4
10 14 6
11 1 10
11 2 2
11 3 7
11 4 12
11 5 7
11 6 4
11 7 5
11 8 7
11 9 5
11 10 11
11 11 -1
11 12 6
11 13 7
11 14 6
12 1 12
12 2 8
12 3 5
12 4 9
12 5 13
12 6 9
12 7 2
12 8 12
12 9 11
12 10 12
12 11 6
12 12 -1
12 13 10
12 14 10
13 1 3
13 2 7
13 3 6
13 4 9
13 5 9
13 6 4
13 7 10
13 8 3
13 9 8
13 10 4
13 11 7
13 12 10
13 13 -1
13 14 2
14 1 5
14 2 5
14 3 7
14 4 11
14 5 7
14 6 2
14 7 10
14 8 2
14 9 6
14 10 6
14 11 6
14 12 10
14 13 2
14 14 -1
