1 1 -1
1 2 21
1 3 34
1 4 35
1 5 10
1 6 36
1 7 36
1 8 20
1 9 15
1 10 48
1 11 42
1 12 37
1 13 21
1 14 50
1 15 17
1 16 35
1 17 34
1 18 40
1 19 30
1 20 34
1 21 26
1 22 51
1 23 11
1 24 53
1 25 26
1 26 25
1 27 8
1 28 37
1 29 29
1 30 14
1 31 35
1 32 29
1 33 43
1 34 26
1 35 8
1 36 27
1 37 19
1 38 17
1 39 34
1 40 28
1 41 22
1 42 25
1 43 48
1 44 48
1 45 42
1 46 42
1 47 15
1 48 16
1 49 38
1 50 8
1 51 16
1 52 50
1 53 54
1 54 36
1 55 27
1 56 27
1 57 18
1 58 26
1 59 14
1 60 49
2 1 21
2 2 -1
2 3 15
2 4 38
2 5 18
2 6 16
2 7 21
2 8 14
2 9 33
2 10 43
2 11 49
2 12 45
2 13 14
2 14 42
2 15 36
2 16 16
2 17 50
2 18 46
2 19 9
2 20 37
2 21 31
2 22 41
2 23 21
2 24 43
2 25 37
2 26 7
2 27 16
2 28 41
2 29 46
2 30 18
2 31 34
2 32 32
2 33 38
2 34 22
2 35 21
2 36 33
2 37 38
2 38 38
2 39 43
2 40 32
2 41 33
2 42 7
2 43 46
2 44 38
2 45 42
2 46 56
2 47 29
2 48 5
2 49 33
2 50 13
2 51 21
2 52 48
2 53 43
2 54 15
2 55 8
2 56 35
2 57 30
2 58 38
2 59 31
2 60 45
3 1 34
3 2 15
3 3 -1
3 4 35
3 5 34
3 6 3
3 7 7
3 8 29
3 9 48
3 10 33
3 11 47
3 12 44
3 13 14
3 14 30
3 15 45
3 16 1
3 17 55
3 18 44
3 19 17
3 20 34
3 21 31
3 22 27
3 23 29
3 24 30
3 25 40
3 26 19
3 27 31
3 28 38
3 29 53
3 30 23
3 31 28
3 32 30
3 33 28
3 34 19
3 35 36
3 36 34
3 37 48
3 38 49
3 39 44
3 40 31
3 41 36
3 42 9
3 43 38
3 44 24
3 45 35
3 46 59
3 47 35
3 48 19
3 49 25
3 50 27
3 51 37
3 52 39
3 53 30
3 54 5
3 55 19
3 56 37
3 57 35
3 58 42
3 59 39
3 60 35
4 1 35
4 2 38
4 3 35
4 4 -1
4 5 44
4 6 38
4 7 30
4 8 49
4 9 50
4 10 18
4 11 12
4 12 10
4 13 24
4 14 24
4 15 32
4 16 35
4 17 29
4 18 9
4 19 47
4 20 1
4 21 8
4 22 27
4 23 24
4 24 27
4 25 15
4 26 45
4 27 41
4 28 2
4 29 30
4 30 23
4 31 8
4 32 7
4 33 16
4 34 17
4 35 43
4 36 9
4 37 33
4 38 38
4 39 13
4 40 7
4 41 16
4 42 33
4 43 13
4 44 26
4 45 7
4 46 27
4 47 22
4 48 36
4 49 13
4 50 37
4 51 50
4 52 16
4 53 29
4 54 40
4 55 47
4 56 10
4 57 19
4 58 17
4 59 26
4 60 18
5 1 10
5 2 18
5 3 34
5 4 44
5 5 -1
5 6 34
5 7 38
5 8 10
5 9 15
5 10 55
5 11 52
5 12 47
5 13 25
5 14 56
5 15 26
5 16 34
5 17 44
5 18 50
5 19 25
5 20 43
5 21 35
5 22 55
5 23 20
5 24 58
5 25 36
5 26 20
5 27 3
5 28 45
5 29 39
5 30 21
5 31 42
5 32 37
5 33 49
5 34 31
5 35 3
5 36 36
5 37 28
5 38 25
5 39 44
5 40 37
5 41 32
5 42 24
5 43 55
5 44 53
5 45 49
5 46 52
5 47 25
5 48 14
5 49 44
5 50 7
5 51 6
5 52 58
5 53 58
5 54 34
5 55 21
5 56 37
5 57 28
5 58 36
5 59 25
5 60 56
6 1 36
6 2 16
6 3 3
6 4 38
6 5 34
6 6 -1
6 7 10
6 8 29
6 9 49
6 10 36
6 11 50
6 12 48
6 13 17
6 14 33
6 15 48
6 16 3
6 17 59
6 18 48
6 19 15
6 20 38
6 21 35
6 22 30
6 23 32
6 24 33
6 25 43
6 26 18
6 27 32
6 28 41
6 29 56
6 30 26
6 31 31
6 32 33
6 33 31
6 34 22
6 35 37
6 36 37
6 37 50
6 38 51
6 39 48
6 40 34
6 41 39
6 42 11
6 43 41
6 44 27
6 45 39
6 46 62
6 47 38
6 48 20
6 49 28
6 50 28
6 51 38
6 52 42
6 53 32
6 54 2
6 55 18
6 56 40
6 57 38
6 58 45
6 59 42
6 60 38
7 1 36
7 2 21
7 3 7
7 4 30
7 5 38
7 6 10
7 7 -1
7 8 35
7 9 51
7 10 26
7 11 42
7 12 40
7 13 15
7 14 23
7 15 46
7 16 7
7 17 53
7 18 39
7 19 24
7 20 29
7 21 28
7 22 20
7 23 30
7 24 23
7 25 38
7 26 25
7 27 34
7 28 33
7 29 51
7 30 24
7 31 22
7 32 26
7 33 21
7 34 16
7 35 39
7 36 30
7 37 48
7 38 50
7 39 41
7 40 27
7 41 34
7 42 14
7 43 31
7 44 17
7 45 30
7 46 56
7 47 35
7 48 23
7 49 18
7 50 30
7 51 42
7 52 32
7 53 23
7 54 12
7 55 26
7 56 34
7 57 34
7 58 39
7 59 39
7 60 28
8 1 20
8 2 14
8 3 29
8 4 49
8 5 10
8 6 29
8 7 35
8 8 -1
8 9 24
8 10 56
8 11 58
8 12 53
8 13 26
8 14 56
8 15 37
8 16 30
8 17 54
8 18 56
8 19 16
8 20 48
8 21 41
8 22 55
8 23 26
8 24 57
8 25 43
8 26 11
8 27 11
8 28 51
8 29 49
8 30 26
8 31 45
8 32 42
8 33 51
8 34 33
8 35 14
8 36 42
8 37 39
8 38 36
8 39 51
8 40 42
8 41 39
8 42 21
8 43 58
8 44 52
8 45 53
8 46 61
8 47 33
8 48 13
8 49 46
8 50 12
8 51 10
8 52 60
8 53 57
8 54 28
8 55 12
8 56 43
8 57 35
8 58 44
8 59 34
8 60 58
9 1 15
9 2 33
9 3 48
9 4 50
9 5 15
9 6 49
9 7 51
9 8 24
9 9 -1
9 10 64
9 11 55
9 12 49
9 13 37
9 14 66
9 15 23
9 16 49
9 17 41
9 18 53
9 19 40
9 20 49
9 21 41
9 22 67
9 23 26
9 24 68
9 25 37
9 26 35
9 27 17
9 28 51
9 29 35
9 30 30
9 31 51
9 32 43
9 33 59
9 34 41
9 35 12
9 36 41
9 37 24
9 38 18
9 39 45
9 40 43
9 41 34
9 42 38
9 43 63
9 44 64
9 45 56
9 46 50
9 47 27
9 48 28
9 49 54
9 50 20
9 51 15
9 52 65
9 53 69
9 54 48
9 55 36
9 56 40
9 57 30
9 58 37
9 59 25
9 60 65
10 1 48
10 2 43
10 3 33
10 4 18
10 5 55
10 6 36
10 7 26
10 8 56
10 9 64
10 10 -1
10 11 26
10 12 28
10 13 30
10 14 6
10 15 49
10 16 33
10 17 47
10 18 24
10 19 49
10 20 18
10 21 25
10 22 10
10 23 38
10 24 9
10 25 33
10 26 49
10 27 51
10 28 20
10 29 48
10 30 34
10 31 13
10 32 21
10 33 5
10 34 23
10 35 55
10 36 26
10 37 50
10 38 55
10 39 31
10 40 22
10 41 33
10 42 36
10 43 8
10 44 12
10 45 12
10 46 45
10 47 38
10 48 43
10 49 10
10 50 47
10 51 60
10 52 7
10 53 11
10 54 38
10 55 50
10 56 28
10 57 36
10 58 35
10 59 42
10 60 2
11 1 42
11 2 49
11 3 47
11 4 12
11 5 52
11 6 50
11 7 42
11 8 58
11 9 55
11 10 26
11 11 -1
11 12 5
11 13 35
11 14 32
11 15 33
11 16 47
11 17 23
11 18 2
11 19 58
11 20 12
11 21 17
11 22 36
11 23 32
11 24 35
11 25 17
11 26 56
11 27 49
11 28 9
11 29 27
11 30 32
11 31 19
11 32 17
11 33 26
11 34 28
11 35 50
11 36 16
11 37 33
11 38 39
11 39 9
11 40 17
11 41 20
11 42 45
11 43 19
11 44 36
11 45 14
11 46 19
11 47 27
11 48 46
11 49 25
11 50 46
11 51 58
11 52 21
11 53 38
11 54 52
11 55 57
11 56 15
11 57 24
11 58 17
11 59 29
11 60 25
12 1 37
12 2 45
12 3 44
12 4 10
12 5 47
12 6 48
12 7 40
12 8 53
12 9 49
12 10 28
12 11 5
12 12 -1
12 13 32
12 14 34
12 15 28
12 16 45
12 17 19
12 18 5
12 19 54
12 20 11
12 21 13
12 22 37
12 23 27
12 24 37
12 25 11
12 26 52
12 27 44
12 28 8
12 29 22
12 30 27
12 31 18
12 32 14
12 33 26
12 34 25
12 35 45
12 36 11
12 37 28
12 38 34
12 39 4
12 40 13
12 41 15
12 42 41
12 43 21
12 44 37
12 45 16
12 46 17
12 47 22
12 48 41
12 49 24
12 50 41
12 51 53
12 52 23
12 53 39
12 54 49
12 55 53
12 56 10
12 57 19
12 58 12
12 59 24
12 60 27
13 1 21
13 2 14
13 3 14
13 4 24
13 5 25
13 6 17
13 7 15
13 8 26
13 9 37
13 10 30
13 11 35
13 12 32
13 13 -1
13 14 30
13 15 31
13 16 15
13 17 41
13 18 33
13 19 22
13 20 23
13 21 18
13 22 30
13 23 15
13 24 32
13 25 26
13 26 21
13 27 21
13 28 27
13 29 38
13 30 9
13 31 20
13 32 18
13 33 25
13 34 8
13 35 26
13 36 20
13 37 33
13 38 35
13 39 31
13 40 18
13 41 22
13 42 9
13 43 32
13 44 27
13 45 28
13 46 45
13 47 20
13 48 12
13 49 20
13 50 17
13 51 30
13 52 34
13 53 33
13 54 18
13 55 22
13 56 23
13 57 21
13 58 27
13 59 24
13 60 31
14 1 50
14 2 42
14 3 30
14 4 24
14 5 56
14 6 33
14 7 23
14 8 56
14 9 66
14 10 6
14 11 32
14 12 34
14 13 30
14 14 -1
14 15 53
14 16 30
14 17 53
14 18 30
14 19 47
14 20 24
14 21 29
14 22 4
14 23 40
14 24 3
14 25 38
14 26 48
14 27 52
14 28 26
14 29 53
14 30 36
14 31 17
14 32 26
14 33 8
14 34 24
14 35 56
14 36 31
14 37 54
14 38 59
14 39 37
14 40 27
14 41 37
14 42 35
14 43 14
14 44 6
14 45 18
14 46 51
14 47 42
14 48 43
14 49 12
14 50 48
14 51 61
14 52 14
14 53 5
14 54 35
14 55 49
14 56 33
14 57 40
14 58 40
14 59 46
14 60 8
15 1 17
15 2 36
15 3 45
15 4 32
15 5 26
15 6 48
15 7 46
15 8 37
15 9 23
15 10 49
15 11 33
15 12 28
15 13 31
15 14 53
15 15 -1
15 16 46
15 17 18
15 18 33
15 19 46
15 20 31
15 21 24
15 22 55
15 23 16
15 24 56
15 25 17
15 26 42
15 27 25
15 28 31
15 29 12
15 30 22
15 31 35
15 32 27
15 33 45
15 34 31
15 35 23
15 36 23
15 37 2
15 38 6
15 39 24
15 40 26
15 41 15
15 42 37
15 43 45
15 44 53
15 45 39
15 46 27
15 47 11
15 48 31
15 49 40
15 50 25
15 51 31
15 52 48
15 53 57
15 54 49
15 55 43
15 56 21
15 57 13
15 58 15
15 59 7
15 60 49
16 1 35
16 2 16
16 3 1
16 4 35
16 5 34
16 6 3
16 7 7
16 8 30
16 9 49
16 10 33
16 11 47
16 12 45
16 13 15
16 14 30
16 15 46
16 16 -1
16 17 56
16 18 45
16 19 17
16 20 35
16 21 32
16 22 27
16 23 30
16 24 30
16 25 41
16 26 20
16 27 31
16 28 38
16 29 54
16 30 24
16 31 28
16 32 31
16 33 28
16 34 19
16 35 37
16 36 34
16 37 49
16 38 50
16 39 45
16 40 31
16 41 37
16 42 10
16 43 38
16 44 24
16 45 36
16 46 60
16 47 36
16 48 20
16 49 25
16 50 28
16 51 38
16 52 39
16 53 30
16 54 5
16 55 20
16 56 37
16 57 36
16 58 43
16 59 40
16 60 35
17 1 34
17 2 50
17 3 55
17 4 29
17 5 44
17 6 59
17 7 53
17 8 54
17 9 41
17 10 47
17 11 23
17 12 19
17 13 41
17 14 53
17 15 18
17 16 56
17 17 -1
17 18 24
17 19 60
17 20 29
17 21 25
17 22 56
17 23 29
17 24 56
17 25 15
17 26 57
17 27 42
17 28 27
17 29 6
17 30 33
17 31 36
17 32 28
17 33 45
17 34 37
17 35 41
17 36 23
17 37 17
17 38 23
17 39 16
17 40 27
17 41 19
17 42 50
17 43 41
17 44 55
17 45 35
17 46 9
17 47 21
17 48 46
17 49 42
17 50 41
17 51 49
17 52 43
17 53 58
17 54 60
17 55 58
17 56 20
17 57 20
17 58 13
17 59 20
17 60 46
18 1 40
18 2 46
18 3 44
18 4 9
18 5 50
18 6 48
18 7 39
18 8 56
18 9 53
18 10 24
18 11 2
18 12 5
18 13 33
18 14 30
18 15 33
18 16 45
18 17 24
18 18 -1
18 19 55
18 20 10
18 21 15
18 22 34
18 23 30
18 24 33
18 25 16
18 26 54
18 27 47
18 28 6
18 29 27
18 30 30
18 31 17
18 32 14
18 33 23
18 34 25
18 35 48
18 36 14
18 37 33
18 38 39
18 39 9
18 40 14
18 41 18
18 42 42
18 43 17
18 44 34
18 45 12
18 46 21
18 47 26
18 48 43
18 49 22
18 50 44
18 51 56
18 52 19
18 53 35
18 54 49
18 55 55
18 56 13
18 57 23
18 58 17
18 59 28
18 60 23
19 1 30
19 2 9
19 3 17
19 4 47
19 5 25
19 6 15
19 7 24
19 8 16
19 9 40
19 10 49
19 11 58
19 12 54
19 13 22
19 14 47
19 15 46
19 16 17
19 17 60
19 18 55
19 19 -1
19 20 46
19 21 41
19 22 44
19 23 31
19 24 47
19 25 47
19 26 5
19 27 23
19 28 49
19 29 56
19 30 27
19 31 41
19 32 40
19 33 44
19 34 30
19 35 28
19 36 42
19 37 48
19 38 47
19 39 53
19 40 41
19 41 42
19 42 13
19 43 53
19 44 41
19 45 49
19 46 66
19 47 38
19 48 15
19 49 40
19 50 21
19 51 26
19 52 55
19 53 47
19 54 13
19 55 4
19 56 45
19 57 40
19 58 48
19 59 41
19 60 51
20 1 34
20 2 37
20 3 34
20 4 1
20 5 43
20 6 38
20 7 29
20 8 48
20 9 49
20 10 18
20 11 12
20 12 11
20 13 23
20 14 24
20 15 31
20 16 35
20 17 29
20 18 10
20 19 46
20 20 -1
20 21 8
20 22 27
20 23 23
20 24 27
20 25 15
20 26 44
20 27 40
20 28 3
20 29 29
20 30 22
20 31 7
20 32 6
20 33 16
20 34 16
20 35 42
20 36 8
20 37 32
20 38 37
20 39 13
20 40 6
20 41 15
20 42 32
20 43 14
20 44 26
20 45 7
20 46 28
20 47 22
20 48 35
20 49 13
20 50 36
20 51 49
20 52 17
20 53 29
20 54 39
20 55 46
20 56 10
20 57 19
20 58 17
20 59 25
20 60 18
21 1 26
21 2 31
21 3 31
21 4 8
21 5 35
21 6 35
21 7 28
21 8 41
21 9 41
21 10 25
21 11 17
21 12 13
21 13 18
21 14 29
21 15 24
21 16 32
21 17 25
21 18 15
21 19 41
21 20 8
21 21 -1
21 22 31
21 23 15
21 24 32
21 25 10
21 26 39
21 27 32
21 28 10
21 29 25
21 30 15
21 31 11
21 32 3
21 33 21
21 34 12
21 35 34
21 36 2
21 37 25
21 38 30
21 39 12
21 40 2
21 41 8
21 42 28
21 43 21
21 44 30
21 45 15
21 46 27
21 47 14
21 48 28
21 49 17
21 50 29
21 51 41
21 52 24
21 53 33
21 54 36
21 55 40
21 56 5
21 57 11
21 58 12
21 59 17
21 60 25
22 1 51
22 2 41
22 3 27
22 4 27
22 5 55
22 6 30
22 7 20
22 8 55
22 9 67
22 10 10
22 11 36
22 12 37
22 13 30
22 14 4
22 15 55
22 16 27
22 17 56
22 18 34
22 19 44
22 20 27
22 21 31
22 22 -1
22 23 41
22 24 3
22 25 41
22 26 46
22 27 52
22 28 29
22 29 56
22 30 36
22 31 20
22 32 28
22 33 11
22 34 25
22 35 56
22 36 33
22 37 56
22 38 60
22 39 40
22 40 29
22 41 40
22 42 34
22 43 18
22 44 3
22 45 21
22 46 54
22 47 44
22 48 42
22 49 14
22 50 48
22 51 61
22 52 18
22 53 2
22 54 32
22 55 47
22 56 36
22 57 42
22 58 43
22 59 48
22 60 12
23 1 11
23 2 21
23 3 29
23 4 24
23 5 20
23 6 32
23 7 30
23 8 26
23 9 26
23 10 38
23 11 32
23 12 27
23 13 15
23 14 40
23 15 16
23 16 30
23 17 29
23 18 30
23 19 31
23 20 23
23 21 15
23 22 41
23 23 -1
23 24 43
23 25 16
23 26 28
23 27 17
23 28 25
23 29 25
23 30 6
23 31 24
23 32 17
23 33 33
23 34 16
23 35 18
23 36 16
23 37 18
23 38 20
23 39 24
23 40 17
23 41 12
23 42 21
23 43 36
23 44 39
23 45 30
23 46 34
23 47 7
23 48 17
23 49 28
23 50 14
23 51 26
23 52 39
23 53 44
23 54 32
23 55 29
23 56 17
23 57 8
23 58 17
23 59 9
23 60 38
24 1 53
24 2 43
24 3 30
24 4 27
24 5 58
24 6 33
24 7 23
24 8 57
24 9 68
24 10 9
24 11 35
24 12 37
24 13 32
24 14 3
24 15 56
24 16 30
24 17 56
24 18 33
24 19 47
24 20 27
24 21 32
24 22 3
24 23 43
24 24 -1
24 25 41
24 26 49
24 27 54
24 28 29
24 29 56
24 30 38
24 31 20
24 32 29
24 33 11
24 34 27
24 35 58
24 36 33
24 37 57
24 38 61
24 39 40
24 40 30
24 41 40
24 42 36
24 43 17
24 44 6
24 45 21
24 46 54
24 47 45
24 48 44
24 49 15
24 50 50
24 51 63
24 52 16
24 53 2
24 54 35
24 55 49
24 56 36
24 57 43
24 58 43
24 59 49
24 60 11
25 1 26
25 2 37
25 3 40
25 4 15
25 5 36
25 6 43
25 7 38
25 8 43
25 9 37
25 10 33
25 11 17
25 12 11
25 13 26
25 14 38
25 15 17
25 16 41
25 17 15
25 18 16
25 19 47
25 20 15
25 21 10
25 22 41
25 23 16
25 24 41
25 25 -1
25 26 44
25 27 33
25 28 15
25 29 15
25 30 19
25 31 21
25 32 13
25 33 30
25 34 21
25 35 34
25 36 8
25 37 17
25 38 23
25 39 8
25 40 12
25 41 4
25 42 35
25 43 29
25 44 40
25 45 22
25 46 19
25 47 11
25 48 33
25 49 27
25 50 31
25 51 42
25 52 31
25 53 43
25 54 45
25 55 45
25 56 5
25 57 8
25 58 2
25 59 12
25 60 33
26 1 25
26 2 7
26 3 19
26 4 45
26 5 20
26 6 18
26 7 25
26 8 11
26 9 35
26 10 49
26 11 56
26 12 52
26 13 21
26 14 48
26 15 42
26 16 20
26 17 57
26 18 54
26 19 5
26 20 44
26 21 39
26 22 46
26 23 28
26 24 49
26 25 44
26 26 -1
26 27 18
26 28 48
26 29 53
26 30 25
26 31 41
26 32 39
26 33 44
26 34 29
26 35 23
26 36 40
26 37 44
26 38 42
26 39 50
26 40 39
26 41 39
26 42 13
26 43 53
26 44 43
26 45 49
26 46 63
26 47 35
26 48 11
26 49 40
26 50 17
26 51 21
26 52 55
26 53 49
26 54 17
26 55 1
26 56 42
26 57 37
26 58 45
26 59 37
26 60 51
27 1 8
27 2 16
27 3 31
27 4 41
27 5 3
27 6 32
27 7 34
27 8 11
27 9 17
27 10 51
27 11 49
27 12 44
27 13 21
27 14 52
27 15 25
27 16 31
27 17 42
27 18 47
27 19 23
27 20 40
27 21 32
27 22 52
27 23 17
27 24 54
27 25 33
27 26 18
27 27 -1
27 28 42
27 29 37
27 30 18
27 31 39
27 32 33
27 33 46
27 34 28
27 35 5
27 36 33
27 37 27
27 38 25
27 39 41
27 40 33
27 41 29
27 42 21
27 43 52
27 44 49
27 45 46
27 46 50
27 47 22
27 48 11
27 49 41
27 50 4
27 51 9
27 52 54
27 53 55
27 54 31
27 55 19
27 56 34
27 57 25
27 58 33
27 59 22
27 60 52
28 1 37
28 2 41
28 3 38
28 4 2
28 5 45
28 6 41
28 7 33
28 8 51
28 9 51
28 10 20
28 11 9
28 12 8
28 13 27
28 14 26
28 15 31
28 16 38
28 17 27
28 18 6
28 19 49
28 20 3
28 21 10
28 22 29
28 23 25
28 24 29
28 25 15
28 26 48
28 27 42
28 28 -1
28 29 28
28 30 25
28 31 10
28 32 9
28 33 18
28 34 19
28 35 44
28 36 9
28 37 32
28 38 38
28 39 11
28 40 9
28 41 16
28 42 36
28 43 14
28 44 28
28 45 8
28 46 25
28 47 23
28 48 38
28 49 16
28 50 39
28 51 51
28 52 17
28 53 31
28 54 43
28 55 49
28 56 10
28 57 20
28 58 16
28 59 26
28 60 19
29 1 29
29 2 46
29 3 53
29 4 30
29 5 39
29 6 56
29 7 51
29 8 49
29 9 35
29 10 48
29 11 27
29 12 22
29 13 38
29 14 53
29 15 12
29 16 54
29 17 6
29 18 27
29 19 56
29 20 29
29 21 25
29 22 56
29 23 25
29 24 56
29 25 15
29 26 53
29 27 37
29 28 28
29 29 -1
29 30 30
29 31 36
29 32 28
29 33 45
29 34 35
29 35 36
29 36 23
29 37 11
29 38 17
29 39 18
29 40 27
29 41 17
29 42 46
29 43 43
29 44 55
29 45 37
29 46 15
29 47 18
29 48 41
29 49 42
29 50 37
29 51 44
29 52 45
29 53 58
29 54 57
29 55 54
29 56 20
29 57 17
29 58 13
29 59 15
29 60 48
30 1 14
30 2 18
30 3 23
30 4 23
30 5 21
30 6 26
30 7 24
30 8 26
30 9 30
30 10 34
30 11 32
30 12 27
30 13 9
30 14 36
30 15 22
30 16 24
30 17 33
30 18 30
30 19 27
30 20 22
30 21 15
30 22 36
30 23 6
30 24 38
30 25 19
30 26 25
30 27 18
30 28 25
30 29 30
30 30 -1
30 31 21
30 32 16
30 33 29
30 34 11
30 35 21
30 36 16
30 37 24
30 38 26
30 39 26
30 40 16
30 41 15
30 42 16
30 43 34
30 44 34
30 45 28
30 46 38
30 47 12
30 48 13
30 49 24
30 50 14
30 51 27
30 52 36
30 53 39
30 54 27
30 55 26
30 56 18
30 57 12
30 58 20
30 59 15
30 60 35
31 1 35
31 2 34
31 3 28
31 4 8
31 5 42
31 6 31
31 7 22
31 8 45
31 9 51
31 10 13
31 11 19
31 12 18
31 13 20
31 14 17
31 15 35
31 16 28
31 17 36
31 18 17
31 19 41
31 20 7
31 21 11
31 22 20
31 23 24
31 24 20
31 25 21
31 26 41
31 27 39
31 28 10
31 29 36
31 30 21
31 31 -1
31 32 8
31 33 9
31 34 12
31 35 42
31 36 13
31 37 37
31 38 41
31 39 20
31 40 9
31 41 20
31 42 28
31 43 12
31 44 19
31 45 8
31 46 35
31 47 25
31 48 32
31 49 6
31 50 35
31 51 48
31 52 15
31 53 22
31 54 33
31 55 42
31 56 16
31 57 22
31 58 23
31 59 29
31 60 14
32 1 29
32 2 32
32 3 30
32 4 7
32 5 37
32 6 33
32 7 26
32 8 42
32 9 43
32 10 21
32 11 17
32 12 14
32 13 18
32 14 26
32 15 27
32 16 31
32 17 28
32 18 14
32 19 40
32 20 6
32 21 3
32 22 28
32 23 17
32 24 29
32 25 13
32 26 39
32 27 33
32 28 9
32 29 28
32 30 16
32 31 8
32 32 -1
32 33 18
32 34 11
32 35 36
32 36 5
32 37 28
32 38 33
32 39 14
32 40 1
32 41 11
32 42 27
32 43 19
32 44 27
32 45 13
32 46 29
32 47 17
32 48 29
32 49 14
32 50 30
32 51 43
32 52 22
32 53 30
32 54 35
32 55 40
32 56 8
32 57 14
32 58 15
32 59 20
32 60 22
33 1 43
33 2 38
33 3 28
33 4 16
33 5 49
33 6 31
33 7 21
33 8 51
33 9 59
33 10 5
33 11 26
33 12 26
33 13 25
33 14 8
33 15 45
33 16 28
33 17 45
33 18 23
33 19 44
33 20 16
33 21 21
33 22 11
33 23 33
33 24 11
33 25 30
33 26 44
33 27 46
33 28 18
33 29 45
33 30 29
33 31 9
33 32 18
33 33 -1
33 34 18
33 35 50
33 36 22
33 37 46
33 38 51
33 39 29
33 40 18
33 41 29
33 42 31
33 43 10
33 44 10
33 45 11
33 46 43
33 47 34
33 48 37
33 49 5
33 50 42
33 51 55
33 52 11
33 53 13
33 54 33
33 55 45
33 56 25
33 57 32
33 58 32
33 59 38
33 60 7
34 1 26
34 2 22
34 3 19
34 4 17
34 5 31
34 6 22
34 7 16
34 8 33
34 9 41
34 10 23
34 11 28
34 12 25
34 13 8
34 14 24
34 15 31
34 16 19
34 17 37
34 18 25
34 19 30
34 20 16
34 21 12
34 22 25
34 23 16
34 24 27
34 25 21
34 26 29
34 27 28
34 28 19
34 29 35
34 30 11
34 31 12
34 32 11
34 33 18
34 34 -1
34 35 32
34 36 15
34 37 33
34 38 36
34 39 25
34 40 12
34 41 18
34 42 16
34 43 24
34 44 22
34 45 20
34 46 40
34 47 20
34 48 20
34 49 13
34 50 24
34 51 37
34 52 26
34 53 28
34 54 24
34 55 30
34 56 18
34 57 19
34 58 23
34 59 24
34 60 24
35 1 8
35 2 21
35 3 36
35 4 43
35 5 3
35 6 37
35 7 39
35 8 14
35 9 12
35 10 55
35 11 50
35 12 45
35 13 26
35 14 56
35 15 23
35 16 37
35 17 41
35 18 48
35 19 28
35 20 42
35 21 34
35 22 56
35 23 18
35 24 58
35 25 34
35 26 23
35 27 5
35 28 44
35 29 36
35 30 21
35 31 42
35 32 36
35 33 50
35 34 32
35 35 -1
35 36 34
35 37 25
35 38 21
35 39 42
35 40 36
35 41 30
35 42 26
35 43 55
35 44 53
35 45 49
35 46 49
35 47 23
35 48 16
35 49 45
35 50 8
35 51 8
35 52 57
35 53 59
35 54 36
35 55 24
35 56 35
35 57 26
35 58 34
35 59 22
35 60 56
36 1 27
36 2 33
36 3 34
36 4 9
36 5 36
36 6 37
36 7 30
36 8 42
36 9 41
36 10 26
36 11 16
36 12 11
36 13 20
36 14 31
36 15 23
36 16 34
36 17 23
36 18 14
36 19 42
36 20 8
36 21 2
36 22 33
36 23 16
36 24 33
36 25 8
36 26 40
36 27 33
36 28 9
36 29 23
36 30 16
36 31 13
36 32 5
36 33 22
36 34 15
36 35 34
36 36 -1
36 37 24
36 38 29
36 39 10
36 40 4
36 41 7
36 42 30
36 43 22
36 44 32
36 45 16
36 46 25
36 47 13
36 48 30
36 49 19
36 50 30
36 51 42
36 52 25
36 53 35
36 54 38
36 55 42
36 56 3
36 57 10
36 58 10
36 59 16
36 60 26
37 1 19
37 2 38
37 3 48
37 4 33
37 5 28
37 6 50
37 7 48
37 8 39
37 9 24
37 10 50
37 11 33
37 12 28
37 13 33
37 14 54
37 15 2
37 16 49
37 17 17
37 18 33
37 19 48
37 20 32
37 21 25
37 22 56
37 23 18
37 24 57
37 25 17
37 26 44
37 27 27
37 28 32
37 29 11
37 30 24
37 31 37
37 32 28
37 33 46
37 34 33
37 35 25
37 36 24
37 37 -1
37 38 6
37 39 24
37 40 27
37 41 17
37 42 40
37 43 46
37 44 54
37 45 40
37 46 26
37 47 13
37 48 33
37 49 42
37 50 27
37 51 33
37 52 49
37 53 59
37 54 51
37 55 45
37 56 22
37 57 14
37 58 16
37 59 9
37 60 50
38 1 17
38 2 38
38 3 49
38 4 38
38 5 25
38 6 51
38 7 50
38 8 36
38 9 18
38 10 55
38 11 39
38 12 34
38 13 35
38 14 59
38 15 6
38 16 50
38 17 23
38 18 39
38 19 47
38 20 37
38 21 30
38 22 60
38 23 20
38 24 61
38 25 23
38 26 42
38 27 25
38 28 38
38 29 17
38 30 26
38 31 41
38 32 33
38 33 51
38 34 36
38 35 21
38 36 29
38 37 6
38 38 -1
38 39 30
38 40 32
38 41 22
38 42 40
38 43 51
38 44 58
38 45 45
38 46 32
38 47 16
38 48 32
38 49 46
38 50 25
38 51 29
38 52 54
38 53 63
38 54 51
38 55 44
38 56 27
38 57 18
38 58 22
38 59 12
38 60 55
39 1 34
39 2 43
39 3 44
39 4 13
39 5 44
39 6 48
39 7 41
39 8 51
39 9 45
39 10 31
39 11 9
39 12 4
39 13 31
39 14 37
39 15 24
39 16 45
39 17 16
39 18 9
39 19 53
39 20 13
39 21 12
39 22 40
39 23 24
39 24 40
39 25 8
39 26 50
39 27 41
39 28 11
39 29 18
39 30 26
39 31 20
39 32 14
39 33 29
39 34 25
39 35 42
39 36 10
39 37 24
39 38 30
39 39 -1
39 40 13
39 41 12
39 42 40
39 43 25
39 44 39
39 45 19
39 46 15
39 47 19
39 48 39
39 49 26
39 50 38
39 51 50
39 52 27
39 53 42
39 54 49
39 55 52
39 56 8
39 57 16
39 58 8
39 59 20
39 60 30
40 1 28
40 2 32
40 3 31
40 4 7
40 5 37
40 6 34
40 7 27
40 8 42
40 9 43
40 10 22
40 11 17
40 12 13
40 13 18
40 14 27
40 15 26
40 16 31
40 17 27
40 18 14
40 19 41
40 20 6
40 21 2
40 22 29
40 23 17
40 24 30
40 25 12
40 26 39
40 27 33
40 28 9
40 29 27
40 30 16
40 31 9
40 32 1
40 33 18
40 34 12
40 35 36
40 36 4
40 37 27
40 38 32
40 39 13
40 40 -1
40 41 10
40 42 28
40 43 19
40 44 28
40 45 13
40 46 28
40 47 16
40 48 29
40 49 15
40 50 30
40 51 43
40 52 22
40 53 31
40 54 36
40 55 40
40 56 7
40 57 13
40 58 14
40 59 20
40 60 23
41 1 22
41 2 33
41 3 36
41 4 16
41 5 32
41 6 39
41 7 34
41 8 39
41 9 34
41 10 33
41 11 20
41 12 15
41 13 22
41 14 37
41 15 15
41 16 37
41 17 19
41 18 18
41 19 42
41 20 15
41 21 8
41 22 40
41 23 12
41 24 40
41 25 4
41 26 39
41 27 29
41 28 16
41 29 17
41 30 15
41 31 20
41 32 11
41 33 29
41 34 18
41 35 30
41 36 7
41 37 17
41 38 22
41 39 12
41 40 10
41 41 -1
41 42 31
41 43 29
41 44 38
41 45 23
41 46 23
41 47 7
41 48 28
41 49 25
41 50 26
41 51 38
41 52 32
41 53 42
41 54 41
41 55 41
41 56 5
41 57 4
41 58 5
41 59 10
41 60 33
42 1 25
42 2 7
42 3 9
42 4 33
42 5 24
42 6 11
42 7 14
42 8 21
42 9 38
42 10 36
42 11 45
42 12 41
42 13 9
42 14 35
42 15 37
42 16 10
42 17 50
42 18 42
42 19 13
42 20 32
42 21 28
42 22 34
42 23 21
42 24 36
42 25 35
42 26 13
42 27 21
42 28 36
42 29 46
42 30 16
42 31 28
42 32 27
42 33 31
42 34 16
42 35 26
42 36 30
42 37 40
42 38 40
42 39 40
42 40 28
42 41 31
42 42 -1
42 43 40
42 44 30
42 45 36
42 46 54
42 47 28
42 48 9
42 49 27
42 50 17
42 51 28
42 52 42
42 53 36
42 54 11
42 55 14
42 56 32
42 57 29
42 58 36
42 59 31
42 60 38
43 1 48
43 2 46
43 3 38
43 4 13
43 5 55
43 6 41
43 7 31
43 8 58
43 9 63
43 10 8
43 11 19
43 12 21
43 13 32
43 14 14
43 15 45
43 16 38
43 17 41
43 18 17
43 19 53
43 20 14
43 21 21
43 22 18
43 23 36
43 24 17
43 25 29
43 26 53
43 27 52
43 28 14
43 29 43
43 30 34
43 31 12
43 32 19
43 33 10
43 34 24
43 35 55
43 36 22
43 37 46
43 38 51
43 39 25
43 40 19
43 41 29
43 42 40
43 43 -1
43 44 19
43 45 6
43 46 38
43 47 36
43 48 44
43 49 13
43 50 48
43 51 61
43 52 2
43 53 19
43 54 43
43 55 54
43 56 24
43 57 33
43 58 30
43 59 39
43 60 6
44 1 48
44 2 38
44 3 24
44 4 26
44 5 53
44 6 27
44 7 17
44 8 52
44 9 64
44 10 12
44 11 36
44 12 37
44 13 27
44 14 6
44 15 53
44 16 24
44 17 55
44 18 34
44 19 41
44 20 26
44 21 30
44 22 3
44 23 39
44 24 6
44 25 40
44 26 43
44 27 49
44 28 28
44 29 55
44 30 34
44 31 19
44 32 27
44 33 10
44 34 22
44 35 53
44 36 32
44 37 54
44 38 58
44 39 39
44 40 28
44 41 38
44 42 30
44 43 19
44 44 -1
44 45 21
44 46 54
44 47 42
44 48 39
44 49 13
44 50 45
44 51 58
44 52 19
44 53 5
44 54 29
44 55 44
44 56 35
44 57 40
44 58 42
44 59 46
44 60 14
45 1 42
45 2 42
45 3 35
45 4 7
45 5 49
45 6 39
45 7 30
45 8 53
45 9 56
45 10 12
45 11 14
45 12 16
45 13 28
45 14 18
45 15 39
45 16 36
45 17 35
45 18 12
45 19 49
45 20 7
45 21 15
45 22 21
45 23 30
45 24 21
45 25 22
45 26 49
45 27 46
45 28 8
45 29 37
45 30 28
45 31 8
45 32 13
45 33 11
45 34 20
45 35 49
45 36 16
45 37 40
45 38 45
45 39 19
45 40 13
45 41 23
45 42 36
45 43 6
45 44 21
45 45 -1
45 46 33
45 47 29
45 48 40
45 49 11
45 50 42
45 51 55
45 52 9
45 53 23
45 54 41
45 55 50
45 56 18
45 57 26
45 58 24
45 59 33
45 60 11
46 1 42
46 2 56
46 3 59
46 4 27
46 5 52
46 6 62
46 7 56
46 8 61
46 9 50
46 10 45
46 11 19
46 12 17
46 13 45
46 14 51
46 15 27
46 16 60
46 17 9
46 18 21
46 19 66
46 20 28
46 21 27
46 22 54
46 23 34
46 24 54
46 25 19
46 26 63
46 27 50
46 28 25
46 29 15
46 30 38
46 31 35
46 32 29
46 33 43
46 34 40
46 35 49
46 36 25
46 37 26
46 38 32
46 39 15
46 40 28
46 41 23
46 42 54
46 43 38
46 44 54
46 45 33
46 46 -1
46 47 28
46 48 51
46 49 41
46 50 48
46 51 57
46 52 40
46 53 56
46 54 63
46 55 64
46 56 22
46 57 26
46 58 17
46 59 27
46 60 44
47 1 15
47 2 29
47 3 35
47 4 22
47 5 25
47 6 38
47 7 35
47 8 33
47 9 27
47 10 38
47 11 27
47 12 22
47 13 20
47 14 42
47 15 11
47 16 36
47 17 21
47 18 26
47 19 38
47 20 22
47 21 14
47 22 44
47 23 7
47 24 45
47 25 11
47 26 35
47 27 22
47 28 23
47 29 18
47 30 12
47 31 25
47 32 17
47 33 34
47 34 20
47 35 23
47 36 13
47 37 13
47 38 16
47 39 19
47 40 16
47 41 7
47 42 28
47 43 36
47 44 42
47 45 29
47 46 28
47 47 -1
47 48 24
47 49 29
47 50 20
47 51 31
47 52 38
47 53 46
47 54 39
47 55 36
47 56 13
47 57 3
47 58 11
47 59 4
47 60 39
48 1 16
48 2 5
48 3 19
48 4 36
48 5 14
48 6 20
48 7 23
48 8 13
48 9 28
48 10 43
48 11 46
48 12 41
48 13 12
48 14 43
48 15 31
48 16 20
48 17 46
48 18 43
48 19 15
48 20 35
48 21 28
48 22 42
48 23 17
48 24 44
48 25 33
48 26 11
48 27 11
48 28 38
48 29 41
48 30 13
48 31 32
48 32 29
48 33 37
48 34 20
48 35 16
48 36 30
48 37 33
48 38 32
48 39 39
48 40 29
48 41 28
48 42 9
48 43 44
48 44 39
48 45 40
48 46 51
48 47 24
48 48 -1
48 49 32
48 50 8
48 51 19
48 52 47
48 53 45
48 54 20
48 55 12
48 56 31
48 57 25
48 58 34
48 59 26
48 60 44
49 1 38
49 2 33
49 3 25
49 4 13
49 5 44
49 6 28
49 7 18
49 8 46
49 9 54
49 10 10
49 11 25
49 12 24
49 13 20
49 14 12
49 15 40
49 16 25
49 17 42
49 18 22
49 19 40
49 20 13
49 21 17
49 22 14
49 23 28
49 24 15
49 25 27
49 26 40
49 27 41
49 28 16
49 29 42
49 30 24
49 31 6
49 32 14
49 33 5
49 34 13
49 35 45
49 36 19
49 37 42
49 38 46
49 39 26
49 40 15
49 41 25
49 42 27
49 43 13
49 44 13
49 45 11
49 46 41
49 47 29
49 48 32
49 49 -1
49 50 37
49 51 50
49 52 15
49 53 16
49 54 30
49 55 41
49 56 22
49 57 27
49 58 29
49 59 34
49 60 11
50 1 8
50 2 13
50 3 27
50 4 37
50 5 7
50 6 28
50 7 30
50 8 12
50 9 20
50 10 47
50 11 46
50 12 41
50 13 17
50 14 48
50 15 25
50 16 28
50 17 41
50 18 44
50 19 21
50 20 36
50 21 29
50 22 48
50 23 14
50 24 50
50 25 31
50 26 17
50 27 4
50 28 39
50 29 37
50 30 14
50 31 35
50 32 30
50 33 42
50 34 24
50 35 8
50 36 30
50 37 27
50 38 25
50 39 38
50 40 30
50 41 26
50 42 17
50 43 48
50 44 45
50 45 42
50 46 48
50 47 20
50 48 8
50 49 37
50 50 -1
50 51 13
50 52 50
50 53 50
50 54 28
50 55 18
50 56 31
50 57 23
50 58 31
50 59 21
50 60 48
51 1 16
51 2 21
51 3 37
51 4 50
51 5 6
51 6 38
51 7 42
51 8 10
51 9 15
51 10 60
51 11 58
51 12 53
51 13 30
51 14 61
51 15 31
51 16 38
51 17 49
51 18 56
51 19 26
51 20 49
51 21 41
51 22 61
51 23 26
51 24 63
51 25 42
51 26 21
51 27 9
51 28 51
51 29 44
51 30 27
51 31 48
51 32 43
51 33 55
51 34 37
51 35 8
51 36 42
51 37 33
51 38 29
51 39 50
51 40 43
51 41 38
51 42 28
51 43 61
51 44 58
51 45 55
51 46 57
51 47 31
51 48 19
51 49 50
51 50 13
51 51 -1
51 52 64
51 53 63
51 54 37
51 55 22
51 56 43
51 57 34
51 58 42
51 59 30
51 60 62
52 1 50
52 2 48
52 3 39
52 4 16
52 5 58
52 6 42
52 7 32
52 8 60
52 9 65
52 10 7
52 11 21
52 12 23
52 13 34
52 14 14
52 15 48
52 16 39
52 17 43
52 18 19
52 19 55
52 20 17
52 21 24
52 22 18
52 23 39
52 24 16
52 25 31
52 26 55
52 27 54
52 28 17
52 29 45
52 30 36
52 31 15
52 32 22
52 33 11
52 34 26
52 35 57
52 36 25
52 37 49
52 38 54
52 39 27
52 40 22
52 41 32
52 42 42
52 43 2
52 44 19
52 45 9
52 46 40
52 47 38
52 48 47
52 49 15
52 50 50
52 51 64
52 52 -1
52 53 18
52 54 44
52 55 56
52 56 27
52 57 36
52 58 33
52 59 42
52 60 5
53 1 54
53 2 43
53 3 30
53 4 29
53 5 58
53 6 32
53 7 23
53 8 57
53 9 69
53 10 11
53 11 38
53 12 39
53 13 33
53 14 5
53 15 57
53 16 30
53 17 58
53 18 35
53 19 47
53 20 29
53 21 33
53 22 2
53 23 44
53 24 2
53 25 43
53 26 49
53 27 55
53 28 31
53 29 58
53 30 39
53 31 22
53 32 30
53 33 13
53 34 28
53 35 59
53 36 35
53 37 59
53 38 63
53 39 42
53 40 31
53 41 42
53 42 36
53 43 19
53 44 5
53 45 23
53 46 56
53 47 46
53 48 45
53 49 16
53 50 50
53 51 63
53 52 18
53 53 -1
53 54 34
53 55 49
53 56 38
53 57 44
53 58 45
53 59 50
53 60 13
54 1 36
54 2 15
54 3 5
54 4 40
54 5 34
54 6 2
54 7 12
54 8 28
54 9 48
54 10 38
54 11 52
54 12 49
54 13 18
54 14 35
54 15 49
54 16 5
54 17 60
54 18 49
54 19 13
54 20 39
54 21 36
54 22 32
54 23 32
54 24 35
54 25 45
54 26 17
54 27 31
54 28 43
54 29 57
54 30 27
54 31 33
54 32 35
54 33 33
54 34 24
54 35 36
54 36 38
54 37 51
54 38 51
54 39 49
54 40 36
54 41 41
54 42 11
54 43 43
54 44 29
54 45 41
54 46 63
54 47 39
54 48 20
54 49 30
54 50 28
54 51 37
54 52 44
54 53 34
54 54 -1
54 55 16
54 56 41
54 57 39
54 58 46
54 59 42
54 60 40
55 1 27
55 2 8
55 3 19
55 4 47
55 5 21
55 6 18
55 7 26
55 8 12
55 9 36
55 10 50
55 11 57
55 12 53
55 13 22
55 14 49
55 15 43
55 16 20
55 17 58
55 18 55
55 19 4
55 20 46
55 21 40
55 22 47
55 23 29
55 24 49
55 25 45
55 26 1
55 27 19
55 28 49
55 29 54
55 30 26
55 31 42
55 32 40
55 33 45
55 34 30
55 35 24
55 36 42
55 37 45
55 38 44
55 39 52
55 40 40
55 41 41
55 42 14
55 43 54
55 44 44
55 45 50
55 46 64
55 47 36
55 48 12
55 49 41
55 50 18
55 51 22
55 52 56
55 53 49
55 54 16
55 55 -1
55 56 44
55 57 38
55 58 46
55 59 38
55 60 52
56 1 27
56 2 35
56 3 37
56 4 10
56 5 37
56 6 40
56 7 34
56 8 43
56 9 40
56 10 28
56 11 15
56 12 10
56 13 23
56 14 33
56 15 21
56 16 37
56 17 20
56 18 13
56 19 45
56 20 10
56 21 5
56 22 36
56 23 17
56 24 36
56 25 5
56 26 42
56 27 34
56 28 10
56 29 20
56 30 18
56 31 16
56 32 8
56 33 25
56 34 18
56 35 35
56 36 3
56 37 22
56 38 27
56 39 8
56 40 7
56 41 5
56 42 32
56 43 24
56 44 35
56 45 18
56 46 22
56 47 13
56 48 31
56 49 22
56 50 31
56 51 43
56 52 27
56 53 38
56 54 41
56 55 44
56 56 -1
56 57 9
56 58 7
56 59 15
56 60 28
57 1 18
57 2 30
57 3 35
57 4 19
57 5 28
57 6 38
57 7 34
57 8 35
57 9 30
57 10 36
57 11 24
57 12 19
57 13 21
57 14 40
57 15 13
57 16 36
57 17 20
57 18 23
57 19 40
57 20 19
57 21 11
57 22 42
57 23 8
57 24 43
57 25 8
57 26 37
57 27 25
57 28 20
57 29 17
57 30 12
57 31 22
57 32 14
57 33 32
57 34 19
57 35 26
57 36 10
57 37 14
57 38 18
57 39 16
57 40 13
57 41 4
57 42 29
57 43 33
57 44 40
57 45 26
57 46 26
57 47 3
57 48 25
57 49 27
57 50 23
57 51 34
57 52 36
57 53 44
57 54 39
57 55 38
57 56 9
57 57 -1
57 58 8
57 59 6
57 60 36
58 1 26
58 2 38
58 3 42
58 4 17
58 5 36
58 6 45
58 7 39
58 8 44
58 9 37
58 10 35
58 11 17
58 12 12
58 13 27
58 14 40
58 15 15
58 16 43
58 17 13
58 18 17
58 19 48
58 20 17
58 21 12
58 22 43
58 23 17
58 24 43
58 25 2
58 26 45
58 27 33
58 28 16
58 29 13
58 30 20
58 31 23
58 32 15
58 33 32
58 34 23
58 35 34
58 36 10
58 37 16
58 38 22
58 39 8
58 40 14
58 41 5
58 42 36
58 43 30
58 44 42
58 45 24
58 46 17
58 47 11
58 48 34
58 49 29
58 50 31
58 51 42
58 52 33
58 53 45
58 54 46
58 55 46
58 56 7
58 57 8
58 58 -1
58 59 12
58 60 35
59 1 14
59 2 31
59 3 39
59 4 26
59 5 25
59 6 42
59 7 39
59 8 34
59 9 25
59 10 42
59 11 29
59 12 24
59 13 24
59 14 46
59 15 7
59 16 40
59 17 20
59 18 28
59 19 41
59 20 25
59 21 17
59 22 48
59 23 9
59 24 49
59 25 12
59 26 37
59 27 22
59 28 26
59 29 15
59 30 15
59 31 29
59 32 20
59 33 38
59 34 24
59 35 22
59 36 16
59 37 9
59 38 12
59 39 20
59 40 20
59 41 10
59 42 31
59 43 39
59 44 46
59 45 33
59 46 27
59 47 4
59 48 26
59 49 34
59 50 21
59 51 30
59 52 42
59 53 50
59 54 42
59 55 38
59 56 15
59 57 6
59 58 12
59 59 -1
59 60 43
60 1 49
60 2 45
60 3 35
60 4 18
60 5 56
60 6 38
60 7 28
60 8 58
60 9 65
60 10 2
60 11 25
60 12 27
60 13 31
60 14 8
60 15 49
60 16 35
60 17 46
60 18 23
60 19 51
60 20 18
60 21 25
60 22 12
60 23 38
60 24 11
60 25 33
60 26 51
60 27 52
60 28 19
60 29 48
60 30 35
60 31 14
60 32 22
60 33 7
60 34 24
60 35 56
60 36 26
60 37 50
60 38 55
60 39 30
60 40 23
60 41 33
60 42 38
60 43 6
60 44 14
60 45 11
60 46 44
60 47 39
60 48 44
60 49 11
60 50 48
60 51 62
60 52 5
60 53 13
60 54 40
60 55 52
60 56 28
60 57 36
60 58 35
60 59 43
60 60 -1
