1 1 -1
1 2 29
1 3 71
1 4 28
1 5 2
1 6 55
1 7 14
1 8 53
1 9 68
1 10 74
1 11 50
1 12 17
1 13 59
1 14 67
1 15 51
1 16 76
1 17 55
1 18 30
1 19 73
1 20 81
1 21 57
1 22 17
1 23 42
1 24 72
1 25 18
1 26 41
1 27 74
1 28 83
1 29 48
1 30 54
1 31 28
1 32 15
1 33 36
1 34 28
1 35 7
1 36 64
1 37 53
1 38 51
1 39 27
1 40 23
1 41 31
1 42 43
1 43 13
1 44 10
1 45 8
1 46 56
1 47 42
1 48 54
1 49 70
1 50 77
1 51 69
1 52 6
1 53 86
1 54 66
1 55 34
1 56 9
1 57 80
1 58 25
1 59 85
1 60 72
1 61 59
1 62 25
1 63 57
1 64 69
1 65 62
1 66 61
1 67 53
1 68 75
1 69 26
1 70 42
1 71 77
1 72 17
1 73 38
1 74 72
1 75 38
1 76 58
2 1 29
2 2 -1
2 3 43
2 4 11
2 5 28
2 6 26
2 7 28
2 8 46
2 9 53
2 10 51
2 11 42
2 12 12
2 13 31
2 14 47
2 15 24
2 16 51
2 17 39
2 18 10
2 19 53
2 20 61
2 21 55
2 22 19
2 23 20
2 24 43
2 25 28
2 26 36
2 27 46
2 28 62
2 29 19
2 30 26
2 31 5
2 32 16
2 33 7
2 34 30
2 35 28
2 36 35
2 37 26
2 38 48
2 39 32
2 40 33
2 41 12
2 42 35
2 43 16
2 44 25
2 45 29
2 46 56
2 47 26
2 48 54
2 49 42
2 50 59
2 51 47
2 52 23
2 53 64
2 54 41
2 55 20
2 56 23
2 57 58
2 58 30
2 59 65
2 60 55
2 61 32
2 62 31
2 63 28
2 64 40
2 65 33
2 66 34
2 67 26
2 68 54
2 69 31
2 70 23
2 71 60
2 72 25
2 73 9
2 74 43
2 75 13
2 76 41
3 1 71
3 2 43
3 3 -1
3 4 43
3 5 69
3 6 24
3 7 65
3 8 75
3 9 69
3 10 53
3 11 71
3 12 54
3 13 11
3 14 56
3 15 19
3 16 47
3 17 60
3 18 48
3 19 61
3 20 67
3 21 85
3 22 56
3 23 31
3 24 1
3 25 71
3 26 70
3 27 35
3 28 63
3 29 24
3 30 17
3 31 42
3 32 56
3 33 37
3 34 70
3 35 71
3 36 9
3 37 17
3 38 80
3 39 72
3 40 75
3 41 48
3 42 66
3 43 58
3 44 68
3 45 69
3 46 88
3 47 54
3 48 87
3 49 3
3 50 67
3 51 52
3 52 65
3 53 63
3 54 41
3 55 54
3 56 67
3 57 59
3 58 71
3 59 68
3 60 69
3 61 34
3 62 73
3 63 23
3 64 12
3 65 11
3 66 31
3 67 34
3 68 59
3 69 72
3 70 49
3 71 71
3 72 68
3 73 36
3 74 21
3 75 33
3 76 59
4 1 28
4 2 11
4 3 43
4 4 -1
4 5 27
4 6 32
4 7 22
4 8 57
4 9 64
4 10 61
4 11 53
4 12 12
4 13 32
4 14 57
4 15 24
4 16 60
4 17 50
4 18 21
4 19 64
4 20 72
4 21 65
4 22 13
4 23 13
4 24 44
4 25 35
4 26 46
4 27 54
4 28 72
4 29 22
4 30 26
4 31 6
4 32 13
4 33 15
4 34 39
4 35 31
4 36 37
4 37 26
4 38 58
4 39 40
4 40 40
4 41 23
4 42 46
4 43 18
4 44 29
4 45 26
4 46 66
4 47 37
4 48 64
4 49 43
4 50 69
4 51 57
4 52 24
4 53 74
4 54 50
4 55 31
4 56 27
4 57 68
4 58 38
4 59 75
4 60 66
4 61 41
4 62 39
4 63 34
4 64 42
4 65 35
4 66 41
4 67 35
4 68 65
4 69 39
4 70 34
4 71 70
4 72 32
4 73 17
4 74 48
4 75 10
4 76 52
5 1 2
5 2 28
5 3 69
5 4 27
5 5 -1
5 6 54
5 7 12
5 8 54
5 9 69
5 10 74
5 11 51
5 12 16
5 13 58
5 14 68
5 15 50
5 16 76
5 17 55
5 18 29
5 19 74
5 20 82
5 21 59
5 22 15
5 23 40
5 24 70
5 25 20
5 26 42
5 27 74
5 28 84
5 29 47
5 30 52
5 31 27
5 32 13
5 33 35
5 34 29
5 35 9
5 36 63
5 37 52
5 38 52
5 39 29
5 40 25
5 41 31
5 42 44
5 43 12
5 44 11
5 45 6
5 46 58
5 47 43
5 48 56
5 49 69
5 50 78
5 51 69
5 52 7
5 53 87
5 54 66
5 55 34
5 56 10
5 57 80
5 58 27
5 59 86
5 60 73
5 61 58
5 62 26
5 63 56
5 64 68
5 65 61
5 66 61
5 67 53
5 68 76
5 69 27
5 70 43
5 71 77
5 72 19
5 73 37
5 74 71
5 75 36
5 76 58
6 1 55
6 2 26
6 3 24
6 4 32
6 5 54
6 6 -1
6 7 53
6 8 50
6 9 47
6 10 34
6 11 47
6 12 38
6 13 15
6 14 35
6 15 15
6 16 30
6 17 36
6 18 27
6 19 41
6 20 48
6 21 61
6 22 44
6 23 28
6 24 24
6 25 50
6 26 46
6 27 22
6 28 45
6 29 11
6 30 17
6 31 28
6 32 42
6 33 19
6 34 48
6 35 54
6 36 15
6 37 16
6 38 55
6 39 50
6 40 53
6 41 26
6 42 42
6 43 42
6 44 50
6 45 55
6 46 64
6 47 30
6 48 63
6 49 21
6 50 47
6 51 32
6 52 49
6 53 46
6 54 21
6 55 31
6 56 49
6 57 41
6 58 49
6 59 50
6 60 47
6 61 13
6 62 51
6 63 2
6 64 15
6 65 13
6 66 11
6 67 10
6 68 40
6 69 50
6 70 25
6 71 50
6 72 48
6 73 17
6 74 17
6 75 24
6 76 36
7 1 14
7 2 28
7 3 65
7 4 22
7 5 12
7 6 53
7 7 -1
7 8 64
7 9 77
7 10 79
7 11 60
7 12 16
7 13 54
7 14 73
7 15 46
7 16 79
7 17 62
7 18 33
7 19 80
7 20 88
7 21 70
7 22 9
7 23 34
7 24 66
7 25 32
7 26 52
7 27 75
7 28 89
7 29 44
7 30 48
7 31 25
7 32 12
7 33 34
7 34 40
7 35 21
7 36 59
7 37 48
7 38 63
7 39 40
7 40 37
7 41 36
7 42 53
7 43 17
7 44 23
7 45 7
7 46 69
7 47 49
7 48 67
7 49 65
7 50 84
7 51 74
7 52 17
7 53 91
7 54 69
7 55 41
7 56 21
7 57 85
7 58 38
7 59 92
7 60 80
7 61 60
7 62 38
7 63 55
7 64 65
7 65 57
7 66 62
7 67 54
7 68 81
7 69 39
7 70 48
7 71 84
7 72 30
7 73 37
7 74 70
7 75 32
7 76 65
8 1 53
8 2 46
8 3 75
8 4 57
8 5 54
8 6 50
8 7 64
8 8 -1
8 9 20
8 10 38
8 11 4
8 12 49
8 13 65
8 14 29
8 15 61
8 16 44
8 17 16
8 18 36
8 19 32
8 20 36
8 21 10
8 22 59
8 23 65
8 24 74
8 25 34
8 26 12
8 27 52
8 28 42
8 29 55
8 30 64
8 31 51
8 32 54
8 33 46
8 34 25
8 35 46
8 36 65
8 37 63
8 38 7
8 39 26
8 40 31
8 41 34
8 42 11
8 43 46
8 44 42
8 45 60
8 46 14
8 47 21
8 48 14
8 49 72
8 50 32
8 51 34
8 52 47
8 53 46
8 54 41
8 55 26
8 56 44
8 57 41
8 58 28
8 59 41
8 60 24
8 61 41
8 62 29
8 63 52
8 64 65
8 65 63
8 66 45
8 67 40
8 68 35
8 69 27
8 70 26
8 71 29
8 72 35
8 73 44
8 74 61
8 75 58
8 76 18
9 1 68
9 2 53
9 3 69
9 4 64
9 5 69
9 6 47
9 7 77
9 8 20
9 9 -1
9 10 21
9 11 21
9 12 60
9 13 62
9 14 14
9 15 61
9 16 29
9 17 14
9 18 44
9 19 13
9 20 16
9 21 27
9 22 70
9 23 69
9 24 69
9 25 51
9 26 29
9 27 39
9 28 22
9 29 55
9 30 63
9 31 58
9 32 65
9 33 50
9 34 42
9 35 62
9 36 61
9 37 62
9 38 27
9 39 44
9 40 50
9 41 42
9 42 25
9 43 59
9 44 58
9 45 74
9 46 32
9 47 27
9 48 33
9 49 66
9 50 12
9 51 19
9 52 62
9 53 26
9 54 29
9 55 35
9 56 59
9 57 21
9 58 45
9 59 21
9 60 4
9 61 34
9 62 47
9 63 47
9 64 58
9 65 59
9 66 37
9 67 36
9 68 16
9 69 45
9 70 30
9 71 8
9 72 51
9 73 48
9 74 51
9 75 62
9 76 12
10 1 74
10 2 51
10 3 53
10 4 61
10 5 74
10 6 34
10 7 79
10 8 38
10 9 21
10 10 -1
10 11 37
10 12 62
10 13 49
10 14 9
10 15 50
10 16 7
10 17 24
10 18 45
10 19 9
10 20 14
10 21 47
10 22 70
10 23 61
10 24 52
10 25 61
10 26 43
10 27 19
10 28 10
10 29 45
10 30 51
10 31 56
10 32 67
10 33 46
10 34 53
10 35 70
10 36 46
10 37 50
10 38 45
10 39 55
10 40 61
10 41 43
10 42 38
10 43 62
10 44 65
10 45 78
10 46 52
10 47 32
10 48 52
10 49 50
10 50 14
10 51 5
10 52 67
10 53 12
10 54 13
10 55 40
10 56 65
10 57 6
10 58 56
10 59 15
10 60 19
10 61 22
10 62 58
10 63 34
10 64 41
10 65 45
10 66 23
10 67 26
10 68 6
10 69 57
10 70 31
10 71 18
10 72 60
10 73 43
10 74 33
10 75 56
10 76 21
11 1 50
11 2 42
11 3 71
11 4 53
11 5 51
11 6 47
11 7 60
11 8 4
11 9 21
11 10 37
11 11 -1
11 12 45
11 13 61
11 14 28
11 15 57
11 16 42
11 17 13
11 18 32
11 19 31
11 20 36
11 21 14
11 22 55
11 23 61
11 24 71
11 25 32
11 26 9
11 27 49
11 28 41
11 29 50
11 30 60
11 31 47
11 32 50
11 33 42
11 34 22
11 35 43
11 36 62
11 37 59
11 38 9
11 39 24
11 40 29
11 41 30
11 42 7
11 43 43
11 44 39
11 45 56
11 46 17
11 47 17
11 48 17
11 49 68
11 50 32
11 51 32
11 52 44
11 53 45
11 54 38
11 55 22
11 56 41
11 57 40
11 58 25
11 59 41
11 60 25
11 61 38
11 62 26
11 63 48
11 64 61
11 65 60
11 66 42
11 67 36
11 68 34
11 69 25
11 70 22
11 71 29
11 72 32
11 73 40
11 74 57
11 75 54
11 76 16
12 1 17
12 2 12
12 3 54
12 4 12
12 5 16
12 6 38
12 7 16
12 8 49
12 9 60
12 10 62
12 11 45
12 12 -1
12 13 42
12 14 56
12 15 34
12 16 62
12 17 46
12 18 17
12 19 63
12 20 71
12 21 57
12 22 9
12 23 26
12 24 54
12 25 22
12 26 38
12 27 59
12 28 72
12 29 31
12 30 37
12 31 11
12 32 5
12 33 19
12 34 28
12 35 18
12 36 47
12 37 36
12 38 50
12 39 29
12 40 28
12 41 19
12 42 38
12 43 5
12 44 16
12 45 17
12 46 57
12 47 33
12 48 55
12 49 53
12 50 68
12 51 57
12 52 12
12 53 74
12 54 52
12 55 25
12 56 14
12 57 68
12 58 27
12 59 75
12 60 63
12 61 44
12 62 27
12 63 40
12 64 52
12 65 45
12 66 46
12 67 38
12 68 64
12 69 28
12 70 31
12 71 68
12 72 20
12 73 21
12 74 55
12 75 21
12 76 48
13 1 59
13 2 31
13 3 11
13 4 32
13 5 58
13 6 15
13 7 54
13 8 65
13 9 62
13 10 49
13 11 61
13 12 42
13 13 -1
13 14 50
13 15 8
13 16 43
13 17 52
13 18 36
13 19 56
13 20 63
13 21 76
13 22 45
13 23 21
13 24 12
13 25 59
13 26 59
13 27 33
13 28 59
13 29 12
13 30 6
13 31 31
13 32 45
13 33 25
13 34 59
13 35 60
13 36 5
13 37 6
13 38 70
13 39 61
13 40 63
13 41 37
13 42 56
13 43 47
13 44 56
13 45 58
13 46 78
13 47 44
13 48 77
13 49 11
13 50 62
13 51 47
13 52 54
13 53 60
13 54 36
13 55 43
13 56 55
13 57 55
13 58 59
13 59 64
13 60 62
13 61 28
13 62 61
13 63 15
13 64 12
13 65 5
13 66 26
13 67 26
13 68 55
13 69 61
13 70 39
13 71 65
13 72 56
13 73 24
13 74 21
13 75 22
13 76 51
14 1 67
14 2 47
14 3 56
14 4 57
14 5 68
14 6 35
14 7 73
14 8 29
14 9 14
14 10 9
14 11 28
14 12 56
14 13 50
14 14 -1
14 15 50
14 16 15
14 17 15
14 18 39
14 19 6
14 20 14
14 21 38
14 22 65
14 23 59
14 24 55
14 25 53
14 26 34
14 27 25
14 28 15
14 29 44
14 30 52
14 31 51
14 32 61
14 33 42
14 34 45
14 35 62
14 36 48
14 37 51
14 38 36
14 39 47
14 40 53
14 41 37
14 42 29
14 43 56
14 44 58
14 45 72
14 46 43
14 47 25
14 48 43
14 49 53
14 50 12
14 51 5
14 52 61
14 53 19
14 54 15
14 55 33
14 56 58
14 57 13
14 58 48
14 59 18
14 60 13
14 61 22
14 62 49
14 63 35
14 64 44
14 65 46
14 66 24
14 67 25
14 68 7
14 69 48
14 70 25
14 71 15
14 72 52
14 73 40
14 74 37
14 75 53
14 76 12
15 1 51
15 2 24
15 3 19
15 4 24
15 5 50
15 6 15
15 7 46
15 8 61
15 9 61
15 10 50
15 11 57
15 12 34
15 13 8
15 14 50
15 15 -1
15 16 46
15 17 49
15 18 30
15 19 56
15 20 63
15 21 72
15 22 37
15 23 14
15 24 20
15 25 52
15 26 54
15 27 36
15 28 61
15 29 6
15 30 2
15 31 23
15 32 37
15 33 18
15 34 53
15 35 52
15 36 13
15 37 2
15 38 65
15 39 54
15 40 56
15 41 31
15 42 51
15 43 39
15 44 49
15 45 50
15 46 74
15 47 40
15 48 73
15 49 19
15 50 62
15 51 47
15 52 46
15 53 62
15 54 37
15 55 38
15 56 47
15 57 57
15 58 53
15 59 65
15 60 62
15 61 28
15 62 55
15 63 16
15 64 19
15 65 11
15 66 27
15 67 25
15 68 55
15 69 54
15 70 35
15 71 65
15 72 49
15 73 18
15 74 27
15 75 14
15 76 49
16 1 76
16 2 51
16 3 47
16 4 60
16 5 76
16 6 30
16 7 79
16 8 44
16 9 29
16 10 7
16 11 42
16 12 62
16 13 43
16 14 15
16 15 46
16 16 -1
16 17 29
16 18 46
16 19 17
16 20 21
16 21 54
16 22 70
16 23 58
16 24 46
16 25 64
16 26 48
16 27 12
16 28 16
16 29 42
16 30 47
16 31 55
16 32 67
16 33 45
16 34 57
16 35 72
16 36 40
16 37 46
16 38 51
16 39 59
16 40 64
16 41 44
16 42 43
16 43 63
16 44 67
16 45 79
16 46 58
16 47 35
16 48 59
16 49 44
16 50 21
16 51 10
16 52 69
16 53 16
16 54 9
16 55 43
16 56 67
16 57 12
16 58 59
16 59 21
16 60 26
16 61 19
16 62 61
16 63 30
16 64 35
16 65 39
16 66 19
16 67 24
16 68 14
16 69 60
16 70 33
16 71 26
16 72 62
16 73 42
16 74 26
16 75 53
16 76 26
17 1 55
17 2 39
17 3 60
17 4 50
17 5 55
17 6 36
17 7 62
17 8 16
17 9 14
17 10 24
17 11 13
17 12 46
17 13 52
17 14 15
17 15 49
17 16 29
17 17 -1
17 18 30
17 19 19
17 20 26
17 21 26
17 22 55
17 23 56
17 24 60
17 25 39
17 26 19
17 27 36
17 28 30
17 29 42
17 30 51
17 31 44
17 32 51
17 33 37
17 34 30
17 35 49
17 36 51
17 37 50
17 38 22
17 39 32
17 40 38
17 41 27
17 42 14
17 43 45
17 44 45
17 45 60
17 46 30
17 47 13
17 48 30
17 49 57
17 50 22
17 51 19
17 52 48
17 53 33
17 54 25
17 55 21
17 56 45
17 57 27
17 58 33
17 59 31
17 60 17
17 61 26
17 62 35
17 63 37
17 64 50
17 65 49
17 66 29
17 67 25
17 68 22
17 69 34
17 70 16
17 71 22
17 72 38
17 73 35
17 74 45
17 75 49
17 76 3
18 1 30
18 2 10
18 3 48
18 4 21
18 5 29
18 6 27
18 7 33
18 8 36
18 9 44
18 10 45
18 11 32
18 12 17
18 13 36
18 14 39
18 15 30
18 16 46
18 17 30
18 18 -1
18 19 46
18 20 54
18 21 45
18 22 26
18 23 30
18 24 48
18 25 23
18 26 26
18 27 44
18 28 55
18 29 24
18 30 33
18 31 15
18 32 22
18 33 12
18 34 22
18 35 27
18 36 39
18 37 32
18 38 38
18 39 24
18 40 26
18 41 2
18 42 25
18 43 17
18 44 23
18 45 33
18 46 46
18 47 16
18 48 44
18 49 46
18 50 51
18 51 40
18 52 23
18 53 58
18 54 36
18 55 10
18 56 22
18 57 51
18 58 23
18 59 58
18 60 46
18 61 29
18 62 24
18 63 29
18 64 42
18 65 37
18 66 31
18 67 23
18 68 47
18 69 24
18 70 14
18 71 51
18 72 20
18 73 12
18 74 44
18 75 22
18 76 32
19 1 73
19 2 53
19 3 61
19 4 64
19 5 74
19 6 41
19 7 80
19 8 32
19 9 13
19 10 9
19 11 31
19 12 63
19 13 56
19 14 6
19 15 56
19 16 17
19 17 19
19 18 46
19 19 -1
19 20 8
19 21 39
19 22 72
19 23 66
19 24 60
19 25 58
19 26 38
19 27 28
19 28 10
19 29 50
19 30 58
19 31 58
19 32 68
19 33 49
19 34 50
19 35 68
19 36 53
19 37 57
19 38 39
19 39 52
19 40 58
19 41 44
19 42 33
19 43 62
19 44 64
19 45 78
19 46 44
19 47 31
19 48 45
19 49 58
19 50 6
19 51 9
19 52 67
19 53 14
19 54 20
19 55 39
19 56 64
19 57 9
19 58 53
19 59 12
19 60 10
19 61 28
19 62 55
19 63 41
19 64 49
19 65 52
19 66 30
19 67 31
19 68 3
19 69 53
19 70 31
19 71 9
19 72 57
19 73 47
19 74 41
19 75 60
19 76 16
20 1 81
20 2 61
20 3 67
20 4 72
20 5 82
20 6 48
20 7 88
20 8 36
20 9 16
20 10 14
20 11 36
20 12 71
20 13 63
20 14 14
20 15 63
20 16 21
20 17 26
20 18 54
20 19 8
20 20 -1
20 21 43
20 22 80
20 23 74
20 24 66
20 25 65
20 26 44
20 27 33
20 28 7
20 29 58
20 30 65
20 31 66
20 32 76
20 33 57
20 34 57
20 35 76
20 36 60
20 37 64
20 38 43
20 39 59
20 40 64
20 41 52
20 42 40
20 43 70
20 44 71
20 45 86
20 46 48
20 47 38
20 48 49
20 49 64
20 50 4
20 51 16
20 52 75
20 53 10
20 54 27
20 55 47
20 56 72
20 57 9
20 58 60
20 59 5
20 60 12
20 61 35
20 62 61
20 63 48
20 64 55
20 65 59
20 66 37
20 67 39
20 68 8
20 69 60
20 70 39
20 71 8
20 72 65
20 73 55
20 74 47
20 75 68
20 76 23
21 1 57
21 2 55
21 3 85
21 4 65
21 5 59
21 6 61
21 7 70
21 8 10
21 9 27
21 10 47
21 11 14
21 12 57
21 13 76
21 14 38
21 15 72
21 16 54
21 17 26
21 18 45
21 19 39
21 20 43
21 21 -1
21 22 66
21 23 75
21 24 85
21 25 38
21 26 19
21 27 62
21 28 49
21 29 65
21 30 74
21 31 59
21 32 61
21 33 55
21 34 29
21 35 50
21 36 76
21 37 73
21 38 7
21 39 30
21 40 34
21 41 43
21 42 20
21 43 53
21 44 47
21 45 65
21 46 5
21 47 31
21 48 6
21 49 83
21 50 39
21 51 43
21 52 53
21 53 53
21 54 51
21 55 35
21 56 49
21 57 48
21 58 32
21 59 48
21 60 31
21 61 52
21 62 32
21 63 62
21 64 75
21 65 74
21 66 55
21 67 51
21 68 42
21 69 31
21 70 36
21 71 35
21 72 40
21 73 54
21 74 71
21 75 67
21 76 28
22 1 17
22 2 19
22 3 56
22 4 13
22 5 15
22 6 44
22 7 9
22 8 59
22 9 70
22 10 70
22 11 55
22 12 9
22 13 45
22 14 65
22 15 37
22 16 70
22 17 55
22 18 26
22 19 72
22 20 80
22 21 66
22 22 -1
22 23 25
22 24 57
22 25 30
22 26 47
22 27 65
22 28 80
22 29 34
22 30 39
22 31 15
22 32 5
22 33 25
22 34 37
22 35 22
22 36 50
22 37 39
22 38 59
22 39 37
22 40 35
22 41 28
22 42 48
22 43 13
22 44 21
22 45 13
22 46 66
22 47 42
22 48 64
22 49 56
22 50 77
22 51 65
22 52 16
22 53 83
22 54 60
22 55 34
22 56 19
22 57 77
22 58 35
22 59 84
22 60 72
22 61 51
22 62 35
22 63 46
22 64 55
22 65 48
22 66 53
22 67 45
22 68 73
22 69 36
22 70 40
22 71 77
22 72 27
22 73 28
22 74 61
22 75 23
22 76 58
23 1 42
23 2 20
23 3 31
23 4 13
23 5 40
23 6 28
23 7 34
23 8 65
23 9 69
23 10 61
23 11 61
23 12 26
23 13 21
23 14 59
23 15 14
23 16 58
23 17 56
23 18 30
23 19 66
23 20 74
23 21 75
23 22 25
23 23 -1
23 24 32
23 25 48
23 26 56
23 27 50
23 28 72
23 29 16
23 30 15
23 31 17
23 32 27
23 33 19
23 34 51
23 35 44
23 36 27
23 37 15
23 38 68
23 39 52
23 40 53
23 41 31
23 42 54
23 43 32
23 44 42
23 45 39
23 46 76
23 47 44
23 48 75
23 49 31
23 50 72
23 51 58
23 52 38
23 53 74
23 54 49
23 55 39
23 56 40
23 57 68
23 58 50
23 59 76
23 60 70
23 61 39
23 62 52
23 63 29
23 64 34
23 65 25
23 66 39
23 67 35
23 68 66
23 69 52
23 70 40
23 71 74
23 72 45
23 73 21
23 74 41
23 75 7
23 76 57
24 1 72
24 2 43
24 3 1
24 4 44
24 5 70
24 6 24
24 7 66
24 8 74
24 9 69
24 10 52
24 11 71
24 12 54
24 13 12
24 14 55
24 15 20
24 16 46
24 17 60
24 18 48
24 19 60
24 20 66
24 21 85
24 22 57
24 23 32
24 24 -1
24 25 71
24 26 70
24 27 34
24 28 62
24 29 24
24 30 18
24 31 43
24 32 57
24 33 37
24 34 71
24 35 72
24 36 9
24 37 18
24 38 80
24 39 72
24 40 75
24 41 48
24 42 66
24 43 59
24 44 69
24 45 70
24 46 88
24 47 54
24 48 87
24 49 2
24 50 66
24 51 51
24 52 66
24 53 62
24 54 40
24 55 55
24 56 67
24 57 58
24 58 71
24 59 67
24 60 68
24 61 34
24 62 73
24 63 22
24 64 11
24 65 11
24 66 31
24 67 34
24 68 59
24 69 73
24 70 49
24 71 70
24 72 68
24 73 36
24 74 20
24 75 34
24 76 59
25 1 18
25 2 28
25 3 71
25 4 35
25 5 20
25 6 50
25 7 32
25 8 34
25 9 51
25 10 61
25 11 32
25 12 22
25 13 59
25 14 53
25 15 52
25 16 64
25 17 39
25 18 23
25 19 58
25 20 65
25 21 38
25 22 30
25 23 48
25 24 71
25 25 -1
25 26 22
25 27 65
25 28 68
25 29 46
25 30 55
25 31 31
25 32 25
25 33 34
25 34 9
25 35 12
25 36 62
25 37 54
25 38 32
25 39 8
25 40 5
25 41 23
25 42 26
25 43 17
25 44 9
25 45 26
25 46 37
25 47 28
25 48 35
25 49 69
25 50 61
25 51 55
25 52 15
25 53 72
25 54 55
25 55 21
25 56 11
25 57 66
25 58 6
25 59 70
25 60 55
25 61 50
25 62 6
25 63 52
25 64 65
25 65 60
25 66 53
25 67 45
25 68 60
25 69 7
25 70 30
25 71 60
25 72 2
25 73 34
25 74 66
25 75 41
25 76 42
26 1 41
26 2 36
26 3 70
26 4 46
26 5 42
26 6 46
26 7 52
26 8 12
26 9 29
26 10 43
26 11 9
26 12 38
26 13 59
26 14 34
26 15 54
26 16 48
26 17 19
26 18 26
26 19 38
26 20 44
26 21 19
26 22 47
26 23 56
26 24 70
26 25 22
26 26 -1
26 27 52
26 28 49
26 29 48
26 30 57
26 31 40
26 32 42
26 33 37
26 34 13
26 35 34
26 36 60
26 37 56
26 38 12
26 39 14
26 40 20
26 41 24
26 42 5
26 43 34
26 44 30
26 45 47
26 46 20
26 47 15
26 48 18
26 49 67
26 50 40
26 51 38
26 52 35
26 53 52
26 54 41
26 55 16
26 56 32
26 57 47
26 58 16
26 59 49
26 60 33
26 61 39
26 62 17
26 63 47
26 64 61
26 65 58
26 66 43
26 67 36
26 68 41
26 69 16
26 70 20
26 71 38
26 72 23
26 73 36
26 74 59
26 75 49
26 76 22
27 1 74
27 2 46
27 3 35
27 4 54
27 5 74
27 6 22
27 7 75
27 8 52
27 9 39
27 10 19
27 11 49
27 12 59
27 13 33
27 14 25
27 15 36
27 16 12
27 17 36
27 18 44
27 19 28
27 20 33
27 21 62
27 22 65
27 23 50
27 24 34
27 25 65
27 26 52
27 27 -1
27 28 28
27 29 33
27 30 37
27 31 50
27 32 63
27 33 40
27 34 60
27 35 71
27 36 28
27 37 36
27 38 59
27 39 62
27 40 67
27 41 42
27 42 48
27 43 61
27 44 67
27 45 76
27 46 66
27 47 38
27 48 66
27 49 32
27 50 34
27 51 20
27 52 67
27 53 28
27 54 11
27 55 44
27 56 66
27 57 24
27 58 62
27 59 33
27 60 38
27 61 15
27 62 64
27 63 21
27 64 23
27 65 28
27 66 13
27 67 20
27 68 26
27 69 63
27 70 35
27 71 38
27 72 63
27 73 37
27 74 14
27 75 46
27 76 34
28 1 83
28 2 62
28 3 63
28 4 72
28 5 84
28 6 45
28 7 89
28 8 42
28 9 22
28 10 10
28 11 41
28 12 72
28 13 59
28 14 15
28 15 61
28 16 16
28 17 30
28 18 55
28 19 10
28 20 7
28 21 49
28 22 80
28 23 72
28 24 62
28 25 68
28 26 49
28 27 28
28 28 -1
28 29 56
28 30 62
28 31 66
28 32 77
28 33 57
28 34 60
28 35 78
28 36 56
28 37 61
28 38 49
28 39 62
28 40 68
28 41 53
28 42 44
28 43 72
28 44 74
28 45 87
28 46 54
28 47 41
28 48 55
28 49 60
28 50 10
28 51 15
28 52 77
28 53 4
28 54 23
28 55 49
28 56 74
28 57 4
28 58 63
28 59 5
28 60 18
28 61 32
28 62 65
28 63 45
28 64 51
28 65 55
28 66 33
28 67 37
28 68 8
28 69 64
28 70 41
28 71 15
28 72 68
28 73 54
28 74 42
28 75 67
28 76 26
29 1 48
29 2 19
29 3 24
29 4 22
29 5 47
29 6 11
29 7 44
29 8 55
29 9 55
29 10 45
29 11 50
29 12 31
29 13 12
29 14 44
29 15 6
29 16 42
29 17 42
29 18 24
29 19 50
29 20 58
29 21 65
29 22 34
29 23 16
29 24 24
29 25 46
29 26 48
29 27 33
29 28 56
29 29 -1
29 30 9
29 31 20
29 32 34
29 33 13
29 34 47
29 35 48
29 36 16
29 37 8
29 38 59
29 39 48
29 40 51
29 41 24
29 42 45
29 43 35
29 44 44
29 45 47
29 46 67
29 47 33
29 48 66
29 49 23
29 50 56
29 51 42
29 52 42
29 53 57
29 54 32
29 55 31
29 56 43
29 57 52
29 58 47
29 59 60
29 60 56
29 61 23
29 62 49
29 63 12
29 64 21
29 65 14
29 66 22
29 67 19
29 68 50
29 69 48
29 70 28
29 71 59
29 72 44
29 73 12
29 74 26
29 75 13
29 76 43
30 1 54
30 2 26
30 3 17
30 4 26
30 5 52
30 6 17
30 7 48
30 8 64
30 9 63
30 10 51
30 11 60
30 12 37
30 13 6
30 14 52
30 15 2
30 16 47
30 17 51
30 18 33
30 19 58
30 20 65
30 21 74
30 22 39
30 23 15
30 24 18
30 25 55
30 26 57
30 27 37
30 28 62
30 29 9
30 30 -1
30 31 25
30 32 39
30 33 21
30 34 55
30 35 55
30 36 12
30 37 1
30 38 68
30 39 57
30 40 59
30 41 33
30 42 54
30 43 42
30 44 52
30 45 52
30 46 77
30 47 42
30 48 76
30 49 17
30 50 64
30 51 49
30 52 49
30 53 63
30 54 38
30 55 41
30 56 50
30 57 58
30 58 56
30 59 67
30 60 64
30 61 30
30 62 57
30 63 17
30 64 18
30 65 10
30 66 28
30 67 27
30 68 57
30 69 57
30 70 38
30 71 67
30 72 52
30 73 21
30 74 26
30 75 16
30 76 52
31 1 28
31 2 5
31 3 42
31 4 6
31 5 27
31 6 28
31 7 25
31 8 51
31 9 58
31 10 56
31 11 47
31 12 11
31 13 31
31 14 51
31 15 23
31 16 55
31 17 44
31 18 15
31 19 58
31 20 66
31 21 59
31 22 15
31 23 17
31 24 43
31 25 31
31 26 40
31 27 50
31 28 66
31 29 20
31 30 25
31 31 -1
31 32 14
31 33 10
31 34 34
31 35 29
31 36 36
31 37 25
31 38 52
31 39 35
31 40 36
31 41 17
31 42 40
31 43 16
31 44 26
31 45 27
31 46 60
31 47 31
31 48 59
31 49 42
31 50 63
31 51 51
31 52 23
31 53 69
31 54 45
31 55 25
31 56 24
31 57 62
31 58 33
31 59 70
31 60 60
31 61 36
31 62 35
31 63 30
31 64 41
31 65 34
31 66 37
31 67 30
31 68 59
31 69 35
31 70 28
31 71 65
31 72 28
31 73 12
31 74 45
31 75 10
31 76 46
32 1 15
32 2 16
32 3 56
32 4 13
32 5 13
32 6 42
32 7 12
32 8 54
32 9 65
32 10 67
32 11 50
32 12 5
32 13 45
32 14 61
32 15 37
32 16 67
32 17 51
32 18 22
32 19 68
32 20 76
32 21 61
32 22 5
32 23 27
32 24 57
32 25 25
32 26 42
32 27 63
32 28 77
32 29 34
32 30 39
32 31 14
32 32 -1
32 33 23
32 34 32
32 35 18
32 36 50
32 37 39
32 38 54
32 39 32
32 40 30
32 41 24
32 42 43
32 43 8
32 44 17
32 45 13
32 46 61
32 47 38
32 48 59
32 49 56
32 50 73
32 51 62
32 52 12
32 53 79
32 54 57
32 55 29
32 56 15
32 57 73
32 58 30
32 59 80
32 60 68
32 61 48
32 62 30
32 63 44
32 64 55
32 65 48
32 66 50
32 67 43
32 68 69
32 69 31
32 70 36
32 71 73
32 72 22
32 73 26
32 74 59
32 75 23
32 76 53
33 1 36
33 2 7
33 3 37
33 4 15
33 5 35
33 6 19
33 7 34
33 8 46
33 9 50
33 10 46
33 11 42
33 12 19
33 13 25
33 14 42
33 15 18
33 16 45
33 17 37
33 18 12
33 19 49
33 20 57
33 21 55
33 22 25
33 23 19
33 24 37
33 25 34
33 26 37
33 27 40
33 28 57
33 29 13
33 30 21
33 31 10
33 32 23
33 33 -1
33 34 34
33 35 35
33 36 29
33 37 20
33 38 49
33 39 36
33 40 38
33 41 13
33 42 35
33 43 23
33 44 31
33 45 36
33 46 57
33 47 25
33 48 56
33 49 36
33 50 55
33 51 42
33 52 30
33 53 59
33 54 35
33 55 21
33 56 30
33 57 53
33 58 34
33 59 60
33 60 52
33 61 26
33 62 36
33 63 21
33 64 33
33 65 26
33 66 27
33 67 20
33 68 50
33 69 36
33 70 21
33 71 56
33 72 31
33 73 2
33 74 36
33 75 12
33 76 38
34 1 28
34 2 30
34 3 70
34 4 39
34 5 29
34 6 48
34 7 40
34 8 25
34 9 42
34 10 53
34 11 22
34 12 28
34 13 59
34 14 45
34 15 53
34 16 57
34 17 30
34 18 22
34 19 50
34 20 57
34 21 29
34 22 37
34 23 51
34 24 71
34 25 9
34 26 13
34 27 60
34 28 60
34 29 47
34 30 55
34 31 34
34 32 32
34 33 34
34 34 -1
34 35 21
34 36 61
34 37 55
34 38 23
34 39 2
34 40 7
34 41 22
34 42 17
34 43 24
34 44 18
34 45 35
34 46 29
34 47 22
34 48 27
34 49 69
34 50 53
34 51 48
34 52 23
34 53 64
34 54 50
34 55 16
34 56 19
34 57 58
34 58 2
34 59 62
34 60 46
34 61 45
34 62 4
34 63 50
34 64 63
34 65 59
34 66 48
34 67 41
34 68 52
34 69 3
34 70 25
34 71 51
34 72 10
34 73 34
34 74 63
34 75 44
34 76 34
35 1 7
35 2 28
35 3 71
35 4 31
35 5 9
35 6 54
35 7 21
35 8 46
35 9 62
35 10 70
35 11 43
35 12 18
35 13 60
35 14 62
35 15 52
35 16 72
35 17 49
35 18 27
35 19 68
35 20 76
35 21 50
35 22 22
35 23 44
35 24 72
35 25 12
35 26 34
35 27 71
35 28 78
35 29 48
35 30 55
35 31 29
35 32 18
35 33 35
35 34 21
35 35 -1
35 36 64
35 37 54
35 38 44
35 39 20
35 40 16
35 41 28
35 42 37
35 43 13
35 44 4
35 45 15
35 46 49
35 47 37
35 48 47
35 49 71
35 50 72
35 51 64
35 52 6
35 53 82
35 54 63
35 55 29
35 56 5
35 57 75
35 58 18
35 59 80
35 60 66
35 61 56
35 62 18
35 63 56
35 64 68
35 65 62
35 66 58
35 67 50
35 68 70
35 69 19
35 70 38
35 71 71
35 72 11
35 73 37
35 74 71
35 75 39
35 76 52
36 1 64
36 2 35
36 3 9
36 4 37
36 5 63
36 6 15
36 7 59
36 8 65
36 9 61
36 10 46
36 11 62
36 12 47
36 13 5
36 14 48
36 15 13
36 16 40
36 17 51
36 18 39
36 19 53
36 20 60
36 21 76
36 22 50
36 23 27
36 24 9
36 25 62
36 26 60
36 27 28
36 28 56
36 29 16
36 30 12
36 31 36
36 32 50
36 33 29
36 34 61
36 35 64
36 36 -1
36 37 11
36 38 70
36 39 63
36 40 66
36 41 39
36 42 57
36 43 51
36 44 60
36 45 63
36 46 79
36 47 45
36 48 78
36 49 7
36 50 59
36 51 44
36 52 58
36 53 56
36 54 33
36 55 45
36 56 59
36 57 52
36 58 62
36 59 61
36 60 60
36 61 26
36 62 64
36 63 13
36 64 7
36 65 2
36 66 23
36 67 25
36 68 52
36 69 64
36 70 40
36 71 62
36 72 60
36 73 27
36 74 16
36 75 27
36 76 50
37 1 53
37 2 26
37 3 17
37 4 26
37 5 52
37 6 16
37 7 48
37 8 63
37 9 62
37 10 50
37 11 59
37 12 36
37 13 6
37 14 51
37 15 2
37 16 46
37 17 50
37 18 32
37 19 57
37 20 64
37 21 73
37 22 39
37 23 15
37 24 18
37 25 54
37 26 56
37 27 36
37 28 61
37 29 8
37 30 1
37 31 25
37 32 39
37 33 20
37 34 55
37 35 54
37 36 11
37 37 -1
37 38 67
37 39 56
37 40 59
37 41 33
37 42 53
37 43 41
37 44 51
37 45 52
37 46 76
37 47 42
37 48 75
37 49 17
37 50 63
37 51 48
37 52 48
37 53 62
37 54 37
37 55 40
37 56 49
37 57 57
37 58 55
37 59 66
37 60 63
37 61 29
37 62 57
37 63 16
37 64 18
37 65 10
37 66 27
37 67 26
37 68 56
37 69 57
37 70 37
37 71 66
37 72 51
37 73 20
37 74 26
37 75 16
37 76 51
38 1 51
38 2 48
38 3 80
38 4 58
38 5 52
38 6 55
38 7 63
38 8 7
38 9 27
38 10 45
38 11 9
38 12 50
38 13 70
38 14 36
38 15 65
38 16 51
38 17 22
38 18 38
38 19 39
38 20 43
38 21 7
38 22 59
38 23 68
38 24 80
38 25 32
38 26 12
38 27 59
38 28 49
38 29 59
38 30 68
38 31 52
38 32 54
38 33 49
38 34 23
38 35 44
38 36 70
38 37 67
38 38 -1
38 39 23
38 40 28
38 41 36
38 42 13
38 43 46
38 44 41
38 45 58
38 46 8
38 47 25
38 48 7
38 49 77
38 50 39
38 51 41
38 52 46
38 53 53
38 54 47
38 55 28
38 56 42
38 57 48
38 58 25
38 59 48
38 60 31
38 61 47
38 62 26
38 63 57
38 64 70
38 65 68
38 66 51
38 67 45
38 68 42
38 69 25
38 70 30
38 71 35
38 72 33
38 73 48
38 74 67
38 75 61
38 76 25
39 1 27
39 2 32
39 3 72
39 4 40
39 5 29
39 6 50
39 7 40
39 8 26
39 9 44
39 10 55
39 11 24
39 12 29
39 13 61
39 14 47
39 15 54
39 16 59
39 17 32
39 18 24
39 19 52
39 20 59
39 21 30
39 22 37
39 23 52
39 24 72
39 25 8
39 26 14
39 27 62
39 28 62
39 29 48
39 30 57
39 31 35
39 32 32
39 33 36
39 34 2
39 35 20
39 36 63
39 37 56
39 38 23
39 39 -1
39 40 5
39 41 23
39 42 18
39 43 24
39 44 17
39 45 34
39 46 29
39 47 24
39 48 27
39 49 70
39 50 55
39 51 50
39 52 23
39 53 66
39 54 52
39 55 18
39 56 19
39 57 60
39 58 2
39 59 63
39 60 48
39 61 47
39 62 2
39 63 52
39 64 65
39 65 61
39 66 50
39 67 43
39 68 54
39 69 1
39 70 27
39 71 53
39 72 10
39 73 36
39 74 65
39 75 45
39 76 35
40 1 23
40 2 33
40 3 75
40 4 40
40 5 25
40 6 53
40 7 37
40 8 31
40 9 50
40 10 61
40 11 29
40 12 28
40 13 63
40 14 53
40 15 56
40 16 64
40 17 38
40 18 26
40 19 58
40 20 64
40 21 34
40 22 35
40 23 53
40 24 75
40 25 5
40 26 20
40 27 67
40 28 68
40 29 51
40 30 59
40 31 36
40 32 30
40 33 38
40 34 7
40 35 16
40 36 66
40 37 59
40 38 28
40 39 5
40 40 -1
40 41 26
40 42 24
40 43 22
40 44 14
40 45 31
40 46 33
40 47 29
40 48 31
40 49 73
40 50 60
40 51 56
40 52 20
40 53 72
40 54 57
40 55 23
40 56 16
40 57 66
40 58 5
40 59 69
40 60 54
40 61 52
40 62 3
40 63 55
40 64 69
40 65 64
40 66 55
40 67 47
40 68 60
40 69 4
40 70 32
40 71 59
40 72 8
40 73 38
40 74 69
40 75 46
40 76 41
41 1 31
41 2 12
41 3 48
41 4 23
41 5 31
41 6 26
41 7 36
41 8 34
41 9 42
41 10 43
41 11 30
41 12 19
41 13 37
41 14 37
41 15 31
41 16 44
41 17 27
41 18 2
41 19 44
41 20 52
41 21 43
41 22 28
41 23 31
41 24 48
41 25 23
41 26 24
41 27 42
41 28 53
41 29 24
41 30 33
41 31 17
41 32 24
41 33 13
41 34 22
41 35 28
41 36 39
41 37 33
41 38 36
41 39 23
41 40 26
41 41 -1
41 42 23
41 43 19
41 44 24
41 45 35
41 46 44
41 47 14
41 48 43
41 49 47
41 50 48
41 51 38
41 52 25
41 53 55
41 54 34
41 55 8
41 56 23
41 57 49
41 58 22
41 59 55
41 60 44
41 61 27
41 62 24
41 63 28
41 64 42
41 65 37
41 66 30
41 67 22
41 68 45
41 69 24
41 70 12
41 71 49
41 72 21
41 73 12
41 74 43
41 75 24
41 76 29
42 1 43
42 2 35
42 3 66
42 4 46
42 5 44
42 6 42
42 7 53
42 8 11
42 9 25
42 10 38
42 11 7
42 12 38
42 13 56
42 14 29
42 15 51
42 16 43
42 17 14
42 18 25
42 19 33
42 20 40
42 21 20
42 22 48
42 23 54
42 24 66
42 25 26
42 26 5
42 27 48
42 28 44
42 29 45
42 30 54
42 31 40
42 32 43
42 33 35
42 34 17
42 35 37
42 36 57
42 37 53
42 38 13
42 39 18
42 40 24
42 41 23
42 42 -1
42 43 36
42 44 33
42 45 50
42 46 22
42 47 12
42 48 21
42 49 64
42 50 36
42 51 33
42 52 38
42 53 48
42 54 37
42 55 15
42 56 34
42 57 42
42 58 20
42 59 45
42 60 29
42 61 35
42 62 21
42 63 43
42 64 57
42 65 55
42 66 38
42 67 32
42 68 36
42 69 20
42 70 17
42 71 34
42 72 26
42 73 34
42 74 54
42 75 47
42 76 17
43 1 13
43 2 16
43 3 58
43 4 18
43 5 12
43 6 42
43 7 17
43 8 46
43 9 59
43 10 62
43 11 43
43 12 5
43 13 47
43 14 56
43 15 39
43 16 63
43 17 45
43 18 17
43 19 62
43 20 70
43 21 53
43 22 13
43 23 32
43 24 59
43 25 17
43 26 34
43 27 61
43 28 72
43 29 35
43 30 42
43 31 16
43 32 8
43 33 23
43 34 24
43 35 13
43 36 51
43 37 41
43 38 46
43 39 24
43 40 22
43 41 19
43 42 36
43 43 -1
43 44 10
43 45 15
43 46 53
43 47 32
43 48 51
43 49 58
43 50 67
43 51 57
43 52 7
43 53 75
43 54 54
43 55 23
43 56 8
43 57 68
43 58 22
43 59 74
43 60 62
43 61 46
43 62 22
43 63 44
43 64 56
43 65 49
43 66 48
43 67 40
43 68 64
43 69 23
43 70 31
43 71 67
43 72 14
43 73 25
43 74 59
43 75 26
43 76 47
44 1 10
44 2 25
44 3 68
44 4 29
44 5 11
44 6 50
44 7 23
44 8 42
44 9 58
44 10 65
44 11 39
44 12 16
44 13 56
44 14 58
44 15 49
44 16 67
44 17 45
44 18 23
44 19 64
44 20 71
44 21 47
44 22 21
44 23 42
44 24 69
44 25 9
44 26 30
44 27 67
44 28 74
44 29 44
44 30 52
44 31 26
44 32 17
44 33 31
44 34 18
44 35 4
44 36 60
44 37 51
44 38 41
44 39 17
44 40 14
44 41 24
44 42 33
44 43 10
44 44 -1
44 45 17
44 46 46
44 47 33
44 48 44
44 49 67
44 50 68
44 51 60
44 52 6
44 53 77
44 54 58
44 55 25
44 56 2
44 57 71
44 58 15
44 59 76
44 60 62
44 61 51
44 62 15
44 63 52
44 64 64
44 65 58
44 66 54
44 67 46
44 68 66
44 69 16
44 70 34
44 71 67
44 72 7
44 73 33
44 74 67
44 75 37
44 76 48
45 1 8
45 2 29
45 3 69
45 4 26
45 5 6
45 6 55
45 7 7
45 8 60
45 9 74
45 10 78
45 11 56
45 12 17
45 13 58
45 14 72
45 15 50
45 16 79
45 17 60
45 18 33
45 19 78
45 20 86
45 21 65
45 22 13
45 23 39
45 24 70
45 25 26
45 26 47
45 27 76
45 28 87
45 29 47
45 30 52
45 31 27
45 32 13
45 33 36
45 34 35
45 35 15
45 36 63
45 37 52
45 38 58
45 39 34
45 40 31
45 41 35
45 42 50
45 43 15
45 44 17
45 45 -1
45 46 64
45 47 47
45 48 61
45 49 69
45 50 82
45 51 73
45 52 12
45 53 90
45 54 69
45 55 38
45 56 15
45 57 84
45 58 32
45 59 90
45 60 77
45 61 61
45 62 32
45 63 57
45 64 68
45 65 61
45 66 63
45 67 55
45 68 79
45 69 33
45 70 46
45 71 82
45 72 25
45 73 38
45 74 72
45 75 36
45 76 63
46 1 56
46 2 56
46 3 88
46 4 66
46 5 58
46 6 64
46 7 69
46 8 14
46 9 32
46 10 52
46 11 17
46 12 57
46 13 78
46 14 43
46 15 74
46 16 58
46 17 30
46 18 46
46 19 44
46 20 48
46 21 5
46 22 66
46 23 76
46 24 88
46 25 37
46 26 20
46 27 66
46 28 54
46 29 67
46 30 77
46 31 60
46 32 61
46 33 57
46 34 29
46 35 49
46 36 79
46 37 76
46 38 8
46 39 29
46 40 33
46 41 44
46 42 22
46 43 53
46 44 46
46 45 64
46 46 -1
46 47 34
46 48 2
46 49 86
46 50 44
46 51 48
46 52 52
46 53 58
46 54 55
46 55 36
46 56 48
46 57 53
46 58 31
46 59 53
46 60 36
46 61 56
46 62 31
46 63 65
46 64 79
46 65 77
46 66 59
46 67 54
46 68 47
46 69 30
46 70 39
46 71 40
46 72 39
46 73 56
46 74 75
46 75 69
46 76 32
47 1 42
47 2 26
47 3 54
47 4 37
47 5 43
47 6 30
47 7 49
47 8 21
47 9 27
47 10 32
47 11 17
47 12 33
47 13 44
47 14 25
47 15 40
47 16 35
47 17 13
47 18 16
47 19 31
47 20 38
47 21 31
47 22 42
47 23 44
47 24 54
47 25 28
47 26 15
47 27 38
47 28 41
47 29 33
47 30 42
47 31 31
47 32 38
47 33 25
47 34 22
47 35 37
47 36 45
47 37 42
47 38 25
47 39 24
47 40 29
47 41 14
47 42 12
47 43 32
47 44 33
47 45 47
47 46 34
47 47 -1
47 48 33
47 49 52
47 50 35
47 51 27
47 52 36
47 53 44
47 54 28
47 55 8
47 56 33
47 57 38
47 58 24
47 59 43
47 60 30
47 61 24
47 62 26
47 63 31
47 64 45
47 65 43
47 66 27
47 67 21
47 68 33
47 69 25
47 70 5
47 71 35
47 72 27
47 73 23
47 74 43
47 75 37
47 76 15
48 1 54
48 2 54
48 3 87
48 4 64
48 5 56
48 6 63
48 7 67
48 8 14
48 9 33
48 10 52
48 11 17
48 12 55
48 13 77
48 14 43
48 15 73
48 16 59
48 17 30
48 18 44
48 19 45
48 20 49
48 21 6
48 22 64
48 23 75
48 24 87
48 25 35
48 26 18
48 27 66
48 28 55
48 29 66
48 30 76
48 31 59
48 32 59
48 33 56
48 34 27
48 35 47
48 36 78
48 37 75
48 38 7
48 39 27
48 40 31
48 41 43
48 42 21
48 43 51
48 44 44
48 45 61
48 46 2
48 47 33
48 48 -1
48 49 85
48 50 45
48 51 48
48 52 50
48 53 59
48 54 55
48 55 35
48 56 46
48 57 54
48 58 29
48 59 54
48 60 37
48 61 55
48 62 29
48 63 65
48 64 78
48 65 76
48 66 59
48 67 53
48 68 48
48 69 28
48 70 38
48 71 41
48 72 37
48 73 55
48 74 75
48 75 67
48 76 32
49 1 70
49 2 42
49 3 3
49 4 43
49 5 69
49 6 21
49 7 65
49 8 72
49 9 66
49 10 50
49 11 68
49 12 53
49 13 11
49 14 53
49 15 19
49 16 44
49 17 57
49 18 46
49 19 58
49 20 64
49 21 83
49 22 56
49 23 31
49 24 2
49 25 69
49 26 67
49 27 32
49 28 60
49 29 23
49 30 17
49 31 42
49 32 56
49 33 36
49 34 69
49 35 71
49 36 7
49 37 17
49 38 77
49 39 70
49 40 73
49 41 47
49 42 64
49 43 58
49 44 67
49 45 69
49 46 86
49 47 52
49 48 85
49 49 -1
49 50 64
49 51 49
49 52 65
49 53 60
49 54 38
49 55 53
49 56 66
49 57 56
49 58 69
49 59 65
49 60 66
49 61 32
49 62 71
49 63 20
49 64 9
49 65 9
49 66 29
49 67 32
49 68 56
49 69 71
49 70 47
49 71 68
49 72 67
49 73 34
49 74 18
49 75 33
49 76 57
50 1 77
50 2 59
50 3 67
50 4 69
50 5 78
50 6 47
50 7 84
50 8 32
50 9 12
50 10 14
50 11 32
50 12 68
50 13 62
50 14 12
50 15 62
50 16 21
50 17 22
50 18 51
50 19 6
50 20 4
50 21 39
50 22 77
50 23 72
50 24 66
50 25 61
50 26 40
50 27 34
50 28 10
50 29 56
50 30 64
50 31 63
50 32 73
50 33 55
50 34 53
50 35 72
50 36 59
50 37 63
50 38 39
50 39 55
50 40 60
50 41 48
50 42 36
50 43 67
50 44 68
50 45 82
50 46 44
50 47 35
50 48 45
50 49 64
50 50 -1
50 51 15
50 52 71
50 53 14
50 54 26
50 55 43
50 56 68
50 57 11
50 58 56
50 59 9
50 60 8
50 61 34
50 62 57
50 63 47
50 64 55
50 65 58
50 66 36
50 67 37
50 68 7
50 69 56
50 70 36
50 71 5
50 72 61
50 73 52
50 74 47
50 75 66
50 76 19
51 1 69
51 2 47
51 3 52
51 4 57
51 5 69
51 6 32
51 7 74
51 8 34
51 9 19
51 10 5
51 11 32
51 12 57
51 13 47
51 14 5
51 15 47
51 16 10
51 17 19
51 18 40
51 19 9
51 20 16
51 21 43
51 22 65
51 23 58
51 24 51
51 25 55
51 26 38
51 27 20
51 28 15
51 29 42
51 30 49
51 31 51
51 32 62
51 33 42
51 34 48
51 35 64
51 36 44
51 37 48
51 38 41
51 39 50
51 40 56
51 41 38
51 42 33
51 43 57
51 44 60
51 45 73
51 46 48
51 47 27
51 48 48
51 49 49
51 50 15
51 51 -1
51 52 62
51 53 17
51 54 11
51 55 35
51 56 60
51 57 11
51 58 50
51 59 18
51 60 17
51 61 19
51 62 52
51 63 32
51 64 40
51 65 43
51 66 21
51 67 23
51 68 8
51 69 51
51 70 26
51 71 18
51 72 54
51 73 39
51 74 33
51 75 52
51 76 16
52 1 6
52 2 23
52 3 65
52 4 24
52 5 7
52 6 49
52 7 17
52 8 47
52 9 62
52 10 67
52 11 44
52 12 12
52 13 54
52 14 61
52 15 46
52 16 69
52 17 48
52 18 23
52 19 67
52 20 75
52 21 53
52 22 16
52 23 38
52 24 66
52 25 15
52 26 35
52 27 67
52 28 77
52 29 42
52 30 49
52 31 23
52 32 12
52 33 30
52 34 23
52 35 6
52 36 58
52 37 48
52 38 46
52 39 23
52 40 20
52 41 25
52 42 38
52 43 7
52 44 6
52 45 12
52 46 52
52 47 36
52 48 50
52 49 65
52 50 71
52 51 62
52 52 -1
52 53 80
52 54 60
52 55 27
52 56 4
52 57 73
52 58 21
52 59 79
52 60 65
52 61 52
52 62 21
52 63 51
52 64 63
52 65 56
52 66 54
52 67 46
52 68 69
52 69 22
52 70 36
52 71 70
52 72 13
52 73 32
52 74 66
52 75 33
52 76 51
53 1 86
53 2 64
53 3 63
53 4 74
53 5 87
53 6 46
53 7 91
53 8 46
53 9 26
53 10 12
53 11 45
53 12 74
53 13 60
53 14 19
53 15 62
53 16 16
53 17 33
53 18 58
53 19 14
53 20 10
53 21 53
53 22 83
53 23 74
53 24 62
53 25 72
53 26 52
53 27 28
53 28 4
53 29 57
53 30 63
53 31 69
53 32 79
53 33 59
53 34 64
53 35 82
53 36 56
53 37 62
53 38 53
53 39 66
53 40 72
53 41 55
53 42 48
53 43 75
53 44 77
53 45 90
53 46 58
53 47 44
53 48 59
53 49 60
53 50 14
53 51 17
53 52 80
53 53 -1
53 54 25
53 55 52
53 56 77
53 57 6
53 58 67
53 59 7
53 60 22
53 61 34
53 62 69
53 63 46
53 64 51
53 65 55
53 66 35
53 67 39
53 68 11
53 69 67
53 70 44
53 71 18
53 72 71
53 73 56
53 74 42
53 75 68
53 76 30
54 1 66
54 2 41
54 3 41
54 4 50
54 5 66
54 6 21
54 7 69
54 8 41
54 9 29
54 10 13
54 11 38
54 12 52
54 13 36
54 14 15
54 15 37
54 16 9
54 17 25
54 18 36
54 19 20
54 20 27
54 21 51
54 22 60
54 23 49
54 24 40
54 25 55
54 26 41
54 27 11
54 28 23
54 29 32
54 30 38
54 31 45
54 32 57
54 33 35
54 34 50
54 35 63
54 36 33
54 37 37
54 38 47
54 39 52
54 40 57
54 41 34
54 42 37
54 43 54
54 44 58
54 45 69
54 46 55
54 47 28
54 48 55
54 49 38
54 50 26
54 51 11
54 52 60
54 53 25
54 54 -1
54 55 34
54 56 58
54 57 19
54 58 52
54 59 28
54 60 28
54 61 9
54 62 54
54 63 21
54 64 29
54 65 32
54 66 10
54 67 14
54 68 19
54 69 53
54 70 25
54 71 30
54 72 54
54 73 32
54 74 21
54 75 44
54 76 23
55 1 34
55 2 20
55 3 54
55 4 31
55 5 34
55 6 31
55 7 41
55 8 26
55 9 35
55 10 40
55 11 22
55 12 25
55 13 43
55 14 33
55 15 38
55 16 43
55 17 21
55 18 10
55 19 39
55 20 47
55 21 35
55 22 34
55 23 39
55 24 55
55 25 21
55 26 16
55 27 44
55 28 49
55 29 31
55 30 41
55 31 25
55 32 29
55 33 21
55 34 16
55 35 29
55 36 45
55 37 40
55 38 28
55 39 18
55 40 23
55 41 8
55 42 15
55 43 23
55 44 25
55 45 38
55 46 36
55 47 8
55 48 35
55 49 53
55 50 43
55 51 35
55 52 27
55 53 52
55 54 34
55 55 -1
55 56 25
55 57 46
55 58 18
55 59 51
55 60 38
55 61 29
55 62 20
55 63 33
55 64 47
55 65 43
55 66 32
55 67 24
55 68 41
55 69 19
55 70 9
55 71 43
55 72 19
55 73 20
55 74 46
55 75 32
55 76 24
56 1 9
56 2 23
56 3 67
56 4 27
56 5 10
56 6 49
56 7 21
56 8 44
56 9 59
56 10 65
56 11 41
56 12 14
56 13 55
56 14 58
56 15 47
56 16 67
56 17 45
56 18 22
56 19 64
56 20 72
56 21 49
56 22 19
56 23 40
56 24 67
56 25 11
56 26 32
56 27 66
56 28 74
56 29 43
56 30 50
56 31 24
56 32 15
56 33 30
56 34 19
56 35 5
56 36 59
56 37 49
56 38 42
56 39 19
56 40 16
56 41 23
56 42 34
56 43 8
56 44 2
56 45 15
56 46 48
56 47 33
56 48 46
56 49 66
56 50 68
56 51 60
56 52 4
56 53 77
56 54 58
56 55 25
56 56 -1
56 57 71
56 58 17
56 59 76
56 60 62
56 61 51
56 62 17
56 63 51
56 64 63
56 65 57
56 66 53
56 67 45
56 68 66
56 69 18
56 70 34
56 71 67
56 72 9
56 73 32
56 74 66
56 75 35
56 76 48
57 1 80
57 2 58
57 3 59
57 4 68
57 5 80
57 6 41
57 7 85
57 8 41
57 9 21
57 10 6
57 11 40
57 12 68
57 13 55
57 14 13
57 15 57
57 16 12
57 17 27
57 18 51
57 19 9
57 20 9
57 21 48
57 22 77
57 23 68
57 24 58
57 25 66
57 26 47
57 27 24
57 28 4
57 29 52
57 30 58
57 31 62
57 32 73
57 33 53
57 34 58
57 35 75
57 36 52
57 37 57
57 38 48
57 39 60
57 40 66
57 41 49
57 42 42
57 43 68
57 44 71
57 45 84
57 46 53
57 47 38
57 48 54
57 49 56
57 50 11
57 51 11
57 52 73
57 53 6
57 54 19
57 55 46
57 56 71
57 57 -1
57 58 61
57 59 9
57 60 18
57 61 28
57 62 62
57 63 41
57 64 47
57 65 51
57 66 29
57 67 33
57 68 6
57 69 61
57 70 37
57 71 16
57 72 65
57 73 50
57 74 38
57 75 63
57 76 24
58 1 25
58 2 30
58 3 71
58 4 38
58 5 27
58 6 49
58 7 38
58 8 28
58 9 45
58 10 56
58 11 25
58 12 27
58 13 59
58 14 48
58 15 53
58 16 59
58 17 33
58 18 23
58 19 53
58 20 60
58 21 32
58 22 35
58 23 50
58 24 71
58 25 6
58 26 16
58 27 62
58 28 63
58 29 47
58 30 56
58 31 33
58 32 30
58 33 34
58 34 2
58 35 18
58 36 62
58 37 55
58 38 25
58 39 2
58 40 5
58 41 22
58 42 20
58 43 22
58 44 15
58 45 32
58 46 31
58 47 24
58 48 29
58 49 69
58 50 56
58 51 50
58 52 21
58 53 67
58 54 52
58 55 18
58 56 17
58 57 61
58 58 -1
58 59 64
58 60 49
58 61 47
58 62 2
58 63 51
58 64 65
58 65 60
58 66 50
58 67 42
58 68 55
58 69 1
58 70 27
58 71 54
58 72 8
58 73 35
58 74 65
58 75 44
58 76 36
59 1 85
59 2 65
59 3 68
59 4 75
59 5 86
59 6 50
59 7 92
59 8 41
59 9 21
59 10 15
59 11 41
59 12 75
59 13 64
59 14 18
59 15 65
59 16 21
59 17 31
59 18 58
59 19 12
59 20 5
59 21 48
59 22 84
59 23 76
59 24 67
59 25 70
59 26 49
59 27 33
59 28 5
59 29 60
59 30 67
59 31 70
59 32 80
59 33 60
59 34 62
59 35 80
59 36 61
59 37 66
59 38 48
59 39 63
59 40 69
59 41 55
59 42 45
59 43 74
59 44 76
59 45 90
59 46 53
59 47 43
59 48 54
59 49 65
59 50 9
59 51 18
59 52 79
59 53 7
59 54 28
59 55 51
59 56 76
59 57 9
59 58 64
59 59 -1
59 60 17
59 61 37
59 62 66
59 63 49
59 64 56
59 65 60
59 66 38
59 67 41
59 68 10
59 69 65
59 70 43
59 71 13
59 72 69
59 73 58
59 74 47
59 75 71
59 76 28
60 1 72
60 2 55
60 3 69
60 4 66
60 5 73
60 6 47
60 7 80
60 8 24
60 9 4
60 10 19
60 11 25
60 12 63
60 13 62
60 14 13
60 15 62
60 16 26
60 17 17
60 18 46
60 19 10
60 20 12
60 21 31
60 22 72
60 23 70
60 24 68
60 25 55
60 26 33
60 27 38
60 28 18
60 29 56
60 30 64
60 31 60
60 32 68
60 33 52
60 34 46
60 35 66
60 36 60
60 37 63
60 38 31
60 39 48
60 40 54
60 41 44
60 42 29
60 43 62
60 44 62
60 45 77
60 46 36
60 47 30
60 48 37
60 49 66
60 50 8
60 51 17
60 52 65
60 53 22
60 54 28
60 55 38
60 56 62
60 57 18
60 58 49
60 59 17
60 60 -1
60 61 34
60 62 51
60 63 47
60 64 57
60 65 59
60 66 37
60 67 37
60 68 13
60 69 49
60 70 32
60 71 5
60 72 55
60 73 50
60 74 50
60 75 64
60 76 14
61 1 59
61 2 32
61 3 34
61 4 41
61 5 58
61 6 13
61 7 60
61 8 41
61 9 34
61 10 22
61 11 38
61 12 44
61 13 28
61 14 22
61 15 28
61 16 19
61 17 26
61 18 29
61 19 28
61 20 35
61 21 52
61 22 51
61 23 39
61 24 34
61 25 50
61 26 39
61 27 15
61 28 32
61 29 23
61 30 30
61 31 36
61 32 48
61 33 26
61 34 45
61 35 56
61 36 26
61 37 29
61 38 47
61 39 47
61 40 52
61 41 27
61 42 35
61 43 46
61 44 51
61 45 61
61 46 56
61 47 24
61 48 55
61 49 32
61 50 34
61 51 19
61 52 52
61 53 34
61 54 9
61 55 29
61 56 51
61 57 28
61 58 47
61 59 37
61 60 34
61 61 -1
61 62 49
61 63 13
61 64 23
61 65 24
61 66 3
61 67 5
61 68 27
61 69 48
61 70 20
61 71 37
61 72 48
61 73 23
61 74 19
61 75 34
61 76 25
62 1 25
62 2 31
62 3 73
62 4 39
62 5 26
62 6 51
62 7 38
62 8 29
62 9 47
62 10 58
62 11 26
62 12 27
62 13 61
62 14 49
62 15 55
62 16 61
62 17 35
62 18 24
62 19 55
62 20 61
62 21 32
62 22 35
62 23 52
62 24 73
62 25 6
62 26 17
62 27 64
62 28 65
62 29 49
62 30 57
62 31 35
62 32 30
62 33 36
62 34 4
62 35 18
62 36 64
62 37 57
62 38 26
62 39 2
62 40 3
62 41 24
62 42 21
62 43 22
62 44 15
62 45 32
62 46 31
62 47 26
62 48 29
62 49 71
62 50 57
62 51 52
62 52 21
62 53 69
62 54 54
62 55 20
62 56 17
62 57 62
62 58 2
62 59 66
62 60 51
62 61 49
62 62 -1
62 63 53
62 64 66
62 65 62
62 66 52
62 67 44
62 68 57
62 69 1
62 70 29
62 71 56
62 72 8
62 73 36
62 74 66
62 75 45
62 76 38
63 1 57
63 2 28
63 3 23
63 4 34
63 5 56
63 6 2
63 7 55
63 8 52
63 9 47
63 10 34
63 11 48
63 12 40
63 13 15
63 14 35
63 15 16
63 16 30
63 17 37
63 18 29
63 19 41
63 20 48
63 21 62
63 22 46
63 23 29
63 24 22
63 25 52
63 26 47
63 27 21
63 28 45
63 29 12
63 30 17
63 31 30
63 32 44
63 33 21
63 34 50
63 35 56
63 36 13
63 37 16
63 38 57
63 39 52
63 40 55
63 41 28
63 42 43
63 43 44
63 44 52
63 45 57
63 46 65
63 47 31
63 48 65
63 49 20
63 50 47
63 51 32
63 52 51
63 53 46
63 54 21
63 55 33
63 56 51
63 57 41
63 58 51
63 59 49
63 60 47
63 61 13
63 62 53
63 63 -1
63 64 13
63 65 12
63 66 11
63 67 11
63 68 40
63 69 52
63 70 27
63 71 50
63 72 50
63 73 19
63 74 15
63 75 25
63 76 37
64 1 69
64 2 40
64 3 12
64 4 42
64 5 68
64 6 15
64 7 65
64 8 65
64 9 58
64 10 41
64 11 61
64 12 52
64 13 12
64 14 44
64 15 19
64 16 35
64 17 50
64 18 42
64 19 49
64 20 55
64 21 75
64 22 55
64 23 34
64 24 11
64 25 65
64 26 61
64 27 23
64 28 51
64 29 21
64 30 18
64 31 41
64 32 55
64 33 33
64 34 63
64 35 68
64 36 7
64 37 18
64 38 70
64 39 65
64 40 69
64 41 42
64 42 57
64 43 56
64 44 64
64 45 68
64 46 79
64 47 45
64 48 78
64 49 9
64 50 55
64 51 40
64 52 63
64 53 51
64 54 29
64 55 47
64 56 63
64 57 47
64 58 65
64 59 56
64 60 57
64 61 23
64 62 66
64 63 13
64 64 -1
64 65 8
64 66 20
64 67 24
64 68 47
64 69 66
64 70 40
64 71 59
64 72 63
64 73 31
64 74 9
64 75 33
64 76 49
65 1 62
65 2 33
65 3 11
65 4 35
65 5 61
65 6 13
65 7 57
65 8 63
65 9 59
65 10 45
65 11 60
65 12 45
65 13 5
65 14 46
65 15 11
65 16 39
65 17 49
65 18 37
65 19 52
65 20 59
65 21 74
65 22 48
65 23 25
65 24 11
65 25 60
65 26 58
65 27 28
65 28 55
65 29 14
65 30 10
65 31 34
65 32 48
65 33 26
65 34 59
65 35 62
65 36 2
65 37 10
65 38 68
65 39 61
65 40 64
65 41 37
65 42 55
65 43 49
65 44 58
65 45 61
65 46 77
65 47 43
65 48 76
65 49 9
65 50 58
65 51 43
65 52 56
65 53 55
65 54 32
65 55 43
65 56 57
65 57 51
65 58 60
65 59 60
65 60 59
65 61 24
65 62 62
65 63 12
65 64 8
65 65 -1
65 66 22
65 67 23
65 68 51
65 69 61
65 70 38
65 71 61
65 72 57
65 73 25
65 74 16
65 75 25
65 76 49
66 1 61
66 2 34
66 3 31
66 4 41
66 5 61
66 6 11
66 7 62
66 8 45
66 9 37
66 10 23
66 11 42
66 12 46
66 13 26
66 14 24
66 15 27
66 16 19
66 17 29
66 18 31
66 19 30
66 20 37
66 21 55
66 22 53
66 23 39
66 24 31
66 25 53
66 26 43
66 27 13
66 28 33
66 29 22
66 30 28
66 31 37
66 32 50
66 33 27
66 34 48
66 35 58
66 36 23
66 37 27
66 38 51
66 39 50
66 40 55
66 41 30
66 42 38
66 43 48
66 44 54
66 45 63
66 46 59
66 47 27
66 48 59
66 49 29
66 50 36
66 51 21
66 52 54
66 53 35
66 54 10
66 55 32
66 56 53
66 57 29
66 58 50
66 59 38
66 60 37
66 61 3
66 62 52
66 63 11
66 64 20
66 65 22
66 66 -1
66 67 8
66 68 29
66 69 51
66 70 23
66 71 39
66 72 51
66 73 24
66 74 15
66 75 34
66 76 28
67 1 53
67 2 26
67 3 34
67 4 35
67 5 53
67 6 10
67 7 54
67 8 40
67 9 36
67 10 26
67 11 36
67 12 38
67 13 26
67 14 25
67 15 25
67 16 24
67 17 25
67 18 23
67 19 31
67 20 39
67 21 51
67 22 45
67 23 35
67 24 34
67 25 45
67 26 36
67 27 20
67 28 37
67 29 19
67 30 27
67 31 30
67 32 43
67 33 20
67 34 41
67 35 50
67 36 25
67 37 26
67 38 45
67 39 43
67 40 47
67 41 22
67 42 32
67 43 40
67 44 46
67 45 55
67 46 54
67 47 21
67 48 53
67 49 32
67 50 37
67 51 23
67 52 46
67 53 39
67 54 14
67 55 24
67 56 45
67 57 33
67 58 42
67 59 41
67 60 37
67 61 5
67 62 44
67 63 11
67 64 24
67 65 23
67 66 8
67 67 -1
67 68 31
67 69 43
67 70 16
67 71 40
67 72 43
67 73 17
67 74 22
67 75 29
67 76 25
68 1 75
68 2 54
68 3 59
68 4 65
68 5 76
68 6 40
68 7 81
68 8 35
68 9 16
68 10 6
68 11 34
68 12 64
68 13 55
68 14 7
68 15 55
68 16 14
68 17 22
68 18 47
68 19 3
68 20 8
68 21 42
68 22 73
68 23 66
68 24 59
68 25 60
68 26 41
68 27 26
68 28 8
68 29 50
68 30 57
68 31 59
68 32 69
68 33 50
68 34 52
68 35 70
68 36 52
68 37 56
68 38 42
68 39 54
68 40 60
68 41 45
68 42 36
68 43 64
68 44 66
68 45 79
68 46 47
68 47 33
68 48 48
68 49 56
68 50 7
68 51 8
68 52 69
68 53 11
68 54 19
68 55 41
68 56 66
68 57 6
68 58 55
68 59 10
68 60 13
68 61 27
68 62 57
68 63 40
68 64 47
68 65 51
68 66 29
68 67 31
68 68 -1
68 69 56
68 70 33
68 71 12
68 72 60
68 73 47
68 74 39
68 75 60
68 76 18
69 1 26
69 2 31
69 3 72
69 4 39
69 5 27
69 6 50
69 7 39
69 8 27
69 9 45
69 10 57
69 11 25
69 12 28
69 13 61
69 14 48
69 15 54
69 16 60
69 17 34
69 18 24
69 19 53
69 20 60
69 21 31
69 22 36
69 23 52
69 24 73
69 25 7
69 26 16
69 27 63
69 28 64
69 29 48
69 30 57
69 31 35
69 32 31
69 33 36
69 34 3
69 35 19
69 36 64
69 37 57
69 38 25
69 39 1
69 40 4
69 41 24
69 42 20
69 43 23
69 44 16
69 45 33
69 46 30
69 47 25
69 48 28
69 49 71
69 50 56
69 51 51
69 52 22
69 53 67
69 54 53
69 55 19
69 56 18
69 57 61
69 58 1
69 59 65
69 60 49
69 61 48
69 62 1
69 63 52
69 64 66
69 65 61
69 66 51
69 67 43
69 68 56
69 69 -1
69 70 28
69 71 54
69 72 9
69 73 36
69 74 66
69 75 45
69 76 37
70 1 42
70 2 23
70 3 49
70 4 34
70 5 43
70 6 25
70 7 48
70 8 26
70 9 30
70 10 31
70 11 22
70 12 31
70 13 39
70 14 25
70 15 35
70 16 33
70 17 16
70 18 14
70 19 31
70 20 39
70 21 36
70 22 40
70 23 40
70 24 49
70 25 30
70 26 20
70 27 35
70 28 41
70 29 28
70 30 38
70 31 28
70 32 36
70 33 21
70 34 25
70 35 38
70 36 40
70 37 37
70 38 30
70 39 27
70 40 32
70 41 12
70 42 17
70 43 31
70 44 34
70 45 46
70 46 39
70 47 5
70 48 38
70 49 47
70 50 36
70 51 26
70 52 36
70 53 44
70 54 25
70 55 9
70 56 34
70 57 37
70 58 27
70 59 43
70 60 32
70 61 20
70 62 29
70 63 27
70 64 40
70 65 38
70 66 23
70 67 16
70 68 33
70 69 28
70 70 -1
70 71 37
70 72 28
70 73 19
70 74 39
70 75 33
70 76 18
71 1 77
71 2 60
71 3 71
71 4 70
71 5 77
71 6 50
71 7 84
71 8 29
71 9 8
71 10 18
71 11 29
71 12 68
71 13 65
71 14 15
71 15 65
71 16 26
71 17 22
71 18 51
71 19 9
71 20 8
71 21 35
71 22 77
71 23 74
71 24 70
71 25 60
71 26 38
71 27 38
71 28 15
71 29 59
71 30 67
71 31 65
71 32 73
71 33 56
71 34 51
71 35 71
71 36 62
71 37 66
71 38 35
71 39 53
71 40 59
71 41 49
71 42 34
71 43 67
71 44 67
71 45 82
71 46 40
71 47 35
71 48 41
71 49 68
71 50 5
71 51 18
71 52 70
71 53 18
71 54 30
71 55 43
71 56 67
71 57 16
71 58 54
71 59 13
71 60 5
71 61 37
71 62 56
71 63 50
71 64 59
71 65 61
71 66 39
71 67 40
71 68 12
71 69 54
71 70 37
71 71 -1
71 72 60
71 73 54
71 74 51
71 75 67
71 76 19
72 1 17
72 2 25
72 3 68
72 4 32
72 5 19
72 6 48
72 7 30
72 8 35
72 9 51
72 10 60
72 11 32
72 12 20
72 13 56
72 14 52
72 15 49
72 16 62
72 17 38
72 18 20
72 19 57
72 20 65
72 21 40
72 22 27
72 23 45
72 24 68
72 25 2
72 26 23
72 27 63
72 28 68
72 29 44
72 30 52
72 31 28
72 32 22
72 33 31
72 34 10
72 35 11
72 36 60
72 37 51
72 38 33
72 39 10
72 40 8
72 41 21
72 42 26
72 43 14
72 44 7
72 45 25
72 46 39
72 47 27
72 48 37
72 49 67
72 50 61
72 51 54
72 52 13
72 53 71
72 54 54
72 55 19
72 56 9
72 57 65
72 58 8
72 59 69
72 60 55
72 61 48
72 62 8
72 63 50
72 64 63
72 65 57
72 66 51
72 67 43
72 68 60
72 69 9
72 70 28
72 71 60
72 72 -1
72 73 32
72 74 64
72 75 38
72 76 41
73 1 38
73 2 9
73 3 36
73 4 17
73 5 37
73 6 17
73 7 37
73 8 44
73 9 48
73 10 43
73 11 40
73 12 21
73 13 24
73 14 40
73 15 18
73 16 42
73 17 35
73 18 12
73 19 47
73 20 55
73 21 54
73 22 28
73 23 21
73 24 36
73 25 34
73 26 36
73 27 37
73 28 54
73 29 12
73 30 21
73 31 12
73 32 26
73 33 2
73 34 34
73 35 37
73 36 27
73 37 20
73 38 48
73 39 36
73 40 38
73 41 12
73 42 34
73 43 25
73 44 33
73 45 38
73 46 56
73 47 23
73 48 55
73 49 34
73 50 52
73 51 39
73 52 32
73 53 56
73 54 32
73 55 20
73 56 32
73 57 50
73 58 35
73 59 58
73 60 50
73 61 23
73 62 36
73 63 19
73 64 31
73 65 25
73 66 24
73 67 17
73 68 47
73 69 36
73 70 19
73 71 54
73 72 32
73 73 -1
73 74 34
73 75 14
73 76 36
74 1 72
74 2 43
74 3 21
74 4 48
74 5 71
74 6 17
74 7 70
74 8 61
74 9 51
74 10 33
74 11 57
74 12 55
74 13 21
74 14 37
74 15 27
74 16 26
74 17 45
74 18 44
74 19 41
74 20 47
74 21 71
74 22 61
74 23 41
74 24 20
74 25 66
74 26 59
74 27 14
74 28 42
74 29 26
74 30 26
74 31 45
74 32 59
74 33 36
74 34 63
74 35 71
74 36 16
74 37 26
74 38 67
74 39 65
74 40 69
74 41 43
74 42 54
74 43 59
74 44 67
74 45 72
74 46 75
74 47 43
74 48 75
74 49 18
74 50 47
74 51 33
74 52 66
74 53 42
74 54 21
74 55 46
74 56 66
74 57 38
74 58 65
74 59 47
74 60 50
74 61 19
74 62 66
74 63 15
74 64 9
74 65 16
74 66 15
74 67 22
74 68 39
74 69 66
74 70 39
74 71 51
74 72 64
74 73 34
74 74 -1
74 75 39
74 76 43
75 1 38
75 2 13
75 3 33
75 4 10
75 5 36
75 6 24
75 7 32
75 8 58
75 9 62
75 10 56
75 11 54
75 12 21
75 13 22
75 14 53
75 15 14
75 16 53
75 17 49
75 18 22
75 19 60
75 20 68
75 21 67
75 22 23
75 23 7
75 24 34
75 25 41
75 26 49
75 27 46
75 28 67
75 29 13
75 30 16
75 31 10
75 32 23
75 33 12
75 34 44
75 35 39
75 36 27
75 37 16
75 38 61
75 39 45
75 40 46
75 41 24
75 42 47
75 43 26
75 44 37
75 45 36
75 46 69
75 47 37
75 48 67
75 49 33
75 50 66
75 51 52
75 52 33
75 53 68
75 54 44
75 55 32
75 56 35
75 57 63
75 58 44
75 59 71
75 60 64
75 61 34
75 62 45
75 63 25
75 64 33
75 65 25
75 66 34
75 67 29
75 68 60
75 69 45
75 70 33
75 71 67
75 72 38
75 73 14
75 74 39
75 75 -1
75 76 50
76 1 58
76 2 41
76 3 59
76 4 52
76 5 58
76 6 36
76 7 65
76 8 18
76 9 12
76 10 21
76 11 16
76 12 48
76 13 51
76 14 12
76 15 49
76 16 26
76 17 3
76 18 32
76 19 16
76 20 23
76 21 28
76 22 58
76 23 57
76 24 59
76 25 42
76 26 22
76 27 34
76 28 26
76 29 43
76 30 52
76 31 46
76 32 53
76 33 38
76 34 34
76 35 52
76 36 50
76 37 51
76 38 25
76 39 35
76 40 41
76 41 29
76 42 17
76 43 47
76 44 48
76 45 63
76 46 32
76 47 15
76 48 32
76 49 57
76 50 19
76 51 16
76 52 51
76 53 30
76 54 23
76 55 24
76 56 48
76 57 24
76 58 36
76 59 28
76 60 14
76 61 25
76 62 38
76 63 37
76 64 49
76 65 49
76 66 28
76 67 25
76 68 18
76 69 37
76 70 18
76 71 19
76 72 41
76 73 36
76 74 43
76 75 50
76 76 -1
