72 34
72 35
72 69
72 39
72 40
72 43
72 44
72 52
72 56
72 25
72 58
72 62
25 34
25 35
25 69
25 39
25 40
25 72
25 44
25 52
25 56
25 58
25 62
56 1
56 35
56 5
56 72
56 43
56 12
56 44
56 52
56 25
17 9
17 42
17 11
17 76
17 47
64 65
64 3
64 36
64 74
64 13
64 49
64 24
64 63
3 64
3 65
3 36
3 13
3 49
3 24
60 68
60 71
60 9
60 76
60 14
60 50
60 19
60 20
7 32
7 1
7 5
7 45
7 22
16 68
16 10
16 51
16 54
16 57
16 27
27 16
27 66
27 74
27 54
59 68
59 71
59 50
59 19
59 20
59 53
59 57
59 28
61 66
61 67
61 6
61 54
61 63
62 34
62 69
62 39
62 40
62 72
62 25
62 58
42 38
42 8
42 11
42 47
42 17
42 26
19 68
19 71
19 9
19 10
19 14
19 60
19 50
19 51
19 20
19 53
19 57
19 59
19 28
44 1
44 35
44 5
44 40
44 72
44 43
44 52
44 56
44 25
24 64
24 65
24 3
24 36
24 13
24 49
74 64
74 27
34 58
34 69
34 39
34 40
34 72
34 25
34 26
34 62
13 64
13 65
13 3
13 36
13 37
13 15
13 49
13 24
13 29
13 30
29 33
29 65
29 37
29 6
29 73
29 75
29 13
29 15
29 30
29 63
2 33
2 4
2 41
2 73
2 75
2 12
2 18
2 31
76 9
76 60
76 14
76 17
57 68
57 10
57 14
57 16
57 50
57 19
57 20
57 51
57 53
57 59
57 28
28 68
28 10
28 50
28 51
28 19
28 20
28 53
28 57
28 59
12 32
12 2
12 4
12 43
12 52
12 22
12 56
12 31
32 4
32 5
32 7
32 43
32 12
32 45
32 52
32 22
32 31
53 68
53 10
53 50
53 19
53 20
53 57
53 59
53 28
15 65
15 36
15 37
15 75
15 13
15 23
15 29
15 30
41 33
41 2
41 70
41 73
41 47
41 18
41 55
20 68
20 71
20 10
20 14
20 60
20 50
20 19
20 53
20 57
20 59
20 28
14 68
14 9
14 10
14 76
14 50
14 19
14 20
14 51
14 57
14 60
38 8
38 42
38 11
38 46
38 48
38 21
38 26
35 1
35 5
35 72
35 43
35 44
35 45
35 52
35 56
35 25
30 65
30 36
30 37
30 13
30 15
30 29
65 64
65 3
65 36
65 37
65 6
65 13
65 15
65 49
65 24
65 29
65 30
65 63
75 33
75 2
75 4
75 73
75 15
75 23
75 29
75 31
69 34
69 39
69 40
69 72
69 25
69 58
69 62
