1 1 -1
1 2 17
1 3 10
1 4 16
1 5 11
1 6 33
1 7 16
1 8 32
1 9 10
1 10 40
1 11 22
1 12 13
1 13 27
1 14 16
1 15 6
1 16 21
1 17 18
1 18 15
1 19 12
1 20 27
1 21 25
1 22 16
1 23 37
1 24 5
1 25 25
1 26 36
1 27 30
1 28 3
1 29 9
1 30 8
1 31 28
1 32 18
1 33 22
1 34 27
1 35 22
1 36 16
1 37 20
1 38 19
1 39 29
1 40 8
1 41 14
1 42 25
1 43 20
1 44 27
1 45 38
2 1 17
2 2 -1
2 3 24
2 4 21
2 5 19
2 6 19
2 7 17
2 8 34
2 9 8
2 10 38
2 11 10
2 12 18
2 13 9
2 14 1
2 15 24
2 16 12
2 17 16
2 18 2
2 19 7
2 20 11
2 21 35
2 22 2
2 23 26
2 24 17
2 25 31
2 26 19
2 27 35
2 28 19
2 29 17
2 30 16
2 31 17
2 32 23
2 33 10
2 34 19
2 35 32
2 36 29
2 37 7
2 38 14
2 39 14
2 40 16
2 41 24
2 42 15
2 43 34
2 44 24
2 45 31
3 1 10
3 2 24
3 3 -1
3 4 26
3 5 21
3 6 35
3 7 13
3 8 24
3 9 19
3 10 33
3 11 24
3 12 24
3 13 32
3 14 22
3 15 10
3 16 31
3 17 16
3 18 21
3 19 21
3 20 31
3 21 14
3 22 23
3 23 36
3 24 7
3 25 16
3 26 41
3 27 21
3 28 12
3 29 7
3 30 18
3 31 28
3 32 12
3 33 31
3 34 25
3 35 12
3 36 6
3 37 24
3 38 18
3 39 33
3 40 7
3 41 5
3 42 25
3 43 10
3 44 23
3 45 34
4 1 16
4 2 21
4 3 26
4 4 -1
4 5 4
4 6 40
4 7 30
4 8 47
4 9 13
4 10 54
4 11 31
4 12 3
4 13 29
4 14 20
4 15 18
4 16 14
4 17 31
4 18 20
4 19 14
4 20 32
4 21 41
4 22 19
4 23 46
4 24 20
4 25 41
4 26 39
4 27 46
4 28 13
4 29 24
4 30 7
4 31 37
4 32 33
4 33 16
4 34 38
4 35 38
4 36 31
4 37 27
4 38 30
4 39 35
4 40 24
4 41 30
4 42 35
4 43 35
4 44 41
4 45 50
5 1 11
5 2 19
5 3 21
5 4 4
5 5 -1
5 6 38
5 7 26
5 8 43
5 9 11
5 10 50
5 11 28
5 12 3
5 13 27
5 14 18
5 15 14
5 16 15
5 17 27
5 18 18
5 19 12
5 20 30
5 21 36
5 22 17
5 23 43
5 24 16
5 25 37
5 26 38
5 27 42
5 28 9
5 29 20
5 30 3
5 31 34
5 32 29
5 33 17
5 34 34
5 35 34
5 36 27
5 37 25
5 38 27
5 39 33
5 40 19
5 41 26
5 42 32
5 43 30
5 44 37
5 45 47
6 1 33
6 2 19
6 3 35
6 4 40
6 5 38
6 6 -1
6 7 22
6 8 31
6 9 27
6 10 31
6 11 11
6 12 37
6 13 12
6 14 20
6 15 39
6 16 28
6 17 20
6 18 20
6 19 26
6 20 8
6 21 40
6 22 21
6 23 10
6 24 31
6 25 33
6 26 9
6 27 36
6 28 36
6 29 28
6 30 35
6 31 8
6 32 27
6 33 26
6 34 13
6 35 37
6 36 39
6 37 13
6 38 17
6 39 5
6 40 28
6 41 33
6 42 11
6 43 43
6 44 20
6 45 20
7 1 16
7 2 17
7 3 13
7 4 30
7 5 26
7 6 22
7 7 -1
7 8 17
7 9 17
7 10 24
7 11 12
7 12 27
7 13 22
7 14 16
7 15 21
7 16 28
7 17 2
7 18 15
7 19 18
7 20 20
7 21 18
7 22 17
7 23 22
7 24 12
7 25 14
7 26 29
7 27 18
7 28 19
7 29 8
7 30 23
7 31 15
7 32 6
7 33 27
7 34 11
7 35 15
7 36 17
7 37 13
7 38 5
7 39 21
7 40 8
7 41 10
7 42 11
7 43 21
7 44 10
7 45 21
8 1 32
8 2 34
8 3 24
8 4 47
8 5 43
8 6 31
8 7 17
8 8 -1
8 9 35
8 10 10
8 11 26
8 12 44
8 13 37
8 14 33
8 15 34
8 16 45
8 17 17
8 18 32
8 19 36
8 20 34
8 21 15
8 22 34
8 23 25
8 24 27
8 25 8
8 26 40
8 27 5
8 28 35
8 29 22
8 30 39
8 31 24
8 32 13
8 33 44
8 34 19
8 35 14
8 36 22
8 37 28
8 38 19
8 39 33
8 40 23
8 41 18
8 42 22
8 43 24
8 44 11
8 45 16
9 1 10
9 2 8
9 3 19
9 4 13
9 5 11
9 6 27
9 7 17
9 8 35
9 9 -1
9 10 41
9 11 17
9 12 10
9 13 17
9 14 7
9 15 16
9 16 12
9 17 18
9 18 7
9 19 2
9 20 19
9 21 32
9 22 6
9 23 32
9 24 12
9 25 30
9 26 28
9 27 35
9 28 11
9 29 14
9 30 8
9 31 23
9 32 22
9 33 12
9 34 24
9 35 29
9 36 25
9 37 14
9 38 17
9 39 22
9 40 13
9 41 21
9 42 21
9 43 29
9 44 27
9 45 36
10 1 40
10 2 38
10 3 33
10 4 54
10 5 50
10 6 31
10 7 24
10 8 10
10 9 41
10 10 -1
10 11 29
10 12 51
10 13 39
10 14 38
10 15 43
10 16 50
10 17 23
10 18 37
10 19 42
10 20 35
10 21 25
10 22 40
10 23 22
10 24 35
10 25 18
10 26 40
10 27 15
10 28 43
10 29 30
10 30 47
10 31 25
10 32 21
10 33 49
10 34 20
10 35 24
10 36 32
10 37 32
10 38 24
10 39 33
10 40 31
10 41 28
10 42 24
10 43 34
10 44 14
10 45 11
11 1 22
11 2 10
11 3 24
11 4 31
11 5 28
11 6 11
11 7 12
11 8 26
11 9 17
11 10 29
11 11 -1
11 12 27
11 13 11
11 14 11
11 15 28
11 16 22
11 17 10
11 18 10
11 19 16
11 20 8
11 21 31
11 22 12
11 23 15
11 24 20
11 25 25
11 26 16
11 27 29
11 28 25
11 29 17
11 30 25
11 31 6
11 32 18
11 33 21
11 34 8
11 35 28
11 36 29
11 37 3
11 38 7
11 39 8
11 40 17
11 41 22
11 42 5
11 43 33
11 44 15
11 45 21
12 1 13
12 2 18
12 3 24
12 4 3
12 5 3
12 6 37
12 7 27
12 8 44
12 9 10
12 10 51
12 11 27
12 12 -1
12 13 26
12 14 17
12 15 17
12 16 12
12 17 28
12 18 17
12 19 11
12 20 29
12 21 39
12 22 16
12 23 43
12 24 18
12 25 38
12 26 36
12 27 43
12 28 12
12 29 22
12 30 5
12 31 34
12 32 31
12 33 14
12 34 34
12 35 36
12 36 30
12 37 24
12 38 27
12 39 32
12 40 21
12 41 28
12 42 31
12 43 33
12 44 38
12 45 47
13 1 27
13 2 9
13 3 32
13 4 29
13 5 27
13 6 12
13 7 22
13 8 37
13 9 17
13 10 39
13 11 11
13 12 26
13 13 -1
13 14 10
13 15 33
13 16 16
13 17 21
13 18 11
13 19 16
13 20 4
13 21 41
13 22 11
13 23 21
13 24 26
13 25 36
13 26 10
13 27 40
13 28 28
13 29 25
13 30 25
13 31 14
13 32 28
13 33 14
13 34 18
13 35 38
13 36 37
13 37 9
13 38 18
13 39 7
13 40 24
13 41 31
13 42 15
13 43 42
13 44 26
13 45 30
14 1 16
14 2 1
14 3 22
14 4 20
14 5 18
14 6 20
14 7 16
14 8 33
14 9 7
14 10 38
14 11 11
14 12 17
14 13 10
14 14 -1
14 15 22
14 16 12
14 17 16
14 18 1
14 19 6
14 20 12
14 21 34
14 22 1
14 23 26
14 24 16
14 25 30
14 26 21
14 27 34
14 28 18
14 29 16
14 30 15
14 31 17
14 32 22
14 33 11
14 34 19
14 35 31
14 36 28
14 37 7
14 38 13
14 39 15
14 40 15
14 41 23
14 42 15
14 43 32
14 44 24
14 45 32
15 1 6
15 2 24
15 3 10
15 4 18
15 5 14
15 6 39
15 7 21
15 8 34
15 9 16
15 10 43
15 11 28
15 12 17
15 13 33
15 14 22
15 15 -1
15 16 26
15 17 23
15 18 22
15 19 18
15 20 34
15 21 24
15 22 22
15 23 42
15 24 9
15 25 26
15 26 43
15 27 31
15 28 5
15 29 13
15 30 12
15 31 33
15 32 21
15 33 27
15 34 32
15 35 22
15 36 14
15 37 26
15 38 24
15 39 36
15 40 13
15 41 15
15 42 30
15 43 17
15 44 31
15 45 42
16 1 21
16 2 12
16 3 31
16 4 14
16 5 15
16 6 28
16 7 28
16 8 45
16 9 12
16 10 50
16 11 22
16 12 12
16 13 16
16 14 12
16 15 26
16 16 -1
16 17 28
16 18 13
16 19 10
16 20 20
16 21 44
16 22 10
16 23 37
16 24 24
16 25 41
16 26 26
16 27 46
16 28 21
16 29 26
16 30 15
16 31 28
16 32 33
16 33 2
16 34 31
16 35 41
16 36 37
16 37 19
16 38 26
16 39 23
16 40 25
16 41 33
16 42 27
16 43 41
16 44 36
16 45 43
17 1 18
17 2 16
17 3 16
17 4 31
17 5 27
17 6 20
17 7 2
17 8 17
17 9 18
17 10 23
17 11 10
17 12 28
17 13 21
17 14 16
17 15 23
17 16 28
17 17 -1
17 18 15
17 19 19
17 20 18
17 21 20
17 22 17
17 23 19
17 24 14
17 25 15
17 26 27
17 27 19
17 28 21
17 29 10
17 30 24
17 31 12
17 32 7
17 33 27
17 34 9
17 35 17
17 36 19
17 37 12
17 38 3
17 39 19
17 40 10
17 41 12
17 42 9
17 43 23
17 44 9
17 45 19
18 1 15
18 2 2
18 3 21
18 4 20
18 5 18
18 6 20
18 7 15
18 8 32
18 9 7
18 10 37
18 11 10
18 12 17
18 13 11
18 14 1
18 15 22
18 16 13
18 17 15
18 18 -1
18 19 6
18 20 12
18 21 33
18 22 2
18 23 26
18 24 15
18 25 29
18 26 21
18 27 33
18 28 17
18 29 15
18 30 15
18 31 17
18 32 21
18 33 12
18 34 18
18 35 30
18 36 27
18 37 7
18 38 13
18 39 15
18 40 14
18 41 22
18 42 15
18 43 31
18 44 23
18 45 31
19 1 12
19 2 7
19 3 21
19 4 14
19 5 12
19 6 26
19 7 18
19 8 36
19 9 2
19 10 42
19 11 16
19 12 11
19 13 16
19 14 6
19 15 18
19 16 10
19 17 19
19 18 6
19 19 -1
19 20 18
19 21 34
19 22 5
19 23 32
19 24 14
19 25 31
19 26 26
19 27 36
19 28 13
19 29 16
19 30 9
19 31 23
19 32 23
19 33 10
19 34 24
19 35 31
19 36 27
19 37 13
19 38 17
19 39 21
19 40 15
19 41 23
19 42 21
19 43 31
19 44 28
19 45 36
20 1 27
20 2 11
20 3 31
20 4 32
20 5 30
20 6 8
20 7 20
20 8 34
20 9 19
20 10 35
20 11 8
20 12 29
20 13 4
20 14 12
20 15 34
20 16 20
20 17 18
20 18 12
20 19 18
20 20 -1
20 21 39
20 22 13
20 23 17
20 24 26
20 25 33
20 26 9
20 27 37
20 28 29
20 29 24
20 30 27
20 31 10
20 32 26
20 33 18
20 34 15
20 35 36
20 36 36
20 37 7
20 38 15
20 39 3
20 40 24
20 41 30
20 42 12
20 43 41
20 44 23
20 45 26
21 1 25
21 2 35
21 3 14
21 4 41
21 5 36
21 6 40
21 7 18
21 8 15
21 9 32
21 10 25
21 11 31
21 12 39
21 13 41
21 14 34
21 15 24
21 16 44
21 17 20
21 18 33
21 19 34
21 20 39
21 21 -1
21 22 35
21 23 36
21 24 20
21 25 8
21 26 47
21 27 10
21 28 27
21 29 18
21 30 33
21 31 32
21 32 13
21 33 44
21 34 27
21 35 3
21 36 9
21 37 32
21 38 23
21 39 39
21 40 19
21 41 11
21 42 29
21 43 9
21 44 21
21 45 30
22 1 16
22 2 2
22 3 23
22 4 19
22 5 17
22 6 21
22 7 17
22 8 34
22 9 6
22 10 40
22 11 12
22 12 16
22 13 11
22 14 1
22 15 22
22 16 10
22 17 17
22 18 2
22 19 5
22 20 13
22 21 35
22 22 -1
22 23 27
22 24 16
22 25 31
22 26 21
22 27 36
22 28 17
22 29 17
22 30 14
22 31 18
22 32 23
22 33 9
22 34 20
22 35 32
22 36 29
22 37 8
22 38 15
22 39 16
22 40 16
22 41 24
22 42 17
22 43 33
22 44 25
22 45 33
23 1 37
23 2 26
23 3 36
23 4 46
23 5 43
23 6 10
23 7 22
23 8 25
23 9 32
23 10 22
23 11 15
23 12 43
23 13 21
23 14 26
23 15 42
23 16 37
23 17 19
23 18 26
23 19 32
23 20 17
23 21 36
23 22 27
23 23 -1
23 24 33
23 25 29
23 26 18
23 27 30
23 28 40
23 29 29
23 30 40
23 31 9
23 32 25
23 33 35
23 34 10
23 35 34
23 36 38
23 37 18
23 38 18
23 39 14
23 40 29
23 41 32
23 42 12
23 43 42
23 44 15
23 45 11
24 1 5
24 2 17
24 3 7
24 4 20
24 5 16
24 6 31
24 7 12
24 8 27
24 9 12
24 10 35
24 11 20
24 12 18
24 13 26
24 14 16
24 15 9
24 16 24
24 17 14
24 18 15
24 19 14
24 20 26
24 21 20
24 22 16
24 23 33
24 24 -1
24 25 20
24 26 35
24 27 25
24 28 8
24 29 4
24 30 13
24 31 25
24 32 13
24 33 24
24 34 23
24 35 18
24 36 13
24 37 18
24 38 15
24 39 28
24 40 4
24 41 9
24 42 21
24 43 17
24 44 22
24 45 33
25 1 25
25 2 31
25 3 16
25 4 41
25 5 37
25 6 33
25 7 14
25 8 8
25 9 30
25 10 18
25 11 25
25 12 38
25 13 36
25 14 30
25 15 26
25 16 41
25 17 15
25 18 29
25 19 31
25 20 33
25 21 8
25 22 31
25 23 29
25 24 20
25 25 -1
25 26 41
25 27 5
25 28 28
25 29 16
25 30 33
25 31 25
25 32 8
25 33 41
25 34 20
25 35 6
25 36 14
25 37 27
25 38 18
25 39 33
25 40 17
25 41 11
25 42 22
25 43 16
25 44 13
25 45 22
26 1 36
26 2 19
26 3 41
26 4 39
26 5 38
26 6 9
26 7 29
26 8 40
26 9 28
26 10 40
26 11 16
26 12 36
26 13 10
26 14 21
26 15 43
26 16 26
26 17 27
26 18 21
26 19 26
26 20 9
26 21 47
26 22 21
26 23 18
26 24 35
26 25 41
26 26 -1
26 27 44
26 28 38
26 29 33
26 30 36
26 31 16
26 32 34
26 33 24
26 34 21
26 35 44
26 36 45
26 37 16
26 38 24
26 39 8
26 40 33
26 41 39
26 42 18
26 43 50
26 44 29
26 45 29
27 1 30
27 2 35
27 3 21
27 4 46
27 5 42
27 6 36
27 7 18
27 8 5
27 9 35
27 10 15
27 11 29
27 12 43
27 13 40
27 14 34
27 15 31
27 16 46
27 17 19
27 18 33
27 19 36
27 20 37
27 21 10
27 22 36
27 23 30
27 24 25
27 25 5
27 26 44
27 27 -1
27 28 33
27 29 21
27 30 38
27 31 28
27 32 13
27 33 45
27 34 23
27 35 9
27 36 18
27 37 31
27 38 22
27 39 36
27 40 22
27 41 16
27 42 25
27 43 19
27 44 15
27 45 22
28 1 3
28 2 19
28 3 12
28 4 13
28 5 9
28 6 36
28 7 19
28 8 35
28 9 11
28 10 43
28 11 25
28 12 12
28 13 28
28 14 18
28 15 5
28 16 21
28 17 21
28 18 17
28 19 13
28 20 29
28 21 27
28 22 17
28 23 40
28 24 8
28 25 28
28 26 38
28 27 33
28 28 -1
28 29 12
28 30 7
28 31 31
28 32 21
28 33 22
28 34 30
28 35 25
28 36 18
28 37 23
28 38 22
28 39 32
28 40 12
28 41 17
28 42 28
28 43 21
28 44 30
28 45 41
29 1 9
29 2 17
29 3 7
29 4 24
29 5 20
29 6 28
29 7 8
29 8 22
29 9 14
29 10 30
29 11 17
29 12 22
29 13 25
29 14 16
29 15 13
29 16 26
29 17 10
29 18 15
29 19 16
29 20 24
29 21 18
29 22 17
29 23 29
29 24 4
29 25 16
29 26 33
29 27 21
29 28 12
29 29 -1
29 30 17
29 31 21
29 32 9
29 33 26
29 34 19
29 35 15
29 36 12
29 37 17
29 38 11
29 39 26
29 40 1
29 41 7
29 42 18
29 43 16
29 44 18
29 45 29
30 1 8
30 2 16
30 3 18
30 4 7
30 5 3
30 6 35
30 7 23
30 8 39
30 9 8
30 10 47
30 11 25
30 12 5
30 13 25
30 14 15
30 15 12
30 16 15
30 17 24
30 18 15
30 19 9
30 20 27
30 21 33
30 22 14
30 23 40
30 24 13
30 25 33
30 26 36
30 27 38
30 28 7
30 29 17
30 30 -1
30 31 31
30 32 26
30 33 16
30 34 31
30 35 31
30 36 24
30 37 22
30 38 23
30 39 30
30 40 16
30 41 22
30 42 28
30 43 28
30 44 33
30 45 43
31 1 28
31 2 17
31 3 28
31 4 37
31 5 34
31 6 8
31 7 15
31 8 24
31 9 23
31 10 25
31 11 6
31 12 34
31 13 14
31 14 17
31 15 33
31 16 28
31 17 12
31 18 17
31 19 23
31 20 10
31 21 32
31 22 18
31 23 9
31 24 25
31 25 25
31 26 16
31 27 28
31 28 31
31 29 21
31 30 31
31 31 -1
31 32 19
31 33 27
31 34 5
31 35 29
31 36 32
31 37 9
31 38 10
31 39 9
31 40 21
31 41 25
31 42 3
31 43 36
31 44 13
31 45 15
32 1 18
32 2 23
32 3 12
32 4 33
32 5 29
32 6 27
32 7 6
32 8 13
32 9 22
32 10 21
32 11 18
32 12 31
32 13 28
32 14 22
32 15 21
32 16 33
32 17 7
32 18 21
32 19 23
32 20 26
32 21 13
32 22 23
32 23 25
32 24 13
32 25 8
32 26 34
32 27 13
32 28 21
32 29 9
32 30 26
32 31 19
32 32 -1
32 33 32
32 34 15
32 35 9
32 36 13
32 37 19
32 38 10
32 39 26
32 40 9
32 41 7
32 42 16
32 43 16
32 44 11
32 45 22
33 1 22
33 2 10
33 3 31
33 4 16
33 5 17
33 6 26
33 7 27
33 8 44
33 9 12
33 10 49
33 11 21
33 12 14
33 13 14
33 14 11
33 15 27
33 16 2
33 17 27
33 18 12
33 19 10
33 20 18
33 21 44
33 22 9
33 23 35
33 24 24
33 25 41
33 26 24
33 27 45
33 28 22
33 29 26
33 30 16
33 31 27
33 32 32
33 33 -1
33 34 29
33 35 41
33 36 37
33 37 17
33 38 25
33 39 21
33 40 25
33 41 33
33 42 26
33 43 41
33 44 35
33 45 42
34 1 27
34 2 19
34 3 25
34 4 38
34 5 34
34 6 13
34 7 11
34 8 19
34 9 24
34 10 20
34 11 8
34 12 34
34 13 18
34 14 19
34 15 32
34 16 31
34 17 9
34 18 18
34 19 24
34 20 15
34 21 27
34 22 20
34 23 10
34 24 23
34 25 20
34 26 21
34 27 23
34 28 30
34 29 19
34 30 31
34 31 5
34 32 15
34 33 29
34 34 -1
34 35 24
34 36 28
34 37 12
34 38 8
34 39 14
34 40 19
34 41 21
34 42 3
34 43 32
34 44 8
34 45 12
35 1 22
35 2 32
35 3 12
35 4 38
35 5 34
35 6 37
35 7 15
35 8 14
35 9 29
35 10 24
35 11 28
35 12 36
35 13 38
35 14 31
35 15 22
35 16 41
35 17 17
35 18 30
35 19 31
35 20 36
35 21 3
35 22 32
35 23 34
35 24 18
35 25 6
35 26 44
35 27 9
35 28 25
35 29 15
35 30 31
35 31 29
35 32 9
35 33 41
35 34 24
35 35 -1
35 36 8
35 37 29
35 38 20
35 39 36
35 40 16
35 41 8
35 42 26
35 43 10
35 44 18
35 45 28
36 1 16
36 2 29
36 3 6
36 4 31
36 5 27
36 6 39
36 7 17
36 8 22
36 9 25
36 10 32
36 11 29
36 12 30
36 13 37
36 14 28
36 15 14
36 16 37
36 17 19
36 18 27
36 19 27
36 20 36
36 21 9
36 22 29
36 23 38
36 24 13
36 25 14
36 26 45
36 27 18
36 28 18
36 29 12
36 30 24
36 31 32
36 32 13
36 33 37
36 34 28
36 35 8
36 36 -1
36 37 28
36 38 21
36 39 37
36 40 13
36 41 6
36 42 28
36 43 4
36 44 24
36 45 34
37 1 20
37 2 7
37 3 24
37 4 27
37 5 25
37 6 13
37 7 13
37 8 28
37 9 14
37 10 32
37 11 3
37 12 24
37 13 9
37 14 7
37 15 26
37 16 19
37 17 12
37 18 7
37 19 13
37 20 7
37 21 32
37 22 8
37 23 18
37 24 18
37 25 27
37 26 16
37 27 31
37 28 23
37 29 17
37 30 22
37 31 9
37 32 19
37 33 17
37 34 12
37 35 29
37 36 28
37 37 -1
37 38 9
37 39 9
37 40 16
37 41 22
37 42 8
37 43 33
37 44 18
37 45 24
38 1 19
38 2 14
38 3 18
38 4 30
38 5 27
38 6 17
38 7 5
38 8 19
38 9 17
38 10 24
38 11 7
38 12 27
38 13 18
38 14 13
38 15 24
38 16 26
38 17 3
38 18 13
38 19 17
38 20 15
38 21 23
38 22 15
38 23 18
38 24 15
38 25 18
38 26 24
38 27 22
38 28 22
38 29 11
38 30 23
38 31 10
38 32 10
38 33 25
38 34 8
38 35 20
38 36 21
38 37 9
38 38 -1
38 39 16
38 40 11
38 41 15
38 42 6
38 43 26
38 44 10
38 45 19
39 1 29
39 2 14
39 3 33
39 4 35
39 5 33
39 6 5
39 7 21
39 8 33
39 9 22
39 10 33
39 11 8
39 12 32
39 13 7
39 14 15
39 15 36
39 16 23
39 17 19
39 18 15
39 19 21
39 20 3
39 21 39
39 22 16
39 23 14
39 24 28
39 25 33
39 26 8
39 27 36
39 28 32
39 29 26
39 30 30
39 31 9
39 32 26
39 33 21
39 34 14
39 35 36
39 36 37
39 37 9
39 38 16
39 39 -1
39 40 25
39 41 31
39 42 11
39 43 42
39 44 22
39 45 24
40 1 8
40 2 16
40 3 7
40 4 24
40 5 19
40 6 28
40 7 8
40 8 23
40 9 13
40 10 31
40 11 17
40 12 21
40 13 24
40 14 15
40 15 13
40 16 25
40 17 10
40 18 14
40 19 15
40 20 24
40 21 19
40 22 16
40 23 29
40 24 4
40 25 17
40 26 33
40 27 22
40 28 12
40 29 1
40 30 16
40 31 21
40 32 9
40 33 25
40 34 19
40 35 16
40 36 13
40 37 16
40 38 11
40 39 25
40 40 -1
40 41 8
40 42 18
40 43 17
40 44 18
40 45 29
41 1 14
41 2 24
41 3 5
41 4 30
41 5 26
41 6 33
41 7 10
41 8 18
41 9 21
41 10 28
41 11 22
41 12 28
41 13 31
41 14 23
41 15 15
41 16 33
41 17 12
41 18 22
41 19 23
41 20 30
41 21 11
41 22 24
41 23 32
41 24 9
41 25 11
41 26 39
41 27 16
41 28 17
41 29 7
41 30 22
41 31 25
41 32 7
41 33 33
41 34 21
41 35 8
41 36 6
41 37 22
41 38 15
41 39 31
41 40 8
41 41 -1
41 42 22
41 43 10
41 44 18
41 45 29
42 1 25
42 2 15
42 3 25
42 4 35
42 5 32
42 6 11
42 7 11
42 8 22
42 9 21
42 10 24
42 11 5
42 12 31
42 13 15
42 14 15
42 15 30
42 16 27
42 17 9
42 18 15
42 19 21
42 20 12
42 21 29
42 22 17
42 23 12
42 24 21
42 25 22
42 26 18
42 27 25
42 28 28
42 29 18
42 30 28
42 31 3
42 32 16
42 33 26
42 34 3
42 35 26
42 36 28
42 37 8
42 38 6
42 39 11
42 40 18
42 41 22
42 42 -1
42 43 32
42 44 11
42 45 16
43 1 20
43 2 34
43 3 10
43 4 35
43 5 30
43 6 43
43 7 21
43 8 24
43 9 29
43 10 34
43 11 33
43 12 33
43 13 42
43 14 32
43 15 17
43 16 41
43 17 23
43 18 31
43 19 31
43 20 41
43 21 9
43 22 33
43 23 42
43 24 17
43 25 16
43 26 50
43 27 19
43 28 21
43 29 16
43 30 28
43 31 36
43 32 16
43 33 41
43 34 32
43 35 10
43 36 4
43 37 33
43 38 26
43 39 42
43 40 17
43 41 10
43 42 32
43 43 -1
43 44 27
43 45 37
44 1 27
44 2 24
44 3 23
44 4 41
44 5 37
44 6 20
44 7 10
44 8 11
44 9 27
44 10 14
44 11 15
44 12 38
44 13 26
44 14 24
44 15 31
44 16 36
44 17 9
44 18 23
44 19 28
44 20 23
44 21 21
44 22 25
44 23 15
44 24 22
44 25 13
44 26 29
44 27 15
44 28 30
44 29 18
44 30 33
44 31 13
44 32 11
44 33 35
44 34 8
44 35 18
44 36 24
44 37 18
44 38 10
44 39 22
44 40 18
44 41 18
44 42 11
44 43 27
44 44 -1
44 45 11
45 1 38
45 2 31
45 3 34
45 4 50
45 5 47
45 6 20
45 7 21
45 8 16
45 9 36
45 10 11
45 11 21
45 12 47
45 13 30
45 14 32
45 15 42
45 16 43
45 17 19
45 18 31
45 19 36
45 20 26
45 21 30
45 22 33
45 23 11
45 24 33
45 25 22
45 26 29
45 27 22
45 28 41
45 29 29
45 30 43
45 31 15
45 32 22
45 33 42
45 34 12
45 35 28
45 36 34
45 37 24
45 38 19
45 39 24
45 40 29
45 41 29
45 42 16
45 43 37
45 44 11
45 45 -1
