6 20
6 39
6 31
11 34
11 37
11 38
11 39
11 42
11 20
11 31
37 2
37 38
37 42
37 11
37 14
37 18
37 20
37 22
25 32
25 35
25 8
25 21
25 27
9 2
9 14
9 18
9 19
9 22
9 30
42 34
42 37
42 38
42 11
42 31
30 1
30 4
30 5
30 9
30 12
30 28
32 17
32 41
32 25
32 7
38 34
38 37
38 7
38 42
38 11
38 17
19 2
19 9
19 14
19 18
19 22
26 39
29 3
29 7
29 40
29 41
29 24
22 2
22 37
22 9
22 14
22 18
22 19
5 4
5 12
5 30
4 12
4 5
4 30
3 36
3 40
3 41
3 24
3 29
17 32
17 38
17 7
15 1
15 28
13 20
13 39
31 34
31 11
31 42
31 6
24 1
24 3
24 40
24 28
24 29
20 37
20 6
20 39
20 11
20 13
16 33
34 38
34 42
34 11
34 44
34 31
33 16
18 2
18 37
18 9
18 14
18 19
18 22
21 25
21 35
12 4
12 5
12 30
27 8
27 25
7 32
7 38
7 40
7 17
7 29
41 32
41 35
41 3
41 36
41 40
41 29
28 24
28 1
28 30
28 15
14 2
14 37
14 9
14 18
14 19
14 22
39 6
39 11
39 13
39 20
39 26
8 25
8 27
43 36
35 25
35 36
35 21
35 41
36 35
36 3
36 43
36 41
