1 1 -1
1 2 5
1 3 8
1 4 6
1 5 8
1 6 1
1 7 8
1 8 4
1 9 7
1 10 11
1 11 3
1 12 10
1 13 2
1 14 4
1 15 10
1 16 6
1 17 6
2 1 5
2 2 -1
2 3 8
2 4 1
2 5 8
2 6 5
2 7 12
2 8 8
2 9 5
2 10 11
2 11 8
2 12 11
2 13 5
2 14 7
2 15 14
2 16 8
2 17 4
3 1 8
3 2 8
3 3 -1
3 4 7
3 5 1
3 6 7
3 7 9
3 8 12
3 9 3
3 10 3
3 11 7
3 12 3
3 13 6
3 14 5
3 15 8
3 16 3
3 17 4
4 1 6
4 2 1
4 3 7
4 4 -1
4 5 7
4 6 6
4 7 13
4 8 9
4 9 4
4 10 10
4 11 8
4 12 10
4 13 6
4 14 8
4 15 14
4 16 7
4 17 3
5 1 8
5 2 8
5 3 1
5 4 7
5 5 -1
5 6 7
5 7 10
5 8 12
5 9 3
5 10 3
5 11 8
5 12 3
5 13 7
5 14 6
5 15 9
5 16 4
5 17 4
6 1 1
6 2 5
6 3 7
6 4 6
6 5 7
6 6 -1
6 7 7
6 8 5
6 9 6
6 10 10
6 11 2
6 12 9
6 13 1
6 14 3
6 15 9
6 16 5
6 17 6
7 1 8
7 2 12
7 3 9
7 4 13
7 5 10
7 6 7
7 7 -1
7 8 10
7 9 11
7 10 10
7 11 5
7 12 9
7 13 7
7 14 5
7 15 3
7 16 6
7 17 11
8 1 4
8 2 8
8 3 12
8 4 9
8 5 12
8 6 5
8 7 10
8 8 -1
8 9 11
8 10 15
8 11 6
8 12 14
8 13 5
8 14 7
8 15 13
8 16 9
8 17 10
9 1 7
9 2 5
9 3 3
9 4 4
9 5 3
9 6 6
9 7 11
9 8 11
9 9 -1
9 10 6
9 11 8
9 12 6
9 13 6
9 14 7
9 15 11
9 16 5
9 17 1
10 1 11
10 2 11
10 3 3
10 4 10
10 5 3
10 6 10
10 7 10
10 8 15
10 9 6
10 10 -1
10 11 9
10 12 1
10 13 9
10 14 8
10 15 9
10 16 5
10 17 7
11 1 3
11 2 8
11 3 7
11 4 8
11 5 8
11 6 2
11 7 5
11 8 6
11 9 8
11 10 9
11 11 -1
11 12 9
11 13 2
11 14 1
11 15 7
11 16 4
11 17 8
12 1 10
12 2 11
12 3 3
12 4 10
12 5 3
12 6 9
12 7 9
12 8 14
12 9 6
12 10 1
12 11 9
12 12 -1
12 13 8
12 14 7
12 15 8
12 16 5
12 17 7
13 1 2
13 2 5
13 3 6
13 4 6
13 5 7
13 6 1
13 7 7
13 8 5
13 9 6
13 10 9
13 11 2
13 12 8
13 13 -1
13 14 2
13 15 8
13 16 4
13 17 6
14 1 4
14 2 7
14 3 5
14 4 8
14 5 6
14 6 3
14 7 5
14 8 7
14 9 7
14 10 8
14 11 1
14 12 7
14 13 2
14 14 -1
14 15 6
14 16 2
14 17 7
15 1 10
15 2 14
15 3 8
15 4 14
15 5 9
15 6 9
15 7 3
15 8 13
15 9 11
15 10 9
15 11 7
15 12 8
15 13 8
15 14 6
15 15 -1
15 16 6
15 17 12
16 1 6
16 2 8
16 3 3
16 4 7
16 5 4
16 6 5
16 7 6
16 8 9
16 9 5
16 10 5
16 11 4
16 12 5
16 13 4
16 14 2
16 15 6
16 16 -1
16 17 5
17 1 6
17 2 4
17 3 4
17 4 3
17 5 4
17 6 6
17 7 11
17 8 10
17 9 1
17 10 7
17 11 8
17 12 7
17 13 6
17 14 7
17 15 12
17 16 5
17 17 -1
