1 1 -1
1 2 5
1 3 7
1 4 14
1 5 12
1 6 9
1 7 14
1 8 20
1 9 16
1 10 9
1 11 8
1 12 11
1 13 8
1 14 15
1 15 10
1 16 14
1 17 7
1 18 10
1 19 11
2 1 5
2 2 -1
2 3 9
2 4 10
2 5 9
2 6 4
2 7 11
2 8 15
2 9 10
2 10 5
2 11 4
2 12 8
2 13 5
2 14 13
2 15 7
2 16 9
2 17 1
2 18 6
2 19 12
3 1 7
3 2 9
3 3 -1
3 4 12
3 5 8
3 6 13
3 7 9
3 8 20
3 9 18
3 10 14
3 11 9
3 12 7
3 13 13
3 14 9
3 15 16
3 16 18
3 17 10
3 18 15
3 19 5
4 1 14
4 2 10
4 3 12
4 4 -1
4 5 4
4 6 9
4 7 5
4 8 8
4 9 8
4 10 13
4 11 6
4 12 5
4 13 14
4 14 6
4 15 16
4 16 12
4 17 9
4 18 14
4 19 10
5 1 12
5 2 9
5 3 8
5 4 4
5 5 -1
5 6 10
5 7 2
5 8 12
5 9 12
5 10 13
5 11 5
5 12 1
5 13 14
5 14 3
5 15 17
5 16 14
5 17 8
5 18 15
5 19 6
6 1 9
6 2 4
6 3 13
6 4 9
6 5 10
6 6 -1
6 7 12
6 8 12
6 9 7
6 10 4
6 11 5
6 12 10
6 13 5
6 14 14
6 15 7
6 16 5
6 17 3
6 18 5
6 19 14
7 1 14
7 2 11
7 3 9
7 4 5
7 5 2
7 6 12
7 7 -1
7 8 13
7 9 13
7 10 16
7 11 8
7 12 3
7 13 16
7 14 1
7 15 19
7 16 16
7 17 11
7 18 17
7 19 5
8 1 20
8 2 15
8 3 20
8 4 8
8 5 12
8 6 12
8 7 13
8 8 -1
8 9 6
8 10 15
8 11 12
8 12 13
8 13 17
8 14 14
8 15 18
8 16 11
8 17 13
8 18 16
8 19 18
9 1 16
9 2 10
9 3 18
9 4 8
9 5 12
9 6 7
9 7 13
9 8 6
9 9 -1
9 10 10
9 11 9
9 12 13
9 13 11
9 14 15
9 15 12
9 16 5
9 17 9
9 18 10
9 19 18
10 1 9
10 2 5
10 3 14
10 4 13
10 5 13
10 6 4
10 7 16
10 8 15
10 9 10
10 10 -1
10 11 8
10 12 13
10 13 1
10 14 17
10 15 3
10 16 6
10 17 5
10 18 1
10 19 17
11 1 8
11 2 4
11 3 9
11 4 6
11 5 5
11 6 5
11 7 8
11 8 12
11 9 9
11 10 8
11 11 -1
11 12 5
11 13 8
11 14 9
11 15 11
11 16 9
11 17 3
11 18 9
11 19 9
12 1 11
12 2 8
12 3 7
12 4 5
12 5 1
12 6 10
12 7 3
12 8 13
12 9 13
12 10 13
12 11 5
12 12 -1
12 13 13
12 14 4
12 15 16
12 16 14
12 17 8
12 18 15
12 19 5
13 1 8
13 2 5
13 3 13
13 4 14
13 5 14
13 6 5
13 7 16
13 8 17
13 9 11
13 10 1
13 11 8
13 12 13
13 13 -1
13 14 17
13 15 2
13 16 7
13 17 5
13 18 2
13 19 16
14 1 15
14 2 13
14 3 9
14 4 6
14 5 3
14 6 14
14 7 1
14 8 14
14 9 15
14 10 17
14 11 9
14 12 4
14 13 17
14 14 -1
14 15 20
14 16 17
14 17 12
14 18 18
14 19 5
15 1 10
15 2 7
15 3 16
15 4 16
15 5 17
15 6 7
15 7 19
15 8 18
15 9 12
15 10 3
15 11 11
15 12 16
15 13 2
15 14 20
15 15 -1
15 16 8
15 17 8
15 18 2
15 19 19
16 1 14
16 2 9
16 3 18
16 4 12
16 5 14
16 6 5
16 7 16
16 8 11
16 9 5
16 10 6
16 11 9
16 12 14
16 13 7
16 14 17
16 15 8
16 16 -1
16 17 8
16 18 6
16 19 19
17 1 7
17 2 1
17 3 10
17 4 9
17 5 8
17 6 3
17 7 11
17 8 13
17 9 9
17 10 5
17 11 3
17 12 8
17 13 5
17 14 12
17 15 8
17 16 8
17 17 -1
17 18 6
17 19 12
18 1 10
18 2 6
18 3 15
18 4 14
18 5 15
18 6 5
18 7 17
18 8 16
18 9 10
18 10 1
18 11 9
18 12 15
18 13 2
18 14 18
18 15 2
18 16 6
18 17 6
18 18 -1
18 19 18
19 1 11
19 2 12
19 3 5
19 4 10
19 5 6
19 6 14
19 7 5
19 8 18
19 9 18
19 10 17
19 11 9
19 12 5
19 13 16
19 14 5
19 15 19
19 16 19
19 17 12
19 18 18
19 19 -1
