1 1 -1
1 2 1
1 3 2
1 4 4
1 5 4
1 6 5
1 7 4
1 8 2
1 9 1
1 10 6
1 11 3
2 1 1
2 2 -1
2 3 2
2 4 4
2 5 4
2 6 4
2 7 4
2 8 3
2 9 2
2 10 6
2 11 3
3 1 2
3 2 2
3 3 -1
3 4 6
3 5 6
3 6 5
3 7 6
3 8 3
3 9 3
3 10 8
3 11 5
4 1 4
4 2 4
4 3 6
4 4 -1
4 5 2
4 6 5
4 7 1
4 8 4
4 9 3
4 10 2
4 11 1
5 1 4
5 2 4
5 3 6
5 4 2
5 5 -1
5 6 4
5 7 3
5 8 5
5 9 4
5 10 3
5 11 2
6 1 5
6 2 4
6 3 5
6 4 5
6 5 4
6 6 -1
6 7 6
6 8 7
6 9 6
6 10 7
6 11 5
7 1 4
7 2 4
7 3 6
7 4 1
7 5 3
7 6 6
7 7 -1
7 8 4
7 9 3
7 10 2
7 11 1
8 1 2
8 2 3
8 3 3
8 4 4
8 5 5
8 6 7
8 7 4
8 8 -1
8 9 1
8 10 6
8 11 3
9 1 1
9 2 2
9 3 3
9 4 3
9 5 4
9 6 6
9 7 3
9 8 1
9 9 -1
9 10 5
9 11 2
10 1 6
10 2 6
10 3 8
10 4 2
10 5 3
10 6 7
10 7 2
10 8 6
10 9 5
10 10 -1
10 11 3
11 1 3
11 2 3
11 3 5
11 4 1
11 5 2
11 6 5
11 7 1
11 8 3
11 9 2
11 10 3
11 11 -1
