1 1 22
1 2 94
1 3 5
1 4 72
1 5 12
1 6 69
1 7 57
1 8 45
1 9 66
1 10 88
1 11 48
1 12 19
1 13 66
1 14 7
1 15 25
1 16 66
1 17 17
1 18 88
1 19 100
1 20 37
1 21 83
1 22 86
1 23 71
1 24 79
1 25 52
1 26 86
1 27 66
1 28 73
1 29 93
1 30 82
1 31 80
1 32 23
1 33 29
1 34 94
1 35 17
1 36 21
1 37 67
1 38 45
1 39 69
1 40 3
2 1 32
2 2 68
2 3 22
2 4 24
2 5 30
2 6 12
2 7 86
2 8 41
2 9 99
2 10 77
2 11 58
2 12 13
2 13 67
2 14 21
2 15 60
2 16 94
2 17 25
2 18 61
2 19 40
2 20 21
2 21 41
2 22 4
2 23 94
2 24 80
2 25 34
2 26 17
2 27 31
2 28 65
2 29 45
2 30 75
2 31 63
2 32 34
2 33 86
2 34 70
2 35 52
2 36 65
2 37 74
2 38 95
2 39 3
2 40 85
3 1 45
3 2 77
3 3 92
3 4 9
3 5 5
3 6 16
3 7 63
3 8 77
3 9 60
3 10 54
3 11 32
3 12 17
3 13 92
3 14 48
3 15 42
3 16 51
3 17 50
3 18 51
3 19 79
3 20 26
3 21 83
3 22 48
3 23 83
3 24 22
3 25 43
3 26 99
3 27 59
3 28 62
3 29 50
3 30 83
3 31 60
3 32 85
3 33 76
3 34 81
3 35 61
3 36 55
3 37 92
3 38 71
3 39 43
3 40 1
4 1 29
4 2 44
4 3 50
4 4 84
4 5 15
4 6 84
4 7 13
4 8 18
4 9 90
4 10 97
4 11 76
4 12 56
4 13 80
4 14 76
4 15 42
4 16 70
4 17 40
4 18 46
4 19 68
4 20 24
4 21 6
4 22 3
4 23 44
4 24 85
4 25 8
4 26 59
4 27 80
4 28 40
4 29 90
4 30 92
4 31 66
4 32 45
4 33 10
4 34 39
4 35 53
4 36 33
4 37 41
4 38 39
4 39 48
4 40 20
5 1 56
5 2 66
5 3 36
5 4 68
5 5 15
5 6 44
5 7 57
5 8 66
5 9 71
5 10 37
5 11 34
5 12 67
5 13 64
5 14 45
5 15 64
5 16 81
5 17 50
5 18 62
5 19 24
5 20 98
5 21 18
5 22 40
5 23 81
5 24 91
5 25 16
5 26 100
5 27 21
5 28 69
5 29 45
5 30 18
5 31 96
5 32 88
5 33 5
5 34 93
5 35 16
5 36 70
5 37 81
5 38 56
5 39 80
5 40 27
6 1 75
6 2 87
6 3 16
6 4 94
6 5 72
6 6 17
6 7 61
6 8 53
6 9 25
6 10 60
6 11 31
6 12 7
6 13 51
6 14 45
6 15 19
6 16 34
6 17 87
6 18 66
6 19 39
6 20 59
6 21 81
6 22 65
6 23 85
6 24 64
6 25 49
6 26 29
6 27 28
6 28 28
6 29 92
6 30 98
6 31 60
6 32 82
6 33 16
6 34 35
6 35 14
6 36 87
6 37 67
6 38 34
6 39 43
6 40 13
7 1 79
7 2 42
7 3 35
7 4 73
7 5 16
7 6 94
7 7 80
7 8 36
7 9 70
7 10 15
7 11 99
7 12 86
7 13 17
7 14 82
7 15 27
7 16 39
7 17 86
7 18 6
7 19 11
7 20 45
7 21 20
7 22 62
7 23 4
7 24 36
7 25 35
7 26 47
7 27 38
7 28 59
7 29 26
7 30 31
7 31 100
7 32 62
7 33 86
7 34 36
7 35 86
7 36 36
7 37 53
7 38 41
7 39 57
7 40 43
8 1 5
8 2 52
8 3 99
8 4 62
8 5 36
8 6 87
8 7 55
8 8 37
8 9 91
8 10 33
8 11 21
8 12 14
8 13 68
8 14 39
8 15 95
8 16 35
8 17 49
8 18 73
8 19 52
8 20 81
8 21 75
8 22 8
8 23 32
8 24 67
8 25 94
8 26 11
8 27 29
8 28 19
8 29 63
8 30 72
8 31 57
8 32 88
8 33 16
8 34 62
8 35 1
8 36 44
8 37 74
8 38 55
8 39 96
8 40 94
9 1 8
9 2 24
9 3 75
9 4 59
9 5 89
9 6 56
9 7 95
9 8 66
9 9 13
9 10 53
9 11 82
9 12 18
9 13 5
9 14 4
9 15 32
9 16 44
9 17 61
9 18 40
9 19 37
9 20 2
9 21 4
9 22 65
9 23 82
9 24 98
9 25 64
9 26 66
9 27 10
9 28 71
9 29 38
9 30 20
9 31 72
9 32 64
9 33 38
9 34 52
9 35 100
9 36 7
9 37 23
9 38 32
9 39 47
9 40 32
10 1 86
10 2 91
10 3 8
10 4 29
10 5 80
10 6 43
10 7 43
10 8 53
10 9 54
10 10 41
10 11 74
10 12 3
10 13 9
10 14 68
10 15 12
10 16 94
10 17 8
10 18 75
10 19 93
10 20 28
10 21 65
10 22 69
10 23 96
10 24 64
10 25 32
10 26 34
10 27 31
10 28 36
10 29 88
10 30 79
10 31 52
10 32 78
10 33 92
10 34 23
10 35 29
10 36 59
10 37 100
10 38 72
10 39 100
10 40 48
11 1 13
11 2 2
11 3 62
11 4 23
11 5 94
11 6 69
11 7 92
11 8 37
11 9 5
11 10 97
11 11 32
11 12 93
11 13 71
11 14 65
11 15 20
11 16 27
11 17 67
11 18 22
11 19 18
11 20 51
11 21 62
11 22 99
11 23 94
11 24 74
11 25 9
11 26 52
11 27 47
11 28 19
11 29 20
11 30 2
11 31 15
11 32 81
11 33 89
11 34 30
11 35 46
11 36 87
11 37 30
11 38 93
11 39 97
11 40 86
12 1 93
12 2 24
12 3 53
12 4 69
12 5 18
12 6 31
12 7 68
12 8 17
12 9 53
12 10 15
12 11 89
12 12 79
12 13 52
12 14 80
12 15 35
12 16 64
12 17 80
12 18 59
12 19 17
12 20 86
12 21 27
12 22 13
12 23 7
12 24 81
12 25 54
12 26 60
12 27 100
12 28 41
12 29 28
12 30 47
12 31 82
12 32 1
12 33 50
12 34 89
12 35 43
12 36 34
12 37 43
12 38 93
12 39 38
12 40 72
13 1 7
13 2 93
13 3 75
13 4 35
13 5 67
13 6 97
13 7 86
13 8 52
13 9 72
13 10 83
13 11 47
13 12 98
13 13 45
13 14 96
13 15 11
13 16 25
13 17 6
13 18 63
13 19 4
13 20 47
13 21 82
13 22 40
13 23 79
13 24 26
13 25 77
13 26 18
13 27 69
13 28 57
13 29 81
13 30 15
13 31 59
13 32 52
13 33 53
13 34 14
13 35 85
13 36 81
13 37 1
13 38 95
13 39 12
13 40 85
14 1 87
14 2 19
14 3 5
14 4 26
14 5 82
14 6 10
14 7 65
14 8 53
14 9 86
14 10 73
14 11 21
14 12 40
14 13 79
14 14 11
14 15 2
14 16 82
14 17 46
14 18 22
14 19 18
14 20 62
14 21 15
14 22 81
14 23 61
14 24 22
14 25 16
14 26 34
14 27 82
14 28 77
14 29 95
14 30 62
14 31 35
14 32 18
14 33 69
14 34 75
14 35 7
14 36 58
14 37 78
14 38 9
14 39 96
14 40 91
15 1 90
15 2 63
15 3 27
15 4 44
15 5 75
15 6 30
15 7 78
15 8 3
15 9 48
15 10 95
15 11 92
15 12 20
15 13 96
15 14 83
15 15 79
15 16 81
15 17 49
15 18 8
15 19 72
15 20 12
15 21 77
15 22 29
15 23 35
15 24 72
15 25 92
15 26 46
15 27 10
15 28 7
15 29 37
15 30 90
15 31 39
15 32 82
15 33 19
15 34 16
15 35 8
15 36 42
15 37 54
15 38 57
15 39 86
15 40 55
16 1 14
16 2 16
16 3 54
16 4 25
16 5 26
16 6 26
16 7 71
16 8 4
16 9 62
16 10 78
16 11 80
16 12 25
16 13 36
16 14 97
16 15 88
16 16 91
16 17 12
16 18 95
16 19 1
16 20 55
16 21 38
16 22 66
16 23 28
16 24 89
16 25 87
16 26 71
16 27 62
16 28 69
16 29 76
16 30 78
16 31 96
16 32 54
16 33 18
16 34 26
16 35 31
16 36 98
16 37 15
16 38 18
16 39 28
16 40 15
17 1 83
17 2 68
17 3 85
17 4 10
17 5 34
17 6 31
17 7 76
17 8 88
17 9 37
17 10 58
17 11 93
17 12 67
17 13 98
17 14 24
17 15 95
17 16 71
17 17 66
17 18 84
17 19 62
17 20 81
17 21 1
17 22 14
17 23 90
17 24 56
17 25 19
17 26 84
17 27 97
17 28 97
17 29 86
17 30 56
17 31 97
17 32 58
17 33 24
17 34 95
17 35 55
17 36 95
17 37 58
17 38 54
17 39 96
17 40 82
18 1 80
18 2 12
18 3 87
18 4 71
18 5 91
18 6 29
18 7 89
18 8 59
18 9 37
18 10 79
18 11 39
18 12 13
18 13 54
18 14 79
18 15 44
18 16 18
18 17 31
18 18 48
18 19 30
18 20 33
18 21 5
18 22 36
18 23 30
18 24 73
18 25 10
18 26 97
18 27 27
18 28 13
18 29 69
18 30 58
18 31 77
18 32 26
18 33 80
18 34 12
18 35 38
18 36 40
18 37 69
18 38 70
18 39 99
18 40 78
19 1 83
19 2 71
19 3 57
19 4 81
19 5 10
19 6 31
19 7 69
19 8 93
19 9 61
19 10 27
19 11 26
19 12 93
19 13 79
19 14 95
19 15 85
19 16 70
19 17 10
19 18 9
19 19 85
19 20 5
19 21 51
19 22 85
19 23 6
19 24 67
19 25 66
19 26 43
19 27 86
19 28 16
19 29 46
19 30 40
19 31 62
19 32 100
19 33 65
19 34 89
19 35 8
19 36 1
19 37 82
19 38 20
19 39 53
19 40 58
20 1 97
20 2 75
20 3 83
20 4 57
20 5 91
20 6 75
20 7 48
20 8 42
20 9 77
20 10 88
20 11 34
20 12 54
20 13 65
20 14 9
20 15 86
20 16 8
20 17 55
20 18 1
20 19 33
20 20 42
20 21 11
20 22 26
20 23 8
20 24 63
20 25 43
20 26 11
20 27 38
20 28 2
20 29 72
20 30 2
20 31 57
20 32 60
20 33 51
20 34 50
20 35 3
20 36 64
20 37 34
20 38 25
20 39 46
20 40 28
21 1 20
21 2 58
21 3 88
21 4 46
21 5 23
21 6 86
21 7 30
21 8 30
21 9 90
21 10 8
21 11 48
21 12 11
21 13 19
21 14 53
21 15 62
21 16 50
21 17 96
21 18 46
21 19 93
21 20 94
21 21 57
21 22 68
21 23 99
21 24 34
21 25 80
21 26 89
21 27 65
21 28 94
21 29 28
21 30 24
21 31 29
21 32 13
21 33 9
21 34 50
21 35 27
21 36 67
21 37 82
21 38 4
21 39 20
21 40 38
22 1 71
22 2 32
22 3 63
22 4 22
22 5 30
22 6 55
22 7 77
22 8 50
22 9 13
22 10 28
22 11 94
22 12 89
22 13 5
22 14 39
22 15 58
22 16 60
22 17 8
22 18 65
22 19 89
22 20 1
22 21 82
22 22 17
22 23 14
22 24 58
22 25 78
22 26 48
22 27 61
22 28 15
22 29 48
22 30 44
22 31 55
22 32 52
22 33 55
22 34 59
22 35 17
22 36 14
22 37 87
22 38 67
22 39 12
22 40 15
23 1 77
23 2 14
23 3 6
23 4 70
23 5 60
23 6 13
23 7 25
23 8 23
23 9 96
23 10 80
23 11 56
23 12 20
23 13 9
23 14 9
23 15 62
23 16 33
23 17 42
23 18 76
23 19 15
23 20 83
23 21 4
23 22 44
23 23 50
23 24 81
23 25 93
23 26 8
23 27 27
23 28 46
23 29 65
23 30 42
23 31 19
23 32 95
23 33 13
23 34 10
23 35 17
23 36 73
23 37 82
23 38 88
23 39 85
23 40 17
24 1 72
24 2 55
24 3 81
24 4 84
24 5 94
24 6 79
24 7 16
24 8 65
24 9 6
24 10 61
24 11 15
24 12 44
24 13 29
24 14 3
24 15 77
24 16 72
24 17 76
24 18 61
24 19 27
24 20 5
24 21 92
24 22 53
24 23 98
24 24 76
24 25 100
24 26 68
24 27 71
24 28 29
24 29 91
24 30 62
24 31 69
24 32 55
24 33 48
24 34 10
24 35 92
24 36 30
24 37 44
24 38 17
24 39 50
24 40 47
25 1 5
25 2 59
25 3 28
25 4 71
25 5 57
25 6 2
25 7 1
25 8 15
25 9 24
25 10 54
25 11 53
25 12 63
25 13 28
25 14 38
25 15 45
25 16 37
25 17 83
25 18 95
25 19 94
25 20 28
25 21 77
25 22 95
25 23 34
25 24 81
25 25 30
25 26 60
25 27 58
25 28 87
25 29 84
25 30 26
25 31 47
25 32 86
25 33 53
25 34 6
25 35 13
25 36 56
25 37 57
25 38 80
25 39 18
25 40 19
26 1 38
26 2 74
26 3 79
26 4 9
26 5 38
26 6 72
26 7 40
26 8 28
26 9 58
26 10 23
26 11 53
26 12 53
26 13 62
26 14 27
26 15 59
26 16 54
26 17 38
26 18 29
26 19 18
26 20 73
26 21 76
26 22 55
26 23 87
26 24 89
26 25 25
26 26 13
26 27 78
26 28 95
26 29 61
26 30 41
26 31 57
26 32 65
26 33 30
26 34 74
26 35 93
26 36 39
26 37 93
26 38 54
26 39 83
26 40 68
27 1 37
27 2 86
27 3 75
27 4 73
27 5 35
27 6 94
27 7 33
27 8 41
27 9 22
27 10 68
27 11 84
27 12 83
27 13 41
27 14 51
27 15 79
27 16 96
27 17 63
27 18 79
27 19 37
27 20 98
27 21 14
27 22 61
27 23 5
27 24 16
27 25 6
27 26 89
27 27 94
27 28 2
27 29 52
27 30 63
27 31 28
27 32 56
27 33 74
27 34 12
27 35 54
27 36 58
27 37 27
27 38 93
27 39 95
27 40 77
28 1 86
28 2 83
28 3 44
28 4 5
28 5 54
28 6 50
28 7 31
28 8 5
28 9 4
28 10 26
28 11 11
28 12 28
28 13 91
28 14 55
28 15 48
28 16 99
28 17 55
28 18 20
28 19 36
28 20 97
28 21 84
28 22 63
28 23 68
28 24 93
28 25 58
28 26 14
28 27 71
28 28 39
28 29 33
28 30 95
28 31 58
28 32 24
28 33 98
28 34 86
28 35 73
28 36 77
28 37 91
28 38 99
28 39 91
28 40 39
29 1 93
29 2 79
29 3 86
29 4 34
29 5 35
29 6 53
29 7 18
29 8 64
29 9 52
29 10 88
29 11 38
29 12 15
29 13 36
29 14 82
29 15 75
29 16 94
29 17 91
29 18 65
29 19 20
29 20 75
29 21 94
29 22 89
29 23 76
29 24 84
29 25 29
29 26 14
29 27 36
29 28 87
29 29 45
29 30 48
29 31 95
29 32 66
29 33 25
29 34 37
29 35 20
29 36 68
29 37 56
29 38 78
29 39 15
29 40 69
30 1 52
30 2 74
30 3 5
30 4 90
30 5 39
30 6 92
30 7 75
30 8 59
30 9 25
30 10 60
30 11 29
30 12 83
30 13 21
30 14 52
30 15 26
30 16 57
30 17 36
30 18 98
30 19 98
30 20 87
30 21 16
30 22 59
30 23 39
30 24 1
30 25 64
30 26 73
30 27 8
30 28 46
30 29 61
30 30 63
30 31 3
30 32 34
30 33 3
30 34 69
30 35 26
30 36 24
30 37 81
30 38 69
30 39 91
30 40 94
31 1 20
31 2 46
31 3 90
31 4 9
31 5 37
31 6 22
31 7 41
31 8 14
31 9 59
31 10 25
31 11 20
31 12 98
31 13 71
31 14 6
31 15 35
31 16 16
31 17 61
31 18 36
31 19 86
31 20 4
31 21 91
31 22 36
31 23 56
31 24 24
31 25 51
31 26 86
31 27 12
31 28 88
31 29 54
31 30 71
31 31 89
31 32 93
31 33 18
31 34 44
31 35 17
31 36 28
31 37 45
31 38 53
31 39 11
31 40 4
32 1 69
32 2 20
32 3 73
32 4 59
32 5 64
32 6 2
32 7 25
32 8 13
32 9 41
32 10 94
32 11 18
32 12 8
32 13 53
32 14 3
32 15 18
32 16 35
32 17 10
32 18 37
32 19 17
32 20 76
32 21 13
32 22 66
32 23 6
32 24 18
32 25 87
32 26 57
32 27 44
32 28 74
32 29 28
32 30 80
32 31 21
32 32 95
32 33 16
32 34 33
32 35 100
32 36 57
32 37 26
32 38 68
32 39 9
32 40 58
33 1 59
33 2 83
33 3 35
33 4 17
33 5 75
33 6 55
33 7 81
33 8 44
33 9 88
33 10 7
33 11 16
33 12 66
33 13 24
33 14 79
33 15 86
33 16 22
33 17 39
33 18 9
33 19 93
33 20 33
33 21 82
33 22 99
33 23 56
33 24 58
33 25 4
33 26 74
33 27 82
33 28 59
33 29 78
33 30 95
33 31 38
33 32 91
33 33 58
33 34 95
33 35 64
33 36 26
33 37 71
33 38 78
33 39 76
33 40 40
34 1 84
34 2 14
34 3 51
34 4 75
34 5 12
34 6 77
34 7 6
34 8 46
34 9 4
34 10 19
34 11 34
34 12 9
34 13 40
34 14 1
34 15 33
34 16 39
34 17 53
34 18 55
34 19 17
34 20 7
34 21 40
34 22 74
34 23 61
34 24 41
34 25 9
34 26 85
34 27 43
34 28 80
34 29 73
34 30 3
34 31 74
34 32 19
34 33 40
34 34 60
34 35 74
34 36 29
34 37 75
34 38 91
34 39 18
34 40 31
35 1 64
35 2 69
35 3 32
35 4 29
35 5 43
35 6 34
35 7 84
35 8 4
35 9 72
35 10 100
35 11 61
35 12 74
35 13 38
35 14 36
35 15 64
35 16 69
35 17 64
35 18 68
35 19 63
35 20 19
35 21 15
35 22 62
35 23 54
35 24 40
35 25 38
35 26 96
35 27 5
35 28 16
35 29 90
35 30 78
35 31 55
35 32 62
35 33 13
35 34 90
35 35 59
35 36 77
35 37 32
35 38 42
35 39 95
35 40 68
36 1 89
36 2 6
36 3 10
36 4 70
36 5 78
36 6 20
36 7 100
36 8 67
36 9 58
36 10 19
36 11 84
36 12 40
36 13 32
36 14 31
36 15 57
36 16 53
36 17 69
36 18 44
36 19 91
36 20 48
36 21 92
36 22 28
36 23 21
36 24 59
36 25 79
36 26 90
36 27 87
36 28 63
36 29 78
36 30 88
36 31 4
36 32 33
36 33 26
36 34 96
36 35 92
36 36 40
36 37 13
36 38 42
36 39 37
36 40 75
37 1 83
37 2 41
37 3 49
37 4 12
37 5 10
37 6 93
37 7 96
37 8 91
37 9 2
37 10 93
37 11 24
37 12 99
37 13 6
37 14 80
37 15 25
37 16 43
37 17 17
37 18 57
37 19 47
37 20 30
37 21 89
37 22 90
37 23 12
37 24 9
37 25 91
37 26 42
37 27 21
37 28 96
37 29 45
37 30 71
37 31 91
37 32 91
37 33 93
37 34 20
37 35 13
37 36 62
37 37 83
37 38 33
37 39 64
37 40 12
38 1 57
38 2 52
38 3 55
38 4 30
38 5 44
38 6 87
38 7 19
38 8 97
38 9 75
38 10 63
38 11 75
38 12 14
38 13 58
38 14 54
38 15 2
38 16 50
38 17 24
38 18 88
38 19 78
38 20 6
38 21 85
38 22 64
38 23 54
38 24 10
38 25 90
38 26 1
38 27 46
38 28 42
38 29 80
38 30 49
38 31 81
38 32 2
38 33 72
38 34 8
38 35 54
38 36 33
38 37 56
38 38 50
38 39 56
38 40 24
39 1 45
39 2 83
39 3 71
39 4 83
39 5 24
39 6 72
39 7 36
39 8 16
39 9 99
39 10 22
39 11 6
39 12 20
39 13 35
39 14 77
39 15 8
39 16 63
39 17 35
39 18 85
39 19 54
39 20 27
39 21 5
39 22 30
39 23 45
39 24 30
39 25 67
39 26 5
39 27 65
39 28 81
39 29 13
39 30 88
39 31 50
39 32 89
39 33 8
39 34 80
39 35 84
39 36 40
39 37 43
39 38 83
39 39 77
39 40 26
40 1 36
40 2 8
40 3 1
40 4 58
40 5 6
40 6 90
40 7 84
40 8 20
40 9 13
40 10 92
40 11 65
40 12 81
40 13 63
40 14 35
40 15 98
40 16 3
40 17 54
40 18 66
40 19 53
40 20 25
40 21 65
40 22 25
40 23 40
40 24 7
40 25 92
40 26 45
40 27 97
40 28 87
40 29 72
40 30 19
40 31 2
40 32 19
40 33 59
40 34 27
40 35 85
40 36 38
40 37 56
40 38 90
40 39 50
40 40 25
