1 1 84
1 2 44
1 3 59
1 4 34
1 5 28
1 6 94
1 7 87
1 8 56
1 9 89
1 10 94
1 11 6
1 12 32
1 13 69
1 14 87
1 15 24
1 16 12
1 17 6
1 18 79
1 19 84
1 20 14
1 21 9
1 22 94
1 23 72
1 24 79
1 25 85
1 26 73
1 27 70
1 28 79
1 29 35
1 30 100
1 31 27
1 32 18
1 33 57
1 34 47
1 35 73
1 36 42
1 37 50
1 38 56
1 39 14
1 40 15
1 41 53
1 42 19
1 43 18
1 44 85
1 45 10
1 46 13
1 47 74
1 48 91
1 49 44
1 50 83
1 51 3
1 52 16
1 53 63
1 54 27
1 55 41
1 56 35
1 57 42
1 58 25
1 59 86
1 60 31
2 1 56
2 2 43
2 3 75
2 4 86
2 5 87
2 6 92
2 7 88
2 8 75
2 9 11
2 10 20
2 11 76
2 12 87
2 13 66
2 14 13
2 15 71
2 16 45
2 17 32
2 18 13
2 19 35
2 20 21
2 21 28
2 22 69
2 23 37
2 24 65
2 25 36
2 26 69
2 27 26
2 28 25
2 29 66
2 30 26
2 31 67
2 32 18
2 33 36
2 34 67
2 35 35
2 36 34
2 37 46
2 38 46
2 39 12
2 40 41
2 41 37
2 42 98
2 43 69
2 44 30
2 45 8
2 46 81
2 47 7
2 48 82
2 49 33
2 50 75
2 51 50
2 52 93
2 53 82
2 54 93
2 55 6
2 56 85
2 57 9
2 58 26
2 59 73
2 60 67
3 1 65
3 2 80
3 3 28
3 4 87
3 5 77
3 6 91
3 7 38
3 8 11
3 9 83
3 10 47
3 11 34
3 12 67
3 13 29
3 14 15
3 15 61
3 16 92
3 17 3
3 18 81
3 19 82
3 20 46
3 21 23
3 22 77
3 23 52
3 24 8
3 25 96
3 26 78
3 27 15
3 28 73
3 29 29
3 30 86
3 31 21
3 32 73
3 33 40
3 34 42
3 35 33
3 36 24
3 37 48
3 38 100
3 39 3
3 40 100
3 41 54
3 42 19
3 43 75
3 44 58
3 45 51
3 46 14
3 47 49
3 48 58
3 49 41
3 50 55
3 51 99
3 52 66
3 53 64
3 54 25
3 55 39
3 56 97
3 57 82
3 58 54
3 59 1
3 60 76
4 1 59
4 2 82
4 3 68
4 4 22
4 5 73
4 6 8
4 7 45
4 8 35
4 9 82
4 10 65
4 11 59
4 12 29
4 13 70
4 14 29
4 15 32
4 16 22
4 17 46
4 18 40
4 19 92
4 20 71
4 21 69
4 22 10
4 23 10
4 24 85
4 25 34
4 26 61
4 27 45
4 28 14
4 29 7
4 30 16
4 31 6
4 32 76
4 33 7
4 34 16
4 35 29
4 36 20
4 37 3
4 38 62
4 39 84
4 40 90
4 41 88
4 42 72
4 43 18
4 44 66
4 45 64
4 46 39
4 47 17
4 48 98
4 49 46
4 50 14
4 51 19
4 52 15
4 53 55
4 54 7
4 55 64
4 56 54
4 57 13
4 58 86
4 59 19
4 60 14
5 1 46
5 2 67
5 3 71
5 4 15
5 5 84
5 6 52
5 7 96
5 8 2
5 9 86
5 10 82
5 11 73
5 12 85
5 13 60
5 14 4
5 15 3
5 16 79
5 17 27
5 18 63
5 19 49
5 20 47
5 21 15
5 22 73
5 23 24
5 24 37
5 25 93
5 26 10
5 27 50
5 28 15
5 29 32
5 30 41
5 31 39
5 32 76
5 33 10
5 34 75
5 35 49
5 36 66
5 37 80
5 38 86
5 39 18
5 40 91
5 41 16
5 42 87
5 43 58
5 44 26
5 45 61
5 46 74
5 47 78
5 48 3
5 49 81
5 50 21
5 51 93
5 52 6
5 53 67
5 54 88
5 55 25
5 56 96
5 57 93
5 58 1
5 59 86
5 60 42
6 1 3
6 2 18
6 3 8
6 4 74
6 5 12
6 6 40
6 7 3
6 8 31
6 9 92
6 10 12
6 11 50
6 12 13
6 13 47
6 14 79
6 15 45
6 16 66
6 17 96
6 18 4
6 19 78
6 20 47
6 21 32
6 22 8
6 23 18
6 24 28
6 25 100
6 26 59
6 27 89
6 28 81
6 29 60
6 30 66
6 31 88
6 32 3
6 33 35
6 34 99
6 35 50
6 36 71
6 37 26
6 38 25
6 39 87
6 40 50
6 41 29
6 42 48
6 43 92
6 44 77
6 45 72
6 46 59
6 47 49
6 48 70
6 49 22
6 50 25
6 51 49
6 52 90
6 53 4
6 54 25
6 55 38
6 56 95
6 57 96
6 58 82
6 59 36
6 60 20
7 1 27
7 2 35
7 3 48
7 4 38
7 5 23
7 6 93
7 7 76
7 8 73
7 9 20
7 10 36
7 11 53
7 12 67
7 13 6
7 14 50
7 15 68
7 16 82
7 17 20
7 18 79
7 19 100
7 20 18
7 21 93
7 22 69
7 23 91
7 24 70
7 25 62
7 26 79
7 27 10
7 28 47
7 29 88
7 30 56
7 31 68
7 32 88
7 33 79
7 34 58
7 35 64
7 36 77
7 37 96
7 38 61
7 39 44
7 40 42
7 41 92
7 42 32
7 43 87
7 44 71
7 45 86
7 46 53
7 47 65
7 48 65
7 49 87
7 50 1
7 51 68
7 52 6
7 53 63
7 54 88
7 55 17
7 56 9
7 57 23
7 58 15
7 59 71
7 60 28
8 1 92
8 2 30
8 3 84
8 4 87
8 5 17
8 6 93
8 7 91
8 8 86
8 9 30
8 10 14
8 11 68
8 12 20
8 13 40
8 14 71
8 15 58
8 16 56
8 17 10
8 18 85
8 19 39
8 20 44
8 21 26
8 22 62
8 23 91
8 24 67
8 25 42
8 26 29
8 27 13
8 28 100
8 29 86
8 30 18
8 31 96
8 32 9
8 33 36
8 34 52
8 35 80
8 36 80
8 37 29
8 38 99
8 39 14
8 40 73
8 41 68
8 42 57
8 43 93
8 44 87
8 45 52
8 46 97
8 47 45
8 48 32
8 49 58
8 50 8
8 51 24
8 52 4
8 53 39
8 54 38
8 55 51
8 56 56
8 57 9
8 58 31
8 59 48
8 60 90
9 1 11
9 2 7
9 3 77
9 4 13
9 5 67
9 6 6
9 7 69
9 8 2
9 9 41
9 10 33
9 11 21
9 12 5
9 13 100
9 14 25
9 15 36
9 16 85
9 17 71
9 18 20
9 19 10
9 20 6
9 21 60
9 22 80
9 23 26
9 24 93
9 25 41
9 26 76
9 27 17
9 28 15
9 29 45
9 30 29
9 31 43
9 32 85
9 33 77
9 34 38
9 35 64
9 36 79
9 37 80
9 38 58
9 39 12
9 40 50
9 41 37
9 42 86
9 43 38
9 44 60
9 45 58
9 46 87
9 47 51
9 48 56
9 49 36
9 50 82
9 51 48
9 52 100
9 53 33
9 54 1
9 55 1
9 56 91
9 57 26
9 58 53
9 59 73
9 60 98
10 1 57
10 2 83
10 3 94
10 4 47
10 5 6
10 6 36
10 7 40
10 8 6
10 9 53
10 10 17
10 11 50
10 12 85
10 13 1
10 14 41
10 15 47
10 16 5
10 17 86
10 18 48
10 19 67
10 20 31
10 21 58
10 22 80
10 23 14
10 24 66
10 25 39
10 26 78
10 27 55
10 28 4
10 29 62
10 30 18
10 31 73
10 32 95
10 33 47
10 34 39
10 35 56
10 36 11
10 37 55
10 38 27
10 39 24
10 40 99
10 41 39
10 42 46
10 43 45
10 44 38
10 45 14
10 46 55
10 47 62
10 48 94
10 49 95
10 50 22
10 51 48
10 52 70
10 53 57
10 54 2
10 55 20
10 56 56
10 57 28
10 58 16
10 59 11
10 60 22
11 1 94
11 2 84
11 3 44
11 4 89
11 5 31
11 6 79
11 7 34
11 8 68
11 9 88
11 10 4
11 11 94
11 12 14
11 13 42
11 14 13
11 15 39
11 16 82
11 17 8
11 18 90
11 19 59
11 20 19
11 21 77
11 22 3
11 23 24
11 24 54
11 25 58
11 26 85
11 27 41
11 28 8
11 29 85
11 30 3
11 31 37
11 32 32
11 33 98
11 34 51
11 35 49
11 36 83
11 37 34
11 38 46
11 39 86
11 40 99
11 41 60
11 42 49
11 43 75
11 44 42
11 45 93
11 46 80
11 47 56
11 48 14
11 49 97
11 50 12
11 51 32
11 52 44
11 53 100
11 54 54
11 55 60
11 56 80
11 57 21
11 58 60
11 59 58
11 60 48
12 1 92
12 2 99
12 3 80
12 4 44
12 5 69
12 6 89
12 7 83
12 8 58
12 9 81
12 10 53
12 11 56
12 12 17
12 13 23
12 14 95
12 15 69
12 16 12
12 17 47
12 18 4
12 19 91
12 20 40
12 21 44
12 22 69
12 23 31
12 24 61
12 25 37
12 26 69
12 27 31
12 28 21
12 29 81
12 30 82
12 31 67
12 32 23
12 33 52
12 34 30
12 35 96
12 36 10
12 37 48
12 38 91
12 39 73
12 40 53
12 41 64
12 42 9
12 43 68
12 44 53
12 45 39
12 46 32
12 47 77
12 48 41
12 49 15
12 50 92
12 51 95
12 52 56
12 53 79
12 54 51
12 55 51
12 56 91
12 57 55
12 58 84
12 59 14
12 60 42
13 1 25
13 2 63
13 3 12
13 4 51
13 5 97
13 6 40
13 7 79
13 8 23
13 9 69
13 10 59
13 11 2
13 12 68
13 13 12
13 14 86
13 15 20
13 16 27
13 17 30
13 18 70
13 19 12
13 20 75
13 21 73
13 22 52
13 23 70
13 24 33
13 25 17
13 26 70
13 27 56
13 28 91
13 29 34
13 30 61
13 31 77
13 32 5
13 33 40
13 34 49
13 35 33
13 36 76
13 37 26
13 38 30
13 39 96
13 40 69
13 41 81
13 42 6
13 43 99
13 44 40
13 45 100
13 46 53
13 47 16
13 48 41
13 49 31
13 50 88
13 51 77
13 52 34
13 53 22
13 54 92
13 55 70
13 56 35
13 57 88
13 58 17
13 59 81
13 60 56
14 1 37
14 2 54
14 3 80
14 4 43
14 5 58
14 6 44
14 7 38
14 8 10
14 9 7
14 10 8
14 11 22
14 12 57
14 13 71
14 14 62
14 15 47
14 16 41
14 17 80
14 18 46
14 19 65
14 20 89
14 21 100
14 22 78
14 23 14
14 24 74
14 25 62
14 26 57
14 27 62
14 28 63
14 29 40
14 30 98
14 31 99
14 32 56
14 33 84
14 34 58
14 35 8
14 36 84
14 37 10
14 38 3
14 39 40
14 40 29
14 41 68
14 42 75
14 43 58
14 44 29
14 45 10
14 46 11
14 47 74
14 48 61
14 49 49
14 50 28
14 51 52
14 52 86
14 53 95
14 54 75
14 55 64
14 56 51
14 57 95
14 58 95
14 59 92
14 60 79
15 1 96
15 2 24
15 3 58
15 4 34
15 5 35
15 6 100
15 7 74
15 8 97
15 9 85
15 10 87
15 11 18
15 12 57
15 13 32
15 14 3
15 15 83
15 16 53
15 17 21
15 18 12
15 19 95
15 20 66
15 21 83
15 22 13
15 23 65
15 24 43
15 25 64
15 26 43
15 27 93
15 28 9
15 29 59
15 30 8
15 31 82
15 32 74
15 33 56
15 34 46
15 35 43
15 36 10
15 37 69
15 38 13
15 39 99
15 40 95
15 41 4
15 42 90
15 43 32
15 44 5
15 45 63
15 46 90
15 47 72
15 48 56
15 49 64
15 50 77
15 51 85
15 52 27
15 53 98
15 54 7
15 55 28
15 56 64
15 57 22
15 58 18
15 59 45
15 60 89
16 1 93
16 2 61
16 3 20
16 4 83
16 5 5
16 6 28
16 7 18
16 8 47
16 9 65
16 10 100
16 11 15
16 12 14
16 13 22
16 14 48
16 15 18
16 16 24
16 17 75
16 18 80
16 19 64
16 20 54
16 21 4
16 22 27
16 23 70
16 24 45
16 25 44
16 26 28
16 27 88
16 28 93
16 29 31
16 30 45
16 31 67
16 32 5
16 33 11
16 34 7
16 35 72
16 36 11
16 37 51
16 38 39
16 39 60
16 40 4
16 41 47
16 42 3
16 43 91
16 44 85
16 45 92
16 46 30
16 47 51
16 48 68
16 49 13
16 50 58
16 51 73
16 52 79
16 53 19
16 54 15
16 55 8
16 56 21
16 57 96
16 58 85
16 59 7
16 60 44
17 1 77
17 2 75
17 3 30
17 4 86
17 5 33
17 6 1
17 7 3
17 8 88
17 9 83
17 10 87
17 11 33
17 12 52
17 13 71
17 14 29
17 15 34
17 16 92
17 17 13
17 18 69
17 19 12
17 20 51
17 21 91
17 22 99
17 23 96
17 24 100
17 25 15
17 26 86
17 27 85
17 28 79
17 29 49
17 30 13
17 31 1
17 32 43
17 33 22
17 34 53
17 35 3
17 36 65
17 37 51
17 38 97
17 39 9
17 40 35
17 41 79
17 42 8
17 43 69
17 44 20
17 45 59
17 46 90
17 47 44
17 48 8
17 49 17
17 50 95
17 51 14
17 52 95
17 53 4
17 54 99
17 55 14
17 56 75
17 57 37
17 58 32
17 59 42
17 60 82
18 1 46
18 2 34
18 3 56
18 4 7
18 5 99
18 6 37
18 7 94
18 8 42
18 9 86
18 10 95
18 11 63
18 12 58
18 13 56
18 14 42
18 15 89
18 16 3
18 17 42
18 18 11
18 19 39
18 20 27
18 21 42
18 22 5
18 23 31
18 24 88
18 25 16
18 26 16
18 27 11
18 28 84
18 29 67
18 30 55
18 31 75
18 32 46
18 33 62
18 34 13
18 35 47
18 36 4
18 37 5
18 38 62
18 39 20
18 40 38
18 41 99
18 42 32
18 43 34
18 44 5
18 45 39
18 46 90
18 47 67
18 48 59
18 49 37
18 50 53
18 51 71
18 52 78
18 53 75
18 54 64
18 55 43
18 56 62
18 57 3
18 58 26
18 59 69
18 60 44
19 1 8
19 2 25
19 3 81
19 4 94
19 5 36
19 6 9
19 7 38
19 8 73
19 9 28
19 10 36
19 11 73
19 12 63
19 13 30
19 14 26
19 15 96
19 16 25
19 17 50
19 18 11
19 19 69
19 20 33
19 21 94
19 22 35
19 23 23
19 24 45
19 25 82
19 26 61
19 27 9
19 28 7
19 29 5
19 30 86
19 31 64
19 32 58
19 33 79
19 34 62
19 35 3
19 36 33
19 37 68
19 38 87
19 39 43
19 40 88
19 41 53
19 42 68
19 43 66
19 44 48
19 45 31
19 46 75
19 47 18
19 48 97
19 49 53
19 50 67
19 51 89
19 52 97
19 53 79
19 54 77
19 55 86
19 56 59
19 57 85
19 58 13
19 59 27
19 60 36
20 1 95
20 2 28
20 3 49
20 4 8
20 5 29
20 6 1
20 7 30
20 8 25
20 9 39
20 10 51
20 11 93
20 12 35
20 13 33
20 14 86
20 15 37
20 16 59
20 17 67
20 18 80
20 19 15
20 20 99
20 21 61
20 22 69
20 23 64
20 24 21
20 25 37
20 26 74
20 27 60
20 28 100
20 29 97
20 30 29
20 31 51
20 32 35
20 33 3
20 34 89
20 35 41
20 36 47
20 37 24
20 38 55
20 39 47
20 40 91
20 41 78
20 42 93
20 43 3
20 44 36
20 45 16
20 46 92
20 47 87
20 48 41
20 49 7
20 50 93
20 51 1
20 52 42
20 53 4
20 54 13
20 55 81
20 56 77
20 57 67
20 58 41
20 59 50
20 60 37
21 1 25
21 2 54
21 3 94
21 4 94
21 5 96
21 6 82
21 7 34
21 8 25
21 9 17
21 10 79
21 11 79
21 12 30
21 13 64
21 14 16
21 15 1
21 16 4
21 17 18
21 18 69
21 19 4
21 20 72
21 21 25
21 22 85
21 23 1
21 24 78
21 25 67
21 26 88
21 27 55
21 28 61
21 29 51
21 30 68
21 31 77
21 32 56
21 33 76
21 34 30
21 35 85
21 36 35
21 37 43
21 38 27
21 39 42
21 40 28
21 41 30
21 42 1
21 43 64
21 44 20
21 45 58
21 46 90
21 47 71
21 48 41
21 49 25
21 50 82
21 51 23
21 52 47
21 53 66
21 54 17
21 55 32
21 56 50
21 57 28
21 58 2
21 59 27
21 60 98
22 1 71
22 2 82
22 3 94
22 4 13
22 5 61
22 6 92
22 7 21
22 8 54
22 9 59
22 10 83
22 11 36
22 12 73
22 13 50
22 14 77
22 15 24
22 16 77
22 17 19
22 18 54
22 19 84
22 20 6
22 21 23
22 22 3
22 23 60
22 24 84
22 25 25
22 26 95
22 27 85
22 28 33
22 29 73
22 30 37
22 31 6
22 32 75
22 33 24
22 34 90
22 35 71
22 36 47
22 37 41
22 38 88
22 39 86
22 40 75
22 41 15
22 42 27
22 43 21
22 44 25
22 45 21
22 46 20
22 47 97
22 48 73
22 49 94
22 50 81
22 51 12
22 52 42
22 53 38
22 54 38
22 55 67
22 56 19
22 57 85
22 58 53
22 59 45
22 60 100
23 1 22
23 2 10
23 3 94
23 4 55
23 5 68
23 6 71
23 7 55
23 8 11
23 9 60
23 10 31
23 11 3
23 12 90
23 13 73
23 14 100
23 15 91
23 16 16
23 17 11
23 18 59
23 19 53
23 20 35
23 21 44
23 22 14
23 23 63
23 24 63
23 25 24
23 26 58
23 27 58
23 28 54
23 29 83
23 30 31
23 31 43
23 32 59
23 33 11
23 34 96
23 35 36
23 36 97
23 37 69
23 38 32
23 39 31
23 40 15
23 41 79
23 42 100
23 43 24
23 44 11
23 45 71
23 46 52
23 47 88
23 48 24
23 49 35
23 50 22
23 51 49
23 52 19
23 53 48
23 54 41
23 55 73
23 56 2
23 57 57
23 58 40
23 59 73
23 60 75
24 1 87
24 2 27
24 3 84
24 4 51
24 5 10
24 6 38
24 7 25
24 8 37
24 9 74
24 10 18
24 11 91
24 12 5
24 13 97
24 14 21
24 15 67
24 16 94
24 17 27
24 18 45
24 19 29
24 20 32
24 21 6
24 22 29
24 23 72
24 24 49
24 25 88
24 26 37
24 27 21
24 28 24
24 29 86
24 30 61
24 31 92
24 32 24
24 33 27
24 34 76
24 35 71
24 36 54
24 37 60
24 38 96
24 39 3
24 40 20
24 41 80
24 42 80
24 43 19
24 44 12
24 45 91
24 46 35
24 47 85
24 48 18
24 49 50
24 50 47
24 51 27
24 52 34
24 53 29
24 54 81
24 55 47
24 56 17
24 57 60
24 58 75
24 59 66
24 60 96
25 1 18
25 2 30
25 3 4
25 4 4
25 5 49
25 6 28
25 7 24
25 8 51
25 9 98
25 10 37
25 11 99
25 12 39
25 13 90
25 14 50
25 15 25
25 16 28
25 17 97
25 18 10
25 19 48
25 20 22
25 21 60
25 22 2
25 23 14
25 24 97
25 25 50
25 26 40
25 27 47
25 28 62
25 29 38
25 30 39
25 31 82
25 32 89
25 33 97
25 34 82
25 35 58
25 36 59
25 37 51
25 38 71
25 39 8
25 40 90
25 41 61
25 42 47
25 43 25
25 44 9
25 45 60
25 46 84
25 47 75
25 48 44
25 49 13
25 50 16
25 51 94
25 52 94
25 53 78
25 54 12
25 55 33
25 56 39
25 57 59
25 58 5
25 59 89
25 60 32
26 1 56
26 2 91
26 3 15
26 4 96
26 5 71
26 6 83
26 7 94
26 8 72
26 9 87
26 10 53
26 11 71
26 12 54
26 13 98
26 14 82
26 15 50
26 16 5
26 17 89
26 18 29
26 19 24
26 20 29
26 21 88
26 22 6
26 23 79
26 24 57
26 25 54
26 26 20
26 27 83
26 28 92
26 29 80
26 30 41
26 31 32
26 32 42
26 33 96
26 34 50
26 35 66
26 36 76
26 37 90
26 38 53
26 39 63
26 40 2
26 41 3
26 42 23
26 43 91
26 44 77
26 45 37
26 46 47
26 47 89
26 48 26
26 49 81
26 50 94
26 51 7
26 52 83
26 53 45
26 54 26
26 55 92
26 56 53
26 57 66
26 58 98
26 59 65
26 60 33
27 1 20
27 2 26
27 3 78
27 4 90
27 5 93
27 6 9
27 7 3
27 8 80
27 9 74
27 10 54
27 11 28
27 12 98
27 13 83
27 14 18
27 15 31
27 16 36
27 17 72
27 18 99
27 19 50
27 20 71
27 21 16
27 22 69
27 23 60
27 24 42
27 25 4
27 26 88
27 27 42
27 28 67
27 29 11
27 30 4
27 31 75
27 32 94
27 33 93
27 34 10
27 35 32
27 36 1
27 37 87
27 38 68
27 39 78
27 40 20
27 41 96
27 42 100
27 43 32
27 44 82
27 45 70
27 46 39
27 47 83
27 48 81
27 49 54
27 50 23
27 51 54
27 52 55
27 53 50
27 54 92
27 55 17
27 56 35
27 57 70
27 58 28
27 59 17
27 60 100
28 1 42
28 2 86
28 3 86
28 4 41
28 5 68
28 6 92
28 7 89
28 8 67
28 9 23
28 10 21
28 11 100
28 12 10
28 13 68
28 14 67
28 15 77
28 16 33
28 17 17
28 18 94
28 19 56
28 20 60
28 21 30
28 22 15
28 23 83
28 24 31
28 25 49
28 26 89
28 27 61
28 28 89
28 29 13
28 30 33
28 31 62
28 32 99
28 33 22
28 34 87
28 35 49
28 36 56
28 37 6
28 38 94
28 39 97
28 40 86
28 41 72
28 42 44
28 43 39
28 44 19
28 45 94
28 46 70
28 47 77
28 48 4
28 49 53
28 50 7
28 51 18
28 52 41
28 53 45
28 54 73
28 55 84
28 56 43
28 57 97
28 58 11
28 59 81
28 60 32
29 1 70
29 2 39
29 3 79
29 4 31
29 5 50
29 6 34
29 7 30
29 8 79
29 9 52
29 10 4
29 11 95
29 12 30
29 13 72
29 14 96
29 15 80
29 16 69
29 17 82
29 18 11
29 19 93
29 20 14
29 21 74
29 22 59
29 23 95
29 24 53
29 25 37
29 26 64
29 27 22
29 28 28
29 29 29
29 30 22
29 31 100
29 32 74
29 33 57
29 34 71
29 35 22
29 36 41
29 37 12
29 38 9
29 39 52
29 40 27
29 41 41
29 42 61
29 43 78
29 44 15
29 45 26
29 46 24
29 47 38
29 48 58
29 49 46
29 50 50
29 51 90
29 52 13
29 53 31
29 54 27
29 55 65
29 56 83
29 57 34
29 58 70
29 59 45
29 60 33
30 1 57
30 2 14
30 3 34
30 4 70
30 5 8
30 6 76
30 7 41
30 8 87
30 9 73
30 10 45
30 11 59
30 12 14
30 13 38
30 14 52
30 15 41
30 16 65
30 17 55
30 18 23
30 19 77
30 20 99
30 21 65
30 22 86
30 23 91
30 24 45
30 25 48
30 26 46
30 27 4
30 28 72
30 29 9
30 30 20
30 31 76
30 32 63
30 33 91
30 34 94
30 35 95
30 36 19
30 37 89
30 38 35
30 39 43
30 40 19
30 41 5
30 42 6
30 43 3
30 44 16
30 45 82
30 46 91
30 47 97
30 48 62
30 49 44
30 50 59
30 51 76
30 52 60
30 53 58
30 54 56
30 55 70
30 56 86
30 57 63
30 58 18
30 59 1
30 60 18
31 1 43
31 2 41
31 3 22
31 4 61
31 5 80
31 6 41
31 7 85
31 8 46
31 9 59
31 10 52
31 11 50
31 12 16
31 13 84
31 14 57
31 15 13
31 16 7
31 17 98
31 18 1
31 19 57
31 20 1
31 21 79
31 22 65
31 23 4
31 24 60
31 25 70
31 26 12
31 27 61
31 28 93
31 29 33
31 30 10
31 31 9
31 32 64
31 33 84
31 34 15
31 35 10
31 36 82
31 37 50
31 38 62
31 39 86
31 40 70
31 41 78
31 42 76
31 43 39
31 44 6
31 45 61
31 46 22
31 47 57
31 48 39
31 49 48
31 50 4
31 51 52
31 52 16
31 53 68
31 54 31
31 55 25
31 56 23
31 57 26
31 58 94
31 59 19
31 60 37
32 1 43
32 2 73
32 3 20
32 4 81
32 5 21
32 6 38
32 7 36
32 8 16
32 9 51
32 10 40
32 11 6
32 12 16
32 13 47
32 14 48
32 15 29
32 16 14
32 17 83
32 18 38
32 19 1
32 20 28
32 21 45
32 22 68
32 23 31
32 24 100
32 25 87
32 26 23
32 27 23
32 28 24
32 29 10
32 30 74
32 31 83
32 32 39
32 33 52
32 34 3
32 35 21
32 36 43
32 37 85
32 38 80
32 39 75
32 40 33
32 41 100
32 42 78
32 43 55
32 44 94
32 45 7
32 46 66
32 47 4
32 48 14
32 49 18
32 50 16
32 51 38
32 52 87
32 53 79
32 54 63
32 55 48
32 56 66
32 57 10
32 58 44
32 59 10
32 60 40
33 1 47
33 2 86
33 3 9
33 4 82
33 5 57
33 6 40
33 7 34
33 8 46
33 9 24
33 10 71
33 11 87
33 12 8
33 13 32
33 14 53
33 15 69
33 16 99
33 17 77
33 18 6
33 19 62
33 20 32
33 21 47
33 22 81
33 23 10
33 24 54
33 25 42
33 26 82
33 27 6
33 28 21
33 29 19
33 30 14
33 31 18
33 32 73
33 33 42
33 34 100
33 35 67
33 36 85
33 37 14
33 38 85
33 39 25
33 40 34
33 41 82
33 42 44
33 43 70
33 44 74
33 45 12
33 46 84
33 47 98
33 48 45
33 49 13
33 50 82
33 51 8
33 52 11
33 53 5
33 54 88
33 55 87
33 56 33
33 57 38
33 58 16
33 59 59
33 60 35
34 1 44
34 2 55
34 3 38
34 4 83
34 5 9
34 6 12
34 7 70
34 8 24
34 9 45
34 10 75
34 11 83
34 12 76
34 13 17
34 14 36
34 15 36
34 16 26
34 17 72
34 18 93
34 19 37
34 20 49
34 21 39
34 22 35
34 23 66
34 24 99
34 25 61
34 26 37
34 27 69
34 28 21
34 29 35
34 30 100
34 31 61
34 32 1
34 33 63
34 34 57
34 35 39
34 36 24
34 37 97
34 38 69
34 39 27
34 40 89
34 41 40
34 42 13
34 43 77
34 44 88
34 45 51
34 46 15
34 47 77
34 48 25
34 49 60
34 50 16
34 51 93
34 52 99
34 53 74
34 54 3
34 55 69
34 56 40
34 57 55
34 58 66
34 59 40
34 60 38
35 1 50
35 2 30
35 3 56
35 4 100
35 5 75
35 6 22
35 7 75
35 8 99
35 9 16
35 10 88
35 11 1
35 12 55
35 13 3
35 14 80
35 15 87
35 16 34
35 17 11
35 18 5
35 19 22
35 20 13
35 21 66
35 22 91
35 23 65
35 24 85
35 25 92
35 26 57
35 27 63
35 28 37
35 29 61
35 30 9
35 31 39
35 32 57
35 33 61
35 34 78
35 35 12
35 36 39
35 37 95
35 38 62
35 39 55
35 40 21
35 41 64
35 42 68
35 43 10
35 44 22
35 45 5
35 46 85
35 47 10
35 48 25
35 49 58
35 50 75
35 51 52
35 52 1
35 53 25
35 54 38
35 55 25
35 56 59
35 57 53
35 58 33
35 59 64
35 60 58
36 1 61
36 2 40
36 3 84
36 4 10
36 5 20
36 6 10
36 7 4
36 8 14
36 9 69
36 10 32
36 11 4
36 12 21
36 13 25
36 14 66
36 15 50
36 16 85
36 17 2
36 18 88
36 19 19
36 20 89
36 21 45
36 22 85
36 23 38
36 24 57
36 25 93
36 26 61
36 27 45
36 28 70
36 29 53
36 30 53
36 31 78
36 32 48
36 33 86
36 34 40
36 35 34
36 36 39
36 37 75
36 38 31
36 39 94
36 40 37
36 41 6
36 42 57
36 43 92
36 44 96
36 45 11
36 46 28
36 47 62
36 48 16
36 49 59
36 50 43
36 51 38
36 52 86
36 53 3
36 54 84
36 55 100
36 56 9
36 57 79
36 58 94
36 59 38
36 60 2
37 1 44
37 2 10
37 3 12
37 4 52
37 5 54
37 6 55
37 7 53
37 8 97
37 9 91
37 10 64
37 11 46
37 12 1
37 13 7
37 14 9
37 15 81
37 16 3
37 17 9
37 18 72
37 19 97
37 20 29
37 21 29
37 22 23
37 23 69
37 24 84
37 25 65
37 26 30
37 27 44
37 28 78
37 29 72
37 30 79
37 31 83
37 32 63
37 33 72
37 34 51
37 35 38
37 36 40
37 37 47
37 38 98
37 39 74
37 40 73
37 41 60
37 42 10
37 43 40
37 44 17
37 45 70
37 46 93
37 47 73
37 48 14
37 49 13
37 50 61
37 51 39
37 52 61
37 53 83
37 54 16
37 55 64
37 56 79
37 57 4
37 58 12
37 59 91
37 60 44
38 1 58
38 2 85
38 3 33
38 4 42
38 5 35
38 6 20
38 7 60
38 8 97
38 9 21
38 10 92
38 11 51
38 12 5
38 13 35
38 14 19
38 15 15
38 16 81
38 17 41
38 18 70
38 19 58
38 20 72
38 21 56
38 22 35
38 23 15
38 24 1
38 25 6
38 26 64
38 27 63
38 28 21
38 29 84
38 30 45
38 31 73
38 32 87
38 33 75
38 34 48
38 35 66
38 36 11
38 37 78
38 38 20
38 39 46
38 40 25
38 41 58
38 42 35
38 43 91
38 44 55
38 45 58
38 46 96
38 47 17
38 48 66
38 49 45
38 50 29
38 51 86
38 52 99
38 53 40
38 54 36
38 55 28
38 56 26
38 57 25
38 58 65
38 59 66
38 60 96
39 1 17
39 2 13
39 3 49
39 4 7
39 5 8
39 6 11
39 7 45
39 8 49
39 9 67
39 10 69
39 11 69
39 12 63
39 13 48
39 14 89
39 15 64
39 16 45
39 17 91
39 18 11
39 19 86
39 20 57
39 21 48
39 22 77
39 23 19
39 24 9
39 25 98
39 26 86
39 27 89
39 28 60
39 29 44
39 30 21
39 31 11
39 32 5
39 33 37
39 34 10
39 35 6
39 36 93
39 37 67
39 38 36
39 39 83
39 40 52
39 41 31
39 42 57
39 43 97
39 44 4
39 45 31
39 46 99
39 47 28
39 48 71
39 49 94
39 50 62
39 51 16
39 52 21
39 53 1
39 54 81
39 55 18
39 56 69
39 57 20
39 58 66
39 59 25
39 60 17
40 1 76
40 2 98
40 3 96
40 4 31
40 5 27
40 6 75
40 7 80
40 8 90
40 9 47
40 10 28
40 11 20
40 12 75
40 13 83
40 14 2
40 15 40
40 16 64
40 17 17
40 18 88
40 19 8
40 20 31
40 21 46
40 22 60
40 23 86
40 24 98
40 25 99
40 26 20
40 27 61
40 28 12
40 29 22
40 30 82
40 31 5
40 32 13
40 33 79
40 34 95
40 35 25
40 36 75
40 37 92
40 38 38
40 39 37
40 40 86
40 41 59
40 42 46
40 43 81
40 44 56
40 45 93
40 46 21
40 47 38
40 48 61
40 49 13
40 50 90
40 51 53
40 52 77
40 53 92
40 54 22
40 55 27
40 56 39
40 57 26
40 58 5
40 59 22
40 60 65
41 1 100
41 2 90
41 3 76
41 4 45
41 5 22
41 6 8
41 7 67
41 8 10
41 9 95
41 10 97
41 11 39
41 12 32
41 13 94
41 14 50
41 15 80
41 16 62
41 17 18
41 18 97
41 19 11
41 20 22
41 21 62
41 22 18
41 23 9
41 24 31
41 25 9
41 26 80
41 27 96
41 28 37
41 29 24
41 30 60
41 31 80
41 32 100
41 33 74
41 34 41
41 35 22
41 36 72
41 37 45
41 38 78
41 39 50
41 40 96
41 41 50
41 42 3
41 43 57
41 44 91
41 45 1
41 46 31
41 47 97
41 48 98
41 49 17
41 50 99
41 51 8
41 52 61
41 53 20
41 54 23
41 55 6
41 56 21
41 57 6
41 58 73
41 59 10
41 60 25
42 1 26
42 2 98
42 3 81
42 4 80
42 5 21
42 6 71
42 7 91
42 8 29
42 9 35
42 10 91
42 11 85
42 12 62
42 13 94
42 14 47
42 15 87
42 16 43
42 17 80
42 18 42
42 19 45
42 20 5
42 21 70
42 22 67
42 23 13
42 24 41
42 25 93
42 26 99
42 27 99
42 28 94
42 29 17
42 30 6
42 31 45
42 32 34
42 33 93
42 34 92
42 35 19
42 36 90
42 37 91
42 38 36
42 39 55
42 40 18
42 41 81
42 42 68
42 43 8
42 44 56
42 45 100
42 46 48
42 47 75
42 48 97
42 49 84
42 50 77
42 51 67
42 52 96
42 53 35
42 54 94
42 55 56
42 56 49
42 57 44
42 58 17
42 59 29
42 60 74
43 1 2
43 2 51
43 3 82
43 4 63
43 5 90
43 6 56
43 7 4
43 8 88
43 9 25
43 10 63
43 11 87
43 12 78
43 13 25
43 14 18
43 15 73
43 16 43
43 17 97
43 18 78
43 19 2
43 20 3
43 21 10
43 22 76
43 23 63
43 24 25
43 25 9
43 26 76
43 27 5
43 28 86
43 29 92
43 30 37
43 31 96
43 32 85
43 33 42
43 34 11
43 35 24
43 36 98
43 37 77
43 38 33
43 39 66
43 40 1
43 41 37
43 42 75
43 43 95
43 44 73
43 45 20
43 46 79
43 47 19
43 48 96
43 49 53
43 50 32
43 51 3
43 52 60
43 53 53
43 54 96
43 55 34
43 56 27
43 57 87
43 58 92
43 59 86
43 60 40
44 1 47
44 2 58
44 3 46
44 4 34
44 5 17
44 6 28
44 7 75
44 8 42
44 9 18
44 10 7
44 11 33
44 12 38
44 13 58
44 14 67
44 15 7
44 16 21
44 17 95
44 18 42
44 19 21
44 20 24
44 21 2
44 22 55
44 23 50
44 24 82
44 25 71
44 26 8
44 27 91
44 28 41
44 29 14
44 30 3
44 31 57
44 32 60
44 33 2
44 34 62
44 35 35
44 36 75
44 37 51
44 38 28
44 39 50
44 40 76
44 41 21
44 42 23
44 43 94
44 44 89
44 45 90
44 46 88
44 47 60
44 48 26
44 49 15
44 50 35
44 51 70
44 52 50
44 53 45
44 54 34
44 55 13
44 56 45
44 57 49
44 58 93
44 59 59
44 60 63
45 1 86
45 2 36
45 3 4
45 4 81
45 5 61
45 6 32
45 7 92
45 8 4
45 9 68
45 10 84
45 11 31
45 12 66
45 13 69
45 14 53
45 15 29
45 16 77
45 17 49
45 18 100
45 19 42
45 20 1
45 21 26
45 22 62
45 23 74
45 24 38
45 25 90
45 26 32
45 27 13
45 28 63
45 29 12
45 30 19
45 31 56
45 32 80
45 33 88
45 34 5
45 35 8
45 36 29
45 37 44
45 38 71
45 39 65
45 40 50
45 41 73
45 42 67
45 43 49
45 44 26
45 45 3
45 46 99
45 47 63
45 48 34
45 49 24
45 50 57
45 51 68
45 52 54
45 53 12
45 54 56
45 55 1
45 56 49
45 57 71
45 58 83
45 59 81
45 60 37
46 1 82
46 2 21
46 3 76
46 4 88
46 5 4
46 6 99
46 7 43
46 8 57
46 9 66
46 10 68
46 11 10
46 12 61
46 13 83
46 14 41
46 15 52
46 16 31
46 17 11
46 18 22
46 19 86
46 20 93
46 21 24
46 22 55
46 23 68
46 24 39
46 25 89
46 26 79
46 27 47
46 28 71
46 29 12
46 30 78
46 31 80
46 32 90
46 33 6
46 34 52
46 35 51
46 36 33
46 37 73
46 38 84
46 39 5
46 40 18
46 41 89
46 42 83
46 43 64
46 44 63
46 45 50
46 46 3
46 47 54
46 48 18
46 49 31
46 50 64
46 51 100
46 52 16
46 53 23
46 54 43
46 55 94
46 56 100
46 57 43
46 58 13
46 59 43
46 60 54
47 1 27
47 2 60
47 3 8
47 4 67
47 5 35
47 6 49
47 7 98
47 8 37
47 9 19
47 10 99
47 11 37
47 12 29
47 13 75
47 14 21
47 15 51
47 16 15
47 17 47
47 18 36
47 19 22
47 20 79
47 21 64
47 22 78
47 23 88
47 24 79
47 25 65
47 26 49
47 27 48
47 28 32
47 29 21
47 30 33
47 31 12
47 32 18
47 33 83
47 34 39
47 35 36
47 36 69
47 37 52
47 38 75
47 39 8
47 40 50
47 41 19
47 42 40
47 43 21
47 44 54
47 45 22
47 46 41
47 47 70
47 48 99
47 49 5
47 50 83
47 51 75
47 52 6
47 53 46
47 54 64
47 55 44
47 56 18
47 57 60
47 58 82
47 59 85
47 60 65
48 1 12
48 2 58
48 3 49
48 4 41
48 5 30
48 6 71
48 7 86
48 8 85
48 9 50
48 10 86
48 11 87
48 12 60
48 13 66
48 14 68
48 15 65
48 16 68
48 17 77
48 18 14
48 19 69
48 20 3
48 21 90
48 22 92
48 23 78
48 24 38
48 25 26
48 26 34
48 27 83
48 28 43
48 29 66
48 30 66
48 31 48
48 32 20
48 33 87
48 34 91
48 35 42
48 36 78
48 37 60
48 38 53
48 39 11
48 40 19
48 41 43
48 42 4
48 43 37
48 44 30
48 45 54
48 46 44
48 47 29
48 48 47
48 49 6
48 50 28
48 51 71
48 52 69
48 53 61
48 54 12
48 55 42
48 56 69
48 57 16
48 58 91
48 59 39
48 60 8
49 1 47
49 2 74
49 3 22
49 4 86
49 5 31
49 6 7
49 7 31
49 8 26
49 9 21
49 10 47
49 11 71
49 12 86
49 13 73
49 14 69
49 15 63
49 16 96
49 17 5
49 18 30
49 19 29
49 20 9
49 21 60
49 22 5
49 23 29
49 24 59
49 25 75
49 26 97
49 27 16
49 28 10
49 29 93
49 30 44
49 31 10
49 32 74
49 33 57
49 34 36
49 35 51
49 36 17
49 37 91
49 38 30
49 39 79
49 40 33
49 41 91
49 42 36
49 43 23
49 44 13
49 45 40
49 46 35
49 47 1
49 48 59
49 49 67
49 50 8
49 51 4
49 52 19
49 53 97
49 54 85
49 55 67
49 56 16
49 57 39
49 58 45
49 59 47
49 60 19
50 1 16
50 2 23
50 3 79
50 4 77
50 5 44
50 6 9
50 7 77
50 8 43
50 9 79
50 10 56
50 11 49
50 12 6
50 13 55
50 14 57
50 15 90
50 16 12
50 17 35
50 18 3
50 19 51
50 20 30
50 21 1
50 22 38
50 23 16
50 24 38
50 25 30
50 26 34
50 27 96
50 28 29
50 29 65
50 30 13
50 31 8
50 32 22
50 33 77
50 34 18
50 35 71
50 36 98
50 37 48
50 38 13
50 39 40
50 40 87
50 41 46
50 42 17
50 43 63
50 44 84
50 45 83
50 46 50
50 47 70
50 48 6
50 49 80
50 50 83
50 51 56
50 52 95
50 53 82
50 54 34
50 55 44
50 56 2
50 57 10
50 58 58
50 59 15
50 60 20
51 1 93
51 2 61
51 3 34
51 4 94
51 5 78
51 6 40
51 7 87
51 8 50
51 9 6
51 10 69
51 11 70
51 12 46
51 13 74
51 14 38
51 15 60
51 16 45
51 17 94
51 18 49
51 19 26
51 20 9
51 21 27
51 22 98
51 23 85
51 24 79
51 25 48
51 26 87
51 27 64
51 28 73
51 29 4
51 30 34
51 31 97
51 32 31
51 33 45
51 34 71
51 35 70
51 36 42
51 37 18
51 38 57
51 39 99
51 40 70
51 41 12
51 42 83
51 43 91
51 44 72
51 45 27
51 46 88
51 47 34
51 48 22
51 49 9
51 50 54
51 51 63
51 52 93
51 53 88
51 54 20
51 55 62
51 56 5
51 57 50
51 58 21
51 59 8
51 60 59
52 1 33
52 2 30
52 3 17
52 4 35
52 5 30
52 6 75
52 7 71
52 8 88
52 9 49
52 10 31
52 11 78
52 12 29
52 13 67
52 14 60
52 15 23
52 16 58
52 17 32
52 18 92
52 19 43
52 20 36
52 21 48
52 22 47
52 23 28
52 24 68
52 25 37
52 26 47
52 27 67
52 28 6
52 29 99
52 30 92
52 31 22
52 32 52
52 33 68
52 34 10
52 35 15
52 36 100
52 37 30
52 38 4
52 39 96
52 40 6
52 41 45
52 42 38
52 43 88
52 44 85
52 45 53
52 46 33
52 47 56
52 48 22
52 49 86
52 50 92
52 51 71
52 52 3
52 53 42
52 54 61
52 55 56
52 56 21
52 57 91
52 58 42
52 59 69
52 60 20
53 1 27
53 2 49
53 3 40
53 4 17
53 5 3
53 6 64
53 7 37
53 8 2
53 9 11
53 10 48
53 11 45
53 12 13
53 13 13
53 14 65
53 15 88
53 16 59
53 17 75
53 18 88
53 19 91
53 20 63
53 21 32
53 22 83
53 23 58
53 24 17
53 25 7
53 26 5
53 27 71
53 28 35
53 29 84
53 30 27
53 31 25
53 32 56
53 33 74
53 34 64
53 35 50
53 36 37
53 37 12
53 38 31
53 39 53
53 40 20
53 41 61
53 42 41
53 43 38
53 44 69
53 45 70
53 46 98
53 47 15
53 48 4
53 49 34
53 50 52
53 51 15
53 52 60
53 53 99
53 54 25
53 55 7
53 56 36
53 57 6
53 58 19
53 59 67
53 60 77
54 1 64
54 2 6
54 3 84
54 4 53
54 5 88
54 6 67
54 7 37
54 8 28
54 9 97
54 10 3
54 11 29
54 12 12
54 13 69
54 14 68
54 15 83
54 16 83
54 17 79
54 18 58
54 19 40
54 20 31
54 21 90
54 22 92
54 23 17
54 24 100
54 25 93
54 26 63
54 27 52
54 28 81
54 29 59
54 30 89
54 31 49
54 32 51
54 33 31
54 34 39
54 35 98
54 36 43
54 37 24
54 38 59
54 39 94
54 40 79
54 41 33
54 42 2
54 43 43
54 44 91
54 45 61
54 46 21
54 47 10
54 48 100
54 49 82
54 50 64
54 51 33
54 52 84
54 53 31
54 54 12
54 55 77
54 56 21
54 57 82
54 58 32
54 59 46
54 60 70
55 1 88
55 2 88
55 3 70
55 4 39
55 5 84
55 6 56
55 7 57
55 8 50
55 9 92
55 10 13
55 11 66
55 12 9
55 13 13
55 14 53
55 15 52
55 16 79
55 17 53
55 18 61
55 19 27
55 20 55
55 21 84
55 22 13
55 23 8
55 24 52
55 25 15
55 26 84
55 27 33
55 28 16
55 29 25
55 30 36
55 31 76
55 32 24
55 33 28
55 34 38
55 35 69
55 36 7
55 37 25
55 38 71
55 39 68
55 40 40
55 41 17
55 42 29
55 43 16
55 44 56
55 45 70
55 46 60
55 47 90
55 48 37
55 49 74
55 50 93
55 51 85
55 52 70
55 53 20
55 54 98
55 55 7
55 56 28
55 57 81
55 58 17
55 59 97
55 60 13
56 1 71
56 2 71
56 3 90
56 4 27
56 5 64
56 6 78
56 7 67
56 8 15
56 9 9
56 10 85
56 11 33
56 12 2
56 13 42
56 14 71
56 15 37
56 16 21
56 17 34
56 18 65
56 19 98
56 20 97
56 21 61
56 22 2
56 23 64
56 24 19
56 25 51
56 26 40
56 27 36
56 28 71
56 29 19
56 30 7
56 31 75
56 32 59
56 33 66
56 34 51
56 35 55
56 36 86
56 37 41
56 38 36
56 39 89
56 40 37
56 41 50
56 42 60
56 43 43
56 44 1
56 45 43
56 46 98
56 47 69
56 48 13
56 49 94
56 50 22
56 51 90
56 52 6
56 53 4
56 54 42
56 55 55
56 56 49
56 57 89
56 58 43
56 59 87
56 60 57
57 1 65
57 2 26
57 3 26
57 4 98
57 5 68
57 6 40
57 7 81
57 8 22
57 9 2
57 10 85
57 11 37
57 12 11
57 13 100
57 14 86
57 15 69
57 16 31
57 17 6
57 18 53
57 19 57
57 20 56
57 21 8
57 22 93
57 23 95
57 24 14
57 25 53
57 26 71
57 27 46
57 28 93
57 29 97
57 30 43
57 31 96
57 32 40
57 33 98
57 34 31
57 35 86
57 36 91
57 37 32
57 38 80
57 39 72
57 40 63
57 41 6
57 42 42
57 43 10
57 44 18
57 45 79
57 46 9
57 47 74
57 48 94
57 49 84
57 50 74
57 51 74
57 52 74
57 53 65
57 54 72
57 55 97
57 56 95
57 57 71
57 58 24
57 59 48
57 60 100
58 1 30
58 2 22
58 3 51
58 4 91
58 5 23
58 6 33
58 7 100
58 8 99
58 9 66
58 10 33
58 11 14
58 12 70
58 13 31
58 14 94
58 15 58
58 16 60
58 17 65
58 18 32
58 19 83
58 20 30
58 21 26
58 22 77
58 23 49
58 24 52
58 25 98
58 26 73
58 27 1
58 28 80
58 29 90
58 30 15
58 31 29
58 32 95
58 33 32
58 34 89
58 35 79
58 36 45
58 37 30
58 38 41
58 39 41
58 40 55
58 41 11
58 42 12
58 43 9
58 44 84
58 45 39
58 46 78
58 47 48
58 48 74
58 49 75
58 50 47
58 51 100
58 52 28
58 53 10
58 54 10
58 55 77
58 56 4
58 57 45
58 58 4
58 59 53
58 60 13
59 1 96
59 2 51
59 3 5
59 4 16
59 5 71
59 6 61
59 7 98
59 8 89
59 9 54
59 10 47
59 11 23
59 12 95
59 13 27
59 14 40
59 15 92
59 16 83
59 17 24
59 18 50
59 19 84
59 20 12
59 21 62
59 22 10
59 23 76
59 24 6
59 25 27
59 26 93
59 27 71
59 28 44
59 29 70
59 30 21
59 31 57
59 32 42
59 33 91
59 34 46
59 35 36
59 36 23
59 37 64
59 38 6
59 39 15
59 40 21
59 41 3
59 42 56
59 43 42
59 44 70
59 45 13
59 46 97
59 47 46
59 48 36
59 49 73
59 50 2
59 51 42
59 52 91
59 53 38
59 54 50
59 55 94
59 56 33
59 57 99
59 58 90
59 59 9
59 60 19
60 1 78
60 2 28
60 3 36
60 4 33
60 5 82
60 6 92
60 7 35
60 8 93
60 9 52
60 10 17
60 11 56
60 12 31
60 13 63
60 14 90
60 15 6
60 16 95
60 17 12
60 18 1
60 19 73
60 20 77
60 21 69
60 22 87
60 23 69
60 24 12
60 25 79
60 26 9
60 27 68
60 28 5
60 29 17
60 30 66
60 31 56
60 32 74
60 33 36
60 34 29
60 35 33
60 36 67
60 37 93
60 38 50
60 39 59
60 40 8
60 41 75
60 42 63
60 43 96
60 44 75
60 45 35
60 46 38
60 47 60
60 48 99
60 49 58
60 50 22
60 51 37
60 52 5
60 53 59
60 54 28
60 55 70
60 56 75
60 57 93
60 58 89
60 59 67
60 60 55
