2 1
2 2
2 3
2 4
2 8
2 10
2 11
2 14
2 15
2 17
2 19
2 26
2 28
2 31
2 35
2 36
2 38
2 41
2 43
2 45
2 51
2 58
2 59
2 60
3 1
3 5
3 6
3 7
3 10
3 11
3 14
3 18
3 19
3 22
3 25
3 27
3 28
3 29
3 32
3 33
3 40
3 45
3 48
3 51
3 55
3 56
3 58
3 59
3 60
4 1
4 2
4 8
4 13
4 14
4 17
4 18
4 19
4 27
4 29
4 31
4 32
4 33
4 34
4 38
4 39
4 40
4 41
4 42
4 43
4 45
4 46
4 47
4 48
4 50
4 51
4 54
4 55
4 56
4 57
4 59
4 60
5 2
5 3
5 8
5 10
5 16
5 18
5 19
5 20
5 23
5 26
5 28
5 30
5 34
5 37
5 38
5 40
5 41
5 44
5 49
5 57
5 58
6 2
6 3
6 5
6 6
6 7
6 8
6 9
6 10
6 11
6 14
6 19
6 21
6 22
6 26
6 27
6 28
6 31
6 32
6 33
6 34
6 35
6 36
6 37
6 38
6 40
6 41
6 42
6 43
6 45
6 51
6 52
6 53
6 55
6 56
6 60
7 1
7 5
7 6
7 8
7 11
7 12
7 13
7 14
7 17
7 19
7 20
7 22
7 34
7 35
7 39
7 40
7 42
7 44
7 47
7 48
7 56
7 57
7 58
7 59
7 60
8 1
8 2
8 5
8 6
8 10
8 11
8 16
8 17
8 18
8 19
8 21
8 25
8 27
8 31
8 33
8 34
8 37
8 40
8 41
8 43
8 48
8 49
8 50
8 51
8 52
8 55
9 1
9 3
9 5
9 6
9 7
9 8
9 10
9 11
9 16
9 18
9 19
9 23
9 26
9 27
9 29
9 35
9 36
9 39
9 40
9 42
9 44
9 45
9 46
9 54
9 55
9 56
10 2
10 4
10 5
10 6
10 7
10 8
10 9
10 10
10 12
10 13
10 15
10 16
10 18
10 19
10 21
10 24
10 27
10 31
10 34
10 37
10 41
10 42
10 47
10 51
10 53
10 55
10 57
10 60
11 2
11 3
11 4
11 7
11 9
11 11
11 12
11 13
11 14
11 15
11 16
11 17
11 19
11 20
11 21
11 23
11 25
11 28
11 31
11 32
11 33
11 34
11 35
11 36
11 37
11 38
11 39
11 41
11 43
11 45
11 47
11 48
11 55
11 56
11 57
11 58
11 59
11 60
12 5
12 6
12 7
12 9
12 11
12 16
12 17
12 18
12 19
12 20
12 23
12 24
12 26
12 31
12 32
12 33
12 34
12 35
12 36
12 38
12 39
12 40
12 42
12 43
12 44
12 45
12 46
12 48
12 49
12 51
12 53
12 55
12 56
12 57
12 58
12 60
13 1
13 3
13 4
13 5
13 7
13 9
13 10
13 13
13 15
13 16
13 18
13 19
13 21
13 26
13 27
13 30
13 31
13 35
13 38
13 39
13 40
13 42
13 43
13 47
13 48
13 56
13 58
13 59
13 60
14 1
14 2
14 7
14 8
14 9
14 11
14 12
14 13
14 14
14 15
14 16
14 18
14 20
14 21
14 22
14 25
14 26
14 27
14 28
14 30
14 33
14 35
14 36
14 37
14 39
14 40
14 41
14 42
14 45
14 46
14 47
14 48
14 49
14 51
14 52
14 55
14 59
14 60
15 4
15 5
15 6
15 7
15 10
15 14
15 18
15 19
15 21
15 22
15 23
15 26
15 30
15 31
15 36
15 37
15 40
15 41
15 43
15 50
15 52
15 54
15 55
15 56
15 57
16 1
16 2
16 3
16 4
16 8
16 9
16 12
16 16
16 17
16 18
16 20
16 22
16 25
16 27
16 28
16 29
16 30
16 31
16 33
16 37
16 39
16 40
16 41
16 42
16 43
16 45
16 46
16 48
16 49
16 51
16 54
16 55
16 57
16 58
16 59
16 60
17 2
17 4
17 5
17 7
17 16
17 22
17 23
17 27
17 29
17 33
17 34
17 38
17 40
17 41
17 43
17 44
17 46
17 47
17 48
17 52
17 54
17 55
17 56
17 60
18 1
18 2
18 3
18 5
18 6
18 9
18 10
18 13
18 15
18 16
18 18
18 20
18 24
18 30
18 31
18 32
18 35
18 36
18 37
18 38
18 40
18 43
18 44
18 45
18 47
18 52
18 54
18 56
18 58
18 60
19 2
19 3
19 6
19 8
19 9
19 12
19 13
19 14
19 16
19 19
19 20
19 22
19 24
19 26
19 27
19 28
19 30
19 31
19 33
19 36
19 37
19 43
19 44
19 47
19 51
19 52
19 54
19 55
19 57
19 58
19 59
20 2
20 3
20 5
20 9
20 13
20 16
20 19
20 24
20 31
20 32
20 33
20 39
20 42
20 45
20 46
20 48
20 50
20 53
20 54
20 55
20 56
20 58
21 1
21 5
21 6
21 7
21 9
21 13
21 14
21 22
21 23
21 25
21 26
21 28
21 30
21 38
21 42
21 44
21 49
21 50
21 51
21 53
21 55
21 57
21 58
21 60
22 3
22 4
22 5
22 7
22 10
22 11
22 12
22 13
22 19
22 22
22 26
22 27
22 28
22 29
22 31
22 32
22 33
22 34
22 36
22 38
22 43
22 44
22 46
22 49
22 50
22 53
22 54
22 57
22 58
22 59
22 60
23 1
23 2
23 5
23 6
23 7
23 9
23 12
23 14
23 16
23 17
23 18
23 19
23 20
23 21
23 23
23 25
23 26
23 27
23 29
23 31
23 37
23 38
23 39
23 40
23 41
23 42
23 44
23 47
23 48
23 49
23 50
23 52
23 53
23 55
24 1
24 2
24 3
24 4
24 6
24 7
24 9
24 10
24 11
24 12
24 13
24 14
24 15
24 17
24 18
24 19
24 20
24 21
24 23
24 24
24 28
24 29
24 31
24 32
24 33
24 34
24 35
24 37
24 50
24 51
24 52
24 54
24 56
24 57
24 58
24 59
24 60
25 1
25 4
25 5
25 6
25 9
25 11
25 12
25 13
25 14
25 16
25 17
25 18
25 19
25 20
25 21
25 22
25 25
25 27
25 30
25 32
25 34
25 35
25 39
25 40
25 41
25 44
25 45
25 51
25 54
25 57
25 59
25 60
26 6
26 7
26 14
26 15
26 16
26 19
26 21
26 24
26 25
26 27
26 29
26 31
26 32
26 33
26 34
26 35
26 39
26 40
26 41
26 42
26 45
26 46
26 48
26 49
26 53
26 54
26 57
26 59
26 60
27 3
27 4
27 9
27 11
27 12
27 13
27 14
27 16
27 17
27 18
27 21
27 25
27 28
27 29
27 37
27 41
27 45
27 48
27 49
27 51
27 54
27 55
27 56
28 2
28 3
28 6
28 7
28 8
28 9
28 11
28 12
28 13
28 15
28 19
28 20
28 25
28 26
28 27
28 28
28 30
28 31
28 32
28 34
28 35
28 38
28 39
28 45
28 46
28 47
28 50
28 51
28 52
28 53
28 56
28 57
28 58
28 59
28 60
29 4
29 5
29 6
29 10
29 13
29 14
29 15
29 17
29 19
29 21
29 22
29 23
29 25
29 26
29 27
29 28
29 29
29 30
29 32
29 33
29 34
29 36
29 37
29 38
29 39
29 40
29 43
29 44
29 45
29 49
29 50
29 51
29 52
29 56
29 58
29 59
30 2
30 4
30 5
30 7
30 8
30 9
30 10
30 12
30 15
30 16
30 17
30 19
30 22
30 24
30 25
30 28
30 29
30 30
30 31
30 32
30 34
30 35
30 40
30 41
30 42
30 44
30 47
30 48
30 50
30 51
30 52
30 55
30 59
30 60
31 1
31 2
31 5
31 15
31 16
31 17
31 18
31 22
31 26
31 31
31 32
31 35
31 36
31 38
31 39
31 40
31 41
31 45
31 47
31 48
31 54
31 55
31 59
32 1
32 2
32 4
32 5
32 7
32 10
32 14
32 15
32 17
32 21
32 27
32 29
32 30
32 32
32 38
32 40
32 41
32 45
32 46
32 50
32 52
32 53
32 54
32 55
32 56
32 59
33 1
33 6
33 7
33 9
33 12
33 13
33 14
33 17
33 18
33 19
33 20
33 22
33 23
33 24
33 25
33 26
33 27
33 28
33 29
33 30
33 32
33 33
33 34
33 35
33 38
33 39
33 40
33 41
33 43
33 52
33 55
33 57
33 60
34 2
34 3
34 5
34 8
34 10
34 18
34 20
34 21
34 22
34 23
34 29
34 30
34 32
34 36
34 38
34 39
34 40
34 42
34 43
34 44
34 45
34 48
34 49
34 50
34 51
34 54
34 57
34 58
34 59
34 60
35 5
35 9
35 10
35 12
35 18
35 23
35 27
35 28
35 29
35 32
35 33
35 34
35 35
35 37
35 38
35 39
35 41
35 42
35 43
35 44
35 45
35 50
35 51
35 53
35 54
35 55
35 56
35 57
35 58
35 59
35 60
36 3
36 5
36 6
36 10
36 11
36 15
36 17
36 21
36 22
36 27
36 33
36 34
36 35
36 36
36 42
36 45
36 46
36 47
36 49
36 51
36 52
36 53
36 54
36 59
36 60
37 1
37 2
37 3
37 4
37 5
37 6
37 9
37 11
37 13
37 15
37 16
37 20
37 21
37 22
37 24
37 28
37 29
37 31
37 32
37 34
37 37
37 38
37 39
37 40
37 41
37 42
37 43
37 47
37 48
37 50
37 51
37 54
37 55
37 56
37 57
37 58
37 59
37 60
38 3
38 4
38 5
38 6
38 7
38 14
38 15
38 20
38 22
38 24
38 25
38 26
38 27
38 29
38 30
38 32
38 35
38 36
38 37
38 39
38 41
38 42
38 45
38 46
38 48
38 49
38 50
38 52
38 53
38 54
38 58
38 59
38 60
39 4
39 7
39 8
39 9
39 10
39 11
39 15
39 20
39 22
39 23
39 24
39 25
39 26
39 29
39 31
39 32
39 34
39 38
39 39
39 40
39 44
39 47
39 48
39 49
39 51
39 59
40 1
40 3
40 4
40 5
40 7
40 9
40 10
40 12
40 14
40 20
40 21
40 23
40 26
40 28
40 29
40 30
40 32
40 33
40 36
40 38
40 40
40 41
40 43
40 44
40 46
40 50
40 51
40 54
40 58
40 59
40 60
41 1
41 3
41 4
41 13
41 14
41 16
41 17
41 19
41 21
41 23
41 25
41 27
41 29
41 30
41 31
41 33
41 34
41 35
41 37
41 38
41 39
41 40
41 42
41 43
41 44
41 45
41 46
41 47
41 49
41 52
41 54
41 57
41 59
41 60
42 3
42 6
42 9
42 10
42 12
42 13
42 15
42 16
42 21
42 23
42 25
42 27
42 30
42 31
42 32
42 35
42 37
42 38
42 39
42 40
42 42
42 44
42 45
42 46
42 47
42 48
42 49
42 50
42 53
42 56
42 57
42 58
42 60
43 1
43 3
43 4
43 11
43 12
43 13
43 14
43 16
43 17
43 18
43 19
43 20
43 21
43 23
43 24
43 26
43 28
43 30
43 32
43 41
43 45
43 46
43 48
43 50
43 51
43 56
43 57
43 58
43 59
43 60
44 1
44 2
44 3
44 4
44 5
44 6
44 10
44 11
44 14
44 18
44 20
44 21
44 27
44 30
44 31
44 32
44 40
44 42
44 43
44 45
44 46
44 48
44 52
44 53
44 55
44 57
44 60
45 1
45 3
45 5
45 6
45 8
45 9
45 11
45 12
45 15
45 16
45 18
45 19
45 20
45 22
45 23
45 25
45 26
45 28
45 30
45 36
45 37
45 41
45 42
45 44
45 47
45 48
45 49
45 50
45 53
45 56
45 58
45 59
45 60
46 1
46 3
46 4
46 5
46 6
46 9
46 10
46 11
46 13
46 14
46 15
46 18
46 19
46 21
46 23
46 24
46 26
46 29
46 30
46 31
46 32
46 39
46 40
46 43
46 45
46 47
46 50
46 51
46 53
46 56
46 57
46 58
47 1
47 6
47 8
47 9
47 10
47 12
47 13
47 14
47 15
47 18
47 20
47 22
47 23
47 25
47 26
47 27
47 29
47 30
47 31
47 33
47 34
47 35
47 37
47 38
47 41
47 44
47 45
47 48
47 49
47 53
47 55
47 56
47 57
47 58
47 60
48 2
48 4
48 6
48 7
48 8
48 9
48 12
48 13
48 16
48 17
48 18
48 19
48 22
48 27
48 28
48 29
48 32
48 33
48 34
48 37
48 38
48 41
48 42
48 45
48 46
48 48
48 52
48 53
48 54
48 55
48 56
48 59
48 60
49 1
49 2
49 4
49 6
49 8
49 9
49 10
49 11
49 13
49 15
49 18
49 21
49 23
49 24
49 26
49 27
49 28
49 29
49 33
49 36
49 37
49 38
49 40
49 41
49 42
49 50
49 52
49 58
49 60
50 5
50 6
50 8
50 11
50 12
50 14
50 17
50 19
50 22
50 23
50 26
50 27
50 30
50 35
50 38
50 40
50 41
50 43
50 44
50 46
50 48
50 52
50 53
50 56
50 57
50 58
50 59
51 1
51 2
51 3
51 5
51 6
51 9
51 10
51 11
51 15
51 16
51 17
51 18
51 19
51 20
51 23
51 24
51 25
51 29
51 30
51 32
51 33
51 35
51 36
51 38
51 39
51 40
51 41
51 42
51 44
51 45
51 48
51 50
51 52
51 53
51 54
51 55
51 56
52 2
52 3
52 4
52 5
52 6
52 8
52 15
52 17
52 19
52 21
52 23
52 25
52 28
52 30
52 32
52 33
52 36
52 38
52 42
52 43
52 44
52 45
52 47
52 48
52 51
52 52
52 53
52 54
52 60
53 1
53 2
53 4
53 5
53 6
53 9
53 10
53 12
53 15
53 18
53 20
53 21
53 25
53 26
53 27
53 29
53 30
53 33
53 35
53 36
53 40
53 41
53 42
53 45
53 46
53 51
53 52
53 53
53 59
54 2
54 3
54 4
54 7
54 10
54 13
54 19
54 22
54 25
54 26
54 27
54 31
54 35
54 38
54 40
54 41
54 42
54 44
54 47
54 50
54 51
54 52
54 57
55 2
55 4
55 5
55 9
55 10
55 11
55 14
55 17
55 18
55 19
55 21
55 22
55 25
55 27
55 28
55 29
55 33
55 34
55 35
55 37
55 41
55 47
55 49
55 51
55 53
55 60
56 2
56 6
56 8
56 10
56 11
56 12
56 14
56 16
56 19
56 20
56 22
56 23
56 26
56 27
56 30
56 33
56 35
56 37
56 38
56 40
56 43
56 44
56 47
56 48
56 49
56 52
56 54
56 55
56 56
56 57
56 58
56 60
57 3
57 5
57 6
57 8
57 9
57 12
57 16
57 19
57 21
57 23
57 24
57 25
57 26
57 28
57 30
57 31
57 34
57 35
57 39
57 41
57 42
57 43
57 44
57 48
57 50
57 51
57 55
57 57
58 1
58 3
58 5
58 8
58 9
58 10
58 18
58 22
58 24
58 27
58 29
58 30
58 31
58 32
58 34
58 35
58 38
58 39
58 42
58 44
58 46
58 48
58 51
58 54
58 55
58 57
59 1
59 2
59 4
59 7
59 8
59 9
59 10
59 16
59 17
59 19
59 20
59 21
59 22
59 23
59 24
59 30
59 31
59 34
59 35
59 39
59 40
59 41
59 43
59 46
59 47
59 49
59 53
59 54
59 55
59 56
59 58
60 1
60 2
60 3
60 4
60 5
60 6
60 7
60 10
60 11
60 13
60 14
60 15
60 16
60 18
60 19
60 20
60 21
60 22
60 23
60 24
60 26
60 27
60 28
60 30
60 33
60 37
60 38
60 39
60 42
60 48
60 49
60 50
60 51
60 52
60 55
60 56
60 57
60 58
60 60
