1 1 -1
1 2 55
1 3 61
1 4 41
1 5 39
1 6 43
1 7 53
1 8 19
1 9 14
1 10 16
1 11 27
1 12 52
1 13 56
1 14 43
1 15 35
1 16 58
1 17 31
1 18 38
1 19 54
1 20 61
1 21 36
1 22 53
1 23 14
1 24 33
1 25 42
1 26 9
1 27 72
1 28 67
1 29 35
1 30 50
1 31 25
1 32 63
1 33 12
1 34 47
1 35 9
1 36 72
1 37 43
1 38 42
1 39 47
1 40 14
1 41 37
1 42 39
1 43 35
1 44 33
1 45 10
1 46 67
1 47 62
1 48 27
1 49 48
1 50 15
1 51 37
1 52 19
1 53 56
1 54 16
2 1 55
2 2 -1
2 3 19
2 4 20
2 5 18
2 6 36
2 7 25
2 8 36
2 9 49
2 10 39
2 11 34
2 12 29
2 13 3
2 14 22
2 15 19
2 16 13
2 17 42
2 18 27
2 19 17
2 20 16
2 21 19
2 22 8
2 23 40
2 24 22
2 25 20
2 26 49
2 27 22
2 28 21
2 29 21
2 30 35
2 31 34
2 32 19
2 33 45
2 34 42
2 35 47
2 36 22
2 37 12
2 38 24
2 39 27
2 40 42
2 41 20
2 42 49
2 43 25
2 44 23
2 45 44
2 46 14
2 47 12
2 48 33
2 49 8
2 50 39
2 51 18
2 52 41
2 53 18
2 54 39
3 1 61
3 2 19
3 3 -1
3 4 38
3 5 22
3 6 27
3 7 44
3 8 43
3 9 51
3 10 46
3 11 35
3 12 48
3 13 22
3 14 19
3 15 32
3 16 6
3 17 38
3 18 24
3 19 7
3 20 2
3 21 26
3 22 27
3 23 48
3 24 28
3 25 38
3 26 53
3 27 12
3 28 5
3 29 34
3 30 23
3 31 46
3 32 2
3 33 50
3 34 32
3 35 55
3 36 11
3 37 26
3 38 42
3 39 17
3 40 51
3 41 35
3 42 41
3 43 41
3 44 28
3 45 52
3 46 13
3 47 9
3 48 34
3 49 19
3 50 47
3 51 29
3 52 52
3 53 5
3 54 49
4 1 41
4 2 20
4 3 38
4 4 -1
4 5 21
4 6 42
4 7 13
4 8 26
4 9 41
4 10 27
4 11 31
4 12 14
4 13 20
4 14 30
4 15 11
4 16 32
4 17 42
4 18 31
4 19 33
4 20 36
4 21 19
4 22 14
4 23 28
4 24 21
4 25 1
4 26 39
4 27 43
4 28 41
4 29 8
4 30 45
4 31 17
4 32 39
4 33 36
4 34 50
4 35 32
4 36 43
4 37 12
4 38 4
4 39 37
4 40 27
4 41 6
4 42 51
4 43 6
4 44 22
4 45 32
4 46 35
4 47 32
4 48 30
4 49 19
4 50 27
4 51 13
4 52 24
4 53 35
4 54 25
5 1 39
5 2 18
5 3 22
5 4 21
5 5 -1
5 6 21
5 7 33
5 8 20
5 9 31
5 10 24
5 11 16
5 12 35
5 13 21
5 14 8
5 15 11
5 16 19
5 17 24
5 18 10
5 19 16
5 20 22
5 21 4
5 22 20
5 23 25
5 24 5
5 25 22
5 26 32
5 27 33
5 28 28
5 29 14
5 30 24
5 31 24
5 32 24
5 33 28
5 34 29
5 35 32
5 36 32
5 37 10
5 38 25
5 39 16
5 40 28
5 41 16
5 42 32
5 43 21
5 44 6
5 45 29
5 46 28
5 47 22
5 48 15
5 49 10
5 50 25
5 51 8
5 52 29
5 53 18
5 54 26
6 1 43
6 2 36
6 3 27
6 4 42
6 5 21
6 6 -1
6 7 54
6 8 29
6 9 29
6 10 33
6 11 17
6 12 56
6 13 39
6 14 13
6 15 31
6 16 29
6 17 12
6 18 10
6 19 22
6 20 29
6 21 23
6 22 41
6 23 34
6 24 21
6 25 43
6 26 33
6 27 40
6 28 33
6 29 34
6 30 8
6 31 39
6 32 29
6 33 31
6 34 7
6 35 40
6 36 39
6 37 32
6 38 46
6 39 10
6 40 38
6 41 36
6 42 14
6 43 41
6 44 21
6 45 36
6 46 40
6 47 34
6 48 17
6 49 29
6 50 34
6 51 29
6 52 42
6 53 23
6 54 37
7 1 53
7 2 25
7 3 44
7 4 13
7 5 33
7 6 54
7 7 -1
7 8 38
7 9 53
7 10 39
7 11 44
7 12 4
7 13 23
7 14 41
7 15 24
7 16 38
7 17 55
7 18 43
7 19 42
7 20 42
7 21 31
7 22 17
7 23 40
7 24 33
7 25 12
7 26 51
7 27 47
7 28 46
7 29 21
7 30 56
7 31 28
7 32 45
7 33 48
7 34 62
7 35 44
7 36 47
7 37 22
7 38 11
7 39 48
7 40 39
7 41 19
7 42 64
7 43 18
7 44 34
7 45 44
7 46 38
7 47 37
7 48 43
7 49 27
7 50 39
7 51 25
7 52 34
7 53 43
7 54 37
8 1 19
8 2 36
8 3 43
8 4 26
8 5 20
8 6 29
8 7 38
8 8 -1
8 9 15
8 10 4
8 11 12
8 12 38
8 13 38
8 14 25
8 15 17
8 16 39
8 17 21
8 18 21
8 19 36
8 20 42
8 21 17
8 22 35
8 23 5
8 24 14
8 25 27
8 26 13
8 27 53
8 28 48
8 29 18
8 30 36
8 31 13
8 32 45
8 33 10
8 34 35
8 35 12
8 36 53
8 37 24
8 38 27
8 39 31
8 40 9
8 41 20
8 42 31
8 43 20
8 44 14
8 45 9
8 46 48
8 47 43
8 48 12
8 49 28
8 50 5
8 51 18
8 52 13
8 53 38
8 54 8
9 1 14
9 2 49
9 3 51
9 4 41
9 5 31
9 6 29
9 7 53
9 8 15
9 9 -1
9 10 15
9 11 16
9 12 53
9 13 51
9 14 32
9 15 32
9 16 49
9 17 17
9 18 27
9 19 44
9 20 52
9 21 29
9 22 49
9 23 14
9 24 26
9 25 42
9 26 5
9 27 63
9 28 57
9 29 33
9 30 38
9 31 27
9 32 54
9 33 5
9 34 33
9 35 15
9 36 63
9 37 38
9 38 42
9 39 36
9 40 17
9 41 35
9 42 25
9 43 35
9 44 25
9 45 12
9 46 59
9 47 54
9 48 17
9 49 41
9 50 15
9 51 32
9 52 24
9 53 46
9 54 18
10 1 16
10 2 39
10 3 46
10 4 27
10 5 24
10 6 33
10 7 39
10 8 4
10 9 15
10 10 -1
10 11 16
10 12 38
10 13 40
10 14 29
10 15 19
10 16 43
10 17 24
10 18 25
10 19 39
10 20 46
10 21 20
10 22 37
10 23 1
10 24 18
10 25 28
10 26 12
10 27 57
10 28 52
10 29 19
10 30 40
10 31 12
10 32 48
10 33 9
10 34 39
10 35 8
10 36 56
10 37 27
10 38 28
10 39 35
10 40 5
10 41 21
10 42 34
10 43 21
10 44 18
10 45 5
10 46 51
10 47 46
10 48 16
10 49 32
10 50 1
10 51 21
10 52 10
10 53 42
10 54 4
11 1 27
11 2 34
11 3 35
11 4 31
11 5 16
11 6 17
11 7 44
11 8 12
11 9 16
11 10 16
11 11 -1
11 12 45
11 13 37
11 14 16
11 15 20
11 16 33
11 17 10
11 18 11
11 19 28
11 20 35
11 21 15
11 22 36
11 23 17
11 24 12
11 25 32
11 26 18
11 27 47
11 28 41
11 29 22
11 30 24
11 31 24
11 32 37
11 33 15
11 34 23
11 35 23
11 36 46
11 37 25
11 38 34
11 39 20
11 40 21
11 41 25
11 42 20
11 43 28
11 44 11
11 45 19
11 46 43
11 47 38
11 48 1
11 49 26
11 50 17
11 51 19
11 52 25
11 53 30
11 54 20
12 1 52
12 2 29
12 3 48
12 4 14
12 5 35
12 6 56
12 7 4
12 8 38
12 9 53
12 10 38
12 11 45
12 12 -1
12 13 27
12 14 44
12 15 25
12 16 42
12 17 56
12 18 45
12 19 45
12 20 46
12 21 33
12 22 21
12 23 39
12 24 35
12 25 13
12 26 50
12 27 51
12 28 50
12 29 23
12 30 59
12 31 27
12 32 49
12 33 48
12 34 64
12 35 43
12 36 51
12 37 25
12 38 11
12 39 51
12 40 38
12 41 20
12 42 65
12 43 18
12 44 36
12 45 43
12 46 42
12 47 41
12 48 44
12 49 30
12 50 38
12 51 27
12 52 33
12 53 46
12 54 36
13 1 56
13 2 3
13 3 22
13 4 20
13 5 21
13 6 39
13 7 23
13 8 38
13 9 51
13 10 40
13 11 37
13 12 27
13 13 -1
13 14 26
13 15 21
13 16 16
13 17 45
13 18 30
13 19 21
13 20 19
13 21 22
13 22 6
13 23 42
13 24 25
13 25 19
13 26 51
13 27 24
13 28 23
13 29 22
13 30 39
13 31 34
13 32 22
13 33 47
13 34 46
13 35 48
13 36 24
13 37 13
13 38 23
13 39 30
13 40 43
13 41 21
13 42 52
13 43 25
13 44 26
13 45 46
13 46 15
13 47 14
13 48 36
13 49 11
13 50 41
13 51 19
13 52 41
13 53 22
13 54 41
14 1 43
14 2 22
14 3 19
14 4 30
14 5 8
14 6 13
14 7 41
14 8 25
14 9 32
14 10 29
14 11 16
14 12 44
14 13 26
14 14 -1
14 15 20
14 16 18
14 17 20
14 18 5
14 19 12
14 20 19
14 21 12
14 22 27
14 23 30
14 24 12
14 25 31
14 26 34
14 27 31
14 28 25
14 29 23
14 30 15
14 31 32
14 32 21
14 33 31
14 34 20
14 35 37
14 36 30
14 37 19
14 38 34
14 39 7
14 40 33
14 41 25
14 42 26
14 43 30
14 44 12
14 45 34
14 46 28
14 47 22
14 48 15
14 49 15
14 50 30
14 51 17
14 52 36
14 53 14
14 54 32
15 1 35
15 2 19
15 3 32
15 4 11
15 5 11
15 6 31
15 7 24
15 8 17
15 9 32
15 10 19
15 11 20
15 12 25
15 13 21
15 14 20
15 15 -1
15 16 26
15 17 30
15 18 20
15 19 26
15 20 30
15 21 8
15 22 17
15 23 21
15 24 9
15 25 12
15 26 30
15 27 40
15 28 36
15 29 3
15 30 35
15 31 14
15 32 33
15 33 27
15 34 39
15 35 27
15 36 39
15 37 7
15 38 14
15 39 27
15 40 22
15 41 5
15 42 40
15 43 10
15 44 10
15 45 25
15 46 33
15 47 29
15 48 19
15 49 13
15 50 20
15 51 3
15 52 21
15 53 28
15 54 20
16 1 58
16 2 13
16 3 6
16 4 32
16 5 19
16 6 29
16 7 38
16 8 39
16 9 49
16 10 43
16 11 33
16 12 42
16 13 16
16 14 18
16 15 26
16 16 -1
16 17 38
16 18 23
16 19 7
16 20 4
16 21 22
16 22 21
16 23 44
16 24 24
16 25 32
16 26 51
16 27 14
16 28 9
16 29 29
16 30 25
16 31 41
16 32 7
16 33 47
16 34 34
16 35 51
16 36 13
16 37 20
16 38 36
16 39 19
16 40 47
16 41 29
16 42 43
16 43 35
16 44 25
16 45 48
16 46 11
16 47 5
16 48 32
16 49 13
16 50 44
16 51 24
16 52 47
16 53 6
16 54 45
17 1 31
17 2 42
17 3 38
17 4 42
17 5 24
17 6 12
17 7 55
17 8 21
17 9 17
17 10 24
17 11 10
17 12 56
17 13 45
17 14 20
17 15 30
17 16 38
17 17 -1
17 18 15
17 19 31
17 20 39
17 21 24
17 22 45
17 23 25
17 24 21
17 25 43
17 26 22
17 27 51
17 28 44
17 29 33
17 30 20
17 31 34
17 32 40
17 33 20
17 34 16
17 35 30
17 36 50
17 37 34
17 38 45
17 39 21
17 40 29
17 41 35
17 42 10
17 43 39
17 44 20
17 45 26
17 46 49
17 47 43
17 48 11
17 49 34
17 50 25
17 51 29
17 52 34
17 53 33
17 54 29
18 1 38
18 2 27
18 3 24
18 4 31
18 5 10
18 6 10
18 7 43
18 8 21
18 9 27
18 10 25
18 11 11
18 12 45
18 13 30
18 14 5
18 15 20
18 16 23
18 17 15
18 18 -1
18 19 17
18 20 25
18 21 12
18 22 31
18 23 26
18 24 11
18 25 32
18 26 30
18 27 36
18 28 30
18 29 23
18 30 15
18 31 30
18 32 26
18 33 26
18 34 18
18 35 33
18 36 35
18 37 21
18 38 35
18 39 9
18 40 30
18 41 25
18 42 21
18 43 30
18 44 10
18 45 30
18 46 34
18 47 28
18 48 10
18 49 19
18 50 26
18 51 18
18 52 34
18 53 19
18 54 29
19 1 54
19 2 17
19 3 7
19 4 33
19 5 16
19 6 22
19 7 42
19 8 36
19 9 44
19 10 39
19 11 28
19 12 45
19 13 21
19 14 12
19 15 26
19 16 7
19 17 31
19 18 17
19 19 -1
19 20 7
19 21 20
19 22 25
19 23 41
19 24 21
19 25 33
19 26 46
19 27 19
19 28 12
19 29 29
19 30 18
19 31 40
19 32 9
19 33 43
19 34 27
19 35 48
19 36 18
19 37 21
19 38 37
19 39 12
19 40 44
19 41 30
19 42 36
19 43 36
19 44 21
19 45 45
19 46 18
19 47 12
19 48 27
19 49 14
19 50 40
19 51 23
19 52 45
19 53 2
19 54 42
20 1 61
20 2 16
20 3 2
20 4 36
20 5 22
20 6 29
20 7 42
20 8 42
20 9 52
20 10 46
20 11 35
20 12 46
20 13 19
20 14 19
20 15 30
20 16 4
20 17 39
20 18 25
20 19 7
20 20 -1
20 21 26
20 22 25
20 23 47
20 24 27
20 25 36
20 26 53
20 27 11
20 28 5
20 29 33
20 30 25
20 31 45
20 32 3
20 33 50
20 34 34
20 35 55
20 36 10
20 37 24
20 38 40
20 39 19
20 40 50
20 41 33
20 42 43
20 43 39
20 44 28
20 45 51
20 46 11
20 47 6
20 48 35
20 49 17
20 50 47
20 51 27
20 52 51
20 53 6
20 54 48
21 1 36
21 2 19
21 3 26
21 4 19
21 5 4
21 6 23
21 7 31
21 8 17
21 9 29
21 10 20
21 11 15
21 12 33
21 13 22
21 14 12
21 15 8
21 16 22
21 17 24
21 18 12
21 19 20
21 20 26
21 21 -1
21 22 21
21 23 21
21 24 3
21 25 19
21 26 29
21 27 36
21 28 31
21 29 11
21 30 27
21 31 20
21 32 28
21 33 25
21 34 31
21 35 29
21 36 36
21 37 10
21 38 22
21 39 19
21 40 24
21 41 13
21 42 33
21 43 18
21 44 4
21 45 26
21 46 31
21 47 26
21 48 14
21 49 12
21 50 21
21 51 5
21 52 25
21 53 22
21 54 22
22 1 53
22 2 8
22 3 27
22 4 14
22 5 20
22 6 41
22 7 17
22 8 35
22 9 49
22 10 37
22 11 36
22 12 21
22 13 6
22 14 27
22 15 17
22 16 21
22 17 45
22 18 31
22 19 25
22 20 25
22 21 21
22 22 -1
22 23 38
22 24 24
22 25 13
22 26 48
22 27 30
22 28 29
22 29 17
22 30 41
22 31 30
22 32 27
22 33 45
22 34 48
22 35 44
22 36 30
22 37 11
22 38 17
22 39 33
22 40 39
22 41 16
22 42 53
22 43 20
22 44 25
22 45 43
22 46 21
22 47 20
22 48 35
22 49 12
22 50 37
22 51 17
22 52 37
22 53 26
22 54 37
23 1 14
23 2 40
23 3 48
23 4 28
23 5 25
23 6 34
23 7 40
23 8 5
23 9 14
23 10 1
23 11 17
23 12 39
23 13 42
23 14 30
23 15 21
23 16 44
23 17 25
23 18 26
23 19 41
23 20 47
23 21 21
23 22 38
23 23 -1
23 24 20
23 25 29
23 26 11
23 27 58
23 28 53
23 29 20
23 30 41
23 31 12
23 32 50
23 33 8
23 34 40
23 35 7
23 36 58
23 37 28
23 38 29
23 39 36
23 40 4
23 41 22
23 42 34
23 43 22
23 44 19
23 45 4
23 46 53
23 47 48
23 48 17
23 49 33
23 50 1
23 51 22
23 52 10
23 53 43
23 54 4
24 1 33
24 2 22
24 3 28
24 4 21
24 5 5
24 6 21
24 7 33
24 8 14
24 9 26
24 10 18
24 11 12
24 12 35
24 13 25
24 14 12
24 15 9
24 16 24
24 17 21
24 18 11
24 19 21
24 20 27
24 21 3
24 22 24
24 23 20
24 24 -1
24 25 22
24 26 26
24 27 38
24 28 33
24 29 12
24 30 26
24 31 20
24 32 30
24 33 23
24 34 29
24 35 27
24 36 38
24 37 13
24 38 24
24 39 19
24 40 22
24 41 14
24 42 30
24 43 19
24 44 1
24 45 24
24 46 33
24 47 28
24 48 11
24 49 14
24 50 19
24 51 8
24 52 24
24 53 23
24 54 21
25 1 42
25 2 20
25 3 38
25 4 1
25 5 22
25 6 43
25 7 12
25 8 27
25 9 42
25 10 28
25 11 32
25 12 13
25 13 19
25 14 31
25 15 12
25 16 32
25 17 43
25 18 32
25 19 33
25 20 36
25 21 19
25 22 13
25 23 29
25 24 22
25 25 -1
25 26 40
25 27 43
25 28 41
25 29 9
25 30 46
25 31 18
25 32 39
25 33 37
25 34 50
25 35 33
25 36 42
25 37 12
25 38 4
25 39 38
25 40 28
25 41 7
25 42 52
25 43 7
25 44 22
25 45 33
25 46 34
25 47 32
25 48 31
25 49 19
25 50 28
25 51 14
25 52 25
25 53 35
25 54 26
26 1 9
26 2 49
26 3 53
26 4 39
26 5 32
26 6 33
26 7 51
26 8 13
26 9 5
26 10 12
26 11 18
26 12 50
26 13 51
26 14 34
26 15 30
26 16 51
26 17 22
26 18 30
26 19 46
26 20 53
26 21 29
26 22 48
26 23 11
26 24 26
26 25 40
26 26 -1
26 27 65
26 28 59
26 29 31
26 30 41
26 31 23
26 32 55
26 33 3
26 34 38
26 35 10
26 36 64
26 37 37
26 38 40
26 39 39
26 40 13
26 41 33
26 42 30
26 43 33
26 44 26
26 45 8
26 46 60
26 47 55
26 48 19
26 49 41
26 50 12
26 51 31
26 52 19
26 53 48
26 54 14
27 1 72
27 2 22
27 3 12
27 4 43
27 5 33
27 6 40
27 7 47
27 8 53
27 9 63
27 10 57
27 11 47
27 12 51
27 13 24
27 14 31
27 15 40
27 16 14
27 17 51
27 18 36
27 19 19
27 20 11
27 21 36
27 22 30
27 23 58
27 24 38
27 25 43
27 26 65
27 27 -1
27 28 7
27 29 42
27 30 35
27 31 55
27 32 10
27 33 61
27 34 44
27 35 65
27 36 1
27 37 33
27 38 47
27 39 30
27 40 61
27 41 42
27 42 54
27 43 48
27 44 39
27 45 62
27 46 9
27 47 11
27 48 46
27 49 26
27 50 58
27 51 37
27 52 61
27 53 17
27 54 59
28 1 67
28 2 21
28 3 5
28 4 41
28 5 28
28 6 33
28 7 46
28 8 48
28 9 57
28 10 52
28 11 41
28 12 50
28 13 23
28 14 25
28 15 36
28 16 9
28 17 44
28 18 30
28 19 12
28 20 5
28 21 31
28 22 29
28 23 53
28 24 33
28 25 41
28 26 59
28 27 7
28 28 -1
28 29 38
28 30 28
28 31 51
28 32 3
28 33 55
28 34 37
28 35 60
28 36 6
28 37 29
28 38 45
28 39 23
28 40 56
28 41 39
28 42 47
28 43 45
28 44 34
28 45 57
28 46 11
28 47 9
28 48 40
28 49 22
28 50 53
28 51 33
28 52 57
28 53 10
28 54 54
29 1 35
29 2 21
29 3 34
29 4 8
29 5 14
29 6 34
29 7 21
29 8 18
29 9 33
29 10 19
29 11 22
29 12 23
29 13 22
29 14 23
29 15 3
29 16 29
29 17 33
29 18 23
29 19 29
29 20 33
29 21 11
29 22 17
29 23 20
29 24 12
29 25 9
29 26 31
29 27 42
29 28 38
29 29 -1
29 30 38
29 31 12
29 32 36
29 33 28
29 34 42
29 35 26
29 36 42
29 37 9
29 38 12
29 39 30
29 40 21
29 41 2
29 42 42
29 43 7
29 44 13
29 45 25
29 46 35
29 47 31
29 48 21
29 49 16
29 50 19
29 51 6
29 52 19
29 53 31
29 54 19
30 1 50
30 2 35
30 3 23
30 4 45
30 5 24
30 6 8
30 7 56
30 8 36
30 9 38
30 10 40
30 11 24
30 12 59
30 13 39
30 14 15
30 15 35
30 16 25
30 17 20
30 18 15
30 19 18
30 20 25
30 21 27
30 22 41
30 23 41
30 24 26
30 25 46
30 26 41
30 27 35
30 28 28
30 29 38
30 30 -1
30 31 45
30 32 25
30 33 38
30 34 9
30 35 47
30 36 34
30 37 34
30 38 49
30 39 8
30 40 45
30 41 40
30 42 20
30 43 45
30 44 25
30 45 43
30 46 36
30 47 30
30 48 24
30 49 29
30 50 41
30 51 32
30 52 49
30 53 19
30 54 44
31 1 25
31 2 34
31 3 46
31 4 17
31 5 24
31 6 39
31 7 28
31 8 13
31 9 27
31 10 12
31 11 24
31 12 27
31 13 34
31 14 32
31 15 14
31 16 41
31 17 34
31 18 30
31 19 40
31 20 45
31 21 20
31 22 30
31 23 12
31 24 20
31 25 18
31 26 23
31 27 55
31 28 51
31 29 12
31 30 45
31 31 -1
31 32 48
31 33 21
31 34 47
31 35 16
31 36 54
31 37 22
31 38 17
31 39 39
31 40 11
31 41 13
31 42 44
31 43 10
31 44 20
31 45 16
31 46 48
31 47 43
31 48 23
31 49 28
31 50 11
31 51 17
31 52 7
31 53 42
31 54 9
32 1 63
32 2 19
32 3 2
32 4 39
32 5 24
32 6 29
32 7 45
32 8 45
32 9 54
32 10 48
32 11 37
32 12 49
32 13 22
32 14 21
32 15 33
32 16 7
32 17 40
32 18 26
32 19 9
32 20 3
32 21 28
32 22 27
32 23 50
32 24 30
32 25 39
32 26 55
32 27 10
32 28 3
32 29 36
32 30 25
32 31 48
32 32 -1
32 33 52
32 34 34
32 35 57
32 36 9
32 37 27
32 38 43
32 39 19
32 40 53
32 41 36
32 42 43
32 43 42
32 44 30
32 45 54
32 46 12
32 47 8
32 48 36
32 49 20
32 50 49
32 51 30
32 52 54
32 53 7
32 54 51
33 1 12
33 2 45
33 3 50
33 4 36
33 5 28
33 6 31
33 7 48
33 8 10
33 9 5
33 10 9
33 11 15
33 12 48
33 13 47
33 14 31
33 15 27
33 16 47
33 17 20
33 18 26
33 19 43
33 20 50
33 21 25
33 22 45
33 23 8
33 24 23
33 25 37
33 26 3
33 27 61
33 28 55
33 29 28
33 30 38
33 31 21
33 32 52
33 33 -1
33 34 36
33 35 10
33 36 60
33 37 34
33 38 37
33 39 35
33 40 12
33 41 30
33 42 28
33 43 30
33 44 22
33 45 7
33 46 57
33 47 51
33 48 15
33 49 38
33 50 9
33 51 28
33 52 18
33 53 45
33 54 13
34 1 47
34 2 42
34 3 32
34 4 50
34 5 29
34 6 7
34 7 62
34 8 35
34 9 33
34 10 39
34 11 23
34 12 64
34 13 46
34 14 20
34 15 39
34 16 34
34 17 16
34 18 18
34 19 27
34 20 34
34 21 31
34 22 48
34 23 40
34 24 29
34 25 50
34 26 38
34 27 44
34 28 37
34 29 42
34 30 9
34 31 47
34 32 34
34 33 36
34 34 -1
34 35 46
34 36 43
34 37 39
34 38 54
34 39 15
34 40 44
34 41 44
34 42 12
34 43 49
34 44 28
34 45 42
34 46 45
34 47 39
34 48 23
34 49 36
34 50 40
34 51 36
34 52 49
34 53 28
34 54 43
35 1 9
35 2 47
35 3 55
35 4 32
35 5 32
35 6 40
35 7 44
35 8 12
35 9 15
35 10 8
35 11 23
35 12 43
35 13 48
35 14 37
35 15 27
35 16 51
35 17 30
35 18 33
35 19 48
35 20 55
35 21 29
35 22 44
35 23 7
35 24 27
35 25 33
35 26 10
35 27 65
35 28 60
35 29 26
35 30 47
35 31 16
35 32 57
35 33 10
35 34 46
35 35 -1
35 36 65
35 37 35
35 38 33
35 39 43
35 40 5
35 41 28
35 42 39
35 43 26
35 44 26
35 45 4
35 46 60
35 47 55
35 48 23
35 49 40
35 50 7
35 51 29
35 52 10
35 53 50
35 54 7
36 1 72
36 2 22
36 3 11
36 4 43
36 5 32
36 6 39
36 7 47
36 8 53
36 9 63
36 10 56
36 11 46
36 12 51
36 13 24
36 14 30
36 15 39
36 16 13
36 17 50
36 18 35
36 19 18
36 20 10
36 21 36
36 22 30
36 23 58
36 24 38
36 25 42
36 26 64
36 27 1
36 28 6
36 29 42
36 30 34
36 31 54
36 32 9
36 33 60
36 34 43
36 35 65
36 36 -1
36 37 32
36 38 46
36 39 29
36 40 60
36 41 42
36 42 53
36 43 47
36 44 38
36 45 62
36 46 9
36 47 10
36 48 45
36 49 25
36 50 57
36 51 37
36 52 61
36 53 16
36 54 58
37 1 43
37 2 12
37 3 26
37 4 12
37 5 10
37 6 32
37 7 22
37 8 24
37 9 38
37 10 27
37 11 25
37 12 25
37 13 13
37 14 19
37 15 7
37 16 20
37 17 34
37 18 21
37 19 21
37 20 24
37 21 10
37 22 11
37 23 28
37 24 13
37 25 12
37 26 37
37 27 33
37 28 29
37 29 9
37 30 34
37 31 22
37 32 27
37 33 34
37 34 39
37 35 35
37 36 32
37 37 -1
37 38 16
37 39 25
37 40 30
37 41 9
37 42 42
37 43 15
37 44 14
37 45 33
37 46 25
37 47 21
37 48 24
37 49 7
37 50 27
37 51 6
37 52 29
37 53 23
37 54 27
38 1 42
38 2 24
38 3 42
38 4 4
38 5 25
38 6 46
38 7 11
38 8 27
38 9 42
38 10 28
38 11 34
38 12 11
38 13 23
38 14 34
38 15 14
38 16 36
38 17 45
38 18 35
38 19 37
38 20 40
38 21 22
38 22 17
38 23 29
38 24 24
38 25 4
38 26 40
38 27 47
38 28 45
38 29 12
38 30 49
38 31 17
38 32 43
38 33 37
38 34 54
38 35 33
38 36 46
38 37 16
38 38 -1
38 39 41
38 40 28
38 41 9
38 42 54
38 43 7
38 44 25
38 45 33
38 46 38
38 47 36
38 48 33
38 49 23
38 50 28
38 51 17
38 52 23
38 53 39
38 54 26
39 1 47
39 2 27
39 3 17
39 4 37
39 5 16
39 6 10
39 7 48
39 8 31
39 9 36
39 10 35
39 11 20
39 12 51
39 13 30
39 14 7
39 15 27
39 16 19
39 17 21
39 18 9
39 19 12
39 20 19
39 21 19
39 22 33
39 23 36
39 24 19
39 25 38
39 26 39
39 27 30
39 28 23
39 29 30
39 30 8
39 31 39
39 32 19
39 33 35
39 34 15
39 35 43
39 36 29
39 37 25
39 38 41
39 39 -1
39 40 40
39 41 32
39 42 24
39 43 37
39 44 19
39 45 39
39 46 30
39 47 24
39 48 20
39 49 21
39 50 36
39 51 24
39 52 43
39 53 13
39 54 38
40 1 14
40 2 42
40 3 51
40 4 27
40 5 28
40 6 38
40 7 39
40 8 9
40 9 17
40 10 5
40 11 21
40 12 38
40 13 43
40 14 33
40 15 22
40 16 47
40 17 29
40 18 30
40 19 44
40 20 50
40 21 24
40 22 39
40 23 4
40 24 22
40 25 28
40 26 13
40 27 61
40 28 56
40 29 21
40 30 45
40 31 11
40 32 53
40 33 12
40 34 44
40 35 5
40 36 60
40 37 30
40 38 28
40 39 40
40 40 -1
40 41 22
40 42 39
40 43 21
40 44 22
40 45 5
40 46 55
40 47 50
40 48 21
40 49 35
40 50 4
40 51 24
40 52 6
40 53 46
40 54 2
41 1 37
41 2 20
41 3 35
41 4 6
41 5 16
41 6 36
41 7 19
41 8 20
41 9 35
41 10 21
41 11 25
41 12 20
41 13 21
41 14 25
41 15 5
41 16 29
41 17 35
41 18 25
41 19 30
41 20 33
41 21 13
41 22 16
41 23 22
41 24 14
41 25 7
41 26 33
41 27 42
41 28 39
41 29 2
41 30 40
41 31 13
41 32 36
41 33 30
41 34 44
41 35 28
41 36 42
41 37 9
41 38 9
41 39 32
41 40 22
41 41 -1
41 42 45
41 43 6
41 44 15
41 45 26
41 46 34
41 47 31
41 48 24
41 49 16
41 50 21
41 51 7
41 52 20
41 53 32
41 54 20
42 1 39
42 2 49
42 3 41
42 4 51
42 5 32
42 6 14
42 7 64
42 8 31
42 9 25
42 10 34
42 11 20
42 12 65
42 13 52
42 14 26
42 15 40
42 16 43
42 17 10
42 18 21
42 19 36
42 20 43
42 21 33
42 22 53
42 23 34
42 24 30
42 25 52
42 26 30
42 27 54
42 28 47
42 29 42
42 30 20
42 31 44
42 32 43
42 33 28
42 34 12
42 35 39
42 36 53
42 37 42
42 38 54
42 39 24
42 40 39
42 41 45
42 42 -1
42 43 48
42 44 29
42 45 35
42 46 54
42 47 48
42 48 21
42 49 41
42 50 35
42 51 38
42 52 44
42 53 37
42 54 38
43 1 35
43 2 25
43 3 41
43 4 6
43 5 21
43 6 41
43 7 18
43 8 20
43 9 35
43 10 21
43 11 28
43 12 18
43 13 25
43 14 30
43 15 10
43 16 35
43 17 39
43 18 30
43 19 36
43 20 39
43 21 18
43 22 20
43 23 22
43 24 19
43 25 7
43 26 33
43 27 48
43 28 45
43 29 7
43 30 45
43 31 10
43 32 42
43 33 30
43 34 49
43 35 26
43 36 47
43 37 15
43 38 7
43 39 37
43 40 21
43 41 6
43 42 48
43 43 -1
43 44 20
43 45 26
43 46 40
43 47 37
43 48 27
43 49 22
43 50 21
43 51 13
43 52 17
43 53 38
43 54 19
44 1 33
44 2 23
44 3 28
44 4 22
44 5 6
44 6 21
44 7 34
44 8 14
44 9 25
44 10 18
44 11 11
44 12 36
44 13 26
44 14 12
44 15 10
44 16 25
44 17 20
44 18 10
44 19 21
44 20 28
44 21 4
44 22 25
44 23 19
44 24 1
44 25 22
44 26 26
44 27 39
44 28 34
44 29 13
44 30 25
44 31 20
44 32 30
44 33 22
44 34 28
44 35 26
44 36 38
44 37 14
44 38 25
44 39 19
44 40 22
44 41 15
44 42 29
44 43 20
44 44 -1
44 45 23
44 46 34
44 47 29
44 48 10
44 49 15
44 50 18
44 51 8
44 52 24
44 53 24
44 54 20
45 1 10
45 2 44
45 3 52
45 4 32
45 5 29
45 6 36
45 7 44
45 8 9
45 9 12
45 10 5
45 11 19
45 12 43
45 13 46
45 14 34
45 15 25
45 16 48
45 17 26
45 18 30
45 19 45
45 20 51
45 21 26
45 22 43
45 23 4
45 24 24
45 25 33
45 26 8
45 27 62
45 28 57
45 29 25
45 30 43
45 31 16
45 32 54
45 33 7
45 34 42
45 35 4
45 36 62
45 37 33
45 38 33
45 39 39
45 40 5
45 41 26
45 42 35
45 43 26
45 44 23
45 45 -1
45 46 57
45 47 52
45 48 19
45 49 37
45 50 5
45 51 26
45 52 11
45 53 47
45 54 7
46 1 67
46 2 14
46 3 13
46 4 35
46 5 28
46 6 40
46 7 38
46 8 48
46 9 59
46 10 51
46 11 43
46 12 42
46 13 15
46 14 28
46 15 33
46 16 11
46 17 49
46 18 34
46 19 18
46 20 11
46 21 31
46 22 21
46 23 53
46 24 33
46 25 34
46 26 60
46 27 9
46 28 11
46 29 35
46 30 36
46 31 48
46 32 12
46 33 57
46 34 45
46 35 60
46 36 9
46 37 25
46 38 38
46 39 30
46 40 55
46 41 34
46 42 54
46 43 40
46 44 34
46 45 57
46 46 -1
46 47 6
46 48 42
46 49 19
46 50 52
46 51 31
46 52 54
46 53 17
46 54 53
47 1 62
47 2 12
47 3 9
47 4 32
47 5 22
47 6 34
47 7 37
47 8 43
47 9 54
47 10 46
47 11 38
47 12 41
47 13 14
47 14 22
47 15 29
47 16 5
47 17 43
47 18 28
47 19 12
47 20 6
47 21 26
47 22 20
47 23 48
47 24 28
47 25 32
47 26 55
47 27 11
47 28 9
47 29 31
47 30 30
47 31 43
47 32 8
47 33 51
47 34 39
47 35 55
47 36 10
47 37 21
47 38 36
47 39 24
47 40 50
47 41 31
47 42 48
47 43 37
47 44 29
47 45 52
47 46 6
47 47 -1
47 48 37
47 49 15
47 50 47
47 51 26
47 52 50
47 53 11
47 54 48
48 1 27
48 2 33
48 3 34
48 4 30
48 5 15
48 6 17
48 7 43
48 8 12
48 9 17
48 10 16
48 11 1
48 12 44
48 13 36
48 14 15
48 15 19
48 16 32
48 17 11
48 18 10
48 19 27
48 20 35
48 21 14
48 22 35
48 23 17
48 24 11
48 25 31
48 26 19
48 27 46
48 28 40
48 29 21
48 30 24
48 31 23
48 32 36
48 33 15
48 34 23
48 35 23
48 36 45
48 37 24
48 38 33
48 39 20
48 40 21
48 41 24
48 42 21
48 43 27
48 44 10
48 45 19
48 46 42
48 47 37
48 48 -1
48 49 25
48 50 17
48 51 18
48 52 25
48 53 29
48 54 20
49 1 48
49 2 8
49 3 19
49 4 19
49 5 10
49 6 29
49 7 27
49 8 28
49 9 41
49 10 32
49 11 26
49 12 30
49 13 11
49 14 15
49 15 13
49 16 13
49 17 34
49 18 19
49 19 14
49 20 17
49 21 12
49 22 12
49 23 33
49 24 14
49 25 19
49 26 41
49 27 26
49 28 22
49 29 16
49 30 29
49 31 28
49 32 20
49 33 38
49 34 36
49 35 40
49 36 25
49 37 7
49 38 23
49 39 21
49 40 35
49 41 16
49 42 41
49 43 22
49 44 15
49 45 37
49 46 19
49 47 15
49 48 25
49 49 -1
49 50 32
49 51 11
49 52 35
49 53 16
49 54 33
50 1 15
50 2 39
50 3 47
50 4 27
50 5 25
50 6 34
50 7 39
50 8 5
50 9 15
50 10 1
50 11 17
50 12 38
50 13 41
50 14 30
50 15 20
50 16 44
50 17 25
50 18 26
50 19 40
50 20 47
50 21 21
50 22 37
50 23 1
50 24 19
50 25 28
50 26 12
50 27 58
50 28 53
50 29 19
50 30 41
50 31 11
50 32 49
50 33 9
50 34 40
50 35 7
50 36 57
50 37 27
50 38 28
50 39 36
50 40 4
50 41 21
50 42 35
50 43 21
50 44 18
50 45 5
50 46 52
50 47 47
50 48 17
50 49 32
50 50 -1
50 51 21
50 52 9
50 53 43
50 54 3
51 1 37
51 2 18
51 3 29
51 4 13
51 5 8
51 6 29
51 7 25
51 8 18
51 9 32
51 10 21
51 11 19
51 12 27
51 13 19
51 14 17
51 15 3
51 16 24
51 17 29
51 18 18
51 19 23
51 20 27
51 21 5
51 22 17
51 23 22
51 24 8
51 25 14
51 26 31
51 27 37
51 28 33
51 29 6
51 30 32
51 31 17
51 32 30
51 33 28
51 34 36
51 35 29
51 36 37
51 37 6
51 38 17
51 39 24
51 40 24
51 41 7
51 42 38
51 43 13
51 44 8
51 45 26
51 46 31
51 47 26
51 48 18
51 49 11
51 50 21
51 51 -1
51 52 23
51 53 25
51 54 21
52 1 19
52 2 41
52 3 52
52 4 24
52 5 29
52 6 42
52 7 34
52 8 13
52 9 24
52 10 10
52 11 25
52 12 33
52 13 41
52 14 36
52 15 21
52 16 47
52 17 34
52 18 34
52 19 45
52 20 51
52 21 25
52 22 37
52 23 10
52 24 24
52 25 25
52 26 19
52 27 61
52 28 57
52 29 19
52 30 49
52 31 7
52 32 54
52 33 18
52 34 49
52 35 10
52 36 61
52 37 29
52 38 23
52 39 43
52 40 6
52 41 20
52 42 44
52 43 17
52 44 24
52 45 11
52 46 54
52 47 50
52 48 25
52 49 35
52 50 9
52 51 23
52 52 -1
52 53 48
52 54 5
53 1 56
53 2 18
53 3 5
53 4 35
53 5 18
53 6 23
53 7 43
53 8 38
53 9 46
53 10 42
53 11 30
53 12 46
53 13 22
53 14 14
53 15 28
53 16 6
53 17 33
53 18 19
53 19 2
53 20 6
53 21 22
53 22 26
53 23 43
53 24 23
53 25 35
53 26 48
53 27 17
53 28 10
53 29 31
53 30 19
53 31 42
53 32 7
53 33 45
53 34 28
53 35 50
53 36 16
53 37 23
53 38 39
53 39 13
53 40 46
53 41 32
53 42 37
53 43 38
53 44 24
53 45 47
53 46 17
53 47 11
53 48 29
53 49 16
53 50 43
53 51 25
53 52 48
53 53 -1
53 54 44
54 1 16
54 2 39
54 3 49
54 4 25
54 5 26
54 6 37
54 7 37
54 8 8
54 9 18
54 10 4
54 11 20
54 12 36
54 13 41
54 14 32
54 15 20
54 16 45
54 17 29
54 18 29
54 19 42
54 20 48
54 21 22
54 22 37
54 23 4
54 24 21
54 25 26
54 26 14
54 27 59
54 28 54
54 29 19
54 30 44
54 31 9
54 32 51
54 33 13
54 34 43
54 35 7
54 36 58
54 37 27
54 38 26
54 39 38
54 40 2
54 41 20
54 42 38
54 43 19
54 44 20
54 45 7
54 46 53
54 47 48
54 48 20
54 49 33
54 50 3
54 51 21
54 52 5
54 53 44
54 54 -1
