33 9
33 10
33 45
33 50
33 23
33 26
37 41
37 15
37 49
37 51
37 29
39 18
39 14
39 30
25 4
25 38
25 41
25 43
25 29
2 49
2 13
2 22
8 40
8 10
8 45
8 50
8 54
8 23
53 32
53 3
53 16
53 19
53 20
23 33
23 35
23 8
23 40
23 10
23 45
23 50
23 52
23 54
48 11
41 4
41 37
41 38
41 43
41 15
41 51
41 25
41 29
14 18
14 5
14 39
11 48
3 32
3 47
3 16
3 19
3 20
3 53
3 28
10 33
10 35
10 8
10 40
10 45
10 50
10 54
10 23
29 4
29 37
29 41
29 43
29 15
29 51
29 25
51 5
51 37
51 41
51 44
51 15
51 21
51 24
51 29
35 1
35 40
35 10
35 45
35 50
35 54
35 23
44 24
44 21
44 51
44 5
4 38
4 41
4 43
4 25
4 29
20 32
20 3
20 47
20 16
20 19
20 53
20 28
49 2
49 37
15 37
15 41
15 51
15 21
15 24
15 29
18 14
18 39
24 5
24 44
24 15
24 51
24 21
19 32
19 3
19 16
19 20
19 53
12 7
45 33
45 35
45 8
45 40
45 10
45 50
45 54
45 23
45 26
