1 1 -1
1 2 5
1 3 5
1 4 17
1 5 18
1 6 5
1 7 12
1 8 6
1 9 12
1 10 22
1 11 19
1 12 10
1 13 25
1 14 9
1 15 13
1 16 8
1 17 13
1 18 15
1 19 16
1 20 8
1 21 8
1 22 8
1 23 19
1 24 8
1 25 11
1 26 10
1 27 17
1 28 11
1 29 8
1 30 20
2 1 5
2 2 -1
2 3 10
2 4 16
2 5 18
2 6 1
2 7 8
2 8 7
2 9 7
2 10 17
2 11 16
2 12 6
2 13 20
2 14 14
2 15 10
2 16 14
2 17 15
2 18 10
2 19 14
2 20 3
2 21 10
2 22 3
2 23 13
2 24 5
2 25 5
2 26 8
2 27 15
2 28 12
2 29 4
2 30 15
3 1 5
3 2 10
3 3 -1
3 4 17
3 5 18
3 6 9
3 7 17
3 8 10
3 9 16
3 10 26
3 11 21
3 12 14
3 13 30
3 14 4
3 15 14
3 16 8
3 17 11
3 18 20
3 19 21
3 20 13
3 21 7
3 22 13
3 23 22
3 24 13
3 25 15
3 26 15
3 27 17
3 28 10
3 29 11
3 30 25
4 1 17
4 2 16
4 3 17
4 4 -1
4 5 2
4 6 16
4 7 24
4 8 22
4 9 15
4 10 19
4 11 8
4 12 12
4 13 25
4 14 16
4 15 7
4 16 25
4 17 7
4 18 23
4 19 30
4 20 18
4 21 10
4 22 20
4 23 16
4 24 22
4 25 16
4 26 25
4 27 2
4 28 7
4 29 12
4 30 26
5 1 18
5 2 18
5 3 18
5 4 2
5 5 -1
5 6 18
5 7 26
5 8 24
5 9 17
5 10 21
5 11 10
5 12 15
5 13 27
5 14 17
5 15 9
5 16 26
5 17 7
5 18 25
5 19 32
5 20 20
5 21 11
5 22 22
5 23 18
5 24 24
5 25 18
5 26 27
5 27 4
5 28 8
5 29 14
5 30 29
6 1 5
6 2 1
6 3 9
6 4 16
6 5 18
6 6 -1
6 7 9
6 8 7
6 9 7
6 10 17
6 11 16
6 12 6
6 13 20
6 14 13
6 15 10
6 16 13
6 17 14
6 18 11
6 19 14
6 20 4
6 21 9
6 22 4
6 23 14
6 24 6
6 25 6
6 26 9
6 27 15
6 28 11
6 29 4
6 30 16
7 1 12
7 2 8
7 3 17
7 4 24
7 5 26
7 6 9
7 7 -1
7 8 7
7 9 11
7 10 19
7 11 22
7 12 12
7 13 19
7 14 21
7 15 18
7 16 17
7 17 23
7 18 5
7 19 5
7 20 6
7 21 19
7 22 5
7 23 17
7 24 4
7 25 9
7 26 2
7 27 23
7 28 20
7 29 12
7 30 10
8 1 6
8 2 7
8 3 10
8 4 22
8 5 24
8 6 7
8 7 7
8 8 -1
8 9 13
8 10 23
8 11 23
8 12 13
8 13 24
8 14 14
8 15 17
8 16 9
8 17 19
8 18 12
8 19 10
8 20 7
8 21 14
8 22 5
8 23 20
8 24 3
8 25 11
8 26 5
8 27 22
8 28 17
8 29 11
8 30 17
9 1 12
9 2 7
9 3 16
9 4 15
9 5 17
9 6 7
9 7 11
9 8 13
9 9 -1
9 10 10
9 11 11
9 12 3
9 13 13
9 14 19
9 15 8
9 16 21
9 17 17
9 18 8
9 19 17
9 20 6
9 21 14
9 22 8
9 23 6
9 24 11
9 25 2
9 26 13
9 27 13
9 28 14
9 29 5
9 30 11
10 1 22
10 2 17
10 3 26
10 4 19
10 5 21
10 6 17
10 7 19
10 8 23
10 9 10
10 10 -1
10 11 11
10 12 12
10 13 6
10 14 28
10 15 13
10 16 31
10 17 23
10 18 14
10 19 24
10 20 15
10 21 22
10 22 17
10 23 3
10 24 20
10 25 11
10 26 21
10 27 17
10 28 21
10 29 14
10 30 13
11 1 19
11 2 16
11 3 21
11 4 8
11 5 10
11 6 16
11 7 22
11 8 23
11 9 11
11 10 11
11 11 -1
11 12 10
11 13 17
11 14 22
11 15 6
11 16 28
11 17 14
11 18 19
11 19 28
11 20 16
11 21 15
11 22 18
11 23 8
11 24 21
11 25 13
11 26 23
11 27 6
11 28 12
11 29 12
11 30 21
12 1 10
12 2 6
12 3 14
12 4 12
12 5 15
12 6 6
12 7 12
12 8 13
12 9 3
12 10 12
12 11 10
12 12 -1
12 13 16
12 14 17
12 15 5
12 16 19
12 17 14
12 18 10
12 19 18
12 20 6
12 21 11
12 22 8
12 23 8
12 24 11
12 25 3
12 26 13
12 27 11
12 28 11
12 29 2
12 30 14
13 1 25
13 2 20
13 3 30
13 4 25
13 5 27
13 6 20
13 7 19
13 8 24
13 9 13
13 10 6
13 11 17
13 12 16
13 13 -1
13 14 33
13 15 19
13 16 33
13 17 29
13 18 13
13 19 22
13 20 17
13 21 27
13 22 19
13 23 9
13 24 21
13 25 14
13 26 21
13 27 23
13 28 26
13 29 18
13 30 10
14 1 9
14 2 14
14 3 4
14 4 16
14 5 17
14 6 13
14 7 21
14 8 14
14 9 19
14 10 28
14 11 22
14 12 17
14 13 33
14 14 -1
14 15 16
14 16 10
14 17 10
14 18 24
14 19 25
14 20 17
14 21 7
14 22 17
14 23 25
14 24 17
14 25 18
14 26 19
14 27 17
14 28 9
14 29 14
14 30 29
15 1 13
15 2 10
15 3 14
15 4 7
15 5 9
15 6 10
15 7 18
15 8 17
15 9 8
15 10 13
15 11 6
15 12 5
15 13 19
15 14 16
15 15 -1
15 16 21
15 17 10
15 18 16
15 19 23
15 20 11
15 21 9
15 22 13
15 23 10
15 24 16
15 25 9
15 26 18
15 27 5
15 28 7
15 29 6
15 30 19
16 1 8
16 2 14
16 3 8
16 4 25
16 5 26
16 6 13
16 7 17
16 8 9
16 9 21
16 10 31
16 11 28
16 12 19
16 13 33
16 14 10
16 15 21
16 16 -1
16 17 19
16 18 21
16 19 19
16 20 16
16 21 15
16 22 15
16 23 28
16 24 13
16 25 19
16 26 14
16 27 25
16 28 18
16 29 17
16 30 27
17 1 13
17 2 15
17 3 11
17 4 7
17 5 7
17 6 14
17 7 23
17 8 19
17 9 17
17 10 23
17 11 14
17 12 14
17 13 29
17 14 10
17 15 10
17 16 19
17 17 -1
17 18 24
17 19 29
17 20 17
17 21 5
17 22 18
17 23 20
17 24 20
17 25 17
17 26 23
17 27 8
17 28 3
17 29 12
17 30 28
18 1 15
18 2 10
18 3 20
18 4 23
18 5 25
18 6 11
18 7 5
18 8 12
18 9 8
18 10 14
18 11 19
18 12 10
18 13 13
18 14 24
18 15 16
18 16 21
18 17 24
18 18 -1
18 19 10
18 20 7
18 21 20
18 22 7
18 23 12
18 24 8
18 25 7
18 26 8
18 27 22
18 28 21
18 29 11
18 30 5
19 1 16
19 2 14
19 3 21
19 4 30
19 5 32
19 6 14
19 7 5
19 8 10
19 9 17
19 10 24
19 11 28
19 12 18
19 13 22
19 14 25
19 15 23
19 16 19
19 17 29
19 18 10
19 19 -1
19 20 12
19 21 24
19 22 10
19 23 22
19 24 8
19 25 15
19 26 5
19 27 29
19 28 26
19 29 17
19 30 13
20 1 8
20 2 3
20 3 13
20 4 18
20 5 20
20 6 4
20 7 6
20 8 7
20 9 6
20 10 15
20 11 16
20 12 6
20 13 17
20 14 17
20 15 11
20 16 16
20 17 17
20 18 7
20 19 12
20 20 -1
20 21 13
20 22 2
20 23 12
20 24 5
20 25 4
20 26 7
20 27 17
20 28 14
20 29 5
20 30 12
21 1 8
21 2 10
21 3 7
21 4 10
21 5 11
21 6 9
21 7 19
21 8 14
21 9 14
21 10 22
21 11 15
21 12 11
21 13 27
21 14 7
21 15 9
21 16 15
21 17 5
21 18 20
21 19 24
21 20 13
21 21 -1
21 22 14
21 23 18
21 24 15
21 25 14
21 26 18
21 27 10
21 28 3
21 29 9
21 30 25
22 1 8
22 2 3
22 3 13
22 4 20
22 5 22
22 6 4
22 7 5
22 8 5
22 9 8
22 10 17
22 11 18
22 12 8
22 13 19
22 14 17
22 15 13
22 16 15
22 17 18
22 18 7
22 19 10
22 20 2
22 21 14
22 22 -1
22 23 14
22 24 3
22 25 6
22 26 5
22 27 18
22 28 15
22 29 7
22 30 12
23 1 19
23 2 13
23 3 22
23 4 16
23 5 18
23 6 14
23 7 17
23 8 20
23 9 6
23 10 3
23 11 8
23 12 8
23 13 9
23 14 25
23 15 10
23 16 28
23 17 20
23 18 12
23 19 22
23 20 12
23 21 18
23 22 14
23 23 -1
23 24 17
23 25 8
23 26 19
23 27 14
23 28 17
23 29 11
23 30 12
24 1 8
24 2 5
24 3 13
24 4 22
24 5 24
24 6 6
24 7 4
24 8 3
24 9 11
24 10 20
24 11 21
24 12 11
24 13 21
24 14 17
24 15 16
24 16 13
24 17 20
24 18 8
24 19 8
24 20 5
24 21 15
24 22 3
24 23 17
24 24 -1
24 25 9
24 26 2
24 27 21
24 28 17
24 29 9
24 30 13
25 1 11
25 2 5
25 3 15
25 4 16
25 5 18
25 6 6
25 7 9
25 8 11
25 9 2
25 10 11
25 11 13
25 12 3
25 13 14
25 14 18
25 15 9
25 16 19
25 17 17
25 18 7
25 19 15
25 20 4
25 21 14
25 22 6
25 23 8
25 24 9
25 25 -1
25 26 11
25 27 14
25 28 14
25 29 5
25 30 11
26 1 10
26 2 8
26 3 15
26 4 25
26 5 27
26 6 9
26 7 2
26 8 5
26 9 13
26 10 21
26 11 23
26 12 13
26 13 21
26 14 19
26 15 18
26 16 14
26 17 23
26 18 8
26 19 5
26 20 7
26 21 18
26 22 5
26 23 19
26 24 2
26 25 11
26 26 -1
26 27 24
26 28 20
26 29 12
26 30 13
27 1 17
27 2 15
27 3 17
27 4 2
27 5 4
27 6 15
27 7 23
27 8 22
27 9 13
27 10 17
27 11 6
27 12 11
27 13 23
27 14 17
27 15 5
27 16 25
27 17 8
27 18 22
27 19 29
27 20 17
27 21 10
27 22 18
27 23 14
27 24 21
27 25 14
27 26 24
27 27 -1
27 28 7
27 29 11
27 30 25
28 1 11
28 2 12
28 3 10
28 4 7
28 5 8
28 6 11
28 7 20
28 8 17
28 9 14
28 10 21
28 11 12
28 12 11
28 13 26
28 14 9
28 15 7
28 16 18
28 17 3
28 18 21
28 19 26
28 20 14
28 21 3
28 22 15
28 23 17
28 24 17
28 25 14
28 26 20
28 27 7
28 28 -1
28 29 9
28 30 25
29 1 8
29 2 4
29 3 11
29 4 12
29 5 14
29 6 4
29 7 12
29 8 11
29 9 5
29 10 14
29 11 12
29 12 2
29 13 18
29 14 14
29 15 6
29 16 17
29 17 12
29 18 11
29 19 17
29 20 5
29 21 9
29 22 7
29 23 11
29 24 9
29 25 5
29 26 12
29 27 11
29 28 9
29 29 -1
29 30 16
30 1 20
30 2 15
30 3 25
30 4 26
30 5 29
30 6 16
30 7 10
30 8 17
30 9 11
30 10 13
30 11 21
30 12 14
30 13 10
30 14 29
30 15 19
30 16 27
30 17 28
30 18 5
30 19 13
30 20 12
30 21 25
30 22 12
30 23 12
30 24 13
30 25 11
30 26 13
30 27 25
30 28 25
30 29 16
30 30 -1
