1 1 -1
1 2 7
1 3 5
1 4 7
1 5 3
1 6 3
1 7 6
1 8 6
1 9 4
1 10 2
1 11 3
1 12 6
2 1 7
2 2 -1
2 3 12
2 4 9
2 5 10
2 6 4
2 7 7
2 8 3
2 9 5
2 10 9
2 11 10
2 12 12
3 1 5
3 2 12
3 3 -1
3 4 7
3 5 2
3 6 8
3 7 9
3 8 11
3 9 8
3 10 3
3 11 2
3 12 3
4 1 7
4 2 9
4 3 7
4 4 -1
4 5 8
4 6 6
4 7 3
4 8 11
4 9 5
4 10 6
4 11 6
4 12 5
5 1 3
5 2 10
5 3 2
5 4 8
5 5 -1
5 6 6
5 7 9
5 8 9
5 9 7
5 10 2
5 11 2
5 12 5
6 1 3
6 2 4
6 3 8
6 4 6
6 5 6
6 6 -1
6 7 5
6 8 5
6 9 2
6 10 5
6 11 6
6 12 8
7 1 6
7 2 7
7 3 9
7 4 3
7 5 9
7 6 5
7 7 -1
7 8 9
7 9 3
7 10 7
7 11 7
7 12 8
8 1 6
8 2 3
8 3 11
8 4 11
8 5 9
8 6 5
8 7 9
8 8 -1
8 9 6
8 10 8
8 11 9
8 12 13
9 1 4
9 2 5
9 3 8
9 4 5
9 5 7
9 6 2
9 7 3
9 8 6
9 9 -1
9 10 5
9 11 6
9 12 8
10 1 2
10 2 9
10 3 3
10 4 6
10 5 2
10 6 5
10 7 7
10 8 8
10 9 5
10 10 -1
10 11 1
10 12 4
11 1 3
11 2 10
11 3 2
11 4 6
11 5 2
11 6 6
11 7 7
11 8 9
11 9 6
11 10 1
11 11 -1
11 12 3
12 1 6
12 2 12
12 3 3
12 4 5
12 5 5
12 6 8
12 7 8
12 8 13
12 9 8
12 10 4
12 11 3
12 12 -1
