1 1 -1
1 2 30
1 3 37
1 4 43
1 5 37
1 6 42
1 7 24
1 8 15
1 9 25
1 10 5
1 11 36
1 12 40
1 13 28
1 14 24
1 15 25
1 16 39
1 17 9
1 18 27
1 19 24
1 20 16
1 21 19
1 22 32
1 23 11
1 24 12
1 25 45
1 26 28
1 27 24
1 28 40
1 29 13
1 30 33
1 31 34
1 32 23
1 33 43
1 34 7
1 35 26
1 36 27
1 37 37
1 38 28
1 39 10
1 40 36
1 41 26
1 42 24
1 43 33
1 44 38
1 45 18
1 46 45
1 47 38
1 48 22
1 49 30
1 50 30
1 51 6
1 52 39
1 53 27
1 54 54
1 55 32
1 56 22
1 57 51
1 58 5
1 59 35
1 60 51
1 61 35
1 62 41
1 63 27
1 64 23
1 65 46
1 66 28
1 67 38
1 68 51
1 69 42
1 70 21
1 71 7
1 72 28
2 1 30
2 2 -1
2 3 30
2 4 52
2 5 67
2 6 69
2 7 54
2 8 44
2 9 20
2 10 36
2 11 52
2 12 64
2 13 5
2 14 24
2 15 49
2 16 68
2 17 30
2 18 35
2 19 21
2 20 32
2 21 27
2 22 46
2 23 40
2 24 28
2 25 64
2 26 50
2 27 33
2 28 46
2 29 35
2 30 55
2 31 65
2 32 29
2 33 38
2 34 29
2 35 45
2 36 47
2 37 21
2 38 58
2 39 27
2 40 64
2 41 38
2 42 13
2 43 64
2 44 50
2 45 20
2 46 75
2 47 69
2 48 23
2 49 53
2 50 25
2 51 25
2 52 21
2 53 20
2 54 71
2 55 60
2 56 8
2 57 71
2 58 36
2 59 33
2 60 81
2 61 57
2 62 67
2 63 34
2 64 22
2 65 77
2 66 28
2 67 13
2 68 66
2 69 39
2 70 38
2 71 37
2 72 35
3 1 37
3 2 30
3 3 -1
3 4 26
3 5 68
3 6 56
3 7 50
3 8 50
3 9 46
3 10 41
3 11 31
3 12 48
3 13 24
3 14 13
3 15 37
3 16 60
3 17 44
3 18 58
3 19 46
3 20 24
3 21 48
3 22 66
3 23 40
3 24 44
3 25 43
3 26 35
3 27 17
3 28 20
3 29 29
3 30 38
3 31 67
3 32 52
3 33 8
3 34 42
3 35 29
3 36 31
3 37 11
3 38 63
3 39 43
3 40 54
3 41 20
3 42 18
3 43 62
3 44 26
3 45 19
3 46 76
3 47 67
3 48 15
3 49 38
3 50 7
3 51 31
3 52 13
3 53 47
3 54 48
3 55 52
3 56 26
3 57 50
3 58 41
3 59 6
3 60 79
3 61 39
3 62 54
3 63 57
3 64 14
3 65 76
3 66 53
3 67 22
3 68 42
3 69 9
3 70 24
3 71 39
3 72 14
4 1 43
4 2 52
4 3 26
4 4 -1
4 5 61
4 6 39
4 7 43
4 8 51
4 9 63
4 10 45
4 11 12
4 12 29
4 13 47
4 14 28
4 15 27
4 16 47
4 17 53
4 18 70
4 19 62
4 20 28
4 21 61
4 22 76
4 23 40
4 24 55
4 25 20
4 26 22
4 27 21
4 28 6
4 29 30
4 30 22
4 31 61
4 32 65
4 33 20
4 34 51
4 35 20
4 36 20
4 37 37
4 38 61
4 39 53
4 40 40
4 41 17
4 42 38
4 43 53
4 44 7
4 45 34
4 46 68
4 47 58
4 48 29
4 49 23
4 50 28
4 51 40
4 52 39
4 53 64
4 54 22
4 55 40
4 56 46
4 57 26
4 58 44
4 59 20
4 60 67
4 61 21
4 62 37
4 63 70
4 64 30
4 65 66
4 66 69
4 67 47
4 68 16
4 69 18
4 70 22
4 71 41
4 72 18
5 1 37
5 2 67
5 3 68
5 4 61
5 5 -1
5 6 29
5 7 18
5 8 22
5 9 57
5 10 31
5 11 49
5 12 37
5 13 65
5 14 56
5 15 34
5 16 19
5 17 38
5 18 49
5 19 55
5 20 44
5 21 47
5 22 44
5 23 28
5 24 42
5 25 48
5 26 39
5 27 50
5 28 61
5 29 38
5 30 40
5 31 3
5 32 49
5 33 71
5 34 39
5 35 42
5 36 41
5 37 72
5 38 12
5 39 41
5 40 24
5 41 49
5 42 60
5 43 8
5 44 54
5 45 53
5 46 8
5 47 6
5 48 55
5 49 38
5 50 62
5 51 43
5 52 74
5 53 59
5 54 57
5 55 22
5 56 59
5 57 50
5 58 31
5 59 63
5 60 15
5 61 41
5 62 31
5 63 50
5 64 57
5 65 9
5 66 56
5 67 74
5 68 58
5 69 69
5 70 44
5 71 31
5 72 55
6 1 42
6 2 69
6 3 56
6 4 39
6 5 29
6 6 -1
6 7 20
6 8 36
6 9 67
6 10 38
6 11 27
6 12 9
6 13 64
6 14 49
6 15 20
6 16 10
6 17 49
6 18 66
6 19 66
6 20 37
6 21 60
6 22 65
6 23 31
6 24 53
6 25 21
6 26 21
6 27 39
6 28 42
6 29 33
6 30 18
6 31 31
6 32 63
6 33 55
6 34 48
6 35 26
6 36 25
6 37 64
6 38 36
6 39 51
6 40 7
6 41 36
6 42 57
6 43 22
6 44 33
6 45 50
6 46 33
6 47 24
6 48 48
6 49 18
6 50 53
6 51 45
6 52 67
6 53 69
6 54 28
6 55 11
6 56 60
6 57 21
6 58 37
6 59 50
6 60 30
6 61 17
6 62 2
6 63 66
6 64 50
6 65 31
6 66 69
6 67 71
6 68 31
6 69 53
6 70 33
6 71 35
6 72 42
7 1 24
7 2 54
7 3 50
7 4 43
7 5 18
7 6 20
7 7 -1
7 8 16
7 9 49
7 10 20
7 11 31
7 12 22
7 13 51
7 14 39
7 15 16
7 16 15
7 17 30
7 18 46
7 19 48
7 20 26
7 21 41
7 22 45
7 23 13
7 24 34
7 25 33
7 26 21
7 27 32
7 28 42
7 29 21
7 30 22
7 31 18
7 32 43
7 33 52
7 34 30
7 35 23
7 36 23
7 37 55
7 38 19
7 39 33
7 40 13
7 41 31
7 42 45
7 43 11
7 44 36
7 45 37
7 46 26
7 47 17
7 48 38
7 49 20
7 50 45
7 51 29
7 52 57
7 53 51
7 54 42
7 55 8
7 56 46
7 57 36
7 58 19
7 59 45
7 60 29
7 61 24
7 62 20
7 63 46
7 64 40
7 65 26
7 66 50
7 67 59
7 68 42
7 69 51
7 70 25
7 71 17
7 72 37
8 1 15
8 2 44
8 3 50
8 4 51
8 5 22
8 6 36
8 7 16
8 8 -1
8 9 34
8 10 9
8 11 41
8 12 38
8 13 43
8 14 37
8 15 26
8 16 30
8 17 15
8 18 29
8 19 33
8 20 27
8 21 26
8 22 29
8 23 11
8 24 19
8 25 47
8 26 31
8 27 35
8 28 49
8 29 22
8 30 35
8 31 20
8 32 28
8 33 55
8 34 16
8 35 31
8 36 32
8 37 51
8 38 13
8 39 18
8 40 29
8 41 36
8 42 39
8 43 21
8 44 44
8 45 33
8 46 31
8 47 25
8 48 36
8 49 32
8 50 44
8 51 21
8 52 54
8 53 36
8 54 56
8 55 25
8 56 37
8 57 51
8 58 9
8 59 47
8 60 37
8 61 37
8 62 36
8 63 30
8 64 37
8 65 32
8 66 35
8 67 53
8 68 55
8 69 54
8 70 30
8 71 11
8 72 40
9 1 25
9 2 20
9 3 46
9 4 63
9 5 57
9 6 67
9 7 49
9 8 34
9 9 -1
9 10 29
9 11 59
9 12 65
9 13 23
9 14 35
9 15 50
9 16 64
9 17 19
9 18 15
9 19 1
9 20 36
9 21 10
9 22 26
9 23 36
9 24 15
9 25 69
9 26 52
9 27 41
9 28 57
9 29 36
9 30 57
9 31 54
9 32 10
9 33 54
9 34 19
9 35 49
9 36 50
9 37 39
9 38 46
9 39 16
9 40 61
9 41 46
9 42 27
9 43 56
9 44 58
9 45 29
9 46 65
9 47 60
9 48 34
9 49 55
9 50 39
9 51 24
9 52 40
9 53 2
9 54 77
9 55 57
9 56 19
9 57 75
9 58 30
9 59 47
9 60 72
9 61 60
9 62 66
9 63 14
9 64 33
9 65 67
9 66 8
9 67 33
9 68 74
9 69 54
9 70 43
9 71 32
9 72 45
10 1 5
10 2 36
10 3 41
10 4 45
10 5 31
10 6 38
10 7 20
10 8 9
10 9 29
10 10 -1
10 11 37
10 12 38
10 13 33
10 14 28
10 15 24
10 16 35
10 17 10
10 18 28
10 19 28
10 20 19
10 21 21
10 22 31
10 23 7
10 24 14
10 25 44
10 26 28
10 27 27
10 28 42
10 29 14
10 30 32
10 31 29
10 32 24
10 33 47
10 34 10
10 35 26
10 36 27
10 37 42
10 38 23
10 39 13
10 40 32
10 41 29
10 42 30
10 43 28
10 44 39
10 45 24
10 46 39
10 47 33
10 48 26
10 49 29
10 50 35
10 51 12
10 52 45
10 53 31
10 54 53
10 55 28
10 56 28
10 57 50
10 58 1
10 59 39
10 60 45
10 61 34
10 62 38
10 63 28
10 64 28
10 65 41
10 66 31
10 67 43
10 68 51
10 69 46
10 70 23
10 71 4
10 72 32
11 1 36
11 2 52
11 3 31
11 4 12
11 5 49
11 6 27
11 7 31
11 8 41
11 9 59
11 10 37
11 11 -1
11 12 17
11 13 47
11 14 29
11 15 15
11 16 34
11 17 45
11 18 64
11 19 58
11 20 22
11 21 56
11 22 68
11 23 30
11 24 48
11 25 12
11 26 10
11 27 19
11 28 14
11 29 23
11 30 9
11 31 49
11 32 59
11 33 29
11 34 44
11 35 10
11 36 9
11 37 41
11 38 49
11 39 47
11 40 27
11 41 14
11 42 39
11 43 41
11 44 6
11 45 32
11 46 55
11 47 45
11 48 29
11 49 11
11 50 31
11 51 35
11 52 44
11 53 60
11 54 18
11 55 27
11 56 45
11 57 19
11 58 35
11 59 25
11 60 55
11 61 9
11 62 25
11 63 64
11 64 31
11 65 54
11 66 64
11 67 51
11 68 15
11 69 27
11 70 16
11 71 33
11 72 19
12 1 40
12 2 64
12 3 48
12 4 29
12 5 37
12 6 9
12 7 22
12 8 38
12 9 65
12 10 38
12 11 17
12 12 -1
12 13 59
12 14 42
12 15 15
12 16 19
12 17 48
12 18 66
12 19 64
12 20 32
12 21 59
12 22 67
12 23 30
12 24 52
12 25 12
12 26 14
12 27 32
12 28 32
12 29 29
12 30 9
12 31 37
12 32 62
12 33 46
12 34 47
12 35 19
12 36 17
12 37 57
12 38 41
12 39 50
12 40 13
12 41 28
12 42 51
12 43 29
12 44 24
12 45 44
12 46 42
12 47 32
12 48 41
12 49 11
12 50 46
12 51 41
12 52 59
12 53 67
12 54 19
12 55 15
12 56 56
12 57 13
12 58 36
12 59 42
12 60 39
12 61 8
12 62 7
12 63 66
12 64 44
12 65 40
12 66 68
12 67 65
12 68 22
12 69 44
12 70 26
12 71 34
12 72 34
13 1 28
13 2 5
13 3 24
13 4 47
13 5 65
13 6 64
13 7 51
13 8 43
13 9 23
13 10 33
13 11 47
13 12 59
13 13 -1
13 14 18
13 15 44
13 16 65
13 17 30
13 18 38
13 19 24
13 20 27
13 21 29
13 22 48
13 23 37
13 24 28
13 25 59
13 26 45
13 27 28
13 28 41
13 29 31
13 30 50
13 31 63
13 32 32
13 33 33
13 34 28
13 35 40
13 36 42
13 37 16
13 38 56
13 39 27
13 40 60
13 41 33
13 42 8
13 43 61
13 44 44
13 45 15
13 46 73
13 47 66
13 48 18
13 49 48
13 50 19
13 51 22
13 52 17
13 53 23
13 54 66
13 55 56
13 56 5
13 57 66
13 58 34
13 59 28
13 60 79
13 61 52
13 62 63
13 63 37
13 64 16
13 65 74
13 66 31
13 67 10
13 68 61
13 69 33
13 70 33
13 71 34
13 72 29
14 1 24
14 2 24
14 3 13
14 4 28
14 5 56
14 6 49
14 7 39
14 8 37
14 9 35
14 10 28
14 11 29
14 12 42
14 13 18
14 14 -1
14 15 29
14 16 51
14 17 31
14 18 46
14 19 35
14 20 12
14 21 36
14 22 54
14 23 28
14 24 31
14 25 41
14 26 28
14 27 10
14 28 23
14 29 18
14 30 32
14 31 55
14 32 40
14 33 19
14 34 29
14 35 22
14 36 24
14 37 15
14 38 51
14 39 30
14 40 45
14 41 15
14 42 10
14 43 51
14 44 25
14 45 6
14 46 65
14 47 56
14 48 2
14 49 31
14 50 6
14 51 18
14 52 18
14 53 36
14 54 47
14 55 43
14 56 18
14 57 48
14 58 28
14 59 12
14 60 68
14 61 34
14 62 47
14 63 45
14 64 2
14 65 65
14 66 42
14 67 22
14 68 42
14 69 19
14 70 16
14 71 26
14 72 10
15 1 25
15 2 49
15 3 37
15 4 27
15 5 34
15 6 20
15 7 16
15 8 26
15 9 50
15 10 24
15 11 15
15 12 15
15 13 44
15 14 29
15 15 -1
15 16 23
15 17 34
15 18 52
15 19 49
15 20 17
15 21 45
15 22 55
15 23 16
15 24 37
15 25 20
15 26 5
15 27 20
15 28 26
15 29 14
15 30 8
15 31 34
15 32 48
15 33 38
15 34 33
15 35 8
15 36 7
15 37 44
15 38 34
15 39 36
15 40 17
15 41 17
15 42 37
15 43 26
15 44 20
15 45 29
15 46 41
15 47 31
15 48 28
15 49 5
15 50 33
15 51 26
15 52 47
15 53 52
15 54 29
15 55 15
15 56 41
15 57 26
15 58 22
15 59 31
15 60 42
15 61 10
15 62 18
15 63 52
15 64 30
15 65 40
15 66 54
15 67 51
15 68 28
15 69 36
15 70 13
15 71 20
15 72 23
16 1 39
16 2 68
16 3 60
16 4 47
16 5 19
16 6 10
16 7 15
16 8 30
16 9 64
16 10 35
16 11 34
16 12 19
16 13 65
16 14 51
16 15 23
16 16 -1
16 17 45
16 18 60
16 19 63
16 20 39
16 21 56
16 22 58
16 23 28
16 24 49
16 25 31
16 26 26
16 27 43
16 28 48
16 29 34
16 30 25
16 31 21
16 32 58
16 33 61
16 34 45
16 35 31
16 36 30
16 37 67
16 38 27
16 39 48
16 40 6
16 41 40
16 42 58
16 43 12
16 44 40
16 45 51
16 46 23
16 47 13
16 48 50
16 49 24
16 50 56
16 51 43
16 52 70
16 53 66
16 54 38
16 55 8
16 56 60
16 57 31
16 58 34
16 59 55
16 60 20
16 61 25
16 62 12
16 63 61
16 64 52
16 65 21
16 66 65
16 67 72
16 68 41
16 69 59
16 70 36
16 71 32
16 72 46
17 1 9
17 2 30
17 3 44
17 4 53
17 5 38
17 6 49
17 7 30
17 8 15
17 9 19
17 10 10
17 11 45
17 12 48
17 13 30
17 14 31
17 15 34
17 16 45
17 17 -1
17 18 18
17 19 18
17 20 25
17 21 11
17 22 23
17 23 18
17 24 4
17 25 54
17 26 37
17 27 32
17 28 49
17 29 22
17 30 42
17 31 35
17 32 14
17 33 50
17 34 2
17 35 35
17 36 36
17 37 41
17 38 28
17 39 3
17 40 42
17 41 35
17 42 28
17 43 36
17 44 47
17 45 25
17 46 46
17 47 41
17 48 29
17 49 39
17 50 37
17 51 13
17 52 44
17 53 21
17 54 63
17 55 38
17 56 24
17 57 60
17 58 11
17 59 42
17 60 53
17 61 44
17 62 48
17 63 18
17 64 30
17 65 48
17 66 20
17 67 40
17 68 60
17 69 50
17 70 30
17 71 14
17 72 37
18 1 27
18 2 35
18 3 58
18 4 70
18 5 49
18 6 66
18 7 46
18 8 29
18 9 15
18 10 28
18 11 64
18 12 66
18 13 38
18 14 46
18 15 52
18 16 60
18 17 18
18 18 -1
18 19 14
18 20 42
18 21 9
18 22 11
18 23 35
18 24 15
18 25 72
18 26 56
18 27 49
18 28 66
18 29 41
18 30 60
18 31 46
18 32 6
18 33 65
18 34 19
18 35 53
18 36 55
18 37 53
18 38 37
18 39 17
18 40 59
18 41 53
18 42 40
18 43 50
18 44 65
18 45 39
18 46 55
18 47 54
18 48 44
18 49 58
18 50 51
18 51 30
18 52 55
18 53 16
18 54 81
18 55 55
18 56 33
18 57 78
18 58 29
18 59 58
18 60 64
18 61 63
18 62 65
18 63 1
18 64 44
18 65 58
18 66 9
18 67 48
18 68 79
18 69 65
18 70 48
18 71 32
18 72 54
19 1 24
19 2 21
19 3 46
19 4 62
19 5 55
19 6 66
19 7 48
19 8 33
19 9 1
19 10 28
19 11 58
19 12 64
19 13 24
19 14 35
19 15 49
19 16 63
19 17 18
19 18 14
19 19 -1
19 20 36
19 21 8
19 22 25
19 23 35
19 24 14
19 25 68
19 26 52
19 27 41
19 28 58
19 29 36
19 30 57
19 31 53
19 32 9
19 33 54
19 34 18
19 35 48
19 36 50
19 37 40
19 38 44
19 39 15
19 40 60
19 41 46
19 42 28
19 43 54
19 44 58
19 45 29
19 46 63
19 47 59
19 48 34
19 49 54
19 50 39
19 51 23
19 52 41
19 53 3
19 54 77
19 55 56
19 56 19
19 57 75
19 58 29
19 59 47
19 60 71
19 61 59
19 62 65
19 63 13
19 64 33
19 65 65
19 66 7
19 67 34
19 68 73
19 69 54
19 70 42
19 71 31
19 72 45
20 1 16
20 2 32
20 3 24
20 4 28
20 5 44
20 6 37
20 7 26
20 8 27
20 9 36
20 10 19
20 11 22
20 12 32
20 13 27
20 14 12
20 15 17
20 16 39
20 17 25
20 18 42
20 19 36
20 20 -1
20 21 33
20 22 48
20 23 16
20 24 27
20 25 33
20 26 18
20 27 8
20 28 24
20 29 5
20 30 23
20 31 42
20 32 37
20 33 28
20 34 23
20 35 13
20 36 15
20 37 28
20 38 39
20 39 25
20 40 33
20 41 10
20 42 19
20 43 38
20 44 22
20 45 12
20 46 52
20 47 44
20 48 11
20 49 21
20 50 18
20 51 12
20 52 31
20 53 38
20 54 41
20 55 30
20 56 24
20 57 40
20 58 18
20 59 20
20 60 55
20 61 25
20 62 36
20 63 42
20 64 13
20 65 52
20 66 41
20 67 34
20 68 37
20 69 27
20 70 6
20 71 16
20 72 13
21 1 19
21 2 27
21 3 48
21 4 61
21 5 47
21 6 60
21 7 41
21 8 26
21 9 10
21 10 21
21 11 56
21 12 59
21 13 29
21 14 36
21 15 45
21 16 56
21 17 11
21 18 9
21 19 8
21 20 33
21 21 -1
21 22 19
21 23 29
21 24 7
21 25 65
21 26 48
21 27 40
21 28 57
21 29 32
21 30 53
21 31 44
21 32 3
21 33 56
21 34 12
21 35 45
21 36 47
21 37 44
21 38 36
21 39 8
21 40 53
21 41 44
21 42 31
21 43 47
21 44 56
21 45 30
21 46 55
21 47 51
21 48 34
21 49 50
21 50 41
21 51 21
21 52 46
21 53 11
21 54 74
21 55 49
21 56 24
21 57 71
21 58 23
21 59 48
21 60 63
21 61 55
21 62 60
21 63 8
21 64 35
21 65 57
21 66 9
21 67 39
21 68 71
21 69 56
21 70 40
21 71 25
21 72 44
22 1 32
22 2 46
22 3 66
22 4 76
22 5 44
22 6 65
22 7 45
22 8 29
22 9 26
22 10 31
22 11 68
22 12 67
22 13 48
22 14 54
22 15 55
22 16 58
22 17 23
22 18 11
22 19 25
22 20 48
22 21 19
22 22 -1
22 23 38
22 24 22
22 25 75
22 26 59
22 27 56
22 28 72
22 29 45
22 30 63
22 31 41
22 32 16
22 33 73
22 34 25
22 35 58
22 36 59
22 37 63
22 38 32
22 39 23
22 40 58
22 41 59
22 42 50
22 43 47
22 44 70
22 45 47
22 46 50
22 47 50
22 48 52
22 49 60
22 50 59
22 51 37
22 52 65
22 53 27
22 54 84
22 55 54
22 56 43
22 57 80
22 58 32
22 59 66
22 60 59
22 61 65
22 62 66
22 63 12
22 64 52
22 65 53
22 66 20
22 67 58
22 68 83
22 69 73
22 70 54
22 71 35
22 72 61
23 1 11
23 2 40
23 3 40
23 4 40
23 5 28
23 6 31
23 7 13
23 8 11
23 9 36
23 10 7
23 11 30
23 12 30
23 13 37
23 14 28
23 15 16
23 16 28
23 17 18
23 18 35
23 19 35
23 20 16
23 21 29
23 22 38
23 23 -1
23 24 21
23 25 37
23 26 21
23 27 24
23 28 38
23 29 11
23 30 25
23 31 26
23 32 32
23 33 44
23 34 17
23 35 20
23 36 21
23 37 43
23 38 22
23 39 20
23 40 25
23 41 25
23 42 32
23 43 23
23 44 33
23 45 25
23 46 36
23 47 29
23 48 26
23 49 22
23 50 34
23 51 15
23 52 46
23 53 38
23 54 46
23 55 21
23 56 32
23 57 42
23 58 6
23 59 37
23 60 41
23 61 27
23 62 30
23 63 36
23 64 28
23 65 37
23 66 38
23 67 46
23 68 45
23 69 43
23 70 19
23 71 4
23 72 29
24 1 12
24 2 28
24 3 44
24 4 55
24 5 42
24 6 53
24 7 34
24 8 19
24 9 15
24 10 14
24 11 48
24 12 52
24 13 28
24 14 31
24 15 37
24 16 49
24 17 4
24 18 15
24 19 14
24 20 27
24 21 7
24 22 22
24 23 21
24 24 -1
24 25 57
24 26 41
24 27 34
24 28 51
24 29 25
24 30 45
24 31 39
24 32 10
24 33 51
24 34 4
24 35 38
24 36 39
24 37 41
24 38 31
24 39 1
24 40 46
24 41 38
24 42 28
24 43 40
24 44 49
24 45 25
24 46 50
24 47 45
24 48 29
24 49 43
24 50 37
24 51 14
24 52 43
24 53 17
24 54 66
24 55 42
24 56 22
24 57 63
24 58 15
24 59 43
24 60 57
24 61 48
24 62 52
24 63 15
24 64 30
24 65 52
24 66 16
24 67 39
24 68 63
24 69 50
24 70 33
24 71 18
24 72 38
25 1 45
25 2 64
25 3 43
25 4 20
25 5 48
25 6 21
25 7 33
25 8 47
25 9 69
25 10 44
25 11 12
25 12 12
25 13 59
25 14 41
25 15 20
25 16 31
25 17 54
25 18 72
25 19 68
25 20 33
25 21 65
25 22 75
25 23 37
25 24 57
25 25 -1
25 26 16
25 27 31
25 28 25
25 29 32
25 30 12
25 31 49
25 32 68
25 33 40
25 34 53
25 35 20
25 36 18
25 37 53
25 38 52
25 39 56
25 40 25
25 41 26
25 42 51
25 43 40
25 44 17
25 45 44
25 46 54
25 47 44
25 48 41
25 49 14
25 50 43
25 51 45
25 52 56
25 53 71
25 54 9
25 55 26
25 56 57
25 57 7
25 58 43
25 59 37
25 60 51
25 61 9
25 62 19
25 63 73
25 64 43
25 65 52
25 66 73
25 67 63
25 68 10
25 69 38
25 70 26
25 71 40
25 72 31
26 1 28
26 2 50
26 3 35
26 4 22
26 5 39
26 6 21
26 7 21
26 8 31
26 9 52
26 10 28
26 11 10
26 12 14
26 13 45
26 14 28
26 15 5
26 16 26
26 17 37
26 18 56
26 19 52
26 20 18
26 21 48
26 22 59
26 23 21
26 24 41
26 25 16
26 26 -1
26 27 18
26 28 22
26 29 16
26 30 5
26 31 39
26 32 51
26 33 34
26 34 36
26 35 5
26 36 3
26 37 42
26 38 39
26 39 39
26 40 20
26 41 14
26 42 37
26 43 31
26 44 15
26 45 30
26 46 46
26 47 36
26 48 27
26 49 3
26 50 32
26 51 28
26 52 45
26 53 54
26 54 25
26 55 18
26 56 42
26 57 22
26 58 26
26 59 29
26 60 46
26 61 7
26 62 19
26 63 56
26 64 29
26 65 45
26 66 57
26 67 50
26 68 23
26 69 32
26 70 12
26 71 24
26 72 20
27 1 24
27 2 33
27 3 17
27 4 21
27 5 50
27 6 39
27 7 32
27 8 35
27 9 41
27 10 27
27 11 19
27 12 32
27 13 28
27 14 10
27 15 20
27 16 43
27 17 32
27 18 49
27 19 41
27 20 8
27 21 40
27 22 56
27 23 24
27 24 34
27 25 31
27 26 18
27 27 -1
27 28 16
27 29 13
27 30 22
27 31 49
27 32 44
27 33 20
27 34 30
27 35 13
27 36 14
27 37 24
27 38 47
27 39 33
27 40 37
27 41 5
27 42 20
27 43 44
27 44 17
27 45 13
27 46 59
27 47 49
27 48 10
27 49 21
27 50 13
27 51 19
27 52 27
27 53 43
27 54 38
27 55 34
27 56 26
27 57 38
27 58 26
27 59 13
27 60 61
27 61 24
27 62 38
27 63 49
27 64 12
27 65 58
27 66 48
27 67 32
27 68 33
27 69 19
27 70 7
27 71 24
27 72 5
28 1 40
28 2 46
28 3 20
28 4 6
28 5 61
28 6 42
28 7 42
28 8 49
28 9 57
28 10 42
28 11 14
28 12 32
28 13 41
28 14 23
28 15 26
28 16 48
28 17 49
28 18 66
28 19 58
28 20 24
28 21 57
28 22 72
28 23 38
28 24 51
28 25 25
28 26 22
28 27 16
28 28 -1
28 29 27
28 30 23
28 31 60
28 32 61
28 33 15
28 34 47
28 35 19
28 36 19
28 37 31
28 38 60
28 39 49
28 40 42
28 41 13
28 42 33
28 43 53
28 44 8
28 45 29
28 46 68
28 47 58
28 48 24
28 49 24
28 50 22
28 51 36
28 52 33
28 53 59
28 54 28
28 55 41
28 56 41
28 57 31
28 58 41
28 59 14
28 60 68
28 61 24
28 62 39
28 63 66
28 64 25
28 65 67
28 66 64
28 67 41
28 68 22
28 69 13
28 70 19
28 71 39
28 72 12
29 1 13
29 2 35
29 3 29
29 4 30
29 5 38
29 6 33
29 7 21
29 8 22
29 9 36
29 10 14
29 11 23
29 12 29
29 13 31
29 14 18
29 15 14
29 16 34
29 17 22
29 18 41
29 19 36
29 20 5
29 21 32
29 22 45
29 23 11
29 24 25
29 25 32
29 26 16
29 27 13
29 28 27
29 29 -1
29 30 21
29 31 37
29 32 36
29 33 33
29 34 21
29 35 12
29 36 14
29 37 33
29 38 33
29 39 24
29 40 28
29 41 14
29 42 24
29 43 32
29 44 24
29 45 17
29 46 46
29 47 38
29 48 16
29 49 18
29 50 24
29 51 12
29 52 36
29 53 38
29 54 41
29 55 25
29 56 27
29 57 39
29 58 13
29 59 25
29 60 50
29 61 23
29 62 32
29 63 41
29 64 19
29 65 47
29 66 41
29 67 38
29 68 38
29 69 32
29 70 8
29 71 11
29 72 18
30 1 33
30 2 55
30 3 38
30 4 22
30 5 40
30 6 18
30 7 22
30 8 35
30 9 57
30 10 32
30 11 9
30 12 9
30 13 50
30 14 32
30 15 8
30 16 25
30 17 42
30 18 60
30 19 57
30 20 23
30 21 53
30 22 63
30 23 25
30 24 45
30 25 12
30 26 5
30 27 22
30 28 23
30 29 21
30 30 -1
30 31 40
30 32 56
30 33 37
30 34 41
30 35 10
30 36 8
30 37 47
30 38 41
30 39 44
30 40 18
30 41 18
30 42 42
30 43 32
30 44 15
30 45 35
30 46 46
30 47 36
30 48 32
30 49 2
30 50 36
30 51 33
30 52 49
30 53 59
30 54 21
30 55 18
30 56 47
30 57 17
30 58 31
30 59 32
30 60 45
30 61 2
30 62 16
30 63 61
30 64 34
30 65 44
30 66 62
30 67 55
30 68 20
30 69 35
30 70 17
30 71 28
30 72 24
31 1 34
31 2 65
31 3 67
31 4 61
31 5 3
31 6 31
31 7 18
31 8 20
31 9 54
31 10 29
31 11 49
31 12 37
31 13 63
31 14 55
31 15 34
31 16 21
31 17 35
31 18 46
31 19 53
31 20 42
31 21 44
31 22 41
31 23 26
31 24 39
31 25 49
31 26 39
31 27 49
31 28 60
31 29 37
31 30 40
31 31 -1
31 32 46
31 33 70
31 34 36
31 35 41
31 36 41
31 37 70
31 38 9
31 39 38
31 40 25
31 41 49
31 42 58
31 43 8
31 44 54
31 45 52
31 46 10
31 47 8
31 48 53
31 49 38
31 50 61
31 51 41
31 52 73
31 53 56
31 54 57
31 55 22
31 56 57
31 57 51
31 58 29
31 59 62
31 60 18
31 61 41
31 62 32
31 63 47
31 64 55
31 65 12
31 66 53
31 67 72
31 68 59
31 69 68
31 70 43
31 71 29
31 72 54
32 1 23
32 2 29
32 3 52
32 4 65
32 5 49
32 6 63
32 7 43
32 8 28
32 9 10
32 10 24
32 11 59
32 12 62
32 13 32
32 14 40
32 15 48
32 16 58
32 17 14
32 18 6
32 19 9
32 20 37
32 21 3
32 22 16
32 23 32
32 24 10
32 25 68
32 26 51
32 27 44
32 28 61
32 29 36
32 30 56
32 31 46
32 32 -1
32 33 59
32 34 15
32 35 49
32 36 50
32 37 47
32 38 37
32 39 12
32 40 56
32 41 48
32 42 34
32 43 49
32 44 60
32 45 33
32 46 56
32 47 53
32 48 38
32 49 53
32 50 45
32 51 24
32 52 49
32 53 12
32 54 77
32 55 52
32 56 27
32 57 74
32 58 26
32 59 52
32 60 64
32 61 58
32 62 62
32 63 5
32 64 38
32 65 58
32 66 7
32 67 42
32 68 74
32 69 59
32 70 43
32 71 28
32 72 48
33 1 43
33 2 38
33 3 8
33 4 20
33 5 71
33 6 55
33 7 52
33 8 55
33 9 54
33 10 47
33 11 29
33 12 46
33 13 33
33 14 19
33 15 38
33 16 61
33 17 50
33 18 65
33 19 54
33 20 28
33 21 56
33 22 73
33 23 44
33 24 51
33 25 40
33 26 34
33 27 20
33 28 15
33 29 33
33 30 37
33 31 70
33 32 59
33 33 -1
33 34 48
33 35 30
33 36 31
33 37 19
33 38 67
33 39 50
33 40 54
33 41 21
33 42 26
33 43 64
33 44 23
33 45 26
33 46 79
33 47 69
33 48 21
33 49 37
33 50 14
33 51 37
33 52 20
33 53 55
33 54 43
33 55 53
33 56 35
33 57 46
33 58 46
33 59 8
33 60 80
33 61 38
33 62 53
33 63 65
33 64 21
33 65 78
33 66 61
33 67 30
33 68 36
33 69 2
33 70 26
33 71 44
33 72 15
34 1 7
34 2 29
34 3 42
34 4 51
34 5 39
34 6 48
34 7 30
34 8 16
34 9 19
34 10 10
34 11 44
34 12 47
34 13 28
34 14 29
34 15 33
34 16 45
34 17 2
34 18 19
34 19 18
34 20 23
34 21 12
34 22 25
34 23 17
34 24 4
34 25 53
34 26 36
34 27 30
34 28 47
34 29 21
34 30 41
34 31 36
34 32 15
34 33 48
34 34 -1
34 35 33
34 36 35
34 37 40
34 38 29
34 39 3
34 40 42
34 41 34
34 42 26
34 43 37
34 44 45
34 45 23
34 46 47
34 47 42
34 48 27
34 49 38
34 50 35
34 51 11
34 52 42
34 53 21
34 54 62
34 55 38
34 56 22
34 57 59
34 58 11
34 59 40
34 60 54
34 61 43
34 62 48
34 63 19
34 64 28
34 65 49
34 66 21
34 67 38
34 68 59
34 69 48
34 70 29
34 71 13
34 72 35
35 1 26
35 2 45
35 3 29
35 4 20
35 5 42
35 6 26
35 7 23
35 8 31
35 9 49
35 10 26
35 11 10
35 12 19
35 13 40
35 14 22
35 15 8
35 16 31
35 17 35
35 18 53
35 19 48
35 20 13
35 21 45
35 22 58
35 23 20
35 24 38
35 25 20
35 26 5
35 27 13
35 28 19
35 29 12
35 30 10
35 31 41
35 32 49
35 33 30
35 34 33
35 35 -1
35 36 2
35 37 37
35 38 41
35 39 36
35 40 24
35 41 9
35 42 32
35 43 34
35 44 13
35 45 25
35 46 49
35 47 39
35 48 22
35 49 8
35 50 26
35 51 25
35 52 40
35 53 50
35 54 28
35 55 23
35 56 37
35 57 26
35 58 25
35 59 24
35 60 50
35 61 12
35 62 25
35 63 53
35 64 24
35 65 48
35 66 54
35 67 45
35 68 25
35 69 28
35 70 7
35 71 22
35 72 15
36 1 27
36 2 47
36 3 31
36 4 20
36 5 41
36 6 25
36 7 23
36 8 32
36 9 50
36 10 27
36 11 9
36 12 17
36 13 42
36 14 24
36 15 7
36 16 30
36 17 36
36 18 55
36 19 50
36 20 15
36 21 47
36 22 59
36 23 21
36 24 39
36 25 18
36 26 3
36 27 14
36 28 19
36 29 14
36 30 8
36 31 41
36 32 50
36 33 31
36 34 35
36 35 2
36 36 -1
36 37 39
36 38 41
36 39 38
36 40 23
36 41 10
36 42 34
36 43 34
36 44 13
36 45 27
36 46 49
36 47 39
36 48 24
36 49 6
36 50 28
36 51 26
36 52 42
36 53 52
36 54 26
36 55 21
36 56 39
36 57 25
36 58 26
36 59 25
36 60 49
36 61 10
36 62 23
36 63 55
36 64 26
36 65 48
36 66 55
36 67 47
36 68 24
36 69 29
36 70 9
36 71 23
36 72 17
37 1 37
37 2 21
37 3 11
37 4 37
37 5 72
37 6 64
37 7 55
37 8 51
37 9 39
37 10 42
37 11 41
37 12 57
37 13 16
37 14 15
37 15 44
37 16 67
37 17 41
37 18 53
37 19 40
37 20 28
37 21 44
37 22 63
37 23 43
37 24 41
37 25 53
37 26 42
37 27 24
37 28 31
37 29 33
37 30 47
37 31 70
37 32 47
37 33 19
37 34 40
37 35 37
37 36 39
37 37 -1
37 38 65
37 39 40
37 40 61
37 41 28
37 42 13
37 43 66
37 44 37
37 45 18
37 46 80
37 47 72
37 48 16
37 49 46
37 50 10
37 51 30
37 52 2
37 53 39
37 54 59
37 55 58
37 56 20
37 57 60
37 58 42
37 59 17
37 60 84
37 61 48
37 62 62
37 63 52
37 64 14
37 65 80
37 66 47
37 67 11
37 68 53
37 69 20
37 70 31
37 71 41
37 72 22
38 1 28
38 2 58
38 3 63
38 4 61
38 5 12
38 6 36
38 7 19
38 8 13
38 9 46
38 10 23
38 11 49
38 12 41
38 13 56
38 14 51
38 15 34
38 16 27
38 17 28
38 18 37
38 19 44
38 20 39
38 21 36
38 22 32
38 23 22
38 24 31
38 25 52
38 26 39
38 27 47
38 28 60
38 29 33
38 30 41
38 31 9
38 32 37
38 33 67
38 34 29
38 35 41
38 36 41
38 37 65
38 38 -1
38 39 31
38 40 29
38 41 47
38 42 53
38 43 15
38 44 54
38 45 47
38 46 18
38 47 17
38 48 49
38 49 39
38 50 57
38 51 35
38 52 68
38 53 47
38 54 61
38 55 26
38 56 50
38 57 55
38 58 23
38 59 59
38 60 27
38 61 43
38 62 37
38 63 38
38 64 50
38 65 21
38 66 44
38 67 66
38 68 61
38 69 66
38 70 41
38 71 24
38 72 51
39 1 10
39 2 27
39 3 43
39 4 53
39 5 41
39 6 51
39 7 33
39 8 18
39 9 16
39 10 13
39 11 47
39 12 50
39 13 27
39 14 30
39 15 36
39 16 48
39 17 3
39 18 17
39 19 15
39 20 25
39 21 8
39 22 23
39 23 20
39 24 1
39 25 56
39 26 39
39 27 33
39 28 49
39 29 24
39 30 44
39 31 38
39 32 12
39 33 50
39 34 3
39 35 36
39 36 38
39 37 40
39 38 31
39 39 -1
39 40 45
39 41 36
39 42 27
39 43 40
39 44 48
39 45 24
39 46 49
39 47 44
39 48 28
39 49 41
39 50 36
39 51 13
39 52 42
39 53 18
39 54 65
39 55 41
39 56 21
39 57 62
39 58 14
39 59 42
39 60 56
39 61 46
39 62 51
39 63 16
39 64 29
39 65 51
39 66 18
39 67 38
39 68 62
39 69 49
39 70 31
39 71 16
39 72 37
40 1 36
40 2 64
40 3 54
40 4 40
40 5 24
40 6 7
40 7 13
40 8 29
40 9 61
40 10 32
40 11 27
40 12 13
40 13 60
40 14 45
40 15 17
40 16 6
40 17 42
40 18 59
40 19 60
40 20 33
40 21 53
40 22 58
40 23 25
40 24 46
40 25 25
40 26 20
40 27 37
40 28 42
40 29 28
40 30 18
40 31 25
40 32 56
40 33 54
40 34 42
40 35 24
40 36 23
40 37 61
40 38 29
40 39 45
40 40 -1
40 41 33
40 42 53
40 43 16
40 44 34
40 45 45
40 46 29
40 47 19
40 48 44
40 49 17
40 50 50
40 51 39
40 52 64
40 53 63
40 54 32
40 55 4
40 56 55
40 57 26
40 58 31
40 59 48
40 60 27
40 61 18
40 62 7
40 63 59
40 64 47
40 65 27
40 66 63
40 67 67
40 68 35
40 69 52
40 70 30
40 71 29
40 72 40
41 1 26
41 2 38
41 3 20
41 4 17
41 5 49
41 6 36
41 7 31
41 8 36
41 9 46
41 10 29
41 11 14
41 12 28
41 13 33
41 14 15
41 15 17
41 16 40
41 17 35
41 18 53
41 19 46
41 20 10
41 21 44
41 22 59
41 23 25
41 24 38
41 25 26
41 26 14
41 27 5
41 28 13
41 29 14
41 30 18
41 31 49
41 32 48
41 33 21
41 34 34
41 35 9
41 36 10
41 37 28
41 38 47
41 39 36
41 40 33
41 41 -1
41 42 25
41 43 42
41 44 12
41 45 18
41 46 57
41 47 48
41 48 15
41 49 17
41 50 18
41 51 23
41 52 31
41 53 48
41 54 32
41 55 32
41 56 31
41 57 33
41 58 27
41 59 14
41 60 59
41 61 19
41 62 34
41 63 53
41 64 17
41 65 57
41 66 52
41 67 37
41 68 28
41 69 19
41 70 6
41 71 25
41 72 6
42 1 24
42 2 13
42 3 18
42 4 38
42 5 60
42 6 57
42 7 45
42 8 39
42 9 27
42 10 30
42 11 39
42 12 51
42 13 8
42 14 10
42 15 37
42 16 58
42 17 28
42 18 40
42 19 28
42 20 19
42 21 31
42 22 50
42 23 32
42 24 28
42 25 51
42 26 37
42 27 20
42 28 33
42 29 24
42 30 42
42 31 58
42 32 34
42 33 26
42 34 26
42 35 32
42 36 34
42 37 13
42 38 53
42 39 27
42 40 53
42 41 25
42 42 -1
42 43 56
42 44 36
42 45 7
42 46 69
42 47 61
42 48 10
42 49 40
42 50 12
42 51 18
42 52 15
42 53 28
42 54 58
42 55 50
42 56 8
42 57 58
42 58 30
42 59 20
42 60 73
42 61 44
42 62 56
42 63 39
42 64 8
42 65 70
42 66 35
42 67 14
42 68 52
42 69 27
42 70 25
42 71 29
42 72 21
43 1 33
43 2 64
43 3 62
43 4 53
43 5 8
43 6 22
43 7 11
43 8 21
43 9 56
43 10 28
43 11 41
43 12 29
43 13 61
43 14 51
43 15 26
43 16 12
43 17 36
43 18 50
43 19 54
43 20 38
43 21 47
43 22 47
43 23 23
43 24 40
43 25 40
43 26 31
43 27 44
43 28 53
43 29 32
43 30 32
43 31 8
43 32 49
43 33 64
43 34 37
43 35 34
43 36 34
43 37 66
43 38 15
43 39 40
43 40 16
43 41 42
43 42 56
43 43 -1
43 44 46
43 45 48
43 46 14
43 47 5
43 48 49
43 49 30
43 50 57
43 51 39
43 52 69
43 53 58
43 54 49
43 55 14
43 56 56
43 57 42
43 58 27
43 59 57
43 60 17
43 61 33
43 62 23
43 63 51
43 64 51
43 65 14
43 66 56
43 67 70
43 68 50
43 69 62
43 70 37
43 71 26
43 72 48
44 1 38
44 2 50
44 3 26
44 4 7
44 5 54
44 6 33
44 7 36
44 8 44
44 9 58
44 10 39
44 11 6
44 12 24
44 13 44
44 14 25
44 15 20
44 16 40
44 17 47
44 18 65
44 19 58
44 20 22
44 21 56
44 22 70
44 23 33
44 24 49
44 25 17
44 26 15
44 27 17
44 28 8
44 29 24
44 30 15
44 31 54
44 32 60
44 33 23
44 34 45
44 35 13
44 36 13
44 37 37
44 38 54
44 39 48
44 40 34
44 41 12
44 42 36
44 43 46
44 44 -1
44 45 30
44 46 61
44 47 51
44 48 26
44 49 16
44 50 27
44 51 35
44 52 39
44 53 60
44 54 22
44 55 33
44 56 43
44 57 23
44 58 38
44 59 20
44 60 61
44 61 15
44 62 31
44 63 65
44 64 28
44 65 60
44 66 64
44 67 47
44 68 16
44 69 21
44 70 16
44 71 35
44 72 15
45 1 18
45 2 20
45 3 19
45 4 34
45 5 53
45 6 50
45 7 37
45 8 33
45 9 29
45 10 24
45 11 32
45 12 44
45 13 15
45 14 6
45 15 29
45 16 51
45 17 25
45 18 39
45 19 29
45 20 12
45 21 30
45 22 47
45 23 25
45 24 25
45 25 44
45 26 30
45 27 13
45 28 29
45 29 17
45 30 35
45 31 52
45 32 33
45 33 26
45 34 23
45 35 25
45 36 27
45 37 18
45 38 47
45 39 24
45 40 45
45 41 18
45 42 7
45 43 48
45 44 30
45 45 -1
45 46 62
45 47 54
45 48 5
45 49 33
45 50 12
45 51 12
45 52 21
45 53 30
45 54 51
45 55 42
45 56 12
45 57 51
45 58 23
45 59 18
45 60 66
45 61 37
45 62 48
45 63 39
45 64 5
45 65 62
45 66 36
45 67 21
45 68 47
45 69 26
45 70 18
45 71 23
45 72 16
46 1 45
46 2 75
46 3 76
46 4 68
46 5 8
46 6 33
46 7 26
46 8 31
46 9 65
46 10 39
46 11 55
46 12 42
46 13 73
46 14 65
46 15 41
46 16 23
46 17 46
46 18 55
46 19 63
46 20 52
46 21 55
46 22 50
46 23 36
46 24 50
46 25 54
46 26 46
46 27 59
46 28 68
46 29 46
46 30 46
46 31 10
46 32 56
46 33 79
46 34 47
46 35 49
46 36 49
46 37 80
46 38 18
46 39 49
46 40 29
46 41 57
46 42 69
46 43 14
46 44 61
46 45 62
46 46 -1
46 47 10
46 48 63
46 49 44
46 50 71
46 51 51
46 52 83
46 53 66
46 54 61
46 55 28
46 56 68
46 57 54
46 58 39
46 59 72
46 60 9
46 61 47
46 62 35
46 63 57
46 64 65
46 65 3
46 66 63
46 67 83
46 68 64
46 69 77
46 70 52
46 71 39
46 72 63
47 1 38
47 2 69
47 3 67
47 4 58
47 5 6
47 6 24
47 7 17
47 8 25
47 9 60
47 10 33
47 11 45
47 12 32
47 13 66
47 14 56
47 15 31
47 16 13
47 17 41
47 18 54
47 19 59
47 20 44
47 21 51
47 22 50
47 23 29
47 24 45
47 25 44
47 26 36
47 27 49
47 28 58
47 29 38
47 30 36
47 31 8
47 32 53
47 33 69
47 34 42
47 35 39
47 36 39
47 37 72
47 38 17
47 39 44
47 40 19
47 41 48
47 42 61
47 43 5
47 44 51
47 45 54
47 46 10
47 47 -1
47 48 55
47 49 34
47 50 62
47 51 44
47 52 75
47 53 62
47 54 51
47 55 18
47 56 61
47 57 45
47 58 33
47 59 62
47 60 12
47 61 37
47 62 25
47 63 55
47 64 57
47 65 8
47 66 60
47 67 76
47 68 54
47 69 67
47 70 43
47 71 32
47 72 54
48 1 22
48 2 23
48 3 15
48 4 29
48 5 55
48 6 48
48 7 38
48 8 36
48 9 34
48 10 26
48 11 29
48 12 41
48 13 18
48 14 2
48 15 28
48 16 50
48 17 29
48 18 44
48 19 34
48 20 11
48 21 34
48 22 52
48 23 26
48 24 29
48 25 41
48 26 27
48 27 10
48 28 24
48 29 16
48 30 32
48 31 53
48 32 38
48 33 21
48 34 27
48 35 22
48 36 24
48 37 16
48 38 49
48 39 28
48 40 44
48 41 15
48 42 10
48 43 49
48 44 26
48 45 5
48 46 63
48 47 55
48 48 -1
48 49 30
48 50 8
48 51 16
48 52 19
48 53 35
48 54 48
48 55 41
48 56 17
48 57 48
48 58 26
48 59 13
48 60 67
48 61 34
48 62 46
48 63 43
48 64 2
48 65 63
48 66 41
48 67 23
48 68 43
48 69 21
48 70 15
48 71 25
48 72 11
49 1 30
49 2 53
49 3 38
49 4 23
49 5 38
49 6 18
49 7 20
49 8 32
49 9 55
49 10 29
49 11 11
49 12 11
49 13 48
49 14 31
49 15 5
49 16 24
49 17 39
49 18 58
49 19 54
49 20 21
49 21 50
49 22 60
49 23 22
49 24 43
49 25 14
49 26 3
49 27 21
49 28 24
49 29 18
49 30 2
49 31 38
49 32 53
49 33 37
49 34 38
49 35 8
49 36 6
49 37 46
49 38 39
49 39 41
49 40 17
49 41 17
49 42 40
49 43 30
49 44 16
49 45 33
49 46 44
49 47 34
49 48 30
49 49 -1
49 50 35
49 51 31
49 52 48
49 53 57
49 54 24
49 55 16
49 56 45
49 57 20
49 58 28
49 59 32
49 60 44
49 61 5
49 62 16
49 63 58
49 64 32
49 65 43
49 66 59
49 67 53
49 68 22
49 69 35
49 70 15
49 71 25
49 72 23
50 1 30
50 2 25
50 3 7
50 4 28
50 5 62
50 6 53
50 7 45
50 8 44
50 9 39
50 10 35
50 11 31
50 12 46
50 13 19
50 14 6
50 15 33
50 16 56
50 17 37
50 18 51
50 19 39
50 20 18
50 21 41
50 22 59
50 23 34
50 24 37
50 25 43
50 26 32
50 27 13
50 28 22
50 29 24
50 30 36
50 31 61
50 32 45
50 33 14
50 34 35
50 35 26
50 36 28
50 37 10
50 38 57
50 39 36
50 40 50
50 41 18
50 42 12
50 43 57
50 44 27
50 45 12
50 46 71
50 47 62
50 48 8
50 49 35
50 50 -1
50 51 24
50 52 13
50 53 40
50 54 49
50 55 48
50 56 20
50 57 50
50 58 34
50 59 8
50 60 74
50 61 37
50 62 51
50 63 50
50 64 7
50 65 71
50 66 46
50 67 20
50 68 43
50 69 15
50 70 20
50 71 33
50 72 12
51 1 6
51 2 25
51 3 31
51 4 40
51 5 43
51 6 45
51 7 29
51 8 21
51 9 24
51 10 12
51 11 35
51 12 41
51 13 22
51 14 18
51 15 26
51 16 43
51 17 13
51 18 30
51 19 23
51 20 12
51 21 21
51 22 37
51 23 15
51 24 14
51 25 45
51 26 28
51 27 19
51 28 36
51 29 12
51 30 33
51 31 41
51 32 24
51 33 37
51 34 11
51 35 25
51 36 26
51 37 30
51 38 35
51 39 13
51 40 39
51 41 23
51 42 18
51 43 39
51 44 35
51 45 12
51 46 51
51 47 44
51 48 16
51 49 31
51 50 24
51 51 -1
51 52 33
51 53 26
51 54 53
51 55 35
51 56 17
51 57 51
51 58 12
51 59 29
51 60 56
51 61 36
51 62 44
51 63 30
51 64 17
51 65 52
51 66 29
51 67 31
51 68 50
51 69 36
51 70 19
51 71 12
51 72 24
52 1 39
52 2 21
52 3 13
52 4 39
52 5 74
52 6 67
52 7 57
52 8 54
52 9 40
52 10 45
52 11 44
52 12 59
52 13 17
52 14 18
52 15 47
52 16 70
52 17 44
52 18 55
52 19 41
52 20 31
52 21 46
52 22 65
52 23 46
52 24 43
52 25 56
52 26 45
52 27 27
52 28 33
52 29 36
52 30 49
52 31 73
52 32 49
52 33 20
52 34 42
52 35 40
52 36 42
52 37 2
52 38 68
52 39 42
52 40 64
52 41 31
52 42 15
52 43 69
52 44 39
52 45 21
52 46 83
52 47 75
52 48 19
52 49 48
52 50 13
52 51 33
52 52 -1
52 53 41
52 54 61
52 55 61
52 56 22
52 57 62
52 58 44
52 59 19
52 60 86
52 61 51
52 62 65
52 63 54
52 64 17
52 65 83
52 66 48
52 67 10
52 68 55
52 69 21
52 70 34
52 71 44
52 72 25
53 1 27
53 2 20
53 3 47
53 4 64
53 5 59
53 6 69
53 7 51
53 8 36
53 9 2
53 10 31
53 11 60
53 12 67
53 13 23
53 14 36
53 15 52
53 16 66
53 17 21
53 18 16
53 19 3
53 20 38
53 21 11
53 22 27
53 23 38
53 24 17
53 25 71
53 26 54
53 27 43
53 28 59
53 29 38
53 30 59
53 31 56
53 32 12
53 33 55
53 34 21
53 35 50
53 36 52
53 37 39
53 38 47
53 39 18
53 40 63
53 41 48
53 42 28
53 43 58
53 44 60
53 45 30
53 46 66
53 47 62
53 48 35
53 49 57
53 50 40
53 51 26
53 52 41
53 53 -1
53 54 79
53 55 59
53 56 20
53 57 77
53 58 32
53 59 48
53 60 74
53 61 62
53 62 68
53 63 15
53 64 34
53 65 68
53 66 8
53 67 33
53 68 75
53 69 55
53 70 44
53 71 34
53 72 46
54 1 54
54 2 71
54 3 48
54 4 22
54 5 57
54 6 28
54 7 42
54 8 56
54 9 77
54 10 53
54 11 18
54 12 19
54 13 66
54 14 47
54 15 29
54 16 38
54 17 63
54 18 81
54 19 77
54 20 41
54 21 74
54 22 84
54 23 46
54 24 66
54 25 9
54 26 25
54 27 38
54 28 28
54 29 41
54 30 21
54 31 57
54 32 77
54 33 43
54 34 62
54 35 28
54 36 26
54 37 59
54 38 61
54 39 65
54 40 32
54 41 32
54 42 58
54 43 49
54 44 22
54 45 51
54 46 61
54 47 51
54 48 48
54 49 24
54 50 49
54 51 53
54 52 61
54 53 79
54 54 -1
54 55 35
54 56 64
54 57 7
54 58 52
54 59 42
54 60 58
54 61 19
54 62 26
54 63 82
54 64 49
54 65 59
54 66 82
54 67 69
54 68 6
54 69 41
54 70 34
54 71 49
54 72 37
55 1 32
55 2 60
55 3 52
55 4 40
55 5 22
55 6 11
55 7 8
55 8 25
55 9 57
55 10 28
55 11 27
55 12 15
55 13 56
55 14 43
55 15 15
55 16 8
55 17 38
55 18 55
55 19 56
55 20 30
55 21 49
55 22 54
55 23 21
55 24 42
55 25 26
55 26 18
55 27 34
55 28 41
55 29 25
55 30 18
55 31 22
55 32 52
55 33 53
55 34 38
55 35 23
55 36 21
55 37 58
55 38 26
55 39 41
55 40 4
55 41 32
55 42 50
55 43 14
55 44 33
55 45 42
55 46 28
55 47 18
55 48 41
55 49 16
55 50 48
55 51 35
55 52 61
55 53 59
55 54 35
55 55 -1
55 56 52
55 57 29
55 58 27
55 59 46
55 60 27
55 61 19
55 62 11
55 63 55
55 64 44
55 65 26
55 66 59
55 67 64
55 68 36
55 69 51
55 70 27
55 71 25
55 72 38
56 1 22
56 2 8
56 3 26
56 4 46
56 5 59
56 6 60
56 7 46
56 8 37
56 9 19
56 10 28
56 11 45
56 12 56
56 13 5
56 14 18
56 15 41
56 16 60
56 17 24
56 18 33
56 19 19
56 20 24
56 21 24
56 22 43
56 23 32
56 24 22
56 25 57
56 26 42
56 27 26
56 28 41
56 29 27
56 30 47
56 31 57
56 32 27
56 33 35
56 34 22
56 35 37
56 36 39
56 37 20
56 38 50
56 39 21
56 40 55
56 41 31
56 42 8
56 43 56
56 44 43
56 45 12
56 46 68
56 47 61
56 48 17
56 49 45
56 50 20
56 51 17
56 52 22
56 53 20
56 54 64
56 55 52
56 56 -1
56 57 63
56 58 28
56 59 29
56 60 73
56 61 49
56 62 59
56 63 32
56 64 15
56 65 69
56 66 27
56 67 16
56 68 59
56 69 35
56 70 30
56 71 29
56 72 28
57 1 51
57 2 71
57 3 50
57 4 26
57 5 50
57 6 21
57 7 36
57 8 51
57 9 75
57 10 50
57 11 19
57 12 13
57 13 66
57 14 48
57 15 26
57 16 31
57 17 60
57 18 78
57 19 75
57 20 40
57 21 71
57 22 80
57 23 42
57 24 63
57 25 7
57 26 22
57 27 38
57 28 31
57 29 39
57 30 17
57 31 51
57 32 74
57 33 46
57 34 59
57 35 26
57 36 25
57 37 60
57 38 55
57 39 62
57 40 26
57 41 33
57 42 58
57 43 42
57 44 23
57 45 51
57 46 54
57 47 45
57 48 48
57 49 20
57 50 50
57 51 51
57 52 62
57 53 77
57 54 7
57 55 29
57 56 63
57 57 -1
57 58 48
57 59 44
57 60 51
57 61 15
57 62 19
57 63 78
57 64 50
57 65 52
57 66 80
57 67 70
57 68 12
57 69 44
57 70 33
57 71 46
57 72 38
58 1 5
58 2 36
58 3 41
58 4 44
58 5 31
58 6 37
58 7 19
58 8 9
58 9 30
58 10 1
58 11 35
58 12 36
58 13 34
58 14 28
58 15 22
58 16 34
58 17 11
58 18 29
58 19 29
58 20 18
58 21 23
58 22 32
58 23 6
58 24 15
58 25 43
58 26 26
58 27 26
58 28 41
58 29 13
58 30 31
58 31 29
58 32 26
58 33 46
58 34 11
58 35 25
58 36 26
58 37 42
58 38 23
58 39 14
58 40 31
58 41 27
58 42 30
58 43 27
58 44 38
58 45 23
58 46 39
58 47 33
58 48 26
58 49 28
58 50 34
58 51 12
58 52 44
58 53 32
58 54 52
58 55 27
58 56 28
58 57 48
58 58 -1
58 59 38
58 60 45
58 61 33
58 62 37
58 63 30
58 64 27
58 65 40
58 66 32
58 67 43
58 68 50
58 69 45
58 70 22
58 71 2
58 72 31
59 1 35
59 2 33
59 3 6
59 4 20
59 5 63
59 6 50
59 7 45
59 8 47
59 9 47
59 10 39
59 11 25
59 12 42
59 13 28
59 14 12
59 15 31
59 16 55
59 17 42
59 18 58
59 19 47
59 20 20
59 21 48
59 22 66
59 23 37
59 24 43
59 25 37
59 26 29
59 27 13
59 28 14
59 29 25
59 30 32
59 31 62
59 32 52
59 33 8
59 34 40
59 35 24
59 36 25
59 37 17
59 38 59
59 39 42
59 40 48
59 41 14
59 42 20
59 43 57
59 44 20
59 45 18
59 46 72
59 47 62
59 48 13
59 49 32
59 50 8
59 51 29
59 52 19
59 53 48
59 54 42
59 55 46
59 56 29
59 57 44
59 58 38
59 59 -1
59 60 74
59 61 33
59 62 48
59 63 57
59 64 13
59 65 71
59 66 54
59 67 27
59 68 36
59 69 7
59 70 19
59 71 36
59 72 8
60 1 51
60 2 81
60 3 79
60 4 67
60 5 15
60 6 30
60 7 29
60 8 37
60 9 72
60 10 45
60 11 55
60 12 39
60 13 79
60 14 68
60 15 42
60 16 20
60 17 53
60 18 64
60 19 71
60 20 55
60 21 63
60 22 59
60 23 41
60 24 57
60 25 51
60 26 46
60 27 61
60 28 68
60 29 50
60 30 45
60 31 18
60 32 64
60 33 80
60 34 54
60 35 50
60 36 49
60 37 84
60 38 27
60 39 56
60 40 27
60 41 59
60 42 73
60 43 17
60 44 61
60 45 66
60 46 9
60 47 12
60 48 67
60 49 44
60 50 74
60 51 56
60 52 86
60 53 74
60 54 58
60 55 27
60 56 73
60 57 51
60 58 45
60 59 74
60 60 -1
60 61 45
60 62 32
60 63 65
60 64 69
60 65 6
60 66 71
60 67 88
60 68 61
60 69 78
60 70 54
60 71 44
60 72 65
61 1 35
61 2 57
61 3 39
61 4 21
61 5 41
61 6 17
61 7 24
61 8 37
61 9 60
61 10 34
61 11 9
61 12 8
61 13 52
61 14 34
61 15 10
61 16 25
61 17 44
61 18 63
61 19 59
61 20 25
61 21 55
61 22 65
61 23 27
61 24 48
61 25 9
61 26 7
61 27 24
61 28 24
61 29 23
61 30 2
61 31 41
61 32 58
61 33 38
61 34 43
61 35 12
61 36 10
61 37 48
61 38 43
61 39 46
61 40 18
61 41 19
61 42 44
61 43 33
61 44 15
61 45 37
61 46 47
61 47 37
61 48 34
61 49 5
61 50 37
61 51 36
61 52 51
61 53 62
61 54 19
61 55 19
61 56 49
61 57 15
61 58 33
61 59 33
61 60 45
61 61 -1
61 62 15
61 63 63
61 64 36
61 65 45
61 66 64
61 67 57
61 68 18
61 69 36
61 70 19
61 71 30
61 72 26
62 1 41
62 2 67
62 3 54
62 4 37
62 5 31
62 6 2
62 7 20
62 8 36
62 9 66
62 10 38
62 11 25
62 12 7
62 13 63
62 14 47
62 15 18
62 16 12
62 17 48
62 18 65
62 19 65
62 20 36
62 21 60
62 22 66
62 23 30
62 24 52
62 25 19
62 26 19
62 27 38
62 28 39
62 29 32
62 30 16
62 31 32
62 32 62
62 33 53
62 34 48
62 35 25
62 36 23
62 37 62
62 38 37
62 39 51
62 40 7
62 41 34
62 42 56
62 43 23
62 44 31
62 45 48
62 46 35
62 47 25
62 48 46
62 49 16
62 50 51
62 51 44
62 52 65
62 53 68
62 54 26
62 55 11
62 56 59
62 57 19
62 58 37
62 59 48
62 60 32
62 61 15
62 62 -1
62 63 66
62 64 49
62 65 33
62 66 69
62 67 69
62 68 29
62 69 51
62 70 31
62 71 34
62 72 40
63 1 27
63 2 34
63 3 57
63 4 70
63 5 50
63 6 66
63 7 46
63 8 30
63 9 14
63 10 28
63 11 64
63 12 66
63 13 37
63 14 45
63 15 52
63 16 61
63 17 18
63 18 1
63 19 13
63 20 42
63 21 8
63 22 12
63 23 36
63 24 15
63 25 73
63 26 56
63 27 49
63 28 66
63 29 41
63 30 61
63 31 47
63 32 5
63 33 65
63 34 19
63 35 53
63 36 55
63 37 52
63 38 38
63 39 16
63 40 59
63 41 53
63 42 39
63 43 51
63 44 65
63 45 39
63 46 57
63 47 55
63 48 43
63 49 58
63 50 50
63 51 30
63 52 54
63 53 15
63 54 82
63 55 55
63 56 32
63 57 78
63 58 30
63 59 57
63 60 65
63 61 63
63 62 66
63 63 -1
63 64 44
63 65 59
63 66 7
63 67 47
63 68 79
63 69 65
63 70 48
63 71 32
63 72 53
64 1 23
64 2 22
64 3 14
64 4 30
64 5 57
64 6 50
64 7 40
64 8 37
64 9 33
64 10 28
64 11 31
64 12 44
64 13 16
64 14 2
64 15 30
64 16 52
64 17 30
64 18 44
64 19 33
64 20 13
64 21 35
64 22 52
64 23 28
64 24 30
64 25 43
64 26 29
64 27 12
64 28 25
64 29 19
64 30 34
64 31 55
64 32 38
64 33 21
64 34 28
64 35 24
64 36 26
64 37 14
64 38 50
64 39 29
64 40 47
64 41 17
64 42 8
64 43 51
64 44 28
64 45 5
64 46 65
64 47 57
64 48 2
64 49 32
64 50 7
64 51 17
64 52 17
64 53 34
64 54 49
64 55 44
64 56 15
64 57 50
64 58 27
64 59 13
64 60 69
64 61 36
64 62 49
64 63 44
64 64 -1
64 65 65
64 66 40
64 67 20
64 68 44
64 69 21
64 70 17
64 71 26
64 72 13
65 1 46
65 2 77
65 3 76
65 4 66
65 5 9
65 6 31
65 7 26
65 8 32
65 9 67
65 10 41
65 11 54
65 12 40
65 13 74
65 14 65
65 15 40
65 16 21
65 17 48
65 18 58
65 19 65
65 20 52
65 21 57
65 22 53
65 23 37
65 24 52
65 25 52
65 26 45
65 27 58
65 28 67
65 29 47
65 30 44
65 31 12
65 32 58
65 33 78
65 34 49
65 35 48
65 36 48
65 37 80
65 38 21
65 39 51
65 40 27
65 41 57
65 42 70
65 43 14
65 44 60
65 45 62
65 46 3
65 47 8
65 48 63
65 49 43
65 50 71
65 51 52
65 52 83
65 53 68
65 54 59
65 55 26
65 56 69
65 57 52
65 58 40
65 59 71
65 60 6
65 61 45
65 62 33
65 63 59
65 64 65
65 65 -1
65 66 65
65 67 84
65 68 62
65 69 76
65 70 51
65 71 40
65 72 63
66 1 28
66 2 28
66 3 53
66 4 69
66 5 56
66 6 69
66 7 50
66 8 35
66 9 8
66 10 31
66 11 64
66 12 68
66 13 31
66 14 42
66 15 54
66 16 65
66 17 20
66 18 9
66 19 7
66 20 41
66 21 9
66 22 20
66 23 38
66 24 16
66 25 73
66 26 57
66 27 48
66 28 64
66 29 41
66 30 62
66 31 53
66 32 7
66 33 61
66 34 21
66 35 54
66 36 55
66 37 47
66 38 44
66 39 18
66 40 63
66 41 52
66 42 35
66 43 56
66 44 64
66 45 36
66 46 63
66 47 60
66 48 41
66 49 59
66 50 46
66 51 29
66 52 48
66 53 8
66 54 82
66 55 59
66 56 27
66 57 80
66 58 32
66 59 54
66 60 71
66 61 64
66 62 69
66 63 7
66 64 40
66 65 65
66 66 -1
66 67 41
66 68 79
66 69 61
66 70 48
66 71 34
66 72 51
67 1 38
67 2 13
67 3 22
67 4 47
67 5 74
67 6 71
67 7 59
67 8 53
67 9 33
67 10 43
67 11 51
67 12 65
67 13 10
67 14 22
67 15 51
67 16 72
67 17 40
67 18 48
67 19 34
67 20 34
67 21 39
67 22 58
67 23 46
67 24 39
67 25 63
67 26 50
67 27 32
67 28 41
67 29 38
67 30 55
67 31 72
67 32 42
67 33 30
67 34 38
67 35 45
67 36 47
67 37 11
67 38 66
67 39 38
67 40 67
67 41 37
67 42 14
67 43 70
67 44 47
67 45 21
67 46 83
67 47 76
67 48 23
67 49 53
67 50 20
67 51 31
67 52 10
67 53 33
67 54 69
67 55 64
67 56 16
67 57 70
67 58 43
67 59 27
67 60 88
67 61 57
67 62 69
67 63 47
67 64 20
67 65 84
67 66 41
67 67 -1
67 68 63
67 69 31
67 70 38
67 71 43
67 72 32
68 1 51
68 2 66
68 3 42
68 4 16
68 5 58
68 6 31
68 7 42
68 8 55
68 9 74
68 10 51
68 11 15
68 12 22
68 13 61
68 14 42
68 15 28
68 16 41
68 17 60
68 18 79
68 19 73
68 20 37
68 21 71
68 22 83
68 23 45
68 24 63
68 25 10
68 26 23
68 27 33
68 28 22
68 29 38
68 30 20
68 31 59
68 32 74
68 33 36
68 34 59
68 35 25
68 36 24
68 37 53
68 38 61
68 39 62
68 40 35
68 41 28
68 42 52
68 43 50
68 44 16
68 45 47
68 46 64
68 47 54
68 48 43
68 49 22
68 50 43
68 51 50
68 52 55
68 53 75
68 54 6
68 55 36
68 56 59
68 57 12
68 58 50
68 59 36
68 60 61
68 61 18
68 62 29
68 63 79
68 64 44
68 65 62
68 66 79
68 67 63
68 68 -1
68 69 34
68 70 31
68 71 47
68 72 31
69 1 42
69 2 39
69 3 9
69 4 18
69 5 69
69 6 53
69 7 51
69 8 54
69 9 54
69 10 46
69 11 27
69 12 44
69 13 33
69 14 19
69 15 36
69 16 59
69 17 50
69 18 65
69 19 54
69 20 27
69 21 56
69 22 73
69 23 43
69 24 50
69 25 38
69 26 32
69 27 19
69 28 13
69 29 32
69 30 35
69 31 68
69 32 59
69 33 2
69 34 48
69 35 28
69 36 29
69 37 20
69 38 66
69 39 49
69 40 52
69 41 19
69 42 27
69 43 62
69 44 21
69 45 26
69 46 77
69 47 67
69 48 21
69 49 35
69 50 15
69 51 36
69 52 21
69 53 55
69 54 41
69 55 51
69 56 35
69 57 44
69 58 45
69 59 7
69 60 78
69 61 36
69 62 51
69 63 65
69 64 21
69 65 76
69 66 61
69 67 31
69 68 34
69 69 -1
69 70 25
69 71 43
69 72 14
70 1 21
70 2 38
70 3 24
70 4 22
70 5 44
70 6 33
70 7 25
70 8 30
70 9 43
70 10 23
70 11 16
70 12 26
70 13 33
70 14 16
70 15 13
70 16 36
70 17 30
70 18 48
70 19 42
70 20 6
70 21 40
70 22 54
70 23 19
70 24 33
70 25 26
70 26 12
70 27 7
70 28 19
70 29 8
70 30 17
70 31 43
70 32 43
70 33 26
70 34 29
70 35 7
70 36 9
70 37 31
70 38 41
70 39 31
70 40 30
70 41 6
70 42 25
70 43 37
70 44 16
70 45 18
70 46 52
70 47 43
70 48 15
70 49 15
70 50 20
70 51 19
70 52 34
70 53 44
70 54 34
70 55 27
70 56 30
70 57 33
70 58 22
70 59 19
70 60 54
70 61 19
70 62 31
70 63 48
70 64 17
70 65 51
70 66 48
70 67 38
70 68 31
70 69 25
70 70 -1
70 71 19
70 72 11
71 1 7
71 2 37
71 3 39
71 4 41
71 5 31
71 6 35
71 7 17
71 8 11
71 9 32
71 10 4
71 11 33
71 12 34
71 13 34
71 14 26
71 15 20
71 16 32
71 17 14
71 18 32
71 19 31
71 20 16
71 21 25
71 22 35
71 23 4
71 24 18
71 25 40
71 26 24
71 27 24
71 28 39
71 29 11
71 30 28
71 31 29
71 32 28
71 33 44
71 34 13
71 35 22
71 36 23
71 37 41
71 38 24
71 39 16
71 40 29
71 41 25
71 42 29
71 43 26
71 44 35
71 45 23
71 46 39
71 47 32
71 48 25
71 49 25
71 50 33
71 51 12
71 52 44
71 53 34
71 54 49
71 55 25
71 56 29
71 57 46
71 58 2
71 59 36
71 60 44
71 61 30
71 62 34
71 63 32
71 64 26
71 65 40
71 66 34
71 67 43
71 68 47
71 69 43
71 70 19
71 71 -1
71 72 29
72 1 28
72 2 35
72 3 14
72 4 18
72 5 55
72 6 42
72 7 37
72 8 40
72 9 45
72 10 32
72 11 19
72 12 34
72 13 29
72 14 10
72 15 23
72 16 46
72 17 37
72 18 54
72 19 45
72 20 13
72 21 44
72 22 61
72 23 29
72 24 38
72 25 31
72 26 20
72 27 5
72 28 12
72 29 18
72 30 24
72 31 54
72 32 48
72 33 15
72 34 35
72 35 15
72 36 17
72 37 22
72 38 51
72 39 37
72 40 40
72 41 6
72 42 21
72 43 48
72 44 15
72 45 16
72 46 63
72 47 54
72 48 11
72 49 23
72 50 12
72 51 24
72 52 25
72 53 46
72 54 37
72 55 38
72 56 28
72 57 38
72 58 31
72 59 8
72 60 65
72 61 26
72 62 40
72 63 53
72 64 13
72 65 63
72 66 51
72 67 32
72 68 31
72 69 14
72 70 11
72 71 29
72 72 -1
