14 64
14 3
14 72
14 59
14 42
14 45
14 48
14 50
14 20
14 27
15 35
15 36
15 70
15 49
15 26
15 61
15 30
11 35
11 4
11 36
11 44
11 49
11 25
11 26
11 61
11 30
5 65
5 38
5 43
5 46
5 47
5 31
63 32
63 66
63 18
63 19
63 21
63 22
9 32
9 66
9 19
9 53
9 21
37 67
37 3
37 42
37 50
37 52
62 6
62 40
62 12
62 16
62 55
33 59
33 3
33 69
55 6
55 7
55 40
55 16
55 62
32 66
32 39
32 9
32 18
32 19
32 21
32 53
32 24
32 63
42 64
42 2
42 37
42 45
42 13
42 14
42 48
42 50
42 56
10 1
10 34
10 39
10 8
10 71
10 17
10 51
10 23
10 58
61 35
61 36
61 11
61 12
61 15
61 49
61 25
61 26
61 30
69 33
69 3
69 28
69 59
25 68
25 11
25 12
25 54
25 57
25 61
25 30
59 64
59 33
59 3
59 69
59 72
59 14
59 48
59 50
59 27
70 35
70 36
70 72
70 41
70 15
70 20
70 26
70 27
70 29
