1 1 -1
1 2 14
1 3 16
1 4 7
1 5 18
1 6 5
1 7 12
1 8 12
1 9 10
1 10 7
1 11 9
1 12 1
1 13 19
1 14 12
1 15 7
1 16 9
1 17 20
1 18 11
1 19 5
1 20 3
1 21 13
1 22 15
2 1 14
2 2 -1
2 3 12
2 4 18
2 5 9
2 6 8
2 7 19
2 8 18
2 9 18
2 10 13
2 11 20
2 12 15
2 13 19
2 14 13
2 15 8
2 16 5
2 17 21
2 18 21
2 19 14
2 20 15
2 21 17
2 22 1
3 1 16
3 2 12
3 3 -1
3 4 15
3 5 5
3 6 13
3 7 11
3 8 10
3 9 12
3 10 20
3 11 16
3 12 17
3 13 8
3 14 4
3 15 9
3 16 9
3 17 10
3 18 16
3 19 12
3 20 15
3 21 7
3 22 12
4 1 7
4 2 18
4 3 15
4 4 -1
4 5 19
4 6 11
4 7 7
4 8 7
4 9 5
4 10 14
4 11 2
4 12 6
4 13 16
4 14 11
4 15 10
4 16 13
4 17 15
4 18 4
4 19 4
4 20 4
4 21 10
4 22 20
5 1 18
5 2 9
5 3 5
5 4 19
5 5 -1
5 6 14
5 7 16
5 8 15
5 9 16
5 10 20
5 11 20
5 12 19
5 13 13
5 14 9
5 15 11
5 16 9
5 17 15
5 18 21
5 19 15
5 20 18
5 21 13
5 22 9
6 1 5
6 2 8
6 3 13
6 4 11
6 5 14
6 6 -1
6 7 14
6 8 13
6 9 13
6 10 6
6 11 13
6 12 7
6 13 19
6 14 11
6 15 4
6 16 5
6 17 20
6 18 15
6 19 8
6 20 7
6 21 13
6 22 10
7 1 12
7 2 19
7 3 11
7 4 7
7 5 16
7 6 14
7 7 -1
7 8 1
7 9 2
7 10 19
7 11 7
7 12 12
7 13 9
7 14 7
7 15 11
7 16 14
7 17 8
7 18 6
7 19 7
7 20 9
7 21 3
7 22 20
8 1 12
8 2 18
8 3 10
8 4 7
8 5 15
8 6 13
8 7 1
8 8 -1
8 9 2
8 10 18
8 11 7
8 12 12
8 13 9
8 14 6
8 15 10
8 16 13
8 17 8
8 18 6
8 19 6
8 20 9
8 21 3
8 22 19
9 1 10
9 2 18
9 3 12
9 4 5
9 5 16
9 6 13
9 7 2
9 8 2
9 9 -1
9 10 17
9 11 5
9 12 10
9 13 11
9 14 7
9 15 10
9 16 13
9 17 10
9 18 4
9 19 5
9 20 7
9 21 5
9 22 19
10 1 7
10 2 13
10 3 20
10 4 14
10 5 20
10 6 6
10 7 19
10 8 18
10 9 17
10 10 -1
10 11 16
10 12 8
10 13 25
10 14 17
10 15 10
10 16 11
10 17 26
10 18 18
10 19 12
10 20 10
10 21 19
10 22 14
11 1 9
11 2 20
11 3 16
11 4 2
11 5 20
11 6 13
11 7 7
11 8 7
11 9 5
11 10 16
11 11 -1
11 12 8
11 13 16
11 14 12
11 15 11
11 16 15
11 17 15
11 18 2
11 19 5
11 20 6
11 21 10
11 22 21
12 1 1
12 2 15
12 3 17
12 4 6
12 5 19
12 6 7
12 7 12
12 8 12
12 9 10
12 10 8
12 11 8
12 12 -1
12 13 20
12 14 13
12 15 8
12 16 11
12 17 20
12 18 10
12 19 5
12 20 2
12 21 13
12 22 17
13 1 19
13 2 19
13 3 8
13 4 16
13 5 13
13 6 19
13 7 9
13 8 9
13 9 11
13 10 25
13 11 16
13 12 20
13 13 -1
13 14 7
13 15 14
13 16 16
13 17 2
13 18 15
13 19 14
13 20 17
13 21 6
13 22 20
14 1 12
14 2 13
14 3 4
14 4 11
14 5 9
14 6 11
14 7 7
14 8 6
14 9 7
14 10 17
14 11 12
14 12 13
14 13 7
14 14 -1
14 15 7
14 16 8
14 17 8
14 18 12
14 19 8
14 20 11
14 21 4
14 22 14
15 1 7
15 2 8
15 3 9
15 4 10
15 5 11
15 6 4
15 7 11
15 8 10
15 9 10
15 10 10
15 11 11
15 12 8
15 13 14
15 14 7
15 15 -1
15 16 3
15 17 15
15 18 13
15 19 5
15 20 7
15 21 9
15 22 10
16 1 9
16 2 5
16 3 9
16 4 13
16 5 9
16 6 5
16 7 14
16 8 13
16 9 13
16 10 11
16 11 15
16 12 11
16 13 16
16 14 8
16 15 3
16 16 -1
16 17 17
16 18 16
16 19 9
16 20 10
16 21 12
16 22 6
17 1 20
17 2 21
17 3 10
17 4 15
17 5 15
17 6 20
17 7 8
17 8 8
17 9 10
17 10 26
17 11 15
17 12 20
17 13 2
17 14 8
17 15 15
17 16 17
17 17 -1
17 18 14
17 19 14
17 20 17
17 21 6
17 22 22
18 1 11
18 2 21
18 3 16
18 4 4
18 5 21
18 6 15
18 7 6
18 8 6
18 9 4
18 10 18
18 11 2
18 12 10
18 13 15
18 14 12
18 15 13
18 16 16
18 17 14
18 18 -1
18 19 7
18 20 8
18 21 9
18 22 23
19 1 5
19 2 14
19 3 12
19 4 4
19 5 15
19 6 8
19 7 7
19 8 6
19 9 5
19 10 12
19 11 5
19 12 5
19 13 14
19 14 8
19 15 5
19 16 9
19 17 14
19 18 7
19 19 -1
19 20 3
19 21 8
19 22 16
20 1 3
20 2 15
20 3 15
20 4 4
20 5 18
20 6 7
20 7 9
20 8 9
20 9 7
20 10 10
20 11 6
20 12 2
20 13 17
20 14 11
20 15 7
20 16 10
20 17 17
20 18 8
20 19 3
20 20 -1
20 21 11
20 22 17
21 1 13
21 2 17
21 3 7
21 4 10
21 5 13
21 6 13
21 7 3
21 8 3
21 9 5
21 10 19
21 11 10
21 12 13
21 13 6
21 14 4
21 15 9
21 16 12
21 17 6
21 18 9
21 19 8
21 20 11
21 21 -1
21 22 18
22 1 15
22 2 1
22 3 12
22 4 20
22 5 9
22 6 10
22 7 20
22 8 19
22 9 19
22 10 14
22 11 21
22 12 17
22 13 20
22 14 14
22 15 10
22 16 6
22 17 22
22 18 23
22 19 16
22 20 17
22 21 18
22 22 -1
