1 1 -1
1 2 14
1 3 17
1 4 23
1 5 18
1 6 19
1 7 19
1 8 10
1 9 12
1 10 19
1 11 23
1 12 15
1 13 18
1 14 6
1 15 6
1 16 10
1 17 28
1 18 4
1 19 20
1 20 14
1 21 19
1 22 9
1 23 17
1 24 20
1 25 1
1 26 18
1 27 21
1 28 14
1 29 11
1 30 6
1 31 20
1 32 22
1 33 23
1 34 17
1 35 12
1 36 14
1 37 13
1 38 26
1 39 24
1 40 2
1 41 16
1 42 25
2 1 14
2 2 -1
2 3 18
2 4 9
2 5 24
2 6 22
2 7 21
2 8 13
2 9 3
2 10 29
2 11 12
2 12 11
2 13 24
2 14 15
2 15 8
2 16 23
2 17 14
2 18 18
2 19 29
2 20 11
2 21 5
2 22 18
2 23 2
2 24 11
2 25 14
2 26 25
2 27 17
2 28 27
2 29 20
2 30 9
2 31 27
2 32 20
2 33 12
2 34 29
2 35 22
2 36 10
2 37 26
2 38 12
2 39 10
2 40 12
2 41 25
2 42 11
3 1 17
3 2 18
3 3 -1
3 4 20
3 5 35
3 6 35
3 7 34
3 8 25
3 9 15
3 10 16
3 11 14
3 12 27
3 13 7
3 14 11
3 15 17
3 16 27
3 17 20
3 18 16
3 19 14
3 20 26
3 21 17
3 22 10
3 23 20
3 24 11
3 25 18
3 26 35
3 27 6
3 28 31
3 29 11
3 30 14
3 31 12
3 32 36
3 33 30
3 34 20
3 35 30
3 36 26
3 37 31
3 38 28
3 39 18
3 40 17
3 41 34
3 42 20
4 1 23
4 2 9
4 3 20
4 4 -1
4 5 32
4 6 30
4 7 29
4 8 22
4 9 11
4 10 34
4 11 8
4 12 18
4 13 27
4 14 22
4 15 17
4 16 32
4 17 6
4 18 26
4 19 33
4 20 19
4 21 4
4 22 24
4 23 7
4 24 9
4 25 23
4 26 34
4 27 16
4 28 36
4 29 26
4 30 17
4 31 31
4 32 26
4 33 14
4 34 36
4 35 31
4 36 18
4 37 35
4 38 9
4 39 3
4 40 21
4 41 34
4 42 2
5 1 18
5 2 24
5 3 35
5 4 32
5 5 -1
5 6 3
5 7 5
5 8 10
5 9 24
5 10 36
5 11 36
5 12 14
5 13 37
5 14 25
5 15 19
5 16 12
5 17 38
5 18 21
5 19 37
5 20 13
5 21 29
5 22 27
5 23 25
5 24 34
5 25 17
5 26 2
5 27 38
5 28 12
5 29 29
5 30 21
5 31 38
5 32 11
5 33 23
5 34 32
5 35 7
5 36 14
5 37 11
5 38 30
5 39 34
5 40 18
5 41 5
5 42 34
6 1 19
6 2 22
6 3 35
6 4 30
6 5 3
6 6 -1
6 7 2
6 8 10
6 9 23
6 10 38
6 11 35
6 12 12
6 13 38
6 14 25
6 15 18
6 16 14
6 17 37
6 18 23
6 19 39
6 20 11
6 21 28
6 22 28
6 23 23
6 24 33
6 25 18
6 26 5
6 27 38
6 28 15
6 29 30
6 30 21
6 31 39
6 32 7
6 33 20
6 34 34
6 35 9
6 36 12
6 37 14
6 38 27
6 39 33
6 40 18
6 41 8
6 42 33
7 1 19
7 2 21
7 3 34
7 4 29
7 5 5
7 6 2
7 7 -1
7 8 9
7 9 22
7 10 38
7 11 33
7 12 10
7 13 37
7 14 25
7 15 17
7 16 15
7 17 35
7 18 23
7 19 39
7 20 10
7 21 26
7 22 28
7 23 21
7 24 32
7 25 18
7 26 7
7 27 36
7 28 17
7 29 30
7 30 20
7 31 39
7 32 5
7 33 18
7 34 34
7 35 10
7 36 10
7 37 15
7 38 25
7 39 31
7 40 18
7 41 10
7 42 31
8 1 10
8 2 13
8 3 25
8 4 22
8 5 10
8 6 10
8 7 9
8 8 -1
8 9 13
8 10 29
8 11 26
8 12 7
8 13 28
8 14 16
8 15 8
8 16 11
8 17 28
8 18 14
8 19 30
8 20 5
8 21 19
8 22 19
8 23 15
8 24 24
8 25 9
8 26 11
8 27 27
8 28 14
8 29 21
8 30 11
8 31 30
8 32 12
8 33 16
8 34 26
8 35 9
8 36 6
8 37 13
8 38 22
8 39 24
8 40 9
8 41 11
8 42 25
9 1 12
9 2 3
9 3 15
9 4 11
9 5 24
9 6 23
9 7 22
9 8 13
9 9 -1
9 10 25
9 11 12
9 12 13
9 13 20
9 14 12
9 15 6
9 16 21
9 17 16
9 18 15
9 19 25
9 20 12
9 21 7
9 22 14
9 23 6
9 24 10
9 25 12
9 26 25
9 27 15
9 28 25
9 29 17
9 30 6
9 31 24
9 32 21
9 33 15
9 34 26
9 35 21
9 36 12
9 37 24
9 38 15
9 39 12
9 40 10
9 41 24
9 42 13
10 1 19
10 2 29
10 3 16
10 4 34
10 5 36
10 6 38
10 7 38
10 8 29
10 9 25
10 10 -1
10 11 30
10 12 34
10 13 9
10 14 14
10 15 23
10 16 24
10 17 36
10 18 15
10 19 2
10 20 33
10 21 31
10 22 11
10 23 32
10 24 26
10 25 20
10 26 35
10 27 22
10 28 26
10 29 8
10 30 21
10 31 5
10 32 41
10 33 40
10 34 6
10 35 29
10 36 33
10 37 27
10 38 41
10 39 33
10 40 20
10 41 32
10 42 35
11 1 23
11 2 12
11 3 14
11 4 8
11 5 36
11 6 35
11 7 33
11 8 26
11 9 12
11 10 30
11 11 -1
11 12 24
11 13 22
11 14 20
11 15 18
11 16 33
11 17 6
11 18 25
11 19 28
11 20 24
11 21 8
11 22 21
11 23 13
11 24 3
11 25 23
11 26 37
11 27 9
11 28 37
11 29 23
11 30 17
11 31 26
11 32 32
11 33 22
11 34 32
11 35 34
11 36 23
11 37 36
11 38 17
11 39 5
11 40 21
11 41 37
11 42 7
12 1 15
12 2 11
12 3 27
12 4 18
12 5 14
12 6 12
12 7 10
12 8 7
12 9 13
12 10 34
12 11 24
12 12 -1
12 13 32
12 14 20
12 15 11
12 16 18
12 17 25
12 18 20
12 19 34
12 20 1
12 21 16
12 22 23
12 23 11
12 24 23
12 25 14
12 26 16
12 27 28
12 28 21
12 29 25
12 30 14
12 31 34
12 32 8
12 33 9
12 34 32
12 35 15
12 36 1
12 37 20
12 38 16
12 39 21
12 40 13
12 41 17
12 42 21
13 1 18
13 2 24
13 3 7
13 4 27
13 5 37
13 6 38
13 7 37
13 8 28
13 9 20
13 10 9
13 11 22
13 12 32
13 13 -1
13 14 12
13 15 21
13 16 27
13 17 28
13 18 16
13 19 7
13 20 31
13 21 24
13 22 9
13 23 26
13 24 19
13 25 19
13 26 37
13 27 13
13 28 30
13 29 8
13 30 18
13 31 4
13 32 40
13 33 36
13 34 14
13 35 31
13 36 31
13 37 30
13 38 35
13 39 26
13 40 19
13 41 34
13 42 28
14 1 6
14 2 15
14 3 11
14 4 22
14 5 25
14 6 25
14 7 25
14 8 16
14 9 12
14 10 14
14 11 20
14 12 20
14 13 12
14 14 -1
14 15 9
14 16 16
14 17 25
14 18 5
14 19 14
14 20 19
14 21 18
14 22 3
14 23 18
14 24 17
14 25 7
14 26 25
14 27 16
14 28 20
14 29 5
14 30 6
14 31 14
14 32 28
14 33 26
14 34 14
14 35 19
14 36 19
14 37 19
14 38 27
14 39 22
14 40 7
14 41 23
14 42 23
15 1 6
15 2 8
15 3 17
15 4 17
15 5 19
15 6 18
15 7 17
15 8 8
15 9 6
15 10 23
15 11 18
15 12 11
15 13 21
15 14 9
15 15 -1
15 16 15
15 17 22
15 18 10
15 19 24
15 20 10
15 21 13
15 22 12
15 23 10
15 24 16
15 25 6
15 26 19
15 27 19
15 28 19
15 29 14
15 30 3
15 31 23
15 32 19
15 33 17
15 34 22
15 35 15
15 36 10
15 37 18
15 38 19
15 39 18
15 40 4
15 41 18
15 42 19
16 1 10
16 2 23
16 3 27
16 4 32
16 5 12
16 6 14
16 7 15
16 8 11
16 9 21
16 10 24
16 11 33
16 12 18
16 13 27
16 14 16
16 15 15
16 16 -1
16 17 37
16 18 11
16 19 26
16 20 17
16 21 28
16 22 17
16 23 25
16 24 30
16 25 9
16 26 11
16 27 31
16 28 4
16 29 18
16 30 15
16 31 27
16 32 20
16 33 27
16 34 20
16 35 5
16 36 17
16 37 3
16 38 32
16 39 33
16 40 11
16 41 8
16 42 34
17 1 28
17 2 14
17 3 20
17 4 6
17 5 38
17 6 37
17 7 35
17 8 28
17 9 16
17 10 36
17 11 6
17 12 25
17 13 28
17 14 25
17 15 22
17 16 37
17 17 -1
17 18 30
17 19 35
17 20 25
17 21 9
17 22 27
17 23 13
17 24 9
17 25 28
17 26 40
17 27 15
17 28 41
17 29 29
17 30 22
17 31 32
17 32 33
17 33 20
17 34 39
17 35 37
17 36 24
17 37 40
17 38 13
17 39 4
17 40 26
17 41 40
17 42 4
18 1 4
18 2 18
18 3 16
18 4 26
18 5 21
18 6 23
18 7 23
18 8 14
18 9 15
18 10 15
18 11 25
18 12 20
18 13 16
18 14 5
18 15 10
18 16 11
18 17 30
18 18 -1
18 19 16
18 20 18
18 21 22
18 22 6
18 23 21
18 24 22
18 25 5
18 26 21
18 27 21
18 28 14
18 29 7
18 30 8
18 31 16
18 32 26
18 33 27
18 34 12
18 35 15
18 36 19
18 37 14
18 38 30
18 39 26
18 40 6
18 41 18
18 42 27
19 1 20
19 2 29
19 3 14
19 4 33
19 5 37
19 6 39
19 7 39
19 8 30
19 9 25
19 10 2
19 11 28
19 12 34
19 13 7
19 14 14
19 15 24
19 16 26
19 17 35
19 18 16
19 19 -1
19 20 33
19 21 30
19 22 11
19 23 31
19 24 25
19 25 21
19 26 36
19 27 20
19 28 28
19 29 9
19 30 21
19 31 3
19 32 42
19 33 40
19 34 8
19 35 30
19 36 33
19 37 29
19 38 40
19 39 32
19 40 21
19 41 34
19 42 34
20 1 14
20 2 11
20 3 26
20 4 19
20 5 13
20 6 11
20 7 10
20 8 5
20 9 12
20 10 33
20 11 24
20 12 1
20 13 31
20 14 19
20 15 10
20 16 17
20 17 25
20 18 18
20 19 33
20 20 -1
20 21 16
20 22 22
20 23 11
20 24 22
20 25 13
20 26 15
20 27 27
20 28 20
20 29 24
20 30 13
20 31 33
20 32 9
20 33 10
20 34 31
20 35 14
20 36 1
20 37 18
20 38 17
20 39 21
20 40 12
20 41 16
20 42 21
21 1 19
21 2 5
21 3 17
21 4 4
21 5 29
21 6 28
21 7 26
21 8 19
21 9 7
21 10 31
21 11 8
21 12 16
21 13 24
21 14 18
21 15 13
21 16 28
21 17 9
21 18 22
21 19 30
21 20 16
21 21 -1
21 22 20
21 23 5
21 24 8
21 25 19
21 26 30
21 27 15
21 28 32
21 29 22
21 30 13
21 31 28
21 32 24
21 33 14
21 34 32
21 35 27
21 36 15
21 37 31
21 38 10
21 39 5
21 40 17
21 41 30
21 42 6
22 1 9
22 2 18
22 3 10
22 4 24
22 5 27
22 6 28
22 7 28
22 8 19
22 9 14
22 10 11
22 11 21
22 12 23
22 13 9
22 14 3
22 15 12
22 16 17
22 17 27
22 18 6
22 19 11
22 20 22
22 21 20
22 22 -1
22 23 21
22 24 18
22 25 10
22 26 27
22 27 16
22 28 21
22 29 2
22 30 9
22 31 11
22 32 31
22 33 29
22 34 11
22 35 21
22 36 22
22 37 21
22 38 30
22 39 24
22 40 10
22 41 25
22 42 25
23 1 17
23 2 2
23 3 20
23 4 7
23 5 25
23 6 23
23 7 21
23 8 15
23 9 6
23 10 32
23 11 13
23 12 11
23 13 26
23 14 18
23 15 10
23 16 25
23 17 13
23 18 21
23 19 31
23 20 11
23 21 5
23 22 21
23 23 -1
23 24 12
23 25 17
23 26 26
23 27 19
23 28 29
23 29 23
23 30 12
23 31 30
23 32 19
23 33 10
23 34 32
23 35 24
23 36 10
23 37 28
23 38 9
23 39 10
23 40 15
23 41 26
23 42 9
24 1 20
24 2 11
24 3 11
24 4 9
24 5 34
24 6 33
24 7 32
24 8 24
24 9 10
24 10 26
24 11 3
24 12 23
24 13 19
24 14 17
24 15 16
24 16 30
24 17 9
24 18 22
24 19 25
24 20 22
24 21 8
24 22 18
24 23 12
24 24 -1
24 25 20
24 26 35
24 27 7
24 28 34
24 29 19
24 30 14
24 31 23
24 32 31
24 33 22
24 34 29
24 35 31
24 36 22
24 37 34
24 38 18
24 39 7
24 40 18
24 41 34
24 42 9
25 1 1
25 2 14
25 3 18
25 4 23
25 5 17
25 6 18
25 7 18
25 8 9
25 9 12
25 10 20
25 11 23
25 12 14
25 13 19
25 14 7
25 15 6
25 16 9
25 17 28
25 18 5
25 19 21
25 20 13
25 21 19
25 22 10
25 23 17
25 24 20
25 25 -1
25 26 17
25 27 22
25 28 13
25 29 12
25 30 6
25 31 21
25 32 21
25 33 22
25 34 17
25 35 12
25 36 13
25 37 13
25 38 25
25 39 24
25 40 2
25 41 15
25 42 25
26 1 18
26 2 25
26 3 35
26 4 34
26 5 2
26 6 5
26 7 7
26 8 11
26 9 25
26 10 35
26 11 37
26 12 16
26 13 37
26 14 25
26 15 19
26 16 11
26 17 40
26 18 21
26 19 36
26 20 15
26 21 30
26 22 27
26 23 26
26 24 35
26 25 17
26 26 -1
26 27 38
26 28 10
26 29 28
26 30 21
26 31 37
26 32 13
26 33 25
26 34 31
26 35 6
26 36 16
26 37 9
26 38 32
26 39 36
26 40 18
26 41 3
26 42 36
27 1 21
27 2 17
27 3 6
27 4 16
27 5 38
27 6 38
27 7 36
27 8 27
27 9 15
27 10 22
27 11 9
27 12 28
27 13 13
27 14 16
27 15 19
27 16 31
27 17 15
27 18 21
27 19 20
27 20 27
27 21 15
27 22 16
27 23 19
27 24 7
27 25 22
27 26 38
27 27 -1
27 28 35
27 29 17
27 30 16
27 31 17
27 32 37
27 33 29
27 34 26
27 35 34
27 36 27
27 37 35
27 38 25
27 39 14
27 40 20
27 41 37
27 42 16
28 1 14
28 2 27
28 3 31
28 4 36
28 5 12
28 6 15
28 7 17
28 8 14
28 9 25
28 10 26
28 11 37
28 12 21
28 13 30
28 14 20
28 15 19
28 16 4
28 17 41
28 18 14
28 19 28
28 20 20
28 21 32
28 22 21
28 23 29
28 24 34
28 25 13
28 26 10
28 27 35
28 28 -1
28 29 22
28 30 19
28 31 30
28 32 22
28 33 31
28 34 21
28 35 6
28 36 21
28 37 1
28 38 36
28 39 37
28 40 15
28 41 7
28 42 38
29 1 11
29 2 20
29 3 11
29 4 26
29 5 29
29 6 30
29 7 30
29 8 21
29 9 17
29 10 8
29 11 23
29 12 25
29 13 8
29 14 5
29 15 14
29 16 18
29 17 29
29 18 7
29 19 9
29 20 24
29 21 22
29 22 2
29 23 23
29 24 19
29 25 12
29 26 28
29 27 17
29 28 22
29 29 -1
29 30 12
29 31 9
29 32 33
29 33 31
29 34 9
29 35 22
29 36 24
29 37 22
29 38 32
29 39 25
29 40 12
29 41 26
29 42 27
30 1 6
30 2 9
30 3 14
30 4 17
30 5 21
30 6 21
30 7 20
30 8 11
30 9 6
30 10 21
30 11 17
30 12 14
30 13 18
30 14 6
30 15 3
30 16 15
30 17 22
30 18 8
30 19 21
30 20 13
30 21 13
30 22 9
30 23 12
30 24 14
30 25 6
30 26 21
30 27 16
30 28 19
30 29 12
30 30 -1
30 31 20
30 32 22
30 33 19
30 34 20
30 35 17
30 36 13
30 37 19
30 38 21
30 39 18
30 40 4
30 41 20
30 42 19
31 1 20
31 2 27
31 3 12
31 4 31
31 5 38
31 6 39
31 7 39
31 8 30
31 9 24
31 10 5
31 11 26
31 12 34
31 13 4
31 14 14
31 15 23
31 16 27
31 17 32
31 18 16
31 19 3
31 20 33
31 21 28
31 22 11
31 23 30
31 24 23
31 25 21
31 26 37
31 27 17
31 28 30
31 29 9
31 30 20
31 31 -1
31 32 42
31 33 39
31 34 11
31 35 31
31 36 33
31 37 30
31 38 39
31 39 30
31 40 21
31 41 35
31 42 32
32 1 22
32 2 20
32 3 36
32 4 26
32 5 11
32 6 7
32 7 5
32 8 12
32 9 21
32 10 41
32 11 32
32 12 8
32 13 40
32 14 28
32 15 19
32 16 20
32 17 33
32 18 26
32 19 42
32 20 9
32 21 24
32 22 31
32 23 19
32 24 31
32 25 21
32 26 13
32 27 37
32 28 22
32 29 33
32 30 22
32 31 42
32 32 -1
32 33 13
32 34 38
32 35 16
32 36 9
32 37 21
32 38 21
32 39 29
32 40 21
32 41 15
32 42 29
33 1 23
33 2 12
33 3 30
33 4 14
33 5 23
33 6 20
33 7 18
33 8 16
33 9 15
33 10 40
33 11 22
33 12 9
33 13 36
33 14 26
33 15 17
33 16 27
33 17 20
33 18 27
33 19 40
33 20 10
33 21 14
33 22 29
33 23 10
33 24 22
33 25 22
33 26 25
33 27 29
33 28 31
33 29 31
33 30 19
33 31 39
33 32 13
33 33 -1
33 34 40
33 35 25
33 36 9
33 37 29
33 38 8
33 39 17
33 40 21
33 41 26
33 42 16
34 1 17
34 2 29
34 3 20
34 4 36
34 5 32
34 6 34
34 7 34
34 8 26
34 9 26
34 10 6
34 11 32
34 12 32
34 13 14
34 14 14
34 15 22
34 16 20
34 17 39
34 18 12
34 19 8
34 20 31
34 21 32
34 22 11
34 23 32
34 24 29
34 25 17
34 26 31
34 27 26
34 28 21
34 29 9
34 30 20
34 31 11
34 32 38
34 33 40
34 34 -1
34 35 25
34 36 31
34 37 22
34 38 41
34 39 35
34 40 18
34 41 28
34 42 37
35 1 12
35 2 22
35 3 30
35 4 31
35 5 7
35 6 9
35 7 10
35 8 9
35 9 21
35 10 29
35 11 34
35 12 15
35 13 31
35 14 19
35 15 15
35 16 5
35 17 37
35 18 15
35 19 30
35 20 14
35 21 27
35 22 21
35 23 24
35 24 31
35 25 12
35 26 6
35 27 34
35 28 6
35 29 22
35 30 17
35 31 31
35 32 16
35 33 25
35 34 25
35 35 -1
35 36 15
35 37 5
35 38 31
35 39 33
35 40 13
35 41 3
35 42 33
36 1 14
36 2 10
36 3 26
36 4 18
36 5 14
36 6 12
36 7 10
36 8 6
36 9 12
36 10 33
36 11 23
36 12 1
36 13 31
36 14 19
36 15 10
36 16 17
36 17 24
36 18 19
36 19 33
36 20 1
36 21 15
36 22 22
36 23 10
36 24 22
36 25 13
36 26 16
36 27 27
36 28 21
36 29 24
36 30 13
36 31 33
36 32 9
36 33 9
36 34 31
36 35 15
36 36 -1
36 37 19
36 38 16
36 39 20
36 40 13
36 41 17
36 42 20
37 1 13
37 2 26
37 3 31
37 4 35
37 5 11
37 6 14
37 7 15
37 8 13
37 9 24
37 10 27
37 11 36
37 12 20
37 13 30
37 14 19
37 15 18
37 16 3
37 17 40
37 18 14
37 19 29
37 20 18
37 21 31
37 22 21
37 23 28
37 24 34
37 25 13
37 26 9
37 27 35
37 28 1
37 29 22
37 30 19
37 31 30
37 32 21
37 33 29
37 34 22
37 35 5
37 36 19
37 37 -1
37 38 35
37 39 36
37 40 15
37 41 6
37 42 37
38 1 26
38 2 12
38 3 28
38 4 9
38 5 30
38 6 27
38 7 25
38 8 22
38 9 15
38 10 41
38 11 17
38 12 16
38 13 35
38 14 27
38 15 19
38 16 32
38 17 13
38 18 30
38 19 40
38 20 17
38 21 10
38 22 30
38 23 9
38 24 18
38 25 25
38 26 32
38 27 25
38 28 36
38 29 32
38 30 21
38 31 39
38 32 21
38 33 8
38 34 41
38 35 31
38 36 16
38 37 35
38 38 -1
38 39 12
38 40 24
38 41 33
38 42 10
39 1 24
39 2 10
39 3 18
39 4 3
39 5 34
39 6 33
39 7 31
39 8 24
39 9 12
39 10 33
39 11 5
39 12 21
39 13 26
39 14 22
39 15 18
39 16 33
39 17 4
39 18 26
39 19 32
39 20 21
39 21 5
39 22 24
39 23 10
39 24 7
39 25 24
39 26 36
39 27 14
39 28 37
39 29 25
39 30 18
39 31 30
39 32 29
39 33 17
39 34 35
39 35 33
39 36 20
39 37 36
39 38 12
39 39 -1
39 40 22
39 41 36
39 42 2
40 1 2
40 2 12
40 3 17
40 4 21
40 5 18
40 6 18
40 7 18
40 8 9
40 9 10
40 10 20
40 11 21
40 12 13
40 13 19
40 14 7
40 15 4
40 16 11
40 17 26
40 18 6
40 19 21
40 20 12
40 21 17
40 22 10
40 23 15
40 24 18
40 25 2
40 26 18
40 27 20
40 28 15
40 29 12
40 30 4
40 31 21
40 32 21
40 33 21
40 34 18
40 35 13
40 36 13
40 37 15
40 38 24
40 39 22
40 40 -1
40 41 16
40 42 23
41 1 16
41 2 25
41 3 34
41 4 34
41 5 5
41 6 8
41 7 10
41 8 11
41 9 24
41 10 32
41 11 37
41 12 17
41 13 34
41 14 23
41 15 18
41 16 8
41 17 40
41 18 18
41 19 34
41 20 16
41 21 30
41 22 25
41 23 26
41 24 34
41 25 15
41 26 3
41 27 37
41 28 7
41 29 26
41 30 20
41 31 35
41 32 15
41 33 26
41 34 28
41 35 3
41 36 17
41 37 6
41 38 33
41 39 36
41 40 16
41 41 -1
41 42 36
42 1 25
42 2 11
42 3 20
42 4 2
42 5 34
42 6 33
42 7 31
42 8 25
42 9 13
42 10 35
42 11 7
42 12 21
42 13 28
42 14 23
42 15 19
42 16 34
42 17 4
42 18 27
42 19 34
42 20 21
42 21 6
42 22 25
42 23 9
42 24 9
42 25 25
42 26 36
42 27 16
42 28 38
42 29 27
42 30 19
42 31 32
42 32 29
42 33 16
42 34 37
42 35 33
42 36 20
42 37 37
42 38 10
42 39 2
42 40 23
42 41 36
42 42 -1
