1 1 -1
1 2 2
1 3 18
1 4 14
1 5 21
1 6 11
1 7 15
1 8 17
1 9 19
1 10 29
1 11 22
1 12 26
1 13 18
1 14 8
1 15 11
1 16 5
1 17 21
1 18 21
1 19 27
1 20 23
1 21 27
1 22 22
1 23 18
1 24 24
1 25 19
1 26 15
2 1 2
2 2 -1
2 3 19
2 4 15
2 5 21
2 6 13
2 7 17
2 8 17
2 9 19
2 10 29
2 11 24
2 12 25
2 13 17
2 14 10
2 15 12
2 16 8
2 17 22
2 18 23
2 19 28
2 20 22
2 21 28
2 22 22
2 23 19
2 24 24
2 25 17
2 26 17
3 1 18
3 2 19
3 3 -1
3 4 4
3 5 2
3 6 12
3 7 8
3 8 2
3 9 1
3 10 10
3 11 13
3 12 13
3 13 12
3 14 10
3 15 7
3 16 16
3 17 4
3 18 11
3 19 9
3 20 12
3 21 9
3 22 7
3 23 4
3 24 5
3 25 18
3 26 12
4 1 14
4 2 15
4 3 4
4 4 -1
4 5 6
4 6 11
4 7 8
4 8 2
4 9 4
4 10 14
4 11 15
4 12 14
4 13 10
4 14 7
4 15 3
4 16 13
4 17 8
4 18 13
4 19 13
4 20 12
4 21 12
4 22 8
4 23 6
4 24 9
4 25 15
4 26 11
5 1 21
5 2 21
5 3 2
5 4 6
5 5 -1
5 6 15
5 7 10
5 8 4
5 9 2
5 10 8
5 11 14
5 12 13
5 13 13
5 14 13
5 15 10
5 16 19
5 17 3
5 18 12
5 19 7
5 20 12
5 21 6
5 22 5
5 23 6
5 24 3
5 25 19
5 26 14
6 1 11
6 2 13
6 3 12
6 4 11
6 5 15
6 6 -1
6 7 5
6 8 12
6 9 13
6 10 23
6 11 11
6 12 25
6 13 19
6 14 5
6 15 8
6 16 6
6 17 13
6 18 10
6 19 19
6 20 23
6 21 21
6 22 19
6 23 10
6 24 18
6 25 23
6 26 4
7 1 15
7 2 17
7 3 8
7 4 8
7 5 10
7 6 5
7 7 -1
7 8 8
7 9 9
7 10 18
7 11 8
7 12 21
7 13 18
7 14 7
7 15 7
7 16 11
7 17 8
7 18 6
7 19 13
7 20 19
7 21 16
7 22 15
7 23 4
7 24 13
7 25 23
7 26 4
8 1 17
8 2 17
8 3 2
8 4 2
8 5 4
8 6 12
8 7 8
8 8 -1
8 9 2
8 10 12
8 11 15
8 12 13
8 13 10
8 14 9
8 15 5
8 16 15
8 17 6
8 18 12
8 19 11
8 20 11
8 21 10
8 22 7
8 23 5
8 24 7
8 25 17
8 26 12
9 1 19
9 2 19
9 3 1
9 4 4
9 5 2
9 6 13
9 7 9
9 8 2
9 9 -1
9 10 10
9 11 14
9 12 13
9 13 11
9 14 11
9 15 7
9 16 17
9 17 4
9 18 12
9 19 9
9 20 11
9 21 8
9 22 6
9 23 5
9 24 5
9 25 18
9 26 13
10 1 29
10 2 29
10 3 10
10 4 14
10 5 8
10 6 23
10 7 18
10 8 12
10 9 10
10 10 -1
10 11 21
10 12 11
10 13 16
10 14 21
10 15 17
10 16 27
10 17 10
10 18 19
10 19 7
10 20 12
10 21 2
10 22 7
10 23 13
10 24 5
10 25 23
10 26 21
11 1 22
11 2 24
11 3 13
11 4 15
11 5 14
11 6 11
11 7 8
11 8 15
11 9 14
11 10 21
11 11 -1
11 12 27
11 13 25
11 14 14
11 15 15
11 16 17
11 17 11
11 18 2
11 19 14
11 20 26
11 21 19
11 22 20
11 23 9
11 24 17
11 25 31
11 26 7
12 1 26
12 2 25
12 3 13
12 4 14
12 5 13
12 6 25
12 7 21
12 8 13
12 9 13
12 10 11
12 11 27
12 12 -1
12 13 7
12 14 21
12 15 17
12 16 26
12 17 16
12 18 25
12 19 17
12 20 2
12 21 12
12 22 7
12 23 18
12 24 11
12 25 13
12 26 25
13 1 18
13 2 17
13 3 12
13 4 10
13 5 13
13 6 19
13 7 18
13 8 10
13 9 11
13 10 16
13 11 25
13 12 7
13 13 -1
13 14 15
13 15 11
13 16 20
13 17 16
13 18 23
13 19 19
13 20 5
13 21 16
13 22 9
13 23 16
13 24 13
13 25 7
13 26 21
14 1 8
14 2 10
14 3 10
14 4 7
14 5 13
14 6 5
14 7 7
14 8 9
14 9 11
14 10 21
14 11 14
14 12 21
14 13 15
14 14 -1
14 15 4
14 16 5
14 17 13
14 18 13
14 19 18
14 20 19
14 21 19
14 22 16
14 23 9
14 24 16
14 25 18
14 26 8
15 1 11
15 2 12
15 3 7
15 4 3
15 5 10
15 6 8
15 7 7
15 8 5
15 9 7
15 10 17
15 11 15
15 12 17
15 13 11
15 14 4
15 15 -1
15 16 9
15 17 10
15 18 13
15 19 16
15 20 15
15 21 16
15 22 12
15 23 8
15 24 12
15 25 16
15 26 10
16 1 5
16 2 8
16 3 16
16 4 13
16 5 19
16 6 6
16 7 11
16 8 15
16 9 17
16 10 27
16 11 17
16 12 26
16 13 20
16 14 5
16 15 9
16 16 -1
16 17 18
16 18 16
16 19 24
16 20 24
16 21 25
16 22 21
16 23 15
16 24 22
16 25 22
16 26 10
17 1 21
17 2 22
17 3 4
17 4 8
17 5 3
17 6 13
17 7 8
17 8 6
17 9 4
17 10 10
17 11 11
17 12 16
17 13 16
17 14 13
17 15 10
17 16 18
17 17 -1
17 18 9
17 19 5
17 20 15
17 21 8
17 22 9
17 23 3
17 24 6
17 25 22
17 26 11
18 1 21
18 2 23
18 3 11
18 4 13
18 5 12
18 6 10
18 7 6
18 8 12
18 9 12
18 10 19
18 11 2
18 12 25
18 13 23
18 14 13
18 15 13
18 16 16
18 17 9
18 18 -1
18 19 12
18 20 24
18 21 17
18 22 18
18 23 7
18 24 15
18 25 29
18 26 6
19 1 27
19 2 28
19 3 9
19 4 13
19 5 7
19 6 19
19 7 13
19 8 11
19 9 9
19 10 7
19 11 14
19 12 17
19 13 19
19 14 18
19 15 16
19 16 24
19 17 5
19 18 12
19 19 -1
19 20 17
19 21 5
19 22 11
19 23 9
19 24 6
19 25 26
19 26 16
20 1 23
20 2 22
20 3 12
20 4 12
20 5 12
20 6 23
20 7 19
20 8 11
20 9 11
20 10 12
20 11 26
20 12 2
20 13 5
20 14 19
20 15 15
20 16 24
20 17 15
20 18 24
20 19 17
20 20 -1
20 21 12
20 22 6
20 23 17
20 24 10
20 25 11
20 26 23
21 1 27
21 2 28
21 3 9
21 4 12
21 5 6
21 6 21
21 7 16
21 8 10
21 9 8
21 10 2
21 11 19
21 12 12
21 13 16
21 14 19
21 15 16
21 16 25
21 17 8
21 18 17
21 19 5
21 20 12
21 21 -1
21 22 7
21 23 11
21 24 3
21 25 23
21 26 19
22 1 22
22 2 22
22 3 7
22 4 8
22 5 5
22 6 19
22 7 15
22 8 7
22 9 6
22 10 7
22 11 20
22 12 7
22 13 9
22 14 16
22 15 12
22 16 21
22 17 9
22 18 18
22 19 11
22 20 6
22 21 7
22 22 -1
22 23 11
22 24 4
22 25 16
22 26 19
23 1 18
23 2 19
23 3 4
23 4 6
23 5 6
23 6 10
23 7 4
23 8 5
23 9 5
23 10 13
23 11 9
23 12 18
23 13 16
23 14 9
23 15 8
23 16 15
23 17 3
23 18 7
23 19 9
23 20 17
23 21 11
23 22 11
23 23 -1
23 24 9
23 25 22
23 26 8
24 1 24
24 2 24
24 3 5
24 4 9
24 5 3
24 6 18
24 7 13
24 8 7
24 9 5
24 10 5
24 11 17
24 12 11
24 13 13
24 14 16
24 15 12
24 16 22
24 17 6
24 18 15
24 19 6
24 20 10
24 21 3
24 22 4
24 23 9
24 24 -1
24 25 20
24 26 17
25 1 19
25 2 17
25 3 18
25 4 15
25 5 19
25 6 23
25 7 23
25 8 17
25 9 18
25 10 23
25 11 31
25 12 13
25 13 7
25 14 18
25 15 16
25 16 22
25 17 22
25 18 29
25 19 26
25 20 11
25 21 23
25 22 16
25 23 22
25 24 20
25 25 -1
25 26 26
26 1 15
26 2 17
26 3 12
26 4 11
26 5 14
26 6 4
26 7 4
26 8 12
26 9 13
26 10 21
26 11 7
26 12 25
26 13 21
26 14 8
26 15 10
26 16 10
26 17 11
26 18 6
26 19 16
26 20 23
26 21 19
26 22 19
26 23 8
26 24 17
26 25 26
26 26 -1
