1 1 -1
1 2 14
1 3 3
1 4 6
1 5 12
1 6 20
1 7 9
1 8 5
1 9 10
1 10 9
1 11 9
1 12 12
1 13 13
1 14 4
1 15 16
1 16 14
1 17 15
1 18 5
1 19 6
1 20 18
1 21 17
1 22 2
1 23 22
2 1 14
2 2 -1
2 3 17
2 4 8
2 5 2
2 6 18
2 7 13
2 8 12
2 9 13
2 10 13
2 11 15
2 12 20
2 13 6
2 14 14
2 15 12
2 16 14
2 17 25
2 18 12
2 19 19
2 20 11
2 21 25
2 22 16
2 23 20
3 1 3
3 2 17
3 3 -1
3 4 9
3 5 15
3 6 22
3 7 11
3 8 8
3 9 12
3 10 12
3 11 11
3 12 12
3 13 16
3 14 5
3 15 18
3 16 16
3 17 15
3 18 7
3 19 6
3 20 21
3 21 17
3 22 2
3 23 24
4 1 6
4 2 8
4 3 9
4 4 -1
4 5 6
4 6 17
4 7 8
4 8 5
4 9 9
4 10 8
4 11 9
4 12 13
4 13 7
4 14 6
4 15 12
4 16 11
4 17 18
4 18 5
4 19 11
4 20 13
4 21 19
4 22 8
4 23 19
5 1 12
5 2 2
5 3 15
5 4 6
5 5 -1
5 6 16
5 7 10
5 8 10
5 9 11
5 10 10
5 11 12
5 12 17
5 13 4
5 14 12
5 15 10
5 16 12
5 17 22
5 18 10
5 19 17
5 20 10
5 21 23
5 22 14
5 23 18
6 1 20
6 2 18
6 3 22
6 4 17
6 5 16
6 6 -1
6 7 11
6 8 14
6 9 10
6 10 10
6 11 11
6 12 14
6 13 12
6 14 23
6 15 6
6 16 6
6 17 18
6 18 23
6 19 19
6 20 7
6 21 16
6 22 23
6 23 2
7 1 9
7 2 13
7 3 11
7 4 8
7 5 10
7 6 11
7 7 -1
7 8 3
7 9 1
7 10 1
7 11 1
7 12 7
7 13 8
7 14 12
7 15 8
7 16 5
7 17 12
7 18 12
7 19 9
7 20 11
7 21 12
7 22 12
7 23 13
8 1 5
8 2 12
8 3 8
8 4 5
8 5 10
8 6 14
8 7 3
8 8 -1
8 9 5
8 10 4
8 11 4
8 12 8
8 13 9
8 14 8
8 15 10
8 16 8
8 17 13
8 18 9
8 19 7
8 20 13
8 21 13
8 22 8
8 23 16
9 1 10
9 2 13
9 3 12
9 4 9
9 5 11
9 6 10
9 7 1
9 8 5
9 9 -1
9 10 1
9 11 2
9 12 7
9 13 8
9 14 13
9 15 7
9 16 3
9 17 12
9 18 13
9 19 10
9 20 10
9 21 12
9 22 13
9 23 12
10 1 9
10 2 13
10 3 12
10 4 8
10 5 10
10 6 10
10 7 1
10 8 4
10 9 1
10 10 -1
10 11 2
10 12 7
10 13 7
10 14 13
10 15 7
10 16 4
10 17 12
10 18 13
10 19 10
10 20 10
10 21 12
10 22 12
10 23 12
11 1 9
11 2 15
11 3 11
11 4 9
11 5 12
11 6 11
11 7 1
11 8 4
11 9 2
11 10 2
11 11 -1
11 12 5
11 13 10
11 14 13
11 15 9
11 16 5
11 17 10
11 18 13
11 19 8
11 20 12
11 21 10
11 22 12
11 23 13
12 1 12
12 2 20
12 3 12
12 4 13
12 5 17
12 6 14
12 7 7
12 8 8
12 9 7
12 10 7
12 11 5
12 12 -1
12 13 15
12 14 16
12 15 13
12 16 9
12 17 5
12 18 17
12 19 7
12 20 16
12 21 5
12 22 14
12 23 15
13 1 13
13 2 6
13 3 16
13 4 7
13 5 4
13 6 12
13 7 8
13 8 9
13 9 8
13 10 7
13 11 10
13 12 15
13 13 -1
13 14 14
13 15 6
13 16 8
13 17 20
13 18 13
13 19 16
13 20 6
13 21 20
13 22 15
13 23 14
14 1 4
14 2 14
14 3 5
14 4 6
14 5 12
14 6 23
14 7 12
14 8 8
14 9 13
14 10 13
14 11 13
14 12 16
14 13 14
14 14 -1
14 15 18
14 16 17
14 17 19
14 18 2
14 19 10
14 20 20
14 21 21
14 22 2
14 23 25
15 1 16
15 2 12
15 3 18
15 4 12
15 5 10
15 6 6
15 7 8
15 8 10
15 9 7
15 10 7
15 11 9
15 12 13
15 13 6
15 14 18
15 15 -1
15 16 4
15 17 18
15 18 17
15 19 17
15 20 3
15 21 17
15 22 18
15 23 8
16 1 14
16 2 14
16 3 16
16 4 11
16 5 12
16 6 6
16 7 5
16 8 8
16 9 3
16 10 4
16 11 5
16 12 9
16 13 8
16 14 17
16 15 4
16 16 -1
16 17 13
16 18 17
16 19 13
16 20 7
16 21 13
16 22 16
16 23 8
17 1 15
17 2 25
17 3 15
17 4 18
17 5 22
17 6 18
17 7 12
17 8 13
17 9 12
17 10 12
17 11 10
17 12 5
17 13 20
17 14 19
17 15 18
17 16 13
17 17 -1
17 18 20
17 19 9
17 20 21
17 21 2
17 22 17
17 23 19
18 1 5
18 2 12
18 3 7
18 4 5
18 5 10
18 6 23
18 7 12
18 8 9
18 9 13
18 10 13
18 11 13
18 12 17
18 13 13
18 14 2
18 15 17
18 16 17
18 17 20
18 18 -1
18 19 12
18 20 19
18 21 22
18 22 5
18 23 25
19 1 6
19 2 19
19 3 6
19 4 11
19 5 17
19 6 19
19 7 9
19 8 7
19 9 10
19 10 10
19 11 8
19 12 7
19 13 16
19 14 10
19 15 17
19 16 13
19 17 9
19 18 12
19 19 -1
19 20 20
19 21 11
19 22 8
19 23 21
20 1 18
20 2 11
20 3 21
20 4 13
20 5 10
20 6 7
20 7 11
20 8 13
20 9 10
20 10 10
20 11 12
20 12 16
20 13 6
20 14 20
20 15 3
20 16 7
20 17 21
20 18 19
20 19 20
20 20 -1
20 21 20
20 22 21
20 23 9
21 1 17
21 2 25
21 3 17
21 4 19
21 5 23
21 6 16
21 7 12
21 8 13
21 9 12
21 10 12
21 11 10
21 12 5
21 13 20
21 14 21
21 15 17
21 16 13
21 17 2
21 18 22
21 19 11
21 20 20
21 21 -1
21 22 19
21 23 17
22 1 2
22 2 16
22 3 2
22 4 8
22 5 14
22 6 23
22 7 12
22 8 8
22 9 13
22 10 12
22 11 12
22 12 14
22 13 15
22 14 2
22 15 18
22 16 16
22 17 17
22 18 5
22 19 8
22 20 21
22 21 19
22 22 -1
22 23 25
23 1 22
23 2 20
23 3 24
23 4 19
23 5 18
23 6 2
23 7 13
23 8 16
23 9 12
23 10 12
23 11 13
23 12 15
23 13 14
23 14 25
23 15 8
23 16 8
23 17 19
23 18 25
23 19 21
23 20 9
23 21 17
23 22 25
23 23 -1
