1 1 -1
1 2 19
1 3 16
1 4 9
1 5 14
1 6 12
1 7 6
1 8 8
1 9 19
1 10 4
1 11 9
1 12 4
1 13 13
1 14 10
1 15 15
1 16 10
1 17 15
1 18 10
1 19 11
1 20 8
1 21 14
1 22 13
1 23 14
1 24 16
2 1 19
2 2 -1
2 3 7
2 4 11
2 5 12
2 6 14
2 7 19
2 8 22
2 9 8
2 10 18
2 11 13
2 12 16
2 13 12
2 14 11
2 15 15
2 16 15
2 17 17
2 18 10
2 19 10
2 20 13
2 21 14
2 22 7
2 23 7
2 24 7
3 1 16
3 2 7
3 3 -1
3 4 12
3 5 17
3 6 7
3 7 19
3 8 17
3 9 3
3 10 15
3 11 8
3 12 13
3 13 5
3 14 13
3 15 7
3 16 17
3 17 9
3 18 6
3 19 5
3 20 9
3 21 7
3 22 3
3 23 2
3 24 13
4 1 9
4 2 11
4 3 12
4 4 -1
4 5 6
4 6 13
4 7 8
4 8 15
4 9 15
4 10 11
4 11 10
4 12 9
4 13 13
4 14 1
4 15 16
4 16 5
4 17 17
4 18 9
4 19 9
4 20 10
4 21 15
4 22 9
4 23 10
4 24 6
5 1 14
5 2 12
5 3 17
5 4 6
5 5 -1
5 6 19
5 7 11
5 8 21
5 9 19
5 10 17
5 11 16
5 12 15
5 13 19
5 14 5
5 15 22
5 16 5
5 17 23
5 18 15
5 19 15
5 20 16
5 21 21
5 22 14
5 23 14
5 24 5
6 1 12
6 2 14
6 3 7
6 4 13
6 5 19
6 6 -1
6 7 16
6 8 10
6 9 10
6 10 8
6 11 3
6 12 7
6 13 2
6 14 14
6 15 3
6 16 17
6 17 4
6 18 4
6 19 4
6 20 3
6 21 2
6 22 6
6 23 7
6 24 16
7 1 6
7 2 19
7 3 19
7 4 8
7 5 11
7 6 16
7 7 -1
7 8 14
7 9 22
7 10 10
7 11 13
7 12 9
7 13 17
7 14 8
7 15 20
7 16 5
7 17 20
7 18 14
7 19 14
7 20 13
7 21 19
7 22 15
7 23 16
7 24 14
8 1 8
8 2 22
8 3 17
8 4 15
8 5 21
8 6 10
8 7 14
8 8 -1
8 9 20
8 10 4
8 11 9
8 12 6
8 13 12
8 14 16
8 15 12
8 16 18
8 17 10
8 18 11
8 19 12
8 20 8
8 21 12
8 22 14
8 23 15
8 24 21
9 1 19
9 2 8
9 3 3
9 4 15
9 5 19
9 6 10
9 7 22
9 8 20
9 9 -1
9 10 18
9 11 11
9 12 16
9 13 8
9 14 16
9 15 9
9 16 20
9 17 11
9 18 9
9 19 8
9 20 12
9 21 8
9 22 6
9 23 5
9 24 14
10 1 4
10 2 18
10 3 15
10 4 11
10 5 17
10 6 8
10 7 10
10 8 4
10 9 18
10 10 -1
10 11 7
10 12 2
10 13 10
10 14 12
10 15 12
10 16 13
10 17 11
10 18 9
10 19 10
10 20 6
10 21 11
10 22 12
10 23 13
10 24 17
11 1 9
11 2 13
11 3 8
11 4 10
11 5 16
11 6 3
11 7 13
11 8 9
11 9 11
11 10 7
11 11 -1
11 12 5
11 13 4
11 14 11
11 15 6
11 16 14
11 17 7
11 18 2
11 19 3
11 20 1
11 21 5
11 22 5
11 23 6
11 24 14
12 1 4
12 2 16
12 3 13
12 4 9
12 5 15
12 6 7
12 7 9
12 8 6
12 9 16
12 10 2
12 11 5
12 12 -1
12 13 9
12 14 10
12 15 11
12 16 12
12 17 10
12 18 7
12 19 8
12 20 4
12 21 10
12 22 10
12 23 11
12 24 15
13 1 13
13 2 12
13 3 5
13 4 13
13 5 19
13 6 2
13 7 17
13 8 12
13 9 8
13 10 10
13 11 4
13 12 9
13 13 -1
13 14 14
13 15 3
13 16 18
13 17 4
13 18 4
13 19 4
13 20 5
13 21 2
13 22 5
13 23 5
13 24 16
14 1 10
14 2 11
14 3 13
14 4 1
14 5 5
14 6 14
14 7 8
14 8 16
14 9 16
14 10 12
14 11 11
14 12 10
14 13 14
14 14 -1
14 15 17
14 16 4
14 17 18
14 18 10
14 19 10
14 20 11
14 21 16
14 22 10
14 23 10
14 24 6
15 1 15
15 2 15
15 3 7
15 4 16
15 5 22
15 6 3
15 7 20
15 8 12
15 9 9
15 10 12
15 11 6
15 12 11
15 13 3
15 14 17
15 15 -1
15 16 20
15 17 2
15 18 7
15 19 7
15 20 7
15 21 1
15 22 8
15 23 8
15 24 19
16 1 10
16 2 15
16 3 17
16 4 5
16 5 5
16 6 17
16 7 5
16 8 18
16 9 20
16 10 13
16 11 14
16 12 12
16 13 18
16 14 4
16 15 20
16 16 -1
16 17 21
16 18 13
16 19 14
16 20 14
16 21 19
16 22 14
16 23 15
16 24 9
17 1 15
17 2 17
17 3 9
17 4 17
17 5 23
17 6 4
17 7 20
17 8 10
17 9 11
17 10 11
17 11 7
17 12 10
17 13 4
17 14 18
17 15 2
17 16 21
17 17 -1
17 18 8
17 19 8
17 20 7
17 21 2
17 22 9
17 23 10
17 24 20
18 1 10
18 2 10
18 3 6
18 4 9
18 5 15
18 6 4
18 7 14
18 8 11
18 9 9
18 10 9
18 11 2
18 12 7
18 13 4
18 14 10
18 15 7
18 16 13
18 17 8
18 18 -1
18 19 1
18 20 3
18 21 6
18 22 3
18 23 4
18 24 12
19 1 11
19 2 10
19 3 5
19 4 9
19 5 15
19 6 4
19 7 14
19 8 12
19 9 8
19 10 10
19 11 3
19 12 8
19 13 4
19 14 10
19 15 7
19 16 14
19 17 8
19 18 1
19 19 -1
19 20 4
19 21 6
19 22 2
19 23 3
19 24 12
20 1 8
20 2 13
20 3 9
20 4 10
20 5 16
20 6 3
20 7 13
20 8 8
20 9 12
20 10 6
20 11 1
20 12 4
20 13 5
20 14 11
20 15 7
20 16 14
20 17 7
20 18 3
20 19 4
20 20 -1
20 21 6
20 22 6
20 23 7
20 24 14
21 1 14
21 2 14
21 3 7
21 4 15
21 5 21
21 6 2
21 7 19
21 8 12
21 9 8
21 10 11
21 11 5
21 12 10
21 13 2
21 14 16
21 15 1
21 16 19
21 17 2
21 18 6
21 19 6
21 20 6
21 21 -1
21 22 7
21 23 7
21 24 18
22 1 13
22 2 7
22 3 3
22 4 9
22 5 14
22 6 6
22 7 15
22 8 14
22 9 6
22 10 12
22 11 5
22 12 10
22 13 5
22 14 10
22 15 8
22 16 14
22 17 9
22 18 3
22 19 2
22 20 6
22 21 7
22 22 -1
22 23 1
22 24 11
23 1 14
23 2 7
23 3 2
23 4 10
23 5 14
23 6 7
23 7 16
23 8 15
23 9 5
23 10 13
23 11 6
23 12 11
23 13 5
23 14 10
23 15 8
23 16 15
23 17 10
23 18 4
23 19 3
23 20 7
23 21 7
23 22 1
23 23 -1
23 24 11
24 1 16
24 2 7
24 3 13
24 4 6
24 5 5
24 6 16
24 7 14
24 8 21
24 9 14
24 10 17
24 11 14
24 12 15
24 13 16
24 14 6
24 15 19
24 16 9
24 17 20
24 18 12
24 19 12
24 20 14
24 21 18
24 22 11
24 23 11
24 24 -1
