1 1 -1
1 2 20
1 3 43
1 4 50
1 5 30
1 6 42
1 7 47
1 8 10
1 9 3
1 10 37
1 11 52
1 12 34
1 13 51
1 14 42
1 15 8
1 16 34
1 17 47
1 18 43
1 19 27
1 20 48
1 21 36
1 22 8
1 23 42
1 24 47
1 25 30
1 26 16
1 27 38
1 28 29
1 29 42
1 30 40
1 31 9
1 32 39
1 33 34
1 34 20
1 35 26
1 36 50
1 37 21
1 38 25
1 39 54
1 40 40
1 41 30
1 42 7
1 43 23
1 44 21
1 45 44
1 46 37
1 47 43
1 48 25
1 49 19
1 50 55
1 51 44
1 52 43
1 53 44
1 54 15
1 55 34
1 56 54
1 57 42
1 58 5
2 1 20
2 2 -1
2 3 29
2 4 31
2 5 25
2 6 23
2 7 32
2 8 16
2 9 17
2 10 20
2 11 33
2 12 19
2 13 31
2 14 32
2 15 17
2 16 19
2 17 34
2 18 24
2 19 23
2 20 29
2 21 16
2 22 11
2 23 27
2 24 27
2 25 9
2 26 21
2 27 20
2 28 14
2 29 22
2 30 28
2 31 23
2 32 26
2 33 21
2 34 10
2 35 9
2 36 31
2 37 27
2 38 15
2 39 39
2 40 33
2 41 24
2 42 18
2 43 3
2 44 14
2 45 23
2 46 20
2 47 25
2 48 8
2 49 4
2 50 38
2 51 31
2 52 29
2 53 29
2 54 8
2 55 23
2 56 35
2 57 23
2 58 25
3 1 43
3 2 29
3 3 -1
3 4 40
3 5 54
3 6 12
3 7 51
3 8 33
3 9 40
3 10 10
3 11 17
3 12 42
3 13 25
3 14 8
3 15 44
3 16 10
3 17 56
3 18 36
3 19 52
3 20 19
3 21 19
3 22 36
3 23 2
3 24 18
3 25 26
3 26 31
3 27 12
3 28 39
3 29 17
3 30 52
3 31 50
3 32 50
3 33 9
3 34 23
3 35 35
3 36 38
3 37 32
3 38 44
3 39 58
3 40 15
3 41 52
3 42 37
3 43 28
3 44 43
3 45 29
3 46 9
3 47 12
3 48 21
3 49 26
3 50 15
3 51 2
3 52 1
3 53 49
3 54 37
3 55 49
3 56 18
3 57 38
3 58 46
4 1 50
4 2 31
4 3 40
4 4 -1
4 5 34
4 6 27
4 7 16
4 8 47
4 9 47
4 10 31
4 11 28
4 12 19
4 13 18
4 14 48
4 15 44
4 16 35
4 17 22
4 18 7
4 19 34
4 20 23
4 21 22
4 22 42
4 23 38
4 24 22
4 25 22
4 26 51
4 27 29
4 28 22
4 29 22
4 30 23
4 31 49
4 32 21
4 33 38
4 34 39
4 35 24
4 36 2
4 37 56
4 38 29
4 39 20
4 40 53
4 41 31
4 42 49
4 43 28
4 44 31
4 45 10
4 46 32
4 47 27
4 48 31
4 49 34
4 50 36
4 51 42
4 52 41
4 53 16
4 54 35
4 55 24
4 56 30
4 57 8
4 58 55
5 1 30
5 2 25
5 3 54
5 4 34
5 5 -1
5 6 45
5 7 23
5 8 34
5 9 29
5 10 44
5 11 53
5 12 15
5 13 46
5 14 57
5 15 21
5 16 44
5 17 20
5 18 29
5 19 2
5 20 47
5 21 36
5 22 27
5 23 52
5 24 46
5 25 28
5 26 42
5 27 43
5 28 15
5 29 42
5 30 13
5 31 23
5 32 14
5 33 46
5 34 35
5 35 19
5 36 36
5 37 48
5 38 10
5 39 28
5 40 59
5 41 2
5 42 33
5 43 26
5 44 11
5 45 35
5 46 45
5 47 46
5 48 33
5 49 29
5 50 59
5 51 56
5 52 54
5 53 21
5 54 19
5 55 10
5 56 55
5 57 27
5 58 34
6 1 42
6 2 23
6 3 12
6 4 27
6 5 45
6 6 -1
6 7 39
6 8 34
6 9 38
6 10 6
6 11 10
6 12 32
6 13 13
6 14 20
6 15 41
6 16 11
6 17 44
6 18 24
6 19 43
6 20 8
6 21 9
6 22 33
6 23 10
6 24 7
6 25 17
6 26 35
6 27 4
6 28 30
6 29 5
6 30 41
6 31 47
6 32 39
6 33 14
6 34 23
6 35 26
6 36 26
6 37 37
6 38 35
6 39 46
6 40 26
6 41 43
6 42 37
6 43 21
6 44 35
6 45 17
6 46 7
6 47 1
6 48 16
6 49 23
6 50 14
6 51 14
6 52 13
6 53 37
6 54 32
6 55 39
6 56 12
6 57 26
6 58 46
7 1 47
7 2 32
7 3 51
7 4 16
7 5 23
7 6 39
7 7 -1
7 8 47
7 9 45
7 10 41
7 11 43
7 12 13
7 13 34
7 14 58
7 15 40
7 16 44
7 17 6
7 18 15
7 19 24
7 20 37
7 21 32
7 22 41
7 23 49
7 24 36
7 25 27
7 26 54
7 27 39
7 28 19
7 29 35
7 30 9
7 31 44
7 32 9
7 33 47
7 34 43
7 35 23
7 36 18
7 37 60
7 38 23
7 39 7
7 40 62
7 41 20
7 42 48
7 43 30
7 44 26
7 45 23
7 46 43
7 47 40
7 48 36
7 49 36
7 50 50
7 51 54
7 52 52
7 53 3
7 54 33
7 55 14
7 56 45
7 57 13
7 58 52
8 1 10
8 2 16
8 3 33
8 4 47
8 5 34
8 6 34
8 7 47
8 8 -1
8 9 8
8 10 28
8 11 44
8 12 34
8 13 44
8 14 32
8 15 15
8 16 24
8 17 48
8 18 40
8 19 32
8 20 41
8 21 29
8 22 7
8 23 32
8 24 39
8 25 25
8 26 7
8 27 29
8 28 28
8 29 34
8 30 41
8 31 19
8 32 40
8 33 24
8 34 10
8 35 24
8 36 47
8 37 13
8 38 27
8 39 55
8 40 30
8 41 34
8 42 3
8 43 19
8 44 24
8 45 39
8 46 28
8 47 35
8 48 18
8 49 13
8 50 46
8 51 34
8 52 33
8 53 44
8 54 15
8 55 36
8 56 46
8 57 39
8 58 12
9 1 3
9 2 17
9 3 40
9 4 47
9 5 29
9 6 38
9 7 45
9 8 8
9 9 -1
9 10 33
9 11 48
9 12 31
9 13 47
9 14 39
9 15 8
9 16 30
9 17 45
9 18 40
9 19 26
9 20 45
9 21 32
9 22 5
9 23 39
9 24 43
9 25 26
9 26 14
9 27 34
9 28 26
9 29 38
9 30 38
9 31 11
9 32 37
9 33 30
9 34 16
9 35 23
9 36 47
9 37 20
9 38 22
9 39 52
9 40 38
9 41 29
9 42 5
9 43 20
9 44 19
9 45 40
9 46 34
9 47 40
9 48 22
9 49 15
9 50 52
9 51 41
9 52 39
9 53 42
9 54 12
9 55 32
9 56 50
9 57 39
9 58 8
10 1 37
10 2 20
10 3 10
10 4 31
10 5 44
10 6 6
10 7 41
10 8 28
10 9 33
10 10 -1
10 11 15
10 12 32
10 13 19
10 14 17
10 15 37
10 16 5
10 17 46
10 18 27
10 19 42
10 20 14
10 21 9
10 22 29
10 23 8
10 24 13
10 25 16
10 26 29
10 27 2
10 28 29
10 29 9
10 30 41
10 31 42
10 32 39
10 33 8
10 34 17
10 35 25
10 36 30
10 37 31
10 38 34
10 39 48
10 40 22
10 41 42
10 42 32
10 43 18
10 44 33
10 45 20
10 46 1
10 47 7
10 48 12
10 49 18
10 50 18
10 51 12
10 52 10
10 53 39
10 54 29
10 55 38
10 56 17
10 57 28
10 58 41
11 1 52
11 2 33
11 3 17
11 4 28
11 5 53
11 6 10
11 7 43
11 8 44
11 9 48
11 10 15
11 11 -1
11 12 38
11 13 10
11 14 25
11 15 51
11 16 20
11 17 49
11 18 28
11 19 51
11 20 6
11 21 17
11 22 43
11 23 16
11 24 7
11 25 25
11 26 44
11 27 14
11 28 37
11 29 11
11 30 47
11 31 56
11 32 45
11 33 22
11 34 33
11 35 34
11 36 26
11 37 46
11 38 44
11 39 48
11 40 32
11 41 50
11 42 47
11 43 30
11 44 44
11 45 20
11 46 16
11 47 8
11 48 26
11 49 33
11 50 7
11 51 18
11 52 18
11 53 42
11 54 42
11 55 45
11 56 2
11 57 30
11 58 56
12 1 34
12 2 19
12 3 42
12 4 19
12 5 15
12 6 32
12 7 13
12 8 34
12 9 31
12 10 32
12 11 38
12 12 -1
12 13 31
12 14 47
12 15 27
12 16 33
12 17 15
12 18 13
12 19 15
12 20 32
12 21 23
12 22 27
12 23 40
12 24 31
12 25 16
12 26 40
12 27 30
12 28 5
12 29 28
12 30 9
12 31 31
12 32 8
12 33 36
12 34 29
12 35 10
12 36 20
12 37 46
12 38 10
12 39 21
12 40 51
12 41 13
12 42 34
12 43 17
12 44 13
12 45 19
12 46 33
12 47 33
12 48 24
12 49 23
12 50 45
12 51 44
12 52 42
12 53 10
12 54 19
12 55 7
12 56 40
12 57 11
12 58 39
13 1 51
13 2 31
13 3 25
13 4 18
13 5 46
13 6 13
13 7 34
13 8 44
13 9 47
13 10 19
13 11 10
13 12 31
13 13 -1
13 14 33
13 15 48
13 16 24
13 17 40
13 18 19
13 19 45
13 20 5
13 21 15
13 22 42
13 23 23
13 24 6
13 25 22
13 26 46
13 27 17
13 28 31
13 29 10
13 30 38
13 31 54
13 32 36
13 33 27
13 34 34
13 35 29
13 36 16
13 37 50
13 38 38
13 39 38
13 40 39
13 41 43
13 42 47
13 43 28
13 44 39
13 45 11
13 46 20
13 47 12
13 48 26
13 49 32
13 50 17
13 51 26
13 52 25
13 53 33
13 54 39
13 55 37
13 56 11
13 57 21
13 58 55
14 1 42
14 2 32
14 3 8
14 4 48
14 5 57
14 6 20
14 7 58
14 8 32
14 9 39
14 10 17
14 11 25
14 12 47
14 13 33
14 14 -1
14 15 45
14 16 14
14 17 62
14 18 44
14 19 55
14 20 27
14 21 26
14 22 36
14 23 10
14 24 27
14 25 31
14 26 28
14 27 19
14 28 44
14 29 25
14 30 57
14 31 50
14 32 55
14 33 11
14 34 24
14 35 39
14 36 46
14 37 27
14 38 47
14 39 65
14 40 7
14 41 56
14 42 35
14 43 31
14 44 46
14 45 37
14 46 15
14 47 21
14 48 24
14 49 29
14 50 23
14 51 7
14 52 7
14 53 56
14 54 40
14 55 54
14 56 26
14 57 45
14 58 44
15 1 8
15 2 17
15 3 44
15 4 44
15 5 21
15 6 41
15 7 40
15 8 15
15 9 8
15 10 37
15 11 51
15 12 27
15 13 48
15 14 45
15 15 -1
15 16 34
15 17 39
15 18 37
15 19 18
15 20 46
15 21 33
15 22 9
15 23 43
15 24 45
15 25 26
15 26 22
15 27 37
15 28 22
15 29 40
15 30 32
15 31 5
15 32 31
15 33 35
15 34 21
15 35 20
15 36 45
15 37 28
15 38 17
15 39 46
15 40 45
15 41 22
15 42 13
15 43 20
15 44 14
15 45 39
15 46 37
15 47 42
15 48 24
15 49 18
15 50 55
15 51 46
15 52 44
15 53 37
15 54 9
15 55 26
15 56 53
15 57 36
15 58 13
16 1 34
16 2 19
16 3 10
16 4 35
16 5 44
16 6 11
16 7 44
16 8 24
16 9 30
16 10 5
16 11 20
16 12 33
16 13 24
16 14 14
16 15 34
16 16 -1
16 17 48
16 18 30
16 19 42
16 20 19
16 21 12
16 22 26
16 23 8
16 24 18
16 25 17
16 26 24
16 27 7
16 28 30
16 29 14
16 30 43
16 31 40
16 32 41
16 33 3
16 34 14
16 35 25
16 36 34
16 37 26
16 38 34
16 39 51
16 40 18
16 41 42
16 42 28
16 43 18
16 44 33
16 45 24
16 46 4
16 47 12
16 48 11
16 49 16
16 50 22
16 51 12
16 52 10
16 53 41
16 54 27
16 55 39
16 56 21
16 57 31
16 58 37
17 1 47
17 2 34
17 3 56
17 4 22
17 5 20
17 6 44
17 7 6
17 8 48
17 9 45
17 10 46
17 11 49
17 12 15
17 13 40
17 14 62
17 15 39
17 16 48
17 17 -1
17 18 21
17 19 22
17 20 43
17 21 36
17 22 41
17 23 54
17 24 42
17 25 31
17 26 55
17 27 44
17 28 20
17 29 40
17 30 7
17 31 42
17 32 8
17 33 51
17 34 45
17 35 25
17 36 24
17 37 61
17 38 22
17 39 8
17 40 66
17 41 18
17 42 49
17 43 33
17 44 25
17 45 29
17 46 47
17 47 45
17 48 39
17 49 38
17 50 56
17 51 58
17 52 56
17 53 7
17 54 33
17 55 12
17 56 51
17 57 19
17 58 52
18 1 43
18 2 24
18 3 36
18 4 7
18 5 29
18 6 24
18 7 15
18 8 40
18 9 40
18 10 27
18 11 28
18 12 13
18 13 19
18 14 44
18 15 37
18 16 30
18 17 21
18 18 -1
18 19 29
18 20 22
18 21 17
18 22 35
18 23 34
18 24 21
18 25 15
18 26 45
18 27 25
18 28 16
18 29 19
18 30 19
18 31 42
18 32 17
18 33 33
18 34 32
18 35 17
18 36 7
18 37 50
18 38 23
18 39 21
18 40 48
18 41 26
18 42 42
18 43 21
18 44 25
18 45 8
18 46 28
18 47 25
18 48 25
18 49 27
18 50 35
18 51 39
18 52 37
18 53 14
18 54 28
18 55 19
18 56 30
18 57 2
18 58 48
19 1 27
19 2 23
19 3 52
19 4 34
19 5 2
19 6 43
19 7 24
19 8 32
19 9 26
19 10 42
19 11 51
19 12 15
19 13 45
19 14 55
19 15 18
19 16 42
19 17 22
19 18 29
19 19 -1
19 20 46
19 21 34
19 22 24
19 23 50
19 24 44
19 25 26
19 26 39
19 27 41
19 28 14
19 29 40
19 30 15
19 31 20
19 32 15
19 33 44
19 34 32
19 35 17
19 36 36
19 37 45
19 38 8
19 39 30
19 40 57
19 41 4
19 42 31
19 43 24
19 44 9
19 45 34
19 46 43
19 47 45
19 48 31
19 49 26
19 50 57
19 51 54
19 52 52
19 53 22
19 54 17
19 55 10
19 56 54
19 57 26
19 58 31
20 1 48
20 2 29
20 3 19
20 4 23
20 5 47
20 6 8
20 7 37
20 8 41
20 9 45
20 10 14
20 11 6
20 12 32
20 13 5
20 14 27
20 15 46
20 16 19
20 17 43
20 18 22
20 19 46
20 20 -1
20 21 12
20 22 40
20 23 17
20 24 1
20 25 20
20 26 42
20 27 12
20 28 31
20 29 6
20 30 41
20 31 52
20 32 39
20 33 22
20 34 30
20 35 29
20 36 21
20 37 45
20 38 38
20 39 43
20 40 34
20 41 44
20 42 44
20 43 26
20 44 38
20 45 14
20 46 15
20 47 7
20 48 23
20 49 29
20 50 13
20 51 21
20 52 20
20 53 36
20 54 37
20 55 39
20 56 8
20 57 24
20 58 53
21 1 36
21 2 16
21 3 19
21 4 22
21 5 36
21 6 9
21 7 32
21 8 29
21 9 32
21 10 9
21 11 17
21 12 23
21 13 15
21 14 26
21 15 33
21 16 12
21 17 36
21 18 17
21 19 34
21 20 12
21 21 -1
21 22 27
21 23 17
21 24 11
21 25 8
21 26 32
21 27 7
21 28 21
21 29 6
21 30 32
21 31 39
21 32 30
21 33 16
21 34 19
21 35 17
21 36 21
21 37 36
21 38 26
21 39 38
21 40 31
21 41 34
21 42 32
21 43 13
21 44 26
21 45 12
21 46 10
21 47 10
21 48 11
21 49 17
21 50 23
21 51 21
21 52 20
21 53 29
21 54 24
21 55 30
21 56 19
21 57 18
21 58 40
22 1 8
22 2 11
22 3 36
22 4 42
22 5 27
22 6 33
22 7 41
22 8 7
22 9 5
22 10 29
22 11 43
22 12 27
22 13 42
22 14 36
22 15 9
22 16 26
22 17 41
22 18 35
22 19 24
22 20 40
22 21 27
22 22 -1
22 23 34
22 24 38
22 25 21
22 26 15
22 27 29
22 28 21
22 29 33
22 30 34
22 31 13
22 32 33
22 33 26
22 34 12
22 35 18
22 36 42
22 37 21
22 38 19
22 39 48
22 40 36
22 41 26
22 42 7
22 43 14
22 44 16
22 45 35
22 46 29
22 47 35
22 48 16
22 49 10
22 50 47
22 51 37
22 52 35
22 53 37
22 54 8
22 55 29
22 56 45
22 57 34
22 58 13
23 1 42
23 2 27
23 3 2
23 4 38
23 5 52
23 6 10
23 7 49
23 8 32
23 9 39
23 10 8
23 11 16
23 12 40
23 13 23
23 14 10
23 15 43
23 16 8
23 17 54
23 18 34
23 19 50
23 20 17
23 21 17
23 22 34
23 23 -1
23 24 17
23 25 24
23 26 31
23 27 9
23 28 37
23 29 15
23 30 50
23 31 48
23 32 48
23 33 8
23 34 22
23 35 33
23 36 36
23 37 32
23 38 42
23 39 56
23 40 16
23 41 50
23 42 36
23 43 26
23 44 41
23 45 27
23 46 7
23 47 10
23 48 19
23 49 25
23 50 15
23 51 4
23 52 2
23 53 47
23 54 36
23 55 46
23 56 17
23 57 35
23 58 45
24 1 47
24 2 27
24 3 18
24 4 22
24 5 46
24 6 7
24 7 36
24 8 39
24 9 43
24 10 13
24 11 7
24 12 31
24 13 6
24 14 27
24 15 45
24 16 18
24 17 42
24 18 21
24 19 44
24 20 1
24 21 11
24 22 38
24 23 17
24 24 -1
24 25 19
24 26 41
24 27 11
24 28 30
24 29 5
24 30 40
24 31 50
24 32 38
24 33 21
24 34 29
24 35 28
24 36 21
24 37 44
24 38 37
24 39 42
24 40 33
24 41 43
24 42 42
24 43 24
24 44 37
24 45 13
24 46 14
24 47 6
24 48 21
24 49 28
24 50 14
24 51 20
24 52 19
24 53 35
24 54 36
24 55 38
24 56 9
24 57 23
24 58 51
25 1 30
25 2 9
25 3 26
25 4 22
25 5 28
25 6 17
25 7 27
25 8 25
25 9 26
25 10 16
25 11 25
25 12 16
25 13 22
25 14 31
25 15 26
25 16 17
25 17 31
25 18 15
25 19 26
25 20 20
25 21 8
25 22 21
25 23 24
25 24 19
25 25 -1
25 26 29
25 27 15
25 28 13
25 29 14
25 30 26
25 31 32
25 32 24
25 33 20
25 34 16
25 35 9
25 36 22
25 37 34
25 38 18
25 39 34
25 40 35
25 41 26
25 42 27
25 43 6
25 44 18
25 45 14
25 46 17
25 47 18
25 48 9
25 49 12
25 50 31
25 51 28
25 52 26
25 53 24
25 54 17
25 55 22
25 56 28
25 57 15
25 58 34
26 1 16
26 2 21
26 3 31
26 4 51
26 5 42
26 6 35
26 7 54
26 8 7
26 9 14
26 10 29
26 11 44
26 12 40
26 13 46
26 14 28
26 15 22
26 16 24
26 17 55
26 18 45
26 19 39
26 20 42
26 21 32
26 22 15
26 23 31
26 24 41
26 25 29
26 26 -1
26 27 30
26 28 34
26 29 36
26 30 48
26 31 25
26 32 47
26 33 23
26 34 13
26 35 30
26 36 51
26 37 6
26 38 33
26 39 61
26 40 25
26 41 41
26 42 9
26 43 24
26 44 31
26 45 43
26 46 28
26 47 36
26 48 21
26 49 17
26 50 46
26 51 32
26 52 31
26 53 51
26 54 22
26 55 43
26 56 46
26 57 44
26 58 16
27 1 38
27 2 20
27 3 12
27 4 29
27 5 43
27 6 4
27 7 39
27 8 29
27 9 34
27 10 2
27 11 14
27 12 30
27 13 17
27 14 19
27 15 37
27 16 7
27 17 44
27 18 25
27 19 41
27 20 12
27 21 7
27 22 29
27 23 9
27 24 11
27 25 15
27 26 30
27 27 -1
27 28 28
27 29 7
27 30 40
27 31 43
27 32 38
27 33 10
27 34 18
27 35 24
27 36 27
27 37 33
27 38 33
27 39 46
27 40 24
27 41 41
27 42 33
27 43 18
27 44 32
27 45 18
27 46 3
27 47 5
27 48 12
27 49 19
27 50 18
27 51 14
27 52 12
27 53 37
27 54 29
27 55 37
27 56 16
27 57 26
27 58 42
28 1 29
28 2 14
28 3 39
28 4 22
28 5 15
28 6 30
28 7 19
28 8 28
28 9 26
28 10 29
28 11 37
28 12 5
28 13 31
28 14 44
28 15 22
28 16 30
28 17 20
28 18 16
28 19 14
28 20 31
28 21 21
28 22 21
28 23 37
28 24 30
28 25 13
28 26 34
28 27 28
28 28 -1
28 29 26
28 30 14
28 31 26
28 32 12
28 33 32
28 34 24
28 35 5
28 36 23
28 37 41
28 38 7
28 39 26
28 40 46
28 41 13
28 42 29
28 43 13
28 44 8
28 45 20
28 46 30
28 47 31
28 48 20
28 49 18
28 50 43
28 51 41
28 52 39
28 53 16
28 54 14
28 55 9
28 56 39
28 57 14
28 58 34
29 1 42
29 2 22
29 3 17
29 4 22
29 5 42
29 6 5
29 7 35
29 8 34
29 9 38
29 10 9
29 11 11
29 12 28
29 13 10
29 14 25
29 15 40
29 16 14
29 17 40
29 18 19
29 19 40
29 20 6
29 21 6
29 22 33
29 23 15
29 24 5
29 25 14
29 26 36
29 27 7
29 28 26
29 29 -1
29 30 37
29 31 45
29 32 35
29 33 17
29 34 24
29 35 23
29 36 21
29 37 40
29 38 32
29 39 41
29 40 31
29 41 39
29 42 38
29 43 19
29 44 33
29 45 12
29 46 10
29 47 5
29 48 17
29 49 23
29 50 17
29 51 19
29 52 18
29 53 33
29 54 31
29 55 35
29 56 13
29 57 21
29 58 46
30 1 40
30 2 28
30 3 52
30 4 23
30 5 13
30 6 41
30 7 9
30 8 41
30 9 38
30 10 41
30 11 47
30 12 9
30 13 38
30 14 57
30 15 32
30 16 43
30 17 7
30 18 19
30 19 15
30 20 41
30 21 32
30 22 34
30 23 50
30 24 40
30 25 26
30 26 48
30 27 40
30 28 14
30 29 37
30 30 -1
30 31 35
30 32 2
30 33 46
30 34 38
30 35 19
30 36 25
30 37 54
30 38 15
30 39 15
30 40 60
30 41 11
30 42 42
30 43 27
30 44 18
30 45 27
30 46 43
30 47 42
30 48 34
30 49 32
30 50 54
30 51 54
30 52 52
30 53 7
30 54 26
30 55 5
30 56 49
30 57 17
30 58 44
31 1 9
31 2 23
31 3 50
31 4 49
31 5 23
31 6 47
31 7 44
31 8 19
31 9 11
31 10 42
31 11 56
31 12 31
31 13 54
31 14 50
31 15 5
31 16 40
31 17 42
31 18 42
31 19 20
31 20 52
31 21 39
31 22 13
31 23 48
31 24 50
31 25 32
31 26 25
31 27 43
31 28 26
31 29 45
31 30 35
31 31 -1
31 32 35
31 33 40
31 34 26
31 35 25
31 36 50
31 37 31
31 38 21
31 39 50
31 40 49
31 41 24
31 42 16
31 43 26
31 44 18
31 45 45
31 46 43
31 47 48
31 48 30
31 49 23
31 50 61
31 51 51
31 52 49
31 53 41
31 54 15
31 55 30
31 56 58
31 57 41
31 58 12
32 1 39
32 2 26
32 3 50
32 4 21
32 5 14
32 6 39
32 7 9
32 8 40
32 9 37
32 10 39
32 11 45
32 12 8
32 13 36
32 14 55
32 15 31
32 16 41
32 17 8
32 18 17
32 19 15
32 20 39
32 21 30
32 22 33
32 23 48
32 24 38
32 25 24
32 26 47
32 27 38
32 28 12
32 29 35
32 30 2
32 31 35
32 32 -1
32 33 44
32 34 37
32 35 17
32 36 23
32 37 53
32 38 14
32 39 15
32 40 59
32 41 11
32 42 41
32 43 25
32 44 17
32 45 25
32 46 41
32 47 40
32 48 32
32 49 31
32 50 52
32 51 52
32 52 50
32 53 6
32 54 25
32 55 5
32 56 47
32 57 15
32 58 44
33 1 34
33 2 21
33 3 9
33 4 38
33 5 46
33 6 14
33 7 47
33 8 24
33 9 30
33 10 8
33 11 22
33 12 36
33 13 27
33 14 11
33 15 35
33 16 3
33 17 51
33 18 33
33 19 44
33 20 22
33 21 16
33 22 26
33 23 8
33 24 21
33 25 20
33 26 23
33 27 10
33 28 32
33 29 17
33 30 46
33 31 40
33 32 44
33 33 -1
33 34 14
33 35 28
33 36 37
33 37 24
33 38 36
33 39 54
33 40 14
33 41 44
33 42 27
33 43 20
33 44 35
33 45 28
33 46 7
33 47 15
33 48 13
33 49 18
33 50 23
33 51 10
33 52 8
33 53 45
33 54 29
33 55 42
33 56 24
33 57 34
33 58 37
34 1 20
34 2 10
34 3 23
34 4 39
34 5 35
34 6 23
34 7 43
34 8 10
34 9 16
34 10 17
34 11 33
34 12 29
34 13 34
34 14 24
34 15 21
34 16 14
34 17 45
34 18 32
34 19 32
34 20 30
34 21 19
34 22 12
34 23 22
34 24 29
34 25 16
34 26 13
34 27 18
34 28 24
34 29 24
34 30 38
34 31 26
34 32 37
34 33 14
34 34 -1
34 35 19
34 36 38
34 37 17
34 38 25
34 39 50
34 40 24
34 41 34
34 42 14
34 43 12
34 44 23
34 45 30
34 46 17
34 47 24
34 48 8
34 49 6
34 50 36
34 51 25
34 52 23
34 53 40
34 54 16
34 55 34
34 56 35
34 57 32
34 58 23
35 1 26
35 2 9
35 3 35
35 4 24
35 5 19
35 6 26
35 7 23
35 8 24
35 9 23
35 10 25
35 11 34
35 12 10
35 13 29
35 14 39
35 15 20
35 16 25
35 17 25
35 18 17
35 19 17
35 20 29
35 21 17
35 22 18
35 23 33
35 24 28
35 25 9
35 26 30
35 27 24
35 28 5
35 29 23
35 30 19
35 31 25
35 32 17
35 33 28
35 34 19
35 35 -1
35 36 25
35 37 36
35 38 9
35 39 30
35 40 42
35 41 17
35 42 25
35 43 8
35 44 9
35 45 20
35 46 26
35 47 27
35 48 15
35 49 13
35 50 40
35 51 37
35 52 35
35 53 20
35 54 11
35 55 14
35 56 37
35 57 16
35 58 31
36 1 50
36 2 31
36 3 38
36 4 2
36 5 36
36 6 26
36 7 18
36 8 47
36 9 47
36 10 30
36 11 26
36 12 20
36 13 16
36 14 46
36 15 45
36 16 34
36 17 24
36 18 7
36 19 36
36 20 21
36 21 21
36 22 42
36 23 36
36 24 21
36 25 22
36 26 51
36 27 27
36 28 23
36 29 21
36 30 25
36 31 50
36 32 23
36 33 37
36 34 38
36 35 25
36 36 -1
36 37 56
36 38 30
36 39 22
36 40 52
36 41 33
36 42 49
36 43 28
36 44 32
36 45 9
36 46 31
36 47 26
36 48 30
36 49 34
36 50 34
36 51 41
36 52 39
36 53 18
36 54 36
36 55 26
36 56 28
36 57 9
36 58 55
37 1 21
37 2 27
37 3 32
37 4 56
37 5 48
37 6 37
37 7 60
37 8 13
37 9 20
37 10 31
37 11 46
37 12 46
37 13 50
37 14 27
37 15 28
37 16 26
37 17 61
37 18 50
37 19 45
37 20 45
37 21 36
37 22 21
37 23 32
37 24 44
37 25 34
37 26 6
37 27 33
37 28 41
37 29 40
37 30 54
37 31 31
37 32 53
37 33 24
37 34 17
37 35 36
37 36 56
37 37 -1
37 38 40
37 39 67
37 40 23
37 41 48
37 42 15
37 43 29
37 44 37
37 45 47
37 46 30
37 47 38
37 48 25
37 49 23
37 50 47
37 51 32
37 52 31
37 53 56
37 54 29
37 55 49
37 56 48
37 57 49
37 58 21
38 1 25
38 2 15
38 3 44
38 4 29
38 5 10
38 6 35
38 7 23
38 8 27
38 9 22
38 10 34
38 11 44
38 12 10
38 13 38
38 14 47
38 15 17
38 16 34
38 17 22
38 18 23
38 19 8
38 20 38
38 21 26
38 22 19
38 23 42
38 24 37
38 25 18
38 26 33
38 27 33
38 28 7
38 29 32
38 30 15
38 31 21
38 32 14
38 33 36
38 34 25
38 35 9
38 36 30
38 37 40
38 38 -1
38 39 29
38 40 49
38 41 8
38 42 26
38 43 16
38 44 3
38 45 27
38 46 35
38 47 37
38 48 23
38 49 19
38 50 50
38 51 46
38 52 44
38 53 20
38 54 11
38 55 9
38 56 46
38 57 21
38 58 29
39 1 54
39 2 39
39 3 58
39 4 20
39 5 28
39 6 46
39 7 7
39 8 55
39 9 52
39 10 48
39 11 48
39 12 21
39 13 38
39 14 65
39 15 46
39 16 51
39 17 8
39 18 21
39 19 30
39 20 43
39 21 38
39 22 48
39 23 56
39 24 42
39 25 34
39 26 61
39 27 46
39 28 26
39 29 41
39 30 15
39 31 50
39 32 15
39 33 54
39 34 50
39 35 30
39 36 22
39 37 67
39 38 29
39 39 -1
39 40 69
39 41 26
39 42 55
39 43 38
39 44 32
39 45 29
39 46 49
39 47 46
39 48 43
39 49 44
39 50 56
39 51 60
39 52 58
39 53 10
39 54 40
39 55 20
39 56 50
39 57 20
39 58 59
40 1 40
40 2 33
40 3 15
40 4 53
40 5 59
40 6 26
40 7 62
40 8 30
40 9 38
40 10 22
40 11 32
40 12 51
40 13 39
40 14 7
40 15 45
40 16 18
40 17 66
40 18 48
40 19 57
40 20 34
40 21 31
40 22 36
40 23 16
40 24 33
40 25 35
40 26 25
40 27 24
40 28 46
40 29 31
40 30 60
40 31 49
40 32 59
40 33 14
40 34 24
40 35 42
40 36 52
40 37 23
40 38 49
40 39 69
40 40 -1
40 41 58
40 42 33
40 43 34
40 44 47
40 45 42
40 46 20
40 47 27
40 48 26
40 49 30
40 50 30
40 51 14
40 52 14
40 53 60
40 54 40
40 55 56
40 56 33
40 57 49
40 58 42
41 1 30
41 2 24
41 3 52
41 4 31
41 5 2
41 6 43
41 7 20
41 8 34
41 9 29
41 10 42
41 11 50
41 12 13
41 13 43
41 14 56
41 15 22
41 16 42
41 17 18
41 18 26
41 19 4
41 20 44
41 21 34
41 22 26
41 23 50
41 24 43
41 25 26
41 26 41
41 27 41
41 28 13
41 29 39
41 30 11
41 31 24
41 32 11
41 33 44
41 34 34
41 35 17
41 36 33
41 37 48
41 38 8
41 39 26
41 40 58
41 41 -1
41 42 34
41 43 24
41 44 10
41 45 32
41 46 43
41 47 44
41 48 31
41 49 28
41 50 57
41 51 54
41 52 52
41 53 18
41 54 19
41 55 7
41 56 52
41 57 24
41 58 35
42 1 7
42 2 18
42 3 37
42 4 49
42 5 33
42 6 37
42 7 48
42 8 3
42 9 5
42 10 32
42 11 47
42 12 34
42 13 47
42 14 35
42 15 13
42 16 28
42 17 49
42 18 42
42 19 31
42 20 44
42 21 32
42 22 7
42 23 36
42 24 42
42 25 27
42 26 9
42 27 33
42 28 29
42 29 38
42 30 42
42 31 16
42 32 41
42 33 27
42 34 14
42 35 25
42 36 49
42 37 15
42 38 26
42 39 55
42 40 33
42 41 34
42 42 -1
42 43 21
42 44 23
42 45 41
42 46 31
42 47 38
42 48 21
42 49 15
42 50 50
42 51 38
42 52 36
42 53 45
42 54 15
42 55 36
42 56 49
42 57 41
42 58 9
43 1 23
43 2 3
43 3 28
43 4 28
43 5 26
43 6 21
43 7 30
43 8 19
43 9 20
43 10 18
43 11 30
43 12 17
43 13 28
43 14 31
43 15 20
43 16 18
43 17 33
43 18 21
43 19 24
43 20 26
43 21 13
43 22 14
43 23 26
43 24 24
43 25 6
43 26 24
43 27 18
43 28 13
43 29 19
43 30 27
43 31 26
43 32 25
43 33 20
43 34 12
43 35 8
43 36 28
43 37 29
43 38 16
43 39 38
43 40 34
43 41 24
43 42 21
43 43 -1
43 44 15
43 45 20
43 46 19
43 47 22
43 48 7
43 49 6
43 50 35
43 51 30
43 52 28
43 53 27
43 54 11
43 55 22
43 56 33
43 57 20
43 58 28
44 1 21
44 2 14
44 3 43
44 4 31
44 5 11
44 6 35
44 7 26
44 8 24
44 9 19
44 10 33
44 11 44
44 12 13
44 13 39
44 14 46
44 15 14
44 16 33
44 17 25
44 18 25
44 19 9
44 20 38
44 21 26
44 22 16
44 23 41
44 24 37
44 25 18
44 26 31
44 27 32
44 28 8
44 29 33
44 30 18
44 31 18
44 32 17
44 33 35
44 34 23
44 35 9
44 36 32
44 37 37
44 38 3
44 39 32
44 40 47
44 41 10
44 42 23
44 43 15
44 44 -1
44 45 29
44 46 34
44 47 37
44 48 22
44 49 17
44 50 49
44 51 45
44 52 43
44 53 23
44 54 8
44 55 13
44 56 46
44 57 23
44 58 26
45 1 44
45 2 23
45 3 29
45 4 10
45 5 35
45 6 17
45 7 23
45 8 39
45 9 40
45 10 20
45 11 20
45 12 19
45 13 11
45 14 37
45 15 39
45 16 24
45 17 29
45 18 8
45 19 34
45 20 14
45 21 12
45 22 35
45 23 27
45 24 13
45 25 14
45 26 43
45 27 18
45 28 20
45 29 12
45 30 27
45 31 45
45 32 25
45 33 28
45 34 30
45 35 20
45 36 9
45 37 47
45 38 27
45 39 29
45 40 42
45 41 32
45 42 41
45 43 20
45 44 29
45 45 -1
45 46 22
45 47 17
45 48 22
45 49 26
45 50 27
45 51 32
45 52 30
45 53 22
45 54 30
45 55 26
45 56 22
45 57 10
45 58 49
46 1 37
46 2 20
46 3 9
46 4 32
46 5 45
46 6 7
46 7 43
46 8 28
46 9 34
46 10 1
46 11 16
46 12 33
46 13 20
46 14 15
46 15 37
46 16 4
46 17 47
46 18 28
46 19 43
46 20 15
46 21 10
46 22 29
46 23 7
46 24 14
46 25 17
46 26 28
46 27 3
46 28 30
46 29 10
46 30 43
46 31 43
46 32 41
46 33 7
46 34 17
46 35 26
46 36 31
46 37 30
46 38 35
46 39 49
46 40 20
46 41 43
46 42 31
46 43 19
46 44 34
46 45 22
46 46 -1
46 47 8
46 48 13
46 49 19
46 50 18
46 51 11
46 52 9
46 53 40
46 54 29
46 55 39
46 56 17
46 57 29
46 58 41
47 1 43
47 2 25
47 3 12
47 4 27
47 5 46
47 6 1
47 7 40
47 8 35
47 9 40
47 10 7
47 11 8
47 12 33
47 13 12
47 14 21
47 15 42
47 16 12
47 17 45
47 18 25
47 19 45
47 20 7
47 21 10
47 22 35
47 23 10
47 24 6
47 25 18
47 26 36
47 27 5
47 28 31
47 29 5
47 30 42
47 31 48
47 32 40
47 33 15
47 34 24
47 35 27
47 36 26
47 37 38
47 38 37
47 39 46
47 40 27
47 41 44
47 42 38
47 43 22
47 44 37
47 45 17
47 46 8
47 47 -1
47 48 18
47 49 24
47 50 13
47 51 14
47 52 13
47 53 38
47 54 34
47 55 40
47 56 10
47 57 26
47 58 47
48 1 25
48 2 8
48 3 21
48 4 31
48 5 33
48 6 16
48 7 36
48 8 18
48 9 22
48 10 12
48 11 26
48 12 24
48 13 26
48 14 24
48 15 24
48 16 11
48 17 39
48 18 25
48 19 31
48 20 23
48 21 11
48 22 16
48 23 19
48 24 21
48 25 9
48 26 21
48 27 12
48 28 20
48 29 17
48 30 34
48 31 30
48 32 32
48 33 13
48 34 8
48 35 15
48 36 30
48 37 25
48 38 23
48 39 43
48 40 26
48 41 31
48 42 21
48 43 7
48 44 22
48 45 22
48 46 13
48 47 18
48 48 -1
48 49 6
48 50 30
48 51 23
48 52 21
48 53 33
48 54 16
48 55 29
48 56 29
48 57 25
48 58 29
49 1 19
49 2 4
49 3 26
49 4 34
49 5 29
49 6 23
49 7 36
49 8 13
49 9 15
49 10 18
49 11 33
49 12 23
49 13 32
49 14 29
49 15 18
49 16 16
49 17 38
49 18 27
49 19 26
49 20 29
49 21 17
49 22 10
49 23 25
49 24 28
49 25 12
49 26 17
49 27 19
49 28 18
49 29 23
49 30 32
49 31 23
49 32 31
49 33 18
49 34 6
49 35 13
49 36 34
49 37 23
49 38 19
49 39 44
49 40 30
49 41 28
49 42 15
49 43 6
49 44 17
49 45 26
49 46 19
49 47 24
49 48 6
49 49 -1
49 50 37
49 51 28
49 52 26
49 53 33
49 54 11
49 55 27
49 56 35
49 57 26
49 58 23
50 1 55
50 2 38
50 3 15
50 4 36
50 5 59
50 6 14
50 7 50
50 8 46
50 9 52
50 10 18
50 11 7
50 12 45
50 13 17
50 14 23
50 15 55
50 16 22
50 17 56
50 18 35
50 19 57
50 20 13
50 21 23
50 22 47
50 23 15
50 24 14
50 25 31
50 26 46
50 27 18
50 28 43
50 29 17
50 30 54
50 31 61
50 32 52
50 33 23
50 34 36
50 35 40
50 36 34
50 37 47
50 38 50
50 39 56
50 40 30
50 41 57
50 42 50
50 43 35
50 44 49
50 45 27
50 46 18
50 47 13
50 48 30
50 49 37
50 50 -1
50 51 16
50 52 16
50 53 49
50 54 47
50 55 52
50 56 5
50 57 37
50 58 59
51 1 44
51 2 31
51 3 2
51 4 42
51 5 56
51 6 14
51 7 54
51 8 34
51 9 41
51 10 12
51 11 18
51 12 44
51 13 26
51 14 7
51 15 46
51 16 12
51 17 58
51 18 39
51 19 54
51 20 21
51 21 21
51 22 37
51 23 4
51 24 20
51 25 28
51 26 32
51 27 14
51 28 41
51 29 19
51 30 54
51 31 51
51 32 52
51 33 10
51 34 25
51 35 37
51 36 41
51 37 32
51 38 46
51 39 60
51 40 14
51 41 54
51 42 38
51 43 30
51 44 45
51 45 32
51 46 11
51 47 14
51 48 23
51 49 28
51 50 16
51 51 -1
51 52 2
51 53 51
51 54 39
51 55 51
51 56 19
51 57 40
51 58 47
52 1 43
52 2 29
52 3 1
52 4 41
52 5 54
52 6 13
52 7 52
52 8 33
52 9 39
52 10 10
52 11 18
52 12 42
52 13 25
52 14 7
52 15 44
52 16 10
52 17 56
52 18 37
52 19 52
52 20 20
52 21 20
52 22 35
52 23 2
52 24 19
52 25 26
52 26 31
52 27 12
52 28 39
52 29 18
52 30 52
52 31 49
52 32 50
52 33 8
52 34 23
52 35 35
52 36 39
52 37 31
52 38 44
52 39 58
52 40 14
52 41 52
52 42 36
52 43 28
52 44 43
52 45 30
52 46 9
52 47 13
52 48 21
52 49 26
52 50 16
52 51 2
52 52 -1
52 53 50
52 54 37
52 55 49
52 56 19
52 57 38
52 58 45
53 1 44
53 2 29
53 3 49
53 4 16
53 5 21
53 6 37
53 7 3
53 8 44
53 9 42
53 10 39
53 11 42
53 12 10
53 13 33
53 14 56
53 15 37
53 16 41
53 17 7
53 18 14
53 19 22
53 20 36
53 21 29
53 22 37
53 23 47
53 24 35
53 25 24
53 26 51
53 27 37
53 28 16
53 29 33
53 30 7
53 31 41
53 32 6
53 33 45
53 34 40
53 35 20
53 36 18
53 37 56
53 38 20
53 39 10
53 40 60
53 41 18
53 42 45
53 43 27
53 44 23
53 45 22
53 46 40
53 47 38
53 48 33
53 49 33
53 50 49
53 51 51
53 52 50
53 53 -1
53 54 30
53 55 11
53 56 44
53 57 12
53 58 49
54 1 15
54 2 8
54 3 37
54 4 35
54 5 19
54 6 32
54 7 33
54 8 15
54 9 12
54 10 29
54 11 42
54 12 19
54 13 39
54 14 40
54 15 9
54 16 27
54 17 33
54 18 28
54 19 17
54 20 37
54 21 24
54 22 8
54 23 36
54 24 36
54 25 17
54 26 22
54 27 29
54 28 14
54 29 31
54 30 26
54 31 15
54 32 25
54 33 29
54 34 16
54 35 11
54 36 36
54 37 29
54 38 11
54 39 40
54 40 40
54 41 19
54 42 15
54 43 11
54 44 8
54 45 30
54 46 29
54 47 34
54 48 16
54 49 11
54 50 47
54 51 39
54 52 37
54 53 30
54 54 -1
54 55 21
54 56 44
54 57 27
54 58 20
55 1 34
55 2 23
55 3 49
55 4 24
55 5 10
55 6 39
55 7 14
55 8 36
55 9 32
55 10 38
55 11 45
55 12 7
55 13 37
55 14 54
55 15 26
55 16 39
55 17 12
55 18 19
55 19 10
55 20 39
55 21 30
55 22 29
55 23 46
55 24 38
55 25 22
55 26 43
55 27 37
55 28 9
55 29 35
55 30 5
55 31 30
55 32 5
55 33 42
55 34 34
55 35 14
55 36 26
55 37 49
55 38 9
55 39 20
55 40 56
55 41 7
55 42 36
55 43 22
55 44 13
55 45 26
55 46 39
55 47 40
55 48 29
55 49 27
55 50 52
55 51 51
55 52 49
55 53 11
55 54 21
55 55 -1
55 56 47
55 57 17
55 58 39
56 1 54
56 2 35
56 3 18
56 4 30
56 5 55
56 6 12
56 7 45
56 8 46
56 9 50
56 10 17
56 11 2
56 12 40
56 13 11
56 14 26
56 15 53
56 16 21
56 17 51
56 18 30
56 19 54
56 20 8
56 21 19
56 22 45
56 23 17
56 24 9
56 25 28
56 26 46
56 27 16
56 28 39
56 29 13
56 30 49
56 31 58
56 32 47
56 33 24
56 34 35
56 35 37
56 36 28
56 37 48
56 38 46
56 39 50
56 40 33
56 41 52
56 42 49
56 43 33
56 44 46
56 45 22
56 46 17
56 47 10
56 48 29
56 49 35
56 50 5
56 51 19
56 52 19
56 53 44
56 54 44
56 55 47
56 56 -1
56 57 32
56 58 58
57 1 42
57 2 23
57 3 38
57 4 8
57 5 27
57 6 26
57 7 13
57 8 39
57 9 39
57 10 28
57 11 30
57 12 11
57 13 21
57 14 45
57 15 36
57 16 31
57 17 19
57 18 2
57 19 26
57 20 24
57 21 18
57 22 34
57 23 35
57 24 23
57 25 15
57 26 44
57 27 26
57 28 14
57 29 21
57 30 17
57 31 41
57 32 15
57 33 34
57 34 32
57 35 16
57 36 9
57 37 49
57 38 21
57 39 20
57 40 49
57 41 24
57 42 41
57 43 20
57 44 23
57 45 10
57 46 29
57 47 26
57 48 25
57 49 26
57 50 37
57 51 40
57 52 38
57 53 12
57 54 27
57 55 17
57 56 32
57 57 -1
57 58 47
58 1 5
58 2 25
58 3 46
58 4 55
58 5 34
58 6 46
58 7 52
58 8 12
58 9 8
58 10 41
58 11 56
58 12 39
58 13 55
58 14 44
58 15 13
58 16 37
58 17 52
58 18 48
58 19 31
58 20 53
58 21 40
58 22 13
58 23 45
58 24 51
58 25 34
58 26 16
58 27 42
58 28 34
58 29 46
58 30 44
58 31 12
58 32 44
58 33 37
58 34 23
58 35 31
58 36 55
58 37 21
58 38 29
58 39 59
58 40 42
58 41 35
58 42 9
58 43 28
58 44 26
58 45 49
58 46 41
58 47 47
58 48 29
58 49 23
58 50 59
58 51 47
58 52 45
58 53 49
58 54 20
58 55 39
58 56 58
58 57 47
58 58 -1
