1 1 -1
1 2 12
1 3 10
1 4 2
1 5 1
1 6 8
1 7 6
1 8 11
1 9 14
1 10 4
1 11 8
1 12 4
1 13 6
1 14 10
1 15 2
1 16 12
1 17 3
1 18 13
2 1 12
2 2 -1
2 3 9
2 4 13
2 5 12
2 6 19
2 7 19
2 8 3
2 9 10
2 10 9
2 11 5
2 12 14
2 13 18
2 14 13
2 15 11
2 16 17
2 17 15
2 18 3
3 1 10
3 2 9
3 3 -1
3 4 8
3 5 9
3 6 18
3 7 16
3 8 10
3 9 17
3 10 6
3 11 5
3 12 14
3 13 16
3 14 17
3 15 8
3 16 20
3 17 10
3 18 12
4 1 2
4 2 13
4 3 8
4 4 -1
4 5 2
4 6 10
4 7 8
4 8 12
4 9 16
4 10 3
4 11 7
4 12 7
4 13 8
4 14 13
4 15 2
4 16 14
4 17 2
4 18 14
5 1 1
5 2 12
5 3 9
5 4 2
5 5 -1
5 6 9
5 7 7
5 8 11
5 9 14
5 10 3
5 11 7
5 12 5
5 13 7
5 14 11
5 15 1
5 16 12
5 17 3
5 18 13
6 1 8
6 2 19
6 3 18
6 4 10
6 5 9
6 6 -1
6 7 2
6 8 17
6 9 17
6 10 12
6 11 15
6 12 5
6 13 2
6 14 11
6 15 10
6 16 10
6 17 8
6 18 19
7 1 6
7 2 19
7 3 16
7 4 8
7 5 7
7 6 2
7 7 -1
7 8 17
7 9 18
7 10 10
7 11 14
7 12 5
7 13 1
7 14 13
7 15 8
7 16 12
7 17 6
7 18 19
8 1 11
8 2 3
8 3 10
8 4 12
8 5 11
8 6 17
8 7 17
8 8 -1
8 9 7
8 10 9
8 11 6
8 12 12
8 13 16
8 14 10
8 15 10
8 16 14
8 17 14
8 18 2
9 1 14
9 2 10
9 3 17
9 4 16
9 5 14
9 6 17
9 7 18
9 8 7
9 9 -1
9 10 13
9 11 12
9 12 12
9 13 17
9 14 5
9 15 14
9 16 9
9 17 17
9 18 7
10 1 4
10 2 9
10 3 6
10 4 3
10 5 3
10 6 12
10 7 10
10 8 9
10 9 13
10 10 -1
10 11 4
10 12 8
10 13 10
10 14 12
10 15 2
10 16 14
10 17 5
10 18 11
11 1 8
11 2 5
11 3 5
11 4 7
11 5 7
11 6 15
11 7 14
11 8 6
11 9 12
11 10 4
11 11 -1
11 12 11
11 13 14
11 14 12
11 15 6
11 16 15
11 17 9
11 18 8
12 1 4
12 2 14
12 3 14
12 4 7
12 5 5
12 6 5
12 7 5
12 8 12
12 9 12
12 10 8
12 11 11
12 12 -1
12 13 4
12 14 8
12 15 6
12 16 8
12 17 6
12 18 14
13 1 6
13 2 18
13 3 16
13 4 8
13 5 7
13 6 2
13 7 1
13 8 16
13 9 17
13 10 10
13 11 14
13 12 4
13 13 -1
13 14 12
13 15 8
13 16 11
13 17 6
13 18 19
14 1 10
14 2 13
14 3 17
14 4 13
14 5 11
14 6 11
14 7 13
14 8 10
14 9 5
14 10 12
14 11 12
14 12 8
14 13 12
14 14 -1
14 15 11
14 16 4
14 17 13
14 18 11
15 1 2
15 2 11
15 3 8
15 4 2
15 5 1
15 6 10
15 7 8
15 8 10
15 9 14
15 10 2
15 11 6
15 12 6
15 13 8
15 14 11
15 15 -1
15 16 13
15 17 3
15 18 13
16 1 12
16 2 17
16 3 20
16 4 14
16 5 12
16 6 10
16 7 12
16 8 14
16 9 9
16 10 14
16 11 15
16 12 8
16 13 11
16 14 4
16 15 13
16 16 -1
16 17 14
16 18 15
17 1 3
17 2 15
17 3 10
17 4 2
17 5 3
17 6 8
17 7 6
17 8 14
17 9 17
17 10 5
17 11 9
17 12 6
17 13 6
17 14 13
17 15 3
17 16 14
17 17 -1
17 18 16
18 1 13
18 2 3
18 3 12
18 4 14
18 5 13
18 6 19
18 7 19
18 8 2
18 9 7
18 10 11
18 11 8
18 12 14
18 13 19
18 14 11
18 15 13
18 16 15
18 17 16
18 18 -1
