1 1 69
1 2 12
1 3 93
1 4 35
1 5 18
1 6 17
1 7 37
1 8 22
1 9 32
1 10 92
1 11 8
1 12 77
1 13 7
1 14 54
1 15 62
1 16 16
1 17 42
1 18 19
1 19 38
1 20 44
1 21 6
1 22 28
1 23 66
1 24 41
1 25 14
1 26 60
1 27 5
1 28 100
1 29 82
1 30 58
1 31 67
1 32 100
1 33 79
1 34 30
1 35 17
1 36 73
1 37 43
1 38 11
1 39 9
1 40 20
1 41 81
1 42 70
1 43 53
1 44 45
1 45 79
1 46 2
1 47 67
1 48 95
1 49 41
1 50 25
1 51 54
1 52 93
1 53 48
1 54 5
1 55 74
1 56 60
1 57 49
1 58 96
1 59 1
1 60 43
1 61 54
1 62 66
1 63 14
1 64 47
1 65 56
1 66 8
1 67 68
1 68 74
1 69 58
1 70 91
2 1 38
2 2 84
2 3 69
2 4 46
2 5 5
2 6 50
2 7 96
2 8 14
2 9 89
2 10 96
2 11 22
2 12 28
2 13 95
2 14 38
2 15 59
2 16 84
2 17 9
2 18 16
2 19 36
2 20 45
2 21 4
2 22 51
2 23 6
2 24 42
2 25 22
2 26 18
2 27 72
2 28 53
2 29 33
2 30 78
2 31 91
2 32 91
2 33 60
2 34 76
2 35 98
2 36 61
2 37 94
2 38 84
2 39 38
2 40 68
2 41 15
2 42 81
2 43 36
2 44 68
2 45 63
2 46 40
2 47 28
2 48 26
2 49 71
2 50 8
2 51 43
2 52 94
2 53 76
2 54 57
2 55 36
2 56 74
2 57 25
2 58 42
2 59 92
2 60 34
2 61 18
2 62 79
2 63 25
2 64 25
2 65 42
2 66 81
2 67 82
2 68 93
2 69 19
2 70 68
3 1 62
3 2 64
3 3 51
3 4 47
3 5 75
3 6 70
3 7 90
3 8 23
3 9 100
3 10 88
3 11 10
3 12 7
3 13 43
3 14 49
3 15 45
3 16 14
3 17 15
3 18 64
3 19 81
3 20 12
3 21 5
3 22 34
3 23 100
3 24 89
3 25 60
3 26 63
3 27 5
3 28 43
3 29 48
3 30 9
3 31 55
3 32 68
3 33 54
3 34 71
3 35 7
3 36 7
3 37 14
3 38 30
3 39 63
3 40 47
3 41 60
3 42 81
3 43 55
3 44 54
3 45 23
3 46 84
3 47 61
3 48 44
3 49 31
3 50 16
3 51 28
3 52 56
3 53 33
3 54 46
3 55 48
3 56 21
3 57 36
3 58 44
3 59 59
3 60 41
3 61 41
3 62 31
3 63 61
3 64 10
3 65 9
3 66 68
3 67 56
3 68 71
3 69 35
3 70 69
4 1 71
4 2 18
4 3 26
4 4 31
4 5 21
4 6 91
4 7 85
4 8 72
4 9 62
4 10 82
4 11 97
4 12 24
4 13 14
4 14 33
4 15 91
4 16 42
4 17 83
4 18 17
4 19 64
4 20 13
4 21 40
4 22 95
4 23 8
4 24 89
4 25 10
4 26 50
4 27 14
4 28 95
4 29 43
4 30 60
4 31 4
4 32 3
4 33 97
4 34 3
4 35 28
4 36 73
4 37 1
4 38 54
4 39 64
4 40 8
4 41 17
4 42 25
4 43 16
4 44 8
4 45 53
4 46 71
4 47 32
4 48 78
4 49 39
4 50 31
4 51 10
4 52 52
4 53 8
4 54 44
4 55 4
4 56 17
4 57 23
4 58 87
4 59 54
4 60 97
4 61 91
4 62 89
4 63 17
4 64 1
4 65 52
4 66 43
4 67 20
4 68 66
4 69 47
4 70 82
5 1 33
5 2 69
5 3 35
5 4 47
5 5 22
5 6 87
5 7 12
5 8 11
5 9 47
5 10 96
5 11 4
5 12 64
5 13 66
5 14 91
5 15 4
5 16 1
5 17 41
5 18 87
5 19 93
5 20 72
5 21 50
5 22 16
5 23 39
5 24 36
5 25 41
5 26 54
5 27 52
5 28 99
5 29 15
5 30 25
5 31 90
5 32 93
5 33 42
5 34 39
5 35 52
5 36 36
5 37 56
5 38 27
5 39 94
5 40 6
5 41 75
5 42 92
5 43 86
5 44 60
5 45 97
5 46 75
5 47 19
5 48 71
5 49 71
5 50 25
5 51 54
5 52 95
5 53 31
5 54 47
5 55 35
5 56 78
5 57 69
5 58 88
5 59 73
5 60 27
5 61 79
5 62 45
5 63 52
5 64 47
5 65 12
5 66 2
5 67 19
5 68 83
5 69 4
5 70 51
6 1 75
6 2 10
6 3 2
6 4 45
6 5 94
6 6 11
6 7 40
6 8 49
6 9 50
6 10 14
6 11 42
6 12 61
6 13 1
6 14 94
6 15 73
6 16 50
6 17 18
6 18 53
6 19 12
6 20 39
6 21 24
6 22 25
6 23 53
6 24 69
6 25 54
6 26 24
6 27 20
6 28 18
6 29 8
6 30 35
6 31 76
6 32 36
6 33 7
6 34 35
6 35 41
6 36 14
6 37 7
6 38 94
6 39 59
6 40 7
6 41 55
6 42 88
6 43 61
6 44 21
6 45 4
6 46 85
6 47 32
6 48 72
6 49 35
6 50 86
6 51 44
6 52 90
6 53 56
6 54 14
6 55 10
6 56 85
6 57 23
6 58 42
6 59 53
6 60 71
6 61 55
6 62 75
6 63 83
6 64 10
6 65 20
6 66 4
6 67 86
6 68 58
6 69 88
6 70 15
7 1 19
7 2 49
7 3 70
7 4 16
7 5 6
7 6 93
7 7 16
7 8 33
7 9 43
7 10 86
7 11 22
7 12 86
7 13 56
7 14 34
7 15 58
7 16 62
7 17 60
7 18 68
7 19 56
7 20 41
7 21 87
7 22 37
7 23 3
7 24 3
7 25 67
7 26 51
7 27 33
7 28 46
7 29 26
7 30 25
7 31 91
7 32 46
7 33 96
7 34 24
7 35 7
7 36 93
7 37 21
7 38 36
7 39 57
7 40 28
7 41 3
7 42 57
7 43 88
7 44 32
7 45 62
7 46 75
7 47 71
7 48 33
7 49 49
7 50 71
7 51 58
7 52 72
7 53 43
7 54 8
7 55 21
7 56 60
7 57 89
7 58 99
7 59 11
7 60 10
7 61 64
7 62 55
7 63 12
7 64 99
7 65 60
7 66 60
7 67 22
7 68 99
7 69 96
7 70 93
8 1 99
8 2 33
8 3 77
8 4 96
8 5 85
8 6 54
8 7 20
8 8 5
8 9 32
8 10 44
8 11 10
8 12 78
8 13 84
8 14 22
8 15 91
8 16 20
8 17 44
8 18 91
8 19 47
8 20 6
8 21 37
8 22 30
8 23 69
8 24 75
8 25 6
8 26 92
8 27 90
8 28 93
8 29 49
8 30 82
8 31 18
8 32 31
8 33 68
8 34 17
8 35 59
8 36 52
8 37 43
8 38 49
8 39 24
8 40 30
8 41 24
8 42 42
8 43 26
8 44 87
8 45 72
8 46 30
8 47 48
8 48 45
8 49 46
8 50 91
8 51 64
8 52 77
8 53 32
8 54 62
8 55 68
8 56 62
8 57 56
8 58 19
8 59 5
8 60 73
8 61 18
8 62 65
8 63 37
8 64 94
8 65 70
8 66 7
8 67 8
8 68 20
8 69 19
8 70 11
9 1 82
9 2 15
9 3 2
9 4 42
9 5 56
9 6 37
9 7 98
9 8 52
9 9 12
9 10 7
9 11 19
9 12 30
9 13 59
9 14 93
9 15 4
9 16 68
9 17 50
9 18 77
9 19 11
9 20 4
9 21 9
9 22 78
9 23 10
9 24 35
9 25 100
9 26 40
9 27 83
9 28 75
9 29 34
9 30 87
9 31 10
9 32 93
9 33 27
9 34 57
9 35 67
9 36 87
9 37 12
9 38 92
9 39 45
9 40 28
9 41 30
9 42 18
9 43 25
9 44 72
9 45 41
9 46 76
9 47 76
9 48 77
9 49 45
9 50 9
9 51 48
9 52 19
9 53 2
9 54 76
9 55 64
9 56 27
9 57 64
9 58 34
9 59 22
9 60 27
9 61 69
9 62 55
9 63 76
9 64 65
9 65 92
9 66 39
9 67 22
9 68 15
9 69 55
9 70 47
10 1 58
10 2 14
10 3 86
10 4 65
10 5 90
10 6 94
10 7 79
10 8 62
10 9 88
10 10 98
10 11 40
10 12 91
10 13 12
10 14 69
10 15 89
10 16 19
10 17 76
10 18 78
10 19 22
10 20 1
10 21 86
10 22 13
10 23 30
10 24 80
10 25 52
10 26 39
10 27 10
10 28 23
10 29 83
10 30 40
10 31 29
10 32 58
10 33 26
10 34 61
10 35 91
10 36 92
10 37 2
10 38 42
10 39 70
10 40 78
10 41 48
10 42 100
10 43 93
10 44 93
10 45 52
10 46 78
10 47 50
10 48 96
10 49 1
10 50 48
10 51 11
10 52 4
10 53 35
10 54 49
10 55 62
10 56 81
10 57 4
10 58 83
10 59 27
10 60 85
10 61 83
10 62 75
10 63 2
10 64 30
10 65 35
10 66 87
10 67 37
10 68 50
10 69 35
10 70 45
11 1 93
11 2 98
11 3 41
11 4 3
11 5 7
11 6 90
11 7 18
11 8 12
11 9 16
11 10 3
11 11 46
11 12 23
11 13 50
11 14 99
11 15 83
11 16 83
11 17 4
11 18 74
11 19 96
11 20 21
11 21 31
11 22 12
11 23 10
11 24 54
11 25 68
11 26 14
11 27 22
11 28 5
11 29 97
11 30 58
11 31 85
11 32 14
11 33 35
11 34 15
11 35 3
11 36 49
11 37 9
11 38 57
11 39 83
11 40 52
11 41 50
11 42 57
11 43 13
11 44 14
11 45 10
11 46 88
11 47 13
11 48 97
11 49 93
11 50 39
11 51 100
11 52 56
11 53 25
11 54 93
11 55 91
11 56 28
11 57 87
11 58 56
11 59 23
11 60 66
11 61 38
11 62 52
11 63 46
11 64 39
11 65 39
11 66 80
11 67 28
11 68 41
11 69 27
11 70 77
12 1 70
12 2 23
12 3 88
12 4 83
12 5 20
12 6 88
12 7 73
12 8 99
12 9 44
12 10 47
12 11 17
12 12 48
12 13 71
12 14 89
12 15 12
12 16 27
12 17 12
12 18 10
12 19 40
12 20 77
12 21 56
12 22 36
12 23 53
12 24 45
12 25 63
12 26 64
12 27 35
12 28 19
12 29 41
12 30 44
12 31 67
12 32 33
12 33 7
12 34 82
12 35 80
12 36 16
12 37 38
12 38 53
12 39 46
12 40 20
12 41 66
12 42 33
12 43 60
12 44 45
12 45 62
12 46 18
12 47 70
12 48 29
12 49 89
12 50 32
12 51 89
12 52 54
12 53 45
12 54 80
12 55 43
12 56 9
12 57 70
12 58 56
12 59 42
12 60 17
12 61 47
12 62 30
12 63 12
12 64 76
12 65 39
12 66 97
12 67 25
12 68 84
12 69 19
12 70 36
13 1 18
13 2 2
13 3 39
13 4 40
13 5 77
13 6 77
13 7 31
13 8 20
13 9 24
13 10 100
13 11 60
13 12 65
13 13 60
13 14 79
13 15 21
13 16 66
13 17 49
13 18 89
13 19 26
13 20 54
13 21 16
13 22 11
13 23 14
13 24 61
13 25 82
13 26 84
13 27 83
13 28 8
13 29 83
13 30 3
13 31 100
13 32 69
13 33 78
13 34 48
13 35 19
13 36 38
13 37 87
13 38 43
13 39 61
13 40 4
13 41 35
13 42 51
13 43 39
13 44 96
13 45 25
13 46 41
13 47 55
13 48 98
13 49 90
13 50 78
13 51 92
13 52 2
13 53 98
13 54 86
13 55 71
13 56 33
13 57 35
13 58 37
13 59 60
13 60 35
13 61 84
13 62 36
13 63 97
13 64 13
13 65 74
13 66 70
13 67 26
13 68 23
13 69 17
13 70 29
14 1 28
14 2 96
14 3 61
14 4 38
14 5 46
14 6 8
14 7 21
14 8 68
14 9 74
14 10 13
14 11 42
14 12 27
14 13 98
14 14 20
14 15 14
14 16 51
14 17 26
14 18 38
14 19 57
14 20 93
14 21 87
14 22 45
14 23 34
14 24 90
14 25 57
14 26 91
14 27 6
14 28 64
14 29 77
14 30 18
14 31 42
14 32 57
14 33 28
14 34 9
14 35 36
14 36 68
14 37 25
14 38 86
14 39 79
14 40 77
14 41 30
14 42 24
14 43 99
14 44 19
14 45 43
14 46 69
14 47 63
14 48 7
14 49 31
14 50 39
14 51 35
14 52 76
14 53 75
14 54 18
14 55 33
14 56 32
14 57 62
14 58 8
14 59 48
14 60 57
14 61 66
14 62 7
14 63 32
14 64 55
14 65 84
14 66 9
14 67 4
14 68 62
14 69 53
14 70 87
15 1 49
15 2 92
15 3 30
15 4 38
15 5 6
15 6 36
15 7 85
15 8 1
15 9 95
15 10 55
15 11 7
15 12 99
15 13 3
15 14 12
15 15 16
15 16 15
15 17 20
15 18 15
15 19 92
15 20 67
15 21 42
15 22 100
15 23 69
15 24 86
15 25 81
15 26 89
15 27 94
15 28 21
15 29 70
15 30 41
15 31 30
15 32 95
15 33 12
15 34 36
15 35 86
15 36 29
15 37 63
15 38 49
15 39 6
15 40 18
15 41 55
15 42 95
15 43 50
15 44 51
15 45 22
15 46 61
15 47 20
15 48 43
15 49 86
15 50 21
15 51 20
15 52 15
15 53 58
15 54 48
15 55 47
15 56 77
15 57 35
15 58 83
15 59 91
15 60 1
15 61 56
15 62 97
15 63 2
15 64 81
15 65 52
15 66 9
15 67 73
15 68 48
15 69 57
15 70 21
16 1 94
16 2 71
16 3 79
16 4 70
16 5 98
16 6 41
16 7 90
16 8 62
16 9 91
16 10 24
16 11 31
16 12 91
16 13 35
16 14 98
16 15 55
16 16 29
16 17 41
16 18 75
16 19 12
16 20 98
16 21 61
16 22 78
16 23 74
16 24 15
16 25 26
16 26 60
16 27 33
16 28 5
16 29 21
16 30 12
16 31 20
16 32 50
16 33 57
16 34 100
16 35 4
16 36 14
16 37 87
16 38 43
16 39 62
16 40 97
16 41 98
16 42 75
16 43 69
16 44 19
16 45 39
16 46 99
16 47 11
16 48 34
16 49 23
16 50 12
16 51 56
16 52 72
16 53 4
16 54 86
16 55 37
16 56 24
16 57 91
16 58 56
16 59 20
16 60 29
16 61 56
16 62 20
16 63 91
16 64 73
16 65 33
16 66 64
16 67 92
16 68 50
16 69 18
16 70 91
17 1 54
17 2 74
17 3 56
17 4 67
17 5 91
17 6 22
17 7 20
17 8 69
17 9 11
17 10 100
17 11 3
17 12 78
17 13 39
17 14 24
17 15 19
17 16 73
17 17 33
17 18 83
17 19 29
17 20 81
17 21 44
17 22 89
17 23 38
17 24 19
17 25 85
17 26 27
17 27 47
17 28 57
17 29 90
17 30 19
17 31 42
17 32 18
17 33 95
17 34 51
17 35 42
17 36 100
17 37 24
17 38 44
17 39 41
17 40 73
17 41 87
17 42 11
17 43 18
17 44 28
17 45 77
17 46 4
17 47 50
17 48 1
17 49 22
17 50 60
17 51 33
17 52 63
17 53 88
17 54 80
17 55 98
17 56 16
17 57 98
17 58 10
17 59 42
17 60 39
17 61 86
17 62 80
17 63 24
17 64 76
17 65 56
17 66 66
17 67 49
17 68 86
17 69 16
17 70 24
18 1 85
18 2 40
18 3 18
18 4 47
18 5 77
18 6 22
18 7 28
18 8 30
18 9 69
18 10 1
18 11 71
18 12 64
18 13 76
18 14 23
18 15 7
18 16 13
18 17 38
18 18 28
18 19 58
18 20 90
18 21 24
18 22 21
18 23 81
18 24 74
18 25 39
18 26 58
18 27 87
18 28 94
18 29 11
18 30 40
18 31 32
18 32 56
18 33 78
18 34 48
18 35 93
18 36 4
18 37 60
18 38 81
18 39 86
18 40 4
18 41 79
18 42 77
18 43 55
18 44 68
18 45 49
18 46 48
18 47 74
18 48 92
18 49 11
18 50 87
18 51 44
18 52 52
18 53 57
18 54 19
18 55 29
18 56 94
18 57 58
18 58 29
18 59 2
18 60 89
18 61 95
18 62 4
18 63 57
18 64 10
18 65 8
18 66 20
18 67 60
18 68 8
18 69 65
18 70 2
19 1 6
19 2 94
19 3 3
19 4 48
19 5 9
19 6 96
19 7 47
19 8 37
19 9 39
19 10 66
19 11 57
19 12 23
19 13 50
19 14 52
19 15 45
19 16 21
19 17 45
19 18 39
19 19 16
19 20 95
19 21 31
19 22 77
19 23 46
19 24 96
19 25 37
19 26 68
19 27 64
19 28 55
19 29 71
19 30 67
19 31 100
19 32 77
19 33 25
19 34 35
19 35 27
19 36 92
19 37 49
19 38 83
19 39 9
19 40 24
19 41 22
19 42 83
19 43 44
19 44 100
19 45 41
19 46 80
19 47 91
19 48 25
19 49 58
19 50 44
19 51 98
19 52 75
19 53 92
19 54 31
19 55 34
19 56 61
19 57 17
19 58 78
19 59 39
19 60 41
19 61 2
19 62 13
19 63 17
19 64 2
19 65 80
19 66 64
19 67 7
19 68 6
19 69 41
19 70 25
20 1 22
20 2 33
20 3 32
20 4 52
20 5 98
20 6 58
20 7 84
20 8 30
20 9 13
20 10 57
20 11 47
20 12 9
20 13 46
20 14 8
20 15 52
20 16 74
20 17 80
20 18 72
20 19 54
20 20 11
20 21 77
20 22 63
20 23 62
20 24 79
20 25 44
20 26 23
20 27 1
20 28 51
20 29 48
20 30 57
20 31 85
20 32 27
20 33 8
20 34 56
20 35 60
20 36 74
20 37 33
20 38 94
20 39 68
20 40 64
20 41 74
20 42 33
20 43 32
20 44 27
20 45 33
20 46 93
20 47 15
20 48 34
20 49 83
20 50 5
20 51 6
20 52 13
20 53 42
20 54 37
20 55 66
20 56 75
20 57 14
20 58 5
20 59 39
20 60 33
20 61 84
20 62 100
20 63 3
20 64 63
20 65 1
20 66 95
20 67 25
20 68 93
20 69 44
20 70 51
21 1 42
21 2 23
21 3 62
21 4 87
21 5 75
21 6 51
21 7 74
21 8 30
21 9 90
21 10 23
21 11 30
21 12 71
21 13 33
21 14 62
21 15 97
21 16 15
21 17 75
21 18 58
21 19 48
21 20 4
21 21 66
21 22 36
21 23 52
21 24 17
21 25 51
21 26 24
21 27 32
21 28 87
21 29 78
21 30 38
21 31 42
21 32 75
21 33 37
21 34 62
21 35 79
21 36 31
21 37 41
21 38 41
21 39 80
21 40 21
21 41 77
21 42 42
21 43 64
21 44 79
21 45 77
21 46 7
21 47 34
21 48 85
21 49 64
21 50 9
21 51 21
21 52 6
21 53 2
21 54 95
21 55 88
21 56 49
21 57 96
21 58 100
21 59 32
21 60 17
21 61 83
21 62 95
21 63 60
21 64 59
21 65 62
21 66 62
21 67 32
21 68 49
21 69 31
21 70 16
22 1 69
22 2 72
22 3 66
22 4 60
22 5 63
22 6 40
22 7 96
22 8 16
22 9 52
22 10 97
22 11 76
22 12 72
22 13 97
22 14 92
22 15 17
22 16 24
22 17 19
22 18 71
22 19 2
22 20 55
22 21 85
22 22 26
22 23 100
22 24 36
22 25 35
22 26 13
22 27 45
22 28 78
22 29 32
22 30 75
22 31 80
22 32 73
22 33 12
22 34 11
22 35 62
22 36 98
22 37 63
22 38 89
22 39 63
22 40 69
22 41 82
22 42 87
22 43 85
22 44 9
22 45 46
22 46 41
22 47 4
22 48 78
22 49 69
22 50 100
22 51 61
22 52 19
22 53 92
22 54 16
22 55 38
22 56 85
22 57 16
22 58 47
22 59 19
22 60 100
22 61 92
22 62 93
22 63 91
22 64 42
22 65 9
22 66 12
22 67 87
22 68 9
22 69 49
22 70 98
23 1 19
23 2 70
23 3 52
23 4 78
23 5 73
23 6 53
23 7 27
23 8 80
23 9 1
23 10 21
23 11 46
23 12 26
23 13 41
23 14 49
23 15 62
23 16 89
23 17 95
23 18 28
23 19 96
23 20 2
23 21 21
23 22 81
23 23 99
23 24 58
23 25 77
23 26 21
23 27 5
23 28 76
23 29 1
23 30 35
23 31 26
23 32 72
23 33 82
23 34 40
23 35 53
23 36 13
23 37 51
23 38 24
23 39 59
23 40 82
23 41 15
23 42 81
23 43 8
23 44 89
23 45 68
23 46 44
23 47 88
23 48 86
23 49 53
23 50 71
23 51 20
23 52 48
23 53 56
23 54 11
23 55 25
23 56 19
23 57 47
23 58 68
23 59 35
23 60 87
23 61 32
23 62 91
23 63 36
23 64 80
23 65 58
23 66 17
23 67 11
23 68 47
23 69 36
23 70 18
24 1 75
24 2 70
24 3 82
24 4 67
24 5 74
24 6 71
24 7 91
24 8 57
24 9 60
24 10 37
24 11 96
24 12 88
24 13 40
24 14 37
24 15 58
24 16 53
24 17 51
24 18 28
24 19 91
24 20 3
24 21 2
24 22 18
24 23 99
24 24 91
24 25 47
24 26 47
24 27 87
24 28 98
24 29 86
24 30 56
24 31 11
24 32 57
24 33 100
24 34 72
24 35 22
24 36 3
24 37 93
24 38 15
24 39 21
24 40 51
24 41 23
24 42 98
24 43 96
24 44 36
24 45 45
24 46 45
24 47 25
24 48 70
24 49 40
24 50 55
24 51 78
24 52 17
24 53 66
24 54 67
24 55 47
24 56 8
24 57 28
24 58 91
24 59 51
24 60 98
24 61 68
24 62 78
24 63 94
24 64 20
24 65 42
24 66 38
24 67 93
24 68 20
24 69 15
24 70 21
25 1 3
25 2 53
25 3 5
25 4 48
25 5 38
25 6 71
25 7 76
25 8 84
25 9 65
25 10 99
25 11 90
25 12 3
25 13 94
25 14 11
25 15 13
25 16 45
25 17 4
25 18 37
25 19 31
25 20 58
25 21 98
25 22 96
25 23 11
25 24 7
25 25 40
25 26 14
25 27 62
25 28 1
25 29 76
25 30 75
25 31 39
25 32 76
25 33 46
25 34 62
25 35 76
25 36 29
25 37 69
25 38 31
25 39 29
25 40 28
25 41 99
25 42 88
25 43 78
25 44 68
25 45 10
25 46 29
25 47 99
25 48 47
25 49 84
25 50 36
25 51 60
25 52 73
25 53 66
25 54 31
25 55 46
25 56 2
25 57 5
25 58 2
25 59 78
25 60 93
25 61 75
25 62 71
25 63 14
25 64 13
25 65 21
25 66 21
25 67 34
25 68 92
25 69 29
25 70 98
26 1 9
26 2 51
26 3 81
26 4 48
26 5 85
26 6 60
26 7 32
26 8 11
26 9 19
26 10 4
26 11 50
26 12 61
26 13 85
26 14 72
26 15 43
26 16 91
26 17 57
26 18 10
26 19 13
26 20 1
26 21 8
26 22 54
26 23 61
26 24 98
26 25 8
26 26 35
26 27 41
26 28 13
26 29 11
26 30 48
26 31 87
26 32 87
26 33 47
26 34 69
26 35 38
26 36 22
26 37 80
26 38 18
26 39 60
26 40 31
26 41 75
26 42 69
26 43 57
26 44 39
26 45 67
26 46 94
26 47 92
26 48 14
26 49 65
26 50 5
26 51 87
26 52 51
26 53 80
26 54 33
26 55 98
26 56 44
26 57 25
26 58 40
26 59 25
26 60 62
26 61 96
26 62 52
26 63 95
26 64 39
26 65 63
26 66 85
26 67 76
26 68 97
26 69 2
26 70 22
27 1 98
27 2 90
27 3 91
27 4 51
27 5 64
27 6 32
27 7 79
27 8 29
27 9 46
27 10 4
27 11 72
27 12 46
27 13 74
27 14 97
27 15 31
27 16 100
27 17 84
27 18 24
27 19 89
27 20 53
27 21 70
27 22 36
27 23 21
27 24 47
27 25 34
27 26 75
27 27 76
27 28 63
27 29 77
27 30 46
27 31 97
27 32 96
27 33 76
27 34 39
27 35 72
27 36 22
27 37 1
27 38 92
27 39 5
27 40 19
27 41 32
27 42 89
27 43 54
27 44 14
27 45 62
27 46 39
27 47 44
27 48 31
27 49 46
27 50 83
27 51 52
27 52 81
27 53 23
27 54 14
27 55 26
27 56 36
27 57 62
27 58 56
27 59 85
27 60 98
27 61 8
27 62 90
27 63 40
27 64 50
27 65 40
27 66 15
27 67 63
27 68 54
27 69 88
27 70 12
28 1 20
28 2 36
28 3 14
28 4 19
28 5 91
28 6 100
28 7 56
28 8 76
28 9 88
28 10 78
28 11 21
28 12 69
28 13 33
28 14 25
28 15 54
28 16 11
28 17 96
28 18 27
28 19 26
28 20 72
28 21 91
28 22 33
28 23 2
28 24 75
28 25 21
28 26 17
28 27 3
28 28 52
28 29 11
28 30 7
28 31 99
28 32 64
28 33 2
28 34 14
28 35 1
28 36 9
28 37 59
28 38 61
28 39 15
28 40 17
28 41 99
28 42 51
28 43 87
28 44 76
28 45 71
28 46 69
28 47 46
28 48 91
28 49 42
28 50 54
28 51 72
28 52 36
28 53 17
28 54 90
28 55 17
28 56 16
28 57 57
28 58 63
28 59 88
28 60 54
28 61 65
28 62 57
28 63 89
28 64 58
28 65 1
28 66 34
28 67 23
28 68 29
28 69 91
28 70 25
29 1 10
29 2 35
29 3 89
29 4 57
29 5 42
29 6 88
29 7 10
29 8 17
29 9 24
29 10 49
29 11 19
29 12 89
29 13 12
29 14 95
29 15 60
29 16 61
29 17 77
29 18 73
29 19 48
29 20 4
29 21 65
29 22 85
29 23 40
29 24 31
29 25 43
29 26 90
29 27 23
29 28 54
29 29 16
29 30 16
29 31 19
29 32 18
29 33 3
29 34 78
29 35 31
29 36 64
29 37 18
29 38 38
29 39 81
29 40 81
29 41 13
29 42 35
29 43 44
29 44 93
29 45 65
29 46 87
29 47 69
29 48 22
29 49 29
29 50 58
29 51 49
29 52 66
29 53 68
29 54 7
29 55 36
29 56 61
29 57 62
29 58 24
29 59 32
29 60 71
29 61 58
29 62 3
29 63 16
29 64 84
29 65 68
29 66 15
29 67 92
29 68 47
29 69 45
29 70 36
30 1 18
30 2 76
30 3 16
30 4 93
30 5 43
30 6 58
30 7 47
30 8 78
30 9 29
30 10 83
30 11 97
30 12 8
30 13 29
30 14 43
30 15 91
30 16 99
30 17 51
30 18 35
30 19 2
30 20 99
30 21 64
30 22 33
30 23 98
30 24 9
30 25 23
30 26 23
30 27 89
30 28 33
30 29 72
30 30 48
30 31 87
30 32 33
30 33 63
30 34 61
30 35 42
30 36 52
30 37 100
30 38 68
30 39 94
30 40 51
30 41 81
30 42 81
30 43 21
30 44 82
30 45 88
30 46 46
30 47 89
30 48 42
30 49 50
30 50 50
30 51 42
30 52 47
30 53 54
30 54 3
30 55 35
30 56 9
30 57 39
30 58 65
30 59 23
30 60 11
30 61 7
30 62 53
30 63 78
30 64 98
30 65 40
30 66 89
30 67 45
30 68 8
30 69 14
30 70 76
31 1 25
31 2 9
31 3 78
31 4 92
31 5 18
31 6 28
31 7 87
31 8 20
31 9 33
31 10 53
31 11 11
31 12 9
31 13 7
31 14 7
31 15 24
31 16 83
31 17 75
31 18 42
31 19 92
31 20 47
31 21 59
31 22 77
31 23 11
31 24 38
31 25 23
31 26 48
31 27 30
31 28 1
31 29 63
31 30 15
31 31 44
31 32 16
31 33 68
31 34 62
31 35 13
31 36 31
31 37 77
31 38 79
31 39 26
31 40 8
31 41 11
31 42 46
31 43 76
31 44 46
31 45 78
31 46 25
31 47 66
31 48 100
31 49 8
31 50 12
31 51 12
31 52 46
31 53 89
31 54 4
31 55 94
31 56 7
31 57 79
31 58 48
31 59 24
31 60 65
31 61 96
31 62 68
31 63 29
31 64 63
31 65 6
31 66 51
31 67 9
31 68 41
31 69 11
31 70 9
32 1 81
32 2 13
32 3 11
32 4 94
32 5 64
32 6 75
32 7 94
32 8 49
32 9 5
32 10 88
32 11 9
32 12 23
32 13 2
32 14 38
32 15 42
32 16 78
32 17 44
32 18 76
32 19 8
32 20 62
32 21 69
32 22 78
32 23 10
32 24 5
32 25 82
32 26 30
32 27 12
32 28 48
32 29 38
32 30 94
32 31 56
32 32 89
32 33 56
32 34 74
32 35 15
32 36 68
32 37 43
32 38 48
32 39 90
32 40 51
32 41 53
32 42 27
32 43 67
32 44 80
32 45 84
32 46 57
32 47 9
32 48 85
32 49 10
32 50 32
32 51 42
32 52 86
32 53 46
32 54 5
32 55 25
32 56 5
32 57 49
32 58 86
32 59 72
32 60 6
32 61 16
32 62 87
32 63 68
32 64 37
32 65 70
32 66 8
32 67 19
32 68 10
32 69 84
32 70 45
33 1 14
33 2 8
33 3 75
33 4 90
33 5 39
33 6 65
33 7 63
33 8 21
33 9 30
33 10 25
33 11 60
33 12 60
33 13 85
33 14 57
33 15 5
33 16 68
33 17 5
33 18 36
33 19 5
33 20 42
33 21 70
33 22 69
33 23 20
33 24 63
33 25 69
33 26 45
33 27 90
33 28 84
33 29 52
33 30 58
33 31 65
33 32 43
33 33 30
33 34 89
33 35 36
33 36 28
33 37 75
33 38 64
33 39 30
33 40 85
33 41 86
33 42 34
33 43 45
33 44 67
33 45 84
33 46 95
33 47 6
33 48 69
33 49 47
33 50 61
33 51 60
33 52 11
33 53 38
33 54 2
33 55 53
33 56 51
33 57 66
33 58 32
33 59 84
33 60 58
33 61 39
33 62 47
33 63 51
33 64 48
33 65 78
33 66 71
33 67 80
33 68 2
33 69 19
33 70 59
34 1 36
34 2 13
34 3 24
34 4 97
34 5 55
34 6 78
34 7 18
34 8 60
34 9 46
34 10 23
34 11 60
34 12 76
34 13 22
34 14 35
34 15 47
34 16 9
34 17 71
34 18 37
34 19 67
34 20 11
34 21 86
34 22 24
34 23 2
34 24 39
34 25 15
34 26 46
34 27 81
34 28 30
34 29 60
34 30 99
34 31 41
34 32 87
34 33 59
34 34 95
34 35 100
34 36 26
34 37 42
34 38 32
34 39 78
34 40 34
34 41 67
34 42 24
34 43 78
34 44 52
34 45 48
34 46 53
34 47 68
34 48 31
34 49 64
34 50 70
34 51 37
34 52 58
34 53 51
34 54 97
34 55 46
34 56 34
34 57 100
34 58 20
34 59 99
34 60 6
34 61 26
34 62 65
34 63 56
34 64 69
34 65 14
34 66 22
34 67 69
34 68 33
34 69 77
34 70 96
35 1 63
35 2 100
35 3 86
35 4 79
35 5 25
35 6 14
35 7 66
35 8 97
35 9 47
35 10 43
35 11 1
35 12 72
35 13 70
35 14 80
35 15 48
35 16 64
35 17 19
35 18 5
35 19 3
35 20 64
35 21 2
35 22 87
35 23 80
35 24 97
35 25 80
35 26 8
35 27 74
35 28 93
35 29 54
35 30 41
35 31 60
35 32 74
35 33 97
35 34 13
35 35 97
35 36 54
35 37 70
35 38 58
35 39 71
35 40 75
35 41 57
35 42 13
35 43 82
35 44 92
35 45 47
35 46 18
35 47 67
35 48 87
35 49 19
35 50 95
35 51 90
35 52 96
35 53 91
35 54 98
35 55 32
35 56 6
35 57 95
35 58 73
35 59 5
35 60 26
35 61 18
35 62 18
35 63 17
35 64 78
35 65 89
35 66 64
35 67 8
35 68 77
35 69 42
35 70 3
36 1 54
36 2 22
36 3 33
36 4 34
36 5 63
36 6 66
36 7 59
36 8 20
36 9 29
36 10 33
36 11 41
36 12 63
36 13 52
36 14 96
36 15 99
36 16 41
36 17 75
36 18 83
36 19 34
36 20 14
36 21 61
36 22 44
36 23 99
36 24 86
36 25 79
36 26 16
36 27 28
36 28 100
36 29 96
36 30 2
36 31 67
36 32 51
36 33 55
36 34 43
36 35 80
36 36 12
36 37 43
36 38 69
36 39 86
36 40 77
36 41 44
36 42 77
36 43 7
36 44 77
36 45 54
36 46 26
36 47 42
36 48 45
36 49 86
36 50 31
36 51 12
36 52 34
36 53 89
36 54 20
36 55 66
36 56 98
36 57 68
36 58 4
36 59 94
36 60 74
36 61 100
36 62 93
36 63 79
36 64 88
36 65 71
36 66 71
36 67 29
36 68 31
36 69 92
36 70 3
37 1 52
37 2 33
37 3 97
37 4 22
37 5 17
37 6 100
37 7 83
37 8 57
37 9 73
37 10 55
37 11 43
37 12 28
37 13 25
37 14 32
37 15 56
37 16 92
37 17 14
37 18 89
37 19 62
37 20 95
37 21 30
37 22 64
37 23 95
37 24 78
37 25 64
37 26 36
37 27 53
37 28 19
37 29 65
37 30 94
37 31 18
37 32 80
37 33 95
37 34 86
37 35 73
37 36 55
37 37 5
37 38 4
37 39 73
37 40 48
37 41 32
37 42 98
37 43 72
37 44 1
37 45 41
37 46 33
37 47 19
37 48 73
37 49 25
37 50 94
37 51 4
37 52 93
37 53 86
37 54 41
37 55 46
37 56 45
37 57 55
37 58 19
37 59 30
37 60 91
37 61 29
37 62 28
37 63 73
37 64 41
37 65 61
37 66 57
37 67 19
37 68 59
37 69 95
37 70 94
38 1 17
38 2 41
38 3 3
38 4 84
38 5 71
38 6 96
38 7 68
38 8 9
38 9 25
38 10 50
38 11 47
38 12 17
38 13 21
38 14 45
38 15 39
38 16 99
38 17 55
38 18 96
38 19 48
38 20 97
38 21 30
38 22 33
38 23 70
38 24 77
38 25 55
38 26 58
38 27 79
38 28 93
38 29 13
38 30 86
38 31 18
38 32 5
38 33 100
38 34 15
38 35 38
38 36 52
38 37 48
38 38 55
38 39 9
38 40 58
38 41 57
38 42 67
38 43 83
38 44 70
38 45 25
38 46 15
38 47 41
38 48 20
38 49 53
38 50 22
38 51 7
38 52 66
38 53 42
38 54 90
38 55 70
38 56 69
38 57 9
38 58 3
38 59 87
38 60 17
38 61 83
38 62 6
38 63 77
38 64 10
38 65 83
38 66 51
38 67 53
38 68 67
38 69 46
38 70 15
39 1 4
39 2 5
39 3 43
39 4 1
39 5 30
39 6 83
39 7 53
39 8 75
39 9 32
39 10 49
39 11 45
39 12 25
39 13 47
39 14 65
39 15 43
39 16 41
39 17 86
39 18 62
39 19 16
39 20 93
39 21 43
39 22 61
39 23 10
39 24 46
39 25 23
39 26 88
39 27 40
39 28 75
39 29 38
39 30 11
39 31 16
39 32 9
39 33 9
39 34 22
39 35 72
39 36 97
39 37 6
39 38 15
39 39 57
39 40 42
39 41 62
39 42 3
39 43 35
39 44 98
39 45 63
39 46 52
39 47 73
39 48 37
39 49 61
39 50 39
39 51 67
39 52 8
39 53 82
39 54 95
39 55 32
39 56 56
39 57 55
39 58 45
39 59 27
39 60 56
39 61 75
39 62 32
39 63 84
39 64 98
39 65 3
39 66 26
39 67 50
39 68 93
39 69 94
39 70 100
40 1 94
40 2 33
40 3 92
40 4 28
40 5 78
40 6 59
40 7 39
40 8 98
40 9 30
40 10 28
40 11 72
40 12 88
40 13 88
40 14 22
40 15 80
40 16 61
40 17 70
40 18 45
40 19 14
40 20 64
40 21 69
40 22 68
40 23 13
40 24 12
40 25 98
40 26 72
40 27 36
40 28 51
40 29 60
40 30 2
40 31 1
40 32 24
40 33 91
40 34 6
40 35 55
40 36 20
40 37 5
40 38 15
40 39 64
40 40 39
40 41 35
40 42 26
40 43 25
40 44 75
40 45 75
40 46 53
40 47 69
40 48 92
40 49 12
40 50 56
40 51 19
40 52 18
40 53 11
40 54 77
40 55 77
40 56 54
40 57 41
40 58 38
40 59 80
40 60 81
40 61 15
40 62 86
40 63 75
40 64 81
40 65 72
40 66 37
40 67 5
40 68 11
40 69 80
40 70 36
41 1 56
41 2 55
41 3 22
41 4 30
41 5 78
41 6 76
41 7 90
41 8 33
41 9 44
41 10 10
41 11 16
41 12 55
41 13 79
41 14 93
41 15 59
41 16 45
41 17 99
41 18 34
41 19 64
41 20 18
41 21 86
41 22 11
41 23 85
41 24 16
41 25 72
41 26 49
41 27 6
41 28 96
41 29 90
41 30 35
41 31 31
41 32 17
41 33 6
41 34 30
41 35 91
41 36 7
41 37 61
41 38 41
41 39 83
41 40 66
41 41 10
41 42 66
41 43 35
41 44 98
41 45 37
41 46 11
41 47 39
41 48 23
41 49 91
41 50 8
41 51 27
41 52 93
41 53 55
41 54 80
41 55 48
41 56 47
41 57 9
41 58 28
41 59 88
41 60 69
41 61 93
41 62 91
41 63 25
41 64 10
41 65 51
41 66 39
41 67 20
41 68 25
41 69 29
41 70 39
42 1 88
42 2 94
42 3 7
42 4 90
42 5 13
42 6 14
42 7 73
42 8 76
42 9 77
42 10 8
42 11 95
42 12 48
42 13 73
42 14 60
42 15 27
42 16 37
42 17 48
42 18 53
42 19 46
42 20 17
42 21 66
42 22 90
42 23 6
42 24 96
42 25 94
42 26 36
42 27 33
42 28 41
42 29 15
42 30 86
42 31 23
42 32 49
42 33 50
42 34 8
42 35 75
42 36 19
42 37 88
42 38 56
42 39 55
42 40 23
42 41 24
42 42 15
42 43 73
42 44 33
42 45 53
42 46 25
42 47 77
42 48 87
42 49 59
42 50 17
42 51 51
42 52 24
42 53 42
42 54 26
42 55 68
42 56 15
42 57 24
42 58 28
42 59 5
42 60 57
42 61 58
42 62 65
42 63 69
42 64 60
42 65 79
42 66 3
42 67 4
42 68 53
42 69 71
42 70 45
43 1 21
43 2 78
43 3 89
43 4 83
43 5 26
43 6 18
43 7 35
43 8 8
43 9 38
43 10 58
43 11 85
43 12 94
43 13 63
43 14 18
43 15 6
43 16 17
43 17 25
43 18 65
43 19 34
43 20 77
43 21 84
43 22 85
43 23 29
43 24 86
43 25 81
43 26 86
43 27 18
43 28 90
43 29 57
43 30 80
43 31 81
43 32 65
43 33 33
43 34 82
43 35 54
43 36 20
43 37 47
43 38 51
43 39 71
43 40 34
43 41 34
43 42 24
43 43 34
43 44 13
43 45 50
43 46 96
43 47 83
43 48 98
43 49 23
43 50 97
43 51 61
43 52 35
43 53 86
43 54 90
43 55 49
43 56 58
43 57 29
43 58 9
43 59 59
43 60 85
43 61 84
43 62 93
43 63 91
43 64 4
43 65 96
43 66 15
43 67 4
43 68 87
43 69 41
43 70 18
44 1 71
44 2 54
44 3 33
44 4 84
44 5 25
44 6 42
44 7 71
44 8 61
44 9 9
44 10 77
44 11 16
44 12 73
44 13 37
44 14 64
44 15 34
44 16 95
44 17 57
44 18 29
44 19 57
44 20 87
44 21 72
44 22 19
44 23 17
44 24 31
44 25 26
44 26 72
44 27 50
44 28 39
44 29 2
44 30 41
44 31 42
44 32 71
44 33 59
44 34 21
44 35 22
44 36 51
44 37 98
44 38 74
44 39 18
44 40 93
44 41 54
44 42 23
44 43 26
44 44 65
44 45 76
44 46 30
44 47 47
44 48 40
44 49 83
44 50 96
44 51 42
44 52 58
44 53 75
44 54 9
44 55 28
44 56 59
44 57 60
44 58 70
44 59 23
44 60 63
44 61 5
44 62 58
44 63 12
44 64 79
44 65 4
44 66 8
44 67 4
44 68 93
44 69 92
44 70 61
45 1 51
45 2 44
45 3 94
45 4 53
45 5 22
45 6 57
45 7 68
45 8 53
45 9 59
45 10 28
45 11 53
45 12 45
45 13 76
45 14 31
45 15 75
45 16 31
45 17 24
45 18 10
45 19 92
45 20 32
45 21 66
45 22 15
45 23 94
45 24 25
45 25 17
45 26 87
45 27 1
45 28 33
45 29 34
45 30 45
45 31 68
45 32 88
45 33 71
45 34 4
45 35 49
45 36 100
45 37 28
45 38 7
45 39 28
45 40 32
45 41 43
45 42 40
45 43 37
45 44 3
45 45 27
45 46 94
45 47 93
45 48 74
45 49 44
45 50 68
45 51 48
45 52 2
45 53 57
45 54 44
45 55 40
45 56 92
45 57 45
45 58 54
45 59 66
45 60 86
45 61 18
45 62 77
45 63 55
45 64 78
45 65 24
45 66 37
45 67 50
45 68 56
45 69 90
45 70 81
46 1 53
46 2 81
46 3 46
46 4 73
46 5 83
46 6 15
46 7 7
46 8 76
46 9 62
46 10 66
46 11 50
46 12 28
46 13 77
46 14 77
46 15 77
46 16 15
46 17 83
46 18 28
46 19 18
46 20 46
46 21 34
46 22 73
46 23 11
46 24 32
46 25 64
46 26 10
46 27 65
46 28 14
46 29 62
46 30 86
46 31 29
46 32 10
46 33 14
46 34 36
46 35 44
46 36 64
46 37 86
46 38 72
46 39 87
46 40 65
46 41 15
46 42 64
46 43 50
46 44 18
46 45 7
46 46 83
46 47 77
46 48 7
46 49 33
46 50 96
46 51 9
46 52 83
46 53 34
46 54 76
46 55 38
46 56 82
46 57 17
46 58 30
46 59 63
46 60 57
46 61 26
46 62 92
46 63 42
46 64 45
46 65 94
46 66 7
46 67 79
46 68 94
46 69 22
46 70 53
47 1 68
47 2 80
47 3 17
47 4 57
47 5 31
47 6 6
47 7 57
47 8 33
47 9 87
47 10 48
47 11 39
47 12 29
47 13 50
47 14 44
47 15 46
47 16 39
47 17 74
47 18 24
47 19 80
47 20 84
47 21 59
47 22 70
47 23 66
47 24 41
47 25 77
47 26 38
47 27 68
47 28 87
47 29 37
47 30 92
47 31 32
47 32 90
47 33 9
47 34 98
47 35 22
47 36 75
47 37 84
47 38 84
47 39 28
47 40 93
47 41 87
47 42 89
47 43 87
47 44 26
47 45 25
47 46 12
47 47 68
47 48 95
47 49 19
47 50 51
47 51 22
47 52 73
47 53 1
47 54 51
47 55 68
47 56 29
47 57 22
47 58 46
47 59 3
47 60 91
47 61 89
47 62 16
47 63 75
47 64 61
47 65 45
47 66 15
47 67 79
47 68 91
47 69 31
47 70 12
48 1 16
48 2 25
48 3 66
48 4 100
48 5 89
48 6 46
48 7 1
48 8 92
48 9 84
48 10 28
48 11 35
48 12 82
48 13 27
48 14 83
48 15 53
48 16 70
48 17 30
48 18 59
48 19 61
48 20 70
48 21 45
48 22 91
48 23 35
48 24 37
48 25 59
48 26 50
48 27 14
48 28 56
48 29 90
48 30 29
48 31 31
48 32 64
48 33 62
48 34 77
48 35 80
48 36 31
48 37 77
48 38 4
48 39 6
48 40 4
48 41 26
48 42 12
48 43 54
48 44 97
48 45 61
48 46 58
48 47 31
48 48 12
48 49 31
48 50 29
48 51 10
48 52 36
48 53 48
48 54 54
48 55 33
48 56 12
48 57 25
48 58 82
48 59 69
48 60 3
48 61 77
48 62 100
48 63 61
48 64 3
48 65 34
48 66 47
48 67 2
48 68 64
48 69 43
48 70 10
49 1 12
49 2 11
49 3 39
49 4 67
49 5 5
49 6 1
49 7 18
49 8 23
49 9 9
49 10 5
49 11 43
49 12 63
49 13 43
49 14 17
49 15 27
49 16 32
49 17 67
49 18 69
49 19 39
49 20 78
49 21 16
49 22 83
49 23 10
49 24 16
49 25 66
49 26 46
49 27 96
49 28 48
49 29 83
49 30 96
49 31 83
49 32 4
49 33 34
49 34 100
49 35 81
49 36 16
49 37 91
49 38 78
49 39 20
49 40 33
49 41 100
49 42 81
49 43 88
49 44 96
49 45 6
49 46 1
49 47 78
49 48 16
49 49 84
49 50 58
49 51 42
49 52 30
49 53 16
49 54 53
49 55 63
49 56 95
49 57 2
49 58 42
49 59 63
49 60 88
49 61 85
49 62 34
49 63 50
49 64 46
49 65 30
49 66 69
49 67 71
49 68 38
49 69 80
49 70 35
50 1 38
50 2 16
50 3 73
50 4 46
50 5 96
50 6 7
50 7 58
50 8 85
50 9 10
50 10 71
50 11 49
50 12 88
50 13 11
50 14 55
50 15 68
50 16 83
50 17 73
50 18 76
50 19 67
50 20 4
50 21 72
50 22 17
50 23 17
50 24 83
50 25 98
50 26 64
50 27 49
50 28 75
50 29 66
50 30 89
50 31 57
50 32 58
50 33 64
50 34 40
50 35 31
50 36 28
50 37 55
50 38 78
50 39 11
50 40 96
50 41 22
50 42 82
50 43 2
50 44 78
50 45 29
50 46 13
50 47 39
50 48 79
50 49 19
50 50 93
50 51 30
50 52 36
50 53 96
50 54 44
50 55 62
50 56 8
50 57 65
50 58 4
50 59 6
50 60 77
50 61 90
50 62 53
50 63 12
50 64 93
50 65 81
50 66 56
50 67 45
50 68 27
50 69 43
50 70 55
51 1 40
51 2 23
51 3 60
51 4 100
51 5 100
51 6 36
51 7 92
51 8 73
51 9 99
51 10 99
51 11 15
51 12 27
51 13 78
51 14 74
51 15 12
51 16 18
51 17 12
51 18 23
51 19 10
51 20 30
51 21 51
51 22 85
51 23 3
51 24 12
51 25 41
51 26 75
51 27 3
51 28 68
51 29 12
51 30 21
51 31 6
51 32 57
51 33 46
51 34 25
51 35 64
51 36 51
51 37 33
51 38 56
51 39 67
51 40 80
51 41 99
51 42 24
51 43 14
51 44 89
51 45 88
51 46 38
51 47 36
51 48 72
51 49 25
51 50 13
51 51 74
51 52 7
51 53 75
51 54 59
51 55 49
51 56 4
51 57 69
51 58 53
51 59 33
51 60 76
51 61 83
51 62 39
51 63 75
51 64 57
51 65 90
51 66 48
51 67 8
51 68 19
51 69 33
51 70 78
52 1 99
52 2 40
52 3 61
52 4 16
52 5 90
52 6 73
52 7 72
52 8 27
52 9 53
52 10 12
52 11 67
52 12 46
52 13 22
52 14 13
52 15 2
52 16 84
52 17 81
52 18 56
52 19 50
52 20 12
52 21 89
52 22 61
52 23 96
52 24 51
52 25 52
52 26 70
52 27 33
52 28 72
52 29 75
52 30 36
52 31 36
52 32 64
52 33 4
52 34 57
52 35 49
52 36 61
52 37 22
52 38 77
52 39 52
52 40 94
52 41 80
52 42 9
52 43 69
52 44 86
52 45 40
52 46 47
52 47 32
52 48 34
52 49 7
52 50 5
52 51 40
52 52 45
52 53 26
52 54 22
52 55 18
52 56 47
52 57 63
52 58 70
52 59 33
52 60 83
52 61 85
52 62 35
52 63 87
52 64 79
52 65 55
52 66 42
52 67 70
52 68 99
52 69 70
52 70 32
53 1 28
53 2 88
53 3 24
53 4 60
53 5 45
53 6 29
53 7 45
53 8 82
53 9 98
53 10 89
53 11 66
53 12 68
53 13 58
53 14 83
53 15 93
53 16 88
53 17 57
53 18 25
53 19 21
53 20 73
53 21 1
53 22 79
53 23 38
53 24 58
53 25 10
53 26 85
53 27 15
53 28 43
53 29 56
53 30 95
53 31 99
53 32 2
53 33 82
53 34 75
53 35 40
53 36 55
53 37 51
53 38 30
53 39 49
53 40 7
53 41 72
53 42 54
53 43 98
53 44 96
53 45 39
53 46 45
53 47 24
53 48 84
53 49 8
53 50 77
53 51 73
53 52 75
53 53 67
53 54 23
53 55 19
53 56 33
53 57 63
53 58 4
53 59 25
53 60 7
53 61 46
53 62 35
53 63 100
53 64 31
53 65 7
53 66 60
53 67 19
53 68 11
53 69 57
53 70 28
54 1 6
54 2 93
54 3 75
54 4 71
54 5 88
54 6 12
54 7 44
54 8 51
54 9 84
54 10 33
54 11 62
54 12 9
54 13 17
54 14 96
54 15 7
54 16 59
54 17 11
54 18 98
54 19 21
54 20 95
54 21 30
54 22 29
54 23 7
54 24 97
54 25 38
54 26 51
54 27 78
54 28 56
54 29 5
54 30 86
54 31 39
54 32 30
54 33 13
54 34 5
54 35 53
54 36 1
54 37 80
54 38 86
54 39 83
54 40 37
54 41 70
54 42 61
54 43 40
54 44 6
54 45 9
54 46 30
54 47 25
54 48 82
54 49 62
54 50 34
54 51 58
54 52 10
54 53 46
54 54 17
54 55 13
54 56 17
54 57 62
54 58 41
54 59 24
54 60 86
54 61 56
54 62 42
54 63 88
54 64 7
54 65 90
54 66 55
54 67 49
54 68 8
54 69 80
54 70 67
55 1 42
55 2 88
55 3 52
55 4 64
55 5 65
55 6 11
55 7 13
55 8 71
55 9 27
55 10 68
55 11 12
55 12 100
55 13 99
55 14 4
55 15 5
55 16 43
55 17 74
55 18 82
55 19 53
55 20 97
55 21 71
55 22 39
55 23 2
55 24 22
55 25 12
55 26 91
55 27 62
55 28 98
55 29 68
55 30 76
55 31 49
55 32 38
55 33 61
55 34 91
55 35 87
55 36 85
55 37 75
55 38 60
55 39 34
55 40 27
55 41 86
55 42 63
55 43 12
55 44 86
55 45 89
55 46 100
55 47 32
55 48 79
55 49 41
55 50 97
55 51 50
55 52 4
55 53 10
55 54 45
55 55 56
55 56 59
55 57 39
55 58 64
55 59 72
55 60 45
55 61 85
55 62 77
55 63 27
55 64 51
55 65 47
55 66 83
55 67 76
55 68 15
55 69 65
55 70 5
56 1 18
56 2 10
56 3 93
56 4 100
56 5 1
56 6 20
56 7 95
56 8 16
56 9 90
56 10 1
56 11 49
56 12 96
56 13 49
56 14 98
56 15 75
56 16 60
56 17 31
56 18 8
56 19 10
56 20 36
56 21 29
56 22 54
56 23 90
56 24 31
56 25 44
56 26 59
56 27 4
56 28 55
56 29 75
56 30 18
56 31 59
56 32 34
56 33 54
56 34 69
56 35 44
56 36 63
56 37 50
56 38 53
56 39 59
56 40 87
56 41 94
56 42 20
56 43 42
56 44 1
56 45 87
56 46 85
56 47 53
56 48 72
56 49 5
56 50 2
56 51 28
56 52 6
56 53 65
56 54 35
56 55 65
56 56 21
56 57 74
56 58 67
56 59 11
56 60 55
56 61 12
56 62 83
56 63 35
56 64 54
56 65 20
56 66 87
56 67 18
56 68 1
56 69 80
56 70 81
57 1 76
57 2 5
57 3 44
57 4 85
57 5 51
57 6 32
57 7 83
57 8 24
57 9 48
57 10 44
57 11 57
57 12 21
57 13 50
57 14 35
57 15 73
57 16 43
57 17 17
57 18 84
57 19 48
57 20 85
57 21 68
57 22 16
57 23 3
57 24 39
57 25 76
57 26 97
57 27 91
57 28 99
57 29 41
57 30 84
57 31 58
57 32 38
57 33 12
57 34 47
57 35 2
57 36 53
57 37 42
57 38 79
57 39 26
57 40 98
57 41 67
57 42 58
57 43 52
57 44 73
57 45 81
57 46 52
57 47 42
57 48 58
57 49 16
57 50 24
57 51 38
57 52 98
57 53 27
57 54 8
57 55 43
57 56 23
57 57 42
57 58 30
57 59 51
57 60 48
57 61 26
57 62 93
57 63 22
57 64 18
57 65 54
57 66 26
57 67 96
57 68 7
57 69 41
57 70 24
58 1 68
58 2 26
58 3 17
58 4 59
58 5 29
58 6 98
58 7 54
58 8 18
58 9 71
58 10 65
58 11 96
58 12 61
58 13 92
58 14 2
58 15 83
58 16 95
58 17 99
58 18 67
58 19 100
58 20 39
58 21 5
58 22 95
58 23 6
58 24 28
58 25 56
58 26 16
58 27 52
58 28 89
58 29 66
58 30 58
58 31 54
58 32 53
58 33 41
58 34 95
58 35 75
58 36 6
58 37 48
58 38 35
58 39 95
58 40 69
58 41 92
58 42 91
58 43 31
58 44 12
58 45 29
58 46 63
58 47 21
58 48 45
58 49 79
58 50 29
58 51 88
58 52 56
58 53 77
58 54 56
58 55 47
58 56 99
58 57 57
58 58 26
58 59 99
58 60 19
58 61 79
58 62 17
58 63 49
58 64 34
58 65 16
58 66 72
58 67 60
58 68 35
58 69 3
58 70 59
59 1 33
59 2 15
59 3 32
59 4 39
59 5 3
59 6 96
59 7 78
59 8 55
59 9 78
59 10 2
59 11 97
59 12 82
59 13 56
59 14 61
59 15 41
59 16 87
59 17 77
59 18 13
59 19 72
59 20 56
59 21 56
59 22 20
59 23 52
59 24 47
59 25 63
59 26 55
59 27 22
59 28 16
59 29 11
59 30 73
59 31 49
59 32 100
59 33 44
59 34 74
59 35 86
59 36 79
59 37 99
59 38 86
59 39 87
59 40 56
59 41 62
59 42 87
59 43 8
59 44 45
59 45 35
59 46 23
59 47 56
59 48 48
59 49 70
59 50 36
59 51 19
59 52 57
59 53 88
59 54 56
59 55 55
59 56 27
59 57 38
59 58 33
59 59 71
59 60 29
59 61 64
59 62 51
59 63 70
59 64 64
59 65 26
59 66 95
59 67 100
59 68 64
59 69 76
59 70 88
60 1 84
60 2 88
60 3 30
60 4 88
60 5 92
60 6 71
60 7 38
60 8 57
60 9 92
60 10 31
60 11 73
60 12 14
60 13 63
60 14 46
60 15 29
60 16 6
60 17 36
60 18 50
60 19 61
60 20 95
60 21 54
60 22 21
60 23 96
60 24 19
60 25 3
60 26 5
60 27 98
60 28 1
60 29 96
60 30 77
60 31 100
60 32 5
60 33 87
60 34 97
60 35 58
60 36 96
60 37 50
60 38 23
60 39 85
60 40 58
60 41 3
60 42 57
60 43 34
60 44 52
60 45 71
60 46 85
60 47 84
60 48 99
60 49 48
60 50 7
60 51 27
60 52 10
60 53 22
60 54 79
60 55 92
60 56 85
60 57 10
60 58 50
60 59 11
60 60 37
60 61 36
60 62 47
60 63 1
60 64 1
60 65 69
60 66 67
60 67 63
60 68 9
60 69 19
60 70 55
61 1 71
61 2 28
61 3 5
61 4 42
61 5 77
61 6 72
61 7 98
61 8 96
61 9 81
61 10 79
61 11 32
61 12 51
61 13 5
61 14 28
61 15 79
61 16 30
61 17 97
61 18 80
61 19 32
61 20 65
61 21 26
61 22 80
61 23 74
61 24 95
61 25 59
61 26 26
61 27 87
61 28 68
61 29 96
61 30 1
61 31 46
61 32 36
61 33 87
61 34 37
61 35 60
61 36 18
61 37 85
61 38 54
61 39 6
61 40 21
61 41 89
61 42 5
61 43 26
61 44 22
61 45 84
61 46 9
61 47 63
61 48 24
61 49 45
61 50 15
61 51 57
61 52 17
61 53 26
61 54 41
61 55 8
61 56 42
61 57 13
61 58 16
61 59 17
61 60 46
61 61 48
61 62 73
61 63 61
61 64 25
61 65 19
61 66 7
61 67 65
61 68 26
61 69 48
61 70 9
62 1 48
62 2 68
62 3 74
62 4 47
62 5 55
62 6 71
62 7 95
62 8 98
62 9 58
62 10 38
62 11 5
62 12 79
62 13 24
62 14 39
62 15 18
62 16 64
62 17 25
62 18 52
62 19 67
62 20 66
62 21 58
62 22 11
62 23 20
62 24 72
62 25 14
62 26 41
62 27 65
62 28 9
62 29 54
62 30 21
62 31 2
62 32 60
62 33 79
62 34 7
62 35 42
62 36 91
62 37 75
62 38 5
62 39 66
62 40 10
62 41 32
62 42 76
62 43 40
62 44 63
62 45 13
62 46 11
62 47 85
62 48 28
62 49 26
62 50 46
62 51 43
62 52 77
62 53 71
62 54 23
62 55 84
62 56 40
62 57 69
62 58 53
62 59 54
62 60 43
62 61 79
62 62 39
62 63 67
62 64 77
62 65 40
62 66 57
62 67 66
62 68 74
62 69 35
62 70 42
63 1 70
63 2 85
63 3 77
63 4 4
63 5 87
63 6 5
63 7 87
63 8 39
63 9 4
63 10 22
63 11 94
63 12 15
63 13 64
63 14 12
63 15 69
63 16 50
63 17 59
63 18 91
63 19 2
63 20 97
63 21 7
63 22 13
63 23 55
63 24 98
63 25 38
63 26 74
63 27 37
63 28 4
63 29 11
63 30 13
63 31 53
63 32 55
63 33 28
63 34 61
63 35 26
63 36 98
63 37 24
63 38 38
63 39 64
63 40 98
63 41 82
63 42 78
63 43 93
63 44 35
63 45 89
63 46 56
63 47 89
63 48 44
63 49 84
63 50 73
63 51 38
63 52 56
63 53 40
63 54 63
63 55 95
63 56 71
63 57 45
63 58 35
63 59 85
63 60 55
63 61 19
63 62 42
63 63 80
63 64 95
63 65 94
63 66 27
63 67 13
63 68 86
63 69 76
63 70 29
64 1 23
64 2 90
64 3 86
64 4 57
64 5 42
64 6 98
64 7 18
64 8 79
64 9 1
64 10 74
64 11 9
64 12 46
64 13 34
64 14 94
64 15 81
64 16 50
64 17 18
64 18 37
64 19 70
64 20 99
64 21 55
64 22 84
64 23 83
64 24 99
64 25 4
64 26 29
64 27 7
64 28 21
64 29 32
64 30 67
64 31 94
64 32 42
64 33 14
64 34 42
64 35 69
64 36 86
64 37 73
64 38 65
64 39 98
64 40 3
64 41 95
64 42 12
64 43 87
64 44 89
64 45 58
64 46 84
64 47 83
64 48 24
64 49 2
64 50 9
64 51 10
64 52 61
64 53 3
64 54 75
64 55 16
64 56 53
64 57 58
64 58 68
64 59 81
64 60 69
64 61 45
64 62 47
64 63 2
64 64 29
64 65 66
64 66 46
64 67 92
64 68 80
64 69 50
64 70 2
65 1 68
65 2 50
65 3 79
65 4 15
65 5 54
65 6 48
65 7 79
65 8 64
65 9 36
65 10 37
65 11 75
65 12 32
65 13 24
65 14 29
65 15 87
65 16 96
65 17 30
65 18 28
65 19 30
65 20 90
65 21 60
65 22 13
65 23 3
65 24 37
65 25 26
65 26 39
65 27 9
65 28 96
65 29 49
65 30 60
65 31 51
65 32 98
65 33 75
65 34 1
65 35 22
65 36 34
65 37 32
65 38 95
65 39 32
65 40 87
65 41 45
65 42 25
65 43 93
65 44 44
65 45 85
65 46 10
65 47 51
65 48 27
65 49 8
65 50 80
65 51 99
65 52 49
65 53 41
65 54 6
65 55 94
65 56 26
65 57 5
65 58 21
65 59 98
65 60 97
65 61 70
65 62 32
65 63 67
65 64 1
65 65 27
65 66 44
65 67 15
65 68 5
65 69 80
65 70 11
66 1 60
66 2 64
66 3 81
66 4 29
66 5 92
66 6 26
66 7 93
66 8 55
66 9 59
66 10 24
66 11 62
66 12 35
66 13 83
66 14 70
66 15 3
66 16 29
66 17 2
66 18 64
66 19 12
66 20 55
66 21 12
66 22 1
66 23 5
66 24 64
66 25 59
66 26 84
66 27 15
66 28 95
66 29 44
66 30 92
66 31 88
66 32 15
66 33 46
66 34 5
66 35 26
66 36 1
66 37 83
66 38 60
66 39 45
66 40 42
66 41 78
66 42 3
66 43 73
66 44 40
66 45 14
66 46 76
66 47 65
66 48 33
66 49 86
66 50 70
66 51 29
66 52 84
66 53 38
66 54 59
66 55 30
66 56 31
66 57 64
66 58 23
66 59 56
66 60 7
66 61 58
66 62 7
66 63 94
66 64 83
66 65 48
66 66 73
66 67 78
66 68 59
66 69 99
66 70 10
67 1 57
67 2 4
67 3 16
67 4 78
67 5 98
67 6 24
67 7 51
67 8 11
67 9 43
67 10 46
67 11 11
67 12 98
67 13 74
67 14 99
67 15 58
67 16 72
67 17 40
67 18 99
67 19 27
67 20 30
67 21 86
67 22 31
67 23 33
67 24 66
67 25 100
67 26 24
67 27 73
67 28 91
67 29 70
67 30 61
67 31 18
67 32 1
67 33 99
67 34 19
67 35 46
67 36 22
67 37 62
67 38 71
67 39 58
67 40 67
67 41 24
67 42 74
67 43 23
67 44 3
67 45 36
67 46 37
67 47 15
67 48 36
67 49 92
67 50 94
67 51 37
67 52 64
67 53 1
67 54 8
67 55 49
67 56 28
67 57 84
67 58 65
67 59 33
67 60 75
67 61 51
67 62 60
67 63 61
67 64 74
67 65 56
67 66 9
67 67 91
67 68 22
67 69 27
67 70 81
68 1 1
68 2 20
68 3 5
68 4 94
68 5 11
68 6 92
68 7 26
68 8 10
68 9 63
68 10 42
68 11 88
68 12 58
68 13 15
68 14 32
68 15 44
68 16 72
68 17 70
68 18 3
68 19 53
68 20 49
68 21 58
68 22 100
68 23 62
68 24 18
68 25 20
68 26 7
68 27 42
68 28 10
68 29 96
68 30 33
68 31 81
68 32 30
68 33 92
68 34 72
68 35 31
68 36 19
68 37 46
68 38 64
68 39 42
68 40 19
68 41 50
68 42 79
68 43 69
68 44 100
68 45 94
68 46 27
68 47 75
68 48 38
68 49 44
68 50 4
68 51 43
68 52 26
68 53 76
68 54 7
68 55 75
68 56 20
68 57 65
68 58 41
68 59 98
68 60 82
68 61 69
68 62 16
68 63 63
68 64 30
68 65 83
68 66 86
68 67 96
68 68 77
68 69 4
68 70 84
69 1 4
69 2 22
69 3 47
69 4 75
69 5 40
69 6 55
69 7 63
69 8 83
69 9 26
69 10 36
69 11 87
69 12 63
69 13 74
69 14 53
69 15 35
69 16 88
69 17 65
69 18 85
69 19 68
69 20 7
69 21 91
69 22 14
69 23 57
69 24 76
69 25 82
69 26 31
69 27 24
69 28 94
69 29 40
69 30 2
69 31 65
69 32 100
69 33 25
69 34 51
69 35 98
69 36 88
69 37 80
69 38 6
69 39 72
69 40 81
69 41 94
69 42 49
69 43 52
69 44 48
69 45 57
69 46 30
69 47 61
69 48 86
69 49 93
69 50 20
69 51 94
69 52 40
69 53 73
69 54 46
69 55 23
69 56 27
69 57 17
69 58 58
69 59 59
69 60 39
69 61 13
69 62 28
69 63 34
69 64 11
69 65 49
69 66 44
69 67 12
69 68 11
69 69 22
69 70 32
70 1 61
70 2 81
70 3 60
70 4 77
70 5 71
70 6 69
70 7 6
70 8 71
70 9 41
70 10 89
70 11 72
70 12 20
70 13 31
70 14 9
70 15 81
70 16 97
70 17 98
70 18 64
70 19 92
70 20 8
70 21 33
70 22 39
70 23 72
70 24 40
70 25 51
70 26 83
70 27 11
70 28 84
70 29 89
70 30 25
70 31 38
70 32 44
70 33 14
70 34 74
70 35 86
70 36 9
70 37 84
70 38 25
70 39 25
70 40 27
70 41 58
70 42 47
70 43 38
70 44 20
70 45 1
70 46 64
70 47 45
70 48 54
70 49 93
70 50 35
70 51 6
70 52 71
70 53 9
70 54 57
70 55 31
70 56 18
70 57 3
70 58 20
70 59 45
70 60 16
70 61 28
70 62 99
70 63 84
70 64 23
70 65 7
70 66 89
70 67 19
70 68 48
70 69 88
70 70 68
