2 1
2 4
2 5
2 6
2 7
2 9
2 10
2 14
2 15
2 18
2 19
2 23
2 26
2 29
2 30
2 31
2 34
2 37
2 38
2 39
2 40
2 42
2 43
2 47
2 48
2 49
2 51
2 52
2 53
2 56
2 57
2 58
2 59
2 62
2 65
3 2
3 3
3 4
3 7
3 9
3 10
3 12
3 13
3 14
3 15
3 16
3 17
3 20
3 21
3 24
3 25
3 26
3 27
3 28
3 30
3 32
3 35
3 36
3 38
3 41
3 43
3 44
3 45
3 48
3 52
3 53
3 56
3 60
3 61
3 62
3 68
4 1
4 3
4 4
4 5
4 6
4 7
4 8
4 9
4 14
4 15
4 16
4 18
4 20
4 22
4 24
4 25
4 27
4 28
4 29
4 30
4 31
4 32
4 34
4 35
4 36
4 39
4 40
4 41
4 42
4 44
4 45
4 47
4 49
4 52
4 54
4 55
4 56
4 57
4 60
4 63
4 65
4 66
4 67
4 70
5 1
5 2
5 3
5 4
5 5
5 6
5 8
5 9
5 10
5 12
5 13
5 14
5 18
5 22
5 23
5 24
5 26
5 31
5 33
5 34
5 35
5 37
5 39
5 42
5 45
5 48
5 49
5 50
5 53
5 54
5 55
5 56
5 59
5 60
5 61
5 62
5 63
5 66
5 67
5 68
5 70
6 2
6 7
6 11
6 13
6 14
6 16
6 17
6 18
6 21
6 22
6 25
6 27
6 33
6 34
6 35
6 36
6 38
6 42
6 44
6 45
6 46
6 48
6 49
6 50
6 54
6 55
6 61
6 62
6 63
6 66
6 67
7 1
7 2
7 5
7 8
7 15
7 18
7 19
7 20
7 22
7 23
7 25
7 26
7 28
7 30
7 33
7 35
7 39
7 41
7 42
7 44
7 50
7 52
7 53
7 55
7 60
7 64
7 65
7 67
7 68
7 69
7 70
8 2
8 7
8 10
8 12
8 13
8 14
8 20
8 23
8 25
8 28
8 29
8 30
8 31
8 33
8 34
8 36
8 39
8 43
8 44
8 45
8 46
8 47
8 48
8 49
8 50
8 51
8 52
8 57
8 61
8 62
8 64
8 67
8 68
8 70
9 2
9 3
9 4
9 5
9 8
9 9
9 10
9 11
9 12
9 13
9 18
9 19
9 21
9 25
9 26
9 28
9 37
9 38
9 42
9 43
9 44
9 45
9 49
9 52
9 54
9 55
9 56
9 58
9 59
9 63
9 66
9 68
10 2
10 3
10 4
10 5
10 7
10 8
10 11
10 14
10 15
10 19
10 22
10 25
10 26
10 29
10 32
10 33
10 34
10 36
10 37
10 38
10 39
10 42
10 46
10 47
10 50
10 51
10 54
10 55
10 56
10 57
10 59
10 61
10 63
10 64
10 65
10 66
10 67
10 68
10 69
11 5
11 9
11 12
11 14
11 16
11 18
11 19
11 21
11 25
11 26
11 27
11 29
11 30
11 31
11 32
11 34
11 35
11 36
11 37
11 39
11 40
11 42
11 45
11 46
11 47
11 51
11 53
11 54
11 56
11 62
11 64
11 66
11 69
11 70
12 1
12 2
12 3
12 4
12 5
12 6
12 10
12 11
12 12
12 13
12 16
12 18
12 19
12 20
12 23
12 24
12 25
12 26
12 28
12 31
12 32
12 34
12 35
12 36
12 38
12 40
12 42
12 48
12 51
12 53
12 54
12 56
12 57
12 58
12 59
12 63
12 65
12 66
12 69
13 1
13 4
13 5
13 7
13 8
13 10
13 12
13 13
13 17
13 22
13 23
13 29
13 33
13 34
13 35
13 38
13 39
13 40
13 41
13 44
13 45
13 46
13 47
13 49
13 50
13 52
13 54
13 55
13 57
13 58
13 61
13 63
13 64
13 65
13 69
14 1
14 5
14 6
14 7
14 8
14 9
14 10
14 13
14 15
14 16
14 19
14 20
14 22
14 23
14 24
14 25
14 27
14 34
14 36
14 37
14 39
14 42
14 43
14 44
14 46
14 47
14 49
14 50
14 51
14 52
14 53
14 55
14 56
14 59
14 61
14 63
14 66
14 67
14 68
14 70
15 2
15 3
15 5
15 6
15 7
15 11
15 16
15 17
15 18
15 19
15 20
15 21
15 22
15 23
15 24
15 25
15 27
15 28
15 29
15 30
15 32
15 33
15 34
15 38
15 39
15 41
15 42
15 43
15 46
15 47
15 54
15 56
15 59
15 62
15 64
15 67
15 70
16 2
16 3
16 5
16 6
16 7
16 9
16 10
16 12
16 13
16 18
16 24
16 25
16 26
16 27
16 30
16 31
16 32
16 34
16 35
16 37
16 38
16 42
16 46
16 49
16 51
16 52
16 57
16 60
16 63
16 64
16 65
16 67
16 68
16 69
16 70
17 2
17 3
17 4
17 6
17 7
17 9
17 10
17 13
17 17
17 20
17 21
17 23
17 24
17 25
17 26
17 27
17 28
17 29
17 30
17 35
17 36
17 41
17 42
17 43
17 44
17 45
17 46
17 48
17 49
17 52
17 53
17 54
17 57
17 69
18 3
18 4
18 5
18 6
18 7
18 9
18 10
18 11
18 12
18 13
18 19
18 21
18 22
18 27
18 28
18 30
18 31
18 34
18 35
18 36
18 37
18 40
18 41
18 44
18 47
18 49
18 51
18 57
18 59
18 60
18 63
18 64
18 68
18 69
19 4
19 5
19 7
19 12
19 13
19 15
19 16
19 18
19 19
19 23
19 24
19 25
19 26
19 29
19 30
19 32
19 33
19 34
19 36
19 37
19 38
19 41
19 47
19 49
19 54
19 56
19 57
19 58
19 59
19 60
19 62
19 63
19 65
19 67
19 68
19 70
20 1
20 2
20 5
20 10
20 12
20 14
20 15
20 16
20 18
20 20
20 23
20 24
20 26
20 27
20 29
20 32
20 33
20 34
20 36
20 37
20 40
20 41
20 44
20 45
20 46
20 49
20 50
20 54
20 55
20 56
20 58
20 61
20 62
20 64
20 70
21 3
21 4
21 10
21 11
21 12
21 14
21 15
21 17
21 18
21 20
21 21
21 22
21 23
21 24
21 25
21 28
21 30
21 35
21 37
21 38
21 40
21 41
21 43
21 45
21 47
21 49
21 51
21 53
21 54
21 58
21 61
21 62
21 63
21 64
21 66
21 67
21 68
21 70
22 5
22 6
22 7
22 8
22 9
22 11
22 13
22 14
22 15
22 21
22 23
22 24
22 27
22 28
22 32
22 33
22 34
22 35
22 36
22 38
22 41
22 42
22 43
22 44
22 45
22 48
22 50
22 51
22 54
22 55
22 57
22 58
22 59
22 60
22 61
22 62
22 63
22 70
23 1
23 4
23 6
23 8
23 9
23 12
23 14
23 15
23 18
23 20
23 22
23 23
23 26
23 27
23 28
23 30
23 31
23 33
23 36
23 37
23 41
23 43
23 44
23 45
23 47
23 50
23 57
23 59
23 62
23 63
23 64
23 65
23 67
24 2
24 4
24 5
24 8
24 11
24 12
24 13
24 18
24 25
24 28
24 31
24 32
24 35
24 36
24 37
24 39
24 45
24 46
24 47
24 50
24 53
24 56
24 58
24 60
24 62
24 67
24 68
24 69
25 3
25 6
25 7
25 8
25 11
25 14
25 16
25 19
25 24
25 26
25 27
25 29
25 30
25 34
25 35
25 38
25 40
25 42
25 45
25 46
25 47
25 49
25 51
25 52
25 53
25 55
25 56
25 57
25 59
25 60
25 62
25 63
25 64
25 65
25 69
25 70
26 1
26 2
26 5
26 6
26 7
26 8
26 11
26 12
26 13
26 15
26 16
26 17
26 18
26 19
26 23
26 24
26 26
26 27
26 28
26 29
26 32
26 33
26 34
26 36
26 38
26 40
26 41
26 44
26 45
26 46
26 49
26 50
26 51
26 52
26 53
26 54
26 57
26 60
26 61
26 63
26 68
26 69
26 70
27 2
27 5
27 6
27 11
27 12
27 13
27 16
27 17
27 18
27 20
27 21
27 24
27 25
27 27
27 30
27 31
27 32
27 34
27 36
27 41
27 42
27 44
27 49
27 50
27 51
27 55
27 56
27 59
27 60
27 62
27 64
27 65
27 66
27 68
27 70
28 3
28 4
28 5
28 11
28 13
28 16
28 17
28 18
28 19
28 24
28 26
28 27
28 29
28 31
28 32
28 35
28 37
28 39
28 41
28 46
28 48
28 52
28 53
28 55
28 56
28 58
28 59
28 61
28 63
28 64
28 65
28 67
28 69
29 1
29 4
29 5
29 6
29 7
29 8
29 10
29 12
29 14
29 16
29 18
29 22
29 23
29 25
29 26
29 28
29 29
29 33
29 36
29 39
29 43
29 46
29 50
29 54
29 55
29 56
29 57
29 59
29 60
29 63
29 65
29 70
30 3
30 4
30 5
30 6
30 7
30 11
30 12
30 14
30 16
30 19
30 20
30 22
30 24
30 25
30 27
30 31
30 32
30 35
30 40
30 42
30 43
30 44
30 45
30 46
30 47
30 49
30 52
30 53
30 55
30 58
30 59
30 60
30 61
30 69
30 70
31 1
31 5
31 6
31 8
31 10
31 11
31 17
31 20
31 21
31 25
31 29
31 31
31 34
31 41
31 42
31 43
31 45
31 47
31 53
31 56
31 57
31 58
31 59
31 60
31 63
31 64
31 65
32 1
32 2
32 6
32 7
32 11
32 12
32 13
32 14
32 16
32 18
32 19
32 20
32 21
32 22
32 24
32 26
32 28
32 29
32 34
32 35
32 37
32 38
32 39
32 40
32 42
32 43
32 45
32 47
32 50
32 52
32 53
32 54
32 58
32 59
32 60
32 61
32 63
32 64
32 67
32 68
32 69
32 70
33 6
33 7
33 8
33 9
33 19
33 20
33 21
33 22
33 28
33 29
33 30
33 31
33 32
33 34
33 37
33 38
33 39
33 40
33 41
33 42
33 43
33 46
33 49
33 50
33 51
33 53
33 54
33 55
33 57
33 59
33 60
33 63
33 65
33 66
33 67
33 68
33 70
34 6
34 10
34 11
34 13
34 15
34 16
34 20
34 23
34 25
34 30
34 32
34 33
34 37
34 39
34 40
34 46
34 48
34 49
34 53
34 54
34 56
34 60
34 61
34 63
34 64
34 65
34 66
34 67
34 68
34 70
35 1
35 4
35 5
35 6
35 7
35 9
35 11
35 12
35 15
35 19
35 20
35 21
35 22
35 23
35 28
35 34
35 35
35 36
35 37
35 38
35 39
35 40
35 41
35 42
35 43
35 44
35 45
35 47
35 48
35 51
35 54
35 56
35 57
35 58
35 59
35 62
35 67
35 68
35 69
36 1
36 2
36 3
36 4
36 11
36 13
36 14
36 16
36 18
36 20
36 23
36 26
36 27
36 31
36 32
36 33
36 35
36 37
36 40
36 42
36 44
36 47
36 53
36 54
36 55
36 64
36 65
36 67
36 68
36 69
37 1
37 3
37 4
37 6
37 7
37 8
37 9
37 10
37 11
37 15
37 17
37 21
37 25
37 26
37 27
37 28
37 30
37 31
37 34
37 39
37 44
37 45
37 47
37 49
37 50
37 54
37 55
37 56
37 57
37 60
37 61
37 63
37 64
37 65
38 2
38 8
38 11
38 14
38 19
38 20
38 21
38 25
38 26
38 27
38 33
38 35
38 36
38 39
38 40
38 42
38 44
38 45
38 46
38 47
38 48
38 49
38 52
38 53
38 54
38 56
38 58
38 59
38 63
38 64
38 65
38 69
38 70
39 2
39 3
39 5
39 7
39 8
39 9
39 11
39 12
39 15
39 16
39 19
39 20
39 21
39 22
39 24
39 25
39 26
39 27
39 28
39 31
39 32
39 33
39 35
39 38
39 39
39 40
39 43
39 47
39 52
39 53
39 54
39 56
39 57
39 60
39 62
39 64
39 69
39 70
40 2
40 8
40 10
40 11
40 14
40 15
40 16
40 17
40 19
40 20
40 22
40 25
40 26
40 31
40 32
40 34
40 35
40 37
40 40
40 42
40 48
40 49
40 50
40 53
40 54
40 56
40 57
40 59
40 60
40 62
40 66
40 67
40 70
41 1
41 3
41 8
41 10
41 11
41 12
41 14
41 15
41 16
41 17
41 21
41 23
41 24
41 27
41 31
41 33
41 34
41 36
41 37
41 39
41 40
41 45
41 47
41 48
41 49
41 53
41 60
41 61
41 64
41 66
41 70
42 1
42 2
42 3
42 8
42 9
42 11
42 13
42 15
42 18
42 19
42 21
42 22
42 25
42 28
42 34
42 39
42 40
42 41
42 42
42 43
42 44
42 45
42 47
42 49
42 50
42 51
42 54
42 56
42 57
42 59
42 60
42 61
42 65
42 66
42 67
42 68
42 69
43 1
43 2
43 4
43 5
43 7
43 10
43 12
43 15
43 18
43 19
43 20
43 24
43 26
43 27
43 29
43 32
43 33
43 38
43 42
43 44
43 48
43 49
43 51
43 54
43 55
43 56
43 61
43 63
43 64
43 69
43 70
44 1
44 2
44 3
44 4
44 5
44 6
44 7
44 10
44 11
44 12
44 13
44 14
44 16
44 19
44 20
44 21
44 25
44 28
44 31
44 32
44 34
44 35
44 36
44 39
44 42
44 43
44 46
44 48
44 52
44 59
44 60
44 62
44 64
44 66
44 67
44 68
44 69
44 70
45 2
45 3
45 5
45 6
45 8
45 9
45 13
45 14
45 15
45 16
45 18
45 19
45 22
45 23
45 24
45 26
45 27
45 28
45 29
45 30
45 31
45 35
45 36
45 37
45 38
45 39
45 40
45 42
45 44
45 45
45 46
45 47
45 48
45 51
45 52
45 53
45 54
45 57
45 58
45 59
45 60
45 63
45 66
45 69
46 2
46 5
46 7
46 8
46 12
46 14
46 17
46 20
46 21
46 22
46 24
46 25
46 27
46 28
46 29
46 30
46 31
46 32
46 33
46 34
46 35
46 36
46 37
46 39
46 40
46 42
46 45
46 50
46 52
46 53
46 54
46 55
46 56
46 57
46 58
46 61
46 62
46 65
46 67
46 68
47 2
47 4
47 5
47 7
47 8
47 12
47 14
47 17
47 18
47 27
47 29
47 30
47 33
47 35
47 36
47 38
47 40
47 41
47 43
47 45
47 46
47 47
47 52
47 53
47 55
47 57
47 60
47 61
47 63
47 64
47 65
48 2
48 4
48 5
48 7
48 14
48 15
48 17
48 19
48 21
48 24
48 25
48 26
48 27
48 28
48 29
48 33
48 35
48 37
48 40
48 41
48 42
48 43
48 44
48 45
48 46
48 47
48 48
48 49
48 51
48 52
48 57
48 58
48 61
48 62
48 67
48 69
48 70
49 2
49 8
49 11
49 13
49 15
49 17
49 19
49 20
49 23
49 26
49 29
49 30
49 31
49 41
49 43
49 44
49 47
49 48
49 49
49 51
49 55
49 56
49 57
49 58
49 59
49 66
49 68
50 2
50 3
50 5
50 7
50 10
50 11
50 13
50 15
50 16
50 18
50 28
50 29
50 30
50 31
50 32
50 33
50 36
50 37
50 41
50 42
50 45
50 49
50 50
50 51
50 57
50 58
50 64
50 67
50 68
50 69
50 70
51 3
51 5
51 7
51 8
51 11
51 12
51 14
51 18
51 21
51 22
51 24
51 26
51 29
51 30
51 36
51 38
51 42
51 43
51 44
51 45
51 46
51 49
51 51
51 54
51 55
51 56
51 57
51 60
51 63
51 64
51 69
51 70
52 2
52 7
52 10
52 11
52 12
52 14
52 16
52 18
52 20
52 21
52 22
52 23
52 24
52 25
52 26
52 27
52 28
52 29
52 32
52 33
52 35
52 36
52 37
52 38
52 41
52 43
52 45
52 49
52 50
52 52
52 62
52 67
52 68
52 70
53 2
53 7
53 8
53 11
53 13
53 14
53 16
53 20
53 21
53 22
53 23
53 24
53 27
53 28
53 31
53 33
53 34
53 35
53 37
53 38
53 41
53 42
53 43
53 44
53 47
53 50
53 52
53 53
53 55
53 56
53 58
53 59
53 61
53 62
53 63
53 64
53 65
53 66
53 70
54 1
54 2
54 4
54 5
54 6
54 7
54 8
54 9
54 10
54 12
54 16
54 17
54 18
54 19
54 20
54 22
54 26
54 30
54 31
54 32
54 35
54 38
54 39
54 40
54 42
54 43
54 46
54 52
54 56
54 57
54 58
54 59
54 66
54 67
54 68
54 69
54 70
55 5
55 9
55 10
55 12
55 16
55 17
55 18
55 20
55 23
55 24
55 25
55 26
55 27
55 29
55 30
55 31
55 35
55 40
55 42
55 44
55 46
55 47
55 49
55 50
55 52
55 53
55 56
55 57
55 65
55 67
55 69
56 1
56 2
56 3
56 5
56 6
56 7
56 11
56 13
56 15
56 19
56 20
56 24
56 25
56 26
56 27
56 28
56 30
56 34
56 35
56 40
56 42
56 44
56 45
56 46
56 49
56 51
56 56
56 57
56 60
56 67
56 68
57 2
57 3
57 5
57 6
57 8
57 9
57 10
57 11
57 12
57 13
57 14
57 15
57 23
57 24
57 25
57 26
57 27
57 28
57 30
57 32
57 33
57 34
57 35
57 37
57 45
57 46
57 47
57 48
57 50
57 54
57 56
57 57
57 58
57 59
57 60
57 65
57 68
57 69
58 3
58 7
58 13
58 14
58 15
58 17
58 18
58 20
58 24
58 25
58 27
58 29
58 32
58 34
58 38
58 39
58 40
58 41
58 43
58 47
58 48
58 49
58 52
58 56
58 57
58 63
58 67
58 68
59 1
59 3
59 5
59 6
59 7
59 12
59 13
59 14
59 15
59 16
59 17
59 20
59 25
59 26
59 27
59 28
59 29
59 31
59 32
59 33
59 34
59 35
59 41
59 42
59 43
59 44
59 46
59 47
59 50
59 52
59 54
59 58
59 60
59 61
59 62
59 63
59 64
59 65
59 69
60 1
60 8
60 10
60 12
60 14
60 15
60 16
60 23
60 25
60 26
60 27
60 29
60 35
60 36
60 38
60 40
60 41
60 43
60 48
60 50
60 52
60 54
60 56
60 59
60 60
60 63
60 64
60 65
61 2
61 3
61 5
61 6
61 7
61 13
61 14
61 15
61 18
61 20
61 22
61 23
61 29
61 32
61 34
61 39
61 40
61 41
61 43
61 44
61 46
61 51
61 52
61 53
61 54
61 56
61 58
61 62
61 64
61 67
61 70
62 2
62 3
62 5
62 6
62 8
62 9
62 13
62 16
62 20
62 21
62 24
62 26
62 29
62 30
62 32
62 34
62 35
62 37
62 38
62 42
62 45
62 48
62 50
62 51
62 52
62 54
62 55
62 57
62 58
62 63
62 66
62 67
62 70
63 1
63 3
63 4
63 5
63 6
63 7
63 8
63 11
63 13
63 14
63 18
63 20
63 21
63 23
63 24
63 28
63 29
63 30
63 32
63 34
63 35
63 38
63 40
63 42
63 44
63 47
63 51
63 54
63 56
63 58
63 60
63 64
63 67
63 68
63 70
64 1
64 2
64 7
64 8
64 9
64 12
64 13
64 15
64 16
64 17
64 21
64 22
64 24
64 26
64 27
64 28
64 32
64 33
64 34
64 35
64 38
64 40
64 44
64 45
64 46
64 49
64 50
64 52
64 53
64 55
64 58
64 62
64 63
64 64
64 65
64 69
65 2
65 4
65 6
65 7
65 8
65 10
65 11
65 13
65 15
65 17
65 20
65 21
65 23
65 25
65 29
65 32
65 33
65 34
65 41
65 42
65 45
65 51
65 53
65 55
65 61
65 63
65 65
65 67
65 68
65 69
66 2
66 3
66 4
66 6
66 7
66 8
66 12
66 13
66 18
66 22
66 26
66 28
66 29
66 30
66 35
66 36
66 38
66 39
66 44
66 47
66 50
66 54
66 57
66 58
66 61
66 63
66 65
66 66
66 69
66 70
67 4
67 5
67 6
67 8
67 11
67 12
67 13
67 14
67 16
67 18
67 20
67 22
67 23
67 24
67 25
67 32
67 33
67 34
67 38
67 39
67 42
67 44
67 45
67 47
67 50
67 51
67 52
67 54
67 55
67 56
67 58
67 66
67 67
67 69
67 70
68 4
68 7
68 8
68 9
68 11
68 13
68 14
68 15
68 16
68 18
68 19
68 20
68 24
68 25
68 27
68 28
68 32
68 36
68 40
68 41
68 42
68 44
68 46
68 49
68 54
68 55
68 56
68 57
68 61
68 65
68 67
68 68
68 70
69 3
69 4
69 9
69 10
69 11
69 12
69 13
69 14
69 18
69 19
69 21
69 24
69 28
69 29
69 30
69 33
69 35
69 36
69 38
69 42
69 43
69 49
69 50
69 52
69 53
69 55
69 56
69 57
69 58
69 63
69 64
69 66
69 68
69 70
70 3
70 5
70 6
70 7
70 9
70 11
70 13
70 14
70 15
70 23
70 24
70 29
70 30
70 31
70 35
70 36
70 37
70 38
70 39
70 41
70 43
70 50
70 52
70 53
70 56
70 58
70 59
70 62
70 64
70 65
70 66
70 67
70 68
70 69
