1 1 85
1 2 18
1 3 45
1 4 71
1 5 45
1 6 40
1 7 63
1 8 38
1 9 86
1 10 13
1 11 15
1 12 14
1 13 15
1 14 18
1 15 26
1 16 72
1 17 35
1 18 92
1 19 57
1 20 18
2 1 12
2 2 24
2 3 54
2 4 22
2 5 30
2 6 95
2 7 84
2 8 38
2 9 9
2 10 19
2 11 99
2 12 40
2 13 48
2 14 44
2 15 43
2 16 11
2 17 28
2 18 43
2 19 86
2 20 69
3 1 55
3 2 90
3 3 77
3 4 48
3 5 29
3 6 14
3 7 38
3 8 78
3 9 22
3 10 76
3 11 78
3 12 66
3 13 77
3 14 72
3 15 23
3 16 2
3 17 22
3 18 6
3 19 61
3 20 29
4 1 14
4 2 14
4 3 100
4 4 61
4 5 19
4 6 95
4 7 93
4 8 15
4 9 57
4 10 54
4 11 85
4 12 28
4 13 79
4 14 30
4 15 60
4 16 60
4 17 15
4 18 25
4 19 50
4 20 88
5 1 31
5 2 83
5 3 27
5 4 82
5 5 51
5 6 67
5 7 73
5 8 48
5 9 30
5 10 98
5 11 96
5 12 13
5 13 4
5 14 86
5 15 74
5 16 11
5 17 30
5 18 39
5 19 12
5 20 2
6 1 85
6 2 91
6 3 6
6 4 26
6 5 29
6 6 76
6 7 33
6 8 28
6 9 5
6 10 14
6 11 19
6 12 78
6 13 3
6 14 17
6 15 40
6 16 72
6 17 26
6 18 83
6 19 31
6 20 9
7 1 99
7 2 28
7 3 46
7 4 17
7 5 85
7 6 82
7 7 54
7 8 1
7 9 51
7 10 19
7 11 87
7 12 54
7 13 61
7 14 29
7 15 9
7 16 27
7 17 15
7 18 43
7 19 80
7 20 55
8 1 65
8 2 42
8 3 74
8 4 26
8 5 16
8 6 84
8 7 93
8 8 66
8 9 39
8 10 17
8 11 57
8 12 80
8 13 94
8 14 5
8 15 14
8 16 58
8 17 66
8 18 82
8 19 77
8 20 30
9 1 46
9 2 43
9 3 55
9 4 90
9 5 63
9 6 74
9 7 45
9 8 53
9 9 88
9 10 94
9 11 30
9 12 69
9 13 24
9 14 33
9 15 47
9 16 60
9 17 7
9 18 28
9 19 46
9 20 37
10 1 86
10 2 4
10 3 21
10 4 48
10 5 36
10 6 19
10 7 39
10 8 80
10 9 13
10 10 91
10 11 30
10 12 19
10 13 25
10 14 74
10 15 94
10 16 68
10 17 94
10 18 6
10 19 7
10 20 86
11 1 97
11 2 3
11 3 31
11 4 19
11 5 79
11 6 5
11 7 19
11 8 50
11 9 38
11 10 67
11 11 57
11 12 4
11 13 92
11 14 13
11 15 51
11 16 79
11 17 75
11 18 12
11 19 22
11 20 57
12 1 60
12 2 3
12 3 5
12 4 8
12 5 87
12 6 87
12 7 96
12 8 31
12 9 28
12 10 10
12 11 64
12 12 96
12 13 78
12 14 49
12 15 20
12 16 84
12 17 40
12 18 10
12 19 33
12 20 19
13 1 96
13 2 15
13 3 89
13 4 17
13 5 69
13 6 72
13 7 14
13 8 91
13 9 1
13 10 65
13 11 69
13 12 75
13 13 42
13 14 27
13 15 34
13 16 41
13 17 26
13 18 32
13 19 64
13 20 20
14 1 27
14 2 95
14 3 83
14 4 26
14 5 13
14 6 91
14 7 11
14 8 55
14 9 1
14 10 78
14 11 55
14 12 92
14 13 12
14 14 16
14 15 50
14 16 6
14 17 22
14 18 78
14 19 72
14 20 55
15 1 16
15 2 1
15 3 56
15 4 95
15 5 4
15 6 17
15 7 37
15 8 41
15 9 95
15 10 21
15 11 15
15 12 6
15 13 97
15 14 80
15 15 100
15 16 24
15 17 12
15 18 81
15 19 33
15 20 58
16 1 26
16 2 74
16 3 4
16 4 74
16 5 71
16 6 51
16 7 70
16 8 97
16 9 70
16 10 32
16 11 77
16 12 28
16 13 42
16 14 35
16 15 6
16 16 42
16 17 81
16 18 5
16 19 2
16 20 71
17 1 64
17 2 98
17 3 73
17 4 18
17 5 68
17 6 2
17 7 32
17 8 4
17 9 19
17 10 21
17 11 38
17 12 51
17 13 28
17 14 26
17 15 8
17 16 57
17 17 89
17 18 60
17 19 37
17 20 93
18 1 48
18 2 49
18 3 25
18 4 17
18 5 51
18 6 57
18 7 86
18 8 10
18 9 8
18 10 78
18 11 1
18 12 64
18 13 64
18 14 39
18 15 46
18 16 84
18 17 2
18 18 77
18 19 27
18 20 47
19 1 29
19 2 99
19 3 89
19 4 94
19 5 35
19 6 40
19 7 52
19 8 34
19 9 3
19 10 1
19 11 12
19 12 69
19 13 95
19 14 67
19 15 40
19 16 89
19 17 20
19 18 20
19 19 72
19 20 79
20 1 16
20 2 90
20 3 82
20 4 55
20 5 38
20 6 45
20 7 18
20 8 83
20 9 8
20 10 55
20 11 30
20 12 31
20 13 71
20 14 11
20 15 69
20 16 85
20 17 74
20 18 24
20 19 92
20 20 3
