1 1 -1
1 2 13
1 3 6
1 4 6
1 5 11
1 6 8
1 7 9
1 8 14
1 9 3
1 10 13
1 11 12
1 12 8
1 13 12
1 14 6
1 15 2
2 1 13
2 2 -1
2 3 9
2 4 13
2 5 5
2 6 5
2 7 5
2 8 5
2 9 15
2 10 8
2 11 5
2 12 5
2 13 4
2 14 15
2 15 15
3 1 6
3 2 9
3 3 -1
3 4 4
3 5 6
3 6 4
3 7 8
3 8 9
3 9 6
3 10 13
3 11 12
3 12 7
3 13 7
3 14 12
3 15 8
4 1 6
4 2 13
4 3 4
4 4 -1
4 5 10
4 6 8
4 7 12
4 8 13
4 9 3
4 10 17
4 11 15
4 12 10
4 13 11
4 14 12
4 15 7
5 1 11
5 2 5
5 3 6
5 4 10
5 5 -1
5 6 2
5 7 8
5 8 3
5 9 12
5 10 13
5 11 10
5 12 7
5 13 1
5 14 16
5 15 13
6 1 8
6 2 5
6 3 4
6 4 8
6 5 2
6 6 -1
6 7 6
6 8 5
6 9 10
6 10 11
6 11 8
6 12 5
6 13 3
6 14 13
6 15 11
7 1 9
7 2 5
7 3 8
7 4 12
7 5 8
7 6 6
7 7 -1
7 8 8
7 9 12
7 10 5
7 11 3
7 12 1
7 13 7
7 14 10
7 15 11
8 1 14
8 2 5
8 3 9
8 4 13
8 5 3
8 6 5
8 7 8
8 8 -1
8 9 15
8 10 13
8 11 10
8 12 8
8 13 2
8 14 18
8 15 16
9 1 3
9 2 15
9 3 6
9 4 3
9 5 12
9 6 10
9 7 12
9 8 15
9 9 -1
9 10 16
9 11 15
9 12 10
9 13 13
9 14 9
9 15 4
10 1 13
10 2 8
10 3 13
10 4 17
10 5 13
10 6 11
10 7 5
10 8 13
10 9 16
10 10 -1
10 11 3
10 12 6
10 13 12
10 14 12
10 15 14
11 1 12
11 2 5
11 3 12
11 4 15
11 5 10
11 6 8
11 7 3
11 8 10
11 9 15
11 10 3
11 11 -1
11 12 5
11 13 9
11 14 13
11 15 14
12 1 8
12 2 5
12 3 7
12 4 10
12 5 7
12 6 5
12 7 1
12 8 8
12 9 10
12 10 6
12 11 5
12 12 -1
12 13 6
12 14 10
12 15 10
13 1 12
13 2 4
13 3 7
13 4 11
13 5 1
13 6 3
13 7 7
13 8 2
13 9 13
13 10 12
13 11 9
13 12 6
13 13 -1
13 14 16
13 15 14
14 1 6
14 2 15
14 3 12
14 4 12
14 5 16
14 6 13
14 7 10
14 8 18
14 9 9
14 10 12
14 11 13
14 12 10
14 13 16
14 14 -1
14 15 5
15 1 2
15 2 15
15 3 8
15 4 7
15 5 13
15 6 11
15 7 11
15 8 16
15 9 4
15 10 14
15 11 14
15 12 10
15 13 14
15 14 5
15 15 -1
