1 1 -1
1 2 32
1 3 41
1 4 38
1 5 36
1 6 30
1 7 7
1 8 30
1 9 28
1 10 28
1 11 48
1 12 12
1 13 25
1 14 42
1 15 10
1 16 34
1 17 6
1 18 10
1 19 28
1 20 18
1 21 31
1 22 12
1 23 36
1 24 25
1 25 42
1 26 32
1 27 17
1 28 35
1 29 31
1 30 18
1 31 19
1 32 32
1 33 49
1 34 7
1 35 12
1 36 28
1 37 48
1 38 45
1 39 18
1 40 47
1 41 32
1 42 22
1 43 13
1 44 19
1 45 19
1 46 18
1 47 9
1 48 37
1 49 34
1 50 21
1 51 15
1 52 47
1 53 8
1 54 34
1 55 46
1 56 24
1 57 20
1 58 13
1 59 42
1 60 36
1 61 45
1 62 27
1 63 33
1 64 43
1 65 28
2 1 32
2 2 -1
2 3 45
2 4 22
2 5 58
2 6 47
2 7 35
2 8 61
2 9 7
2 10 45
2 11 38
2 12 35
2 13 57
2 14 24
2 15 32
2 16 56
2 17 35
2 18 31
2 19 4
2 20 16
2 21 29
2 22 35
2 23 24
2 24 55
2 25 26
2 26 53
2 27 32
2 28 50
2 29 11
2 30 33
2 31 30
2 32 27
2 33 35
2 34 26
2 35 22
2 36 54
2 37 65
2 38 55
2 39 49
2 40 24
2 41 32
2 42 29
2 43 30
2 44 46
2 45 14
2 46 21
2 47 28
2 48 21
2 49 15
2 50 53
2 51 25
2 52 21
2 53 32
2 54 28
2 55 34
2 56 16
2 57 35
2 58 33
2 59 11
2 60 26
2 61 52
2 62 18
2 63 35
2 64 36
2 65 52
3 1 41
3 2 45
3 3 -1
3 4 65
3 5 28
3 6 17
3 7 48
3 8 63
3 9 38
3 10 18
3 11 19
3 12 53
3 13 55
3 14 28
3 15 31
3 16 26
3 17 47
3 18 50
3 19 41
3 20 34
3 21 65
3 22 29
3 23 23
3 24 62
3 25 69
3 26 24
3 27 24
3 28 14
3 29 34
3 30 57
3 31 57
3 32 65
3 33 24
3 34 36
3 35 33
3 36 33
3 37 24
3 38 11
3 39 55
3 40 35
3 41 12
3 42 59
3 43 52
3 44 32
3 45 36
3 46 51
3 47 32
3 48 64
3 49 58
3 50 49
3 51 27
3 52 40
3 53 33
3 54 17
3 55 21
3 56 29
3 57 21
3 58 53
3 59 46
3 60 20
3 61 7
3 62 56
3 63 10
3 64 14
3 65 28
4 1 38
4 2 22
4 3 65
4 4 -1
4 5 72
4 6 63
4 7 37
4 8 60
4 9 28
4 10 61
4 11 60
4 12 33
4 13 60
4 14 47
4 15 43
4 16 70
4 17 37
4 18 31
4 19 24
4 20 31
4 21 13
4 22 47
4 23 46
4 24 52
4 25 4
4 26 67
4 27 46
4 28 67
4 29 33
4 30 27
4 31 23
4 32 10
4 33 58
4 34 35
4 35 34
4 36 65
4 37 82
4 38 74
4 39 49
4 40 46
4 41 53
4 42 20
4 43 28
4 44 56
4 45 29
4 46 19
4 47 39
4 48 1
4 49 7
4 50 57
4 51 40
4 52 42
4 53 42
4 54 50
4 55 57
4 56 36
4 57 51
4 58 31
4 59 30
4 60 48
4 61 72
4 62 10
4 63 55
4 64 58
4 65 65
5 1 36
5 2 58
5 3 28
5 4 72
5 5 -1
5 6 13
5 7 40
5 8 44
5 9 51
5 10 14
5 11 47
5 12 47
5 13 35
5 14 51
5 15 28
5 16 2
5 17 40
5 18 46
5 19 54
5 20 43
5 21 67
5 22 25
5 23 45
5 24 46
5 25 76
5 26 5
5 27 26
5 28 13
5 29 50
5 30 54
5 31 55
5 32 68
5 33 51
5 34 36
5 35 38
5 36 10
5 37 16
5 38 22
5 39 40
5 40 59
5 41 33
5 42 58
5 43 49
5 44 17
5 45 45
5 46 53
5 47 32
5 48 71
5 49 67
5 50 30
5 51 33
5 52 63
5 53 30
5 54 39
5 55 47
5 56 42
5 57 22
5 58 48
5 59 64
5 60 42
5 61 26
5 62 61
5 63 30
5 64 40
5 65 7
6 1 30
6 2 47
6 3 17
6 4 63
6 5 13
6 6 -1
6 7 36
6 8 47
6 9 39
6 10 2
6 11 34
6 12 42
6 13 38
6 14 38
6 15 21
6 16 11
6 17 35
6 18 40
6 19 42
6 20 32
6 21 60
6 22 17
6 23 32
6 24 48
6 25 67
6 26 8
6 27 16
6 28 5
6 29 38
6 30 48
6 31 49
6 32 60
6 33 38
6 34 28
6 35 28
6 36 16
6 37 19
6 38 16
6 39 41
6 40 46
6 41 20
6 42 52
6 43 43
6 44 16
6 45 34
6 46 45
6 47 24
6 48 62
6 49 57
6 50 33
6 51 22
6 52 50
6 53 22
6 54 26
6 55 34
6 56 30
6 57 12
6 58 43
6 59 52
6 60 29
6 61 17
6 62 53
6 63 17
6 64 28
6 65 11
7 1 7
7 2 35
7 3 48
7 4 37
7 5 40
7 6 36
7 7 -1
7 8 25
7 9 32
7 10 34
7 11 55
7 12 6
7 13 23
7 14 48
7 15 17
7 16 39
7 17 1
7 18 6
7 19 32
7 20 23
7 21 28
7 22 19
7 23 43
7 24 19
7 25 41
7 26 37
7 27 24
7 28 41
7 29 36
7 30 13
7 31 16
7 32 30
7 33 56
7 34 13
7 35 18
7 36 31
7 37 54
7 38 52
7 39 13
7 40 53
7 41 40
7 42 19
7 43 9
7 44 23
7 45 24
7 46 18
7 47 16
7 48 37
7 49 35
7 50 20
7 51 22
7 52 53
7 53 15
7 54 41
7 55 53
7 56 30
7 57 27
7 58 7
7 59 46
7 60 42
7 61 52
7 62 27
7 63 40
7 64 50
7 65 33
8 1 30
8 2 61
8 3 63
8 4 60
8 5 44
8 6 47
8 7 25
8 8 -1
8 9 57
8 10 45
8 11 75
8 12 27
8 13 9
8 14 71
8 15 36
8 16 44
8 17 25
8 18 30
8 19 58
8 20 48
8 21 48
8 22 36
8 23 65
8 24 8
8 25 63
8 26 43
8 27 42
8 28 52
8 29 61
8 30 33
8 31 37
8 32 51
8 33 77
8 34 37
8 35 42
8 36 34
8 37 60
8 38 63
8 39 12
8 40 77
8 41 59
8 42 40
8 43 32
8 44 31
8 45 49
8 46 42
8 47 38
8 48 60
8 49 59
8 50 14
8 51 43
8 52 77
8 53 34
8 54 62
8 55 74
8 56 54
8 57 43
8 58 29
8 59 72
8 60 64
8 61 65
8 62 50
8 63 58
8 64 69
8 65 38
9 1 28
9 2 7
9 3 38
9 4 28
9 5 51
9 6 39
9 7 32
9 8 57
9 9 -1
9 10 38
9 11 32
9 12 33
9 13 53
9 14 20
9 15 26
9 16 49
9 17 32
9 18 29
9 19 3
9 20 10
9 21 33
9 22 29
9 23 18
9 24 52
9 25 32
9 26 46
9 27 25
9 28 42
9 29 6
9 30 33
9 31 30
9 32 31
9 33 31
9 34 21
9 35 16
9 36 48
9 37 57
9 38 48
9 39 46
9 40 21
9 41 25
9 42 30
9 43 29
9 44 40
9 45 8
9 46 21
9 47 22
9 48 27
9 49 21
9 50 49
9 51 19
9 52 20
9 53 26
9 54 21
9 55 29
9 56 9
9 57 28
9 58 32
9 59 14
9 60 20
9 61 45
9 62 22
9 63 28
9 64 30
9 65 45
10 1 28
10 2 45
10 3 18
10 4 61
10 5 14
10 6 2
10 7 34
10 8 45
10 9 38
10 10 -1
10 11 34
10 12 40
10 13 37
10 14 37
10 15 18
10 16 12
10 17 33
10 18 38
10 19 41
10 20 30
10 21 57
10 22 15
10 23 31
10 24 46
10 25 65
10 26 9
10 27 14
10 28 7
10 29 36
10 30 46
10 31 47
10 32 58
10 33 38
10 34 26
10 35 26
10 36 15
10 37 21
10 38 18
10 39 39
10 40 45
10 41 19
10 42 49
10 43 41
10 44 14
10 45 32
10 46 43
10 47 22
10 48 60
10 49 55
10 50 31
10 51 20
10 52 49
10 53 20
10 54 25
10 55 34
10 56 29
10 57 10
10 58 41
10 59 50
10 60 28
10 61 19
10 62 50
10 63 17
10 64 28
10 65 10
11 1 48
11 2 38
11 3 19
11 4 60
11 5 47
11 6 34
11 7 55
11 8 75
11 9 32
11 10 34
11 11 -1
11 12 58
11 13 68
11 14 14
11 15 39
11 16 45
11 17 54
11 18 55
11 19 36
11 20 35
11 21 65
11 22 39
11 23 14
11 24 73
11 25 64
11 26 42
11 27 33
11 28 33
11 29 26
11 30 61
11 31 60
11 32 63
11 33 5
11 34 42
11 35 37
11 36 50
11 37 43
11 38 30
11 39 65
11 40 20
11 41 16
11 42 61
11 43 56
11 44 46
11 45 36
11 46 52
11 47 39
11 48 59
11 49 53
11 50 62
11 51 33
11 52 25
11 53 41
11 54 13
11 55 3
11 56 27
11 57 32
11 58 58
11 59 35
11 60 13
11 61 25
11 62 54
11 63 17
11 64 6
11 65 45
12 1 12
12 2 35
12 3 53
12 4 33
12 5 47
12 6 42
12 7 6
12 8 27
12 9 33
12 10 40
12 11 58
12 12 -1
12 13 27
12 14 50
12 15 22
12 16 46
12 17 7
12 18 3
12 19 32
12 20 25
12 21 22
12 22 25
12 23 46
12 24 20
12 25 36
12 26 43
12 27 29
12 28 47
12 29 38
12 30 7
12 31 10
12 32 24
12 33 59
12 34 17
12 35 21
12 36 38
12 37 60
12 38 57
12 39 16
12 40 54
12 41 44
12 42 13
12 43 5
12 44 30
12 45 25
12 46 14
12 47 21
12 48 33
12 49 31
12 50 25
12 51 26
12 52 53
12 53 20
12 54 45
12 55 56
12 56 33
12 57 32
12 58 2
12 59 46
12 60 46
12 61 57
12 62 23
12 63 45
12 64 53
12 65 39
13 1 25
13 2 57
13 3 55
13 4 60
13 5 35
13 6 38
13 7 23
13 8 9
13 9 53
13 10 37
13 11 68
13 12 27
13 13 -1
13 14 65
13 15 29
13 16 35
13 17 23
13 18 29
13 19 54
13 20 43
13 21 49
13 22 29
13 23 59
13 24 13
13 25 63
13 26 34
13 27 35
13 28 43
13 29 56
13 30 33
13 31 37
13 32 51
13 33 70
13 34 32
13 35 37
13 36 25
13 37 51
13 38 54
13 39 11
13 40 71
13 41 52
13 42 40
13 43 32
13 44 22
13 45 44
13 46 41
13 47 32
13 48 60
13 49 58
13 50 5
13 51 37
13 52 72
13 53 28
13 54 55
13 55 67
13 56 49
13 57 35
13 58 29
13 59 68
13 60 57
13 61 56
13 62 50
13 63 51
13 64 62
13 65 29
14 1 42
14 2 24
14 3 28
14 4 47
14 5 51
14 6 38
14 7 48
14 8 71
14 9 20
14 10 37
14 11 14
14 12 50
14 13 65
14 14 -1
14 15 35
14 16 49
14 17 47
14 18 46
14 19 23
14 20 25
14 21 53
14 22 36
14 23 6
14 24 67
14 25 50
14 26 46
14 27 30
14 28 39
14 29 14
14 30 51
14 31 49
14 32 51
14 33 11
14 34 35
14 35 29
14 36 51
14 37 51
14 38 39
14 39 60
14 40 8
14 41 18
14 42 50
14 43 47
14 44 46
14 45 25
14 46 41
14 47 33
14 48 46
14 49 39
14 50 59
14 51 27
14 52 12
14 53 36
14 54 12
14 55 10
14 56 17
14 57 31
14 58 49
14 59 20
14 60 9
14 61 35
14 62 42
14 63 21
14 64 15
14 65 47
15 1 10
15 2 32
15 3 31
15 4 43
15 5 28
15 6 21
15 7 17
15 8 36
15 9 26
15 10 18
15 11 39
15 12 22
15 13 29
15 14 35
15 15 -1
15 16 27
15 17 16
15 18 19
15 19 28
15 20 16
15 21 39
15 22 3
15 23 29
15 24 33
15 25 47
15 26 24
15 27 7
15 28 25
15 29 27
15 30 27
15 31 28
15 32 39
15 33 41
15 34 7
15 35 10
15 36 22
15 37 40
15 38 35
15 39 25
15 40 41
15 41 23
15 42 31
15 43 22
15 44 14
15 45 18
15 46 24
15 47 4
15 48 43
15 49 38
15 50 24
15 51 8
15 52 43
15 53 2
15 54 26
15 55 38
15 56 19
15 57 10
15 58 22
15 59 40
15 60 28
15 61 35
15 62 33
15 63 23
15 64 34
15 65 21
16 1 34
16 2 56
16 3 26
16 4 70
16 5 2
16 6 11
16 7 39
16 8 44
16 9 49
16 10 12
16 11 45
16 12 46
16 13 35
16 14 49
16 15 27
16 16 -1
16 17 38
16 18 44
16 19 52
16 20 41
16 21 65
16 22 23
16 23 43
16 24 46
16 25 74
16 26 3
16 27 24
16 28 12
16 29 48
16 30 52
16 31 54
16 32 66
16 33 49
16 34 35
16 35 36
16 36 10
16 37 16
16 38 21
16 39 40
16 40 57
16 41 31
16 42 57
16 43 48
16 44 16
16 45 43
16 46 51
16 47 31
16 48 70
16 49 65
16 50 30
16 51 31
16 52 61
16 53 28
16 54 37
16 55 45
16 56 40
16 57 20
16 58 47
16 59 62
16 60 40
16 61 24
16 62 60
16 63 28
16 64 39
16 65 6
17 1 6
17 2 35
17 3 47
17 4 37
17 5 40
17 6 35
17 7 1
17 8 25
17 9 32
17 10 33
17 11 54
17 12 7
17 13 23
17 14 47
17 15 16
17 16 38
17 17 -1
17 18 6
17 19 32
17 20 22
17 21 28
17 22 18
17 23 42
17 24 20
17 25 41
17 26 36
17 27 23
17 28 40
17 29 36
17 30 14
17 31 16
17 32 30
17 33 55
17 34 12
17 35 18
17 36 31
17 37 53
17 38 51
17 39 13
17 40 52
17 41 39
17 42 19
17 43 10
17 44 22
17 45 23
17 46 18
17 47 15
17 48 37
17 49 35
17 50 20
17 51 21
17 52 52
17 53 14
17 54 40
17 55 52
17 56 30
17 57 26
17 58 8
17 59 46
17 60 42
17 61 51
17 62 27
17 63 39
17 64 49
17 65 32
18 1 10
18 2 31
18 3 50
18 4 31
18 5 46
18 6 40
18 7 6
18 8 30
18 9 29
18 10 38
18 11 55
18 12 3
18 13 29
18 14 46
18 15 19
18 16 44
18 17 6
18 18 -1
18 19 29
18 20 21
18 21 21
18 22 22
18 23 42
18 24 23
18 25 34
18 26 42
18 27 26
18 28 45
18 29 34
18 30 8
18 31 10
18 32 23
18 33 55
18 34 14
18 35 18
18 36 37
18 37 59
18 38 55
18 39 18
18 40 51
18 41 41
18 42 13
18 43 3
18 44 29
18 45 21
18 46 12
18 47 18
18 48 31
18 49 29
18 50 26
18 51 23
18 52 50
18 53 18
18 54 41
18 55 53
18 56 29
18 57 30
18 58 3
18 59 42
18 60 42
18 61 55
18 62 21
18 63 42
18 64 50
18 65 38
19 1 28
19 2 4
19 3 41
19 4 24
19 5 54
19 6 42
19 7 32
19 8 58
19 9 3
19 10 41
19 11 36
19 12 32
19 13 54
19 14 23
19 15 28
19 16 52
19 17 32
19 18 29
19 19 -1
19 20 12
19 21 30
19 22 31
19 23 22
19 24 52
19 25 28
19 26 49
19 27 27
19 28 46
19 29 9
19 30 31
19 31 28
19 32 28
19 33 34
19 34 22
19 35 18
19 36 50
19 37 61
19 38 51
19 39 46
19 40 24
19 41 29
19 42 28
19 43 28
19 44 42
19 45 10
19 46 19
19 47 24
19 48 23
19 49 17
19 50 50
19 51 21
19 52 21
19 53 28
19 54 25
19 55 32
19 56 12
19 57 31
19 58 31
19 59 13
19 60 24
19 61 48
19 62 19
19 63 31
19 64 34
19 65 48
20 1 18
20 2 16
20 3 34
20 4 31
20 5 43
20 6 32
20 7 23
20 8 48
20 9 10
20 10 30
20 11 35
20 12 25
20 13 43
20 14 25
20 15 16
20 16 41
20 17 22
20 18 21
20 19 12
20 20 -1
20 21 31
20 22 19
20 23 21
20 24 43
20 25 35
20 26 38
20 27 16
20 28 36
20 29 13
20 30 26
20 31 25
20 32 30
20 33 34
20 34 11
20 35 6
20 36 38
20 37 51
20 38 43
20 39 36
20 40 29
20 41 23
20 42 26
20 43 22
20 44 30
20 45 2
20 46 17
20 47 12
20 48 30
20 49 24
20 50 38
20 51 9
20 52 29
20 53 16
20 54 22
20 55 32
20 56 8
20 57 20
20 58 24
20 59 25
20 60 22
20 61 41
20 62 21
20 63 25
20 64 31
20 65 36
21 1 31
21 2 29
21 3 65
21 4 13
21 5 67
21 6 60
21 7 28
21 8 48
21 9 33
21 10 57
21 11 65
21 12 22
21 13 49
21 14 53
21 15 39
21 16 65
21 17 28
21 18 21
21 19 30
21 20 31
21 21 -1
21 22 42
21 23 51
21 24 40
21 25 15
21 26 62
21 27 44
21 28 64
21 29 39
21 30 15
21 31 12
21 32 3
21 33 64
21 34 31
21 35 32
21 36 59
21 37 79
21 38 73
21 39 37
21 40 53
21 41 54
21 42 8
21 43 18
21 44 50
21 45 29
21 46 14
21 47 35
21 48 14
21 49 17
21 50 47
21 51 38
21 52 50
21 53 37
21 54 52
21 55 62
21 56 38
21 57 48
21 58 20
21 59 39
21 60 52
21 61 72
21 62 11
21 63 56
21 64 61
21 65 59
22 1 12
22 2 35
22 3 29
22 4 47
22 5 25
22 6 17
22 7 19
22 8 36
22 9 29
22 10 15
22 11 39
22 12 25
22 13 29
22 14 36
22 15 3
22 16 23
22 17 18
22 18 22
22 19 31
22 20 19
22 21 42
22 22 -1
22 23 30
22 24 34
22 25 51
22 26 20
22 27 6
22 28 22
22 29 29
22 30 30
22 31 31
22 32 43
22 33 41
22 34 11
22 35 13
22 36 19
22 37 36
22 38 32
22 39 26
22 40 43
22 41 23
22 42 34
22 43 25
22 44 11
22 45 21
22 46 28
22 47 7
22 48 46
22 49 42
22 50 23
22 51 10
22 52 45
22 53 5
22 54 26
22 55 38
22 56 21
22 57 8
22 58 25
22 59 43
22 60 29
22 61 33
22 62 36
22 63 22
22 64 33
22 65 17
23 1 36
23 2 24
23 3 23
23 4 46
23 5 45
23 6 32
23 7 43
23 8 65
23 9 18
23 10 31
23 11 14
23 12 46
23 13 59
23 14 6
23 15 29
23 16 43
23 17 42
23 18 42
23 19 22
23 20 21
23 21 51
23 22 30
23 23 -1
23 24 62
23 25 50
23 26 40
23 27 24
23 28 33
23 29 13
23 30 48
23 31 46
23 32 49
23 33 13
23 34 30
23 35 24
23 36 45
23 37 46
23 38 34
23 39 55
23 40 14
23 41 12
23 42 47
23 43 43
23 44 39
23 45 22
23 46 38
23 47 27
23 48 45
23 49 39
23 50 53
23 51 22
23 52 18
23 53 31
23 54 6
23 55 11
23 56 13
23 57 25
23 58 45
23 59 23
23 60 3
23 61 30
23 62 40
23 63 15
23 64 12
23 65 41
24 1 25
24 2 55
24 3 62
24 4 52
24 5 46
24 6 48
24 7 19
24 8 8
24 9 52
24 10 46
24 11 73
24 12 20
24 13 13
24 14 67
24 15 33
24 16 46
24 17 20
24 18 23
24 19 52
24 20 43
24 21 40
24 22 34
24 23 62
24 24 -1
24 25 55
24 26 45
24 27 40
24 28 53
24 29 56
24 30 25
24 31 29
24 32 43
24 33 74
24 34 32
24 35 38
24 36 36
24 37 62
24 38 64
24 39 7
24 40 72
24 41 57
24 42 32
24 43 25
24 44 32
24 45 43
24 46 35
24 47 34
24 48 52
24 49 51
24 50 16
24 51 40
24 52 72
24 53 31
24 54 60
24 55 71
24 56 50
24 57 42
24 58 22
24 59 66
24 60 61
24 61 65
24 62 43
24 63 57
24 64 67
24 65 40
25 1 42
25 2 26
25 3 69
25 4 4
25 5 76
25 6 67
25 7 41
25 8 63
25 9 32
25 10 65
25 11 64
25 12 36
25 13 63
25 14 50
25 15 47
25 16 74
25 17 41
25 18 34
25 19 28
25 20 35
25 21 15
25 22 51
25 23 50
25 24 55
25 25 -1
25 26 71
25 27 51
25 28 71
25 29 37
25 30 30
25 31 26
25 32 12
25 33 62
25 34 39
25 35 39
25 36 69
25 37 86
25 38 78
25 39 52
25 40 49
25 41 57
25 42 23
25 43 31
25 44 60
25 45 33
25 46 23
25 47 43
25 48 5
25 49 11
25 50 61
25 51 44
25 52 45
25 53 46
25 54 54
25 55 61
25 56 40
25 57 55
25 58 34
25 59 33
25 60 52
25 61 76
25 62 14
25 63 59
25 64 62
25 65 69
26 1 32
26 2 53
26 3 24
26 4 67
26 5 5
26 6 8
26 7 37
26 8 43
26 9 46
26 10 9
26 11 42
26 12 43
26 13 34
26 14 46
26 15 24
26 16 3
26 17 36
26 18 42
26 19 49
26 20 38
26 21 62
26 22 20
26 23 40
26 24 45
26 25 71
26 26 -1
26 27 21
26 28 10
26 29 45
26 30 50
26 31 51
26 32 63
26 33 47
26 34 32
26 35 33
26 36 9
26 37 17
26 38 20
26 39 38
26 40 54
26 41 28
26 42 54
26 43 45
26 44 13
26 45 40
26 46 48
26 47 28
26 48 67
26 49 62
26 50 29
26 51 28
26 52 58
26 53 25
26 54 34
26 55 43
26 56 37
26 57 17
26 58 44
26 59 59
26 60 37
26 61 23
26 62 57
26 63 26
26 64 36
26 65 5
27 1 17
27 2 32
27 3 24
27 4 46
27 5 26
27 6 16
27 7 24
27 8 42
27 9 25
27 10 14
27 11 33
27 12 29
27 13 35
27 14 30
27 15 7
27 16 24
27 17 23
27 18 26
27 19 27
27 20 16
27 21 44
27 22 6
27 23 24
27 24 40
27 25 51
27 26 21
27 27 -1
27 28 20
27 29 25
27 30 34
27 31 34
27 32 44
27 33 35
27 34 13
27 35 12
27 36 23
27 37 35
27 38 29
27 39 32
27 40 37
27 41 17
27 42 36
27 43 29
27 44 15
27 45 18
27 46 29
27 47 8
27 48 46
27 49 41
27 50 29
27 51 6
27 52 39
27 53 9
27 54 20
27 55 32
27 56 17
27 57 4
27 58 29
27 59 39
27 60 22
27 61 28
27 62 36
27 63 16
27 64 27
27 65 20
28 1 35
28 2 50
28 3 14
28 4 67
28 5 13
28 6 5
28 7 41
28 8 52
28 9 42
28 10 7
28 11 33
28 12 47
28 13 43
28 14 39
28 15 25
28 16 12
28 17 40
28 18 45
28 19 46
28 20 36
28 21 64
28 22 22
28 23 33
28 24 53
28 25 71
28 26 10
28 27 20
28 28 -1
28 29 40
28 30 53
28 31 54
28 32 64
28 33 37
28 34 33
28 35 32
28 36 19
28 37 15
28 38 11
28 39 46
28 40 47
28 41 21
28 42 56
28 43 48
28 44 21
28 45 38
28 46 50
28 47 28
28 48 66
28 49 61
28 50 37
28 51 26
28 52 51
28 53 27
28 54 27
28 55 34
28 56 33
28 57 16
28 58 48
28 59 54
28 60 30
28 61 13
28 62 57
28 63 18
28 64 27
28 65 14
29 1 31
29 2 11
29 3 34
29 4 33
29 5 50
29 6 38
29 7 36
29 8 61
29 9 6
29 10 36
29 11 26
29 12 38
29 13 56
29 14 14
29 15 27
29 16 48
29 17 36
29 18 34
29 19 9
29 20 13
29 21 39
29 22 29
29 23 13
29 24 56
29 25 37
29 26 45
29 27 25
29 28 40
29 29 -1
29 30 38
29 31 36
29 32 37
29 33 25
29 34 24
29 35 18
29 36 48
29 37 55
29 38 44
29 39 49
29 40 16
29 41 21
29 42 36
29 43 34
29 44 40
29 45 12
29 46 27
29 47 24
29 48 32
29 49 26
29 50 51
29 51 19
29 52 16
29 53 28
29 54 17
29 55 23
29 56 8
29 57 28
29 58 36
29 59 14
29 60 15
29 61 41
29 62 28
29 63 24
29 64 25
29 65 45
30 1 18
30 2 33
30 3 57
30 4 27
30 5 54
30 6 48
30 7 13
30 8 33
30 9 33
30 10 46
30 11 61
30 12 7
30 13 33
30 14 51
30 15 27
30 16 52
30 17 14
30 18 8
30 19 31
30 20 26
30 21 15
30 22 30
30 23 48
30 24 25
30 25 30
30 26 50
30 27 34
30 28 53
30 29 38
30 30 -1
30 31 4
30 32 18
30 33 61
30 34 21
30 35 25
30 36 45
30 37 67
30 38 63
30 39 22
30 40 55
30 41 48
30 42 7
30 43 5
30 44 36
30 45 26
30 46 12
30 47 25
30 48 27
30 49 26
30 50 32
30 51 30
30 52 53
30 53 26
30 54 48
30 55 59
30 56 34
30 57 37
30 58 5
30 59 44
30 60 48
30 61 63
30 62 18
30 63 49
30 64 57
30 65 46
31 1 19
31 2 30
31 3 57
31 4 23
31 5 55
31 6 49
31 7 16
31 8 37
31 9 30
31 10 47
31 11 60
31 12 10
31 13 37
31 14 49
31 15 28
31 16 54
31 17 16
31 18 10
31 19 28
31 20 25
31 21 12
31 22 31
31 23 46
31 24 29
31 25 26
31 26 51
31 27 34
31 28 54
31 29 36
31 30 4
31 31 -1
31 32 14
31 33 59
31 34 21
31 35 24
31 36 47
31 37 68
31 38 64
31 39 26
31 40 52
31 41 47
31 42 3
31 43 6
31 44 38
31 45 24
31 46 8
31 47 26
31 48 23
31 49 22
31 50 35
31 51 29
31 52 50
31 53 26
31 54 47
31 55 57
31 56 33
31 57 38
31 58 8
31 59 41
31 60 47
31 61 63
31 62 14
31 63 48
31 64 56
31 65 48
32 1 32
32 2 27
32 3 65
32 4 10
32 5 68
32 6 60
32 7 30
32 8 51
32 9 31
32 10 58
32 11 63
32 12 24
32 13 51
32 14 51
32 15 39
32 16 66
32 17 30
32 18 23
32 19 28
32 20 30
32 21 3
32 22 43
32 23 49
32 24 43
32 25 12
32 26 63
32 27 44
32 28 64
32 29 37
32 30 18
32 31 14
32 32 -1
32 33 62
32 34 31
32 35 32
32 36 60
32 37 79
32 38 73
32 39 40
32 40 51
32 41 53
32 42 11
32 43 20
32 44 51
32 45 28
32 46 14
32 47 36
32 48 10
32 49 13
32 50 50
32 51 38
32 52 48
32 53 38
32 54 51
32 55 60
32 56 37
32 57 48
32 58 22
32 59 37
32 60 50
32 61 71
32 62 9
32 63 55
32 64 60
32 65 60
33 1 49
33 2 35
33 3 24
33 4 58
33 5 51
33 6 38
33 7 56
33 8 77
33 9 31
33 10 38
33 11 5
33 12 59
33 13 70
33 14 11
33 15 41
33 16 49
33 17 55
33 18 55
33 19 34
33 20 34
33 21 64
33 22 41
33 23 13
33 24 74
33 25 62
33 26 47
33 27 35
33 28 37
33 29 25
33 30 61
33 31 59
33 32 62
33 33 -1
33 34 42
33 35 37
33 36 53
33 37 48
33 38 35
33 39 67
33 40 15
33 41 19
33 42 60
33 43 57
33 44 49
33 45 35
33 46 51
33 47 40
33 48 57
33 49 51
33 50 65
33 51 34
33 52 21
33 53 43
33 54 15
33 55 3
33 56 26
33 57 35
33 58 58
33 59 31
33 60 13
33 61 30
33 62 53
33 63 21
33 64 10
33 65 49
34 1 7
34 2 26
34 3 36
34 4 35
34 5 36
34 6 28
34 7 13
34 8 37
34 9 21
34 10 26
34 11 42
34 12 17
34 13 32
34 14 35
34 15 7
34 16 35
34 17 12
34 18 14
34 19 22
34 20 11
34 21 31
34 22 11
34 23 30
34 24 32
34 25 39
34 26 32
34 27 13
34 28 33
34 29 24
34 30 21
34 31 21
34 32 31
34 33 42
34 34 -1
34 35 5
34 36 30
34 37 47
34 38 42
34 39 25
34 40 40
34 41 27
34 42 23
34 43 16
34 44 21
34 45 12
34 46 16
34 47 4
34 48 35
34 49 31
34 50 27
34 51 9
34 52 40
34 53 6
34 54 28
34 55 39
34 56 17
34 57 17
34 58 17
34 59 36
34 60 29
34 61 41
34 62 25
34 63 28
34 64 36
34 65 29
35 1 12
35 2 22
35 3 33
35 4 34
35 5 38
35 6 28
35 7 18
35 8 42
35 9 16
35 10 26
35 11 37
35 12 21
35 13 37
35 14 29
35 15 10
35 16 36
35 17 18
35 18 18
35 19 18
35 20 6
35 21 32
35 22 13
35 23 24
35 24 38
35 25 39
35 26 33
35 27 12
35 28 32
35 29 18
35 30 25
35 31 24
35 32 32
35 33 37
35 34 5
35 35 -1
35 36 32
35 37 47
35 38 40
35 39 31
35 40 34
35 41 23
35 42 25
35 43 20
35 44 24
35 45 8
35 46 17
35 47 6
35 48 34
35 49 29
35 50 32
35 51 5
35 52 35
35 53 10
35 54 23
35 55 34
35 56 12
35 57 16
35 58 21
35 59 31
35 60 24
35 61 39
35 62 24
35 63 24
35 64 32
35 65 31
36 1 28
36 2 54
36 3 33
36 4 65
36 5 10
36 6 16
36 7 31
36 8 34
36 9 48
36 10 15
36 11 50
36 12 38
36 13 25
36 14 51
36 15 22
36 16 10
36 17 31
36 18 37
36 19 50
36 20 38
36 21 59
36 22 19
36 23 45
36 24 36
36 25 69
36 26 9
36 27 23
36 28 19
36 29 48
36 30 45
36 31 47
36 32 60
36 33 53
36 34 30
36 35 32
36 36 -1
36 37 26
36 38 30
36 39 30
36 40 59
36 41 34
36 42 50
36 43 41
36 44 8
36 45 40
36 46 46
36 47 26
36 48 65
36 49 61
36 50 20
36 51 29
36 52 62
36 53 23
36 54 40
36 55 50
36 56 40
36 57 20
36 58 39
36 59 62
36 60 43
36 61 33
36 62 55
36 63 32
36 64 43
36 65 5
37 1 48
37 2 65
37 3 24
37 4 82
37 5 16
37 6 19
37 7 54
37 8 60
37 9 57
37 10 21
37 11 43
37 12 60
37 13 51
37 14 51
37 15 40
37 16 16
37 17 53
37 18 59
37 19 61
37 20 51
37 21 79
37 22 36
37 23 46
37 24 62
37 25 86
37 26 17
37 27 35
37 28 15
37 29 55
37 30 67
37 31 68
37 32 79
37 33 48
37 34 47
37 35 47
37 36 26
37 37 -1
37 38 13
37 39 56
37 40 59
37 41 34
37 42 71
37 43 62
37 44 31
37 45 53
37 46 64
37 47 43
37 48 81
37 49 76
37 50 46
37 51 41
37 52 64
37 53 41
37 54 40
37 55 45
37 56 48
37 57 31
37 58 61
37 59 68
37 60 43
37 61 18
37 62 72
37 63 31
37 64 38
37 65 22
38 1 45
38 2 55
38 3 11
38 4 74
38 5 22
38 6 16
38 7 52
38 8 63
38 9 48
38 10 18
38 11 30
38 12 57
38 13 54
38 14 39
38 15 35
38 16 21
38 17 51
38 18 55
38 19 51
38 20 43
38 21 73
38 22 32
38 23 34
38 24 64
38 25 78
38 26 20
38 27 29
38 28 11
38 29 44
38 30 63
38 31 64
38 32 73
38 33 35
38 34 42
38 35 40
38 36 30
38 37 13
38 38 -1
38 39 57
38 40 47
38 41 23
38 42 66
38 43 58
38 44 32
38 45 45
38 46 58
38 47 38
38 48 73
38 49 67
38 50 48
38 51 34
38 52 52
38 53 37
38 54 28
38 55 32
38 56 38
38 57 25
38 58 58
38 59 57
38 60 31
38 61 5
38 62 65
38 63 20
38 64 25
38 65 25
39 1 18
39 2 49
39 3 55
39 4 49
39 5 40
39 6 41
39 7 13
39 8 12
39 9 46
39 10 39
39 11 65
39 12 16
39 13 11
39 14 60
39 15 25
39 16 40
39 17 13
39 18 18
39 19 46
39 20 36
39 21 37
39 22 26
39 23 55
39 24 7
39 25 52
39 26 38
39 27 32
39 28 46
39 29 49
39 30 22
39 31 26
39 32 40
39 33 67
39 34 25
39 35 31
39 36 30
39 37 56
39 38 57
39 39 -1
39 40 65
39 41 49
39 42 29
39 43 21
39 44 25
39 45 37
39 46 30
39 47 27
39 48 49
39 49 47
39 50 12
39 51 33
39 52 66
39 53 24
39 54 52
39 55 64
39 56 43
39 57 34
39 58 18
39 59 60
39 60 54
39 61 58
39 62 39
39 63 49
39 64 59
39 65 33
40 1 47
40 2 24
40 3 35
40 4 46
40 5 59
40 6 46
40 7 53
40 8 77
40 9 21
40 10 45
40 11 20
40 12 54
40 13 71
40 14 8
40 15 41
40 16 57
40 17 52
40 18 51
40 19 24
40 20 29
40 21 53
40 22 43
40 23 14
40 24 72
40 25 49
40 26 54
40 27 37
40 28 47
40 29 16
40 30 55
40 31 52
40 32 51
40 33 15
40 34 40
40 35 34
40 36 59
40 37 59
40 38 47
40 39 65
40 40 -1
40 41 26
40 42 52
40 43 51
40 44 53
40 45 29
40 46 43
40 47 39
40 48 45
40 49 39
40 50 66
40 51 33
40 52 5
40 53 43
40 54 20
40 55 16
40 56 22
40 57 39
40 58 53
40 59 16
40 60 17
40 61 42
40 62 42
40 63 29
40 64 22
40 65 55
41 1 32
41 2 32
41 3 12
41 4 53
41 5 33
41 6 20
41 7 40
41 8 59
41 9 25
41 10 19
41 11 16
41 12 44
41 13 52
41 14 18
41 15 23
41 16 31
41 17 39
41 18 41
41 19 29
41 20 23
41 21 54
41 22 23
41 23 12
41 24 57
41 25 57
41 26 28
41 27 17
41 28 21
41 29 21
41 30 48
41 31 47
41 32 53
41 33 19
41 34 27
41 35 23
41 36 34
41 37 34
41 38 23
41 39 49
41 40 26
41 41 -1
41 42 48
41 43 43
41 44 30
41 45 24
41 46 40
41 47 23
41 48 52
41 49 46
41 50 46
41 51 18
41 52 30
41 53 25
41 54 6
41 55 15
41 56 16
41 57 16
41 58 44
41 59 34
41 60 9
41 61 19
41 62 44
41 63 3
41 64 10
41 65 30
42 1 22
42 2 29
42 3 59
42 4 20
42 5 58
42 6 52
42 7 19
42 8 40
42 9 30
42 10 49
42 11 61
42 12 13
42 13 40
42 14 50
42 15 31
42 16 57
42 17 19
42 18 13
42 19 28
42 20 26
42 21 8
42 22 34
42 23 47
42 24 32
42 25 23
42 26 54
42 27 36
42 28 56
42 29 36
42 30 7
42 31 3
42 32 11
42 33 60
42 34 23
42 35 25
42 36 50
42 37 71
42 38 66
42 39 29
42 40 52
42 41 48
42 42 -1
42 43 9
42 44 41
42 45 25
42 46 9
42 47 28
42 48 20
42 49 20
42 50 38
42 51 31
42 52 50
42 53 29
42 54 48
42 55 58
42 56 34
42 57 40
42 58 11
42 59 40
42 60 48
42 61 65
42 62 12
42 63 50
42 64 57
42 65 50
43 1 13
43 2 30
43 3 52
43 4 28
43 5 49
43 6 43
43 7 9
43 8 32
43 9 29
43 10 41
43 11 56
43 12 5
43 13 32
43 14 47
43 15 22
43 16 48
43 17 10
43 18 3
43 19 28
43 20 22
43 21 18
43 22 25
43 23 43
43 24 25
43 25 31
43 26 45
43 27 29
43 28 48
43 29 34
43 30 5
43 31 6
43 32 20
43 33 57
43 34 16
43 35 20
43 36 41
43 37 62
43 38 58
43 39 21
43 40 51
43 41 43
43 42 9
43 43 -1
43 44 32
43 45 21
43 46 9
43 47 20
43 48 28
43 49 26
43 50 29
43 51 25
43 52 50
43 53 21
43 54 43
43 55 54
43 56 30
43 57 32
43 58 3
43 59 41
43 60 43
43 61 57
43 62 18
43 63 44
43 64 52
43 65 41
44 1 19
44 2 46
44 3 32
44 4 56
44 5 17
44 6 16
44 7 23
44 8 31
44 9 40
44 10 14
44 11 46
44 12 30
44 13 22
44 14 46
44 15 14
44 16 16
44 17 22
44 18 29
44 19 42
44 20 30
44 21 50
44 22 11
44 23 39
44 24 32
44 25 60
44 26 13
44 27 15
44 28 21
44 29 40
44 30 36
44 31 38
44 32 51
44 33 49
44 34 21
44 35 24
44 36 8
44 37 31
44 38 32
44 39 25
44 40 53
44 41 30
44 42 41
44 43 32
44 44 -1
44 45 32
44 46 37
44 47 18
44 48 56
44 49 52
44 50 17
44 51 21
44 52 55
44 53 14
44 54 35
44 55 46
44 56 32
44 57 14
44 58 31
44 59 54
44 60 37
44 61 33
44 62 46
44 63 29
44 64 40
44 65 9
45 1 19
45 2 14
45 3 36
45 4 29
45 5 45
45 6 34
45 7 24
45 8 49
45 9 8
45 10 32
45 11 36
45 12 25
45 13 44
45 14 25
45 15 18
45 16 43
45 17 23
45 18 21
45 19 10
45 20 2
45 21 29
45 22 21
45 23 22
45 24 43
45 25 33
45 26 40
45 27 18
45 28 38
45 29 12
45 30 26
45 31 24
45 32 28
45 33 35
45 34 12
45 35 8
45 36 40
45 37 53
45 38 45
45 39 37
45 40 29
45 41 24
45 42 25
45 43 21
45 44 32
45 45 -1
45 46 16
45 47 14
45 48 28
45 49 22
45 50 40
45 51 12
45 52 29
45 53 18
45 54 23
45 55 33
45 56 9
45 57 22
45 58 24
45 59 23
45 60 23
45 61 43
45 62 20
45 63 26
45 64 32
45 65 38
46 1 18
46 2 21
46 3 51
46 4 19
46 5 53
46 6 45
46 7 18
46 8 42
46 9 21
46 10 43
46 11 52
46 12 14
46 13 41
46 14 41
46 15 24
46 16 51
46 17 18
46 18 12
46 19 19
46 20 17
46 21 14
46 22 28
46 23 38
46 24 35
46 25 23
46 26 48
46 27 29
46 28 50
46 29 27
46 30 12
46 31 8
46 32 14
46 33 51
46 34 16
46 35 17
46 36 46
46 37 64
46 38 58
46 39 30
46 40 43
46 41 40
46 42 9
46 43 9
46 44 37
46 45 16
46 46 -1
46 47 21
46 48 19
46 49 17
46 50 38
46 51 23
46 52 41
46 53 23
46 54 39
46 55 49
46 56 25
46 57 33
46 58 13
46 59 32
46 60 39
46 61 57
46 62 9
46 63 41
46 64 48
46 65 45
47 1 9
47 2 28
47 3 32
47 4 39
47 5 32
47 6 24
47 7 16
47 8 38
47 9 22
47 10 22
47 11 39
47 12 21
47 13 32
47 14 33
47 15 4
47 16 31
47 17 15
47 18 18
47 19 24
47 20 12
47 21 35
47 22 7
47 23 27
47 24 34
47 25 43
47 26 28
47 27 8
47 28 28
47 29 24
47 30 25
47 31 26
47 32 36
47 33 40
47 34 4
47 35 6
47 36 26
47 37 43
47 38 38
47 39 27
47 40 39
47 41 23
47 42 28
47 43 20
47 44 18
47 45 14
47 46 21
47 47 -1
47 48 39
47 49 34
47 50 27
47 51 5
47 52 40
47 53 4
47 54 25
47 55 37
47 56 16
47 57 12
47 58 21
47 59 36
47 60 26
47 61 37
47 62 29
47 63 24
47 64 33
47 65 25
48 1 37
48 2 21
48 3 64
48 4 1
48 5 71
48 6 62
48 7 37
48 8 60
48 9 27
48 10 60
48 11 59
48 12 33
48 13 60
48 14 46
48 15 43
48 16 70
48 17 37
48 18 31
48 19 23
48 20 30
48 21 14
48 22 46
48 23 45
48 24 52
48 25 5
48 26 67
48 27 46
48 28 66
48 29 32
48 30 27
48 31 23
48 32 10
48 33 57
48 34 35
48 35 34
48 36 65
48 37 81
48 38 73
48 39 49
48 40 45
48 41 52
48 42 20
48 43 28
48 44 56
48 45 28
48 46 19
48 47 39
48 48 -1
48 49 6
48 50 57
48 51 39
48 52 41
48 53 42
48 54 49
48 55 56
48 56 35
48 57 50
48 58 31
48 59 29
48 60 47
48 61 71
48 62 10
48 63 54
48 64 57
48 65 64
49 1 34
49 2 15
49 3 58
49 4 7
49 5 67
49 6 57
49 7 35
49 8 59
49 9 21
49 10 55
49 11 53
49 12 31
49 13 58
49 14 39
49 15 38
49 16 65
49 17 35
49 18 29
49 19 17
49 20 24
49 21 17
49 22 42
49 23 39
49 24 51
49 25 11
49 26 62
49 27 41
49 28 61
49 29 26
49 30 26
49 31 22
49 32 13
49 33 51
49 34 31
49 35 29
49 36 61
49 37 76
49 38 67
49 39 47
49 40 39
49 41 46
49 42 20
49 43 26
49 44 52
49 45 22
49 46 17
49 47 34
49 48 6
49 49 -1
49 50 55
49 51 34
49 52 35
49 53 37
49 54 42
49 55 50
49 56 29
49 57 45
49 58 29
49 59 23
49 60 41
49 61 65
49 62 8
49 63 48
49 64 51
49 65 59
50 1 21
50 2 53
50 3 49
50 4 57
50 5 30
50 6 33
50 7 20
50 8 14
50 9 49
50 10 31
50 11 62
50 12 25
50 13 5
50 14 59
50 15 24
50 16 30
50 17 20
50 18 26
50 19 50
50 20 38
50 21 47
50 22 23
50 23 53
50 24 16
50 25 61
50 26 29
50 27 29
50 28 37
50 29 51
50 30 32
50 31 35
50 32 50
50 33 65
50 34 27
50 35 32
50 36 20
50 37 46
50 38 48
50 39 12
50 40 66
50 41 46
50 42 38
50 43 29
50 44 17
50 45 40
50 46 38
50 47 27
50 48 57
50 49 55
50 50 -1
50 51 32
50 52 67
50 53 23
50 54 50
50 55 61
50 56 43
50 57 30
50 58 27
50 59 63
50 60 52
50 61 50
50 62 47
50 63 45
50 64 56
50 65 24
51 1 15
51 2 25
51 3 27
51 4 40
51 5 33
51 6 22
51 7 22
51 8 43
51 9 19
51 10 20
51 11 33
51 12 26
51 13 37
51 14 27
51 15 8
51 16 31
51 17 21
51 18 23
51 19 21
51 20 9
51 21 38
51 22 10
51 23 22
51 24 40
51 25 44
51 26 28
51 27 6
51 28 26
51 29 19
51 30 30
51 31 29
51 32 38
51 33 34
51 34 9
51 35 5
51 36 29
51 37 41
51 38 34
51 39 33
51 40 33
51 41 18
51 42 31
51 43 25
51 44 21
51 45 12
51 46 23
51 47 5
51 48 39
51 49 34
51 50 32
51 51 -1
51 52 35
51 53 9
51 54 19
51 55 31
51 56 11
51 57 10
51 58 26
51 59 33
51 60 21
51 61 33
51 62 30
51 63 19
51 64 27
51 65 26
52 1 47
52 2 21
52 3 40
52 4 42
52 5 63
52 6 50
52 7 53
52 8 77
52 9 20
52 10 49
52 11 25
52 12 53
52 13 72
52 14 12
52 15 43
52 16 61
52 17 52
52 18 50
52 19 21
52 20 29
52 21 50
52 22 45
52 23 18
52 24 72
52 25 45
52 26 58
52 27 39
52 28 51
52 29 16
52 30 53
52 31 50
52 32 48
52 33 21
52 34 40
52 35 35
52 36 62
52 37 64
52 38 52
52 39 66
52 40 5
52 41 30
52 42 50
52 43 50
52 44 55
52 45 29
52 46 41
52 47 40
52 48 41
52 49 35
52 50 67
52 51 35
52 52 -1
52 53 44
52 54 24
52 55 22
52 56 23
52 57 41
52 58 52
52 59 12
52 60 21
52 61 47
52 62 39
52 63 33
52 64 27
52 65 58
53 1 8
53 2 32
53 3 33
53 4 42
53 5 30
53 6 22
53 7 15
53 8 34
53 9 26
53 10 20
53 11 41
53 12 20
53 13 28
53 14 36
53 15 2
53 16 28
53 17 14
53 18 18
53 19 28
53 20 16
53 21 37
53 22 5
53 23 31
53 24 31
53 25 46
53 26 25
53 27 9
53 28 27
53 29 28
53 30 26
53 31 26
53 32 38
53 33 43
53 34 6
53 35 10
53 36 23
53 37 41
53 38 37
53 39 24
53 40 43
53 41 25
53 42 29
53 43 21
53 44 14
53 45 18
53 46 23
53 47 4
53 48 42
53 49 37
53 50 23
53 51 9
53 52 44
53 53 -1
53 54 28
53 55 39
53 56 20
53 57 12
53 58 20
53 59 41
53 60 30
53 61 37
53 62 31
53 63 25
53 64 35
53 65 22
54 1 34
54 2 28
54 3 17
54 4 50
54 5 39
54 6 26
54 7 41
54 8 62
54 9 21
54 10 25
54 11 13
54 12 45
54 13 55
54 14 12
54 15 26
54 16 37
54 17 40
54 18 41
54 19 25
54 20 22
54 21 52
54 22 26
54 23 6
54 24 60
54 25 54
54 26 34
54 27 20
54 28 27
54 29 17
54 30 48
54 31 47
54 32 51
54 33 15
54 34 28
54 35 23
54 36 40
54 37 40
54 38 28
54 39 52
54 40 20
54 41 6
54 42 48
54 43 43
54 44 35
54 45 23
54 46 39
54 47 25
54 48 49
54 49 42
54 50 50
54 51 19
54 52 24
54 53 28
54 54 -1
54 55 11
54 56 14
54 57 20
54 58 44
54 59 29
54 60 3
54 61 24
54 62 42
54 63 9
54 64 9
54 65 36
55 1 46
55 2 34
55 3 21
55 4 57
55 5 47
55 6 34
55 7 53
55 8 74
55 9 29
55 10 34
55 11 3
55 12 56
55 13 67
55 14 10
55 15 38
55 16 45
55 17 52
55 18 53
55 19 32
55 20 32
55 21 62
55 22 38
55 23 11
55 24 71
55 25 61
55 26 43
55 27 32
55 28 34
55 29 23
55 30 59
55 31 57
55 32 60
55 33 3
55 34 39
55 35 34
55 36 50
55 37 45
55 38 32
55 39 64
55 40 16
55 41 15
55 42 58
55 43 54
55 44 46
55 45 33
55 46 49
55 47 37
55 48 56
55 49 50
55 50 61
55 51 31
55 52 22
55 53 39
55 54 11
55 55 -1
55 56 24
55 57 31
55 58 56
55 59 31
55 60 10
55 61 27
55 62 51
55 63 17
55 64 7
55 65 45
56 1 24
56 2 16
56 3 29
56 4 36
56 5 42
56 6 30
56 7 30
56 8 54
56 9 9
56 10 29
56 11 27
56 12 33
56 13 49
56 14 17
56 15 19
56 16 40
56 17 30
56 18 29
56 19 12
56 20 8
56 21 38
56 22 21
56 23 13
56 24 50
56 25 40
56 26 37
56 27 17
56 28 33
56 29 8
56 30 34
56 31 33
56 32 37
56 33 26
56 34 17
56 35 12
56 36 40
56 37 48
56 38 38
56 39 43
56 40 22
56 41 16
56 42 34
56 43 30
56 44 32
56 45 9
56 46 25
56 47 16
56 48 35
56 49 29
56 50 43
56 51 11
56 52 23
56 53 20
56 54 14
56 55 24
56 56 -1
56 57 20
56 58 32
56 59 22
56 60 14
56 61 36
56 62 28
56 63 19
56 64 23
56 65 37
57 1 20
57 2 35
57 3 21
57 4 51
57 5 22
57 6 12
57 7 27
57 8 43
57 9 28
57 10 10
57 11 32
57 12 32
57 13 35
57 14 31
57 15 10
57 16 20
57 17 26
57 18 30
57 19 31
57 20 20
57 21 48
57 22 8
57 23 25
57 24 42
57 25 55
57 26 17
57 27 4
57 28 16
57 29 28
57 30 37
57 31 38
57 32 48
57 33 35
57 34 17
57 35 16
57 36 20
57 37 31
57 38 25
57 39 34
57 40 39
57 41 16
57 42 40
57 43 32
57 44 14
57 45 22
57 46 33
57 47 12
57 48 50
57 49 45
57 50 30
57 51 10
57 52 41
57 53 12
57 54 20
57 55 31
57 56 20
57 57 -1
57 58 32
57 59 42
57 60 23
57 61 25
57 62 41
57 63 15
57 64 26
57 65 17
58 1 13
58 2 33
58 3 53
58 4 31
58 5 48
58 6 43
58 7 7
58 8 29
58 9 32
58 10 41
58 11 58
58 12 2
58 13 29
58 14 49
58 15 22
58 16 47
58 17 8
58 18 3
58 19 31
58 20 24
58 21 20
58 22 25
58 23 45
58 24 22
58 25 34
58 26 44
58 27 29
58 28 48
58 29 36
58 30 5
58 31 8
58 32 22
58 33 58
58 34 17
58 35 21
58 36 39
58 37 61
58 38 58
58 39 18
58 40 53
58 41 44
58 42 11
58 43 3
58 44 31
58 45 24
58 46 13
58 47 21
58 48 31
58 49 29
58 50 27
58 51 26
58 52 52
58 53 20
58 54 44
58 55 56
58 56 32
58 57 32
58 58 -1
58 59 44
58 60 45
58 61 58
58 62 21
58 63 45
58 64 53
58 65 40
59 1 42
59 2 11
59 3 46
59 4 30
59 5 64
59 6 52
59 7 46
59 8 72
59 9 14
59 10 50
59 11 35
59 12 46
59 13 68
59 14 20
59 15 40
59 16 62
59 17 46
59 18 42
59 19 13
59 20 25
59 21 39
59 22 43
59 23 23
59 24 66
59 25 33
59 26 59
59 27 39
59 28 54
59 29 14
59 30 44
59 31 41
59 32 37
59 33 31
59 34 36
59 35 31
59 36 62
59 37 68
59 38 57
59 39 60
59 40 16
59 41 34
59 42 40
59 43 41
59 44 54
59 45 23
59 46 32
59 47 36
59 48 29
59 49 23
59 50 63
59 51 33
59 52 12
59 53 41
59 54 29
59 55 31
59 56 22
59 57 42
59 58 44
59 59 -1
59 60 26
59 61 53
59 62 29
59 63 37
59 64 35
59 65 59
60 1 36
60 2 26
60 3 20
60 4 48
60 5 42
60 6 29
60 7 42
60 8 64
60 9 20
60 10 28
60 11 13
60 12 46
60 13 57
60 14 9
60 15 28
60 16 40
60 17 42
60 18 42
60 19 24
60 20 22
60 21 52
60 22 29
60 23 3
60 24 61
60 25 52
60 26 37
60 27 22
60 28 30
60 29 15
60 30 48
60 31 47
60 32 50
60 33 13
60 34 29
60 35 24
60 36 43
60 37 43
60 38 31
60 39 54
60 40 17
60 41 9
60 42 48
60 43 43
60 44 37
60 45 23
60 46 39
60 47 26
60 48 47
60 49 41
60 50 52
60 51 21
60 52 21
60 53 30
60 54 3
60 55 10
60 56 14
60 57 23
60 58 45
60 59 26
60 60 -1
60 61 27
60 62 41
60 63 12
60 64 9
60 65 38
61 1 45
61 2 52
61 3 7
61 4 72
61 5 26
61 6 17
61 7 52
61 8 65
61 9 45
61 10 19
61 11 25
61 12 57
61 13 56
61 14 35
61 15 35
61 16 24
61 17 51
61 18 55
61 19 48
61 20 41
61 21 72
61 22 33
61 23 30
61 24 65
61 25 76
61 26 23
61 27 28
61 28 13
61 29 41
61 30 63
61 31 63
61 32 71
61 33 30
61 34 41
61 35 39
61 36 33
61 37 18
61 38 5
61 39 58
61 40 42
61 41 19
61 42 65
61 43 57
61 44 33
61 45 43
61 46 57
61 47 37
61 48 71
61 49 65
61 50 50
61 51 33
61 52 47
61 53 37
61 54 24
61 55 27
61 56 36
61 57 25
61 58 58
61 59 53
61 60 27
61 61 -1
61 62 63
61 63 16
61 64 20
61 65 28
62 1 27
62 2 18
62 3 56
62 4 10
62 5 61
62 6 53
62 7 27
62 8 50
62 9 22
62 10 50
62 11 54
62 12 23
62 13 50
62 14 42
62 15 33
62 16 60
62 17 27
62 18 21
62 19 19
62 20 21
62 21 11
62 22 36
62 23 40
62 24 43
62 25 14
62 26 57
62 27 36
62 28 57
62 29 28
62 30 18
62 31 14
62 32 9
62 33 53
62 34 25
62 35 24
62 36 55
62 37 72
62 38 65
62 39 39
62 40 42
62 41 44
62 42 12
62 43 18
62 44 46
62 45 20
62 46 9
62 47 29
62 48 10
62 49 8
62 50 47
62 51 30
62 52 39
62 53 31
62 54 42
62 55 51
62 56 28
62 57 41
62 58 21
62 59 29
62 60 41
62 61 63
62 62 -1
62 63 46
62 64 51
62 65 54
63 1 33
63 2 35
63 3 10
63 4 55
63 5 30
63 6 17
63 7 40
63 8 58
63 9 28
63 10 17
63 11 17
63 12 45
63 13 51
63 14 21
63 15 23
63 16 28
63 17 39
63 18 42
63 19 31
63 20 25
63 21 56
63 22 22
63 23 15
63 24 57
63 25 59
63 26 26
63 27 16
63 28 18
63 29 24
63 30 49
63 31 48
63 32 55
63 33 21
63 34 28
63 35 24
63 36 32
63 37 31
63 38 20
63 39 49
63 40 29
63 41 3
63 42 50
63 43 44
63 44 29
63 45 26
63 46 41
63 47 24
63 48 54
63 49 48
63 50 45
63 51 19
63 52 33
63 53 25
63 54 9
63 55 17
63 56 19
63 57 15
63 58 45
63 59 37
63 60 12
63 61 16
63 62 46
63 63 -1
63 64 11
63 65 28
64 1 43
64 2 36
64 3 14
64 4 58
64 5 40
64 6 28
64 7 50
64 8 69
64 9 30
64 10 28
64 11 6
64 12 53
64 13 62
64 14 15
64 15 34
64 16 39
64 17 49
64 18 50
64 19 34
64 20 31
64 21 61
64 22 33
64 23 12
64 24 67
64 25 62
64 26 36
64 27 27
64 28 27
64 29 25
64 30 57
64 31 56
64 32 60
64 33 10
64 34 36
64 35 32
64 36 43
64 37 38
64 38 25
64 39 59
64 40 22
64 41 10
64 42 57
64 43 52
64 44 40
64 45 32
64 46 48
64 47 33
64 48 57
64 49 51
64 50 56
64 51 27
64 52 27
64 53 35
64 54 9
64 55 7
64 56 23
64 57 26
64 58 53
64 59 35
64 60 9
64 61 20
64 62 51
64 63 11
64 64 -1
64 65 39
65 1 28
65 2 52
65 3 28
65 4 65
65 5 7
65 6 11
65 7 33
65 8 38
65 9 45
65 10 10
65 11 45
65 12 39
65 13 29
65 14 47
65 15 21
65 16 6
65 17 32
65 18 38
65 19 48
65 20 36
65 21 59
65 22 17
65 23 41
65 24 40
65 25 69
65 26 5
65 27 20
65 28 14
65 29 45
65 30 46
65 31 48
65 32 60
65 33 49
65 34 29
65 35 31
65 36 5
65 37 22
65 38 25
65 39 33
65 40 55
65 41 30
65 42 50
65 43 41
65 44 9
65 45 38
65 46 45
65 47 25
65 48 64
65 49 59
65 50 24
65 51 26
65 52 58
65 53 22
65 54 36
65 55 45
65 56 37
65 57 17
65 58 40
65 59 59
65 60 38
65 61 28
65 62 54
65 63 28
65 64 39
65 65 -1
