49 48
49 25
49 4
49 62
5 16
5 65
5 26
5 36
4 32
4 48
4 49
4 25
4 62
7 1
7 43
7 12
7 17
7 18
7 58
15 1
15 34
15 35
15 47
15 51
15 53
15 22
15 57
15 27
65 36
65 5
65 6
65 10
65 44
65 16
65 26
39 8
39 24
39 50
39 13
8 24
8 13
8 39
13 8
13 50
13 39
23 64
23 41
23 14
23 54
23 55
23 60
23 29
24 8
24 39
63 64
63 3
63 41
63 54
63 60
58 1
58 7
58 42
58 43
58 12
58 46
58 17
58 18
58 30
58 31
33 64
33 11
33 14
33 55
22 1
22 34
22 44
22 15
22 47
22 51
22 53
22 57
22 27
25 32
25 49
25 48
25 4
18 1
18 7
18 43
18 12
18 46
18 17
18 58
18 30
18 31
2 9
2 19
2 29
2 59
38 3
38 28
38 61
28 38
28 6
28 10
28 16
28 26
