1 1 -1
1 2 9
1 3 26
1 4 25
1 5 4
1 6 20
1 7 22
1 8 24
1 9 25
1 10 14
1 11 23
1 12 22
1 13 7
1 14 16
1 15 6
1 16 15
1 17 5
1 18 18
1 19 15
1 20 5
1 21 18
1 22 28
1 23 20
1 24 14
1 25 4
2 1 9
2 2 -1
2 3 18
2 4 17
2 5 13
2 6 12
2 7 12
2 8 17
2 9 19
2 10 7
2 11 18
2 12 16
2 13 3
2 14 11
2 15 10
2 16 6
2 17 7
2 18 15
2 19 10
2 20 10
2 21 11
2 22 19
2 23 16
2 24 5
2 25 10
3 1 26
3 2 18
3 3 -1
3 4 2
3 5 29
3 6 23
3 7 14
3 8 3
3 9 5
3 10 11
3 11 8
3 12 5
3 13 21
3 14 11
3 15 22
3 16 16
3 17 21
3 18 14
3 19 11
3 20 23
3 21 8
3 22 5
3 23 12
3 24 19
3 25 24
4 1 25
4 2 17
4 3 2
4 4 -1
4 5 28
4 6 23
4 7 15
4 8 1
4 9 3
4 10 10
4 11 6
4 12 3
4 13 21
4 14 10
4 15 21
4 16 16
4 17 20
4 18 12
4 19 9
4 20 21
4 21 7
4 22 7
4 23 10
4 24 19
4 25 22
5 1 4
5 2 13
5 3 29
5 4 28
5 5 -1
5 6 24
5 7 26
5 8 27
5 9 28
5 10 18
5 11 25
5 12 25
5 13 11
5 14 18
5 15 7
5 16 19
5 17 8
5 18 19
5 19 18
5 20 6
5 21 21
5 22 32
5 23 22
5 24 18
5 25 5
6 1 20
6 2 12
6 3 23
6 4 23
6 5 24
6 6 -1
6 7 9
6 8 24
6 9 26
6 10 16
6 11 26
6 12 23
6 13 13
6 14 22
6 15 22
6 16 8
6 17 19
6 18 26
6 19 20
6 20 22
6 21 19
6 22 21
6 23 27
6 24 7
6 25 21
7 1 22
7 2 12
7 3 14
7 4 15
7 5 26
7 6 9
7 7 -1
7 8 16
7 9 18
7 10 11
7 11 19
7 12 16
7 13 15
7 14 17
7 15 22
7 16 6
7 17 19
7 18 21
7 19 15
7 20 22
7 21 13
7 22 12
7 23 21
7 24 8
7 25 22
8 1 24
8 2 17
8 3 3
8 4 1
8 5 27
8 6 24
8 7 16
8 8 -1
8 9 2
8 10 10
8 11 5
8 12 2
8 13 20
8 14 9
8 15 20
8 16 16
8 17 19
8 18 11
8 19 9
8 20 21
8 21 6
8 22 8
8 23 9
8 24 19
8 25 22
9 1 25
9 2 19
9 3 5
9 4 3
9 5 28
9 6 26
9 7 18
9 8 2
9 9 -1
9 10 12
9 11 3
9 12 3
9 13 22
9 14 9
9 15 20
9 16 18
9 17 20
9 18 10
9 19 9
9 20 21
9 21 8
9 22 10
9 23 7
9 24 21
9 25 22
10 1 14
10 2 7
10 3 11
10 4 10
10 5 18
10 6 16
10 7 11
10 8 10
10 9 12
10 10 -1
10 11 11
10 12 9
10 13 10
10 14 5
10 15 12
10 16 7
10 17 10
10 18 10
10 19 4
10 20 12
10 21 4
10 22 13
10 23 10
10 24 9
10 25 13
11 1 23
11 2 18
11 3 8
11 4 6
11 5 25
11 6 26
11 7 19
11 8 5
11 9 3
11 10 11
11 11 -1
11 12 3
11 13 21
11 14 7
11 15 18
11 16 18
11 17 18
11 18 7
11 19 8
11 20 19
11 21 7
11 22 13
11 23 4
11 24 20
11 25 20
12 1 22
12 2 16
12 3 5
12 4 3
12 5 25
12 6 23
12 7 16
12 8 2
12 9 3
12 10 9
12 11 3
12 12 -1
12 13 19
12 14 7
12 15 18
12 16 15
12 17 17
12 18 9
12 19 7
12 20 19
12 21 5
12 22 10
12 23 7
12 24 18
12 25 20
13 1 7
13 2 3
13 3 21
13 4 21
13 5 11
13 6 13
13 7 15
13 8 20
13 9 22
13 10 10
13 11 21
13 12 19
13 13 -1
13 14 14
13 15 9
13 16 8
13 17 6
13 18 17
13 19 13
13 20 8
13 21 14
13 22 22
13 23 19
13 24 7
13 25 8
14 1 16
14 2 11
14 3 11
14 4 10
14 5 18
14 6 22
14 7 17
14 8 9
14 9 9
14 10 5
14 11 7
14 12 7
14 13 14
14 14 -1
14 15 11
14 16 13
14 17 10
14 18 5
14 19 1
14 20 12
14 21 4
14 22 15
14 23 5
14 24 15
14 25 13
15 1 6
15 2 10
15 3 22
15 4 21
15 5 7
15 6 22
15 7 22
15 8 20
15 9 20
15 10 12
15 11 18
15 12 18
15 13 9
15 14 11
15 15 -1
15 16 16
15 17 3
15 18 12
15 19 11
15 20 1
15 21 14
15 22 25
15 23 14
15 24 15
15 25 2
16 1 15
16 2 6
16 3 16
16 4 16
16 5 19
16 6 8
16 7 6
16 8 16
16 9 18
16 10 7
16 11 18
16 12 15
16 13 8
16 14 13
16 15 16
16 16 -1
16 17 13
16 18 18
16 19 12
16 20 16
16 21 11
16 22 15
16 23 18
16 24 3
16 25 16
17 1 5
17 2 7
17 3 21
17 4 20
17 5 8
17 6 19
17 7 19
17 8 19
17 9 20
17 10 10
17 11 18
17 12 17
17 13 6
17 14 10
17 15 3
17 16 13
17 17 -1
17 18 13
17 19 10
17 20 3
17 21 12
17 22 23
17 23 15
17 24 12
17 25 3
18 1 18
18 2 15
18 3 14
18 4 12
18 5 19
18 6 26
18 7 21
18 8 11
18 9 10
18 10 10
18 11 7
18 12 9
18 13 17
18 14 5
18 15 12
18 16 18
18 17 13
18 18 -1
18 19 6
18 20 13
18 21 8
18 22 19
18 23 2
18 24 20
18 25 14
19 1 15
19 2 10
19 3 11
19 4 9
19 5 18
19 6 20
19 7 15
19 8 9
19 9 9
19 10 4
19 11 8
19 12 7
19 13 13
19 14 1
19 15 11
19 16 12
19 17 10
19 18 6
19 19 -1
19 20 12
19 21 3
19 22 14
19 23 6
19 24 13
19 25 12
20 1 5
20 2 10
20 3 23
20 4 21
20 5 6
20 6 22
20 7 22
20 8 21
20 9 21
20 10 12
20 11 19
20 12 19
20 13 8
20 14 12
20 15 1
20 16 16
20 17 3
20 18 13
20 19 12
20 20 -1
20 21 14
20 22 26
20 23 15
20 24 15
20 25 1
21 1 18
21 2 11
21 3 8
21 4 7
21 5 21
21 6 19
21 7 13
21 8 6
21 9 8
21 10 4
21 11 7
21 12 5
21 13 14
21 14 4
21 15 14
21 16 11
21 17 12
21 18 8
21 19 3
21 20 14
21 21 -1
21 22 11
21 23 7
21 24 13
21 25 15
22 1 28
22 2 19
22 3 5
22 4 7
22 5 32
22 6 21
22 7 12
22 8 8
22 9 10
22 10 13
22 11 13
22 12 10
22 13 22
22 14 15
22 15 25
22 16 15
22 17 23
22 18 19
22 19 14
22 20 26
22 21 11
22 22 -1
22 23 17
22 24 18
22 25 26
23 1 20
23 2 16
23 3 12
23 4 10
23 5 22
23 6 27
23 7 21
23 8 9
23 9 7
23 10 10
23 11 4
23 12 7
23 13 19
23 14 5
23 15 14
23 16 18
23 17 15
23 18 2
23 19 6
23 20 15
23 21 7
23 22 17
23 23 -1
23 24 20
23 25 16
24 1 14
24 2 5
24 3 19
24 4 19
24 5 18
24 6 7
24 7 8
24 8 19
24 9 21
24 10 9
24 11 20
24 12 18
24 13 7
24 14 15
24 15 15
24 16 3
24 17 12
24 18 20
24 19 13
24 20 15
24 21 13
24 22 18
24 23 20
24 24 -1
24 25 15
25 1 4
25 2 10
25 3 24
25 4 22
25 5 5
25 6 21
25 7 22
25 8 22
25 9 22
25 10 13
25 11 20
25 12 20
25 13 8
25 14 13
25 15 2
25 16 16
25 17 3
25 18 14
25 19 12
25 20 1
25 21 15
25 22 26
25 23 16
25 24 15
25 25 -1
