1 1 -1
1 2 5
1 3 16
1 4 23
1 5 22
1 6 13
1 7 21
1 8 24
1 9 17
1 10 9
1 11 12
1 12 7
1 13 6
1 14 10
1 15 21
1 16 6
1 17 9
1 18 12
1 19 17
1 20 9
1 21 14
1 22 12
1 23 23
1 24 16
1 25 18
1 26 21
1 27 5
1 28 20
1 29 10
1 30 16
2 1 5
2 2 -1
2 3 11
2 4 23
2 5 21
2 6 14
2 7 18
2 8 21
2 9 18
2 10 5
2 11 10
2 12 2
2 13 2
2 14 11
2 15 21
2 16 9
2 17 4
2 18 9
2 19 20
2 20 10
2 21 9
2 22 13
2 23 23
2 24 20
2 25 16
2 26 16
2 27 10
2 28 15
2 29 6
2 30 17
3 1 16
3 2 11
3 3 -1
3 4 27
3 5 23
3 6 22
3 7 19
3 8 20
3 9 25
3 10 9
3 11 14
3 12 9
3 13 11
3 14 19
3 15 26
3 16 20
3 17 7
3 18 8
3 19 30
3 20 16
3 21 3
3 22 21
3 23 29
3 24 30
3 25 20
3 26 7
3 27 22
3 28 5
3 29 10
3 30 25
4 1 23
4 2 23
4 3 27
4 4 -1
4 5 5
4 6 10
4 7 9
4 8 13
4 9 6
4 10 19
4 11 13
4 12 24
4 13 20
4 14 13
4 15 2
4 16 19
4 17 24
4 18 30
4 19 17
4 20 32
4 21 28
4 22 11
4 23 2
4 24 20
4 25 7
4 26 26
4 27 25
4 28 27
4 29 18
4 30 8
5 1 22
5 2 21
5 3 23
5 4 5
5 5 -1
5 6 12
5 7 4
5 8 7
5 9 9
5 10 17
5 11 11
5 12 21
5 13 18
5 14 14
5 15 6
5 16 20
5 17 21
5 18 28
5 19 20
5 20 31
5 21 24
5 22 13
5 23 8
5 24 23
5 25 4
5 26 21
5 27 26
5 28 22
5 29 15
5 30 11
6 1 13
6 2 14
6 3 22
6 4 10
6 5 12
6 6 -1
6 7 12
6 8 17
6 9 4
6 10 13
6 11 8
6 12 16
6 13 12
6 14 3
6 15 8
6 16 9
6 17 17
6 18 23
6 19 10
6 20 23
6 21 22
6 22 1
6 23 9
6 24 12
6 25 8
6 26 23
6 27 15
6 28 23
6 29 12
6 30 3
7 1 21
7 2 18
7 3 19
7 4 9
7 5 4
7 6 12
7 7 -1
7 8 4
7 9 11
7 10 14
7 11 8
7 12 19
7 13 16
7 14 14
7 15 9
7 16 20
7 17 18
7 18 24
7 19 22
7 20 28
7 21 21
7 22 13
7 23 12
7 24 24
7 25 4
7 26 17
7 27 25
7 28 18
7 29 12
7 30 13
8 1 24
8 2 21
8 3 20
8 4 13
8 5 7
8 6 17
8 7 4
8 8 -1
8 9 15
8 10 16
8 11 12
8 12 21
8 13 18
8 14 18
8 15 13
8 16 24
8 17 20
8 18 26
8 19 26
8 20 31
8 21 21
8 22 17
8 23 15
8 24 29
8 25 8
8 26 15
8 27 29
8 28 17
8 29 15
8 30 17
9 1 17
9 2 18
9 3 25
9 4 6
9 5 9
9 6 4
9 7 11
9 8 15
9 9 -1
9 10 16
9 11 11
9 12 19
9 13 15
9 14 7
9 15 4
9 16 13
9 17 20
9 18 26
9 19 11
9 20 27
9 21 25
9 22 5
9 23 5
9 24 14
9 25 7
9 26 25
9 27 19
9 28 25
9 29 15
9 30 2
10 1 9
10 2 5
10 3 9
10 4 19
10 5 17
10 6 13
10 7 14
10 8 16
10 9 16
10 10 -1
10 11 5
10 12 5
10 13 3
10 14 10
10 15 18
10 16 12
10 17 4
10 18 11
10 19 21
10 20 14
10 21 9
10 22 12
10 23 20
10 24 21
10 25 13
10 26 12
10 27 14
10 28 12
10 29 1
10 30 16
11 1 12
11 2 10
11 3 14
11 4 13
11 5 11
11 6 8
11 7 8
11 8 12
11 9 11
11 10 5
11 11 -1
11 12 10
11 13 7
11 14 7
11 15 12
11 16 12
11 17 10
11 18 17
11 19 18
11 20 20
11 21 14
11 22 8
11 23 15
11 24 19
11 25 7
11 26 14
11 27 17
11 28 14
11 29 4
11 30 11
12 1 7
12 2 2
12 3 9
12 4 24
12 5 21
12 6 16
12 7 19
12 8 21
12 9 19
12 10 5
12 11 10
12 12 -1
12 13 4
12 14 13
12 15 22
12 16 12
12 17 2
12 18 7
12 19 22
12 20 9
12 21 7
12 22 15
12 23 25
12 24 22
12 25 17
12 26 14
12 27 12
12 28 13
12 29 6
12 30 19
13 1 6
13 2 2
13 3 11
13 4 20
13 5 18
13 6 12
13 7 16
13 8 18
13 9 15
13 10 3
13 11 7
13 12 4
13 13 -1
13 14 9
13 15 18
13 16 9
13 17 5
13 18 11
13 19 18
13 20 12
13 21 10
13 22 11
13 23 21
13 24 19
13 25 14
13 26 15
13 27 11
13 28 14
13 29 4
13 30 15
14 1 10
14 2 11
14 3 19
14 4 13
14 5 14
14 6 3
14 7 14
14 8 18
14 9 7
14 10 10
14 11 7
14 12 13
14 13 9
14 14 -1
14 15 11
14 16 6
14 17 14
14 18 20
14 19 10
14 20 19
14 21 19
14 22 2
14 23 13
14 24 12
14 25 10
14 26 22
14 27 12
14 28 21
14 29 9
14 30 6
15 1 21
15 2 21
15 3 26
15 4 2
15 5 6
15 6 8
15 7 9
15 8 13
15 9 4
15 10 18
15 11 12
15 12 22
15 13 18
15 14 11
15 15 -1
15 16 17
15 17 22
15 18 29
15 19 15
15 20 30
15 21 26
15 22 9
15 23 3
15 24 18
15 25 6
15 26 25
15 27 23
15 28 26
15 29 16
15 30 6
16 1 6
16 2 9
16 3 20
16 4 19
16 5 20
16 6 9
16 7 20
16 8 24
16 9 13
16 10 12
16 11 12
16 12 12
16 13 9
16 14 6
16 15 17
16 16 -1
16 17 13
16 18 18
16 19 11
16 20 15
16 21 19
16 22 8
16 23 19
16 24 10
16 25 16
16 26 24
16 27 5
16 28 24
16 29 12
16 30 12
17 1 9
17 2 4
17 3 7
17 4 24
17 5 21
17 6 17
17 7 18
17 8 20
17 9 20
17 10 4
17 11 10
17 12 2
17 13 5
17 14 14
17 15 22
17 16 13
17 17 -1
17 18 6
17 19 24
17 20 11
17 21 5
17 22 16
17 23 25
17 24 24
17 25 17
17 26 12
17 27 15
17 28 11
17 29 5
17 30 20
18 1 12
18 2 9
18 3 8
18 4 30
18 5 28
18 6 23
18 7 24
18 8 26
18 9 26
18 10 11
18 11 17
18 12 7
18 13 11
18 14 20
18 15 29
18 16 18
18 17 6
18 18 -1
18 19 29
18 20 8
18 21 5
18 22 22
18 23 31
18 24 28
18 25 24
18 26 15
18 27 17
18 28 13
18 29 12
18 30 26
19 1 17
19 2 20
19 3 30
19 4 17
19 5 20
19 6 10
19 7 22
19 8 26
19 9 11
19 10 21
19 11 18
19 12 22
19 13 18
19 14 10
19 15 15
19 16 11
19 17 24
19 18 29
19 19 -1
19 20 26
19 21 29
19 22 9
19 23 15
19 24 3
19 25 17
19 26 33
19 27 14
19 28 32
19 29 20
19 30 9
20 1 9
20 2 10
20 3 16
20 4 32
20 5 31
20 6 23
20 7 28
20 8 31
20 9 27
20 10 14
20 11 20
20 12 9
20 13 12
20 14 19
20 15 30
20 16 15
20 17 11
20 18 8
20 19 26
20 20 -1
20 21 13
20 22 21
20 23 33
20 24 25
20 25 26
20 26 23
20 27 12
20 28 21
20 29 16
20 30 26
21 1 14
21 2 9
21 3 3
21 4 28
21 5 24
21 6 22
21 7 21
21 8 21
21 9 25
21 10 9
21 11 14
21 12 7
21 13 10
21 14 19
21 15 26
21 16 19
21 17 5
21 18 5
21 19 29
21 20 13
21 21 -1
21 22 21
21 23 29
21 24 29
21 25 21
21 26 10
21 27 19
21 28 8
21 29 10
21 30 25
22 1 12
22 2 13
22 3 21
22 4 11
22 5 13
22 6 1
22 7 13
22 8 17
22 9 5
22 10 12
22 11 8
22 12 15
22 13 11
22 14 2
22 15 9
22 16 8
22 17 16
22 18 22
22 19 9
22 20 21
22 21 21
22 22 -1
22 23 11
22 24 11
22 25 9
22 26 23
22 27 13
22 28 23
22 29 11
22 30 4
23 1 23
23 2 23
23 3 29
23 4 2
23 5 8
23 6 9
23 7 12
23 8 15
23 9 5
23 10 20
23 11 15
23 12 25
23 13 21
23 14 13
23 15 3
23 16 19
23 17 25
23 18 31
23 19 15
23 20 33
23 21 29
23 22 11
23 23 -1
23 24 18
23 25 9
23 26 28
23 27 25
23 28 29
23 29 19
23 30 7
24 1 16
24 2 20
24 3 30
24 4 20
24 5 23
24 6 12
24 7 24
24 8 29
24 9 14
24 10 21
24 11 19
24 12 22
24 13 19
24 14 12
24 15 18
24 16 10
24 17 24
24 18 28
24 19 3
24 20 25
24 21 29
24 22 11
24 23 18
24 24 -1
24 25 20
24 26 34
24 27 13
24 28 33
24 29 21
24 30 12
25 1 18
25 2 16
25 3 20
25 4 7
25 5 4
25 6 8
25 7 4
25 8 8
25 9 7
25 10 13
25 11 7
25 12 17
25 13 14
25 14 10
25 15 6
25 16 16
25 17 17
25 18 24
25 19 17
25 20 26
25 21 21
25 22 9
25 23 9
25 24 20
25 25 -1
25 26 19
25 27 21
25 28 20
25 29 11
25 30 8
26 1 21
26 2 16
26 3 7
26 4 26
26 5 21
26 6 23
26 7 17
26 8 15
26 9 25
26 10 12
26 11 14
26 12 14
26 13 15
26 14 22
26 15 25
26 16 24
26 17 12
26 18 15
26 19 33
26 20 23
26 21 10
26 22 23
26 23 28
26 24 34
26 25 19
26 26 -1
26 27 27
26 28 2
26 29 12
26 30 26
27 1 5
27 2 10
27 3 22
27 4 25
27 5 26
27 6 15
27 7 25
27 8 29
27 9 19
27 10 14
27 11 17
27 12 12
27 13 11
27 14 12
27 15 23
27 16 5
27 17 15
27 18 17
27 19 14
27 20 12
27 21 19
27 22 13
27 23 25
27 24 13
27 25 21
27 26 27
27 27 -1
27 28 26
27 29 15
27 30 17
28 1 20
28 2 15
28 3 5
28 4 27
28 5 22
28 6 23
28 7 18
28 8 17
28 9 25
28 10 12
28 11 14
28 12 13
28 13 14
28 14 21
28 15 26
28 16 24
28 17 11
28 18 13
28 19 32
28 20 21
28 21 8
28 22 23
28 23 29
28 24 33
28 25 20
28 26 2
28 27 26
28 28 -1
28 29 12
28 30 26
29 1 10
29 2 6
29 3 10
29 4 18
29 5 15
29 6 12
29 7 12
29 8 15
29 9 15
29 10 1
29 11 4
29 12 6
29 13 4
29 14 9
29 15 16
29 16 12
29 17 5
29 18 12
29 19 20
29 20 16
29 21 10
29 22 11
29 23 19
29 24 21
29 25 11
29 26 12
29 27 15
29 28 12
29 29 -1
29 30 15
30 1 16
30 2 17
30 3 25
30 4 8
30 5 11
30 6 3
30 7 13
30 8 17
30 9 2
30 10 16
30 11 11
30 12 19
30 13 15
30 14 6
30 15 6
30 16 12
30 17 20
30 18 26
30 19 9
30 20 26
30 21 25
30 22 4
30 23 7
30 24 12
30 25 8
30 26 26
30 27 17
30 28 26
30 29 15
30 30 -1
