1 1 -1
1 2 18
1 3 15
1 4 30
1 5 18
1 6 30
1 7 20
1 8 28
1 9 12
1 10 14
1 11 28
1 12 19
1 13 11
1 14 30
1 15 31
1 16 18
1 17 36
1 18 20
1 19 27
1 20 27
1 21 26
1 22 33
1 23 25
1 24 25
1 25 28
1 26 27
1 27 23
1 28 33
1 29 29
1 30 22
1 31 38
1 32 11
1 33 13
1 34 36
1 35 40
1 36 8
1 37 36
1 38 17
1 39 45
1 40 15
2 1 18
2 2 -1
2 3 28
2 4 23
2 5 1
2 6 30
2 7 30
2 8 20
2 9 7
2 10 25
2 11 14
2 12 5
2 13 20
2 14 25
2 15 33
2 16 20
2 17 22
2 18 13
2 19 28
2 20 21
2 21 30
2 22 26
2 23 24
2 24 27
2 25 12
2 26 10
2 27 8
2 28 24
2 29 16
2 30 16
2 31 22
2 32 17
2 33 22
2 34 35
2 35 36
2 36 14
2 37 22
2 38 18
2 39 28
2 40 5
3 1 15
3 2 28
3 3 -1
3 4 27
3 5 27
3 6 22
3 7 7
3 8 27
3 9 25
3 10 5
3 11 32
3 12 32
3 13 8
3 14 26
3 15 22
3 16 13
3 17 38
3 18 34
3 19 19
3 20 24
3 21 16
3 22 29
3 23 20
3 24 17
3 25 34
3 26 38
3 27 29
3 28 30
3 29 32
3 30 21
3 31 43
3 32 12
3 33 7
3 34 27
3 35 33
3 36 23
3 37 39
3 38 14
3 39 49
3 40 23
4 1 30
4 2 23
4 3 27
4 4 -1
4 5 22
4 6 11
4 7 22
4 8 3
4 9 27
4 10 22
4 11 12
4 12 29
4 13 20
4 14 3
4 15 14
4 16 13
4 17 14
4 18 36
4 19 11
4 20 3
4 21 16
4 22 3
4 23 7
4 24 12
4 25 18
4 26 29
4 27 16
4 28 3
4 29 11
4 30 8
4 31 20
4 32 19
4 33 20
4 34 14
4 35 13
4 36 32
4 37 15
4 38 13
4 39 25
4 40 20
5 1 18
5 2 1
5 3 27
5 4 22
5 5 -1
5 6 29
5 7 29
5 8 18
5 9 8
5 10 24
5 11 13
5 12 7
5 13 19
5 14 24
5 15 31
5 16 19
5 17 21
5 18 14
5 19 26
5 20 20
5 21 29
5 22 25
5 23 23
5 24 26
5 25 11
5 26 11
5 27 7
5 28 23
5 29 15
5 30 15
5 31 21
5 32 16
5 33 21
5 34 34
5 35 35
5 36 14
5 37 21
5 38 17
5 39 27
5 40 4
6 1 30
6 2 30
6 3 22
6 4 11
6 5 29
6 6 -1
6 7 15
6 8 14
6 9 32
6 10 18
6 11 23
6 12 36
6 13 18
6 14 8
6 15 3
6 16 12
6 17 25
6 18 42
6 19 3
6 20 10
6 21 6
6 22 11
6 23 5
6 24 5
6 25 28
6 26 38
6 27 25
6 28 13
6 29 22
6 30 14
6 31 31
6 32 19
6 33 17
6 34 5
6 35 11
6 36 35
6 37 26
6 38 13
6 39 36
6 40 26
7 1 20
7 2 30
7 3 7
7 4 22
7 5 29
7 6 15
7 7 -1
7 8 23
7 9 28
7 10 5
7 11 29
7 12 34
7 13 10
7 14 20
7 15 15
7 16 10
7 17 35
7 18 38
7 19 13
7 20 19
7 21 9
7 22 24
7 23 15
7 24 11
7 25 33
7 26 40
7 27 28
7 28 26
7 29 30
7 30 19
7 31 40
7 32 13
7 33 8
7 34 20
7 35 26
7 36 27
7 37 36
7 38 12
7 39 46
7 40 25
8 1 28
8 2 20
8 3 27
8 4 3
8 5 18
8 6 14
8 7 23
8 8 -1
8 9 24
8 10 22
8 11 9
8 12 25
8 13 19
8 14 6
8 15 17
8 16 13
8 17 12
8 18 33
8 19 13
8 20 4
8 21 18
8 22 6
8 23 9
8 24 13
8 25 14
8 26 26
8 27 12
8 28 5
8 29 8
8 30 6
8 31 18
8 32 17
8 33 19
8 34 17
8 35 17
8 36 29
8 37 13
8 38 12
8 39 23
8 40 17
9 1 12
9 2 7
9 3 25
9 4 27
9 5 8
9 6 32
9 7 28
9 8 24
9 9 -1
9 10 22
9 11 21
9 12 7
9 13 17
9 14 29
9 15 34
9 16 20
9 17 29
9 18 10
9 19 29
9 20 25
9 21 31
9 22 30
9 23 26
9 24 28
9 25 19
9 26 15
9 27 15
9 28 29
9 29 23
9 30 19
9 31 30
9 32 15
9 33 19
9 34 38
9 35 40
9 36 6
9 37 29
9 38 19
9 39 36
9 40 7
10 1 14
10 2 25
10 3 5
10 4 22
10 5 24
10 6 18
10 7 5
10 8 22
10 9 22
10 10 -1
10 11 27
10 12 29
10 13 5
10 14 21
10 15 18
10 16 8
10 17 33
10 18 32
10 19 15
10 20 19
10 21 12
10 22 24
10 23 15
10 24 13
10 25 30
10 26 35
10 27 25
10 28 25
10 29 27
10 30 16
10 31 38
10 32 8
10 33 3
10 34 23
10 35 29
10 36 21
10 37 34
10 38 9
10 39 44
10 40 20
11 1 28
11 2 14
11 3 32
11 4 12
11 5 13
11 6 23
11 7 29
11 8 9
11 9 21
11 10 27
11 11 -1
11 12 19
11 13 23
11 14 15
11 15 26
11 16 19
11 17 8
11 18 27
11 19 22
11 20 13
11 21 26
11 22 14
11 23 18
11 24 22
11 25 5
11 26 17
11 27 6
11 28 12
11 29 2
11 30 10
11 31 11
11 32 20
11 33 24
11 34 26
11 35 25
11 36 27
11 37 8
11 38 17
11 39 17
11 40 14
12 1 19
12 2 5
12 3 32
12 4 29
12 5 7
12 6 36
12 7 34
12 8 25
12 9 7
12 10 29
12 11 19
12 12 -1
12 13 24
12 14 31
12 15 38
12 16 25
12 17 26
12 18 8
12 19 33
12 20 27
12 21 35
12 22 32
12 23 30
12 24 32
12 25 16
12 26 8
12 27 13
12 28 30
12 29 21
12 30 22
12 31 26
12 32 21
12 33 26
12 34 41
12 35 42
12 36 13
12 37 26
12 38 23
12 39 31
12 40 9
13 1 11
13 2 20
13 3 8
13 4 20
13 5 19
13 6 18
13 7 10
13 8 19
13 9 17
13 10 5
13 11 23
13 12 24
13 13 -1
13 14 20
13 15 20
13 16 7
13 17 30
13 18 27
13 19 15
13 20 17
13 21 15
13 22 23
13 23 15
13 24 13
13 25 26
13 26 30
13 27 20
13 28 24
13 29 24
13 30 13
13 31 34
13 32 3
13 33 2
13 34 24
13 35 29
13 36 17
13 37 31
13 38 7
13 39 41
13 40 15
14 1 30
14 2 25
14 3 26
14 4 3
14 5 24
14 6 8
14 7 20
14 8 6
14 9 29
14 10 21
14 11 15
14 12 31
14 13 20
14 14 -1
14 15 11
14 16 13
14 17 17
14 18 38
14 19 8
14 20 3
14 21 13
14 22 3
14 23 5
14 24 9
14 25 20
14 26 32
14 27 18
14 28 5
14 29 14
14 30 9
14 31 23
14 32 19
14 33 19
14 34 11
14 35 11
14 36 33
14 37 18
14 38 13
14 39 28
14 40 22
15 1 31
15 2 33
15 3 22
15 4 14
15 5 31
15 6 3
15 7 15
15 8 17
15 9 34
15 10 18
15 11 26
15 12 38
15 13 20
15 14 11
15 15 -1
15 16 14
15 17 28
15 18 44
15 19 5
15 20 13
15 21 6
15 22 13
15 23 8
15 24 6
15 25 31
15 26 41
15 27 28
15 28 16
15 29 25
15 30 17
15 31 34
15 32 20
15 33 18
15 34 5
15 35 11
15 36 37
15 37 29
15 38 15
15 39 39
15 40 28
16 1 18
16 2 20
16 3 13
16 4 13
16 5 19
16 6 12
16 7 10
16 8 13
16 9 20
16 10 8
16 11 19
16 12 25
16 13 7
16 14 13
16 15 14
16 16 -1
16 17 25
16 18 31
16 19 9
16 20 10
16 21 10
16 22 16
16 23 8
16 24 7
16 25 23
16 26 30
16 27 18
16 28 17
16 29 19
16 30 8
16 31 30
16 32 6
16 33 6
16 34 18
16 35 22
16 36 22
16 37 26
16 38 2
16 39 36
16 40 15
17 1 36
17 2 22
17 3 38
17 4 14
17 5 21
17 6 25
17 7 35
17 8 12
17 9 29
17 10 33
17 11 8
17 12 26
17 13 30
17 14 17
17 15 28
17 16 25
17 17 -1
17 18 34
17 19 25
17 20 16
17 21 30
17 22 15
17 23 21
17 24 26
17 25 10
17 26 22
17 27 14
17 28 12
17 29 6
17 30 16
17 31 6
17 32 28
17 33 31
17 34 28
17 35 24
17 36 35
17 37 1
17 38 24
17 39 11
17 40 22
18 1 20
18 2 13
18 3 34
18 4 36
18 5 14
18 6 42
18 7 38
18 8 33
18 9 10
18 10 32
18 11 27
18 12 8
18 13 27
18 14 38
18 15 44
18 16 31
18 17 34
18 18 -1
18 19 39
18 20 34
18 21 41
18 22 39
18 23 36
18 24 38
18 25 24
18 26 14
18 27 21
18 28 38
18 29 29
18 30 29
18 31 34
18 32 25
18 33 30
18 34 48
18 35 49
18 36 12
18 37 34
18 38 29
18 39 39
18 40 16
19 1 27
19 2 28
19 3 19
19 4 11
19 5 26
19 6 3
19 7 13
19 8 13
19 9 29
19 10 15
19 11 22
19 12 33
19 13 15
19 14 8
19 15 5
19 16 9
19 17 25
19 18 39
19 19 -1
19 20 9
19 21 5
19 22 12
19 23 4
19 24 2
19 25 27
19 26 36
19 27 23
19 28 14
19 29 21
19 30 12
19 31 31
19 32 16
19 33 14
19 34 8
19 35 14
19 36 32
19 37 26
19 38 10
19 39 36
19 40 23
20 1 27
20 2 21
20 3 24
20 4 3
20 5 20
20 6 10
20 7 19
20 8 4
20 9 25
20 10 19
20 11 13
20 12 27
20 13 17
20 14 3
20 15 13
20 16 10
20 17 16
20 18 34
20 19 9
20 20 -1
20 21 13
20 22 6
20 23 5
20 24 9
20 25 18
20 26 29
20 27 15
20 28 6
20 29 12
20 30 5
20 31 22
20 32 16
20 33 17
20 34 14
20 35 15
20 36 29
20 37 17
20 38 10
20 39 27
20 40 18
21 1 26
21 2 30
21 3 16
21 4 16
21 5 29
21 6 6
21 7 9
21 8 18
21 9 31
21 10 12
21 11 26
21 12 35
21 13 15
21 14 13
21 15 6
21 16 10
21 17 30
21 18 41
21 19 5
21 20 13
21 21 -1
21 22 17
21 23 8
21 24 4
21 25 31
21 26 39
21 27 27
21 28 19
21 29 25
21 30 16
21 31 36
21 32 16
21 33 13
21 34 11
21 35 17
21 36 32
21 37 31
21 38 12
21 39 41
21 40 26
22 1 33
22 2 26
22 3 29
22 4 3
22 5 25
22 6 11
22 7 24
22 8 6
22 9 30
22 10 24
22 11 14
22 12 32
22 13 23
22 14 3
22 15 13
22 16 16
22 17 15
22 18 39
22 19 12
22 20 6
22 21 17
22 22 -1
22 23 9
22 24 13
22 25 20
22 26 32
22 27 19
22 28 3
22 29 13
22 30 11
22 31 21
22 32 22
22 33 22
22 34 13
22 35 10
22 36 35
22 37 16
22 38 16
22 39 25
22 40 23
23 1 25
23 2 24
23 3 20
23 4 7
23 5 23
23 6 5
23 7 15
23 8 9
23 9 26
23 10 15
23 11 18
23 12 30
23 13 15
23 14 5
23 15 8
23 16 8
23 17 21
23 18 36
23 19 4
23 20 5
23 21 8
23 22 9
23 23 -1
23 24 4
23 25 23
23 26 32
23 27 19
23 28 11
23 29 17
23 30 8
23 31 27
23 32 14
23 33 14
23 34 11
23 35 14
23 36 30
23 37 22
23 38 8
23 39 33
23 40 20
24 1 25
24 2 27
24 3 17
24 4 12
24 5 26
24 6 5
24 7 11
24 8 13
24 9 28
24 10 13
24 11 22
24 12 32
24 13 13
24 14 9
24 15 6
24 16 7
24 17 26
24 18 38
24 19 2
24 20 9
24 21 4
24 22 13
24 23 4
24 24 -1
24 25 27
24 26 36
24 27 23
24 28 15
24 29 21
24 30 12
24 31 31
24 32 14
24 33 12
24 34 10
24 35 16
24 36 30
24 37 27
24 38 9
24 39 37
24 40 22
25 1 28
25 2 12
25 3 34
25 4 18
25 5 11
25 6 28
25 7 33
25 8 14
25 9 19
25 10 30
25 11 5
25 12 16
25 13 26
25 14 20
25 15 31
25 16 23
25 17 10
25 18 24
25 19 27
25 20 18
25 21 31
25 22 20
25 23 23
25 24 27
25 25 -1
25 26 12
25 27 5
25 28 17
25 29 7
25 30 15
25 31 10
25 32 23
25 33 27
25 34 32
25 35 30
25 36 26
25 37 10
25 38 21
25 39 16
25 40 13
26 1 27
26 2 10
26 3 38
26 4 29
26 5 11
26 6 38
26 7 40
26 8 26
26 9 15
26 10 35
26 11 17
26 12 8
26 13 30
26 14 32
26 15 41
26 16 30
26 17 22
26 18 14
26 19 36
26 20 29
26 21 39
26 22 32
26 23 32
26 24 36
26 25 12
26 26 -1
26 27 13
26 28 29
26 29 19
26 30 24
26 31 20
26 32 27
26 33 32
26 34 43
26 35 43
26 36 21
26 37 22
26 38 28
26 39 25
26 40 15
27 1 23
27 2 8
27 3 29
27 4 16
27 5 7
27 6 25
27 7 28
27 8 12
27 9 15
27 10 25
27 11 6
27 12 13
27 13 20
27 14 18
27 15 28
27 16 18
27 17 14
27 18 21
27 19 23
27 20 15
27 21 27
27 22 19
27 23 19
27 24 23
27 25 5
27 26 13
27 27 -1
27 28 17
27 29 8
27 30 11
27 31 15
27 32 17
27 33 21
27 34 29
27 35 29
27 36 21
27 37 14
27 38 16
27 39 21
27 40 8
28 1 33
28 2 24
28 3 30
28 4 3
28 5 23
28 6 13
28 7 26
28 8 5
28 9 29
28 10 25
28 11 12
28 12 30
28 13 24
28 14 5
28 15 16
28 16 17
28 17 12
28 18 38
28 19 14
28 20 6
28 21 19
28 22 3
28 23 11
28 24 15
28 25 17
28 26 29
28 27 17
28 28 -1
28 29 10
28 30 11
28 31 18
28 32 22
28 33 23
28 34 16
28 35 13
28 36 34
28 37 13
28 38 16
28 39 22
28 40 22
29 1 29
29 2 16
29 3 32
29 4 11
29 5 15
29 6 22
29 7 30
29 8 8
29 9 23
29 10 27
29 11 2
29 12 21
29 13 24
29 14 14
29 15 25
29 16 19
29 17 6
29 18 29
29 19 21
29 20 12
29 21 25
29 22 13
29 23 17
29 24 21
29 25 7
29 26 19
29 27 8
29 28 10
29 29 -1
29 30 10
29 31 10
29 32 21
29 33 24
29 34 25
29 35 23
29 36 29
29 37 7
29 38 17
29 39 17
29 40 16
30 1 22
30 2 16
30 3 21
30 4 8
30 5 15
30 6 14
30 7 19
30 8 6
30 9 19
30 10 16
30 11 10
30 12 22
30 13 13
30 14 9
30 15 17
30 16 8
30 17 16
30 18 29
30 19 12
30 20 5
30 21 16
30 22 11
30 23 8
30 24 12
30 25 15
30 26 24
30 27 11
30 28 11
30 29 10
30 30 -1
30 31 21
30 32 11
30 33 14
30 34 19
30 35 20
30 36 24
30 37 17
30 38 7
30 39 27
30 40 12
31 1 38
31 2 22
31 3 43
31 4 20
31 5 21
31 6 31
31 7 40
31 8 18
31 9 30
31 10 38
31 11 11
31 12 26
31 13 34
31 14 23
31 15 34
31 16 30
31 17 6
31 18 34
31 19 31
31 20 22
31 21 36
31 22 21
31 23 27
31 24 31
31 25 10
31 26 20
31 27 15
31 28 18
31 29 10
31 30 21
31 31 -1
31 32 31
31 33 35
31 34 34
31 35 30
31 36 36
31 37 5
31 38 28
31 39 6
31 40 24
32 1 11
32 2 17
32 3 12
32 4 19
32 5 16
32 6 19
32 7 13
32 8 17
32 9 15
32 10 8
32 11 20
32 12 21
32 13 3
32 14 19
32 15 20
32 16 6
32 17 28
32 18 25
32 19 16
32 20 16
32 21 16
32 22 22
32 23 14
32 24 14
32 25 23
32 26 27
32 27 17
32 28 22
32 29 21
32 30 11
32 31 31
32 32 -1
32 33 5
32 34 25
32 35 29
32 36 16
32 37 28
32 38 6
32 39 38
32 40 12
33 1 13
33 2 22
33 3 7
33 4 20
33 5 21
33 6 17
33 7 8
33 8 19
33 9 19
33 10 3
33 11 24
33 12 26
33 13 2
33 14 19
33 15 18
33 16 6
33 17 31
33 18 30
33 19 14
33 20 17
33 21 13
33 22 22
33 23 14
33 24 12
33 25 27
33 26 32
33 27 21
33 28 23
33 29 24
33 30 14
33 31 35
33 32 5
33 33 -1
33 34 23
33 35 28
33 36 20
33 37 31
33 38 7
33 39 41
33 40 17
34 1 36
34 2 35
34 3 27
34 4 14
34 5 34
34 6 5
34 7 20
34 8 17
34 9 38
34 10 23
34 11 26
34 12 41
34 13 24
34 14 11
34 15 5
34 16 18
34 17 28
34 18 48
34 19 8
34 20 14
34 21 11
34 22 13
34 23 11
34 24 10
34 25 32
34 26 43
34 27 29
34 28 16
34 29 25
34 30 19
34 31 34
34 32 25
34 33 23
34 34 -1
34 35 7
34 36 41
34 37 29
34 38 19
34 39 38
34 40 31
35 1 40
35 2 36
35 3 33
35 4 13
35 5 35
35 6 11
35 7 26
35 8 17
35 9 40
35 10 29
35 11 25
35 12 42
35 13 29
35 14 11
35 15 11
35 16 22
35 17 24
35 18 49
35 19 14
35 20 15
35 21 17
35 22 10
35 23 14
35 24 16
35 25 30
35 26 43
35 27 29
35 28 13
35 29 23
35 30 20
35 31 30
35 32 29
35 33 28
35 34 7
35 35 -1
35 36 44
35 37 25
35 38 23
35 39 34
35 40 33
36 1 8
36 2 14
36 3 23
36 4 32
36 5 14
36 6 35
36 7 27
36 8 29
36 9 6
36 10 21
36 11 27
36 12 13
36 13 17
36 14 33
36 15 37
36 16 22
36 17 35
36 18 12
36 19 32
36 20 29
36 21 32
36 22 35
36 23 30
36 24 30
36 25 26
36 26 21
36 27 21
36 28 34
36 29 29
36 30 24
36 31 36
36 32 16
36 33 20
36 34 41
36 35 44
36 36 -1
36 37 35
36 38 21
36 39 42
36 40 13
37 1 36
37 2 22
37 3 39
37 4 15
37 5 21
37 6 26
37 7 36
37 8 13
37 9 29
37 10 34
37 11 8
37 12 26
37 13 31
37 14 18
37 15 29
37 16 26
37 17 1
37 18 34
37 19 26
37 20 17
37 21 31
37 22 16
37 23 22
37 24 27
37 25 10
37 26 22
37 27 14
37 28 13
37 29 7
37 30 17
37 31 5
37 32 28
37 33 31
37 34 29
37 35 25
37 36 35
37 37 -1
37 38 24
37 39 10
37 40 22
38 1 17
38 2 18
38 3 14
38 4 13
38 5 17
38 6 13
38 7 12
38 8 12
38 9 19
38 10 9
38 11 17
38 12 23
38 13 7
38 14 13
38 15 15
38 16 2
38 17 24
38 18 29
38 19 10
38 20 10
38 21 12
38 22 16
38 23 8
38 24 9
38 25 21
38 26 28
38 27 16
38 28 16
38 29 17
38 30 7
38 31 28
38 32 6
38 33 7
38 34 19
38 35 23
38 36 21
38 37 24
38 38 -1
38 39 34
38 40 13
39 1 45
39 2 28
39 3 49
39 4 25
39 5 27
39 6 36
39 7 46
39 8 23
39 9 36
39 10 44
39 11 17
39 12 31
39 13 41
39 14 28
39 15 39
39 16 36
39 17 11
39 18 39
39 19 36
39 20 27
39 21 41
39 22 25
39 23 33
39 24 37
39 25 16
39 26 25
39 27 21
39 28 22
39 29 17
39 30 27
39 31 6
39 32 38
39 33 41
39 34 38
39 35 34
39 36 42
39 37 10
39 38 34
39 39 -1
39 40 30
40 1 15
40 2 5
40 3 23
40 4 20
40 5 4
40 6 26
40 7 25
40 8 17
40 9 7
40 10 20
40 11 14
40 12 9
40 13 15
40 14 22
40 15 28
40 16 15
40 17 22
40 18 16
40 19 23
40 20 18
40 21 26
40 22 23
40 23 20
40 24 22
40 25 13
40 26 15
40 27 8
40 28 22
40 29 16
40 30 12
40 31 24
40 32 12
40 33 17
40 34 31
40 35 33
40 36 13
40 37 22
40 38 13
40 39 30
40 40 -1
