1 1 -1
1 2 56
1 3 16
1 4 43
1 5 50
1 6 40
1 7 21
1 8 9
1 9 68
1 10 34
1 11 42
1 12 8
1 13 50
1 14 3
1 15 3
1 16 53
1 17 32
1 18 26
1 19 51
1 20 23
1 21 42
1 22 53
1 23 45
1 24 39
1 25 30
1 26 27
1 27 48
1 28 47
1 29 58
1 30 48
1 31 56
1 32 40
1 33 24
1 34 10
1 35 49
1 36 15
1 37 12
1 38 38
1 39 54
1 40 17
1 41 9
1 42 25
1 43 63
1 44 35
1 45 5
1 46 51
1 47 22
1 48 13
1 49 24
1 50 49
1 51 12
1 52 65
1 53 41
1 54 25
1 55 47
1 56 26
1 57 51
1 58 28
1 59 46
1 60 34
2 1 56
2 2 -1
2 3 42
2 4 74
2 5 36
2 6 18
2 7 56
2 8 57
2 9 55
2 10 56
2 11 36
2 12 48
2 13 53
2 14 58
2 15 57
2 16 53
2 17 39
2 18 31
2 19 5
2 20 35
2 21 43
2 22 54
2 23 55
2 24 59
2 25 48
2 26 29
2 27 30
2 28 39
2 29 53
2 30 68
2 31 42
2 32 74
2 33 47
2 34 50
2 35 9
2 36 49
2 37 44
2 38 34
2 39 2
2 40 40
2 41 46
2 42 70
2 43 51
2 44 46
2 45 51
2 46 68
2 47 34
2 48 42
2 49 58
2 50 69
2 51 45
2 52 51
2 53 74
2 54 60
2 55 8
2 56 58
2 57 45
2 58 47
2 59 45
2 60 39
3 1 16
3 2 42
3 3 -1
3 4 53
3 5 45
3 6 28
3 7 30
3 8 15
3 9 66
3 10 40
3 11 39
3 12 9
3 13 51
3 14 19
3 15 18
3 16 53
3 17 30
3 18 16
3 19 38
3 20 17
3 21 41
3 22 54
3 23 48
3 24 45
3 25 32
3 26 13
3 27 41
3 28 44
3 29 57
3 30 55
3 31 53
3 32 51
3 33 27
3 34 17
3 35 36
3 36 21
3 37 8
3 38 34
3 39 41
3 40 11
3 41 7
3 42 39
3 43 61
3 44 36
3 45 10
3 46 57
3 47 8
3 48 5
3 49 33
3 50 56
3 51 4
3 52 63
3 53 52
3 54 35
3 55 34
3 56 35
3 57 49
3 58 30
3 59 45
3 60 32
4 1 43
4 2 74
4 3 53
4 4 -1
4 5 44
4 6 57
4 7 23
4 8 52
4 9 48
4 10 17
4 11 40
4 12 45
4 13 29
4 14 40
4 15 40
4 16 32
4 17 34
4 18 47
4 19 69
4 20 42
4 21 33
4 22 31
4 23 24
4 24 16
4 25 26
4 26 55
4 27 47
4 28 39
4 29 37
4 30 12
4 31 44
4 32 5
4 33 29
4 34 36
4 35 65
4 36 32
4 37 45
4 38 40
4 39 72
4 40 43
4 41 47
4 42 20
4 43 45
4 44 28
4 45 47
4 46 16
4 47 53
4 48 48
4 49 20
4 50 12
4 51 50
4 52 48
4 53 3
4 54 18
4 55 66
4 56 18
4 57 37
4 58 27
4 59 34
4 60 35
5 1 50
5 2 36
5 3 45
5 4 44
5 5 -1
5 6 25
5 7 36
5 8 56
5 9 21
5 10 28
5 11 7
5 12 44
5 13 17
5 14 51
5 15 49
5 16 17
5 17 18
5 18 29
5 19 32
5 20 29
5 21 11
5 22 18
5 23 21
5 24 28
5 25 24
5 26 36
5 27 6
5 28 5
5 29 17
5 30 35
5 31 7
5 32 47
5 33 27
5 34 40
5 35 28
5 36 36
5 37 41
5 38 12
5 39 34
5 40 35
5 41 45
5 42 50
5 43 16
5 44 19
5 45 49
5 46 33
5 47 39
5 48 42
5 49 37
5 50 36
5 51 46
5 52 17
5 53 46
5 54 38
5 55 31
5 56 35
5 57 8
5 58 25
5 59 10
5 60 15
6 1 40
6 2 18
6 3 28
6 4 57
6 5 25
6 6 -1
6 7 38
6 8 42
6 9 46
6 10 39
6 11 22
6 12 32
6 13 39
6 14 42
6 15 40
6 16 40
6 17 22
6 18 14
6 19 13
6 20 18
6 21 28
6 22 41
6 23 39
6 24 42
6 25 30
6 26 15
6 27 19
6 28 27
6 29 42
6 30 52
6 31 32
6 32 57
6 33 29
6 34 33
6 35 9
6 36 31
6 37 28
6 38 18
6 39 16
6 40 23
6 41 31
6 42 52
6 43 42
6 44 29
6 45 36
6 46 52
6 47 19
6 48 27
6 49 40
6 50 53
6 51 30
6 52 43
6 53 57
6 54 42
6 55 9
6 56 40
6 57 33
6 58 29
6 59 31
6 60 22
7 1 21
7 2 56
7 3 30
7 4 23
7 5 36
7 6 38
7 7 -1
7 8 31
7 9 49
7 10 12
7 11 29
7 12 22
7 13 30
7 14 20
7 15 19
7 16 33
7 17 19
7 18 26
7 19 51
7 20 21
7 21 25
7 22 33
7 23 24
7 24 18
7 25 12
7 26 32
7 27 36
7 28 31
7 29 38
7 30 26
7 31 40
7 32 21
7 33 9
7 34 13
7 35 47
7 36 9
7 37 22
7 38 26
7 39 54
7 40 20
7 41 24
7 42 14
7 43 45
7 44 17
7 45 24
7 46 29
7 47 30
7 48 25
7 49 3
7 50 27
7 51 27
7 52 47
7 53 22
7 54 5
7 55 47
7 56 5
7 57 33
7 58 11
7 59 28
7 60 21
8 1 9
8 2 57
8 3 15
8 4 52
8 5 56
8 6 42
8 7 31
8 8 -1
8 9 75
8 10 43
8 11 49
8 12 12
8 13 58
8 14 12
8 15 12
8 16 61
8 17 39
8 18 29
8 19 53
8 20 28
8 21 50
8 22 61
8 23 54
8 24 48
8 25 38
8 26 28
8 27 53
8 28 54
8 29 65
8 30 57
8 31 63
8 32 49
8 33 32
8 34 18
8 35 51
8 36 23
8 37 15
8 38 44
8 39 56
8 40 21
8 41 12
8 42 34
8 43 70
8 44 43
8 45 7
8 46 60
8 47 23
8 48 15
8 49 33
8 50 58
8 51 12
8 52 73
8 53 50
8 54 35
8 55 49
8 56 36
8 57 58
8 58 36
8 59 53
8 60 41
9 1 68
9 2 55
9 3 66
9 4 48
9 5 21
9 6 46
9 7 49
9 8 75
9 9 -1
9 10 38
9 11 27
9 12 63
9 13 19
9 14 68
9 15 66
9 16 16
9 17 36
9 18 50
9 19 52
9 20 49
9 21 25
9 22 17
9 23 25
9 24 34
9 25 38
9 26 57
9 27 27
9 28 22
9 29 11
9 30 36
9 31 13
9 32 52
9 33 43
9 34 57
9 35 48
9 36 52
9 37 60
9 38 32
9 39 53
9 40 55
9 41 64
9 42 60
9 43 5
9 44 33
9 45 67
9 46 32
9 47 60
9 48 62
9 49 49
9 50 36
9 51 65
9 52 4
9 53 51
9 54 49
9 55 51
9 56 46
9 57 16
9 58 40
9 59 22
9 60 33
10 1 34
10 2 56
10 3 40
10 4 17
10 5 28
10 6 39
10 7 12
10 8 43
10 9 38
10 10 -1
10 11 23
10 12 33
10 13 18
10 14 33
10 15 31
10 16 21
10 17 17
10 18 31
10 19 51
10 20 26
10 21 17
10 22 21
10 23 12
10 24 5
10 25 8
10 26 39
10 27 30
10 28 23
10 29 26
10 30 15
10 31 31
10 32 18
10 33 13
10 34 24
10 35 47
10 36 19
10 37 32
10 38 22
10 39 54
10 40 29
10 41 34
10 42 22
10 43 34
10 44 10
10 45 36
10 46 17
10 47 38
10 48 35
10 49 11
10 50 16
10 51 37
10 52 37
10 53 18
10 54 11
10 55 48
10 56 8
10 57 24
10 58 10
10 59 19
10 60 17
11 1 42
11 2 36
11 3 39
11 4 40
11 5 7
11 6 22
11 7 29
11 8 49
11 9 27
11 10 23
11 11 -1
11 12 37
11 13 17
11 14 43
11 15 41
11 16 18
11 17 10
11 18 23
11 19 31
11 20 21
11 21 7
11 22 19
11 23 18
11 24 24
11 25 17
11 26 30
11 27 7
11 28 5
11 29 20
11 30 32
11 31 14
11 32 42
11 33 20
11 34 32
11 35 27
11 36 28
11 37 34
11 38 5
11 39 34
11 40 28
11 41 37
11 42 43
11 43 22
11 44 12
11 45 41
11 46 31
11 47 32
11 48 35
11 49 30
11 50 33
11 51 38
11 52 24
11 53 41
11 54 31
11 55 29
11 56 28
11 57 11
11 58 18
11 59 9
11 60 8
12 1 8
12 2 48
12 3 9
12 4 45
12 5 44
12 6 32
12 7 22
12 8 12
12 9 63
12 10 33
12 11 37
12 12 -1
12 13 46
12 14 11
12 15 9
12 16 49
12 17 27
12 18 18
12 19 43
12 20 16
12 21 38
12 22 49
12 23 42
12 24 38
12 25 27
12 26 18
12 27 41
12 28 41
12 29 54
12 30 47
12 31 51
12 32 42
12 33 21
12 34 9
12 35 41
12 36 13
12 37 4
12 38 32
12 39 46
12 40 9
12 41 2
12 42 29
12 43 58
12 44 31
12 45 4
12 46 50
12 47 14
12 48 5
12 49 25
12 50 48
12 51 5
12 52 60
12 53 43
12 54 27
12 55 39
12 56 27
12 57 46
12 58 25
12 59 41
12 60 29
13 1 50
13 2 53
13 3 51
13 4 29
13 5 17
13 6 39
13 7 30
13 8 58
13 9 19
13 10 18
13 11 17
13 12 46
13 13 -1
13 14 49
13 15 48
13 16 3
13 17 20
13 18 37
13 19 49
13 20 34
13 21 11
13 22 2
13 23 6
13 24 15
13 25 19
13 26 45
13 27 22
13 28 13
13 29 8
13 30 18
13 31 15
13 32 33
13 33 25
13 34 39
13 35 44
13 36 34
13 37 44
13 38 21
13 39 51
13 40 39
13 41 48
13 42 40
13 43 16
13 44 15
13 45 50
13 46 16
13 47 46
13 48 46
13 49 29
13 50 19
13 51 50
13 52 19
13 53 32
13 54 29
13 55 46
13 56 26
13 57 9
13 58 22
13 59 8
13 60 19
14 1 3
14 2 58
14 3 19
14 4 40
14 5 51
14 6 42
14 7 20
14 8 12
14 9 68
14 10 33
14 11 43
14 12 11
14 13 49
14 14 -1
14 15 2
14 16 52
14 17 33
14 18 28
14 19 54
14 20 25
14 21 42
14 22 52
14 23 44
14 24 38
14 25 29
14 26 30
14 27 49
14 28 47
14 29 57
14 30 46
14 31 56
14 32 37
14 33 24
14 34 10
14 35 51
14 36 15
14 37 14
14 38 39
14 39 57
14 40 19
14 41 13
14 42 22
14 43 63
14 44 35
14 45 9
14 46 49
14 47 25
14 48 17
14 49 22
14 50 47
14 51 15
14 52 65
14 53 38
14 54 23
14 55 50
14 56 25
14 57 51
14 58 27
14 59 46
14 60 35
15 1 3
15 2 57
15 3 18
15 4 40
15 5 49
15 6 40
15 7 19
15 8 12
15 9 66
15 10 31
15 11 41
15 12 9
15 13 48
15 14 2
15 15 -1
15 16 50
15 17 31
15 18 26
15 19 52
15 20 23
15 21 41
15 22 50
15 23 43
15 24 37
15 25 28
15 26 28
15 27 47
15 28 45
15 29 55
15 30 45
15 31 55
15 32 37
15 33 22
15 34 8
15 35 49
15 36 13
15 37 13
15 38 37
15 39 55
15 40 17
15 41 11
15 42 22
15 43 61
15 44 33
15 45 8
15 46 48
15 47 23
15 48 15
15 49 21
15 50 46
15 51 14
15 52 64
15 53 38
15 54 23
15 55 48
15 56 24
15 57 49
15 58 26
15 59 44
15 60 33
16 1 53
16 2 53
16 3 53
16 4 32
16 5 17
16 6 40
16 7 33
16 8 61
16 9 16
16 10 21
16 11 18
16 12 49
16 13 3
16 14 52
16 15 50
16 16 -1
16 17 22
16 18 39
16 19 49
16 20 36
16 21 12
16 22 1
16 23 9
16 24 18
16 25 22
16 26 47
16 27 22
16 28 13
16 29 5
16 30 21
16 31 13
16 32 36
16 33 28
16 34 42
16 35 44
16 36 37
16 37 47
16 38 22
16 39 50
16 40 42
16 41 50
16 42 43
16 43 13
16 44 17
16 45 53
16 46 18
16 47 48
16 48 49
16 49 32
16 50 21
16 51 52
16 52 16
16 53 35
16 54 32
16 55 47
16 56 29
16 57 8
16 58 24
16 59 9
16 60 21
17 1 32
17 2 39
17 3 30
17 4 34
17 5 18
17 6 22
17 7 19
17 8 39
17 9 36
17 10 17
17 11 10
17 12 27
17 13 20
17 14 33
17 15 31
17 16 22
17 17 -1
17 18 17
17 19 34
17 20 13
17 21 10
17 22 23
17 23 19
17 24 20
17 25 8
17 26 25
17 27 17
17 28 14
17 29 26
17 30 30
17 31 23
17 32 35
17 33 10
17 34 22
17 35 30
17 36 18
17 37 24
17 38 7
17 39 37
17 40 19
17 41 28
17 42 33
17 43 31
17 44 7
17 45 31
17 46 30
17 47 25
17 48 26
17 49 20
17 50 31
17 51 30
17 52 33
17 53 35
17 54 22
17 55 31
17 56 19
17 57 19
17 58 8
17 59 14
17 60 2
18 1 26
18 2 31
18 3 16
18 4 47
18 5 29
18 6 14
18 7 26
18 8 29
18 9 50
18 10 31
18 11 23
18 12 18
18 13 37
18 14 28
18 15 26
18 16 39
18 17 17
18 18 -1
18 19 26
18 20 5
18 21 27
18 22 40
18 23 36
18 24 35
18 25 22
18 26 8
18 27 25
18 28 28
18 29 43
18 30 45
18 31 37
18 32 47
18 33 18
18 34 19
18 35 23
18 36 18
18 37 14
18 38 18
18 39 29
18 40 9
18 41 17
18 42 39
18 43 45
18 44 24
18 45 22
18 46 47
18 47 9
18 48 13
18 49 29
18 50 46
18 51 17
18 52 47
18 53 47
18 54 31
18 55 22
18 56 29
18 57 34
18 58 20
18 59 30
18 60 18
19 1 51
19 2 5
19 3 38
19 4 69
19 5 32
19 6 13
19 7 51
19 8 53
19 9 52
19 10 51
19 11 31
19 12 43
19 13 49
19 14 54
19 15 52
19 16 49
19 17 34
19 18 26
19 19 -1
19 20 30
19 21 38
19 22 50
19 23 50
19 24 54
19 25 43
19 26 25
19 27 26
19 28 35
19 29 49
19 30 63
19 31 39
19 32 70
19 33 42
19 34 45
19 35 4
19 36 44
19 37 39
19 38 29
19 39 3
19 40 35
19 41 42
19 42 65
19 43 48
19 44 41
19 45 47
19 46 63
19 47 30
19 48 38
19 49 53
19 50 64
19 51 41
19 52 48
19 53 70
19 54 55
19 55 4
19 56 53
19 57 41
19 58 42
19 59 40
19 60 34
20 1 23
20 2 35
20 3 17
20 4 42
20 5 29
20 6 18
20 7 21
20 8 28
20 9 49
20 10 26
20 11 21
20 12 16
20 13 34
20 14 25
20 15 23
20 16 36
20 17 13
20 18 5
20 19 30
20 20 -1
20 21 24
20 22 37
20 23 32
20 24 31
20 25 18
20 26 12
20 27 25
20 28 27
20 29 40
20 30 41
20 31 36
20 32 42
20 33 13
20 34 15
20 35 27
20 36 13
20 37 12
20 38 16
20 39 34
20 40 6
20 41 16
20 42 35
20 43 44
20 44 20
20 45 20
20 46 43
20 47 12
20 48 13
20 49 24
20 50 42
20 51 17
20 52 46
20 53 42
20 54 26
20 55 26
20 56 24
20 57 32
20 58 16
20 59 28
20 60 15
21 1 42
21 2 43
21 3 41
21 4 33
21 5 11
21 6 28
21 7 25
21 8 50
21 9 25
21 10 17
21 11 7
21 12 38
21 13 11
21 14 42
21 15 41
21 16 12
21 17 10
21 18 27
21 19 38
21 20 24
21 21 -1
21 22 13
21 23 11
21 24 17
21 25 13
21 26 34
21 27 14
21 28 6
21 29 16
21 30 25
21 31 14
21 32 35
21 33 18
21 34 32
21 35 34
21 36 27
21 37 35
21 38 10
21 39 41
21 40 30
21 41 39
21 42 39
21 43 20
21 44 8
21 45 42
21 46 24
21 47 36
21 48 37
21 49 26
21 50 26
21 51 40
21 52 23
21 53 35
21 54 27
21 55 36
21 56 24
21 57 8
21 58 15
21 59 3
21 60 8
22 1 53
22 2 54
22 3 54
22 4 31
22 5 18
22 6 41
22 7 33
22 8 61
22 9 17
22 10 21
22 11 19
22 12 49
22 13 2
22 14 52
22 15 50
22 16 1
22 17 23
22 18 40
22 19 50
22 20 37
22 21 13
22 22 -1
22 23 8
22 24 17
22 25 22
22 26 48
22 27 23
22 28 14
22 29 6
22 30 19
22 31 15
22 32 35
22 33 28
22 34 42
22 35 45
22 36 37
22 37 47
22 38 23
22 39 52
22 40 42
22 41 50
22 42 43
22 43 14
22 44 18
22 45 53
22 46 17
22 47 49
22 48 49
22 49 32
22 50 20
22 51 52
22 52 17
22 53 34
22 54 32
22 55 48
22 56 29
22 57 9
22 58 24
22 59 10
22 60 21
23 1 45
23 2 55
23 3 48
23 4 24
23 5 21
23 6 39
23 7 24
23 8 54
23 9 25
23 10 12
23 11 18
23 12 42
23 13 6
23 14 44
23 15 43
23 16 9
23 17 19
23 18 36
23 19 50
23 20 32
23 21 11
23 22 8
23 23 -1
23 24 9
23 25 15
23 26 44
23 27 25
23 28 16
23 29 14
23 30 14
23 31 20
23 32 27
23 33 21
23 34 35
23 35 46
23 36 30
23 37 41
23 38 21
23 39 52
23 40 36
23 41 44
23 42 34
23 43 22
23 44 12
23 45 46
23 46 13
23 47 44
23 48 43
23 49 23
23 50 14
23 51 46
23 52 25
23 53 26
23 54 23
23 55 47
23 56 21
23 57 13
23 58 17
23 59 10
23 60 18
24 1 39
24 2 59
24 3 45
24 4 16
24 5 28
24 6 42
24 7 18
24 8 48
24 9 34
24 10 5
24 11 24
24 12 38
24 13 15
24 14 38
24 15 37
24 16 18
24 17 20
24 18 35
24 19 54
24 20 31
24 21 17
24 22 17
24 23 9
24 24 -1
24 25 13
24 26 43
24 27 31
24 28 23
24 29 23
24 30 10
24 31 29
24 32 18
24 33 18
24 34 30
24 35 50
24 36 25
24 37 37
24 38 24
24 39 57
24 40 34
24 41 40
24 42 26
24 43 31
24 44 13
24 45 41
24 46 12
24 47 43
24 48 40
24 49 16
24 50 11
24 51 42
24 52 34
24 53 18
24 54 15
24 55 51
24 56 13
24 57 22
24 58 15
24 59 18
24 60 20
25 1 30
25 2 48
25 3 32
25 4 26
25 5 24
25 6 30
25 7 12
25 8 38
25 9 38
25 10 8
25 11 17
25 12 27
25 13 19
25 14 29
25 15 28
25 16 22
25 17 8
25 18 22
25 19 43
25 20 18
25 21 13
25 22 22
25 23 15
25 24 13
25 25 -1
25 26 30
25 27 24
25 28 19
25 29 27
25 30 23
25 31 28
25 32 26
25 33 5
25 34 19
25 35 38
25 36 14
25 37 25
25 38 15
25 39 45
25 40 21
25 41 28
25 42 26
25 43 33
25 44 5
25 45 31
25 46 25
25 47 30
25 48 28
25 49 13
25 50 24
25 51 31
25 52 36
25 53 26
25 54 14
25 55 39
25 56 11
25 57 21
25 58 2
25 59 16
25 60 9
26 1 27
26 2 29
26 3 13
26 4 55
26 5 36
26 6 15
26 7 32
26 8 28
26 9 57
26 10 39
26 11 30
26 12 18
26 13 45
26 14 30
26 15 28
26 16 47
26 17 25
26 18 8
26 19 25
26 20 12
26 21 34
26 22 48
26 23 44
26 24 43
26 25 30
26 26 -1
26 27 31
26 28 35
26 29 50
26 30 53
26 31 43
26 32 54
26 33 26
26 34 23
26 35 23
26 36 24
26 37 15
26 38 25
26 39 28
26 40 12
26 41 17
26 42 45
26 43 52
26 44 32
26 45 22
26 46 55
26 47 5
26 48 13
26 49 35
26 50 54
26 51 16
26 52 54
26 53 54
26 54 38
26 55 21
26 56 36
26 57 41
26 58 28
26 59 38
26 60 26
27 1 48
27 2 30
27 3 41
27 4 47
27 5 6
27 6 19
27 7 36
27 8 53
27 9 27
27 10 30
27 11 7
27 12 41
27 13 22
27 14 49
27 15 47
27 16 22
27 17 17
27 18 25
27 19 26
27 20 25
27 21 14
27 22 23
27 23 25
27 24 31
27 25 24
27 26 31
27 27 -1
27 28 9
27 29 23
27 30 39
27 31 13
27 32 49
27 33 27
27 34 38
27 35 22
27 36 34
27 37 38
27 38 10
27 39 28
27 40 32
27 41 41
27 42 50
27 43 22
27 44 20
27 45 46
27 46 38
27 47 34
27 48 38
27 49 37
27 50 40
27 51 42
27 52 23
27 53 49
27 54 38
27 55 25
27 56 35
27 57 14
27 58 25
27 59 15
27 60 15
28 1 47
28 2 39
28 3 44
28 4 39
28 5 5
28 6 27
28 7 31
28 8 54
28 9 22
28 10 23
28 11 5
28 12 41
28 13 13
28 14 47
28 15 45
28 16 13
28 17 14
28 18 28
28 19 35
28 20 27
28 21 6
28 22 14
28 23 16
28 24 23
28 25 19
28 26 35
28 27 9
28 28 -1
28 29 15
28 30 30
28 31 9
28 32 41
28 33 23
28 34 36
28 35 31
28 36 32
28 37 38
28 38 10
28 39 37
28 40 33
28 41 42
28 42 45
28 43 17
28 44 14
28 45 46
28 46 29
28 47 38
28 48 40
28 49 32
28 50 31
28 51 43
28 52 19
28 53 41
28 54 33
28 55 33
28 56 30
28 57 6
28 58 20
28 59 5
28 60 12
29 1 58
29 2 53
29 3 57
29 4 37
29 5 17
29 6 42
29 7 38
29 8 65
29 9 11
29 10 26
29 11 20
29 12 54
29 13 8
29 14 57
29 15 55
29 16 5
29 17 26
29 18 43
29 19 49
29 20 40
29 21 16
29 22 6
29 23 14
29 24 23
29 25 27
29 26 50
29 27 23
29 28 15
29 29 -1
29 30 25
29 31 11
29 32 41
29 33 33
29 34 47
29 35 45
29 36 42
29 37 51
29 38 25
29 39 51
29 40 46
29 41 55
29 42 49
29 43 8
29 44 22
29 45 58
29 46 22
29 47 52
29 48 53
29 49 38
29 50 25
29 51 56
29 52 11
29 53 40
29 54 38
29 55 48
29 56 35
29 57 9
29 58 29
29 59 12
29 60 25
30 1 48
30 2 68
30 3 55
30 4 12
30 5 35
30 6 52
30 7 26
30 8 57
30 9 36
30 10 15
30 11 32
30 12 47
30 13 18
30 14 46
30 15 45
30 16 21
30 17 30
30 18 45
30 19 63
30 20 41
30 21 25
30 22 19
30 23 14
30 24 10
30 25 23
30 26 53
30 27 39
30 28 30
30 29 25
30 30 -1
30 31 34
30 32 16
30 33 28
30 34 39
30 35 59
30 36 34
30 37 47
30 38 34
30 39 66
30 40 44
30 41 49
30 42 29
30 43 33
30 44 22
30 45 50
30 46 4
30 47 53
30 48 50
30 49 23
30 50 1
30 51 52
30 52 36
30 53 15
30 54 22
30 55 60
30 56 21
30 57 27
30 58 25
30 59 24
30 60 29
31 1 56
31 2 42
31 3 53
31 4 44
31 5 7
31 6 32
31 7 40
31 8 63
31 9 13
31 10 31
31 11 14
31 12 51
31 13 15
31 14 56
31 15 55
31 16 13
31 17 23
31 18 37
31 19 39
31 20 36
31 21 14
31 22 15
31 23 20
31 24 29
31 25 28
31 26 43
31 27 13
31 28 9
31 29 11
31 30 34
31 31 -1
31 32 48
31 33 32
31 34 46
31 35 35
31 36 41
31 37 48
31 38 19
31 39 40
31 40 42
31 41 51
31 42 53
31 43 9
31 44 22
31 45 55
31 46 31
31 47 46
31 48 49
31 49 40
31 50 34
31 51 53
31 52 10
31 53 47
31 54 41
31 55 38
31 56 38
31 57 7
31 58 29
31 59 12
31 60 21
32 1 40
32 2 74
32 3 51
32 4 5
32 5 47
32 6 57
32 7 21
32 8 49
32 9 52
32 10 18
32 11 42
32 12 42
32 13 33
32 14 37
32 15 37
32 16 36
32 17 35
32 18 47
32 19 70
32 20 42
32 21 35
32 22 35
32 23 27
32 24 18
32 25 26
32 26 54
32 27 49
32 28 41
32 29 41
32 30 16
32 31 48
32 32 -1
32 33 28
32 34 33
32 35 65
32 36 30
32 37 43
32 38 41
32 39 72
32 40 42
32 41 44
32 42 16
32 43 49
32 44 29
32 45 44
32 46 21
32 47 52
32 48 46
32 49 18
32 50 17
32 51 47
32 52 52
32 53 1
32 54 16
32 55 66
32 56 17
32 57 41
32 58 27
32 59 36
32 60 36
33 1 24
33 2 47
33 3 27
33 4 29
33 5 27
33 6 29
33 7 9
33 8 32
33 9 43
33 10 13
33 11 20
33 12 21
33 13 25
33 14 24
33 15 22
33 16 28
33 17 10
33 18 18
33 19 42
33 20 13
33 21 18
33 22 28
33 23 21
33 24 18
33 25 5
33 26 26
33 27 27
33 28 23
33 29 33
33 30 28
33 31 32
33 32 28
33 33 -1
33 34 14
33 35 38
33 36 9
33 37 19
33 38 17
33 39 45
33 40 16
33 41 22
33 42 24
33 43 38
33 44 10
33 45 25
33 46 30
33 47 25
33 48 22
33 49 11
33 50 29
33 51 25
33 52 41
33 53 28
33 54 13
33 55 38
33 56 11
33 57 26
33 58 3
33 59 21
33 60 12
34 1 10
34 2 50
34 3 17
34 4 36
34 5 40
34 6 33
34 7 13
34 8 18
34 9 57
34 10 24
34 11 32
34 12 9
34 13 39
34 14 10
34 15 8
34 16 42
34 17 22
34 18 19
34 19 45
34 20 15
34 21 32
34 22 42
34 23 35
34 24 30
34 25 19
34 26 23
34 27 38
34 28 36
34 29 47
34 30 39
34 31 46
34 32 33
34 33 14
34 34 -1
34 35 42
34 36 5
34 37 9
34 38 28
34 39 49
34 40 10
34 41 11
34 42 22
34 43 52
34 44 24
34 45 11
34 46 42
34 47 19
34 48 13
34 49 16
34 50 40
34 51 14
34 52 55
34 53 34
34 54 18
34 55 41
34 56 18
34 57 40
34 58 17
34 59 35
34 60 24
35 1 49
35 2 9
35 3 36
35 4 65
35 5 28
35 6 9
35 7 47
35 8 51
35 9 48
35 10 47
35 11 27
35 12 41
35 13 44
35 14 51
35 15 49
35 16 44
35 17 30
35 18 23
35 19 4
35 20 27
35 21 34
35 22 45
35 23 46
35 24 50
35 25 38
35 26 23
35 27 22
35 28 31
35 29 45
35 30 59
35 31 35
35 32 65
35 33 38
35 34 42
35 35 -1
35 36 41
35 37 37
35 38 25
35 39 7
35 40 32
35 41 40
35 42 61
35 43 44
35 44 37
35 45 45
35 46 59
35 47 28
35 48 36
35 49 49
35 50 60
35 51 39
35 52 44
35 53 65
35 54 51
35 55 3
35 56 49
35 57 36
35 58 38
35 59 36
35 60 29
36 1 15
36 2 49
36 3 21
36 4 32
36 5 36
36 6 31
36 7 9
36 8 23
36 9 52
36 10 19
36 11 28
36 12 13
36 13 34
36 14 15
36 15 13
36 16 37
36 17 18
36 18 18
36 19 44
36 20 13
36 21 27
36 22 37
36 23 30
36 24 25
36 25 14
36 26 24
36 27 34
36 28 32
36 29 42
36 30 34
36 31 41
36 32 30
36 33 9
36 34 5
36 35 41
36 36 -1
36 37 13
36 38 24
36 39 47
36 40 11
36 41 15
36 42 21
36 43 48
36 44 19
36 45 16
36 46 37
36 47 21
36 48 16
36 49 12
36 50 35
36 51 18
36 52 50
36 53 31
36 54 14
36 55 40
36 56 14
36 57 36
36 58 12
36 59 30
36 60 20
37 1 12
37 2 44
37 3 8
37 4 45
37 5 41
37 6 28
37 7 22
37 8 15
37 9 60
37 10 32
37 11 34
37 12 4
37 13 44
37 14 14
37 15 13
37 16 47
37 17 24
37 18 14
37 19 39
37 20 12
37 21 35
37 22 47
37 23 41
37 24 37
37 25 25
37 26 15
37 27 38
37 28 38
37 29 51
37 30 47
37 31 48
37 32 43
37 33 19
37 34 9
37 35 37
37 36 13
37 37 -1
37 38 29
37 39 42
37 40 5
37 41 3
37 42 31
37 43 55
37 44 29
37 45 8
37 46 49
37 47 10
37 48 3
37 49 25
37 50 48
37 51 5
37 52 57
37 53 44
37 54 27
37 55 35
37 56 27
37 57 43
37 58 23
37 59 39
37 60 26
38 1 38
38 2 34
38 3 34
38 4 40
38 5 12
38 6 18
38 7 26
38 8 44
38 9 32
38 10 22
38 11 5
38 12 32
38 13 21
38 14 39
38 15 37
38 16 22
38 17 7
38 18 18
38 19 29
38 20 16
38 21 10
38 22 23
38 23 21
38 24 24
38 25 15
38 26 25
38 27 10
38 28 10
38 29 25
38 30 34
38 31 19
38 32 41
38 33 17
38 34 28
38 35 25
38 36 24
38 37 29
38 38 -1
38 39 32
38 40 23
38 41 32
38 42 41
38 43 27
38 44 12
38 45 36
38 46 34
38 47 27
38 48 30
38 49 27
38 50 34
38 51 33
38 52 29
38 53 41
38 54 29
38 55 26
38 56 26
38 57 16
38 58 15
38 59 13
38 60 5
39 1 54
39 2 2
39 3 41
39 4 72
39 5 34
39 6 16
39 7 54
39 8 56
39 9 53
39 10 54
39 11 34
39 12 46
39 13 51
39 14 57
39 15 55
39 16 50
39 17 37
39 18 29
39 19 3
39 20 34
39 21 41
39 22 52
39 23 52
39 24 57
39 25 45
39 26 28
39 27 28
39 28 37
39 29 51
39 30 66
39 31 40
39 32 72
39 33 45
39 34 49
39 35 7
39 36 47
39 37 42
39 38 32
39 39 -1
39 40 38
39 41 45
39 42 68
39 43 49
39 44 44
39 45 50
39 46 65
39 47 33
39 48 41
39 49 56
39 50 67
39 51 44
39 52 49
39 53 72
39 54 58
39 55 7
39 56 56
39 57 43
39 58 45
39 59 42
39 60 36
40 1 17
40 2 40
40 3 11
40 4 43
40 5 35
40 6 23
40 7 20
40 8 21
40 9 55
40 10 29
40 11 28
40 12 9
40 13 39
40 14 19
40 15 17
40 16 42
40 17 19
40 18 9
40 19 35
40 20 6
40 21 30
40 22 42
40 23 36
40 24 34
40 25 21
40 26 12
40 27 32
40 28 33
40 29 46
40 30 44
40 31 42
40 32 42
40 33 16
40 34 10
40 35 32
40 36 11
40 37 5
40 38 23
40 39 38
40 40 -1
40 41 9
40 42 32
40 43 50
40 44 24
40 45 13
40 46 46
40 47 9
40 48 7
40 49 23
40 50 45
40 51 10
40 52 52
40 53 42
40 54 26
40 55 31
40 56 25
40 57 38
40 58 19
40 59 33
40 60 21
41 1 9
41 2 46
41 3 7
41 4 47
41 5 45
41 6 31
41 7 24
41 8 12
41 9 64
41 10 34
41 11 37
41 12 2
41 13 48
41 14 13
41 15 11
41 16 50
41 17 28
41 18 17
41 19 42
41 20 16
41 21 39
41 22 50
41 23 44
41 24 40
41 25 28
41 26 17
41 27 41
41 28 42
41 29 55
41 30 49
41 31 51
41 32 44
41 33 22
41 34 11
41 35 40
41 36 15
41 37 3
41 38 32
41 39 45
41 40 9
41 41 -1
41 42 32
41 43 59
41 44 32
41 45 5
41 46 52
41 47 12
41 48 4
41 49 27
41 50 50
41 51 3
41 52 61
41 53 45
41 54 29
41 55 38
41 56 29
41 57 47
41 58 26
41 59 42
41 60 30
42 1 25
42 2 70
42 3 39
42 4 20
42 5 50
42 6 52
42 7 14
42 8 34
42 9 60
42 10 22
42 11 43
42 12 29
42 13 40
42 14 22
42 15 22
42 16 43
42 17 33
42 18 39
42 19 65
42 20 35
42 21 39
42 22 43
42 23 34
42 24 26
42 25 26
42 26 45
42 27 50
42 28 45
42 29 49
42 30 29
42 31 53
42 32 16
42 33 24
42 34 22
42 35 61
42 36 21
42 37 31
42 38 41
42 39 68
42 40 32
42 41 32
42 42 -1
42 43 56
42 44 31
42 45 30
42 46 34
42 47 42
42 48 34
42 49 13
42 50 30
42 51 35
42 52 59
42 53 17
42 54 12
42 55 61
42 56 15
42 57 46
42 58 25
42 59 41
42 60 35
43 1 63
43 2 51
43 3 61
43 4 45
43 5 16
43 6 42
43 7 45
43 8 70
43 9 5
43 10 34
43 11 22
43 12 58
43 13 16
43 14 63
43 15 61
43 16 13
43 17 31
43 18 45
43 19 48
43 20 44
43 21 20
43 22 14
43 23 22
43 24 31
43 25 33
43 26 52
43 27 22
43 28 17
43 29 8
43 30 33
43 31 9
43 32 49
43 33 38
43 34 52
43 35 44
43 36 48
43 37 55
43 38 27
43 39 49
43 40 50
43 41 59
43 42 56
43 43 -1
43 44 28
43 45 62
43 46 30
43 47 55
43 48 57
43 49 44
43 50 33
43 51 60
43 52 3
43 53 48
43 54 45
43 55 47
43 56 42
43 57 12
43 58 35
43 59 17
43 60 29
44 1 35
44 2 46
44 3 36
44 4 28
44 5 19
44 6 29
44 7 17
44 8 43
44 9 33
44 10 10
44 11 12
44 12 31
44 13 15
44 14 35
44 15 33
44 16 17
44 17 7
44 18 24
44 19 41
44 20 20
44 21 8
44 22 18
44 23 12
44 24 13
44 25 5
44 26 32
44 27 20
44 28 14
44 29 22
44 30 22
44 31 22
44 32 29
44 33 10
44 34 24
44 35 37
44 36 19
44 37 29
44 38 12
44 39 44
44 40 24
44 41 32
44 42 31
44 43 28
44 44 -1
44 45 35
44 46 23
44 47 32
44 48 31
44 49 18
44 50 23
44 51 34
44 52 30
44 53 29
44 54 19
44 55 38
44 56 16
44 57 16
44 58 7
44 59 11
44 60 7
45 1 5
45 2 51
45 3 10
45 4 47
45 5 49
45 6 36
45 7 24
45 8 7
45 9 67
45 10 36
45 11 41
45 12 4
45 13 50
45 14 9
45 15 8
45 16 53
45 17 31
45 18 22
45 19 47
45 20 20
45 21 42
45 22 53
45 23 46
45 24 41
45 25 31
45 26 22
45 27 46
45 28 46
45 29 58
45 30 50
45 31 55
45 32 44
45 33 25
45 34 11
45 35 45
45 36 16
45 37 8
45 38 36
45 39 50
45 40 13
45 41 5
45 42 30
45 43 62
45 44 35
45 45 -1
45 46 53
45 47 17
45 48 9
45 49 27
45 50 51
45 51 6
45 52 65
45 53 45
45 54 29
45 55 43
45 56 29
45 57 50
45 58 28
45 59 45
45 60 34
46 1 51
46 2 68
46 3 57
46 4 16
46 5 33
46 6 52
46 7 29
46 8 60
46 9 32
46 10 17
46 11 31
46 12 50
46 13 16
46 14 49
46 15 48
46 16 18
46 17 30
46 18 47
46 19 63
46 20 43
46 21 24
46 22 17
46 23 13
46 24 12
46 25 25
46 26 55
46 27 38
46 28 29
46 29 22
46 30 4
46 31 31
46 32 21
46 33 30
46 34 42
46 35 59
46 36 37
46 37 49
46 38 34
46 39 65
46 40 46
46 41 52
46 42 34
46 43 30
46 44 23
46 45 53
46 46 -1
46 47 55
46 48 52
46 49 27
46 50 4
46 51 55
46 52 32
46 53 19
46 54 26
46 55 60
46 56 24
46 57 25
46 58 27
46 59 23
46 60 30
47 1 22
47 2 34
47 3 8
47 4 53
47 5 39
47 6 19
47 7 30
47 8 23
47 9 60
47 10 38
47 11 32
47 12 14
47 13 46
47 14 25
47 15 23
47 16 48
47 17 25
47 18 9
47 19 30
47 20 12
47 21 36
47 22 49
47 23 44
47 24 43
47 25 30
47 26 5
47 27 34
47 28 38
47 29 52
47 30 53
47 31 46
47 32 52
47 33 25
47 34 19
47 35 28
47 36 21
47 37 10
47 38 27
47 39 33
47 40 9
47 41 12
47 42 42
47 43 55
47 44 32
47 45 17
47 46 55
47 47 -1
47 48 8
47 49 33
47 50 54
47 51 11
47 52 56
47 53 52
47 54 35
47 55 26
47 56 34
47 57 43
47 58 28
47 59 39
47 60 27
48 1 13
48 2 42
48 3 5
48 4 48
48 5 42
48 6 27
48 7 25
48 8 15
48 9 62
48 10 35
48 11 35
48 12 5
48 13 46
48 14 17
48 15 15
48 16 49
48 17 26
48 18 13
48 19 38
48 20 13
48 21 37
48 22 49
48 23 43
48 24 40
48 25 28
48 26 13
48 27 38
48 28 40
48 29 53
48 30 50
48 31 49
48 32 46
48 33 22
48 34 13
48 35 36
48 36 16
48 37 3
48 38 30
48 39 41
48 40 7
48 41 4
48 42 34
48 43 57
48 44 31
48 45 9
48 46 52
48 47 8
48 48 -1
48 49 28
48 50 51
48 51 3
48 52 59
48 53 47
48 54 30
48 55 34
48 56 30
48 57 45
48 58 25
48 59 41
48 60 28
49 1 24
49 2 58
49 3 33
49 4 20
49 5 37
49 6 40
49 7 3
49 8 33
49 9 49
49 10 11
49 11 30
49 12 25
49 13 29
49 14 22
49 15 21
49 16 32
49 17 20
49 18 29
49 19 53
49 20 24
49 21 26
49 22 32
49 23 23
49 24 16
49 25 13
49 26 35
49 27 37
49 28 32
49 29 38
49 30 23
49 31 40
49 32 18
49 33 11
49 34 16
49 35 49
49 36 12
49 37 25
49 38 27
49 39 56
49 40 23
49 41 27
49 42 13
49 43 44
49 44 18
49 45 27
49 46 27
49 47 33
49 48 28
49 49 -1
49 50 24
49 51 30
49 52 47
49 53 18
49 54 2
49 55 49
49 56 2
49 57 33
49 58 12
49 59 28
49 60 22
50 1 49
50 2 69
50 3 56
50 4 12
50 5 36
50 6 53
50 7 27
50 8 58
50 9 36
50 10 16
50 11 33
50 12 48
50 13 19
50 14 47
50 15 46
50 16 21
50 17 31
50 18 46
50 19 64
50 20 42
50 21 26
50 22 20
50 23 14
50 24 11
50 25 24
50 26 54
50 27 40
50 28 31
50 29 25
50 30 1
50 31 34
50 32 17
50 33 29
50 34 40
50 35 60
50 36 35
50 37 48
50 38 34
50 39 67
50 40 45
50 41 50
50 42 30
50 43 33
50 44 23
50 45 51
50 46 4
50 47 54
50 48 51
50 49 24
50 50 -1
50 51 53
50 52 36
50 53 15
50 54 23
50 55 61
50 56 22
50 57 28
50 58 26
50 59 25
50 60 30
51 1 12
51 2 45
51 3 4
51 4 50
51 5 46
51 6 30
51 7 27
51 8 12
51 9 65
51 10 37
51 11 38
51 12 5
51 13 50
51 14 15
51 15 14
51 16 52
51 17 30
51 18 17
51 19 41
51 20 17
51 21 40
51 22 52
51 23 46
51 24 42
51 25 31
51 26 16
51 27 42
51 28 43
51 29 56
51 30 52
51 31 53
51 32 47
51 33 25
51 34 14
51 35 39
51 36 18
51 37 5
51 38 33
51 39 44
51 40 10
51 41 3
51 42 35
51 43 60
51 44 34
51 45 6
51 46 55
51 47 11
51 48 3
51 49 30
51 50 53
51 51 -1
51 52 62
51 53 48
51 54 32
51 55 37
51 56 32
51 57 49
51 58 28
51 59 44
51 60 32
52 1 65
52 2 51
52 3 63
52 4 48
52 5 17
52 6 43
52 7 47
52 8 73
52 9 4
52 10 37
52 11 24
52 12 60
52 13 19
52 14 65
52 15 64
52 16 16
52 17 33
52 18 47
52 19 48
52 20 46
52 21 23
52 22 17
52 23 25
52 24 34
52 25 36
52 26 54
52 27 23
52 28 19
52 29 11
52 30 36
52 31 10
52 32 52
52 33 41
52 34 55
52 35 44
52 36 50
52 37 57
52 38 29
52 39 49
52 40 52
52 41 61
52 42 59
52 43 3
52 44 30
52 45 65
52 46 32
52 47 56
52 48 59
52 49 47
52 50 36
52 51 62
52 52 -1
52 53 51
52 54 48
52 55 47
52 56 45
52 57 14
52 58 38
52 59 19
52 60 31
53 1 41
53 2 74
53 3 52
53 4 3
53 5 46
53 6 57
53 7 22
53 8 50
53 9 51
53 10 18
53 11 41
53 12 43
53 13 32
53 14 38
53 15 38
53 16 35
53 17 35
53 18 47
53 19 70
53 20 42
53 21 35
53 22 34
53 23 26
53 24 18
53 25 26
53 26 54
53 27 49
53 28 41
53 29 40
53 30 15
53 31 47
53 32 1
53 33 28
53 34 34
53 35 65
53 36 31
53 37 44
53 38 41
53 39 72
53 40 42
53 41 45
53 42 17
53 43 48
53 44 29
53 45 45
53 46 19
53 47 52
53 48 47
53 49 18
53 50 15
53 51 48
53 52 51
53 53 -1
53 54 16
53 55 66
53 56 17
53 57 40
53 58 27
53 59 36
53 60 36
54 1 25
54 2 60
54 3 35
54 4 18
54 5 38
54 6 42
54 7 5
54 8 35
54 9 49
54 10 11
54 11 31
54 12 27
54 13 29
54 14 23
54 15 23
54 16 32
54 17 22
54 18 31
54 19 55
54 20 26
54 21 27
54 22 32
54 23 23
54 24 15
54 25 14
54 26 38
54 27 38
54 28 33
54 29 38
54 30 22
54 31 41
54 32 16
54 33 13
54 34 18
54 35 51
54 36 14
54 37 27
54 38 29
54 39 58
54 40 26
54 41 29
54 42 12
54 43 45
54 44 19
54 45 29
54 46 26
54 47 35
54 48 30
54 49 2
54 50 23
54 51 32
54 52 48
54 53 16
54 54 -1
54 55 51
54 56 3
54 57 34
54 58 13
54 59 29
54 60 24
55 1 47
55 2 8
55 3 34
55 4 66
55 5 31
55 6 9
55 7 47
55 8 49
55 9 51
55 10 48
55 11 29
55 12 39
55 13 46
55 14 50
55 15 48
55 16 47
55 17 31
55 18 22
55 19 4
55 20 26
55 21 36
55 22 48
55 23 47
55 24 51
55 25 39
55 26 21
55 27 25
55 28 33
55 29 48
55 30 60
55 31 38
55 32 66
55 33 38
55 34 41
55 35 3
55 36 40
55 37 35
55 38 26
55 39 7
55 40 31
55 41 38
55 42 61
55 43 47
55 44 38
55 45 43
55 46 60
55 47 26
55 48 34
55 49 49
55 50 61
55 51 37
55 52 47
55 53 66
55 54 51
55 55 -1
55 56 49
55 57 39
55 58 38
55 59 38
55 60 31
56 1 26
56 2 58
56 3 35
56 4 18
56 5 35
56 6 40
56 7 5
56 8 36
56 9 46
56 10 8
56 11 28
56 12 27
56 13 26
56 14 25
56 15 24
56 16 29
56 17 19
56 18 29
56 19 53
56 20 24
56 21 24
56 22 29
56 23 21
56 24 13
56 25 11
56 26 36
56 27 35
56 28 30
56 29 35
56 30 21
56 31 38
56 32 17
56 33 11
56 34 18
56 35 49
56 36 14
56 37 27
56 38 26
56 39 56
56 40 25
56 41 29
56 42 15
56 43 42
56 44 16
56 45 29
56 46 24
56 47 34
56 48 30
56 49 2
56 50 22
56 51 32
56 52 45
56 53 17
56 54 3
56 55 49
56 56 -1
56 57 31
56 58 11
56 59 26
56 60 21
57 1 51
57 2 45
57 3 49
57 4 37
57 5 8
57 6 33
57 7 33
57 8 58
57 9 16
57 10 24
57 11 11
57 12 46
57 13 9
57 14 51
57 15 49
57 16 8
57 17 19
57 18 34
57 19 41
57 20 32
57 21 8
57 22 9
57 23 13
57 24 22
57 25 21
57 26 41
57 27 14
57 28 6
57 29 9
57 30 27
57 31 7
57 32 41
57 33 26
57 34 40
57 35 36
57 36 36
57 37 43
57 38 16
57 39 43
57 40 38
57 41 47
57 42 46
57 43 12
57 44 16
57 45 50
57 46 25
57 47 43
57 48 45
57 49 33
57 50 28
57 51 49
57 52 14
57 53 40
57 54 34
57 55 39
57 56 31
57 57 -1
57 58 23
57 59 5
57 60 17
58 1 28
58 2 47
58 3 30
58 4 27
58 5 25
58 6 29
58 7 11
58 8 36
58 9 40
58 10 10
58 11 18
58 12 25
58 13 22
58 14 27
58 15 26
58 16 24
58 17 8
58 18 20
58 19 42
58 20 16
58 21 15
58 22 24
58 23 17
58 24 15
58 25 2
58 26 28
58 27 25
58 28 20
58 29 29
58 30 25
58 31 29
58 32 27
58 33 3
58 34 17
58 35 38
58 36 12
58 37 23
58 38 15
58 39 45
58 40 19
58 41 26
58 42 25
58 43 35
58 44 7
58 45 28
58 46 27
58 47 28
58 48 25
58 49 12
58 50 26
58 51 28
58 52 38
58 53 27
58 54 13
58 55 38
58 56 11
58 57 23
58 58 -1
58 59 18
58 60 10
59 1 46
59 2 45
59 3 45
59 4 34
59 5 10
59 6 31
59 7 28
59 8 53
59 9 22
59 10 19
59 11 9
59 12 41
59 13 8
59 14 46
59 15 44
59 16 9
59 17 14
59 18 30
59 19 40
59 20 28
59 21 3
59 22 10
59 23 10
59 24 18
59 25 16
59 26 38
59 27 15
59 28 5
59 29 12
59 30 24
59 31 12
59 32 36
59 33 21
59 34 35
59 35 36
59 36 30
59 37 39
59 38 13
59 39 42
59 40 33
59 41 42
59 42 41
59 43 17
59 44 11
59 45 45
59 46 23
59 47 39
59 48 41
59 49 28
59 50 25
59 51 44
59 52 19
59 53 36
59 54 29
59 55 38
59 56 26
59 57 5
59 58 18
59 59 -1
59 60 12
60 1 34
60 2 39
60 3 32
60 4 35
60 5 15
60 6 22
60 7 21
60 8 41
60 9 33
60 10 17
60 11 8
60 12 29
60 13 19
60 14 35
60 15 33
60 16 21
60 17 2
60 18 18
60 19 34
60 20 15
60 21 8
60 22 21
60 23 18
60 24 20
60 25 9
60 26 26
60 27 15
60 28 12
60 29 25
60 30 29
60 31 21
60 32 36
60 33 12
60 34 24
60 35 29
60 36 20
60 37 26
60 38 5
60 39 36
60 40 21
60 41 30
60 42 35
60 43 29
60 44 7
60 45 34
60 46 30
60 47 27
60 48 28
60 49 22
60 50 30
60 51 32
60 52 31
60 53 36
60 54 24
60 55 31
60 56 21
60 57 17
60 58 10
60 59 12
60 60 -1
