2 35
2 19
2 55
2 39
39 35
39 2
39 19
39 55
17 33
17 38
17 11
17 44
17 21
17 25
17 58
17 60
59 5
59 11
59 44
59 13
59 16
59 21
59 22
59 23
59 57
59 28
20 40
20 18
15 1
15 34
15 41
15 12
15 45
15 14
8 1
8 45
8 14
22 13
22 16
22 23
22 57
22 59
22 29
58 33
58 7
58 10
58 44
58 17
58 56
58 25
58 60
48 3
48 37
48 40
48 41
48 12
48 45
48 47
48 51
3 37
3 40
3 41
3 12
3 45
3 47
3 48
3 51
26 18
26 47
49 33
49 7
49 10
49 54
49 56
35 2
35 6
35 39
35 19
35 55
38 11
38 60
38 17
38 21
38 27
38 28
50 24
50 46
50 30
52 9
52 43
52 29
52 31
30 24
30 50
30 46
23 13
23 16
23 21
23 22
23 24
23 59
51 3
51 37
51 40
51 41
51 12
51 45
51 47
51 48
