1 1 -1
1 2 11
1 3 13
1 4 7
1 5 2
1 6 14
1 7 9
1 8 13
1 9 3
1 10 13
1 11 15
1 12 2
1 13 16
1 14 17
1 15 13
1 16 7
2 1 11
2 2 -1
2 3 2
2 4 8
2 5 11
2 6 6
2 7 3
2 8 9
2 9 8
2 10 6
2 11 4
2 12 9
2 13 8
2 14 11
2 15 2
2 16 10
3 1 13
3 2 2
3 3 -1
3 4 10
3 5 13
3 6 7
3 7 4
3 8 8
3 9 10
3 10 5
3 11 2
3 12 11
3 13 7
3 14 9
3 15 3
3 16 10
4 1 7
4 2 8
4 3 10
4 4 -1
4 5 5
4 6 8
4 7 8
4 8 14
4 9 5
4 10 13
4 11 11
4 12 7
4 13 16
4 14 18
4 15 9
4 16 12
5 1 2
5 2 11
5 3 13
5 4 5
5 5 -1
5 6 13
5 7 9
5 8 14
5 9 3
5 10 14
5 11 15
5 12 3
5 13 17
5 14 18
5 15 13
5 16 9
6 1 14
6 2 6
6 3 7
6 4 8
6 5 13
6 6 -1
6 7 9
6 8 15
6 9 11
6 10 12
6 11 6
6 12 13
6 13 14
6 14 16
6 15 4
6 16 15
7 1 9
7 2 3
7 3 4
7 4 8
7 5 9
7 6 9
7 7 -1
7 8 6
7 9 6
7 10 5
7 11 6
7 12 7
7 13 7
7 14 9
7 15 6
7 16 6
8 1 13
8 2 9
8 3 8
8 4 14
8 5 14
8 6 15
8 7 6
8 8 -1
8 9 11
8 10 3
8 11 9
8 12 10
8 13 4
8 14 5
8 15 11
8 16 6
9 1 3
9 2 8
9 3 10
9 4 5
9 5 3
9 6 11
9 7 6
9 8 11
9 9 -1
9 10 11
9 11 12
9 12 2
9 13 13
9 14 15
9 15 10
9 16 7
10 1 13
10 2 6
10 3 5
10 4 13
10 5 14
10 6 12
10 7 5
10 8 3
10 9 11
10 10 -1
10 11 6
10 12 11
10 13 2
10 14 5
10 15 8
10 16 8
11 1 15
11 2 4
11 3 2
11 4 11
11 5 15
11 6 6
11 7 6
11 8 9
11 9 12
11 10 6
11 11 -1
11 12 13
11 13 8
11 14 10
11 15 2
11 16 12
12 1 2
12 2 9
12 3 11
12 4 7
12 5 3
12 6 13
12 7 7
12 8 10
12 9 2
12 10 11
12 11 13
12 12 -1
12 13 13
12 14 15
12 15 12
12 16 5
13 1 16
13 2 8
13 3 7
13 4 16
13 5 17
13 6 14
13 7 7
13 8 4
13 9 13
13 10 2
13 11 8
13 12 13
13 13 -1
13 14 2
13 15 10
13 16 10
14 1 17
14 2 11
14 3 9
14 4 18
14 5 18
14 6 16
14 7 9
14 8 5
14 9 15
14 10 5
14 11 10
14 12 15
14 13 2
14 14 -1
14 15 12
14 16 11
15 1 13
15 2 2
15 3 3
15 4 9
15 5 13
15 6 4
15 7 6
15 8 11
15 9 10
15 10 8
15 11 2
15 12 12
15 13 10
15 14 12
15 15 -1
15 16 12
16 1 7
16 2 10
16 3 10
16 4 12
16 5 9
16 6 15
16 7 6
16 8 6
16 9 7
16 10 8
16 11 12
16 12 5
16 13 10
16 14 11
16 15 12
16 16 -1
