9 35
9 9
9 41
9 73
9 13
9 15
9 51
9 57
23 64
23 33
23 100
23 38
23 70
23 43
23 12
23 75
23 52
23 23
23 56
23 89
23 28
86 32
86 66
86 99
86 69
86 39
86 11
86 46
86 48
86 21
86 22
86 86
86 92
86 31
13 69
13 39
13 9
13 13
13 46
13 15
13 48
13 20
13 57
13 31
54 1
54 34
54 67
54 68
54 5
54 97
54 74
54 78
54 49
54 18
54 82
54 54
54 27
54 63
25 98
25 3
25 36
25 10
25 19
25 25
37 4
37 37
37 90
37 7
37 73
37 79
37 80
37 85
37 26
37 29
57 35
57 68
57 9
57 41
57 42
57 13
57 15
57 51
57 57
57 27
57 62
81 4
81 8
81 73
81 45
81 81
81 20
81 59
81 31
55 96
55 40
55 72
55 45
55 14
55 77
55 83
55 87
55 55
55 88
55 91
55 93
55 95
