1 1 -1
1 2 8
1 3 1
1 4 8
1 5 5
1 6 12
1 7 8
1 8 5
1 9 11
1 10 8
1 11 11
1 12 5
1 13 7
1 14 14
1 15 8
1 16 4
1 17 14
2 1 8
2 2 -1
2 3 7
2 4 1
2 5 7
2 6 9
2 7 12
2 8 3
2 9 3
2 10 7
2 11 3
2 12 6
2 13 5
2 14 8
2 15 3
2 16 4
2 17 10
3 1 1
3 2 7
3 3 -1
3 4 7
3 5 6
3 6 13
3 7 9
3 8 4
3 9 10
3 10 8
3 11 10
3 12 6
3 13 8
3 14 14
3 15 7
3 16 3
3 17 15
4 1 8
4 2 1
4 3 7
4 4 -1
4 5 7
4 6 10
4 7 12
4 8 3
4 9 3
4 10 8
4 11 3
4 12 7
4 13 6
4 14 9
4 15 4
4 16 4
4 17 11
5 1 5
5 2 7
5 3 6
5 4 7
5 5 -1
5 6 7
5 7 5
5 8 6
5 9 10
5 10 2
5 11 9
5 12 1
5 13 3
5 14 9
5 15 5
5 16 6
5 17 10
6 1 12
6 2 9
6 3 13
6 4 10
6 5 7
6 6 -1
6 7 10
6 8 11
6 9 10
6 10 5
6 11 9
6 12 7
6 13 5
6 14 3
6 15 6
6 16 11
6 17 2
7 1 8
7 2 12
7 3 9
7 4 12
7 5 5
7 6 10
7 7 -1
7 8 11
7 9 15
7 10 6
7 11 14
7 12 5
7 13 7
7 14 13
7 15 9
7 16 10
7 17 12
8 1 5
8 2 3
8 3 4
8 4 3
8 5 6
8 6 11
8 7 11
8 8 -1
8 9 6
8 10 8
8 11 6
8 12 6
8 13 7
8 14 11
8 15 5
8 16 1
8 17 13
9 1 11
9 2 3
9 3 10
9 4 3
9 5 10
9 6 10
9 7 15
9 8 6
9 9 -1
9 10 9
9 11 1
9 12 9
9 13 8
9 14 9
9 15 5
9 16 7
9 17 11
10 1 8
10 2 7
10 3 8
10 4 8
10 5 2
10 6 5
10 7 6
10 8 8
10 9 9
10 10 -1
10 11 9
10 12 2
10 13 1
10 14 7
10 15 4
10 16 8
10 17 7
11 1 11
11 2 3
11 3 10
11 4 3
11 5 9
11 6 9
11 7 14
11 8 6
11 9 1
11 10 9
11 11 -1
11 12 8
11 13 7
11 14 8
11 15 5
11 16 7
11 17 10
12 1 5
12 2 6
12 3 6
12 4 7
12 5 1
12 6 7
12 7 5
12 8 6
12 9 9
12 10 2
12 11 8
12 12 -1
12 13 2
12 14 8
12 15 4
12 16 6
12 17 9
13 1 7
13 2 5
13 3 8
13 4 6
13 5 3
13 6 5
13 7 7
13 8 7
13 9 8
13 10 1
13 11 7
13 12 2
13 13 -1
13 14 6
13 15 2
13 16 7
13 17 7
14 1 14
14 2 8
14 3 14
14 4 9
14 5 9
14 6 3
14 7 13
14 8 11
14 9 9
14 10 7
14 11 8
14 12 8
14 13 6
14 14 -1
14 15 6
14 16 12
14 17 2
15 1 8
15 2 3
15 3 7
15 4 4
15 5 5
15 6 6
15 7 9
15 8 5
15 9 5
15 10 4
15 11 5
15 12 4
15 13 2
15 14 6
15 15 -1
15 16 5
15 17 7
16 1 4
16 2 4
16 3 3
16 4 4
16 5 6
16 6 11
16 7 10
16 8 1
16 9 7
16 10 8
16 11 7
16 12 6
16 13 7
16 14 12
16 15 5
16 16 -1
16 17 13
17 1 14
17 2 10
17 3 15
17 4 11
17 5 10
17 6 2
17 7 12
17 8 13
17 9 11
17 10 7
17 11 10
17 12 9
17 13 7
17 14 2
17 15 7
17 16 13
17 17 -1
