1 1 -1
1 2 5
1 3 15
1 4 34
1 5 18
1 6 34
1 7 9
1 8 16
1 9 8
1 10 39
1 11 36
1 12 13
1 13 32
1 14 26
1 15 26
1 16 4
1 17 10
1 18 42
1 19 39
1 20 29
1 21 31
1 22 43
1 23 14
1 24 14
1 25 13
1 26 24
1 27 27
1 28 30
1 29 12
1 30 33
1 31 22
1 32 32
1 33 10
1 34 24
1 35 26
1 36 28
1 37 12
1 38 19
1 39 23
1 40 22
1 41 23
1 42 30
1 43 6
1 44 29
1 45 31
1 46 31
1 47 33
1 48 11
2 1 5
2 2 -1
2 3 10
2 4 29
2 5 13
2 6 30
2 7 13
2 8 11
2 9 12
2 10 34
2 11 34
2 12 12
2 13 30
2 14 26
2 15 24
2 16 6
2 17 6
2 18 37
2 19 33
2 20 26
2 21 26
2 22 37
2 23 10
2 24 8
2 25 9
2 26 20
2 27 25
2 28 25
2 29 8
2 30 29
2 31 20
2 32 30
2 33 7
2 34 19
2 35 20
2 36 22
2 37 13
2 38 15
2 39 20
2 40 17
2 41 21
2 42 26
2 43 3
2 44 25
2 45 26
2 46 29
2 47 29
2 48 16
3 1 15
3 2 10
3 3 -1
3 4 22
3 5 7
3 6 26
3 7 22
3 8 3
3 9 19
3 10 24
3 11 30
3 12 18
3 13 26
3 14 25
3 15 20
3 16 15
3 17 11
3 18 28
3 19 24
3 20 27
3 21 16
3 22 27
3 23 9
3 24 1
3 25 11
3 26 16
3 27 22
3 28 16
3 29 6
3 30 26
3 31 22
3 32 31
3 33 14
3 34 9
3 35 11
3 36 12
3 37 21
3 38 13
3 39 21
3 40 8
3 41 23
3 42 17
3 43 12
3 44 17
3 45 16
3 46 25
3 47 20
3 48 26
4 1 34
4 2 29
4 3 22
4 4 -1
4 5 16
4 6 12
4 7 36
4 8 19
4 9 41
4 10 26
4 11 47
4 12 27
4 13 44
4 14 45
4 15 39
4 16 32
4 17 25
4 18 10
4 19 8
4 20 22
4 21 17
4 22 15
4 23 20
4 24 23
4 25 22
4 26 12
4 27 41
4 28 6
4 29 28
4 30 14
4 31 22
4 32 26
4 33 27
4 34 15
4 35 12
4 36 14
4 37 32
4 38 16
4 39 20
4 40 23
4 41 24
4 42 30
4 43 29
4 44 32
4 45 22
4 46 43
4 47 30
4 48 42
5 1 18
5 2 13
5 3 7
5 4 16
5 5 -1
5 6 18
5 7 22
5 8 4
5 9 25
5 10 27
5 11 37
5 12 15
5 13 34
5 14 32
5 15 28
5 16 16
5 17 10
5 18 24
5 19 20
5 20 20
5 21 17
5 22 25
5 23 5
5 24 8
5 25 8
5 26 8
5 27 29
5 28 12
5 29 13
5 30 18
5 31 16
5 32 25
5 33 12
5 34 9
5 35 8
5 36 12
5 37 19
5 38 6
5 39 14
5 40 13
5 41 18
5 42 23
5 43 13
5 44 24
5 45 19
5 46 33
5 47 25
5 48 27
6 1 34
6 2 30
6 3 26
6 4 12
6 5 18
6 6 -1
6 7 32
6 8 23
6 9 42
6 10 38
6 11 55
6 12 22
6 13 52
6 14 51
6 15 46
6 16 30
6 17 24
6 18 22
6 19 20
6 20 11
6 21 28
6 22 27
6 23 20
6 24 27
6 25 21
6 26 10
6 27 48
6 28 16
6 29 32
6 30 2
6 31 15
6 32 14
6 33 24
6 34 23
6 35 20
6 36 24
6 37 27
6 38 15
6 39 13
6 40 31
6 41 16
6 42 39
6 43 28
6 44 41
6 45 32
6 46 51
6 47 40
6 48 39
7 1 9
7 2 13
7 3 22
7 4 36
7 5 22
7 6 32
7 7 -1
7 8 22
7 9 16
7 10 47
7 11 46
7 12 9
7 13 42
7 14 36
7 15 36
7 16 7
7 17 12
7 18 46
7 19 42
7 20 25
7 21 38
7 22 47
7 23 17
7 24 21
7 25 14
7 26 25
7 27 37
7 28 34
7 29 21
7 30 31
7 31 18
7 32 27
7 33 10
7 34 30
7 35 30
7 36 34
7 37 5
7 38 19
7 39 19
7 40 30
7 41 18
7 42 39
7 43 10
7 44 38
7 45 39
7 46 40
7 47 42
7 48 6
8 1 16
8 2 11
8 3 3
8 4 19
8 5 4
8 6 23
8 7 22
8 8 -1
8 9 21
8 10 25
8 11 33
8 12 17
8 13 29
8 14 28
8 15 23
8 16 16
8 17 10
8 18 26
8 19 22
8 20 24
8 21 15
8 22 26
8 23 7
8 24 4
8 25 10
8 26 13
8 27 25
8 28 14
8 29 9
8 30 23
8 31 19
8 32 29
8 33 13
8 34 8
8 35 9
8 36 11
8 37 20
8 38 10
8 39 18
8 40 9
8 41 21
8 42 19
8 43 12
8 44 20
8 45 17
8 46 28
8 47 21
8 48 26
9 1 8
9 2 12
9 3 19
9 4 41
9 5 25
9 6 42
9 7 16
9 8 21
9 9 -1
9 10 41
9 11 31
9 12 22
9 13 28
9 14 20
9 15 23
9 16 13
9 17 18
9 18 47
9 19 44
9 20 38
9 21 34
9 22 47
9 23 22
9 24 18
9 25 21
9 26 32
9 27 23
9 28 36
9 29 14
9 30 41
9 31 31
9 32 41
9 33 18
9 34 28
9 35 30
9 36 32
9 37 20
9 38 27
9 39 31
9 40 24
9 41 31
9 42 29
9 43 14
9 44 27
9 45 33
9 46 26
9 47 33
9 48 15
10 1 39
10 2 34
10 3 24
10 4 26
10 5 27
10 6 38
10 7 47
10 8 25
10 9 41
10 10 -1
10 11 28
10 12 42
10 13 26
10 14 32
10 15 24
10 16 40
10 17 35
10 18 21
10 19 20
10 20 45
10 21 10
10 22 16
10 23 32
10 24 25
10 25 35
10 26 32
10 27 26
10 28 21
10 29 27
10 30 39
10 31 42
10 32 49
10 33 38
10 34 18
10 35 19
10 36 15
10 37 45
10 38 33
10 39 40
10 40 17
10 41 44
10 42 13
10 43 37
10 44 16
10 45 8
10 46 27
10 47 9
10 48 50
11 1 36
11 2 34
11 3 30
11 4 47
11 5 37
11 6 55
11 7 46
11 8 33
11 9 31
11 10 28
11 11 -1
11 12 46
11 13 3
11 14 11
11 15 10
11 16 39
11 17 39
11 18 47
11 19 45
11 20 58
11 21 30
11 22 43
11 23 39
11 24 30
11 25 41
11 26 46
11 27 8
11 28 41
11 29 27
11 30 56
11 31 52
11 32 62
11 33 41
11 34 32
11 35 35
11 36 33
11 37 47
11 38 43
11 39 51
11 40 24
11 41 53
11 42 17
11 43 38
11 44 14
11 45 26
11 46 5
11 47 19
11 48 46
12 1 13
12 2 12
12 3 18
12 4 27
12 5 15
12 6 22
12 7 9
12 8 17
12 9 22
12 10 42
12 11 46
12 12 -1
12 13 43
12 14 38
12 15 36
12 16 9
12 17 7
12 18 37
12 19 34
12 20 16
12 21 32
12 22 39
12 23 10
12 24 17
12 25 7
12 26 15
12 27 38
12 28 25
12 29 19
12 30 21
12 31 9
12 32 18
12 33 5
12 34 24
12 35 23
12 36 27
12 37 5
12 38 10
12 39 10
12 40 26
12 41 9
12 42 36
12 43 9
12 44 36
12 45 34
12 46 41
12 47 38
12 48 16
13 1 32
13 2 30
13 3 26
13 4 44
13 5 34
13 6 52
13 7 42
13 8 29
13 9 28
13 10 26
13 11 3
13 12 43
13 13 -1
13 14 8
13 15 6
13 16 36
13 17 35
13 18 45
13 19 42
13 20 54
13 21 28
13 22 41
13 23 36
13 24 26
13 25 37
13 26 43
13 27 5
13 28 38
13 29 23
13 30 52
13 31 48
13 32 58
13 33 38
13 34 29
13 35 32
13 36 30
13 37 43
13 38 40
13 39 48
13 40 21
13 41 50
13 42 15
13 43 34
13 44 12
13 45 24
13 46 2
13 47 17
13 48 42
14 1 26
14 2 26
14 3 25
14 4 45
14 5 32
14 6 51
14 7 36
14 8 28
14 9 20
14 10 32
14 11 11
14 12 38
14 13 8
14 14 -1
14 15 7
14 16 30
14 17 31
14 18 48
14 19 45
14 20 51
14 21 31
14 22 44
14 23 33
14 24 24
14 25 34
14 26 41
14 27 5
14 28 39
14 29 20
14 30 51
14 31 45
14 32 55
14 33 33
14 34 30
14 35 33
14 36 32
14 37 38
14 38 38
14 39 45
14 40 22
14 41 46
14 42 19
14 43 29
14 44 16
14 45 27
14 46 6
14 47 22
14 48 36
15 1 26
15 2 24
15 3 20
15 4 39
15 5 28
15 6 46
15 7 36
15 8 23
15 9 23
15 10 24
15 11 10
15 12 36
15 13 6
15 14 7
15 15 -1
15 16 30
15 17 29
15 18 41
15 19 38
15 20 48
15 21 24
15 22 37
15 23 29
15 24 20
15 25 31
15 26 36
15 27 2
15 28 32
15 29 17
15 30 46
15 31 42
15 32 52
15 33 31
15 34 24
15 35 27
15 36 25
15 37 37
15 38 34
15 39 41
15 40 15
15 41 43
15 42 11
15 43 28
15 44 8
15 45 20
15 46 5
15 47 14
15 48 37
16 1 4
16 2 6
16 3 15
16 4 32
16 5 16
16 6 30
16 7 7
16 8 16
16 9 13
16 10 40
16 11 39
16 12 9
16 13 36
16 14 30
16 15 30
16 16 -1
16 17 7
16 18 41
16 19 37
16 20 25
16 21 31
16 22 42
16 23 12
16 24 14
16 25 9
16 26 21
16 27 30
16 28 29
16 29 14
16 30 29
16 31 18
16 32 28
16 33 6
16 34 24
16 35 25
16 36 27
16 37 7
16 38 16
16 39 19
16 40 23
16 41 18
16 42 32
16 43 3
16 44 31
16 45 32
16 46 34
16 47 35
16 48 10
17 1 10
17 2 6
17 3 11
17 4 25
17 5 10
17 6 24
17 7 12
17 8 10
17 9 18
17 10 35
17 11 39
17 12 7
17 13 35
17 14 31
17 15 29
17 16 7
17 17 -1
17 18 33
17 19 30
17 20 20
17 21 25
17 22 35
17 23 5
17 24 10
17 25 3
17 26 14
17 27 30
17 28 21
17 29 12
17 30 23
17 31 13
17 32 24
17 33 3
17 34 18
17 35 18
17 36 21
17 37 10
17 38 9
17 39 13
17 40 19
17 41 15
17 42 28
17 43 4
17 44 28
17 45 27
17 46 34
17 47 31
17 48 17
18 1 42
18 2 37
18 3 28
18 4 10
18 5 24
18 6 22
18 7 46
18 8 26
18 9 47
18 10 21
18 11 47
18 12 37
18 13 45
18 14 48
18 15 41
18 16 41
18 17 33
18 18 -1
18 19 3
18 20 32
18 21 17
18 22 6
18 23 29
18 24 29
18 25 31
18 26 22
18 27 43
18 28 12
18 29 34
18 30 24
18 31 33
18 32 36
18 33 36
18 34 19
18 35 17
18 36 16
18 37 42
18 38 26
18 39 31
18 40 26
18 41 35
18 42 30
18 43 37
18 44 33
18 45 21
18 46 45
18 47 28
18 48 51
19 1 39
19 2 33
19 3 24
19 4 8
19 5 20
19 6 20
19 7 42
19 8 22
19 9 44
19 10 20
19 11 45
19 12 34
19 13 42
19 14 45
19 15 38
19 16 37
19 17 30
19 18 3
19 19 -1
19 20 30
19 21 14
19 22 7
19 23 25
19 24 25
19 25 28
19 26 19
19 27 40
19 28 8
19 29 30
19 30 22
19 31 30
19 32 34
19 33 32
19 34 15
19 35 13
19 36 13
19 37 38
19 38 23
19 39 28
19 40 23
19 41 32
19 42 27
19 43 33
19 44 30
19 45 18
19 46 42
19 47 26
19 48 48
20 1 29
20 2 26
20 3 27
20 4 22
20 5 20
20 6 11
20 7 25
20 8 24
20 9 38
20 10 45
20 11 58
20 12 16
20 13 54
20 14 51
20 15 48
20 16 25
20 17 20
20 18 32
20 19 30
20 20 -1
20 21 35
20 22 37
20 23 18
20 24 27
20 25 17
20 26 13
20 27 49
20 28 24
20 29 31
20 30 8
20 31 7
20 32 4
20 33 19
20 34 28
20 35 26
20 36 30
20 37 20
20 38 14
20 39 6
20 40 34
20 41 7
20 42 43
20 43 24
20 44 44
20 45 38
20 46 53
20 47 45
20 48 31
21 1 31
21 2 26
21 3 16
21 4 17
21 5 17
21 6 28
21 7 38
21 8 15
21 9 34
21 10 10
21 11 30
21 12 32
21 13 28
21 14 31
21 15 24
21 16 31
21 17 25
21 18 17
21 19 14
21 20 35
21 21 -1
21 22 13
21 23 22
21 24 17
21 25 25
21 26 22
21 27 26
21 28 12
21 29 20
21 30 29
21 31 32
21 32 39
21 33 28
21 34 8
21 35 9
21 36 5
21 37 35
21 38 23
21 39 30
21 40 10
21 41 34
21 42 13
21 43 28
21 44 16
21 45 4
21 46 28
21 47 12
21 48 42
22 1 43
22 2 37
22 3 27
22 4 15
22 5 25
22 6 27
22 7 47
22 8 26
22 9 47
22 10 16
22 11 43
22 12 39
22 13 41
22 14 44
22 15 37
22 16 42
22 17 35
22 18 6
22 19 7
22 20 37
22 21 13
22 22 -1
22 23 30
22 24 29
22 25 33
22 26 25
22 27 39
22 28 13
22 29 33
22 30 29
22 31 36
22 32 41
22 33 37
22 34 18
22 35 17
22 36 15
22 37 44
22 38 29
22 39 34
22 40 24
22 41 38
22 42 26
22 43 38
22 44 29
22 45 17
22 46 41
22 47 24
22 48 52
23 1 14
23 2 10
23 3 9
23 4 20
23 5 5
23 6 20
23 7 17
23 8 7
23 9 22
23 10 32
23 11 39
23 12 10
23 13 36
23 14 33
23 15 29
23 16 12
23 17 5
23 18 29
23 19 25
23 20 18
23 21 22
23 22 30
23 23 -1
23 24 9
23 25 3
23 26 10
23 27 31
23 28 17
23 29 13
23 30 19
23 31 12
23 32 22
23 33 7
23 34 14
23 35 13
23 36 17
23 37 13
23 38 5
23 39 12
23 40 17
23 41 14
23 42 26
23 43 8
23 44 27
23 45 24
23 46 34
23 47 29
23 48 22
24 1 14
24 2 8
24 3 1
24 4 23
24 5 8
24 6 27
24 7 21
24 8 4
24 9 18
24 10 25
24 11 30
24 12 17
24 13 26
24 14 24
24 15 20
24 16 14
24 17 10
24 18 29
24 19 25
24 20 27
24 21 17
24 22 29
24 23 9
24 24 -1
24 25 11
24 26 17
24 27 22
24 28 18
24 29 5
24 30 26
24 31 22
24 32 31
24 33 13
24 34 10
24 35 12
24 36 14
24 37 20
24 38 13
24 39 21
24 40 9
24 41 23
24 42 18
24 43 11
24 44 18
24 45 17
24 46 25
24 47 21
24 48 25
25 1 13
25 2 9
25 3 11
25 4 22
25 5 8
25 6 21
25 7 14
25 8 10
25 9 21
25 10 35
25 11 41
25 12 7
25 13 37
25 14 34
25 15 31
25 16 9
25 17 3
25 18 31
25 19 28
25 20 17
25 21 25
25 22 33
25 23 3
25 24 11
25 25 -1
25 26 11
25 27 32
25 28 20
25 29 14
25 30 20
25 31 11
25 32 21
25 33 4
25 34 17
25 35 17
25 36 20
25 37 10
25 38 6
25 39 11
25 40 19
25 41 12
25 42 29
25 43 7
25 44 29
25 45 27
25 46 36
25 47 31
25 48 19
26 1 24
26 2 20
26 3 16
26 4 12
26 5 8
26 6 10
26 7 25
26 8 13
26 9 32
26 10 32
26 11 46
26 12 15
26 13 43
26 14 41
26 15 36
26 16 21
26 17 14
26 18 22
26 19 19
26 20 13
26 21 22
26 22 25
26 23 10
26 24 17
26 25 11
26 26 -1
26 27 38
26 28 12
26 29 21
26 30 9
26 31 11
26 32 17
26 33 15
26 34 15
26 35 13
26 36 17
26 37 20
26 38 5
26 39 9
26 40 21
26 41 13
26 42 31
26 43 18
26 44 32
26 45 25
26 46 41
26 47 32
26 48 31
27 1 27
27 2 25
27 3 22
27 4 41
27 5 29
27 6 48
27 7 37
27 8 25
27 9 23
27 10 26
27 11 8
27 12 38
27 13 5
27 14 5
27 15 2
27 16 30
27 17 30
27 18 43
27 19 40
27 20 49
27 21 26
27 22 39
27 23 31
27 24 22
27 25 32
27 26 38
27 27 -1
27 28 34
27 29 18
27 30 48
27 31 43
27 32 53
27 33 33
27 34 25
27 35 29
27 36 27
27 37 38
27 38 35
27 39 43
27 40 17
27 41 45
27 42 13
27 43 29
27 44 10
27 45 22
27 46 3
27 47 16
27 48 37
28 1 30
28 2 25
28 3 16
28 4 6
28 5 12
28 6 16
28 7 34
28 8 14
28 9 36
28 10 21
28 11 41
28 12 25
28 13 38
28 14 39
28 15 32
28 16 29
28 17 21
28 18 12
28 19 8
28 20 24
28 21 12
28 22 13
28 23 17
28 24 18
28 25 20
28 26 12
28 27 34
28 28 -1
28 29 22
28 30 17
28 31 23
28 32 28
28 33 24
28 34 9
28 35 6
28 36 8
28 37 30
28 38 15
28 39 21
28 40 17
28 41 25
28 42 24
28 43 25
28 44 26
28 45 16
28 46 37
28 47 24
28 48 39
29 1 12
29 2 8
29 3 6
29 4 28
29 5 13
29 6 32
29 7 21
29 8 9
29 9 14
29 10 27
29 11 27
29 12 19
29 13 23
29 14 20
29 15 17
29 16 14
29 17 12
29 18 34
29 19 30
29 20 31
29 21 20
29 22 33
29 23 13
29 24 5
29 25 14
29 26 21
29 27 18
29 28 22
29 29 -1
29 30 31
29 31 25
29 32 35
29 33 14
29 34 14
29 35 17
29 36 18
29 37 20
29 38 17
29 39 25
29 40 10
29 41 26
29 42 18
29 43 11
29 44 17
29 45 19
29 46 22
29 47 21
29 48 23
30 1 33
30 2 29
30 3 26
30 4 14
30 5 18
30 6 2
30 7 31
30 8 23
30 9 41
30 10 39
30 11 56
30 12 21
30 13 52
30 14 51
30 15 46
30 16 29
30 17 23
30 18 24
30 19 22
30 20 8
30 21 29
30 22 29
30 23 19
30 24 26
30 25 20
30 26 9
30 27 48
30 28 17
30 29 31
30 30 -1
30 31 13
30 32 12
30 33 23
30 34 24
30 35 21
30 36 25
30 37 26
30 38 14
30 39 11
30 40 31
30 41 14
30 42 40
30 43 27
30 44 41
30 45 33
30 46 51
30 47 41
30 48 37
31 1 22
31 2 20
31 3 22
31 4 22
31 5 16
31 6 15
31 7 18
31 8 19
31 9 31
31 10 42
31 11 52
31 12 9
31 13 48
31 14 45
31 15 42
31 16 18
31 17 13
31 18 33
31 19 30
31 20 7
31 21 32
31 22 36
31 23 12
31 24 22
31 25 11
31 26 11
31 27 43
31 28 23
31 29 25
31 30 13
31 31 -1
31 32 10
31 33 12
31 34 24
31 35 23
31 36 27
31 37 13
31 38 9
31 39 2
31 40 29
31 41 2
31 42 39
31 43 17
31 44 39
31 45 35
31 46 47
31 47 41
31 48 24
32 1 32
32 2 30
32 3 31
32 4 26
32 5 25
32 6 14
32 7 27
32 8 29
32 9 41
32 10 49
32 11 62
32 12 18
32 13 58
32 14 55
32 15 52
32 16 28
32 17 24
32 18 36
32 19 34
32 20 4
32 21 39
32 22 41
32 23 22
32 24 31
32 25 21
32 26 17
32 27 53
32 28 28
32 29 35
32 30 12
32 31 10
32 32 -1
32 33 22
32 34 32
32 35 30
32 36 34
32 37 22
32 38 18
32 39 10
32 40 38
32 41 9
32 42 48
32 43 27
32 44 49
32 45 42
32 46 57
32 47 49
32 48 33
33 1 10
33 2 7
33 3 14
33 4 27
33 5 12
33 6 24
33 7 10
33 8 13
33 9 18
33 10 38
33 11 41
33 12 5
33 13 38
33 14 33
33 15 31
33 16 6
33 17 3
33 18 36
33 19 32
33 20 19
33 21 28
33 22 37
33 23 7
33 24 13
33 25 4
33 26 15
33 27 33
33 28 24
33 29 14
33 30 23
33 31 12
33 32 22
33 33 -1
33 34 20
33 35 21
33 36 24
33 37 7
33 38 10
33 39 13
33 40 22
33 41 13
33 42 31
33 43 4
33 44 31
33 45 30
33 46 36
33 47 34
33 48 15
34 1 24
34 2 19
34 3 9
34 4 15
34 5 9
34 6 23
34 7 30
34 8 8
34 9 28
34 10 18
34 11 32
34 12 24
34 13 29
34 14 30
34 15 24
34 16 24
34 17 18
34 18 19
34 19 15
34 20 28
34 21 8
34 22 18
34 23 14
34 24 10
34 25 17
34 26 15
34 27 25
34 28 9
34 29 14
34 30 24
34 31 24
34 32 32
34 33 20
34 34 -1
34 35 3
34 36 3
34 37 27
34 38 15
34 39 23
34 40 8
34 41 26
34 42 16
34 43 20
34 44 18
34 45 10
34 46 28
34 47 17
34 48 34
35 1 26
35 2 20
35 3 11
35 4 12
35 5 8
35 6 20
35 7 30
35 8 9
35 9 30
35 10 19
35 11 35
35 12 23
35 13 32
35 14 33
35 15 27
35 16 25
35 17 18
35 18 17
35 19 13
35 20 26
35 21 9
35 22 17
35 23 13
35 24 12
35 25 17
35 26 13
35 27 29
35 28 6
35 29 17
35 30 21
35 31 23
35 32 30
35 33 21
35 34 3
35 35 -1
35 36 4
35 37 27
35 38 14
35 39 21
35 40 11
35 41 25
35 42 19
35 43 21
35 44 21
35 45 12
35 46 31
35 47 19
35 48 35
36 1 28
36 2 22
36 3 12
36 4 14
36 5 12
36 6 24
36 7 34
36 8 11
36 9 32
36 10 15
36 11 33
36 12 27
36 13 30
36 14 32
36 15 25
36 16 27
36 17 21
36 18 16
36 19 13
36 20 30
36 21 5
36 22 15
36 23 17
36 24 14
36 25 20
36 26 17
36 27 27
36 28 8
36 29 18
36 30 25
36 31 27
36 32 34
36 33 24
36 34 3
36 35 4
36 36 -1
36 37 31
36 38 18
36 39 25
36 40 10
36 41 29
36 42 16
36 43 24
36 44 18
36 45 8
36 46 29
36 47 16
36 48 38
37 1 12
37 2 13
37 3 21
37 4 32
37 5 19
37 6 27
37 7 5
37 8 20
37 9 20
37 10 45
37 11 47
37 12 5
37 13 43
37 14 38
37 15 37
37 16 7
37 17 10
37 18 42
37 19 38
37 20 20
37 21 35
37 22 44
37 23 13
37 24 20
37 25 10
37 26 20
37 27 38
37 28 30
37 29 20
37 30 26
37 31 13
37 32 22
37 33 7
37 34 27
37 35 27
37 36 31
37 37 -1
37 38 15
37 39 14
37 40 29
37 41 13
37 42 38
37 43 9
37 44 37
37 45 37
37 46 42
37 47 41
37 48 11
38 1 19
38 2 15
38 3 13
38 4 16
38 5 6
38 6 15
38 7 19
38 8 10
38 9 27
38 10 33
38 11 43
38 12 10
38 13 40
38 14 38
38 15 34
38 16 16
38 17 9
38 18 26
38 19 23
38 20 14
38 21 23
38 22 29
38 23 5
38 24 13
38 25 6
38 26 5
38 27 35
38 28 15
38 29 17
38 30 14
38 31 9
38 32 18
38 33 10
38 34 15
38 35 14
38 36 18
38 37 15
38 38 -1
38 39 8
38 40 20
38 41 11
38 42 30
38 43 13
38 44 30
38 45 25
38 46 39
38 47 31
38 48 25
39 1 23
39 2 20
39 3 21
39 4 20
39 5 14
39 6 13
39 7 19
39 8 18
39 9 31
39 10 40
39 11 51
39 12 10
39 13 48
39 14 45
39 15 41
39 16 19
39 17 13
39 18 31
39 19 28
39 20 6
39 21 30
39 22 34
39 23 12
39 24 21
39 25 11
39 26 9
39 27 43
39 28 21
39 29 25
39 30 11
39 31 2
39 32 10
39 33 13
39 34 23
39 35 21
39 36 25
39 37 14
39 38 8
39 39 -1
39 40 28
39 41 4
39 42 38
39 43 17
39 44 38
39 45 33
39 46 46
39 47 39
39 48 26
40 1 22
40 2 17
40 3 8
40 4 23
40 5 13
40 6 31
40 7 30
40 8 9
40 9 24
40 10 17
40 11 24
40 12 26
40 13 21
40 14 22
40 15 15
40 16 23
40 17 19
40 18 26
40 19 23
40 20 34
40 21 10
40 22 24
40 23 17
40 24 9
40 25 19
40 26 21
40 27 17
40 28 17
40 29 10
40 30 31
40 31 29
40 32 38
40 33 22
40 34 8
40 35 11
40 36 10
40 37 29
40 38 20
40 39 28
40 40 -1
40 41 31
40 42 9
40 43 20
40 44 10
40 45 9
40 46 20
40 47 12
40 48 33
41 1 23
41 2 21
41 3 23
41 4 24
41 5 18
41 6 16
41 7 18
41 8 21
41 9 31
41 10 44
41 11 53
41 12 9
41 13 50
41 14 46
41 15 43
41 16 18
41 17 15
41 18 35
41 19 32
41 20 7
41 21 34
41 22 38
41 23 14
41 24 23
41 25 12
41 26 13
41 27 45
41 28 25
41 29 26
41 30 14
41 31 2
41 32 9
41 33 13
41 34 26
41 35 25
41 36 29
41 37 13
41 38 11
41 39 4
41 40 31
41 41 -1
41 42 41
41 43 17
41 44 41
41 45 37
41 46 48
41 47 43
41 48 24
42 1 30
42 2 26
42 3 17
42 4 30
42 5 23
42 6 39
42 7 39
42 8 19
42 9 29
42 10 13
42 11 17
42 12 36
42 13 15
42 14 19
42 15 11
42 16 32
42 17 28
42 18 30
42 19 27
42 20 43
42 21 13
42 22 26
42 23 26
42 24 18
42 25 29
42 26 31
42 27 13
42 28 24
42 29 18
42 30 40
42 31 39
42 32 48
42 33 31
42 34 16
42 35 19
42 36 16
42 37 38
42 38 30
42 39 38
42 40 9
42 41 41
42 42 -1
42 43 29
42 44 3
42 45 9
42 46 15
42 47 3
42 48 41
43 1 6
43 2 3
43 3 12
43 4 29
43 5 13
43 6 28
43 7 10
43 8 12
43 9 14
43 10 37
43 11 38
43 12 9
43 13 34
43 14 29
43 15 28
43 16 3
43 17 4
43 18 37
43 19 33
43 20 24
43 21 28
43 22 38
43 23 8
43 24 11
43 25 7
43 26 18
43 27 29
43 28 25
43 29 11
43 30 27
43 31 17
43 32 27
43 33 4
43 34 20
43 35 21
43 36 24
43 37 9
43 38 13
43 39 17
43 40 20
43 41 17
43 42 29
43 43 -1
43 44 28
43 45 28
43 46 32
43 47 32
43 48 14
44 1 29
44 2 25
44 3 17
44 4 32
44 5 24
44 6 41
44 7 38
44 8 20
44 9 27
44 10 16
44 11 14
44 12 36
44 13 12
44 14 16
44 15 8
44 16 31
44 17 28
44 18 33
44 19 30
44 20 44
44 21 16
44 22 29
44 23 27
44 24 18
44 25 29
44 26 32
44 27 10
44 28 26
44 29 17
44 30 41
44 31 39
44 32 49
44 33 31
44 34 18
44 35 21
44 36 18
44 37 37
44 38 30
44 39 38
44 40 10
44 41 41
44 42 3
44 43 28
44 44 -1
44 45 12
44 46 12
44 47 6
44 48 40
45 1 31
45 2 26
45 3 16
45 4 22
45 5 19
45 6 32
45 7 39
45 8 17
45 9 33
45 10 8
45 11 26
45 12 34
45 13 24
45 14 27
45 15 20
45 16 32
45 17 27
45 18 21
45 19 18
45 20 38
45 21 4
45 22 17
45 23 24
45 24 17
45 25 27
45 26 25
45 27 22
45 28 16
45 29 19
45 30 33
45 31 35
45 32 42
45 33 30
45 34 10
45 35 12
45 36 8
45 37 37
45 38 25
45 39 33
45 40 9
45 41 37
45 42 9
45 43 28
45 44 12
45 45 -1
45 46 24
45 47 8
45 48 42
46 1 31
46 2 29
46 3 25
46 4 43
46 5 33
46 6 51
46 7 40
46 8 28
46 9 26
46 10 27
46 11 5
46 12 41
46 13 2
46 14 6
46 15 5
46 16 34
46 17 34
46 18 45
46 19 42
46 20 53
46 21 28
46 22 41
46 23 34
46 24 25
46 25 36
46 26 41
46 27 3
46 28 37
46 29 22
46 30 51
46 31 47
46 32 57
46 33 36
46 34 28
46 35 31
46 36 29
46 37 42
46 38 39
46 39 46
46 40 20
46 41 48
46 42 15
46 43 32
46 44 12
46 45 24
46 46 -1
46 47 17
46 48 41
47 1 33
47 2 29
47 3 20
47 4 30
47 5 25
47 6 40
47 7 42
47 8 21
47 9 33
47 10 9
47 11 19
47 12 38
47 13 17
47 14 22
47 15 14
47 16 35
47 17 31
47 18 28
47 19 26
47 20 45
47 21 12
47 22 24
47 23 29
47 24 21
47 25 31
47 26 32
47 27 16
47 28 24
47 29 21
47 30 41
47 31 41
47 32 49
47 33 34
47 34 17
47 35 19
47 36 16
47 37 41
47 38 31
47 39 39
47 40 12
47 41 43
47 42 3
47 43 32
47 44 6
47 45 8
47 46 17
47 47 -1
47 48 44
48 1 11
48 2 16
48 3 26
48 4 42
48 5 27
48 6 39
48 7 6
48 8 26
48 9 15
48 10 50
48 11 46
48 12 16
48 13 42
48 14 36
48 15 37
48 16 10
48 17 17
48 18 51
48 19 48
48 20 31
48 21 42
48 22 52
48 23 22
48 24 25
48 25 19
48 26 31
48 27 37
48 28 39
48 29 23
48 30 37
48 31 24
48 32 33
48 33 15
48 34 34
48 35 35
48 36 38
48 37 11
48 38 25
48 39 26
48 40 33
48 41 24
48 42 41
48 43 14
48 44 40
48 45 42
48 46 41
48 47 44
48 48 -1
