1 1 -1
1 2 26
1 3 20
1 4 10
1 5 29
1 6 15
1 7 5
1 8 18
1 9 18
1 10 7
1 11 23
1 12 12
1 13 5
1 14 20
1 15 18
1 16 25
1 17 12
1 18 7
1 19 25
1 20 19
1 21 8
1 22 29
1 23 26
1 24 18
1 25 26
1 26 29
1 27 25
1 28 19
1 29 23
1 30 13
1 31 32
1 32 12
1 33 26
1 34 20
1 35 27
1 36 17
1 37 8
1 38 32
1 39 25
1 40 18
1 41 18
1 42 30
1 43 5
1 44 7
1 45 18
1 46 31
1 47 25
1 48 12
1 49 17
1 50 19
2 1 26
2 2 -1
2 3 36
2 4 27
2 5 45
2 6 39
2 7 24
2 8 35
2 9 14
2 10 18
2 11 14
2 12 26
2 13 28
2 14 37
2 15 13
2 16 37
2 17 31
2 18 24
2 19 51
2 20 43
2 21 33
2 22 48
2 23 51
2 24 30
2 25 6
2 26 46
2 27 2
2 28 32
2 29 37
2 30 23
2 31 36
2 32 31
2 33 47
2 34 42
2 35 50
2 36 41
2 37 29
2 38 9
2 39 23
2 40 28
2 41 41
2 42 53
2 43 30
2 44 26
2 45 35
2 46 32
2 47 50
2 48 34
2 49 16
2 50 43
3 1 20
3 2 36
3 3 -1
3 4 10
3 5 9
3 6 28
3 7 25
3 8 37
3 9 22
3 10 21
3 11 25
3 12 10
3 13 24
3 14 38
3 15 34
3 16 7
3 17 31
3 18 27
3 19 31
3 20 13
3 21 15
3 22 12
3 23 35
3 24 7
3 25 39
3 26 10
3 27 35
3 28 39
3 29 42
3 30 13
3 31 52
3 32 30
3 33 41
3 34 9
3 35 41
3 36 15
3 37 11
3 38 38
3 39 44
3 40 9
3 41 33
3 42 41
3 43 15
3 44 13
3 45 36
3 46 51
3 47 34
3 48 29
3 49 20
3 50 33
4 1 10
4 2 27
4 3 10
4 4 -1
4 5 20
4 6 22
4 7 15
4 8 28
4 9 13
4 10 10
4 11 18
4 12 2
4 13 15
4 14 30
4 15 24
4 16 15
4 17 22
4 18 17
4 19 30
4 20 16
4 21 10
4 22 22
4 23 33
4 24 8
4 25 29
4 26 21
4 27 26
4 28 30
4 29 34
4 30 5
4 31 42
4 32 22
4 33 35
4 34 15
4 35 36
4 36 16
4 37 3
4 38 30
4 39 33
4 40 8
4 41 27
4 42 37
4 43 8
4 44 3
4 45 28
4 46 41
4 47 31
4 48 22
4 49 12
4 50 27
5 1 29
5 2 45
5 3 9
5 4 20
5 5 -1
5 6 34
5 7 34
5 8 45
5 9 30
5 10 31
5 11 33
5 12 20
5 13 32
5 14 46
5 15 44
5 16 9
5 17 39
5 18 36
5 19 35
5 20 16
5 21 23
5 22 5
5 23 40
5 24 15
5 25 49
5 26 1
5 27 43
5 28 48
5 29 51
5 30 22
5 31 61
5 32 39
5 33 47
5 34 12
5 35 46
5 36 20
5 37 20
5 38 46
5 39 54
5 40 17
5 41 40
5 42 46
5 43 24
5 44 22
5 45 44
5 46 60
5 47 39
5 48 37
5 49 28
5 50 39
6 1 15
6 2 39
6 3 28
6 4 22
6 5 34
6 6 -1
6 7 15
6 8 13
6 9 33
6 10 21
6 11 38
6 12 25
6 13 11
6 14 12
6 15 28
6 16 35
6 17 11
6 18 15
6 19 12
6 20 19
6 21 13
6 22 32
6 23 12
6 24 30
6 25 38
6 26 35
6 27 40
6 28 18
6 29 18
6 30 26
6 31 31
6 32 10
6 33 13
6 34 22
6 35 13
6 36 15
6 37 19
6 38 46
6 39 31
6 40 30
6 41 5
6 42 15
6 43 14
6 44 20
6 45 12
6 46 33
6 47 10
6 48 6
6 49 31
6 50 5
7 1 5
7 2 24
7 3 25
7 4 15
7 5 34
7 6 15
7 7 -1
7 8 14
7 9 19
7 10 8
7 11 25
7 12 17
7 13 4
7 14 16
7 15 14
7 16 30
7 17 8
7 18 2
7 19 26
7 20 24
7 21 13
7 22 35
7 23 27
7 24 23
7 25 23
7 26 35
7 27 24
7 28 14
7 29 19
7 30 17
7 31 26
7 32 8
7 33 24
7 34 25
7 35 26
7 36 21
7 37 14
7 38 31
7 39 20
7 40 23
7 41 17
7 42 29
7 43 10
7 44 12
7 45 14
7 46 26
7 47 26
7 48 10
7 49 19
7 50 19
8 1 18
8 2 35
8 3 37
8 4 28
8 5 45
8 6 13
8 7 14
8 8 -1
8 9 33
8 10 22
8 11 39
8 12 30
8 13 13
8 14 2
8 15 21
8 16 43
8 17 6
8 18 12
8 19 24
8 20 31
8 21 21
8 22 44
8 23 22
8 24 36
8 25 31
8 26 45
8 27 36
8 28 5
8 29 5
8 30 31
8 31 17
8 32 6
8 33 13
8 34 34
8 35 16
8 36 27
8 37 26
8 38 43
8 39 19
8 40 36
8 41 10
8 42 21
8 43 21
8 44 25
8 45 1
8 46 20
8 47 21
8 48 8
8 49 33
8 50 13
9 1 18
9 2 14
9 3 22
9 4 13
9 5 30
9 6 33
9 7 19
9 8 33
9 9 -1
9 10 11
9 11 5
9 12 12
9 13 22
9 14 36
9 15 18
9 16 22
9 17 28
9 18 21
9 19 42
9 20 30
9 21 22
9 22 34
9 23 44
9 24 15
9 25 19
9 26 31
9 27 13
9 28 33
9 29 38
9 30 9
9 31 41
9 32 28
9 33 43
9 34 28
9 35 45
9 36 30
9 37 17
9 38 16
9 39 30
9 40 13
9 41 36
9 42 48
9 43 19
9 44 14
9 45 33
9 46 39
9 47 43
9 48 29
9 49 2
9 50 37
10 1 7
10 2 18
10 3 21
10 4 10
10 5 31
10 6 21
10 7 8
10 8 22
10 9 11
10 10 -1
10 11 17
10 12 11
10 13 10
10 14 24
10 15 13
10 16 25
10 17 16
10 18 10
10 19 32
10 20 25
10 21 14
10 22 32
10 23 33
10 24 17
10 25 20
10 26 31
10 27 18
10 28 22
10 29 27
10 30 10
10 31 32
10 32 16
10 33 32
10 34 24
10 35 34
10 36 23
10 37 11
10 38 25
10 39 23
10 40 16
10 41 24
10 42 37
10 43 11
10 44 8
10 45 22
10 46 31
10 47 32
10 48 18
10 49 11
10 50 26
11 1 23
11 2 14
11 3 25
11 4 18
11 5 33
11 6 38
11 7 25
11 8 39
11 9 5
11 10 17
11 11 -1
11 12 17
11 13 28
11 14 41
11 15 22
11 16 24
11 17 33
11 18 27
11 19 48
11 20 35
11 21 28
11 22 37
11 23 50
11 24 18
11 25 20
11 26 34
11 27 12
11 28 38
11 29 43
11 30 13
11 31 46
11 32 34
11 33 49
11 34 32
11 35 51
11 36 35
11 37 22
11 38 13
11 39 34
11 40 16
11 41 42
11 42 54
11 43 25
11 44 19
11 45 39
11 46 43
11 47 49
11 48 35
11 49 7
11 50 43
12 1 12
12 2 26
12 3 10
12 4 2
12 5 20
12 6 25
12 7 17
12 8 30
12 9 12
12 10 11
12 11 17
12 12 -1
12 13 17
12 14 32
12 15 24
12 16 14
12 17 24
12 18 19
12 19 32
12 20 18
12 21 12
12 22 22
12 23 35
12 24 6
12 25 29
12 26 21
12 27 25
12 28 31
12 29 35
12 30 3
12 31 43
12 32 24
12 33 37
12 34 16
12 35 38
12 36 18
12 37 5
12 38 28
12 39 34
12 40 6
12 41 29
12 42 39
12 43 10
12 44 5
12 45 30
12 46 42
12 47 34
12 48 24
12 49 10
12 50 30
13 1 5
13 2 28
13 3 24
13 4 15
13 5 32
13 6 11
13 7 4
13 8 13
13 9 22
13 10 10
13 11 28
13 12 17
13 13 -1
13 14 15
13 15 18
13 16 30
13 17 7
13 18 5
13 19 22
13 20 21
13 21 10
13 22 32
13 23 23
13 24 23
13 25 27
13 26 33
13 27 28
13 28 15
13 29 18
13 30 18
13 31 28
13 32 7
13 33 21
13 34 22
13 35 23
13 36 18
13 37 13
13 38 35
13 39 23
13 40 23
13 41 13
13 42 26
13 43 8
13 44 12
13 45 13
13 46 28
13 47 22
13 48 7
13 49 21
13 50 15
14 1 20
14 2 37
14 3 38
14 4 30
14 5 46
14 6 12
14 7 16
14 8 2
14 9 36
14 10 24
14 11 41
14 12 32
14 13 15
14 14 -1
14 15 24
14 16 44
14 17 8
14 18 14
14 19 22
14 20 32
14 21 22
14 22 44
14 23 20
14 24 38
14 25 34
14 26 46
14 27 38
14 28 7
14 29 5
14 30 33
14 31 18
14 32 8
14 33 10
14 34 34
14 35 13
14 36 27
14 37 27
14 38 46
14 39 22
14 40 38
14 41 8
14 42 18
14 43 22
14 44 27
14 45 2
14 46 22
14 47 19
14 48 8
14 49 35
14 50 11
15 1 18
15 2 13
15 3 34
15 4 24
15 5 44
15 6 28
15 7 14
15 8 21
15 9 18
15 10 13
15 11 22
15 12 24
15 13 18
15 14 24
15 15 -1
15 16 38
15 17 18
15 18 13
15 19 40
15 20 37
15 21 26
15 22 46
15 23 40
15 24 30
15 25 10
15 26 45
15 27 14
15 28 18
15 29 24
15 30 22
15 31 24
15 32 19
15 33 34
15 34 37
15 35 37
15 36 35
15 37 24
15 38 22
15 39 11
15 40 29
15 41 29
15 42 41
15 43 23
15 44 21
15 45 22
15 46 20
15 47 39
15 48 23
15 49 19
15 50 31
16 1 25
16 2 37
16 3 7
16 4 15
16 5 9
16 6 35
16 7 30
16 8 43
16 9 22
16 10 25
16 11 24
16 12 14
16 13 30
16 14 44
16 15 38
16 16 -1
16 17 37
16 18 33
16 19 38
16 20 19
16 21 22
16 22 14
16 23 42
16 24 7
16 25 41
16 26 10
16 27 35
16 28 45
16 29 49
16 30 15
16 31 57
16 32 37
16 33 48
16 34 15
16 35 48
16 36 22
16 37 17
16 38 37
16 39 48
16 40 9
16 41 40
16 42 48
16 43 21
16 44 18
16 45 43
16 46 56
16 47 41
16 48 35
16 49 20
16 50 40
17 1 12
17 2 31
17 3 31
17 4 22
17 5 39
17 6 11
17 7 8
17 8 6
17 9 28
17 10 16
17 11 33
17 12 24
17 13 7
17 14 8
17 15 18
17 16 37
17 17 -1
17 18 6
17 19 23
17 20 27
17 21 16
17 22 38
17 23 22
17 24 30
17 25 28
17 26 40
17 27 31
17 28 8
17 29 11
17 30 25
17 31 22
17 32 1
17 33 16
17 34 29
17 35 19
17 36 23
17 37 20
17 38 39
17 39 20
17 40 30
17 41 10
17 42 23
17 43 15
17 44 19
17 45 6
17 46 23
17 47 20
17 48 5
17 49 27
17 50 13
18 1 7
18 2 24
18 3 27
18 4 17
18 5 36
18 6 15
18 7 2
18 8 12
18 9 21
18 10 10
18 11 27
18 12 19
18 13 5
18 14 14
18 15 13
18 16 33
18 17 6
18 18 -1
18 19 27
18 20 26
18 21 14
18 22 37
18 23 27
18 24 26
18 25 23
18 26 37
18 27 25
18 28 12
18 29 17
18 30 19
18 31 24
18 32 7
18 33 23
18 34 27
18 35 25
18 36 23
18 37 16
18 38 32
18 39 18
18 40 25
18 41 16
18 42 29
18 43 12
18 44 14
18 45 12
18 46 24
18 47 25
18 48 10
18 49 21
18 50 18
19 1 25
19 2 51
19 3 31
19 4 30
19 5 35
19 6 12
19 7 26
19 8 24
19 9 42
19 10 32
19 11 48
19 12 32
19 13 22
19 14 22
19 15 40
19 16 38
19 17 23
19 18 27
19 19 -1
19 20 19
19 21 19
19 22 31
19 23 5
19 24 35
19 25 50
19 26 35
19 27 51
19 28 29
19 29 28
19 30 34
19 31 41
19 32 22
19 33 17
19 34 23
19 35 14
19 36 15
19 37 26
19 38 57
19 39 43
19 40 36
19 41 14
19 42 11
19 43 22
19 44 28
19 45 23
19 46 44
19 47 5
19 48 18
19 49 41
19 50 11
20 1 19
20 2 43
20 3 13
20 4 16
20 5 16
20 6 19
20 7 24
20 8 31
20 9 30
20 10 25
20 11 35
20 12 18
20 13 21
20 14 32
20 15 37
20 16 19
20 17 27
20 18 26
20 19 19
20 20 -1
20 21 11
20 22 13
20 23 24
20 24 19
20 25 45
20 26 16
20 27 42
20 28 35
20 29 37
20 30 21
20 31 49
20 32 26
20 33 31
20 34 4
20 35 30
20 36 4
20 37 14
20 38 47
20 39 44
20 40 20
20 41 25
20 42 30
20 43 14
20 44 17
20 45 31
20 46 49
20 47 23
20 48 23
20 49 28
20 50 23
21 1 8
21 2 33
21 3 15
21 4 10
21 5 23
21 6 13
21 7 13
21 8 21
21 9 22
21 10 14
21 11 28
21 12 12
21 13 10
21 14 22
21 15 26
21 16 22
21 17 16
21 18 14
21 19 19
21 20 11
21 21 -1
21 22 22
21 23 22
21 24 17
21 25 34
21 26 23
21 27 32
21 28 24
21 29 27
21 30 15
21 31 38
21 32 15
21 33 26
21 34 12
21 35 26
21 36 9
21 37 6
21 38 38
21 39 33
21 40 17
21 41 18
21 42 27
21 43 3
21 44 8
21 45 21
21 46 38
21 47 21
21 48 13
21 49 21
21 50 18
22 1 29
22 2 48
22 3 12
22 4 22
22 5 5
22 6 32
22 7 35
22 8 44
22 9 34
22 10 32
22 11 37
22 12 22
22 13 32
22 14 44
22 15 46
22 16 14
22 17 38
22 18 37
22 19 31
22 20 13
22 21 22
22 22 -1
22 23 36
22 24 19
22 25 51
22 26 5
22 27 47
22 28 47
22 29 50
22 30 25
22 31 60
22 32 38
22 33 44
22 34 10
22 35 43
22 36 17
22 37 21
22 38 50
22 39 54
22 40 21
22 41 38
22 42 42
22 43 24
22 44 24
22 45 43
22 46 61
22 47 35
22 48 35
22 49 32
22 50 36
23 1 26
23 2 51
23 3 35
23 4 33
23 5 40
23 6 12
23 7 27
23 8 22
23 9 44
23 10 33
23 11 50
23 12 35
23 13 23
23 14 20
23 15 40
23 16 42
23 17 22
23 18 27
23 19 5
23 20 24
23 21 22
23 22 36
23 23 -1
23 24 39
23 25 50
23 26 40
23 27 52
23 28 27
23 29 25
23 30 37
23 31 38
23 32 21
23 33 12
23 34 28
23 35 9
23 36 20
23 37 29
23 38 58
23 39 41
23 40 40
23 41 12
23 42 6
23 43 25
23 44 31
23 45 21
23 46 42
23 47 1
23 48 17
23 49 43
23 50 9
24 1 18
24 2 30
24 3 7
24 4 8
24 5 15
24 6 30
24 7 23
24 8 36
24 9 15
24 10 17
24 11 18
24 12 6
24 13 23
24 14 38
24 15 30
24 16 7
24 17 30
24 18 26
24 19 35
24 20 19
24 21 17
24 22 19
24 23 39
24 24 -1
24 25 34
24 26 16
24 27 28
24 28 38
24 29 42
24 30 7
24 31 50
24 32 30
24 33 43
24 34 15
24 35 43
24 36 20
24 37 11
24 38 31
24 39 41
24 40 2
24 41 35
24 42 44
24 43 16
24 44 11
24 45 36
24 46 48
24 47 38
24 48 30
24 49 13
24 50 35
25 1 26
25 2 6
25 3 39
25 4 29
25 5 49
25 6 38
25 7 23
25 8 31
25 9 19
25 10 20
25 11 20
25 12 29
25 13 27
25 14 34
25 15 10
25 16 41
25 17 28
25 18 23
25 19 50
25 20 45
25 21 34
25 22 51
25 23 50
25 24 34
25 25 -1
25 26 49
25 27 8
25 28 28
25 29 33
25 30 26
25 31 30
25 32 29
25 33 44
25 34 44
25 35 47
25 36 43
25 37 31
25 38 15
25 39 17
25 40 32
25 41 39
25 42 51
25 43 31
25 44 28
25 45 32
25 46 26
25 47 49
25 48 33
25 49 21
25 50 41
26 1 29
26 2 46
26 3 10
26 4 21
26 5 1
26 6 35
26 7 35
26 8 45
26 9 31
26 10 31
26 11 34
26 12 21
26 13 33
26 14 46
26 15 45
26 16 10
26 17 40
26 18 37
26 19 35
26 20 16
26 21 23
26 22 5
26 23 40
26 24 16
26 25 49
26 26 -1
26 27 44
26 28 48
26 29 51
26 30 23
26 31 61
26 32 39
26 33 47
26 34 12
26 35 46
26 36 20
26 37 21
26 38 47
26 39 54
26 40 18
26 41 40
26 42 46
26 43 24
26 44 23
26 45 45
26 46 61
26 47 39
26 48 37
26 49 29
26 50 39
27 1 25
27 2 2
27 3 35
27 4 26
27 5 43
27 6 40
27 7 24
27 8 36
27 9 13
27 10 18
27 11 12
27 12 25
27 13 28
27 14 38
27 15 14
27 16 35
27 17 31
27 18 25
27 19 51
27 20 42
27 21 32
27 22 47
27 23 52
27 24 28
27 25 8
27 26 44
27 27 -1
27 28 33
27 29 38
27 30 22
27 31 38
27 32 32
27 33 48
27 34 41
27 35 50
27 36 41
27 37 28
27 38 7
27 39 25
27 40 26
27 41 41
27 42 54
27 43 29
27 44 25
27 45 36
27 46 34
27 47 50
27 48 35
27 49 15
27 50 43
28 1 19
28 2 32
28 3 39
28 4 30
28 5 48
28 6 18
28 7 14
28 8 5
28 9 33
28 10 22
28 11 38
28 12 31
28 13 15
28 14 7
28 15 18
28 16 45
28 17 8
28 18 12
28 19 29
28 20 35
28 21 24
28 22 47
28 23 27
28 24 38
28 25 28
28 26 48
28 27 33
28 28 -1
28 29 5
28 30 31
28 31 13
28 32 9
28 33 17
28 34 37
28 35 21
28 36 31
28 37 28
28 38 41
28 39 14
28 40 37
28 41 15
28 42 25
28 43 23
28 44 26
28 45 6
28 46 15
28 47 26
28 48 12
28 49 33
28 50 18
29 1 23
29 2 37
29 3 42
29 4 34
29 5 51
29 6 18
29 7 19
29 8 5
29 9 38
29 10 27
29 11 43
29 12 35
29 13 18
29 14 5
29 15 24
29 16 49
29 17 11
29 18 17
29 19 28
29 20 37
29 21 27
29 22 50
29 23 25
29 24 42
29 25 33
29 26 51
29 27 38
29 28 5
29 29 -1
29 30 36
29 31 13
29 32 12
29 33 14
29 34 40
29 35 18
29 36 33
29 37 31
29 38 46
29 39 18
29 40 41
29 41 14
29 42 23
29 43 27
29 44 31
29 45 6
29 46 17
29 47 24
29 48 14
29 49 38
29 50 17
30 1 13
30 2 23
30 3 13
30 4 5
30 5 22
30 6 26
30 7 17
30 8 31
30 9 9
30 10 10
30 11 13
30 12 3
30 13 18
30 14 33
30 15 22
30 16 15
30 17 25
30 18 19
30 19 34
30 20 21
30 21 15
30 22 25
30 23 37
30 24 7
30 25 26
30 26 23
30 27 22
30 28 31
30 29 36
30 30 -1
30 31 42
30 32 25
30 33 39
30 34 19
30 35 40
30 36 21
30 37 8
30 38 25
30 39 33
30 40 6
30 41 31
30 42 42
30 43 12
30 44 6
30 45 31
30 46 41
30 47 36
30 48 25
30 49 7
30 50 31
31 1 32
31 2 36
31 3 52
31 4 42
31 5 61
31 6 31
31 7 26
31 8 17
31 9 41
31 10 32
31 11 46
31 12 43
31 13 28
31 14 18
31 15 24
31 16 57
31 17 22
31 18 24
31 19 41
31 20 49
31 21 38
31 22 60
31 23 38
31 24 50
31 25 30
31 26 61
31 27 38
31 28 13
31 29 13
31 30 42
31 31 -1
31 32 22
31 33 27
31 34 50
31 35 31
31 36 45
31 37 40
31 38 45
31 39 13
31 40 49
31 41 27
31 42 36
31 43 36
31 44 39
31 45 18
31 46 5
31 47 37
31 48 26
31 49 42
31 50 30
32 1 12
32 2 31
32 3 30
32 4 22
32 5 39
32 6 10
32 7 8
32 8 6
32 9 28
32 10 16
32 11 34
32 12 24
32 13 7
32 14 8
32 15 19
32 16 37
32 17 1
32 18 7
32 19 22
32 20 26
32 21 15
32 22 38
32 23 21
32 24 30
32 25 29
32 26 39
32 27 32
32 28 9
32 29 12
32 30 25
32 31 22
32 32 -1
32 33 15
32 34 28
32 35 18
32 36 22
32 37 19
32 38 39
32 39 21
32 40 30
32 41 9
32 42 22
32 43 15
32 44 19
32 45 6
32 46 24
32 47 19
32 48 4
32 49 27
32 50 12
33 1 26
33 2 47
33 3 41
33 4 35
33 5 47
33 6 13
33 7 24
33 8 13
33 9 43
33 10 32
33 11 49
33 12 37
33 13 21
33 14 10
33 15 34
33 16 48
33 17 16
33 18 23
33 19 17
33 20 31
33 21 26
33 22 44
33 23 12
33 24 43
33 25 44
33 26 47
33 27 48
33 28 17
33 29 14
33 30 39
33 31 27
33 32 15
33 33 -1
33 34 35
33 35 4
33 36 27
33 37 32
33 38 55
33 39 32
33 40 43
33 41 8
33 42 9
33 43 27
33 44 32
33 45 12
33 46 31
33 47 12
33 48 13
33 49 43
33 50 8
34 1 20
34 2 42
34 3 9
34 4 15
34 5 12
34 6 22
34 7 25
34 8 34
34 9 28
34 10 24
34 11 32
34 12 16
34 13 22
34 14 34
34 15 37
34 16 15
34 17 29
34 18 27
34 19 23
34 20 4
34 21 12
34 22 10
34 23 28
34 24 15
34 25 44
34 26 12
34 27 41
34 28 37
34 29 40
34 30 19
34 31 50
34 32 28
34 33 35
34 34 -1
34 35 34
34 36 8
34 37 13
34 38 45
34 39 45
34 40 17
34 41 28
34 42 34
34 43 14
34 44 16
34 45 33
34 46 51
34 47 27
34 48 25
34 49 26
34 50 27
35 1 27
35 2 50
35 3 41
35 4 36
35 5 46
35 6 13
35 7 26
35 8 16
35 9 45
35 10 34
35 11 51
35 12 38
35 13 23
35 14 13
35 15 37
35 16 48
35 17 19
35 18 25
35 19 14
35 20 30
35 21 26
35 22 43
35 23 9
35 24 43
35 25 47
35 26 46
35 27 50
35 28 21
35 29 18
35 30 40
35 31 31
35 32 18
35 33 4
35 34 34
35 35 -1
35 36 26
35 37 32
35 38 58
35 39 36
35 40 43
35 41 9
35 42 5
35 43 27
35 44 33
35 45 15
35 46 35
35 47 9
35 48 15
35 49 44
35 50 8
36 1 17
36 2 41
36 3 15
36 4 16
36 5 20
36 6 15
36 7 21
36 8 27
36 9 30
36 10 23
36 11 35
36 12 18
36 13 18
36 14 27
36 15 35
36 16 22
36 17 23
36 18 23
36 19 15
36 20 4
36 21 9
36 22 17
36 23 20
36 24 20
36 25 43
36 26 20
36 27 41
36 28 31
36 29 33
36 30 21
36 31 45
36 32 22
36 33 27
36 34 8
36 35 26
36 36 -1
36 37 13
36 38 46
36 39 41
36 40 22
36 41 20
36 42 26
36 43 12
36 44 16
36 45 26
36 46 46
36 47 19
36 48 19
36 49 28
36 50 19
37 1 8
37 2 29
37 3 11
37 4 3
37 5 20
37 6 19
37 7 14
37 8 26
37 9 17
37 10 11
37 11 22
37 12 5
37 13 13
37 14 27
37 15 24
37 16 17
37 17 20
37 18 16
37 19 26
37 20 14
37 21 6
37 22 21
37 23 29
37 24 11
37 25 31
37 26 21
37 27 28
37 28 28
37 29 31
37 30 8
37 31 40
37 32 19
37 33 32
37 34 13
37 35 32
37 36 13
37 37 -1
37 38 33
37 39 33
37 40 11
37 41 24
37 42 34
37 43 5
37 44 3
37 45 25
37 46 40
37 47 28
37 48 19
37 49 15
37 50 24
38 1 32
38 2 9
38 3 38
38 4 30
38 5 46
38 6 46
38 7 31
38 8 43
38 9 16
38 10 25
38 11 13
38 12 28
38 13 35
38 14 46
38 15 22
38 16 37
38 17 39
38 18 32
38 19 57
38 20 47
38 21 38
38 22 50
38 23 58
38 24 31
38 25 15
38 26 47
38 27 7
38 28 41
38 29 46
38 30 25
38 31 45
38 32 39
38 33 55
38 34 45
38 35 58
38 36 46
38 37 33
38 38 -1
38 39 32
38 40 29
38 41 48
38 42 61
38 43 35
38 44 30
38 45 44
38 46 41
38 47 57
38 48 42
38 49 18
38 50 50
39 1 25
39 2 23
39 3 44
39 4 33
39 5 54
39 6 31
39 7 20
39 8 19
39 9 30
39 10 23
39 11 34
39 12 34
39 13 23
39 14 22
39 15 11
39 16 48
39 17 20
39 18 18
39 19 43
39 20 44
39 21 33
39 22 54
39 23 41
39 24 41
39 25 17
39 26 54
39 27 25
39 28 14
39 29 18
39 30 33
39 31 13
39 32 21
39 33 32
39 34 45
39 35 36
39 36 41
39 37 33
39 38 32
39 39 -1
39 40 39
39 41 29
39 42 40
39 43 30
39 44 31
39 45 20
39 46 9
39 47 40
39 48 25
39 49 31
39 50 32
40 1 18
40 2 28
40 3 9
40 4 8
40 5 17
40 6 30
40 7 23
40 8 36
40 9 13
40 10 16
40 11 16
40 12 6
40 13 23
40 14 38
40 15 29
40 16 9
40 17 30
40 18 25
40 19 36
40 20 20
40 21 17
40 22 21
40 23 40
40 24 2
40 25 32
40 26 18
40 27 26
40 28 37
40 29 41
40 30 6
40 31 49
40 32 30
40 33 43
40 34 17
40 35 43
40 36 22
40 37 11
40 38 29
40 39 39
40 40 -1
40 41 35
40 42 45
40 43 16
40 44 11
40 45 36
40 46 47
40 47 39
40 48 30
40 49 11
40 50 35
41 1 18
41 2 41
41 3 33
41 4 27
41 5 40
41 6 5
41 7 17
41 8 10
41 9 36
41 10 24
41 11 42
41 12 29
41 13 13
41 14 8
41 15 29
41 16 40
41 17 10
41 18 16
41 19 14
41 20 25
41 21 18
41 22 38
41 23 12
41 24 35
41 25 39
41 26 40
41 27 41
41 28 15
41 29 14
41 30 31
41 31 27
41 32 9
41 33 8
41 34 28
41 35 9
41 36 20
41 37 24
41 38 48
41 39 29
41 40 35
41 41 -1
41 42 12
41 43 19
41 44 24
41 45 9
41 46 30
41 47 11
41 48 6
41 49 35
41 50 3
42 1 30
42 2 53
42 3 41
42 4 37
42 5 46
42 6 15
42 7 29
42 8 21
42 9 48
42 10 37
42 11 54
42 12 39
42 13 26
42 14 18
42 15 41
42 16 48
42 17 23
42 18 29
42 19 11
42 20 30
42 21 27
42 22 42
42 23 6
42 24 44
42 25 51
42 26 46
42 27 54
42 28 25
42 29 23
42 30 42
42 31 36
42 32 22
42 33 9
42 34 34
42 35 5
42 36 26
42 37 34
42 38 61
42 39 40
42 40 45
42 41 12
42 42 -1
42 43 29
42 44 35
42 45 20
42 46 40
42 47 7
42 48 19
42 49 47
42 50 10
43 1 5
43 2 30
43 3 15
43 4 8
43 5 24
43 6 14
43 7 10
43 8 21
43 9 19
43 10 11
43 11 25
43 12 10
43 13 8
43 14 22
43 15 23
43 16 21
43 17 15
43 18 12
43 19 22
43 20 14
43 21 3
43 22 24
43 23 25
43 24 16
43 25 31
43 26 24
43 27 29
43 28 23
43 29 27
43 30 12
43 31 36
43 32 15
43 33 27
43 34 14
43 35 27
43 36 12
43 37 5
43 38 35
43 39 30
43 40 16
43 41 19
43 42 29
43 43 -1
43 44 5
43 45 21
43 46 36
43 47 23
43 48 14
43 49 18
43 50 19
44 1 7
44 2 26
44 3 13
44 4 3
44 5 22
44 6 20
44 7 12
44 8 25
44 9 14
44 10 8
44 11 19
44 12 5
44 13 12
44 14 27
44 15 21
44 16 18
44 17 19
44 18 14
44 19 28
44 20 17
44 21 8
44 22 24
44 23 31
44 24 11
44 25 28
44 26 23
44 27 25
44 28 26
44 29 31
44 30 6
44 31 39
44 32 19
44 33 32
44 34 16
44 35 33
44 36 16
44 37 3
44 38 30
44 39 31
44 40 11
44 41 24
44 42 35
44 43 5
44 44 -1
44 45 25
44 46 38
44 47 29
44 48 19
44 49 12
44 50 25
45 1 18
45 2 35
45 3 36
45 4 28
45 5 44
45 6 12
45 7 14
45 8 1
45 9 33
45 10 22
45 11 39
45 12 30
45 13 13
45 14 2
45 15 22
45 16 43
45 17 6
45 18 12
45 19 23
45 20 31
45 21 21
45 22 43
45 23 21
45 24 36
45 25 32
45 26 45
45 27 36
45 28 6
45 29 6
45 30 31
45 31 18
45 32 6
45 33 12
45 34 33
45 35 15
45 36 26
45 37 25
45 38 44
45 39 20
45 40 36
45 41 9
45 42 20
45 43 21
45 44 25
45 45 -1
45 46 21
45 47 20
45 48 7
45 49 33
45 50 12
46 1 31
46 2 32
46 3 51
46 4 41
46 5 60
46 6 33
46 7 26
46 8 20
46 9 39
46 10 31
46 11 43
46 12 42
46 13 28
46 14 22
46 15 20
46 16 56
46 17 23
46 18 24
46 19 44
46 20 49
46 21 38
46 22 61
46 23 42
46 24 48
46 25 26
46 26 61
46 27 34
46 28 15
46 29 17
46 30 41
46 31 5
46 32 24
46 33 31
46 34 51
46 35 35
46 36 46
46 37 40
46 38 41
46 39 9
46 40 47
46 41 30
46 42 40
46 43 36
46 44 38
46 45 21
46 46 -1
46 47 41
46 48 27
46 49 39
46 50 33
47 1 25
47 2 50
47 3 34
47 4 31
47 5 39
47 6 10
47 7 26
47 8 21
47 9 43
47 10 32
47 11 49
47 12 34
47 13 22
47 14 19
47 15 39
47 16 41
47 17 20
47 18 25
47 19 5
47 20 23
47 21 21
47 22 35
47 23 1
47 24 38
47 25 49
47 26 39
47 27 50
47 28 26
47 29 24
47 30 36
47 31 37
47 32 19
47 33 12
47 34 27
47 35 9
47 36 19
47 37 28
47 38 57
47 39 40
47 40 39
47 41 11
47 42 7
47 43 23
47 44 29
47 45 20
47 46 41
47 47 -1
47 48 16
47 49 42
47 50 8
48 1 12
48 2 34
48 3 29
48 4 22
48 5 37
48 6 6
48 7 10
48 8 8
48 9 29
48 10 18
48 11 35
48 12 24
48 13 7
48 14 8
48 15 23
48 16 35
48 17 5
48 18 10
48 19 18
48 20 23
48 21 13
48 22 35
48 23 17
48 24 30
48 25 33
48 26 37
48 27 35
48 28 12
48 29 14
48 30 25
48 31 26
48 32 4
48 33 13
48 34 25
48 35 15
48 36 19
48 37 19
48 38 42
48 39 25
48 40 30
48 41 6
48 42 19
48 43 14
48 44 19
48 45 7
48 46 27
48 47 16
48 48 -1
48 49 29
48 50 8
49 1 17
49 2 16
49 3 20
49 4 12
49 5 28
49 6 31
49 7 19
49 8 33
49 9 2
49 10 11
49 11 7
49 12 10
49 13 21
49 14 35
49 15 19
49 16 20
49 17 27
49 18 21
49 19 41
49 20 28
49 21 21
49 22 32
49 23 43
49 24 13
49 25 21
49 26 29
49 27 15
49 28 33
49 29 38
49 30 7
49 31 42
49 32 27
49 33 43
49 34 26
49 35 44
49 36 28
49 37 15
49 38 18
49 39 31
49 40 11
49 41 35
49 42 47
49 43 18
49 44 12
49 45 33
49 46 39
49 47 42
49 48 29
49 49 -1
49 50 36
50 1 19
50 2 43
50 3 33
50 4 27
50 5 39
50 6 5
50 7 19
50 8 13
50 9 37
50 10 26
50 11 43
50 12 30
50 13 15
50 14 11
50 15 31
50 16 40
50 17 13
50 18 18
50 19 11
50 20 23
50 21 18
50 22 36
50 23 9
50 24 35
50 25 41
50 26 39
50 27 43
50 28 18
50 29 17
50 30 31
50 31 30
50 32 12
50 33 8
50 34 27
50 35 8
50 36 19
50 37 24
50 38 50
50 39 32
50 40 35
50 41 3
50 42 10
50 43 19
50 44 25
50 45 12
50 46 33
50 47 8
50 48 8
50 49 36
50 50 -1
