1 1 83
1 2 48
1 3 83
1 4 22
1 5 43
1 6 99
1 7 59
1 8 62
1 9 50
1 10 83
1 11 60
1 12 85
2 1 76
2 2 81
2 3 61
2 4 55
2 5 92
2 6 71
2 7 43
2 8 1
2 9 29
2 10 44
2 11 50
2 12 84
3 1 15
3 2 84
3 3 13
3 4 18
3 5 90
3 6 97
3 7 76
3 8 56
3 9 80
3 10 76
3 11 42
3 12 70
4 1 40
4 2 46
4 3 68
4 4 24
4 5 6
4 6 3
4 7 44
4 8 85
4 9 8
4 10 59
4 11 80
4 12 40
5 1 90
5 2 92
5 3 66
5 4 45
5 5 10
5 6 39
5 7 53
5 8 33
5 9 41
5 10 39
5 11 48
5 12 20
6 1 56
6 2 66
6 3 36
6 4 68
6 5 15
6 6 44
6 7 57
6 8 66
6 9 71
6 10 37
6 11 34
6 12 67
7 1 64
7 2 45
7 3 64
7 4 81
7 5 50
7 6 62
7 7 24
7 8 98
7 9 18
7 10 40
7 11 81
7 12 91
8 1 16
8 2 100
8 3 21
8 4 69
8 5 45
8 6 18
8 7 96
8 8 88
8 9 5
8 10 93
8 11 16
8 12 70
9 1 81
9 2 56
9 3 80
9 4 27
9 5 75
9 6 87
9 7 16
9 8 94
9 9 72
9 10 17
9 11 61
9 12 53
10 1 25
10 2 60
10 3 31
10 4 7
10 5 51
10 6 45
10 7 19
10 8 34
10 9 87
10 10 66
10 11 39
10 12 59
11 1 81
11 2 65
11 3 85
11 4 64
11 5 49
11 6 29
11 7 28
11 8 28
11 9 92
11 10 98
11 11 60
11 12 82
12 1 16
12 2 35
12 3 14
12 4 87
12 5 67
12 6 34
12 7 43
12 8 13
12 9 79
12 10 42
12 11 35
12 12 73
