1 1 -1
1 2 15
1 3 12
1 4 7
1 5 11
1 6 16
1 7 13
1 8 4
1 9 7
1 10 11
1 11 14
1 12 10
1 13 2
1 14 17
1 15 8
1 16 11
1 17 8
1 18 15
2 1 15
2 2 -1
2 3 4
2 4 13
2 5 14
2 6 2
2 7 11
2 8 12
2 9 8
2 10 10
2 11 7
2 12 5
2 13 14
2 14 3
2 15 7
2 16 6
2 17 7
2 18 7
3 1 12
3 2 4
3 3 -1
3 4 9
3 5 13
3 6 4
3 7 7
3 8 10
3 9 7
3 10 6
3 11 4
3 12 3
3 13 11
3 14 7
3 15 6
3 16 6
3 17 4
3 18 5
4 1 7
4 2 13
4 3 9
4 4 -1
4 5 16
4 6 13
4 7 6
4 8 9
4 9 9
4 10 5
4 11 9
4 12 10
4 13 5
4 14 16
4 15 10
4 16 13
4 17 7
4 18 10
5 1 11
5 2 14
5 3 13
5 4 16
5 5 -1
5 6 16
5 7 19
5 8 7
5 9 7
5 10 17
5 11 17
5 12 10
5 13 12
5 14 14
5 15 8
5 16 8
5 17 11
5 18 18
6 1 16
6 2 2
6 3 4
6 4 13
6 5 16
6 6 -1
6 7 10
6 8 13
6 9 10
6 10 9
6 11 6
6 12 6
6 13 15
6 14 4
6 15 9
6 16 8
6 17 8
6 18 6
7 1 13
7 2 11
7 3 7
7 4 6
7 5 19
7 6 10
7 7 -1
7 8 13
7 9 11
7 10 2
7 11 4
7 12 9
7 13 11
7 14 14
7 15 11
7 16 13
7 17 7
7 18 4
8 1 4
8 2 12
8 3 10
8 4 9
8 5 7
8 6 13
8 7 13
8 8 -1
8 9 3
8 10 10
8 11 13
8 12 7
8 13 5
8 14 14
8 15 5
8 16 7
8 17 6
8 18 14
9 1 7
9 2 8
9 3 7
9 4 9
9 5 7
9 6 10
9 7 11
9 8 3
9 9 -1
9 10 9
9 11 10
9 12 4
9 13 7
9 14 10
9 15 1
9 16 4
9 17 3
9 18 11
10 1 11
10 2 10
10 3 6
10 4 5
10 5 17
10 6 9
10 7 2
10 8 10
10 9 9
10 10 -1
10 11 4
10 12 7
10 13 9
10 14 13
10 15 9
10 16 11
10 17 5
10 18 5
11 1 14
11 2 7
11 3 4
11 4 9
11 5 17
11 6 6
11 7 4
11 8 13
11 9 10
11 10 4
11 11 -1
11 12 7
11 13 12
11 14 10
11 15 9
11 16 10
11 17 7
11 18 1
12 1 10
12 2 5
12 3 3
12 4 10
12 5 10
12 6 6
12 7 9
12 8 7
12 9 4
12 10 7
12 11 7
12 12 -1
12 13 10
12 14 7
12 15 3
12 16 3
12 17 3
12 18 8
13 1 2
13 2 14
13 3 11
13 4 5
13 5 12
13 6 15
13 7 11
13 8 5
13 9 7
13 10 9
13 11 12
13 12 10
13 13 -1
13 14 17
13 15 8
13 16 11
13 17 7
13 18 13
14 1 17
14 2 3
14 3 7
14 4 16
14 5 14
14 6 4
14 7 14
14 8 14
14 9 10
14 10 13
14 11 10
14 12 7
14 13 17
14 14 -1
14 15 9
14 16 6
14 17 10
14 18 10
15 1 8
15 2 7
15 3 6
15 4 10
15 5 8
15 6 9
15 7 11
15 8 5
15 9 1
15 10 9
15 11 9
15 12 3
15 13 8
15 14 9
15 15 -1
15 16 3
15 17 3
15 18 10
16 1 11
16 2 6
16 3 6
16 4 13
16 5 8
16 6 8
16 7 13
16 8 7
16 9 4
16 10 11
16 11 10
16 12 3
16 13 11
16 14 6
16 15 3
16 16 -1
16 17 6
16 18 11
17 1 8
17 2 7
17 3 4
17 4 7
17 5 11
17 6 8
17 7 7
17 8 6
17 9 3
17 10 5
17 11 7
17 12 3
17 13 7
17 14 10
17 15 3
17 16 6
17 17 -1
17 18 8
18 1 15
18 2 7
18 3 5
18 4 10
18 5 18
18 6 6
18 7 4
18 8 14
18 9 11
18 10 5
18 11 1
18 12 8
18 13 13
18 14 10
18 15 10
18 16 11
18 17 8
18 18 -1
