1 1 -1
1 2 21
1 3 15
1 4 18
1 5 13
1 6 10
1 7 9
1 8 6
1 9 15
1 10 13
1 11 12
1 12 5
1 13 9
1 14 20
1 15 19
1 16 10
1 17 15
1 18 18
1 19 18
1 20 14
1 21 17
1 22 17
1 23 9
2 1 21
2 2 -1
2 3 9
2 4 17
2 5 12
2 6 16
2 7 15
2 8 15
2 9 6
2 10 8
2 11 13
2 12 23
2 13 23
2 14 10
2 15 11
2 16 19
2 17 17
2 18 3
2 19 7
2 20 7
2 21 6
2 22 7
2 23 13
3 1 15
3 2 9
3 3 -1
3 4 19
3 5 3
3 6 15
3 7 6
3 8 9
3 9 4
3 10 4
3 11 13
3 12 18
3 13 20
3 14 14
3 15 15
3 16 18
3 17 8
3 18 6
3 19 2
3 20 5
3 21 3
3 22 10
3 23 6
4 1 18
4 2 17
4 3 19
4 4 -1
4 5 19
4 6 7
4 7 19
4 8 15
4 9 15
4 10 15
4 11 7
4 12 15
4 13 12
4 14 7
4 15 6
4 16 8
4 17 25
4 18 16
4 19 20
4 20 13
4 21 17
4 22 10
4 23 17
5 1 13
5 2 12
5 3 3
5 4 19
5 5 -1
5 6 14
5 7 3
5 8 7
5 9 6
5 10 5
5 11 13
5 12 16
5 13 19
5 14 16
5 15 16
5 16 17
5 17 6
5 18 9
5 19 5
5 20 7
5 21 6
5 22 12
5 23 4
6 1 10
6 2 16
6 3 15
6 4 7
6 5 14
6 6 -1
6 7 13
6 8 8
6 9 12
6 10 11
6 11 2
6 12 8
6 13 7
6 14 10
6 15 9
6 16 3
6 17 19
6 18 14
6 19 17
6 20 10
6 21 14
6 22 9
6 23 10
7 1 9
7 2 15
7 3 6
7 4 19
7 5 3
7 6 13
7 7 -1
7 8 5
7 9 9
7 10 7
7 11 12
7 12 14
7 13 17
7 14 17
7 15 17
7 16 15
7 17 6
7 18 12
7 19 9
7 20 9
7 21 9
7 22 13
7 23 2
8 1 6
8 2 15
8 3 9
8 4 15
8 5 7
8 6 8
8 7 5
8 8 -1
8 9 9
8 10 7
8 11 8
8 12 9
8 13 12
8 14 15
8 15 14
8 16 10
8 17 11
8 18 12
8 19 12
8 20 8
8 21 10
8 22 12
8 23 3
9 1 15
9 2 6
9 3 4
9 4 15
9 5 6
9 6 12
9 7 9
9 8 9
9 9 -1
9 10 2
9 11 10
9 12 17
9 13 18
9 14 10
9 15 10
9 16 15
9 17 12
9 18 3
9 19 5
9 20 2
9 21 2
9 22 6
9 23 7
10 1 13
10 2 8
10 3 4
10 4 15
10 5 5
10 6 11
10 7 7
10 8 7
10 9 2
10 10 -1
10 11 9
10 12 15
10 13 17
10 14 11
10 15 11
10 16 14
10 17 11
10 18 5
10 19 6
10 20 2
10 21 3
10 22 7
10 23 5
11 1 12
11 2 13
11 3 13
11 4 7
11 5 13
11 6 2
11 7 12
11 8 8
11 9 10
11 10 9
11 11 -1
11 12 10
11 13 9
11 14 8
11 15 7
11 16 5
11 17 18
11 18 11
11 19 15
11 20 8
11 21 12
11 22 7
11 23 10
12 1 5
12 2 23
12 3 18
12 4 15
12 5 16
12 6 8
12 7 14
12 8 9
12 9 17
12 10 15
12 11 10
12 12 -1
12 13 4
12 14 18
12 15 17
12 16 7
12 17 20
12 18 20
12 19 21
12 20 16
12 21 19
12 22 17
12 23 12
13 1 9
13 2 23
13 3 20
13 4 12
13 5 19
13 6 7
13 7 17
13 8 12
13 9 18
13 10 17
13 11 9
13 12 4
13 13 -1
13 14 17
13 15 16
13 16 4
13 17 23
13 18 21
13 19 23
13 20 17
13 21 20
13 22 16
13 23 15
14 1 20
14 2 10
14 3 14
14 4 7
14 5 16
14 6 10
14 7 17
14 8 15
14 9 10
14 10 11
14 11 8
14 12 18
14 13 17
14 14 -1
14 15 1
14 16 13
14 17 22
14 18 9
14 19 15
14 20 9
14 21 12
14 22 4
14 23 15
15 1 19
15 2 11
15 3 15
15 4 6
15 5 16
15 6 9
15 7 17
15 8 14
15 9 10
15 10 11
15 11 7
15 12 17
15 13 16
15 14 1
15 15 -1
15 16 11
15 17 22
15 18 10
15 19 15
15 20 9
15 21 12
15 22 4
15 23 14
16 1 10
16 2 19
16 3 18
16 4 8
16 5 17
16 6 3
16 7 15
16 8 10
16 9 15
16 10 14
16 11 5
16 12 7
16 13 4
16 14 13
16 15 11
16 16 -1
16 17 22
16 18 17
16 19 20
16 20 13
16 21 17
16 22 12
16 23 13
17 1 15
17 2 17
17 3 8
17 4 25
17 5 6
17 6 19
17 7 6
17 8 11
17 9 12
17 10 11
17 11 18
17 12 20
17 13 23
17 14 22
17 15 22
17 16 22
17 17 -1
17 18 14
17 19 10
17 20 13
17 21 11
17 22 18
17 23 8
18 1 18
18 2 3
18 3 6
18 4 16
18 5 9
18 6 14
18 7 12
18 8 12
18 9 3
18 10 5
18 11 11
18 12 20
18 13 21
18 14 9
18 15 10
18 16 17
18 17 14
18 18 -1
18 19 5
18 20 4
18 21 3
18 22 6
18 23 10
19 1 18
19 2 7
19 3 2
19 4 20
19 5 5
19 6 17
19 7 9
19 8 12
19 9 5
19 10 6
19 11 15
19 12 21
19 13 23
19 14 15
19 15 15
19 16 20
19 17 10
19 18 5
19 19 -1
19 20 7
19 21 3
19 22 11
19 23 9
20 1 14
20 2 7
20 3 5
20 4 13
20 5 7
20 6 10
20 7 9
20 8 8
20 9 2
20 10 2
20 11 8
20 12 16
20 13 17
20 14 9
20 15 9
20 16 13
20 17 13
20 18 4
20 19 7
20 20 -1
20 21 4
20 22 5
20 23 7
21 1 17
21 2 6
21 3 3
21 4 17
21 5 6
21 6 14
21 7 9
21 8 10
21 9 2
21 10 3
21 11 12
21 12 19
21 13 20
21 14 12
21 15 12
21 16 17
21 17 11
21 18 3
21 19 3
21 20 4
21 21 -1
21 22 8
21 23 8
22 1 17
22 2 7
22 3 10
22 4 10
22 5 12
22 6 9
22 7 13
22 8 12
22 9 6
22 10 7
22 11 7
22 12 17
22 13 16
22 14 4
22 15 4
22 16 12
22 17 18
22 18 6
22 19 11
22 20 5
22 21 8
22 22 -1
22 23 11
23 1 9
23 2 13
23 3 6
23 4 17
23 5 4
23 6 10
23 7 2
23 8 3
23 9 7
23 10 5
23 11 10
23 12 12
23 13 15
23 14 15
23 15 14
23 16 13
23 17 8
23 18 10
23 19 9
23 20 7
23 21 8
23 22 11
23 23 -1
