1 1 -1
1 2 1
1 3 10
1 4 11
1 5 6
1 6 3
1 7 16
1 8 13
1 9 9
1 10 14
1 11 17
1 12 8
1 13 3
1 14 5
1 15 5
1 16 5
1 17 14
2 1 1
2 2 -1
2 3 10
2 4 10
2 5 7
2 6 2
2 7 16
2 8 13
2 9 8
2 10 14
2 11 17
2 12 8
2 13 4
2 14 5
2 15 5
2 16 5
2 17 14
3 1 10
3 2 10
3 3 -1
3 4 2
3 5 9
3 6 9
3 7 5
3 8 4
3 9 10
3 10 6
3 11 7
3 12 7
3 13 14
3 14 11
3 15 8
3 16 10
3 17 5
4 1 11
4 2 10
4 3 2
4 4 -1
4 5 11
4 6 9
4 7 6
4 8 5
4 9 9
4 10 8
4 11 6
4 12 9
4 13 14
4 14 13
4 15 9
4 16 11
4 17 3
5 1 6
5 2 7
5 3 9
5 4 11
5 5 -1
5 6 8
5 7 14
5 8 10
5 9 13
5 10 9
5 11 16
5 12 2
5 13 9
5 14 3
5 15 2
5 16 2
5 17 14
6 1 3
6 2 2
6 3 9
6 4 9
6 5 8
6 6 -1
6 7 15
6 8 13
6 9 6
6 10 14
6 11 16
6 12 8
6 13 5
6 14 7
6 15 6
6 16 7
6 17 12
7 1 16
7 2 16
7 3 5
7 4 6
7 5 14
7 6 15
7 7 -1
7 8 4
7 9 15
7 10 7
7 11 2
7 12 11
7 13 20
7 14 17
7 15 13
7 16 15
7 17 4
8 1 13
8 2 13
8 3 4
8 4 5
8 5 10
8 6 13
8 7 4
8 8 -1
8 9 14
8 10 3
8 11 6
8 12 7
8 13 17
8 14 13
8 15 10
8 16 12
8 17 6
9 1 9
9 2 8
9 3 10
9 4 9
9 5 13
9 6 6
9 7 15
9 8 14
9 9 -1
9 10 16
9 11 15
9 12 13
9 13 11
9 14 13
9 15 11
9 16 13
9 17 11
10 1 14
10 2 14
10 3 6
10 4 8
10 5 9
10 6 14
10 7 7
10 8 3
10 9 16
10 10 -1
10 11 9
10 12 6
10 13 17
10 14 12
10 15 9
10 16 11
10 17 9
11 1 17
11 2 17
11 3 7
11 4 6
11 5 16
11 6 16
11 7 2
11 8 6
11 9 15
11 10 9
11 11 -1
11 12 13
11 13 21
11 14 18
11 15 15
11 16 17
11 17 4
12 1 8
12 2 8
12 3 7
12 4 9
12 5 2
12 6 8
12 7 11
12 8 7
12 9 13
12 10 6
12 11 13
12 12 -1
12 13 11
12 14 5
12 15 3
12 16 4
12 17 12
13 1 3
13 2 4
13 3 14
13 4 14
13 5 9
13 6 5
13 7 20
13 8 17
13 9 11
13 10 17
13 11 21
13 12 11
13 13 -1
13 14 6
13 15 8
13 16 7
13 17 18
14 1 5
14 2 5
14 3 11
14 4 13
14 5 3
14 6 7
14 7 17
14 8 13
14 9 13
14 10 12
14 11 18
14 12 5
14 13 6
14 14 -1
14 15 3
14 16 1
14 17 16
15 1 5
15 2 5
15 3 8
15 4 9
15 5 2
15 6 6
15 7 13
15 8 10
15 9 11
15 10 9
15 11 15
15 12 3
15 13 8
15 14 3
15 15 -1
15 16 2
15 17 13
16 1 5
16 2 5
16 3 10
16 4 11
16 5 2
16 6 7
16 7 15
16 8 12
16 9 13
16 10 11
16 11 17
16 12 4
16 13 7
16 14 1
16 15 2
16 16 -1
16 17 15
17 1 14
17 2 14
17 3 5
17 4 3
17 5 14
17 6 12
17 7 4
17 8 6
17 9 11
17 10 9
17 11 4
17 12 12
17 13 18
17 14 16
17 15 13
17 16 15
17 17 -1
