1 1 81
1 2 52
1 3 58
1 4 1
1 5 82
1 6 78
1 7 69
1 8 8
1 9 40
1 10 35
1 11 41
1 12 99
1 13 56
1 14 90
1 15 56
1 16 85
1 17 4
1 18 68
1 19 57
1 20 18
1 21 60
1 22 51
1 23 96
1 24 55
1 25 23
1 26 63
1 27 13
1 28 78
1 29 80
1 30 100
1 31 63
1 32 61
1 33 74
1 34 22
1 35 91
1 36 65
1 37 81
1 38 30
1 39 75
1 40 78
1 41 38
1 42 12
1 43 12
1 44 56
1 45 25
1 46 43
1 47 20
1 48 27
1 49 8
1 50 48
1 51 42
1 52 76
1 53 36
1 54 8
1 55 79
1 56 65
1 57 11
1 58 62
1 59 97
1 60 97
1 61 17
1 62 39
1 63 49
1 64 98
1 65 86
1 66 100
1 67 56
1 68 68
1 69 7
1 70 32
2 1 76
2 2 2
2 3 63
2 4 68
2 5 29
2 6 16
2 7 38
2 8 39
2 9 90
2 10 91
2 11 40
2 12 20
2 13 73
2 14 43
2 15 30
2 16 8
2 17 58
2 18 33
2 19 13
2 20 2
2 21 47
2 22 74
2 23 8
2 24 80
2 25 4
2 26 11
2 27 90
2 28 2
2 29 30
2 30 72
2 31 14
2 32 28
2 33 68
2 34 83
2 35 100
2 36 72
2 37 59
2 38 91
2 39 45
2 40 31
2 41 35
2 42 97
2 43 36
2 44 71
2 45 14
2 46 38
2 47 97
2 48 73
2 49 100
2 50 11
2 51 67
2 52 8
2 53 63
2 54 8
2 55 57
2 56 25
2 57 36
2 58 41
2 59 65
2 60 83
2 61 95
2 62 13
2 63 54
2 64 46
2 65 17
2 66 91
2 67 48
2 68 91
2 69 81
2 70 54
3 1 58
3 2 47
3 3 39
3 4 97
3 5 78
3 6 36
3 7 98
3 8 3
3 9 45
3 10 64
3 11 54
3 12 61
3 13 85
3 14 47
3 15 19
3 16 21
3 17 40
3 18 56
3 19 63
3 20 27
3 21 32
3 22 19
3 23 98
3 24 56
3 25 59
3 26 44
3 27 77
3 28 13
3 29 24
3 30 70
3 31 86
3 32 33
3 33 93
3 34 58
3 35 68
3 36 48
3 37 46
3 38 55
3 39 85
3 40 54
3 41 1
3 42 27
3 43 11
3 44 76
3 45 88
3 46 75
3 47 75
3 48 25
3 49 45
3 50 19
3 51 83
3 52 32
3 53 14
3 54 20
3 55 11
3 56 44
3 57 56
3 58 43
3 59 80
3 60 97
3 61 20
3 62 9
3 63 40
3 64 27
3 65 34
3 66 13
3 67 17
3 68 6
3 69 100
3 70 45
4 1 39
4 2 52
4 3 45
4 4 42
4 5 48
4 6 42
4 7 59
4 8 43
4 9 8
4 10 62
4 11 93
4 12 100
4 13 39
4 14 79
4 15 20
4 16 93
4 17 30
4 18 43
4 19 47
4 20 68
4 21 19
4 22 64
4 23 5
4 24 34
4 25 8
4 26 83
4 27 62
4 28 92
4 29 6
4 30 81
4 31 87
4 32 79
4 33 82
4 34 87
4 35 16
4 36 61
4 37 47
4 38 74
4 39 44
4 40 8
4 41 58
4 42 24
4 43 7
4 44 24
4 45 68
4 46 85
4 47 99
4 48 42
4 49 29
4 50 21
4 51 87
4 52 35
4 53 2
4 54 24
4 55 57
4 56 99
4 57 60
4 58 99
4 59 9
4 60 68
4 61 90
4 62 3
4 63 53
4 64 71
4 65 81
4 66 69
4 67 53
4 68 47
4 69 62
4 70 54
5 1 66
5 2 25
5 3 86
5 4 10
5 5 9
5 6 99
5 7 45
5 8 11
5 9 12
5 10 93
5 11 54
5 12 43
5 13 59
5 14 42
5 15 75
5 16 89
5 17 85
5 18 83
5 19 25
5 20 20
5 21 38
5 22 63
5 23 43
5 24 71
5 25 27
5 26 34
5 27 72
5 28 66
5 29 62
5 30 62
5 31 71
5 32 7
5 33 60
5 34 55
5 35 73
5 36 28
5 37 65
5 38 44
5 39 73
5 40 87
5 41 17
5 42 80
5 43 12
5 44 28
5 45 90
5 46 30
5 47 80
5 48 61
5 49 31
5 50 79
5 51 45
5 52 6
5 53 6
5 54 34
5 55 96
5 56 12
5 57 9
5 58 62
5 59 35
5 60 96
5 61 70
5 62 74
5 63 15
5 64 65
5 65 1
5 66 68
5 67 95
5 68 74
5 69 63
5 70 98
6 1 37
6 2 96
6 3 38
6 4 64
6 5 29
6 6 1
6 7 17
6 8 75
6 9 94
6 10 3
6 11 15
6 12 7
6 13 13
6 14 9
6 15 99
6 16 96
6 17 38
6 18 9
6 19 39
6 20 26
6 21 96
6 22 73
6 23 10
6 24 7
6 25 68
6 26 97
6 27 26
6 28 43
6 29 13
6 30 9
6 31 92
6 32 45
6 33 50
6 34 82
6 35 66
6 36 29
6 37 32
6 38 8
6 39 12
6 40 61
6 41 19
6 42 54
6 43 37
6 44 87
6 45 13
6 46 60
6 47 77
6 48 42
6 49 65
6 50 85
6 51 30
6 52 99
6 53 50
6 54 87
6 55 84
6 56 46
6 57 36
6 58 52
6 59 86
6 60 25
6 61 33
6 62 67
6 63 18
6 64 46
6 65 56
6 66 70
6 67 45
6 68 28
6 69 1
6 70 51
7 1 100
7 2 61
7 3 69
7 4 11
7 5 1
7 6 37
7 7 87
7 8 43
7 9 30
7 10 64
7 11 46
7 12 34
7 13 23
7 14 64
7 15 44
7 16 95
7 17 77
7 18 79
7 19 35
7 20 4
7 21 18
7 22 100
7 23 58
7 24 29
7 25 36
7 26 98
7 27 98
7 28 54
7 29 26
7 30 50
7 31 54
7 32 15
7 33 62
7 34 37
7 35 34
7 36 28
7 37 5
7 38 43
7 39 41
7 40 8
7 41 73
7 42 99
7 43 80
7 44 85
7 45 40
7 46 42
7 47 73
7 48 94
7 49 94
7 50 70
7 51 73
7 52 89
7 53 26
7 54 33
7 55 48
7 56 87
7 57 3
7 58 92
7 59 93
7 60 44
7 61 88
7 62 31
7 63 79
7 64 25
7 65 32
7 66 39
7 67 32
7 68 6
7 69 81
7 70 41
8 1 72
8 2 50
8 3 73
8 4 49
8 5 22
8 6 87
8 7 4
8 8 40
8 9 31
8 10 79
8 11 42
8 12 90
8 13 17
8 14 61
8 15 13
8 16 42
8 17 23
8 18 71
8 19 29
8 20 21
8 21 34
8 22 73
8 23 87
8 24 82
8 25 15
8 26 88
8 27 64
8 28 60
8 29 94
8 30 94
8 31 3
8 32 44
8 33 8
8 34 96
8 35 56
8 36 51
8 37 90
8 38 93
8 39 20
8 40 4
8 41 62
8 42 97
8 43 4
8 44 52
8 45 76
8 46 6
8 47 83
8 48 53
8 49 96
8 50 95
8 51 78
8 52 100
8 53 33
8 54 98
8 55 15
8 56 96
8 57 26
8 58 94
8 59 81
8 60 46
8 61 3
8 62 54
8 63 83
8 64 70
8 65 15
8 66 42
8 67 16
8 68 14
8 69 81
8 70 40
9 1 60
9 2 65
9 3 7
9 4 29
9 5 47
9 6 41
9 7 63
9 8 16
9 9 67
9 10 25
9 11 62
9 12 52
9 13 79
9 14 58
9 15 28
9 16 19
9 17 83
9 18 79
9 19 14
9 20 36
9 21 48
9 22 14
9 23 79
9 24 24
9 25 39
9 26 61
9 27 32
9 28 5
9 29 98
9 30 98
9 31 61
9 32 54
9 33 86
9 34 58
9 35 25
9 36 7
9 37 79
9 38 13
9 39 92
9 40 53
9 41 34
9 42 33
9 43 6
9 44 43
9 45 40
9 46 82
9 47 61
9 48 54
9 49 98
9 50 30
9 51 2
9 52 25
9 53 4
9 54 46
9 55 87
9 56 25
9 57 73
9 58 96
9 59 93
9 60 91
9 61 91
9 62 14
9 63 72
9 64 6
9 65 88
9 66 53
9 67 97
9 68 39
9 69 56
9 70 84
10 1 45
10 2 50
10 3 74
10 4 24
10 5 12
10 6 9
10 7 37
10 8 93
10 9 70
10 10 34
10 11 76
10 12 36
10 13 56
10 14 7
10 15 29
10 16 3
10 17 60
10 18 39
10 19 10
10 20 27
10 21 45
10 22 41
10 23 19
10 24 94
10 25 23
10 26 7
10 27 67
10 28 77
10 29 37
10 30 23
10 31 68
10 32 46
10 33 33
10 34 32
10 35 73
10 36 47
10 37 29
10 38 14
10 39 25
10 40 22
10 41 66
10 42 82
10 43 16
10 44 88
10 45 92
10 46 24
10 47 98
10 48 86
10 49 92
10 50 71
10 51 19
10 52 64
10 53 87
10 54 51
10 55 53
10 56 13
10 57 64
10 58 23
10 59 44
10 60 18
10 61 9
10 62 30
10 63 42
10 64 38
10 65 92
10 66 11
10 67 41
10 68 69
10 69 29
10 70 5
11 1 99
11 2 13
11 3 15
11 4 61
11 5 33
11 6 86
11 7 29
11 8 56
11 9 86
11 10 42
11 11 68
11 12 71
11 13 17
11 14 23
11 15 61
11 16 65
11 17 93
11 18 23
11 19 79
11 20 62
11 21 83
11 22 92
11 23 77
11 24 100
11 25 87
11 26 35
11 27 49
11 28 4
11 29 98
11 30 95
11 31 22
11 32 10
11 33 37
11 34 47
11 35 43
11 36 22
11 37 11
11 38 54
11 39 100
11 40 54
11 41 88
11 42 7
11 43 31
11 44 14
11 45 66
11 46 72
11 47 64
11 48 95
11 49 81
11 50 75
11 51 4
11 52 19
11 53 18
11 54 55
11 55 74
11 56 12
11 57 27
11 58 55
11 59 3
11 60 89
11 61 54
11 62 19
11 63 64
11 64 23
11 65 53
11 66 5
11 67 54
11 68 1
11 69 84
11 70 42
12 1 38
12 2 72
12 3 33
12 4 16
12 5 18
12 6 51
12 7 9
12 8 8
12 9 63
12 10 92
12 11 54
12 12 1
12 13 71
12 14 24
12 15 13
12 16 63
12 17 94
12 18 42
12 19 52
12 20 52
12 21 14
12 22 1
12 23 14
12 24 80
12 25 91
12 26 77
12 27 34
12 28 63
12 29 18
12 30 67
12 31 89
12 32 38
12 33 37
12 34 68
12 35 21
12 36 96
12 37 34
12 38 1
12 39 26
12 40 21
12 41 60
12 42 72
12 43 24
12 44 82
12 45 88
12 46 87
12 47 59
12 48 64
12 49 100
12 50 74
12 51 96
12 52 43
12 53 97
12 54 8
12 55 77
12 56 97
12 57 80
12 58 13
12 59 1
12 60 54
12 61 91
12 62 14
12 63 20
12 64 48
12 65 65
12 66 52
12 67 90
12 68 34
12 69 8
12 70 45
13 1 90
13 2 42
13 3 21
13 4 87
13 5 23
13 6 40
13 7 57
13 8 3
13 9 89
13 10 91
13 11 3
13 12 24
13 13 63
13 14 95
13 15 78
13 16 17
13 17 100
13 18 27
13 19 41
13 20 27
13 21 83
13 22 44
13 23 69
13 24 25
13 25 49
13 26 57
13 27 71
13 28 75
13 29 55
13 30 72
13 31 19
13 32 85
13 33 42
13 34 16
13 35 49
13 36 1
13 37 61
13 38 1
13 39 92
13 40 65
13 41 63
13 42 85
13 43 30
13 44 86
13 45 10
13 46 83
13 47 66
13 48 42
13 49 12
13 50 70
13 51 61
13 52 9
13 53 4
13 54 2
13 55 77
13 56 97
13 57 76
13 58 64
13 59 69
13 60 35
13 61 24
13 62 73
13 63 7
13 64 14
13 65 43
13 66 98
13 67 75
13 68 22
13 69 1
13 70 38
14 1 24
14 2 76
14 3 74
14 4 69
14 5 39
14 6 59
14 7 91
14 8 19
14 9 5
14 10 16
14 11 70
14 12 42
14 13 7
14 14 41
14 15 60
14 16 45
14 17 4
14 18 31
14 19 28
14 20 68
14 21 82
14 22 18
14 23 31
14 24 74
14 25 67
14 26 100
14 27 5
14 28 66
14 29 77
14 30 79
14 31 59
14 32 79
14 33 60
14 34 5
14 35 76
14 36 92
14 37 47
14 38 76
14 39 10
14 40 78
14 41 64
14 42 75
14 43 37
14 44 26
14 45 24
14 46 21
14 47 20
14 48 71
14 49 75
14 50 86
14 51 50
14 52 41
14 53 53
14 54 12
14 55 10
14 56 33
14 57 39
14 58 47
14 59 7
14 60 92
14 61 96
14 62 62
14 63 96
14 64 89
14 65 57
14 66 93
14 67 56
14 68 21
14 69 77
14 70 34
15 1 36
15 2 90
15 3 45
15 4 61
15 5 21
15 6 5
15 7 65
15 8 32
15 9 45
15 10 47
15 11 45
15 12 19
15 13 12
15 14 27
15 15 5
15 16 7
15 17 21
15 18 9
15 19 77
15 20 78
15 21 5
15 22 5
15 23 52
15 24 96
15 25 1
15 26 71
15 27 84
15 28 60
15 29 82
15 30 60
15 31 59
15 32 28
15 33 85
15 34 46
15 35 77
15 36 42
15 37 2
15 38 95
15 39 95
15 40 100
15 41 84
15 42 40
15 43 76
15 44 45
15 45 60
15 46 100
15 47 69
15 48 49
15 49 88
15 50 32
15 51 80
15 52 16
15 53 82
15 54 75
15 55 53
15 56 15
15 57 8
15 58 84
15 59 17
15 60 39
15 61 45
15 62 97
15 63 2
15 64 45
15 65 41
15 66 80
15 67 89
15 68 60
15 69 42
15 70 34
16 1 99
16 2 9
16 3 28
16 4 32
16 5 98
16 6 81
16 7 9
16 8 35
16 9 48
16 10 78
16 11 55
16 12 82
16 13 24
16 14 99
16 15 95
16 16 8
16 17 78
16 18 83
16 19 20
16 20 94
16 21 4
16 22 56
16 23 85
16 24 52
16 25 75
16 26 44
16 27 32
16 28 22
16 29 84
16 30 15
16 31 7
16 32 67
16 33 77
16 34 11
16 35 36
16 36 60
16 37 35
16 38 47
16 39 19
16 40 25
16 41 15
16 42 44
16 43 63
16 44 87
16 45 44
16 46 77
16 47 16
16 48 65
16 49 92
16 50 93
16 51 24
16 52 71
16 53 3
16 54 27
16 55 14
16 56 31
16 57 30
16 58 90
16 59 13
16 60 74
16 61 92
16 62 24
16 63 81
16 64 87
16 65 41
16 66 12
16 67 9
16 68 32
16 69 88
16 70 13
17 1 52
17 2 9
17 3 75
17 4 25
17 5 62
17 6 28
17 7 74
17 8 99
17 9 93
17 10 95
17 11 85
17 12 1
17 13 80
17 14 47
17 15 65
17 16 45
17 17 3
17 18 63
17 19 34
17 20 69
17 21 39
17 22 85
17 23 3
17 24 5
17 25 40
17 26 82
17 27 67
17 28 42
17 29 97
17 30 48
17 31 32
17 32 27
17 33 64
17 34 37
17 35 70
17 36 68
17 37 21
17 38 30
17 39 87
17 40 12
17 41 17
17 42 70
17 43 34
17 44 54
17 45 54
17 46 97
17 47 30
17 48 29
17 49 65
17 50 100
17 51 7
17 52 80
17 53 46
17 54 53
17 55 3
17 56 1
17 57 30
17 58 57
17 59 59
17 60 39
17 61 88
17 62 27
17 63 92
17 64 68
17 65 75
17 66 83
17 67 94
17 68 65
17 69 52
17 70 20
18 1 93
18 2 76
18 3 64
18 4 71
18 5 74
18 6 63
18 7 92
18 8 68
18 9 49
18 10 99
18 11 56
18 12 77
18 13 68
18 14 100
18 15 19
18 16 19
18 17 57
18 18 94
18 19 73
18 20 5
18 21 6
18 22 24
18 23 18
18 24 88
18 25 31
18 26 8
18 27 26
18 28 66
18 29 48
18 30 1
18 31 25
18 32 48
18 33 83
18 34 64
18 35 45
18 36 62
18 37 48
18 38 6
18 39 22
18 40 59
18 41 23
18 42 37
18 43 91
18 44 96
18 45 31
18 46 22
18 47 76
18 48 3
18 49 17
18 50 77
18 51 83
18 52 9
18 53 7
18 54 23
18 55 30
18 56 32
18 57 38
18 58 50
18 59 48
18 60 56
18 61 91
18 62 44
18 63 61
18 64 32
18 65 97
18 66 6
18 67 37
18 68 48
18 69 54
18 70 29
19 1 14
19 2 98
19 3 59
19 4 100
19 5 92
19 6 3
19 7 14
19 8 100
19 9 56
19 10 85
19 11 8
19 12 70
19 13 1
19 14 76
19 15 16
19 16 20
19 17 38
19 18 27
19 19 49
19 20 76
19 21 98
19 22 71
19 23 92
19 24 11
19 25 88
19 26 78
19 27 63
19 28 86
19 29 89
19 30 33
19 31 58
19 32 48
19 33 46
19 34 27
19 35 56
19 36 35
19 37 78
19 38 76
19 39 11
19 40 59
19 41 79
19 42 47
19 43 36
19 44 27
19 45 96
19 46 14
19 47 74
19 48 3
19 49 92
19 50 21
19 51 50
19 52 62
19 53 61
19 54 60
19 55 68
19 56 68
19 57 66
19 58 7
19 59 48
19 60 32
19 61 68
19 62 18
19 63 75
19 64 65
19 65 46
19 66 10
19 67 73
19 68 83
19 69 38
19 70 26
20 1 42
20 2 81
20 3 31
20 4 82
20 5 56
20 6 81
20 7 8
20 8 90
20 9 41
20 10 1
20 11 25
20 12 98
20 13 20
20 14 55
20 15 24
20 16 85
20 17 74
20 18 49
20 19 17
20 20 92
20 21 90
20 22 55
20 23 1
20 24 85
20 25 69
20 26 87
20 27 2
20 28 74
20 29 63
20 30 76
20 31 59
20 32 14
20 33 10
20 34 96
20 35 42
20 36 31
20 37 1
20 38 66
20 39 100
20 40 67
20 41 10
20 42 90
20 43 16
20 44 58
20 45 82
20 46 84
20 47 92
20 48 83
20 49 72
20 50 25
20 51 20
20 52 82
20 53 81
20 54 91
20 55 78
20 56 85
20 57 73
20 58 41
20 59 100
20 60 20
20 61 100
20 62 47
20 63 85
20 64 95
20 65 14
20 66 86
20 67 87
20 68 89
20 69 6
20 70 95
21 1 31
21 2 78
21 3 54
21 4 14
21 5 11
21 6 49
21 7 35
21 8 25
21 9 92
21 10 82
21 11 73
21 12 1
21 13 46
21 14 96
21 15 3
21 16 85
21 17 8
21 18 61
21 19 20
21 20 18
21 21 52
21 22 83
21 23 52
21 24 11
21 25 9
21 26 8
21 27 77
21 28 95
21 29 23
21 30 16
21 31 69
21 32 12
21 33 96
21 34 14
21 35 86
21 36 6
21 37 35
21 38 79
21 39 4
21 40 55
21 41 37
21 42 85
21 43 53
21 44 38
21 45 43
21 46 11
21 47 41
21 48 17
21 49 98
21 50 92
21 51 96
21 52 56
21 53 28
21 54 13
21 55 45
21 56 39
21 57 15
21 58 75
21 59 84
21 60 56
21 61 23
21 62 37
21 63 42
21 64 65
21 65 87
21 66 43
21 67 91
21 68 47
21 69 12
21 70 6
22 1 23
22 2 7
22 3 46
22 4 65
22 5 30
22 6 81
22 7 10
22 8 78
22 9 16
22 10 58
22 11 47
22 12 81
22 13 13
22 14 28
22 15 36
22 16 58
22 17 71
22 18 67
22 19 5
22 20 99
22 21 50
22 22 75
22 23 53
22 24 50
22 25 37
22 26 89
22 27 72
22 28 77
22 29 2
22 30 26
22 31 71
22 32 8
22 33 8
22 34 25
22 35 95
22 36 77
22 37 48
22 38 36
22 39 90
22 40 91
22 41 56
22 42 14
22 43 78
22 44 41
22 45 92
22 46 62
22 47 94
22 48 71
22 49 85
22 50 49
22 51 98
22 52 2
22 53 41
22 54 43
22 55 49
22 56 8
22 57 68
22 58 48
22 59 28
22 60 97
22 61 2
22 62 43
22 63 27
22 64 75
22 65 46
22 66 55
22 67 75
22 68 63
22 69 90
22 70 2
23 1 54
23 2 95
23 3 11
23 4 74
23 5 32
23 6 42
23 7 23
23 8 70
23 9 29
23 10 50
23 11 17
23 12 11
23 13 82
23 14 13
23 15 11
23 16 5
23 17 76
23 18 46
23 19 26
23 20 67
23 21 5
23 22 29
23 23 58
23 24 64
23 25 91
23 26 55
23 27 82
23 28 88
23 29 50
23 30 13
23 31 99
23 32 7
23 33 5
23 34 53
23 35 51
23 36 36
23 37 85
23 38 21
23 39 49
23 40 85
23 41 98
23 42 94
23 43 86
23 44 51
23 45 31
23 46 77
23 47 22
23 48 41
23 49 14
23 50 19
23 51 16
23 52 99
23 53 76
23 54 40
23 55 100
23 56 64
23 57 84
23 58 49
23 59 79
23 60 92
23 61 57
23 62 23
23 63 43
23 64 1
23 65 85
23 66 88
23 67 11
23 68 54
23 69 4
23 70 82
24 1 34
24 2 26
24 3 57
24 4 2
24 5 98
24 6 81
24 7 82
24 8 45
24 9 17
24 10 6
24 11 43
24 12 33
24 13 98
24 14 73
24 15 17
24 16 93
24 17 58
24 18 86
24 19 18
24 20 29
24 21 96
24 22 68
24 23 86
24 24 52
24 25 34
24 26 28
24 27 41
24 28 75
24 29 100
24 30 81
24 31 6
24 32 80
24 33 8
24 34 44
24 35 76
24 36 10
24 37 35
24 38 77
24 39 28
24 40 100
24 41 2
24 42 88
24 43 42
24 44 8
24 45 42
24 46 77
24 47 27
24 48 3
24 49 91
24 50 66
24 51 39
24 52 10
24 53 20
24 54 87
24 55 65
24 56 47
24 57 5
24 58 46
24 59 37
24 60 67
24 61 98
24 62 38
24 63 34
24 64 80
24 65 77
24 66 46
24 67 20
24 68 78
24 69 76
24 70 88
25 1 69
25 2 62
25 3 58
25 4 48
25 5 33
25 6 4
25 7 97
25 8 31
25 9 56
25 10 85
25 11 13
25 12 50
25 13 63
25 14 83
25 15 75
25 16 34
25 17 61
25 18 6
25 19 1
25 20 26
25 21 11
25 22 87
25 23 54
25 24 44
25 25 61
25 26 82
25 27 39
25 28 3
25 29 97
25 30 68
25 31 100
25 32 57
25 33 24
25 34 62
25 35 36
25 36 81
25 37 64
25 38 17
25 39 2
25 40 76
25 41 51
25 42 47
25 43 2
25 44 96
25 45 28
25 46 45
25 47 43
25 48 92
25 49 17
25 50 27
25 51 17
25 52 29
25 53 85
25 54 31
25 55 40
25 56 8
25 57 71
25 58 41
25 59 78
25 60 34
25 61 98
25 62 2
25 63 85
25 64 36
25 65 23
25 66 43
25 67 2
25 68 1
25 69 51
25 70 79
26 1 5
26 2 4
26 3 63
26 4 16
26 5 84
26 6 48
26 7 37
26 8 78
26 9 38
26 10 56
26 11 19
26 12 68
26 13 1
26 14 29
26 15 1
26 16 65
26 17 60
26 18 79
26 19 80
26 20 35
26 21 81
26 22 88
26 23 70
26 24 27
26 25 25
26 26 22
26 27 72
26 28 7
26 29 41
26 30 50
26 31 55
26 32 60
26 33 53
26 34 74
26 35 42
26 36 70
26 37 79
26 38 87
26 39 63
26 40 4
26 41 99
26 42 19
26 43 27
26 44 35
26 45 64
26 46 53
26 47 100
26 48 64
26 49 82
26 50 4
26 51 88
26 52 32
26 53 75
26 54 34
26 55 41
26 56 99
26 57 50
26 58 85
26 59 16
26 60 28
26 61 66
26 62 51
26 63 100
26 64 66
26 65 62
26 66 91
26 67 84
26 68 99
26 69 57
26 70 3
27 1 79
27 2 86
27 3 86
27 4 68
27 5 12
27 6 9
27 7 47
27 8 22
27 9 71
27 10 89
27 11 29
27 12 21
27 13 44
27 14 42
27 15 12
27 16 6
27 17 68
27 18 14
27 19 55
27 20 63
27 21 45
27 22 15
27 23 33
27 24 46
27 25 54
27 26 4
27 27 70
27 28 11
27 29 95
27 30 27
27 31 97
27 32 32
27 33 47
27 34 8
27 35 63
27 36 91
27 37 1
27 38 29
27 39 79
27 40 88
27 41 45
27 42 49
27 43 79
27 44 39
27 45 45
27 46 100
27 47 83
27 48 78
27 49 97
27 50 60
27 51 45
27 52 85
27 53 32
27 54 58
27 55 68
27 56 89
27 57 14
27 58 30
27 59 28
27 60 50
27 61 41
27 62 82
27 63 81
27 64 11
27 65 52
27 66 81
27 67 62
27 68 32
27 69 95
27 70 68
28 1 30
28 2 16
28 3 28
28 4 74
28 5 8
28 6 39
28 7 67
28 8 12
28 9 1
28 10 23
28 11 62
28 12 51
28 13 10
28 14 62
28 15 95
28 16 71
28 17 96
28 18 30
28 19 27
28 20 27
28 21 78
28 22 23
28 23 45
28 24 59
28 25 41
28 26 42
28 27 26
28 28 76
28 29 49
28 30 74
28 31 45
28 32 97
28 33 64
28 34 65
28 35 18
28 36 29
28 37 22
28 38 20
28 39 56
28 40 61
28 41 75
28 42 82
28 43 38
28 44 2
28 45 13
28 46 42
28 47 92
28 48 67
28 49 59
28 50 1
28 51 17
28 52 63
28 53 30
28 54 35
28 55 3
28 56 73
28 57 23
28 58 14
28 59 28
28 60 98
28 61 98
28 62 90
28 63 76
28 64 32
28 65 13
28 66 89
28 67 38
28 68 81
28 69 70
28 70 65
29 1 30
29 2 88
29 3 38
29 4 15
29 5 2
29 6 32
29 7 79
29 8 96
29 9 84
29 10 61
29 11 96
29 12 9
29 13 21
29 14 24
29 15 85
29 16 39
29 17 2
29 18 19
29 19 99
29 20 5
29 21 22
29 22 9
29 23 87
29 24 62
29 25 64
29 26 87
29 27 35
29 28 43
29 29 26
29 30 34
29 31 4
29 32 20
29 33 9
29 34 59
29 35 55
29 36 54
29 37 73
29 38 54
29 39 68
29 40 35
29 41 16
29 42 54
29 43 45
29 44 71
29 45 68
29 46 35
29 47 86
29 48 68
29 49 47
29 50 29
29 51 52
29 52 67
29 53 52
29 54 32
29 55 1
29 56 70
29 57 79
29 58 22
29 59 3
29 60 54
29 61 23
29 62 96
29 63 66
29 64 10
29 65 67
29 66 22
29 67 53
29 68 31
29 69 90
29 70 41
30 1 23
30 2 16
30 3 16
30 4 37
30 5 15
30 6 52
30 7 94
30 8 61
30 9 81
30 10 32
30 11 11
30 12 97
30 13 75
30 14 48
30 15 27
30 16 30
30 17 100
30 18 12
30 19 63
30 20 19
30 21 22
30 22 71
30 23 49
30 24 55
30 25 81
30 26 34
30 27 34
30 28 64
30 29 3
30 30 68
30 31 6
30 32 48
30 33 75
30 34 71
30 35 66
30 36 16
30 37 8
30 38 95
30 39 95
30 40 97
30 41 3
30 42 97
30 43 62
30 44 16
30 45 37
30 46 60
30 47 75
30 48 67
30 49 25
30 50 88
30 51 2
30 52 64
30 53 62
30 54 85
30 55 71
30 56 46
30 57 24
30 58 37
30 59 62
30 60 42
30 61 47
30 62 59
30 63 34
30 64 8
30 65 16
30 66 55
30 67 58
30 68 96
30 69 67
30 70 92
31 1 76
31 2 17
31 3 73
31 4 85
31 5 43
31 6 32
31 7 62
31 8 52
31 9 94
31 10 17
31 11 23
31 12 64
31 13 79
31 14 94
31 15 44
31 16 45
31 17 84
31 18 14
31 19 88
31 20 1
31 21 7
31 22 1
31 23 96
31 24 35
31 25 67
31 26 5
31 27 32
31 28 55
31 29 76
31 30 100
31 31 88
31 32 15
31 33 13
31 34 7
31 35 97
31 36 77
31 37 44
31 38 17
31 39 27
31 40 15
31 41 63
31 42 61
31 43 6
31 44 10
31 45 38
31 46 81
31 47 58
31 48 88
31 49 76
31 50 71
31 51 44
31 52 31
31 53 59
31 54 39
31 55 66
31 56 75
31 57 24
31 58 55
31 59 12
31 60 11
31 61 83
31 62 83
31 63 84
31 64 13
31 65 16
31 66 61
31 67 50
31 68 46
31 69 56
31 70 98
32 1 9
32 2 75
32 3 84
32 4 32
32 5 5
32 6 3
32 7 93
32 8 41
32 9 8
32 10 19
32 11 47
32 12 78
32 13 24
32 14 49
32 15 27
32 16 81
32 17 56
32 18 81
32 19 8
32 20 8
32 21 50
32 22 52
32 23 76
32 24 86
32 25 32
32 26 87
32 27 6
32 28 32
32 29 71
32 30 5
32 31 99
32 32 89
32 33 47
32 34 97
32 35 67
32 36 64
32 37 87
32 38 65
32 39 18
32 40 52
32 41 87
32 42 34
32 43 72
32 44 92
32 45 98
32 46 96
32 47 11
32 48 81
32 49 45
32 50 90
32 51 65
32 52 93
32 53 15
32 54 43
32 55 87
32 56 1
32 57 92
32 58 47
32 59 44
32 60 6
32 61 55
32 62 81
32 63 44
32 64 87
32 65 18
32 66 97
32 67 50
32 68 36
32 69 59
32 70 46
33 1 32
33 2 24
33 3 93
33 4 31
33 5 34
33 6 39
33 7 34
33 8 33
33 9 50
33 10 4
33 11 23
33 12 40
33 13 70
33 14 67
33 15 22
33 16 90
33 17 86
33 18 44
33 19 99
33 20 22
33 21 32
33 22 54
33 23 70
33 24 64
33 25 73
33 26 83
33 27 1
33 28 98
33 29 43
33 30 27
33 31 2
33 32 41
33 33 79
33 34 44
33 35 23
33 36 32
33 37 69
33 38 83
33 39 24
33 40 94
33 41 32
33 42 2
33 43 62
33 44 96
33 45 79
33 46 47
33 47 11
33 48 22
33 49 22
33 50 54
33 51 60
33 52 89
33 53 82
33 54 16
33 55 13
33 56 48
33 57 15
33 58 28
33 59 91
33 60 5
33 61 18
33 62 99
33 63 13
33 64 90
33 65 57
33 66 72
33 67 24
33 68 12
33 69 63
33 70 9
34 1 95
34 2 37
34 3 46
34 4 71
34 5 94
34 6 97
34 7 85
34 8 98
34 9 52
34 10 14
34 11 55
34 12 52
34 13 18
34 14 79
34 15 91
34 16 15
34 17 53
34 18 21
34 19 3
34 20 48
34 21 74
34 22 56
34 23 50
34 24 67
34 25 55
34 26 1
34 27 80
34 28 40
34 29 5
34 30 27
34 31 29
34 32 24
34 33 73
34 34 35
34 35 52
34 36 88
34 37 81
34 38 37
34 39 91
34 40 44
34 41 35
34 42 1
34 43 100
34 44 65
34 45 57
34 46 73
34 47 28
34 48 85
34 49 50
34 50 94
34 51 71
34 52 96
34 53 98
34 54 7
34 55 85
34 56 4
34 57 48
34 58 56
34 59 1
34 60 42
34 61 81
34 62 91
34 63 83
34 64 85
34 65 51
34 66 84
34 67 78
34 68 45
34 69 63
34 70 53
35 1 30
35 2 67
35 3 10
35 4 25
35 5 18
35 6 55
35 7 19
35 8 23
35 9 17
35 10 44
35 11 38
35 12 100
35 13 7
35 14 24
35 15 43
35 16 84
35 17 52
35 18 16
35 19 50
35 20 66
35 21 30
35 22 97
35 23 60
35 24 50
35 25 14
35 26 11
35 27 51
35 28 41
35 29 26
35 30 76
35 31 35
35 32 100
35 33 57
35 34 62
35 35 60
35 36 13
35 37 34
35 38 48
35 39 74
35 40 44
35 41 27
35 42 26
35 43 91
35 44 6
35 45 17
35 46 76
35 47 44
35 48 25
35 49 40
35 50 64
35 51 54
35 52 42
35 53 48
35 54 19
35 55 83
35 56 45
35 57 76
35 58 88
35 59 27
35 60 82
35 61 95
35 62 98
35 63 14
35 64 84
35 65 91
35 66 39
35 67 9
35 68 4
35 69 32
35 70 2
36 1 84
36 2 82
36 3 29
36 4 89
36 5 98
36 6 23
36 7 61
36 8 70
36 9 38
36 10 54
36 11 44
36 12 25
36 13 18
36 14 34
36 15 83
36 16 6
36 17 33
36 18 34
36 19 97
36 20 65
36 21 94
36 22 64
36 23 19
36 24 30
36 25 43
36 26 78
36 27 86
36 28 65
36 29 60
36 30 98
36 31 42
36 32 79
36 33 46
36 34 30
36 35 62
36 36 92
36 37 47
36 38 42
36 39 55
36 40 73
36 41 25
36 42 58
36 43 27
36 44 76
36 45 97
36 46 85
36 47 30
36 48 78
36 49 91
36 50 9
36 51 93
36 52 85
36 53 48
36 54 24
36 55 3
36 56 25
36 57 43
36 58 82
36 59 5
36 60 73
36 61 79
36 62 85
36 63 41
36 64 24
36 65 2
36 66 68
36 67 100
36 68 33
36 69 70
36 70 79
37 1 41
37 2 23
37 3 41
37 4 54
37 5 12
37 6 8
37 7 4
37 8 46
37 9 92
37 10 37
37 11 8
37 12 76
37 13 20
37 14 79
37 15 66
37 16 81
37 17 29
37 18 9
37 19 47
37 20 92
37 21 99
37 22 93
37 23 68
37 24 2
37 25 68
37 26 34
37 27 52
37 28 81
37 29 52
37 30 8
37 31 65
37 32 9
37 33 73
37 34 27
37 35 47
37 36 17
37 37 36
37 38 63
37 39 34
37 40 61
37 41 60
37 42 27
37 43 50
37 44 22
37 45 54
37 46 15
37 47 66
37 48 61
37 49 25
37 50 37
37 51 80
37 52 62
37 53 70
37 54 63
37 55 14
37 56 42
37 57 2
37 58 87
37 59 33
37 60 23
37 61 34
37 62 15
37 63 76
37 64 87
37 65 79
37 66 45
37 67 87
37 68 2
37 69 38
37 70 50
38 1 17
38 2 27
38 3 30
38 4 55
38 5 49
38 6 58
38 7 97
38 8 10
38 9 63
38 10 16
38 11 90
38 12 60
38 13 7
38 14 41
38 15 89
38 16 2
38 17 21
38 18 47
38 19 14
38 20 11
38 21 27
38 22 88
38 23 25
38 24 52
38 25 49
38 26 23
38 27 82
38 28 98
38 29 1
38 30 82
38 31 78
38 32 77
38 33 90
38 34 79
38 35 57
38 36 81
38 37 3
38 38 51
38 39 8
38 40 36
38 41 57
38 42 73
38 43 43
38 44 24
38 45 23
38 46 44
38 47 97
38 48 39
38 49 68
38 50 21
38 51 37
38 52 15
38 53 24
38 54 60
38 55 52
38 56 63
38 57 10
38 58 91
38 59 82
38 60 59
38 61 57
38 62 87
38 63 23
38 64 87
38 65 3
38 66 4
38 67 5
38 68 17
38 69 80
38 70 42
39 1 10
39 2 73
39 3 99
39 4 57
39 5 10
39 6 23
39 7 84
39 8 98
39 9 12
39 10 92
39 11 90
39 12 4
39 13 5
39 14 64
39 15 31
39 16 96
39 17 24
39 18 22
39 19 61
39 20 100
39 21 80
39 22 82
39 23 37
39 24 27
39 25 93
39 26 37
39 27 60
39 28 59
39 29 96
39 30 90
39 31 22
39 32 1
39 33 23
39 34 14
39 35 58
39 36 79
39 37 50
39 38 29
39 39 91
39 40 79
39 41 67
39 42 43
39 43 69
39 44 17
39 45 35
39 46 98
39 47 76
39 48 63
39 49 72
39 50 76
39 51 47
39 52 76
39 53 2
39 54 13
39 55 43
39 56 64
39 57 1
39 58 94
39 59 79
39 60 25
39 61 20
39 62 3
39 63 17
39 64 56
39 65 100
39 66 67
39 67 3
39 68 72
39 69 85
39 70 85
40 1 5
40 2 38
40 3 96
40 4 17
40 5 1
40 6 27
40 7 33
40 8 80
40 9 46
40 10 35
40 11 21
40 12 88
40 13 5
40 14 67
40 15 89
40 16 81
40 17 11
40 18 89
40 19 1
40 20 13
40 21 10
40 22 88
40 23 6
40 24 71
40 25 60
40 26 59
40 27 27
40 28 14
40 29 3
40 30 77
40 31 65
40 32 10
40 33 48
40 34 24
40 35 91
40 36 50
40 37 46
40 38 100
40 39 3
40 40 42
40 41 3
40 42 6
40 43 63
40 44 41
40 45 74
40 46 22
40 47 96
40 48 66
40 49 8
40 50 71
40 51 36
40 52 28
40 53 21
40 54 61
40 55 48
40 56 95
40 57 12
40 58 49
40 59 81
40 60 55
40 61 95
40 62 46
40 63 70
40 64 4
40 65 88
40 66 7
40 67 48
40 68 84
40 69 10
40 70 17
41 1 45
41 2 41
41 3 16
41 4 55
41 5 79
41 6 93
41 7 81
41 8 50
41 9 39
41 10 99
41 11 47
41 12 78
41 13 21
41 14 77
41 15 38
41 16 53
41 17 5
41 18 55
41 19 16
41 20 32
41 21 1
41 22 91
41 23 2
41 24 76
41 25 82
41 26 20
41 27 37
41 28 92
41 29 29
41 30 85
41 31 83
41 32 7
41 33 22
41 34 32
41 35 79
41 36 11
41 37 29
41 38 82
41 39 43
41 40 38
41 41 68
41 42 5
41 43 34
41 44 56
41 45 82
41 46 12
41 47 7
41 48 50
41 49 75
41 50 66
41 51 72
41 52 73
41 53 81
41 54 23
41 55 66
41 56 50
41 57 20
41 58 93
41 59 38
41 60 72
41 61 56
41 62 54
41 63 26
41 64 24
41 65 35
41 66 43
41 67 36
41 68 21
41 69 66
41 70 91
42 1 2
42 2 91
42 3 30
42 4 30
42 5 45
42 6 77
42 7 29
42 8 66
42 9 39
42 10 10
42 11 94
42 12 78
42 13 96
42 14 64
42 15 54
42 16 25
42 17 52
42 18 59
42 19 71
42 20 29
42 21 96
42 22 12
42 23 82
42 24 85
42 25 74
42 26 37
42 27 20
42 28 87
42 29 52
42 30 20
42 31 54
42 32 36
42 33 31
42 34 43
42 35 26
42 36 22
42 37 15
42 38 6
42 39 31
42 40 56
42 41 93
42 42 79
42 43 53
42 44 24
42 45 89
42 46 48
42 47 26
42 48 86
42 49 74
42 50 38
42 51 26
42 52 31
42 53 38
42 54 37
42 55 6
42 56 31
42 57 74
42 58 89
42 59 8
42 60 11
42 61 79
42 62 15
42 63 60
42 64 46
42 65 58
42 66 61
42 67 19
42 68 95
42 69 59
42 70 5
43 1 13
43 2 91
43 3 73
43 4 78
43 5 26
43 6 19
43 7 2
43 8 44
43 9 11
43 10 44
43 11 13
43 12 81
43 13 1
43 14 6
43 15 90
43 16 51
43 17 34
43 18 11
43 19 86
43 20 96
43 21 87
43 22 73
43 23 49
43 24 74
43 25 10
43 26 96
43 27 12
43 28 64
43 29 80
43 30 100
43 31 64
43 32 78
43 33 28
43 34 47
43 35 3
43 36 70
43 37 4
43 38 94
43 39 36
43 40 98
43 41 17
43 42 66
43 43 36
43 44 24
43 45 3
43 46 59
43 47 42
43 48 87
43 49 23
43 50 10
43 51 17
43 52 85
43 53 5
43 54 11
43 55 54
43 56 55
43 57 95
43 58 96
43 59 82
43 60 93
43 61 74
43 62 36
43 63 5
43 64 72
43 65 100
43 66 31
43 67 86
43 68 60
43 69 59
43 70 73
44 1 88
44 2 51
44 3 9
44 4 71
44 5 87
44 6 16
44 7 63
44 8 2
44 9 7
44 10 46
44 11 87
44 12 18
44 13 93
44 14 53
44 15 55
44 16 4
44 17 97
44 18 53
44 19 46
44 20 68
44 21 49
44 22 91
44 23 77
44 24 69
44 25 50
44 26 28
44 27 25
44 28 5
44 29 64
44 30 74
44 31 40
44 32 53
44 33 31
44 34 50
44 35 26
44 36 28
44 37 22
44 38 47
44 39 8
44 40 14
44 41 83
44 42 82
44 43 6
44 44 42
44 45 17
44 46 71
44 47 32
44 48 28
44 49 98
44 50 97
44 51 81
44 52 39
44 53 61
44 54 61
44 55 45
44 56 56
44 57 18
44 58 51
44 59 89
44 60 39
44 61 80
44 62 100
44 63 89
44 64 68
44 65 90
44 66 92
44 67 7
44 68 81
44 69 46
44 70 24
45 1 59
45 2 79
45 3 32
45 4 12
45 5 71
45 6 50
45 7 3
45 8 17
45 9 22
45 10 94
45 11 1
45 12 99
45 13 94
45 14 8
45 15 54
45 16 32
45 17 56
45 18 34
45 19 51
45 20 80
45 21 31
45 22 63
45 23 35
45 24 82
45 25 48
45 26 2
45 27 98
45 28 18
45 29 80
45 30 53
45 31 28
45 32 49
45 33 61
45 34 20
45 35 99
45 36 10
45 37 4
45 38 87
45 39 67
45 40 66
45 41 19
45 42 19
45 43 2
45 44 33
45 45 79
45 46 41
45 47 6
45 48 9
45 49 28
45 50 21
45 51 34
45 52 20
45 53 76
45 54 68
45 55 17
45 56 14
45 57 77
45 58 83
45 59 17
45 60 53
45 61 97
45 62 33
45 63 39
45 64 84
45 65 17
45 66 4
45 67 89
45 68 55
45 69 33
45 70 87
46 1 22
46 2 49
46 3 35
46 4 79
46 5 47
46 6 54
46 7 18
46 8 58
46 9 26
46 10 83
46 11 89
46 12 14
46 13 94
46 14 84
46 15 57
46 16 8
46 17 72
46 18 82
46 19 16
46 20 45
46 21 32
46 22 47
46 23 7
46 24 61
46 25 90
46 26 88
46 27 1
46 28 49
46 29 36
46 30 14
46 31 16
46 32 63
46 33 65
46 34 35
46 35 51
46 36 70
46 37 62
46 38 49
46 39 7
46 40 2
46 41 57
46 42 92
46 43 44
46 44 17
46 45 14
46 46 56
46 47 39
46 48 90
46 49 55
46 50 28
46 51 28
46 52 40
46 53 85
46 54 18
46 55 78
46 56 25
46 57 94
46 58 89
46 59 66
46 60 6
46 61 17
46 62 48
46 63 22
46 64 6
46 65 62
46 66 91
46 67 27
46 68 74
46 69 46
46 70 43
47 1 91
47 2 60
47 3 90
47 4 30
47 5 58
47 6 52
47 7 68
47 8 88
47 9 52
47 10 32
47 11 50
47 12 83
47 13 38
47 14 10
47 15 31
47 16 17
47 17 13
47 18 32
47 19 94
47 20 71
47 21 67
47 22 84
47 23 39
47 24 55
47 25 54
47 26 7
47 27 77
47 28 21
47 29 60
47 30 10
47 31 1
47 32 92
47 33 5
47 34 54
47 35 50
47 36 53
47 37 64
47 38 24
47 39 65
47 40 63
47 41 24
47 42 92
47 43 58
47 44 94
47 45 42
47 46 67
47 47 68
47 48 58
47 49 75
47 50 32
47 51 64
47 52 63
47 53 19
47 54 20
47 55 36
47 56 78
47 57 14
47 58 41
47 59 26
47 60 44
47 61 23
47 62 35
47 63 38
47 64 24
47 65 15
47 66 44
47 67 78
47 68 88
47 69 42
47 70 86
48 1 92
48 2 50
48 3 6
48 4 57
48 5 24
48 6 37
48 7 83
48 8 6
48 9 8
48 10 38
48 11 52
48 12 59
48 13 34
48 14 46
48 15 59
48 16 77
48 17 40
48 18 50
48 19 4
48 20 27
48 21 6
48 22 13
48 23 28
48 24 83
48 25 29
48 26 66
48 27 24
48 28 87
48 29 58
48 30 26
48 31 6
48 32 48
48 33 10
48 34 86
48 35 79
48 36 100
48 37 5
48 38 16
48 39 70
48 40 37
48 41 35
48 42 10
48 43 53
48 44 89
48 45 11
48 46 22
48 47 51
48 48 80
48 49 94
48 50 36
48 51 81
48 52 22
48 53 70
48 54 33
48 55 5
48 56 92
48 57 79
48 58 87
48 59 43
48 60 99
48 61 5
48 62 58
48 63 40
48 64 16
48 65 81
48 66 65
48 67 1
48 68 55
48 69 75
48 70 10
49 1 47
49 2 48
49 3 1
49 4 69
49 5 67
49 6 13
49 7 46
49 8 72
49 9 22
49 10 59
49 11 67
49 12 18
49 13 49
49 14 1
49 15 45
49 16 21
49 17 1
49 18 80
49 19 82
49 20 25
49 21 39
49 22 39
49 23 78
49 24 34
49 25 19
49 26 52
49 27 98
49 28 67
49 29 87
49 30 49
49 31 65
49 32 87
49 33 70
49 34 53
49 35 26
49 36 80
49 37 64
49 38 45
49 39 25
49 40 14
49 41 37
49 42 19
49 43 78
49 44 4
49 45 99
49 46 93
49 47 23
49 48 30
49 49 56
49 50 93
49 51 76
49 52 90
49 53 25
49 54 42
49 55 74
49 56 17
49 57 70
49 58 91
49 59 65
49 60 49
49 61 82
49 62 67
49 63 90
49 64 9
49 65 71
49 66 51
49 67 58
49 68 55
49 69 92
49 70 40
50 1 13
50 2 62
50 3 15
50 4 8
50 5 20
50 6 73
50 7 64
50 8 20
50 9 38
50 10 36
50 11 2
50 12 14
50 13 40
50 14 65
50 15 50
50 16 4
50 17 85
50 18 19
50 19 71
50 20 5
50 21 68
50 22 72
50 23 52
50 24 19
50 25 19
50 26 16
50 27 61
50 28 96
50 29 10
50 30 49
50 31 31
50 32 4
50 33 4
50 34 18
50 35 65
50 36 17
50 37 84
50 38 7
50 39 74
50 40 13
50 41 95
50 42 29
50 43 95
50 44 40
50 45 58
50 46 11
50 47 71
50 48 76
50 49 84
50 50 94
50 51 83
50 52 58
50 53 49
50 54 99
50 55 80
50 56 48
50 57 80
50 58 29
50 59 47
50 60 29
50 61 9
50 62 79
50 63 64
50 64 79
50 65 75
50 66 39
50 67 84
50 68 89
50 69 48
50 70 40
51 1 87
51 2 78
51 3 14
51 4 49
51 5 89
51 6 60
51 7 57
51 8 1
51 9 23
51 10 86
51 11 80
51 12 57
51 13 31
51 14 7
51 15 87
51 16 61
51 17 58
51 18 66
51 19 4
51 20 46
51 21 33
51 22 60
51 23 24
51 24 23
51 25 78
51 26 20
51 27 65
51 28 50
51 29 16
51 30 43
51 31 84
51 32 81
51 33 50
51 34 88
51 35 31
51 36 13
51 37 43
51 38 77
51 39 75
51 40 19
51 41 85
51 42 87
51 43 78
51 44 36
51 45 87
51 46 40
51 47 35
51 48 6
51 49 7
51 50 54
51 51 86
51 52 51
51 53 80
51 54 65
51 55 55
51 56 91
51 57 6
51 58 80
51 59 51
51 60 28
51 61 76
51 62 45
51 63 81
51 64 36
51 65 35
51 66 17
51 67 29
51 68 91
51 69 37
51 70 28
52 1 94
52 2 29
52 3 39
52 4 14
52 5 69
52 6 60
52 7 17
52 8 22
52 9 30
52 10 40
52 11 41
52 12 41
52 13 52
52 14 97
52 15 50
52 16 64
52 17 47
52 18 8
52 19 2
52 20 18
52 21 50
52 22 74
52 23 18
52 24 42
52 25 27
52 26 21
52 27 29
52 28 66
52 29 4
52 30 61
52 31 57
52 32 53
52 33 80
52 34 18
52 35 97
52 36 94
52 37 89
52 38 72
52 39 93
52 40 49
52 41 2
52 42 95
52 43 18
52 44 11
52 45 25
52 46 44
52 47 5
52 48 74
52 49 54
52 50 19
52 51 74
52 52 98
52 53 23
52 54 22
52 55 12
52 56 7
52 57 93
52 58 89
52 59 76
52 60 45
52 61 57
52 62 94
52 63 13
52 64 80
52 65 59
52 66 64
52 67 69
52 68 88
52 69 5
52 70 48
53 1 84
53 2 55
53 3 34
53 4 86
53 5 97
53 6 27
53 7 4
53 8 42
53 9 80
53 10 20
53 11 52
53 12 40
53 13 36
53 14 85
53 15 52
53 16 97
53 17 80
53 18 31
53 19 89
53 20 1
53 21 78
53 22 41
53 23 81
53 24 61
53 25 8
53 26 81
53 27 4
53 28 95
53 29 64
53 30 60
53 31 14
53 32 13
53 33 43
53 34 10
53 35 40
53 36 41
53 37 30
53 38 97
53 39 45
53 40 95
53 41 70
53 42 13
53 43 46
53 44 31
53 45 35
53 46 22
53 47 70
53 48 72
53 49 25
53 50 91
53 51 45
53 52 98
53 53 95
53 54 42
53 55 39
53 56 89
53 57 90
53 58 64
53 59 22
53 60 93
53 61 3
53 62 16
53 63 61
53 64 9
53 65 64
53 66 52
53 67 48
53 68 53
53 69 31
53 70 25
54 1 62
54 2 19
54 3 52
54 4 80
54 5 77
54 6 84
54 7 7
54 8 12
54 9 88
54 10 4
54 11 8
54 12 1
54 13 23
54 14 79
54 15 89
54 16 64
54 17 1
54 18 23
54 19 82
54 20 13
54 21 55
54 22 10
54 23 41
54 24 92
54 25 33
54 26 75
54 27 88
54 28 73
54 29 15
54 30 44
54 31 17
54 32 52
54 33 65
54 34 20
54 35 22
54 36 84
54 37 51
54 38 33
54 39 88
54 40 54
54 41 61
54 42 79
54 43 87
54 44 67
54 45 74
54 46 7
54 47 75
54 48 52
54 49 4
54 50 28
54 51 20
54 52 93
54 53 69
54 54 70
54 55 58
54 56 60
54 57 21
54 58 44
54 59 61
54 60 61
54 61 5
54 62 57
54 63 55
54 64 44
54 65 5
54 66 20
54 67 31
54 68 91
54 69 7
54 70 67
55 1 62
55 2 51
55 3 60
55 4 15
55 5 30
55 6 9
55 7 18
55 8 13
55 9 42
55 10 82
55 11 100
55 12 29
55 13 88
55 14 72
55 15 8
55 16 42
55 17 81
55 18 38
55 19 42
55 20 78
55 21 58
55 22 58
55 23 1
55 24 100
55 25 58
55 26 85
55 27 31
55 28 81
55 29 85
55 30 61
55 31 40
55 32 91
55 33 93
55 34 1
55 35 36
55 36 98
55 37 63
55 38 81
55 39 70
55 40 44
55 41 72
55 42 88
55 43 68
55 44 66
55 45 12
55 46 98
55 47 24
55 48 17
55 49 78
55 50 99
55 51 33
55 52 88
55 53 50
55 54 49
55 55 44
55 56 7
55 57 31
55 58 61
55 59 71
55 60 36
55 61 29
55 62 80
55 63 93
55 64 27
55 65 29
55 66 6
55 67 77
55 68 18
55 69 26
55 70 35
56 1 66
56 2 33
56 3 69
56 4 42
56 5 44
56 6 95
56 7 73
56 8 41
56 9 22
56 10 11
56 11 53
56 12 39
56 13 65
56 14 56
56 15 79
56 16 2
56 17 16
56 18 82
56 19 38
56 20 59
56 21 60
56 22 36
56 23 84
56 24 51
56 25 4
56 26 33
56 27 76
56 28 7
56 29 50
56 30 1
56 31 61
56 32 74
56 33 64
56 34 49
56 35 34
56 36 26
56 37 11
56 38 59
56 39 5
56 40 19
56 41 59
56 42 90
56 43 1
56 44 12
56 45 57
56 46 54
56 47 14
56 48 85
56 49 75
56 50 25
56 51 99
56 52 58
56 53 6
56 54 62
56 55 29
56 56 33
56 57 27
56 58 47
56 59 89
56 60 40
56 61 67
56 62 66
56 63 45
56 64 40
56 65 81
56 66 95
56 67 90
56 68 34
56 69 13
56 70 46
57 1 1
57 2 3
57 3 24
57 4 57
57 5 28
57 6 67
57 7 15
57 8 11
57 9 67
57 10 63
57 11 90
57 12 88
57 13 21
57 14 90
57 15 42
57 16 68
57 17 96
57 18 79
57 19 2
57 20 43
57 21 7
57 22 95
57 23 14
57 24 97
57 25 20
57 26 17
57 27 67
57 28 67
57 29 19
57 30 37
57 31 89
57 32 61
57 33 66
57 34 29
57 35 46
57 36 75
57 37 67
57 38 54
57 39 20
57 40 3
57 41 24
57 42 57
57 43 87
57 44 91
57 45 20
57 46 38
57 47 25
57 48 3
57 49 36
57 50 88
57 51 29
57 52 87
57 53 34
57 54 50
57 55 30
57 56 72
57 57 85
57 58 25
57 59 74
57 60 11
57 61 62
57 62 62
57 63 23
57 64 42
57 65 6
57 66 69
57 67 3
57 68 74
57 69 95
57 70 88
58 1 8
58 2 47
58 3 80
58 4 34
58 5 60
58 6 33
58 7 38
58 8 95
58 9 51
58 10 68
58 11 93
58 12 50
58 13 62
58 14 30
58 15 37
58 16 40
58 17 59
58 18 9
58 19 92
58 20 6
58 21 59
58 22 37
58 23 63
58 24 94
58 25 31
58 26 86
58 27 17
58 28 39
58 29 3
58 30 95
58 31 16
58 32 54
58 33 61
58 34 66
58 35 9
58 36 58
58 37 50
58 38 84
58 39 40
58 40 1
58 41 14
58 42 44
58 43 11
58 44 44
58 45 60
58 46 62
58 47 3
58 48 46
58 49 53
58 50 28
58 51 58
58 52 93
58 53 91
58 54 44
58 55 18
58 56 22
58 57 27
58 58 54
58 59 54
58 60 83
58 61 98
58 62 21
58 63 17
58 64 72
58 65 6
58 66 83
58 67 40
58 68 95
58 69 83
58 70 32
59 1 77
59 2 33
59 3 44
59 4 65
59 5 72
59 6 29
59 7 87
59 8 31
59 9 59
59 10 96
59 11 73
59 12 16
59 13 51
59 14 25
59 15 84
59 16 89
59 17 44
59 18 97
59 19 34
59 20 90
59 21 89
59 22 40
59 23 88
59 24 24
59 25 68
59 26 99
59 27 51
59 28 65
59 29 54
59 30 12
59 31 77
59 32 82
59 33 88
59 34 11
59 35 86
59 36 6
59 37 57
59 38 53
59 39 42
59 40 3
59 41 26
59 42 84
59 43 16
59 44 69
59 45 99
59 46 14
59 47 23
59 48 46
59 49 94
59 50 63
59 51 97
59 52 34
59 53 1
59 54 84
59 55 3
59 56 15
59 57 69
59 58 69
59 59 12
59 60 89
59 61 79
59 62 88
59 63 11
59 64 18
59 65 12
59 66 59
59 67 93
59 68 23
59 69 5
59 70 86
60 1 82
60 2 3
60 3 12
60 4 23
60 5 87
60 6 71
60 7 75
60 8 68
60 9 70
60 10 21
60 11 69
60 12 64
60 13 89
60 14 7
60 15 61
60 16 38
60 17 76
60 18 97
60 19 18
60 20 38
60 21 59
60 22 77
60 23 79
60 24 50
60 25 96
60 26 51
60 27 97
60 28 72
60 29 62
60 30 94
60 31 92
60 32 47
60 33 65
60 34 52
60 35 11
60 36 1
60 37 70
60 38 58
60 39 76
60 40 13
60 41 97
60 42 100
60 43 25
60 44 79
60 45 12
60 46 45
60 47 6
60 48 91
60 49 32
60 50 94
60 51 53
60 52 21
60 53 21
60 54 17
60 55 12
60 56 84
60 57 77
60 58 74
60 59 75
60 60 55
60 61 57
60 62 21
60 63 100
60 64 79
60 65 69
60 66 93
60 67 21
60 68 62
60 69 32
60 70 97
61 1 50
61 2 43
61 3 13
61 4 57
61 5 5
61 6 70
61 7 69
61 8 12
61 9 48
61 10 33
61 11 63
61 12 19
61 13 85
61 14 63
61 15 44
61 16 39
61 17 60
61 18 28
61 19 65
61 20 38
61 21 96
61 22 83
61 23 93
61 24 65
61 25 93
61 26 24
61 27 65
61 28 72
61 29 42
61 30 53
61 31 85
61 32 4
61 33 17
61 34 4
61 35 81
61 36 41
61 37 80
61 38 89
61 39 57
61 40 3
61 41 57
61 42 91
61 43 2
61 44 41
61 45 91
61 46 5
61 47 54
61 48 66
61 49 54
61 50 70
61 51 10
61 52 54
61 53 93
61 54 97
61 55 10
61 56 86
61 57 48
61 58 72
61 59 30
61 60 13
61 61 11
61 62 16
61 63 2
61 64 49
61 65 29
61 66 94
61 67 18
61 68 5
61 69 33
61 70 22
62 1 28
62 2 16
62 3 17
62 4 43
62 5 66
62 6 15
62 7 26
62 8 73
62 9 14
62 10 44
62 11 84
62 12 71
62 13 8
62 14 92
62 15 4
62 16 7
62 17 89
62 18 63
62 19 82
62 20 26
62 21 6
62 22 23
62 23 23
62 24 44
62 25 91
62 26 61
62 27 64
62 28 37
62 29 22
62 30 98
62 31 49
62 32 70
62 33 62
62 34 52
62 35 64
62 36 49
62 37 70
62 38 61
62 39 89
62 40 8
62 41 68
62 42 50
62 43 31
62 44 48
62 45 49
62 46 15
62 47 24
62 48 21
62 49 57
62 50 68
62 51 33
62 52 77
62 53 25
62 54 33
62 55 4
62 56 61
62 57 93
62 58 75
62 59 35
62 60 41
62 61 53
62 62 22
62 63 7
62 64 83
62 65 85
62 66 66
62 67 87
62 68 58
62 69 48
62 70 35
63 1 38
63 2 12
63 3 49
63 4 82
63 5 19
63 6 100
63 7 21
63 8 47
63 9 51
63 10 98
63 11 100
63 12 24
63 13 15
63 14 87
63 15 60
63 16 31
63 17 53
63 18 43
63 19 75
63 20 57
63 21 57
63 22 75
63 23 97
63 24 40
63 25 93
63 26 84
63 27 43
63 28 91
63 29 46
63 30 44
63 31 46
63 32 68
63 33 6
63 34 79
63 35 35
63 36 30
63 37 65
63 38 71
63 39 30
63 40 16
63 41 79
63 42 25
63 43 98
63 44 79
63 45 35
63 46 80
63 47 46
63 48 64
63 49 51
63 50 68
63 51 91
63 52 12
63 53 74
63 54 84
63 55 21
63 56 57
63 57 45
63 58 27
63 59 36
63 60 43
63 61 3
63 62 55
63 63 59
63 64 29
63 65 3
63 66 98
63 67 26
63 68 67
63 69 75
63 70 29
64 1 3
64 2 76
64 3 63
64 4 50
64 5 63
64 6 26
64 7 40
64 8 94
64 9 36
64 10 47
64 11 61
64 12 48
64 13 15
64 14 66
64 15 54
64 16 28
64 17 7
64 18 83
64 19 73
64 20 9
64 21 86
64 22 42
64 23 41
64 24 9
64 25 13
64 26 87
64 27 19
64 28 73
64 29 79
64 30 52
64 31 32
64 32 82
64 33 98
64 34 40
64 35 70
64 36 78
64 37 56
64 38 48
64 39 24
64 40 35
64 41 74
64 42 64
64 43 43
64 44 73
64 45 24
64 46 59
64 47 36
64 48 66
64 49 97
64 50 37
64 51 65
64 52 45
64 53 96
64 54 8
64 55 41
64 56 55
64 57 19
64 58 25
64 59 18
64 60 51
64 61 15
64 62 15
64 63 30
64 64 88
64 65 15
64 66 96
64 67 25
64 68 77
64 69 62
64 70 24
65 1 44
65 2 34
65 3 91
65 4 59
65 5 77
65 6 22
65 7 41
65 8 43
65 9 99
65 10 32
65 11 56
65 12 41
65 13 16
65 14 77
65 15 80
65 16 65
65 17 83
65 18 45
65 19 89
65 20 1
65 21 10
65 22 10
65 23 70
65 24 44
65 25 48
65 26 68
65 27 95
65 28 7
65 29 77
65 30 21
65 31 47
65 32 95
65 33 62
65 34 45
65 35 100
65 36 58
65 37 93
65 38 18
65 39 24
65 40 20
65 41 78
65 42 56
65 43 42
65 44 71
65 45 87
65 46 90
65 47 70
65 48 8
65 49 7
65 50 96
65 51 39
65 52 89
65 53 59
65 54 87
65 55 13
65 56 17
65 57 74
65 58 91
65 59 39
65 60 73
65 61 79
65 62 15
65 63 9
65 64 41
65 65 55
65 66 40
65 67 9
65 68 89
65 69 82
65 70 53
66 1 99
66 2 92
66 3 79
66 4 36
66 5 51
66 6 73
66 7 36
66 8 3
66 9 6
66 10 9
66 11 9
66 12 18
66 13 20
66 14 48
66 15 35
66 16 23
66 17 21
66 18 49
66 19 4
66 20 68
66 21 49
66 22 3
66 23 56
66 24 71
66 25 29
66 26 56
66 27 84
66 28 95
66 29 54
66 30 73
66 31 83
66 32 28
66 33 1
66 34 5
66 35 24
66 36 98
66 37 51
66 38 56
66 39 56
66 40 66
66 41 30
66 42 51
66 43 10
66 44 7
66 45 62
66 46 87
66 47 9
66 48 52
66 49 24
66 50 19
66 51 71
66 52 93
66 53 16
66 54 14
66 55 54
66 56 90
66 57 37
66 58 71
66 59 64
66 60 23
66 61 83
66 62 45
66 63 15
66 64 2
66 65 76
66 66 24
66 67 89
66 68 3
66 69 31
66 70 46
67 1 22
67 2 73
67 3 7
67 4 95
67 5 52
67 6 14
67 7 40
67 8 48
67 9 75
67 10 96
67 11 25
67 12 11
67 13 1
67 14 96
67 15 2
67 16 68
67 17 78
67 18 55
67 19 18
67 20 99
67 21 16
67 22 76
67 23 9
67 24 72
67 25 81
67 26 17
67 27 87
67 28 83
67 29 68
67 30 45
67 31 78
67 32 34
67 33 34
67 34 91
67 35 45
67 36 34
67 37 98
67 38 100
67 39 52
67 40 32
67 41 93
67 42 100
67 43 32
67 44 94
67 45 92
67 46 41
67 47 72
67 48 69
67 49 97
67 50 88
67 51 90
67 52 49
67 53 64
67 54 57
67 55 14
67 56 74
67 57 52
67 58 81
67 59 67
67 60 46
67 61 44
67 62 52
67 63 57
67 64 81
67 65 37
67 66 79
67 67 36
67 68 59
67 69 67
67 70 35
68 1 75
68 2 55
68 3 59
68 4 98
68 5 32
68 6 36
68 7 47
68 8 89
68 9 76
68 10 5
68 11 75
68 12 4
68 13 36
68 14 38
68 15 64
68 16 46
68 17 100
68 18 49
68 19 35
68 20 49
68 21 25
68 22 6
68 23 21
68 24 99
68 25 8
68 26 66
68 27 79
68 28 78
68 29 88
68 30 6
68 31 27
68 32 14
68 33 34
68 34 22
68 35 48
68 36 12
68 37 8
68 38 62
68 39 77
68 40 33
68 41 36
68 42 29
68 43 1
68 44 54
68 45 5
68 46 29
68 47 26
68 48 96
68 49 1
68 50 65
68 51 2
68 52 19
68 53 19
68 54 81
68 55 55
68 56 97
68 57 52
68 58 70
68 59 59
68 60 31
68 61 7
68 62 56
68 63 75
68 64 66
68 65 25
68 66 8
68 67 27
68 68 62
68 69 5
68 70 98
69 1 31
69 2 47
69 3 48
69 4 52
69 5 14
69 6 2
69 7 60
69 8 56
69 9 98
69 10 100
69 11 81
69 12 1
69 13 28
69 14 39
69 15 100
69 16 23
69 17 17
69 18 18
69 19 59
69 20 32
69 21 67
69 22 63
69 23 43
69 24 18
69 25 71
69 26 46
69 27 21
69 28 9
69 29 100
69 30 2
69 31 45
69 32 100
69 33 86
69 34 69
69 35 65
69 36 66
69 37 99
69 38 68
69 39 89
69 40 64
69 41 17
69 42 72
69 43 25
69 44 83
69 45 28
69 46 79
69 47 76
69 48 17
69 49 80
69 50 70
69 51 98
69 52 46
69 53 13
69 54 91
69 55 96
69 56 93
69 57 48
69 58 48
69 59 31
69 60 1
69 61 24
69 62 59
69 63 100
69 64 94
69 65 82
69 66 33
69 67 86
69 68 93
69 69 86
69 70 37
70 1 63
70 2 37
70 3 82
70 4 66
70 5 93
70 6 74
70 7 9
70 8 70
70 9 47
70 10 100
70 11 3
70 12 36
70 13 77
70 14 40
70 15 84
70 16 14
70 17 83
70 18 54
70 19 43
70 20 55
70 21 94
70 22 74
70 23 62
70 24 77
70 25 40
70 26 13
70 27 39
70 28 56
70 29 17
70 30 98
70 31 82
70 32 7
70 33 60
70 34 13
70 35 58
70 36 1
70 37 54
70 38 33
70 39 88
70 40 11
70 41 20
70 42 14
70 43 39
70 44 92
70 45 62
70 46 65
70 47 35
70 48 71
70 49 90
70 50 30
70 51 51
70 52 97
70 53 9
70 54 49
70 55 79
70 56 84
70 57 78
70 58 58
70 59 47
70 60 45
70 61 28
70 62 72
70 63 3
70 64 23
70 65 78
70 66 17
70 67 18
70 68 63
70 69 81
70 70 4
