2 25
2 2
2 20
2 28
3 8
3 41
4 53
4 62
5 65
6 10
6 69
6 6
7 57
7 20
7 5
8 7
8 40
8 43
8 61
8 31
9 51
9 53
10 16
11 59
11 51
11 28
11 68
12 38
12 59
12 12
12 22
13 36
13 69
13 38
13 8
13 11
13 53
13 54
14 17
15 25
15 37
15 63
16 53
16 21
17 12
17 17
17 23
17 55
17 56
18 48
18 30
19 48
19 13
19 6
20 10
20 27
20 37
20 23
21 12
21 39
21 15
22 61
22 52
22 29
22 70
23 64
23 69
24 48
24 41
24 4
25 67
25 68
25 6
25 39
25 43
25 19
25 28
25 62
26 2
26 70
26 40
26 13
26 15
26 50
27 26
27 37
28 9
28 50
28 44
28 55
29 5
29 17
29 55
29 59
29 31
30 41
30 51
30 29
31 20
31 22
32 56
32 6
33 10
33 27
33 42
33 31
34 42
34 19
34 56
34 26
34 59
35 68
35 70
36 65
36 55
37 24
37 57
37 68
37 7
38 65
38 66
38 37
38 16
38 29
39 32
39 67
39 12
39 53
39 57
39 62
40 64
40 5
40 39
40 41
40 19
40 29
41 21
41 23
42 1
43 35
43 37
43 7
43 45
43 13
44 8
44 16
45 66
45 37
45 7
45 43
45 11
45 26
46 40
46 27
47 31
48 67
48 19
49 17
49 3
49 44
49 14
50 16
50 33
50 32
50 11
51 8
51 19
52 41
52 19
52 29
53 27
53 20
53 61
53 7
54 17
54 10
54 12
54 49
55 34
55 23
56 16
56 25
56 43
56 30
57 1
57 2
57 67
57 40
57 48
57 19
58 40
58 29
58 47
59 40
59 53
59 55
60 2
60 36
61 32
61 34
61 40
61 43
61 63
62 55
62 15
63 65
63 61
64 1
65 20
66 64
66 33
66 68
66 8
66 19
66 22
67 13
67 15
68 49
68 43
68 12
68 51
69 12
69 60
69 6
69 30
70 11
70 36
70 70
70 63
