1 1 -1
1 2 2
1 3 8
1 4 20
1 5 6
1 6 17
1 7 15
1 8 1
1 9 9
1 10 16
1 11 14
1 12 13
1 13 17
1 14 8
1 15 11
1 16 8
1 17 14
1 18 12
1 19 6
2 1 2
2 2 -1
2 3 9
2 4 22
2 5 9
2 6 20
2 7 17
2 8 2
2 9 12
2 10 18
2 11 16
2 12 16
2 13 20
2 14 11
2 15 13
2 16 11
2 17 16
2 18 14
2 19 8
3 1 8
3 2 9
3 3 -1
3 4 18
3 5 7
3 6 15
3 7 19
3 8 7
3 9 13
3 10 9
3 11 19
3 12 17
3 13 15
3 14 7
3 15 7
3 16 8
3 17 7
3 18 7
3 19 12
4 1 20
4 2 22
4 3 18
4 4 -1
4 5 13
4 6 4
4 7 15
4 8 20
4 9 12
4 10 15
4 11 16
4 12 11
4 13 3
4 14 12
4 15 11
4 16 11
4 17 16
4 18 10
4 19 17
5 1 6
5 2 9
5 3 7
5 4 13
5 5 -1
5 6 11
5 7 13
5 8 7
5 9 6
5 10 11
5 11 12
5 12 10
5 13 10
5 14 2
5 15 5
5 16 2
5 17 10
5 18 6
5 19 6
6 1 17
6 2 20
6 3 15
6 4 4
6 5 11
6 6 -1
6 7 16
6 8 18
6 9 12
6 10 11
6 11 17
6 12 12
6 13 1
6 14 9
6 15 7
6 16 8
6 17 12
6 18 7
6 19 16
7 1 15
7 2 17
7 3 19
7 4 15
7 5 13
7 6 16
7 7 -1
7 8 16
7 9 6
7 10 23
7 11 1
7 12 4
7 13 15
7 14 13
7 15 16
7 16 13
7 17 23
7 18 17
7 19 9
8 1 1
8 2 2
8 3 7
8 4 20
8 5 7
8 6 18
8 7 16
8 8 -1
8 9 10
8 10 16
8 11 15
8 12 14
8 13 18
8 14 8
8 15 11
8 16 9
8 17 14
8 18 12
8 19 7
9 1 9
9 2 12
9 3 13
9 4 12
9 5 6
9 6 12
9 7 6
9 8 10
9 9 -1
9 10 16
9 11 6
9 12 4
9 13 11
9 14 7
9 15 9
9 16 6
9 17 16
9 18 10
9 19 5
10 1 16
10 2 18
10 3 9
10 4 15
10 5 11
10 6 11
10 7 23
10 8 16
10 9 16
10 10 -1
10 11 23
10 12 19
10 13 12
10 14 10
10 15 7
10 16 10
10 17 2
10 18 6
10 19 18
11 1 14
11 2 16
11 3 19
11 4 16
11 5 12
11 6 17
11 7 1
11 8 15
11 9 6
11 10 23
11 11 -1
11 12 5
11 13 15
11 14 13
11 15 16
11 16 12
11 17 22
11 18 16
11 19 8
12 1 13
12 2 16
12 3 17
12 4 11
12 5 10
12 6 12
12 7 4
12 8 14
12 9 4
12 10 19
12 11 5
12 12 -1
12 13 10
12 14 10
12 15 12
12 16 9
12 17 19
12 18 13
12 19 8
13 1 17
13 2 20
13 3 15
13 4 3
13 5 10
13 6 1
13 7 15
13 8 18
13 9 11
13 10 12
13 11 15
13 12 10
13 13 -1
13 14 9
13 15 8
13 16 8
13 17 13
13 18 7
13 19 15
14 1 8
14 2 11
14 3 7
14 4 12
14 5 2
14 6 9
14 7 13
14 8 8
14 9 7
14 10 10
14 11 13
14 12 10
14 13 9
14 14 -1
14 15 3
14 16 1
14 17 9
14 18 4
14 19 8
15 1 11
15 2 13
15 3 7
15 4 11
15 5 5
15 6 7
15 7 16
15 8 11
15 9 9
15 10 7
15 11 16
15 12 12
15 13 8
15 14 3
15 15 -1
15 16 3
15 17 6
15 18 1
15 19 11
16 1 8
16 2 11
16 3 8
16 4 11
16 5 2
16 6 8
16 7 13
16 8 9
16 9 6
16 10 10
16 11 12
16 12 9
16 13 8
16 14 1
16 15 3
16 16 -1
16 17 10
16 18 4
16 19 8
17 1 14
17 2 16
17 3 7
17 4 16
17 5 10
17 6 12
17 7 23
17 8 14
17 9 16
17 10 2
17 11 22
17 12 19
17 13 13
17 14 9
17 15 6
17 16 10
17 17 -1
17 18 6
17 19 17
18 1 12
18 2 14
18 3 7
18 4 10
18 5 6
18 6 7
18 7 17
18 8 12
18 9 10
18 10 6
18 11 16
18 12 13
18 13 7
18 14 4
18 15 1
18 16 4
18 17 6
18 18 -1
18 19 12
19 1 6
19 2 8
19 3 12
19 4 17
19 5 6
19 6 16
19 7 9
19 8 7
19 9 5
19 10 18
19 11 8
19 12 8
19 13 15
19 14 8
19 15 11
19 16 8
19 17 17
19 18 12
19 19 -1
