1 1 -1
1 2 14
1 3 85
1 4 31
1 5 65
1 6 13
1 7 38
1 8 28
1 9 86
1 10 74
1 11 47
1 12 22
1 13 49
1 14 50
1 15 32
1 16 72
1 17 14
1 18 31
1 19 86
1 20 11
1 21 75
1 22 85
1 23 24
1 24 9
1 25 66
1 26 7
1 27 66
1 28 57
1 29 79
1 30 76
1 31 64
1 32 86
1 33 32
1 34 34
1 35 66
1 36 38
1 37 58
1 38 44
1 39 57
1 40 48
1 41 23
1 42 62
1 43 68
1 44 14
1 45 54
1 46 40
1 47 72
1 48 65
1 49 20
1 50 68
1 51 38
1 52 77
1 53 45
1 54 59
1 55 61
1 56 17
1 57 36
1 58 34
1 59 60
1 60 75
1 61 36
1 62 44
1 63 54
1 64 67
1 65 52
1 66 72
1 67 91
1 68 18
1 69 56
1 70 77
1 71 62
1 72 39
1 73 43
1 74 54
1 75 24
1 76 52
1 77 49
1 78 69
2 1 14
2 2 -1
2 3 72
2 4 18
2 5 59
2 6 14
2 7 24
2 8 23
2 9 72
2 10 61
2 11 34
2 12 21
2 13 35
2 14 37
2 15 22
2 16 58
2 17 5
2 18 18
2 19 74
2 20 5
2 21 64
2 22 71
2 23 18
2 24 8
2 25 52
2 26 10
2 27 58
2 28 46
2 29 67
2 30 62
2 31 49
2 32 73
2 33 17
2 34 29
2 35 53
2 36 29
2 37 44
2 38 31
2 39 44
2 40 41
2 41 12
2 42 51
2 43 62
2 44 17
2 45 41
2 46 26
2 47 58
2 48 52
2 49 7
2 50 62
2 51 25
2 52 65
2 53 34
2 54 46
2 55 46
2 56 15
2 57 21
2 58 21
2 59 53
2 60 61
2 61 26
2 62 33
2 63 40
2 64 54
2 65 38
2 66 58
2 67 77
2 68 9
2 69 44
2 70 65
2 71 49
2 72 29
2 73 39
2 74 48
2 75 13
2 76 40
2 77 42
2 78 62
3 1 85
3 2 72
3 3 -1
3 4 62
3 5 49
3 6 84
3 7 49
3 8 63
3 9 24
3 10 57
3 11 54
3 12 72
3 13 37
3 14 56
3 15 73
3 16 31
3 17 70
3 18 68
3 19 7
3 20 77
3 21 23
3 22 14
3 23 80
3 24 80
3 25 25
3 26 82
3 27 42
3 28 30
3 29 9
3 30 51
3 31 29
3 32 3
3 33 56
3 34 61
3 35 66
3 36 50
3 37 30
3 38 59
3 39 61
3 40 48
3 41 72
3 42 28
3 43 54
3 44 77
3 45 52
3 46 47
3 47 17
3 48 53
3 49 68
3 50 56
3 51 47
3 52 8
3 53 41
3 54 64
3 55 35
3 56 72
3 57 55
3 58 65
3 59 47
3 60 37
3 61 73
3 62 42
3 63 47
3 64 58
3 65 34
3 66 43
3 67 5
3 68 67
3 69 31
3 70 13
3 71 23
3 72 49
3 73 61
3 74 54
3 75 72
3 76 34
3 77 48
3 78 43
4 1 31
4 2 18
4 3 62
4 4 -1
4 5 62
4 6 24
4 7 14
4 8 34
4 9 58
4 10 43
4 11 16
4 12 35
4 13 25
4 14 19
4 15 12
4 16 43
4 17 21
4 18 6
4 19 66
4 20 20
4 21 60
4 22 58
4 23 18
4 24 23
4 25 39
4 26 25
4 27 59
4 28 42
4 29 59
4 30 44
4 31 36
4 32 64
4 33 8
4 34 38
4 35 36
4 36 32
4 37 32
4 38 13
4 39 26
4 40 44
4 41 10
4 42 48
4 43 67
4 44 33
4 45 23
4 46 15
4 47 46
4 48 34
4 49 11
4 50 68
4 51 21
4 52 56
4 53 33
4 54 29
4 55 31
4 56 31
4 57 6
4 58 5
4 59 56
4 60 45
4 61 14
4 62 32
4 63 22
4 64 36
4 65 27
4 66 41
4 67 67
4 68 22
4 69 41
4 70 57
4 71 40
4 72 31
4 73 48
4 74 54
4 75 10
4 76 36
4 77 45
4 78 63
5 1 65
5 2 59
5 3 49
5 4 62
5 5 -1
5 6 73
5 7 50
5 8 37
5 9 68
5 10 87
5 11 67
5 12 44
5 13 45
5 14 71
5 15 74
5 16 65
5 17 54
5 18 68
5 19 44
5 20 64
5 21 26
5 22 59
5 23 75
5 24 66
5 25 53
5 26 67
5 27 7
5 28 27
5 29 40
5 30 83
5 31 55
5 32 47
5 33 54
5 34 31
5 35 88
5 36 30
5 37 48
5 38 69
5 39 79
5 40 18
5 41 67
5 42 24
5 43 5
5 44 52
5 45 70
5 46 50
5 47 51
5 48 78
5 49 59
5 50 7
5 51 41
5 52 41
5 53 29
5 54 83
5 55 58
5 56 48
5 57 58
5 58 68
5 59 6
5 60 71
5 61 77
5 62 30
5 63 65
5 64 83
5 65 45
5 66 75
5 67 54
5 68 50
5 69 27
5 70 36
5 71 38
5 72 31
5 73 24
5 74 12
5 75 68
5 76 31
5 77 17
5 78 6
6 1 13
6 2 14
6 3 84
6 4 24
6 5 73
6 6 -1
6 7 35
6 8 36
6 9 82
6 10 64
6 11 39
6 12 32
6 13 47
6 14 41
6 15 21
6 16 67
6 17 19
6 18 21
6 19 87
6 20 9
6 21 78
6 22 82
6 23 11
6 24 7
6 25 62
6 26 7
6 27 72
6 28 59
6 29 80
6 30 67
6 31 60
6 32 86
6 33 28
6 34 42
6 35 55
6 36 43
6 37 55
6 38 35
6 39 46
6 40 55
6 41 13
6 42 65
6 43 76
6 44 25
6 45 46
6 46 37
6 47 70
6 48 56
6 49 16
6 50 76
6 51 38
6 52 78
6 53 48
6 54 48
6 55 56
6 56 26
6 57 30
6 58 24
6 59 67
6 60 69
6 61 25
6 62 47
6 63 47
6 64 57
6 65 50
6 66 65
6 67 90
6 68 23
6 69 58
6 70 78
6 71 61
6 72 43
6 73 52
6 74 62
6 75 14
6 76 53
6 77 56
6 78 76
7 1 38
7 2 24
7 3 49
7 4 14
7 5 50
7 6 35
7 7 -1
7 8 29
7 9 48
7 10 43
7 11 17
7 12 34
7 13 11
7 14 22
7 15 26
7 16 34
7 17 24
7 18 20
7 19 52
7 20 29
7 21 46
7 22 46
7 23 31
7 24 31
7 25 27
7 26 34
7 27 46
7 28 28
7 29 45
7 30 42
7 31 25
7 32 51
7 33 7
7 34 32
7 35 40
7 36 22
7 37 19
7 38 19
7 39 30
7 40 33
7 41 23
7 42 34
7 43 55
7 44 35
7 45 23
7 46 2
7 47 34
7 48 33
7 49 19
7 50 56
7 51 9
7 52 42
7 53 21
7 54 34
7 55 23
7 56 31
7 57 8
7 58 19
7 59 44
7 60 38
7 61 28
7 62 20
7 63 19
7 64 37
7 65 14
7 66 37
7 67 54
7 68 23
7 69 27
7 70 43
7 71 26
7 72 21
7 73 40
7 74 44
7 75 23
7 76 22
7 77 34
7 78 50
8 1 28
8 2 23
8 3 63
8 4 34
8 5 37
8 6 36
8 7 29
8 8 -1
8 9 71
8 10 72
8 11 46
8 12 8
8 13 34
8 14 50
8 15 43
8 16 61
8 17 17
8 18 38
8 19 63
8 20 27
8 21 49
8 22 67
8 23 41
8 24 29
8 25 50
8 26 30
8 27 37
8 28 33
8 29 56
8 30 71
8 31 50
8 32 63
8 33 27
8 34 6
8 35 68
8 36 13
8 37 42
8 38 45
8 39 58
8 40 20
8 41 34
8 42 37
8 43 40
8 44 15
8 45 52
8 46 30
8 47 54
8 48 62
8 49 26
8 50 40
8 51 22
8 52 55
8 53 21
8 54 61
8 55 50
8 56 11
8 57 33
8 58 39
8 59 31
8 60 66
8 61 47
8 62 21
8 63 48
8 64 66
8 65 36
8 66 65
8 67 69
8 68 13
8 69 32
8 70 53
8 71 41
8 72 14
8 73 15
8 74 26
8 75 35
8 76 29
8 77 21
8 78 41
9 1 86
9 2 72
9 3 24
9 4 58
9 5 68
9 6 82
9 7 48
9 8 71
9 9 -1
9 10 38
9 11 44
9 12 79
9 13 38
9 14 45
9 15 65
9 16 15
9 17 72
9 18 62
9 19 31
9 20 77
9 21 44
9 22 9
9 23 75
9 24 79
9 25 21
9 26 82
9 27 61
9 28 43
9 29 30
9 30 31
9 31 22
9 32 27
9 33 54
9 34 71
9 35 48
9 36 59
9 37 29
9 38 50
9 39 46
9 40 62
9 41 68
9 42 44
9 43 74
9 44 82
9 45 39
9 46 46
9 47 18
9 48 36
9 49 66
9 50 75
9 51 50
9 52 28
9 53 51
9 54 48
9 55 26
9 56 77
9 57 52
9 58 59
9 59 64
9 60 17
9 61 65
9 62 51
9 63 37
9 64 40
9 65 36
9 66 24
9 67 23
9 68 71
9 69 44
9 70 34
9 71 32
9 72 57
9 73 75
9 74 70
9 75 68
9 76 44
9 77 62
9 78 63
10 1 74
10 2 61
10 3 57
10 4 43
10 5 87
10 6 64
10 7 43
10 8 72
10 9 38
10 10 -1
10 11 27
10 12 76
10 13 42
10 14 24
10 15 43
10 16 26
10 17 64
10 18 43
10 19 65
10 20 63
10 21 71
10 22 45
10 23 54
10 24 65
10 25 36
10 26 67
10 27 81
10 28 59
10 29 60
10 30 7
10 31 33
10 32 61
10 33 45
10 34 75
10 35 12
10 36 64
10 37 38
10 38 30
10 39 17
10 40 73
10 41 51
10 42 63
10 43 92
10 44 76
10 45 20
10 46 41
10 47 42
10 48 9
10 49 54
10 50 94
10 51 51
10 52 57
10 53 59
10 54 17
10 55 28
10 56 72
10 57 40
10 58 40
10 59 81
10 60 21
10 61 40
10 62 59
10 63 23
10 64 7
10 65 42
10 66 14
10 67 59
10 68 64
10 69 59
10 70 62
10 71 49
10 72 63
10 73 82
10 74 84
10 75 50
10 76 56
10 77 74
10 78 84
11 1 47
11 2 34
11 3 54
11 4 16
11 5 67
11 6 39
11 7 17
11 8 46
11 9 44
11 10 27
11 11 -1
11 12 49
11 13 22
11 14 4
11 15 21
11 16 29
11 17 37
11 18 18
11 19 59
11 20 36
11 21 58
11 22 46
11 23 31
11 24 39
11 25 29
11 26 41
11 27 62
11 28 41
11 29 53
11 30 28
11 31 25
11 32 56
11 33 18
11 34 49
11 35 23
11 36 40
11 37 25
11 38 5
11 39 12
11 40 50
11 41 26
11 42 47
11 43 72
11 44 49
11 45 7
11 46 16
11 47 37
11 48 18
11 49 27
11 50 73
11 51 26
11 52 50
11 53 37
11 54 16
11 55 19
11 56 45
11 57 13
11 58 15
11 59 61
11 60 30
11 61 20
11 62 37
11 63 7
11 64 20
11 65 23
11 66 25
11 67 58
11 68 37
11 69 41
11 70 53
11 71 36
11 72 38
11 73 58
11 74 61
11 75 25
11 76 36
11 77 51
11 78 66
12 1 22
12 2 21
12 3 72
12 4 35
12 5 44
12 6 32
12 7 34
12 8 8
12 9 79
12 10 76
12 11 49
12 12 -1
12 13 40
12 14 53
12 15 43
12 16 67
12 17 15
12 18 38
12 19 71
12 20 24
12 21 57
12 22 74
12 23 39
12 24 25
12 25 57
12 26 25
12 27 45
12 28 42
12 29 64
12 30 76
12 31 57
12 32 72
12 33 31
12 34 13
12 35 71
12 36 21
12 37 49
12 38 48
12 39 61
12 40 28
12 41 33
12 42 45
12 43 46
12 44 8
12 45 56
12 46 36
12 47 62
12 48 67
12 49 26
12 50 46
12 51 28
12 52 63
12 53 30
12 54 64
12 55 56
12 56 5
12 57 36
12 58 40
12 59 39
12 60 72
12 61 47
12 62 29
12 63 53
12 64 70
12 65 43
12 66 71
12 67 77
12 68 13
12 69 40
12 70 61
12 71 49
12 72 23
12 73 21
12 74 32
12 75 34
12 76 37
12 77 29
12 78 49
13 1 49
13 2 35
13 3 37
13 4 25
13 5 45
13 6 47
13 7 11
13 8 34
13 9 38
13 10 42
13 11 22
13 12 40
13 13 -1
13 14 26
13 15 36
13 16 27
13 17 34
13 18 31
13 19 40
13 20 40
13 21 36
13 22 35
13 23 43
13 24 43
13 25 17
13 26 45
13 27 40
13 28 19
13 29 33
13 30 39
13 31 16
13 32 39
13 33 18
13 34 35
13 35 43
13 36 23
13 37 8
13 38 26
13 39 34
13 40 31
13 41 34
13 42 25
13 43 50
13 44 44
13 45 25
13 46 9
13 47 23
13 48 33
13 49 30
13 50 52
13 51 12
13 52 31
13 53 17
13 54 37
13 55 16
13 56 39
13 57 18
13 58 29
13 59 39
13 60 32
13 61 38
13 62 17
13 63 19
13 64 38
13 65 2
13 66 32
13 67 43
13 68 32
13 69 18
13 70 32
13 71 15
13 72 21
13 73 41
13 74 41
13 75 35
13 76 14
13 77 31
13 78 44
14 1 50
14 2 37
14 3 56
14 4 19
14 5 71
14 6 41
14 7 22
14 8 50
14 9 45
14 10 24
14 11 4
14 12 53
14 13 26
14 14 -1
14 15 21
14 16 29
14 17 40
14 18 19
14 19 62
14 20 39
14 21 61
14 22 48
14 23 32
14 24 41
14 25 31
14 26 43
14 27 66
14 28 45
14 29 56
14 30 25
14 31 27
14 32 59
14 33 22
14 34 53
14 35 18
14 36 44
14 37 28
14 38 6
14 39 8
14 40 55
14 41 27
14 42 51
14 43 76
14 44 52
14 45 5
14 46 21
14 47 39
14 48 15
14 49 30
14 50 77
14 51 31
14 52 53
14 53 42
14 54 12
14 55 21
14 56 49
14 57 17
14 58 16
14 59 65
14 60 29
14 61 19
14 62 41
14 63 9
14 64 17
14 65 27
14 66 24
14 67 60
14 68 41
14 69 45
14 70 56
14 71 39
14 72 43
14 73 62
14 74 65
14 75 27
14 76 40
14 77 55
14 78 70
15 1 32
15 2 22
15 3 73
15 4 12
15 5 74
15 6 21
15 7 26
15 8 43
15 9 65
15 10 43
15 11 21
15 12 43
15 13 36
15 14 21
15 15 -1
15 16 50
15 17 27
15 18 6
15 19 77
15 20 22
15 21 72
15 22 67
15 23 10
15 24 23
15 25 48
15 26 25
15 27 71
15 28 54
15 29 70
15 30 47
15 31 45
15 32 75
15 33 20
15 34 48
15 35 34
15 36 44
15 37 42
15 38 15
15 39 25
15 40 56
15 41 10
15 42 60
15 43 78
15 44 39
15 45 27
15 46 27
15 47 56
15 48 36
15 49 16
15 50 79
15 51 33
15 52 67
15 53 45
15 54 27
15 55 40
15 56 37
15 57 18
15 58 7
15 59 68
15 60 51
15 61 4
15 62 44
15 63 29
15 64 36
15 65 39
15 66 46
15 67 77
15 68 30
15 69 53
15 70 69
15 71 52
15 72 43
15 73 58
15 74 65
15 75 8
15 76 48
15 77 57
15 78 75
16 1 72
16 2 58
16 3 31
16 4 43
16 5 65
16 6 67
16 7 34
16 8 61
16 9 15
16 10 26
16 11 29
16 12 67
16 13 27
16 14 29
16 15 50
16 16 -1
16 17 59
16 18 46
16 19 38
16 20 62
16 21 46
16 22 20
16 23 60
16 24 65
16 25 12
16 26 67
16 27 59
16 28 38
16 29 34
16 30 20
16 31 11
16 32 35
16 33 40
16 34 62
16 35 35
16 36 50
16 37 19
16 38 34
16 39 31
16 40 55
16 41 53
16 42 41
16 43 71
16 44 70
16 45 24
16 46 32
16 47 16
16 48 22
16 49 52
16 50 73
16 51 39
16 52 31
16 53 42
16 54 33
16 55 11
16 56 65
16 57 37
16 58 43
16 59 60
16 60 6
16 61 49
16 62 42
16 63 21
16 64 27
16 65 25
16 66 11
16 67 34
16 68 58
16 69 38
16 70 36
16 71 26
16 72 48
16 73 67
16 74 65
16 75 53
16 76 36
16 77 55
16 78 62
17 1 14
17 2 5
17 3 70
17 4 21
17 5 54
17 6 19
17 7 24
17 8 17
17 9 72
17 10 64
17 11 37
17 12 15
17 13 34
17 14 40
17 15 27
17 16 59
17 17 -1
17 18 23
17 19 72
17 20 10
17 21 60
17 22 70
17 23 24
17 24 12
17 25 51
17 26 13
17 27 53
17 28 43
17 29 64
17 30 65
17 31 50
17 32 71
17 33 19
17 34 23
17 35 57
17 36 24
17 37 43
17 38 34
17 39 48
17 40 36
17 41 17
17 42 48
17 43 57
17 44 12
17 45 44
17 46 26
17 47 58
17 48 55
17 49 11
17 50 57
17 51 23
17 52 63
17 53 31
17 54 50
17 55 47
17 56 10
17 57 24
17 58 26
17 59 48
17 60 63
17 61 32
17 62 30
17 63 42
17 64 57
17 65 37
17 66 60
17 67 76
17 68 4
17 69 41
17 70 62
17 71 47
17 72 25
17 73 33
17 74 43
17 75 19
17 76 37
17 77 37
17 78 57
18 1 31
18 2 18
18 3 68
18 4 6
18 5 68
18 6 21
18 7 20
18 8 38
18 9 62
18 10 43
18 11 18
18 12 38
18 13 31
18 14 19
18 15 6
18 16 46
18 17 23
18 18 -1
18 19 71
18 20 20
18 21 66
18 22 63
18 23 13
18 24 22
18 25 44
18 26 24
18 27 65
18 28 48
18 29 64
18 30 45
18 31 40
18 32 70
18 33 14
18 34 43
18 35 35
18 36 38
18 37 37
18 38 13
18 39 26
18 40 50
18 41 8
18 42 54
18 43 72
18 44 35
18 45 25
18 46 21
18 47 51
18 48 35
18 49 12
18 50 73
18 51 27
18 52 62
18 53 39
18 54 28
18 55 36
18 56 33
18 57 12
18 58 3
18 59 61
18 60 48
18 61 9
18 62 38
18 63 25
18 64 36
18 65 33
18 66 43
18 67 72
18 68 25
18 69 47
18 70 63
18 71 46
18 72 37
18 73 53
18 74 59
18 75 7
18 76 42
18 77 51
18 78 69
19 1 86
19 2 74
19 3 7
19 4 66
19 5 44
19 6 87
19 7 52
19 8 63
19 9 31
19 10 65
19 11 59
19 12 71
19 13 40
19 14 62
19 15 77
19 16 38
19 17 72
19 18 71
19 19 -1
19 20 79
19 21 18
19 22 22
19 23 84
19 24 82
19 25 31
19 26 84
19 27 37
19 28 29
19 29 7
19 30 58
19 31 35
19 32 4
19 33 59
19 34 60
19 35 72
19 36 50
19 37 34
19 38 64
19 39 67
19 40 46
19 41 75
19 42 26
19 43 49
19 44 77
19 45 58
19 46 50
19 47 23
19 48 60
19 49 70
19 50 51
19 51 49
19 52 9
19 53 41
19 54 70
19 55 41
19 56 72
19 57 59
19 58 69
19 59 42
19 60 44
19 61 78
19 62 42
19 63 53
19 64 65
19 65 38
19 66 50
19 67 10
19 68 68
19 69 31
19 70 10
19 71 25
19 72 48
19 73 59
19 74 50
19 75 76
19 76 34
19 77 45
19 78 38
20 1 11
20 2 5
20 3 77
20 4 20
20 5 64
20 6 9
20 7 29
20 8 27
20 9 77
20 10 63
20 11 36
20 12 24
20 13 40
20 14 39
20 15 22
20 16 62
20 17 10
20 18 20
20 19 79
20 20 -1
20 21 69
20 22 75
20 23 15
20 24 2
20 25 56
20 26 5
20 27 63
20 28 51
20 29 72
20 30 65
20 31 54
20 32 78
20 33 22
20 34 33
20 35 55
20 36 34
20 37 48
20 38 33
20 39 46
20 40 46
20 41 12
20 42 57
20 43 67
20 44 18
20 45 43
20 46 31
20 47 63
20 48 54
20 49 10
20 50 67
20 51 30
20 52 70
20 53 40
20 54 48
20 55 51
20 56 18
20 57 25
20 58 23
20 59 58
20 60 65
20 61 26
20 62 39
20 63 43
20 64 56
20 65 43
20 66 61
20 67 83
20 68 14
20 69 50
20 70 70
20 71 54
20 72 34
20 73 43
20 74 53
20 75 13
20 76 45
20 77 47
20 78 67
21 1 75
21 2 64
21 3 23
21 4 60
21 5 26
21 6 78
21 7 46
21 8 49
21 9 44
21 10 71
21 11 58
21 12 57
21 13 36
21 14 61
21 15 72
21 16 46
21 17 60
21 18 66
21 19 18
21 20 69
21 21 -1
21 22 35
21 23 77
21 24 72
21 25 34
21 26 73
21 27 19
21 28 18
21 29 14
21 30 65
21 31 38
21 32 21
21 33 52
21 34 45
21 35 76
21 36 36
21 37 33
21 38 62
21 39 68
21 40 29
21 41 68
21 42 12
21 43 31
21 44 64
21 45 58
21 46 45
21 47 29
21 48 63
21 49 62
21 50 33
21 51 40
21 52 16
21 53 29
21 54 71
21 55 43
21 56 59
21 57 54
21 58 65
21 59 25
21 60 52
21 61 74
21 62 30
21 63 53
21 64 69
21 65 34
21 66 57
21 67 28
21 68 57
21 69 19
21 70 10
21 71 22
21 72 35
21 73 42
21 74 33
21 75 69
21 76 24
21 77 29
21 78 20
22 1 85
22 2 71
22 3 14
22 4 58
22 5 59
22 6 82
22 7 46
22 8 67
22 9 9
22 10 45
22 11 46
22 12 74
22 13 35
22 14 48
22 15 67
22 16 20
22 17 70
22 18 63
22 19 22
22 20 75
22 21 35
22 22 -1
22 23 76
22 24 78
22 25 19
22 26 80
22 27 52
22 28 36
22 29 21
22 30 38
22 31 22
22 32 17
22 33 53
22 34 66
22 35 55
22 36 54
22 37 27
22 38 52
22 39 51
22 40 55
22 41 68
22 42 36
22 43 65
22 44 79
22 45 43
22 46 44
22 47 12
22 48 42
22 49 65
22 50 67
22 51 47
22 52 18
22 53 45
22 54 53
22 55 27
22 56 74
22 57 51
22 58 60
22 59 56
22 60 24
22 61 67
22 62 45
22 63 39
22 64 47
22 65 33
22 66 31
22 67 14
22 68 68
22 69 37
22 70 24
22 71 25
22 72 52
22 73 68
22 74 63
22 75 68
22 76 38
22 77 55
22 78 54
23 1 24
23 2 18
23 3 80
23 4 18
23 5 75
23 6 11
23 7 31
23 8 41
23 9 75
23 10 54
23 11 31
23 12 39
23 13 43
23 14 32
23 15 10
23 16 60
23 17 24
23 18 13
23 19 84
23 20 15
23 21 77
23 22 76
23 23 -1
23 24 15
23 25 57
23 26 17
23 27 74
23 28 58
23 29 77
23 30 57
23 31 54
23 32 82
23 33 25
23 34 47
23 35 44
23 36 45
23 37 50
23 38 26
23 39 36
23 40 57
23 41 9
23 42 64
23 43 79
23 44 33
23 45 37
23 46 33
23 47 65
23 48 47
23 49 16
23 50 80
23 51 37
23 52 74
23 53 49
23 54 37
23 55 49
23 56 33
23 57 25
23 58 16
23 59 69
23 60 61
23 61 14
23 62 48
23 63 39
23 64 47
23 65 46
23 66 56
23 67 85
23 68 27
23 69 57
23 70 75
23 71 58
23 72 45
23 73 57
23 74 66
23 75 8
23 76 52
23 77 58
23 78 78
24 1 9
24 2 8
24 3 80
24 4 23
24 5 66
24 6 7
24 7 31
24 8 29
24 9 79
24 10 65
24 11 39
24 12 25
24 13 43
24 14 41
24 15 23
24 16 65
24 17 12
24 18 22
24 19 82
24 20 2
24 21 72
24 22 78
24 23 15
24 24 -1
24 25 59
24 26 2
24 27 65
24 28 54
24 29 75
24 30 67
24 31 57
24 32 81
24 33 25
24 34 35
24 35 57
24 36 36
24 37 51
24 38 35
24 39 48
24 40 48
24 41 14
24 42 59
24 43 69
24 44 18
24 45 46
24 46 34
24 47 66
24 48 56
24 49 13
24 50 69
24 51 33
24 52 73
24 53 42
24 54 50
24 55 53
24 56 19
24 57 28
24 58 25
24 59 60
24 60 68
24 61 27
24 62 41
24 63 45
24 64 58
24 65 45
24 66 64
24 67 85
24 68 16
24 69 52
24 70 73
24 71 57
24 72 37
24 73 44
24 74 55
24 75 15
24 76 48
24 77 49
24 78 69
25 1 66
25 2 52
25 3 25
25 4 39
25 5 53
25 6 62
25 7 27
25 8 50
25 9 21
25 10 36
25 11 29
25 12 57
25 13 17
25 14 31
25 15 48
25 16 12
25 17 51
25 18 44
25 19 31
25 20 56
25 21 34
25 22 19
25 23 57
25 24 59
25 25 -1
25 26 61
25 27 46
25 28 25
25 29 25
25 30 31
25 31 4
25 32 28
25 33 34
25 34 51
25 35 42
25 36 39
25 37 8
25 38 34
25 39 36
25 40 43
25 41 49
25 42 28
25 43 58
25 44 61
25 45 27
25 46 25
25 47 8
25 48 29
25 49 46
25 50 60
25 51 29
25 52 22
25 53 31
25 54 39
25 55 10
25 56 56
25 57 32
25 58 41
25 59 48
25 60 18
25 61 48
25 62 31
25 63 22
25 64 35
25 65 14
25 66 22
25 67 29
25 68 50
25 69 26
25 70 26
25 71 14
25 72 37
25 73 55
25 74 52
25 75 49
25 76 24
25 77 43
25 78 49
26 1 7
26 2 10
26 3 82
26 4 25
26 5 67
26 6 7
26 7 34
26 8 30
26 9 82
26 10 67
26 11 41
26 12 25
26 13 45
26 14 43
26 15 25
26 16 67
26 17 13
26 18 24
26 19 84
26 20 5
26 21 73
26 22 80
26 23 17
26 24 2
26 25 61
26 26 -1
26 27 66
26 28 55
26 29 77
26 30 69
26 31 59
26 32 83
26 33 27
26 34 36
26 35 59
26 36 38
26 37 53
26 38 37
26 39 50
26 40 49
26 41 16
26 42 61
26 43 70
26 44 18
26 45 48
26 46 36
26 47 68
26 48 59
26 49 15
26 50 70
26 51 35
26 52 75
26 53 44
26 54 52
26 55 56
26 56 19
26 57 30
26 58 27
26 59 61
26 60 70
26 61 29
26 62 43
26 63 48
26 64 60
26 65 48
26 66 66
26 67 87
26 68 17
26 69 54
26 70 74
26 71 59
26 72 38
26 73 45
26 74 56
26 75 17
26 76 50
26 77 50
26 78 70
27 1 66
27 2 58
27 3 42
27 4 59
27 5 7
27 6 72
27 7 46
27 8 37
27 9 61
27 10 81
27 11 62
27 12 45
27 13 40
27 14 66
27 15 71
27 16 59
27 17 53
27 18 65
27 19 37
27 20 63
27 21 19
27 22 52
27 23 74
27 24 65
27 25 46
27 26 66
27 27 -1
27 28 21
27 29 33
27 30 77
27 31 49
27 32 40
27 33 51
27 34 32
27 35 83
27 36 29
27 37 42
27 38 65
27 39 74
27 40 17
27 41 65
27 42 18
27 43 12
27 44 53
27 45 65
27 46 46
27 47 44
27 48 73
27 49 58
27 50 14
27 51 38
27 52 34
27 53 25
27 54 78
27 55 53
27 56 49
27 57 54
27 58 65
27 59 7
27 60 65
27 61 74
27 62 26
27 63 60
27 64 78
27 65 40
27 66 68
27 67 47
27 68 49
27 69 22
27 70 29
27 71 32
27 72 29
27 73 27
27 74 15
27 75 66
27 76 26
27 77 16
27 78 4
28 1 57
28 2 46
28 3 30
28 4 42
28 5 27
28 6 59
28 7 28
28 8 33
28 9 43
28 10 59
28 11 41
28 12 42
28 13 19
28 14 45
28 15 54
28 16 38
28 17 43
28 18 48
28 19 29
28 20 51
28 21 18
28 22 36
28 23 58
28 24 54
28 25 25
28 26 55
28 27 21
28 28 -1
28 29 22
28 30 55
28 31 27
28 32 30
28 33 34
28 34 31
28 35 62
28 36 20
28 37 20
28 38 45
28 39 53
28 40 19
28 41 49
28 42 6
28 43 33
28 44 48
28 45 43
28 46 27
28 47 25
28 48 51
28 49 43
28 50 35
28 51 21
28 52 21
28 53 12
28 54 56
28 55 31
28 56 43
28 57 36
28 58 47
28 59 22
28 60 44
28 61 56
28 62 12
28 63 38
28 64 56
28 65 18
28 66 47
28 67 36
28 68 39
28 69 1
28 70 19
28 71 11
28 72 19
28 73 32
28 74 27
28 75 50
28 76 6
28 77 19
28 78 25
29 1 79
29 2 67
29 3 9
29 4 59
29 5 40
29 6 80
29 7 45
29 8 56
29 9 30
29 10 60
29 11 53
29 12 64
29 13 33
29 14 56
29 15 70
29 16 34
29 17 64
29 18 64
29 19 7
29 20 72
29 21 14
29 22 21
29 23 77
29 24 75
29 25 25
29 26 77
29 27 33
29 28 22
29 29 -1
29 30 55
29 31 29
29 32 7
29 33 52
29 34 53
29 35 67
29 36 43
29 37 28
29 38 58
29 39 61
29 40 39
29 41 68
29 42 19
29 43 45
29 44 70
29 45 52
29 46 43
29 47 18
29 48 55
29 49 63
29 50 47
29 51 41
29 52 3
29 53 34
29 54 64
29 55 35
29 56 65
29 57 52
29 58 63
29 59 38
29 60 40
29 61 71
29 62 35
29 63 47
29 64 60
29 65 31
29 66 46
29 67 14
29 68 61
29 69 24
29 70 4
29 71 18
29 72 41
29 73 53
29 74 45
29 75 69
29 76 27
29 77 39
29 78 34
30 1 76
30 2 62
30 3 51
30 4 44
30 5 83
30 6 67
30 7 42
30 8 71
30 9 31
30 10 7
30 11 28
30 12 76
30 13 39
30 14 25
30 15 47
30 16 20
30 17 65
30 18 45
30 19 58
30 20 65
30 21 65
30 22 38
30 23 57
30 24 67
30 25 31
30 26 69
30 27 77
30 28 55
30 29 55
30 30 -1
30 31 28
30 32 55
30 33 46
30 34 74
30 35 19
30 36 62
30 37 35
30 38 32
30 39 21
30 40 70
30 41 53
30 42 59
30 43 89
30 44 77
30 45 21
30 46 40
30 47 36
30 48 10
30 49 55
30 50 90
30 51 50
30 52 51
30 53 57
30 54 21
30 55 24
30 56 73
30 57 41
30 58 42
30 59 78
30 60 14
30 61 44
30 62 56
30 63 23
30 64 12
30 65 38
30 66 8
30 67 53
30 68 65
30 69 55
30 70 56
30 71 45
30 72 61
30 73 80
30 74 81
30 75 53
30 76 52
30 77 71
30 78 80
31 1 64
31 2 49
31 3 29
31 4 36
31 5 55
31 6 60
31 7 25
31 8 50
31 9 22
31 10 33
31 11 25
31 12 57
31 13 16
31 14 27
31 15 45
31 16 11
31 17 50
31 18 40
31 19 35
31 20 54
31 21 38
31 22 22
31 23 54
31 24 57
31 25 4
31 26 59
31 27 49
31 28 27
31 29 29
31 30 28
31 31 -1
31 32 32
31 33 32
31 34 51
31 35 38
31 36 39
31 37 8
31 38 31
31 39 32
31 40 44
31 41 46
31 42 31
31 43 61
31 44 60
31 45 23
31 46 23
31 47 12
31 48 26
31 49 44
31 50 62
31 51 28
31 52 26
31 53 31
31 54 35
31 55 6
31 56 55
31 57 29
31 58 38
31 59 50
31 60 17
31 61 45
31 62 31
31 63 18
31 64 31
31 65 14
31 66 19
31 67 33
31 68 48
31 69 27
31 70 30
31 71 16
31 72 37
31 73 55
31 74 54
31 75 46
31 76 25
31 77 44
31 78 52
32 1 86
32 2 73
32 3 3
32 4 64
32 5 47
32 6 86
32 7 51
32 8 63
32 9 27
32 10 61
32 11 56
32 12 72
32 13 39
32 14 59
32 15 75
32 16 35
32 17 71
32 18 70
32 19 4
32 20 78
32 21 21
32 22 17
32 23 82
32 24 81
32 25 28
32 26 83
32 27 40
32 28 30
32 29 7
32 30 55
32 31 32
32 32 -1
32 33 58
32 34 61
32 35 69
32 36 50
32 37 32
32 38 62
32 39 64
32 40 47
32 41 74
32 42 27
32 43 52
32 44 77
32 45 55
32 46 49
32 47 20
32 48 56
32 49 69
32 50 54
32 51 48
32 52 8
32 53 42
32 54 67
32 55 38
32 56 73
32 57 57
32 58 68
32 59 45
32 60 40
32 61 75
32 62 42
32 63 50
32 64 61
32 65 36
32 66 46
32 67 7
32 68 68
32 69 31
32 70 11
32 71 24
32 72 49
32 73 61
32 74 53
32 75 74
32 76 34
32 77 47
32 78 41
33 1 32
33 2 17
33 3 56
33 4 8
33 5 54
33 6 28
33 7 7
33 8 27
33 9 54
33 10 45
33 11 18
33 12 31
33 13 18
33 14 22
33 15 20
33 16 40
33 17 19
33 18 14
33 19 59
33 20 22
33 21 52
33 22 53
33 23 25
33 24 25
33 25 34
33 26 27
33 27 51
33 28 34
33 29 52
33 30 46
33 31 32
33 32 58
33 33 -1
33 34 32
33 35 41
33 36 24
33 37 26
33 38 18
33 39 30
33 40 36
33 41 16
33 42 40
33 43 59
33 44 31
33 45 25
33 46 9
33 47 41
33 48 36
33 49 12
33 50 59
33 51 13
33 52 50
33 53 25
33 54 34
33 55 29
33 56 27
33 57 5
33 58 13
33 59 48
33 60 43
33 61 23
33 62 24
33 63 23
33 64 39
33 65 21
33 66 41
33 67 61
33 68 19
33 69 33
33 70 50
33 71 34
33 72 23
33 73 41
33 74 46
33 75 16
33 76 28
33 77 37
33 78 55
34 1 34
34 2 29
34 3 61
34 4 38
34 5 31
34 6 42
34 7 32
34 8 6
34 9 71
34 10 75
34 11 49
34 12 13
34 13 35
34 14 53
34 15 48
34 16 62
34 17 23
34 18 43
34 19 60
34 20 33
34 21 45
34 22 66
34 23 47
34 24 35
34 25 51
34 26 36
34 27 32
34 28 31
34 29 53
34 30 74
34 31 51
34 32 61
34 33 32
34 34 -1
34 35 72
34 36 12
34 37 43
34 38 50
34 39 62
34 40 15
34 41 39
34 42 34
34 43 34
34 44 20
34 45 55
34 46 33
34 47 54
34 48 65
34 49 32
34 50 34
34 51 24
34 52 53
34 53 20
34 54 65
34 55 51
34 56 17
34 57 37
34 58 44
34 59 26
34 60 67
34 61 52
34 62 20
34 63 51
34 64 69
34 65 37
34 66 67
34 67 67
34 68 19
34 69 29
34 70 50
34 71 40
34 72 14
34 73 9
34 74 20
34 75 41
34 76 28
34 77 16
34 78 36
35 1 66
35 2 53
35 3 66
35 4 36
35 5 88
35 6 55
35 7 40
35 8 68
35 9 48
35 10 12
35 11 23
35 12 71
35 13 43
35 14 18
35 15 34
35 16 35
35 17 57
35 18 35
35 19 72
35 20 55
35 21 76
35 22 55
35 23 44
35 24 57
35 25 42
35 26 59
35 27 83
35 28 62
35 29 67
35 30 19
35 31 38
35 32 69
35 33 41
35 34 72
35 35 -1
35 36 63
35 37 42
35 38 23
35 39 10
35 40 73
35 41 43
35 42 67
35 43 94
35 44 70
35 45 18
35 46 39
35 47 49
35 48 13
35 49 47
35 50 95
35 51 49
35 52 64
35 53 60
35 54 7
35 55 32
35 56 67
35 57 35
35 58 32
35 59 82
35 60 31
35 61 30
35 62 59
35 63 23
35 64 8
35 65 43
35 66 24
35 67 69
35 68 59
35 69 61
35 70 68
35 71 54
35 72 61
35 73 81
35 74 84
35 75 42
35 76 57
35 77 74
35 78 87
36 1 38
36 2 29
36 3 50
36 4 32
36 5 30
36 6 43
36 7 22
36 8 13
36 9 59
36 10 64
36 11 40
36 12 21
36 13 23
36 14 44
36 15 44
36 16 50
36 17 24
36 18 38
36 19 50
36 20 34
36 21 36
36 22 54
36 23 45
36 24 36
36 25 39
36 26 38
36 27 29
36 28 20
36 29 43
36 30 62
36 31 39
36 32 50
36 33 24
36 34 12
36 35 63
36 36 -1
36 37 31
36 38 41
36 39 53
36 40 12
36 41 36
36 42 24
36 43 34
36 44 27
36 45 45
36 46 23
36 47 42
36 48 55
36 49 29
36 50 35
36 51 13
36 52 42
36 53 8
36 54 56
36 55 39
36 56 22
36 57 29
36 58 38
36 59 24
36 60 55
36 61 47
36 62 8
36 63 41
36 64 59
36 65 25
36 66 56
36 67 56
36 68 20
36 69 19
36 70 40
36 71 28
36 72 2
36 73 17
36 74 21
36 75 37
36 76 16
36 77 13
36 78 33
37 1 58
37 2 44
37 3 30
37 4 32
37 5 48
37 6 55
37 7 19
37 8 42
37 9 29
37 10 38
37 11 25
37 12 49
37 13 8
37 14 28
37 15 42
37 16 19
37 17 43
37 18 37
37 19 34
37 20 48
37 21 33
37 22 27
37 23 50
37 24 51
37 25 8
37 26 53
37 27 42
37 28 20
37 29 28
37 30 35
37 31 8
37 32 32
37 33 26
37 34 43
37 35 42
37 36 31
37 37 -1
37 38 30
37 39 34
37 40 36
37 41 42
37 42 25
37 43 54
37 44 52
37 45 25
37 46 17
37 47 14
37 48 30
37 49 38
37 50 55
37 51 21
37 52 25
37 53 23
37 54 37
37 55 10
37 56 48
37 57 25
37 58 35
37 59 43
37 60 25
37 61 43
37 62 23
37 63 19
37 64 36
37 65 6
37 66 26
37 67 35
37 68 41
37 69 20
37 70 28
37 71 11
37 72 29
37 73 47
37 74 46
37 75 42
37 76 17
37 77 36
37 78 46
38 1 44
38 2 31
38 3 59
38 4 13
38 5 69
38 6 35
38 7 19
38 8 45
38 9 50
38 10 30
38 11 5
38 12 48
38 13 26
38 14 6
38 15 15
38 16 34
38 17 34
38 18 13
38 19 64
38 20 33
38 21 62
38 22 52
38 23 26
38 24 35
38 25 34
38 26 37
38 27 65
38 28 45
38 29 58
38 30 32
38 31 31
38 32 62
38 33 18
38 34 50
38 35 23
38 36 41
38 37 30
38 38 -1
38 39 13
38 40 53
38 41 21
38 42 51
38 43 74
38 44 47
38 45 11
38 46 19
38 47 43
38 48 21
38 49 24
38 50 76
38 51 28
38 52 55
38 53 40
38 54 16
38 55 25
38 56 43
38 57 12
38 58 10
38 59 63
38 60 35
38 61 14
38 62 39
38 63 13
38 64 23
38 65 28
38 66 30
38 67 64
38 68 35
38 69 44
38 70 58
38 71 41
38 72 40
38 73 58
38 74 63
38 75 20
38 76 40
38 77 53
38 78 69
39 1 57
39 2 44
39 3 61
39 4 26
39 5 79
39 6 46
39 7 30
39 8 58
39 9 46
39 10 17
39 11 12
39 12 61
39 13 34
39 14 8
39 15 25
39 16 31
39 17 48
39 18 26
39 19 67
39 20 46
39 21 68
39 22 51
39 23 36
39 24 48
39 25 36
39 26 50
39 27 74
39 28 53
39 29 61
39 30 21
39 31 32
39 32 64
39 33 30
39 34 62
39 35 10
39 36 53
39 37 34
39 38 13
39 39 -1
39 40 63
39 41 34
39 42 58
39 43 84
39 44 60
39 45 9
39 46 29
39 47 44
39 48 11
39 49 37
39 50 86
39 51 39
39 52 58
39 53 50
39 54 3
39 55 26
39 56 57
39 57 25
39 58 23
39 59 73
39 60 29
39 61 22
39 62 49
39 63 14
39 64 10
39 65 34
39 66 23
39 67 64
39 68 49
39 69 52
39 70 61
39 71 46
39 72 51
39 73 70
39 74 74
39 75 33
39 76 48
39 77 64
39 78 78
40 1 48
40 2 41
40 3 48
40 4 44
40 5 18
40 6 55
40 7 33
40 8 20
40 9 62
40 10 73
40 11 50
40 12 28
40 13 31
40 14 55
40 15 56
40 16 55
40 17 36
40 18 50
40 19 46
40 20 46
40 21 29
40 22 55
40 23 57
40 24 48
40 25 43
40 26 49
40 27 17
40 28 19
40 29 39
40 30 70
40 31 44
40 32 47
40 33 36
40 34 15
40 35 73
40 36 12
40 37 36
40 38 53
40 39 63
40 40 -1
40 41 49
40 42 20
40 43 22
40 44 36
40 45 55
40 46 34
40 47 44
40 48 64
40 49 41
40 50 23
40 51 24
40 52 39
40 53 13
40 54 67
40 55 46
40 56 31
40 57 40
40 58 50
40 59 12
40 60 61
40 61 59
40 62 14
40 63 50
40 64 69
40 65 31
40 66 63
40 67 54
40 68 32
40 69 18
40 70 36
40 71 30
40 72 13
40 73 13
40 74 10
40 75 50
40 76 18
40 77 1
40 78 21
41 1 23
41 2 12
41 3 72
41 4 10
41 5 67
41 6 13
41 7 23
41 8 34
41 9 68
41 10 51
41 11 26
41 12 33
41 13 34
41 14 27
41 15 10
41 16 53
41 17 17
41 18 8
41 19 75
41 20 12
41 21 68
41 22 68
41 23 9
41 24 14
41 25 49
41 26 16
41 27 65
41 28 49
41 29 68
41 30 53
41 31 46
41 32 74
41 33 16
41 34 39
41 35 43
41 36 36
41 37 42
41 38 21
41 39 34
41 40 49
41 41 -1
41 42 55
41 43 71
41 44 29
41 45 32
41 46 25
41 47 57
41 48 43
41 49 7
41 50 71
41 51 28
41 52 66
41 53 40
41 54 36
41 55 42
41 56 27
41 57 17
41 58 11
41 59 61
41 60 55
41 61 14
41 62 39
41 63 33
41 64 44
41 65 37
41 66 51
41 67 77
41 68 20
41 69 48
41 70 67
41 71 50
41 72 36
41 73 49
41 74 57
41 75 1
41 76 43
41 77 50
41 78 69
42 1 62
42 2 51
42 3 28
42 4 48
42 5 24
42 6 65
42 7 34
42 8 37
42 9 44
42 10 63
42 11 47
42 12 45
42 13 25
42 14 51
42 15 60
42 16 41
42 17 48
42 18 54
42 19 26
42 20 57
42 21 12
42 22 36
42 23 64
42 24 59
42 25 28
42 26 61
42 27 18
42 28 6
42 29 19
42 30 59
42 31 31
42 32 27
42 33 40
42 34 34
42 35 67
42 36 24
42 37 25
42 38 51
42 39 58
42 40 20
42 41 55
42 42 -1
42 43 30
42 44 52
42 45 49
42 46 33
42 47 26
42 48 55
42 49 49
42 50 32
42 51 27
42 52 19
42 53 17
42 54 62
42 55 35
42 56 47
42 57 42
42 58 53
42 59 20
42 60 47
42 61 62
42 62 17
42 63 43
42 64 61
42 65 23
42 66 50
42 67 33
42 68 44
42 69 7
42 70 16
42 71 14
42 72 23
42 73 33
42 74 27
42 75 56
42 76 12
42 77 19
42 78 21
43 1 68
43 2 62
43 3 54
43 4 67
43 5 5
43 6 76
43 7 55
43 8 40
43 9 74
43 10 92
43 11 72
43 12 46
43 13 50
43 14 76
43 15 78
43 16 71
43 17 57
43 18 72
43 19 49
43 20 67
43 21 31
43 22 65
43 23 79
43 24 69
43 25 58
43 26 70
43 27 12
43 28 33
43 29 45
43 30 89
43 31 61
43 32 52
43 33 59
43 34 34
43 35 94
43 36 34
43 37 54
43 38 74
43 39 84
43 40 22
43 41 71
43 42 30
43 43 -1
43 44 54
43 45 75
43 46 55
43 47 56
43 48 84
43 49 63
43 50 2
43 51 46
43 52 46
43 53 34
43 54 88
43 55 64
43 56 51
43 57 63
43 58 73
43 59 11
43 60 77
43 61 82
43 62 35
43 63 70
43 64 89
43 65 50
43 66 80
43 67 59
43 68 53
43 69 33
43 70 41
43 71 44
43 72 35
43 73 25
43 74 14
43 75 72
43 76 36
43 77 21
43 78 11
44 1 14
44 2 17
44 3 77
44 4 33
44 5 52
44 6 25
44 7 35
44 8 15
44 9 82
44 10 76
44 11 49
44 12 8
44 13 44
44 14 52
44 15 39
44 16 70
44 17 12
44 18 35
44 19 77
44 20 18
44 21 64
44 22 79
44 23 33
44 24 18
44 25 61
44 26 18
44 27 53
44 28 48
44 29 70
44 30 77
44 31 60
44 32 77
44 33 31
44 34 20
44 35 70
44 36 27
44 37 52
44 38 47
44 39 60
44 40 36
44 41 29
44 42 52
44 43 54
44 44 -1
44 45 56
44 46 37
44 47 66
44 48 67
44 49 23
44 50 54
44 51 31
44 52 69
44 53 36
44 54 63
44 55 58
44 56 5
44 57 36
44 58 38
44 59 47
44 60 74
44 61 43
44 62 35
44 63 54
44 64 69
44 65 46
44 66 72
44 67 83
44 68 12
44 69 46
44 70 67
44 71 54
44 72 29
44 73 29
44 74 40
44 75 30
44 76 43
44 77 37
44 78 56
45 1 54
45 2 41
45 3 52
45 4 23
45 5 70
45 6 46
45 7 23
45 8 52
45 9 39
45 10 20
45 11 7
45 12 56
45 13 25
45 14 5
45 15 27
45 16 24
45 17 44
45 18 25
45 19 58
45 20 43
45 21 58
45 22 43
45 23 37
45 24 46
45 25 27
45 26 48
45 27 65
45 28 43
45 29 52
45 30 21
45 31 23
45 32 55
45 33 25
45 34 55
45 35 18
45 36 45
45 37 25
45 38 11
45 39 9
45 40 55
45 41 32
45 42 49
45 43 75
45 44 56
45 45 -1
45 46 21
45 47 35
45 48 11
45 49 34
45 50 77
45 51 31
45 52 49
45 53 41
45 54 13
45 55 17
45 56 52
45 57 20
45 58 21
45 59 64
45 60 24
45 61 25
45 62 41
45 63 5
45 64 14
45 65 25
45 66 18
45 67 55
45 68 44
45 69 43
45 70 52
45 71 36
45 72 43
45 73 63
45 74 65
45 75 32
45 76 39
45 77 55
45 78 69
46 1 40
46 2 26
46 3 47
46 4 15
46 5 50
46 6 37
46 7 2
46 8 30
46 9 46
46 10 41
46 11 16
46 12 36
46 13 9
46 14 21
46 15 27
46 16 32
46 17 26
46 18 21
46 19 50
46 20 31
46 21 45
46 22 44
46 23 33
46 24 34
46 25 25
46 26 36
46 27 46
46 28 27
46 29 43
46 30 40
46 31 23
46 32 49
46 33 9
46 34 33
46 35 39
46 36 23
46 37 17
46 38 19
46 39 29
46 40 34
46 41 25
46 42 33
46 43 55
46 44 37
46 45 21
46 46 -1
46 47 32
46 48 32
46 49 21
46 50 56
46 51 10
46 52 41
46 53 21
46 54 33
46 55 20
46 56 33
46 57 9
46 58 20
46 59 44
46 60 36
46 61 29
46 62 20
46 63 18
46 64 36
46 65 12
46 66 35
46 67 52
46 68 25
46 69 26
46 70 42
46 71 25
46 72 22
46 73 41
46 74 44
46 75 25
46 76 21
46 77 34
46 78 50
47 1 72
47 2 58
47 3 17
47 4 46
47 5 51
47 6 70
47 7 34
47 8 54
47 9 18
47 10 42
47 11 37
47 12 62
47 13 23
47 14 39
47 15 56
47 16 16
47 17 58
47 18 51
47 19 23
47 20 63
47 21 29
47 22 12
47 23 65
47 24 66
47 25 8
47 26 68
47 27 44
47 28 25
47 29 18
47 30 36
47 31 12
47 32 20
47 33 41
47 34 54
47 35 49
47 36 42
47 37 14
47 38 43
47 39 44
47 40 44
47 41 57
47 42 26
47 43 56
47 44 66
47 45 35
47 46 32
47 47 -1
47 48 36
47 49 53
47 50 58
47 51 34
47 52 15
47 53 33
47 54 47
47 55 18
47 56 61
47 57 40
47 58 49
47 59 47
47 60 22
47 61 57
47 62 33
47 63 30
47 64 42
47 65 20
47 66 28
47 67 21
47 68 55
47 69 26
47 70 20
47 71 14
47 72 40
47 73 57
47 74 52
47 75 57
47 76 26
47 77 44
47 78 47
48 1 65
48 2 52
48 3 53
48 4 34
48 5 78
48 6 56
48 7 33
48 8 62
48 9 36
48 10 9
48 11 18
48 12 67
48 13 33
48 14 15
48 15 36
48 16 22
48 17 55
48 18 35
48 19 60
48 20 54
48 21 63
48 22 42
48 23 47
48 24 56
48 25 29
48 26 59
48 27 73
48 28 51
48 29 55
48 30 10
48 31 26
48 32 56
48 33 36
48 34 65
48 35 13
48 36 55
48 37 30
48 38 21
48 39 11
48 40 64
48 41 43
48 42 55
48 43 84
48 44 67
48 45 11
48 46 32
48 47 36
48 48 -1
48 49 45
48 50 85
48 51 42
48 52 51
48 53 50
48 54 12
48 55 20
48 56 63
48 57 31
48 58 32
48 59 72
48 60 18
48 61 33
48 62 50
48 63 14
48 64 5
48 65 33
48 66 12
48 67 56
48 68 55
48 69 50
48 70 56
48 71 42
48 72 53
48 73 73
48 74 75
48 75 42
48 76 47
48 77 65
48 78 76
49 1 20
49 2 7
49 3 68
49 4 11
49 5 59
49 6 16
49 7 19
49 8 26
49 9 66
49 10 54
49 11 27
49 12 26
49 13 30
49 14 30
49 15 16
49 16 52
49 17 11
49 18 12
49 19 70
49 20 10
49 21 62
49 22 65
49 23 16
49 24 13
49 25 46
49 26 15
49 27 58
49 28 43
49 29 63
49 30 55
49 31 44
49 32 69
49 33 12
49 34 32
49 35 47
49 36 29
49 37 38
49 38 24
49 39 37
49 40 41
49 41 7
49 42 49
49 43 63
49 44 23
49 45 34
49 46 21
49 47 53
49 48 45
49 49 -1
49 50 64
49 51 22
49 52 61
49 53 33
49 54 39
49 55 40
49 56 21
49 57 15
49 58 14
49 59 53
49 60 55
49 61 21
49 62 32
49 63 33
49 64 47
49 65 33
49 66 51
49 67 73
49 68 13
49 69 42
49 70 61
49 71 45
49 72 29
49 73 42
49 74 50
49 75 8
49 76 37
49 77 42
49 78 62
50 1 68
50 2 62
50 3 56
50 4 68
50 5 7
50 6 76
50 7 56
50 8 40
50 9 75
50 10 94
50 11 73
50 12 46
50 13 52
50 14 77
50 15 79
50 16 73
50 17 57
50 18 73
50 19 51
50 20 67
50 21 33
50 22 67
50 23 80
50 24 69
50 25 60
50 26 70
50 27 14
50 28 35
50 29 47
50 30 90
50 31 62
50 32 54
50 33 59
50 34 34
50 35 95
50 36 35
50 37 55
50 38 76
50 39 86
50 40 23
50 41 71
50 42 32
50 43 2
50 44 54
50 45 77
50 46 56
50 47 58
50 48 85
50 49 64
50 50 -1
50 51 47
50 52 48
50 53 35
50 54 89
50 55 66
50 56 51
50 57 64
50 58 73
50 59 12
50 60 79
50 61 82
50 62 36
50 63 72
50 64 90
50 65 52
50 66 82
50 67 61
50 68 53
50 69 35
50 70 43
50 71 46
50 72 36
50 73 25
50 74 14
50 75 73
50 76 38
50 77 22
50 78 13
51 1 38
51 2 25
51 3 47
51 4 21
51 5 41
51 6 38
51 7 9
51 8 22
51 9 50
51 10 51
51 11 26
51 12 28
51 13 12
51 14 31
51 15 33
51 16 39
51 17 23
51 18 27
51 19 49
51 20 30
51 21 40
51 22 47
51 23 37
51 24 33
51 25 29
51 26 35
51 27 38
51 28 21
51 29 41
51 30 50
51 31 28
51 32 48
51 33 13
51 34 24
51 35 49
51 36 13
51 37 21
51 38 28
51 39 39
51 40 24
51 41 28
51 42 27
51 43 46
51 44 31
51 45 31
51 46 10
51 47 34
51 48 42
51 49 22
51 50 47
51 51 -1
51 52 40
51 53 12
51 54 43
51 55 28
51 56 26
51 57 16
51 58 26
51 59 35
51 60 44
51 61 36
51 62 11
51 63 27
51 64 46
51 65 14
51 66 43
51 67 53
51 68 20
51 69 20
51 70 39
51 71 24
51 72 12
51 73 31
51 74 34
51 75 29
51 76 15
51 77 25
51 78 42
52 1 77
52 2 65
52 3 8
52 4 56
52 5 41
52 6 78
52 7 42
52 8 55
52 9 28
52 10 57
52 11 50
52 12 63
52 13 31
52 14 53
52 15 67
52 16 31
52 17 63
52 18 62
52 19 9
52 20 70
52 21 16
52 22 18
52 23 74
52 24 73
52 25 22
52 26 75
52 27 34
52 28 21
52 29 3
52 30 51
52 31 26
52 32 8
52 33 50
52 34 53
52 35 64
52 36 42
52 37 25
52 38 55
52 39 58
52 40 39
52 41 66
52 42 19
52 43 46
52 44 69
52 45 49
52 46 41
52 47 15
52 48 51
52 49 61
52 50 48
52 51 40
52 52 -1
52 53 33
52 54 61
52 55 32
52 56 64
52 57 49
52 58 60
52 59 39
52 60 37
52 61 68
52 62 34
52 63 44
52 64 57
52 65 28
52 66 43
52 67 14
52 68 60
52 69 23
52 70 5
52 71 16
52 72 40
52 73 53
52 74 46
52 75 66
52 76 26
52 77 39
52 78 36
53 1 45
53 2 34
53 3 41
53 4 33
53 5 29
53 6 48
53 7 21
53 8 21
53 9 51
53 10 59
53 11 37
53 12 30
53 13 17
53 14 42
53 15 45
53 16 42
53 17 31
53 18 39
53 19 41
53 20 40
53 21 29
53 22 45
53 23 49
53 24 42
53 25 31
53 26 44
53 27 25
53 28 12
53 29 34
53 30 57
53 31 31
53 32 42
53 33 25
53 34 20
53 35 60
53 36 8
53 37 23
53 38 40
53 39 50
53 40 13
53 41 40
53 42 17
53 43 34
53 44 36
53 45 41
53 46 21
53 47 33
53 48 50
53 49 33
53 50 35
53 51 12
53 52 33
53 53 -1
53 54 53
53 55 33
53 56 31
53 57 28
53 58 39
53 59 23
53 60 48
53 61 48
53 62 1
53 63 36
53 64 55
53 65 18
53 66 49
53 67 47
53 68 27
53 69 10
53 70 31
53 71 19
53 72 7
53 73 24
53 74 24
53 75 41
53 76 7
53 77 14
53 78 30
54 1 59
54 2 46
54 3 64
54 4 29
54 5 83
54 6 48
54 7 34
54 8 61
54 9 48
54 10 17
54 11 16
54 12 64
54 13 37
54 14 12
54 15 27
54 16 33
54 17 50
54 18 28
54 19 70
54 20 48
54 21 71
54 22 53
54 23 37
54 24 50
54 25 39
54 26 52
54 27 78
54 28 56
54 29 64
54 30 21
54 31 35
54 32 67
54 33 34
54 34 65
54 35 7
54 36 56
54 37 37
54 38 16
54 39 3
54 40 67
54 41 36
54 42 62
54 43 88
54 44 63
54 45 13
54 46 33
54 47 47
54 48 12
54 49 39
54 50 89
54 51 43
54 52 61
54 53 53
54 54 -1
54 55 29
54 56 60
54 57 28
54 58 25
54 59 77
54 60 31
54 61 23
54 62 53
54 63 18
54 64 10
54 65 38
54 66 24
54 67 67
54 68 51
54 69 56
54 70 65
54 71 49
54 72 55
54 73 74
54 74 77
54 75 35
54 76 52
54 77 67
54 78 82
55 1 61
55 2 46
55 3 35
55 4 31
55 5 58
55 6 56
55 7 23
55 8 50
55 9 26
55 10 28
55 11 19
55 12 56
55 13 16
55 14 21
55 15 40
55 16 11
55 17 47
55 18 36
55 19 41
55 20 51
55 21 43
55 22 27
55 23 49
55 24 53
55 25 10
55 26 56
55 27 53
55 28 31
55 29 35
55 30 24
55 31 6
55 32 38
55 33 29
55 34 51
55 35 32
55 36 39
55 37 10
55 38 25
55 39 26
55 40 46
55 41 42
55 42 35
55 43 64
55 44 58
55 45 17
55 46 20
55 47 18
55 48 20
55 49 40
55 50 66
55 51 28
55 52 32
55 53 33
55 54 29
55 55 -1
55 56 53
55 57 25
55 58 33
55 59 53
55 60 16
55 61 39
55 62 32
55 63 12
55 64 25
55 65 14
55 66 16
55 67 39
55 68 46
55 69 31
55 70 36
55 71 21
55 72 37
55 73 57
55 74 56
55 75 42
55 76 28
55 77 46
55 78 56
56 1 17
56 2 15
56 3 72
56 4 31
56 5 48
56 6 26
56 7 31
56 8 11
56 9 77
56 10 72
56 11 45
56 12 5
56 13 39
56 14 49
56 15 37
56 16 65
56 17 10
56 18 33
56 19 72
56 20 18
56 21 59
56 22 74
56 23 33
56 24 19
56 25 56
56 26 19
56 27 49
56 28 43
56 29 65
56 30 73
56 31 55
56 32 73
56 33 27
56 34 17
56 35 67
56 36 22
56 37 48
56 38 43
56 39 57
56 40 31
56 41 27
56 42 47
56 43 51
56 44 5
56 45 52
56 46 33
56 47 61
56 48 63
56 49 21
56 50 51
56 51 26
56 52 64
56 53 31
56 54 60
56 55 53
56 56 -1
56 57 32
56 58 35
56 59 43
56 60 69
56 61 42
56 62 30
56 63 50
56 64 66
56 65 41
56 66 68
56 67 78
56 68 8
56 69 41
56 70 62
56 71 49
56 72 24
56 73 26
56 74 37
56 75 29
56 76 38
56 77 32
56 78 52
57 1 36
57 2 21
57 3 55
57 4 6
57 5 58
57 6 30
57 7 8
57 8 33
57 9 52
57 10 40
57 11 13
57 12 36
57 13 18
57 14 17
57 15 18
57 16 37
57 17 24
57 18 12
57 19 59
57 20 25
57 21 54
57 22 51
57 23 25
57 24 28
57 25 32
57 26 30
57 27 54
57 28 36
57 29 52
57 30 41
57 31 29
57 32 57
57 33 5
57 34 37
57 35 35
57 36 29
57 37 25
57 38 12
57 39 25
57 40 40
57 41 17
57 42 42
57 43 63
57 44 36
57 45 20
57 46 9
57 47 40
57 48 31
57 49 15
57 50 64
57 51 16
57 52 49
57 53 28
57 54 28
57 55 25
57 56 32
57 57 -1
57 58 11
57 59 51
57 60 39
57 61 20
57 62 27
57 63 18
57 64 33
57 65 21
57 66 36
57 67 60
57 68 24
57 69 35
57 70 51
57 71 34
57 72 28
57 73 46
57 74 51
57 75 17
57 76 30
57 77 41
57 78 58
58 1 34
58 2 21
58 3 65
58 4 5
58 5 68
58 6 24
58 7 19
58 8 39
58 9 59
58 10 40
58 11 15
58 12 40
58 13 29
58 14 16
58 15 7
58 16 43
58 17 26
58 18 3
58 19 69
58 20 23
58 21 65
58 22 60
58 23 16
58 24 25
58 25 41
58 26 27
58 27 65
58 28 47
58 29 63
58 30 42
58 31 38
58 32 68
58 33 13
58 34 44
58 35 32
58 36 38
58 37 35
58 38 10
58 39 23
58 40 50
58 41 11
58 42 53
58 43 73
58 44 38
58 45 21
58 46 20
58 47 49
58 48 32
58 49 14
58 50 73
58 51 26
58 52 60
58 53 39
58 54 25
58 55 33
58 56 35
58 57 11
58 58 -1
58 59 62
58 60 45
58 61 9
58 62 38
58 63 22
58 64 33
58 65 31
58 66 40
58 67 70
58 68 27
58 69 46
58 70 62
58 71 44
58 72 37
58 73 54
58 74 60
58 75 10
58 76 41
58 77 51
58 78 69
59 1 60
59 2 53
59 3 47
59 4 56
59 5 6
59 6 67
59 7 44
59 8 31
59 9 64
59 10 81
59 11 61
59 12 39
59 13 39
59 14 65
59 15 68
59 16 60
59 17 48
59 18 61
59 19 42
59 20 58
59 21 25
59 22 56
59 23 69
59 24 60
59 25 48
59 26 61
59 27 7
59 28 22
59 29 38
59 30 78
59 31 50
59 32 45
59 33 48
59 34 26
59 35 82
59 36 24
59 37 43
59 38 63
59 39 73
59 40 12
59 41 61
59 42 20
59 43 11
59 44 47
59 45 64
59 46 44
59 47 47
59 48 72
59 49 53
59 50 12
59 51 35
59 52 39
59 53 23
59 54 77
59 55 53
59 56 43
59 57 51
59 58 62
59 59 -1
59 60 67
59 61 71
59 62 24
59 63 59
59 64 77
59 65 39
59 66 69
59 67 52
59 68 44
59 69 22
59 70 34
59 71 34
59 72 24
59 73 20
59 74 8
59 75 62
59 76 25
59 77 11
59 78 9
60 1 75
60 2 61
60 3 37
60 4 45
60 5 71
60 6 69
60 7 38
60 8 66
60 9 17
60 10 21
60 11 30
60 12 72
60 13 32
60 14 29
60 15 51
60 16 6
60 17 63
60 18 48
60 19 44
60 20 65
60 21 52
60 22 24
60 23 61
60 24 68
60 25 18
60 26 70
60 27 65
60 28 44
60 29 40
60 30 14
60 31 17
60 32 40
60 33 43
60 34 67
60 35 31
60 36 55
60 37 25
60 38 35
60 39 29
60 40 61
60 41 55
60 42 47
60 43 77
60 44 74
60 45 24
60 46 36
60 47 22
60 48 18
60 49 55
60 50 79
60 51 44
60 52 37
60 53 48
60 54 31
60 55 16
60 56 69
60 57 39
60 58 45
60 59 67
60 60 -1
60 61 49
60 62 48
60 63 22
60 64 23
60 65 30
60 66 7
60 67 38
60 68 62
60 69 44
60 70 43
60 71 33
60 72 53
60 73 72
60 74 71
60 75 55
60 76 42
60 77 61
60 78 68
61 1 36
61 2 26
61 3 73
61 4 14
61 5 77
61 6 25
61 7 28
61 8 47
61 9 65
61 10 40
61 11 20
61 12 47
61 13 38
61 14 19
61 15 4
61 16 49
61 17 32
61 18 9
61 19 78
61 20 26
61 21 74
61 22 67
61 23 14
61 24 27
61 25 48
61 26 29
61 27 74
61 28 56
61 29 71
61 30 44
61 31 45
61 32 75
61 33 23
61 34 52
61 35 30
61 36 47
61 37 43
61 38 14
61 39 22
61 40 59
61 41 14
61 42 62
61 43 82
61 44 43
61 45 25
61 46 29
61 47 57
61 48 33
61 49 21
61 50 82
61 51 36
61 52 68
61 53 48
61 54 23
61 55 39
61 56 42
61 57 20
61 58 9
61 59 71
61 60 49
61 61 -1
61 62 47
61 63 28
61 64 33
61 65 40
61 66 44
61 67 78
61 68 34
61 69 55
61 70 70
61 71 53
61 72 46
61 73 62
61 74 69
61 75 13
61 76 50
61 77 60
61 78 78
62 1 44
62 2 33
62 3 42
62 4 32
62 5 30
62 6 47
62 7 20
62 8 21
62 9 51
62 10 59
62 11 37
62 12 29
62 13 17
62 14 41
62 15 44
62 16 42
62 17 30
62 18 38
62 19 42
62 20 39
62 21 30
62 22 45
62 23 48
62 24 41
62 25 31
62 26 43
62 27 26
62 28 12
62 29 35
62 30 56
62 31 31
62 32 42
62 33 24
62 34 20
62 35 59
62 36 8
62 37 23
62 38 39
62 39 49
62 40 14
62 41 39
62 42 17
62 43 35
62 44 35
62 45 41
62 46 20
62 47 33
62 48 50
62 49 32
62 50 36
62 51 11
62 52 34
62 53 1
62 54 53
62 55 32
62 56 30
62 57 27
62 58 38
62 59 24
62 60 48
62 61 47
62 62 -1
62 63 36
62 64 54
62 65 18
62 66 49
62 67 48
62 68 26
62 69 11
62 70 32
62 71 20
62 72 6
62 73 24
62 74 24
62 75 40
62 76 8
62 77 14
62 78 31
63 1 54
63 2 40
63 3 47
63 4 22
63 5 65
63 6 47
63 7 19
63 8 48
63 9 37
63 10 23
63 11 7
63 12 53
63 13 19
63 14 9
63 15 29
63 16 21
63 17 42
63 18 25
63 19 53
63 20 43
63 21 53
63 22 39
63 23 39
63 24 45
63 25 22
63 26 48
63 27 60
63 28 38
63 29 47
63 30 23
63 31 18
63 32 50
63 33 23
63 34 51
63 35 23
63 36 41
63 37 19
63 38 13
63 39 14
63 40 50
63 41 33
63 42 43
63 43 70
63 44 54
63 45 5
63 46 18
63 47 30
63 48 14
63 49 33
63 50 72
63 51 27
63 52 44
63 53 36
63 54 18
63 55 12
63 56 50
63 57 18
63 58 22
63 59 59
63 60 22
63 61 28
63 62 36
63 63 -1
63 64 18
63 65 20
63 66 18
63 67 51
63 68 42
63 69 38
63 70 47
63 71 31
63 72 39
63 73 59
63 74 61
63 75 32
63 76 34
63 77 51
63 78 64
64 1 67
64 2 54
64 3 58
64 4 36
64 5 83
64 6 57
64 7 37
64 8 66
64 9 40
64 10 7
64 11 20
64 12 70
64 13 38
64 14 17
64 15 36
64 16 27
64 17 57
64 18 36
64 19 65
64 20 56
64 21 69
64 22 47
64 23 47
64 24 58
64 25 35
64 26 60
64 27 78
64 28 56
64 29 60
64 30 12
64 31 31
64 32 61
64 33 39
64 34 69
64 35 8
64 36 59
64 37 36
64 38 23
64 39 10
64 40 69
64 41 44
64 42 61
64 43 89
64 44 69
64 45 14
64 46 36
64 47 42
64 48 5
64 49 47
64 50 90
64 51 46
64 52 57
64 53 55
64 54 10
64 55 25
64 56 66
64 57 33
64 58 33
64 59 77
64 60 23
64 61 33
64 62 54
64 63 18
64 64 -1
64 65 38
64 66 16
64 67 61
64 68 58
64 69 56
64 70 61
64 71 47
64 72 57
64 73 77
64 74 79
64 75 43
64 76 52
64 77 69
64 78 81
65 1 52
65 2 38
65 3 34
65 4 27
65 5 45
65 6 50
65 7 14
65 8 36
65 9 36
65 10 42
65 11 23
65 12 43
65 13 2
65 14 27
65 15 39
65 16 25
65 17 37
65 18 33
65 19 38
65 20 43
65 21 34
65 22 33
65 23 46
65 24 45
65 25 14
65 26 48
65 27 40
65 28 18
65 29 31
65 30 38
65 31 14
65 32 36
65 33 21
65 34 37
65 35 43
65 36 25
65 37 6
65 38 28
65 39 34
65 40 31
65 41 37
65 42 23
65 43 50
65 44 46
65 45 25
65 46 12
65 47 20
65 48 33
65 49 33
65 50 52
65 51 14
65 52 28
65 53 18
65 54 38
65 55 14
65 56 41
65 57 21
65 58 31
65 59 39
65 60 30
65 61 40
65 62 18
65 63 20
65 64 38
65 65 -1
65 66 31
65 67 40
65 68 35
65 69 18
65 70 30
65 71 13
65 72 23
65 73 42
65 74 42
65 75 38
65 76 14
65 77 32
65 78 43
66 1 72
66 2 58
66 3 43
66 4 41
66 5 75
66 6 65
66 7 37
66 8 65
66 9 24
66 10 14
66 11 25
66 12 71
66 13 32
66 14 24
66 15 46
66 16 11
66 17 60
66 18 43
66 19 50
66 20 61
66 21 57
66 22 31
66 23 56
66 24 64
66 25 22
66 26 66
66 27 68
66 28 47
66 29 46
66 30 8
66 31 19
66 32 46
66 33 41
66 34 67
66 35 24
66 36 56
66 37 26
66 38 30
66 39 23
66 40 63
66 41 51
66 42 50
66 43 80
66 44 72
66 45 18
66 46 35
66 47 28
66 48 12
66 49 51
66 50 82
66 51 43
66 52 43
66 53 49
66 54 24
66 55 16
66 56 68
66 57 36
66 58 40
66 59 69
66 60 7
66 61 44
66 62 49
66 63 18
66 64 16
66 65 31
66 66 -1
66 67 45
66 68 60
66 69 47
66 70 48
66 71 36
66 72 54
66 73 73
66 74 73
66 75 50
66 76 44
66 77 63
66 78 72
67 1 91
67 2 77
67 3 5
67 4 67
67 5 54
67 6 90
67 7 54
67 8 69
67 9 23
67 10 59
67 11 58
67 12 77
67 13 43
67 14 60
67 15 77
67 16 34
67 17 76
67 18 72
67 19 10
67 20 83
67 21 28
67 22 14
67 23 85
67 24 85
67 25 29
67 26 87
67 27 47
67 28 36
67 29 14
67 30 53
67 31 33
67 32 7
67 33 61
67 34 67
67 35 69
67 36 56
67 37 35
67 38 64
67 39 64
67 40 54
67 41 77
67 42 33
67 43 59
67 44 83
67 45 55
67 46 52
67 47 21
67 48 56
67 49 73
67 50 61
67 51 53
67 52 14
67 53 47
67 54 67
67 55 39
67 56 78
67 57 60
67 58 70
67 59 52
67 60 38
67 61 78
67 62 48
67 63 51
67 64 61
67 65 40
67 66 45
67 67 -1
67 68 73
67 69 37
67 70 18
67 71 29
67 72 54
67 73 67
67 74 60
67 75 78
67 76 40
67 77 53
67 78 48
68 1 18
68 2 9
68 3 67
68 4 22
68 5 50
68 6 23
68 7 23
68 8 13
68 9 71
68 10 64
68 11 37
68 12 13
68 13 32
68 14 41
68 15 30
68 16 58
68 17 4
68 18 25
68 19 68
68 20 14
68 21 57
68 22 68
68 23 27
68 24 16
68 25 50
68 26 17
68 27 49
68 28 39
68 29 61
68 30 65
68 31 48
68 32 68
68 33 19
68 34 19
68 35 59
68 36 20
68 37 41
68 38 35
68 39 49
68 40 32
68 41 20
68 42 44
68 43 53
68 44 12
68 45 44
68 46 25
68 47 55
68 48 55
68 49 13
68 50 53
68 51 20
68 52 60
68 53 27
68 54 51
68 55 46
68 56 8
68 57 24
68 58 27
68 59 44
68 60 62
68 61 34
68 62 26
68 63 42
68 64 58
68 65 35
68 66 60
68 67 73
68 68 -1
68 69 38
68 70 59
68 71 44
68 72 21
68 73 29
68 74 39
68 75 22
68 76 34
68 77 33
68 78 53
69 1 56
69 2 44
69 3 31
69 4 41
69 5 27
69 6 58
69 7 27
69 8 32
69 9 44
69 10 59
69 11 41
69 12 40
69 13 18
69 14 45
69 15 53
69 16 38
69 17 41
69 18 47
69 19 31
69 20 50
69 21 19
69 22 37
69 23 57
69 24 52
69 25 26
69 26 54
69 27 22
69 28 1
69 29 24
69 30 55
69 31 27
69 32 31
69 33 33
69 34 29
69 35 61
69 36 19
69 37 20
69 38 44
69 39 52
69 40 18
69 41 48
69 42 7
69 43 33
69 44 46
69 45 43
69 46 26
69 47 26
69 48 50
69 49 42
69 50 35
69 51 20
69 52 23
69 53 10
69 54 56
69 55 31
69 56 41
69 57 35
69 58 46
69 59 22
69 60 44
69 61 55
69 62 11
69 63 38
69 64 56
69 65 18
69 66 47
69 67 37
69 68 38
69 69 -1
69 70 21
69 71 12
69 72 17
69 73 31
69 74 26
69 75 49
69 76 5
69 77 18
69 78 25
70 1 77
70 2 65
70 3 13
70 4 57
70 5 36
70 6 78
70 7 43
70 8 53
70 9 34
70 10 62
70 11 53
70 12 61
70 13 32
70 14 56
70 15 69
70 16 36
70 17 62
70 18 63
70 19 10
70 20 70
70 21 10
70 22 24
70 23 75
70 24 73
70 25 26
70 26 74
70 27 29
70 28 19
70 29 4
70 30 56
70 31 30
70 32 11
70 33 50
70 34 50
70 35 68
70 36 40
70 37 28
70 38 58
70 39 61
70 40 36
70 41 67
70 42 16
70 43 41
70 44 67
70 45 52
70 46 42
70 47 20
70 48 56
70 49 61
70 50 43
70 51 39
70 52 5
70 53 31
70 54 65
70 55 36
70 56 62
70 57 51
70 58 62
70 59 34
70 60 43
70 61 70
70 62 32
70 63 47
70 64 61
70 65 30
70 66 48
70 67 18
70 68 59
70 69 21
70 70 -1
70 71 17
70 72 38
70 73 49
70 74 41
70 75 67
70 76 25
70 77 35
70 78 30
71 1 62
71 2 49
71 3 23
71 4 40
71 5 38
71 6 61
71 7 26
71 8 41
71 9 32
71 10 49
71 11 36
71 12 49
71 13 15
71 14 39
71 15 52
71 16 26
71 17 47
71 18 46
71 19 25
71 20 54
71 21 22
71 22 25
71 23 58
71 24 57
71 25 14
71 26 59
71 27 32
71 28 11
71 29 18
71 30 45
71 31 16
71 32 24
71 33 34
71 34 40
71 35 54
71 36 28
71 37 11
71 38 41
71 39 46
71 40 30
71 41 50
71 42 14
71 43 44
71 44 54
71 45 36
71 46 25
71 47 14
71 48 42
71 49 45
71 50 46
71 51 24
71 52 16
71 53 19
71 54 49
71 55 21
71 56 49
71 57 34
71 58 44
71 59 34
71 60 33
71 61 53
71 62 20
71 63 31
71 64 47
71 65 13
71 66 36
71 67 29
71 68 44
71 69 12
71 70 17
71 71 -1
71 72 26
71 73 43
71 74 39
71 75 50
71 76 12
71 77 30
71 78 35
72 1 39
72 2 29
72 3 49
72 4 31
72 5 31
72 6 43
72 7 21
72 8 14
72 9 57
72 10 63
72 11 38
72 12 23
72 13 21
72 14 43
72 15 43
72 16 48
72 17 25
72 18 37
72 19 48
72 20 34
72 21 35
72 22 52
72 23 45
72 24 37
72 25 37
72 26 38
72 27 29
72 28 19
72 29 41
72 30 61
72 31 37
72 32 49
72 33 23
72 34 14
72 35 61
72 36 2
72 37 29
72 38 40
72 39 51
72 40 13
72 41 36
72 42 23
72 43 35
72 44 29
72 45 43
72 46 22
72 47 40
72 48 53
72 49 29
72 50 36
72 51 12
72 52 40
72 53 7
72 54 55
72 55 37
72 56 24
72 57 28
72 58 37
72 59 24
72 60 53
72 61 46
72 62 6
72 63 39
72 64 57
72 65 23
72 66 54
72 67 54
72 68 21
72 69 17
72 70 38
72 71 26
72 72 -1
72 73 19
72 74 23
72 75 37
72 76 14
72 77 13
72 78 33
73 1 43
73 2 39
73 3 61
73 4 48
73 5 24
73 6 52
73 7 40
73 8 15
73 9 75
73 10 82
73 11 58
73 12 21
73 13 41
73 14 62
73 15 58
73 16 67
73 17 33
73 18 53
73 19 59
73 20 43
73 21 42
73 22 68
73 23 57
73 24 44
73 25 55
73 26 45
73 27 27
73 28 32
73 29 53
73 30 80
73 31 55
73 32 61
73 33 41
73 34 9
73 35 81
73 36 17
73 37 47
73 38 58
73 39 70
73 40 13
73 41 49
73 42 33
73 43 25
73 44 29
73 45 63
73 46 41
73 47 57
73 48 73
73 49 42
73 50 25
73 51 31
73 52 53
73 53 24
73 54 74
73 55 57
73 56 26
73 57 46
73 58 54
73 59 20
73 60 72
73 61 62
73 62 24
73 63 59
73 64 77
73 65 42
73 66 73
73 67 67
73 68 29
73 69 31
73 70 49
73 71 43
73 72 19
73 73 -1
73 74 12
73 75 51
73 76 31
73 77 13
73 78 29
74 1 54
74 2 48
74 3 54
74 4 54
74 5 12
74 6 62
74 7 44
74 8 26
74 9 70
74 10 84
74 11 61
74 12 32
74 13 41
74 14 65
74 15 65
74 16 65
74 17 43
74 18 59
74 19 50
74 20 53
74 21 33
74 22 63
74 23 66
74 24 55
74 25 52
74 26 56
74 27 15
74 28 27
74 29 45
74 30 81
74 31 54
74 32 53
74 33 46
74 34 20
74 35 84
74 36 21
74 37 46
74 38 63
74 39 74
74 40 10
74 41 57
74 42 27
74 43 14
74 44 40
74 45 65
74 46 44
74 47 52
74 48 75
74 49 50
74 50 14
74 51 34
74 52 46
74 53 24
74 54 77
74 55 56
74 56 37
74 57 51
74 58 60
74 59 8
74 60 71
74 61 69
74 62 24
74 63 61
74 64 79
74 65 42
74 66 73
74 67 60
74 68 39
74 69 26
74 70 41
74 71 39
74 72 23
74 73 12
74 74 -1
74 75 59
74 76 28
74 77 10
74 78 17
75 1 24
75 2 13
75 3 72
75 4 10
75 5 68
75 6 14
75 7 23
75 8 35
75 9 68
75 10 50
75 11 25
75 12 34
75 13 35
75 14 27
75 15 8
75 16 53
75 17 19
75 18 7
75 19 76
75 20 13
75 21 69
75 22 68
75 23 8
75 24 15
75 25 49
75 26 17
75 27 66
75 28 50
75 29 69
75 30 53
75 31 46
75 32 74
75 33 16
75 34 41
75 35 42
75 36 37
75 37 42
75 38 20
75 39 33
75 40 50
75 41 1
75 42 56
75 43 72
75 44 30
75 45 32
75 46 25
75 47 57
75 48 42
75 49 8
75 50 73
75 51 29
75 52 66
75 53 41
75 54 35
75 55 42
75 56 29
75 57 17
75 58 10
75 59 62
75 60 55
75 61 13
75 62 40
75 63 32
75 64 43
75 65 38
75 66 50
75 67 78
75 68 22
75 69 49
75 70 67
75 71 50
75 72 37
75 73 51
75 74 59
75 75 -1
75 76 44
75 77 51
75 78 70
76 1 52
76 2 40
76 3 34
76 4 36
76 5 31
76 6 53
76 7 22
76 8 29
76 9 44
76 10 56
76 11 36
76 12 37
76 13 14
76 14 40
76 15 48
76 16 36
76 17 37
76 18 42
76 19 34
76 20 45
76 21 24
76 22 38
76 23 52
76 24 48
76 25 24
76 26 50
76 27 26
76 28 6
76 29 27
76 30 52
76 31 25
76 32 34
76 33 28
76 34 28
76 35 57
76 36 16
76 37 17
76 38 40
76 39 48
76 40 18
76 41 43
76 42 12
76 43 36
76 44 43
76 45 39
76 46 21
76 47 26
76 48 47
76 49 37
76 50 38
76 51 15
76 52 26
76 53 7
76 54 52
76 55 28
76 56 38
76 57 30
76 58 41
76 59 25
76 60 42
76 61 50
76 62 8
76 63 34
76 64 52
76 65 14
76 66 44
76 67 40
76 68 34
76 69 5
76 70 25
76 71 12
76 72 14
76 73 31
76 74 28
76 75 44
76 76 -1
76 77 18
76 78 30
77 1 49
77 2 42
77 3 48
77 4 45
77 5 17
77 6 56
77 7 34
77 8 21
77 9 62
77 10 74
77 11 51
77 12 29
77 13 31
77 14 55
77 15 57
77 16 55
77 17 37
77 18 51
77 19 45
77 20 47
77 21 29
77 22 55
77 23 58
77 24 49
77 25 43
77 26 50
77 27 16
77 28 19
77 29 39
77 30 71
77 31 44
77 32 47
77 33 37
77 34 16
77 35 74
77 36 13
77 37 36
77 38 53
77 39 64
77 40 1
77 41 50
77 42 19
77 43 21
77 44 37
77 45 55
77 46 34
77 47 44
77 48 65
77 49 42
77 50 22
77 51 25
77 52 39
77 53 14
77 54 67
77 55 46
77 56 32
77 57 41
77 58 51
77 59 11
77 60 61
77 61 60
77 62 14
77 63 51
77 64 69
77 65 32
77 66 63
77 67 53
77 68 33
77 69 18
77 70 35
77 71 30
77 72 13
77 73 13
77 74 10
77 75 51
77 76 18
77 77 -1
77 78 20
78 1 69
78 2 62
78 3 43
78 4 63
78 5 6
78 6 76
78 7 50
78 8 41
78 9 63
78 10 84
78 11 66
78 12 49
78 13 44
78 14 70
78 15 75
78 16 62
78 17 57
78 18 69
78 19 38
78 20 67
78 21 20
78 22 54
78 23 78
78 24 69
78 25 49
78 26 70
78 27 4
78 28 25
78 29 34
78 30 80
78 31 52
78 32 41
78 33 55
78 34 36
78 35 87
78 36 33
78 37 46
78 38 69
78 39 78
78 40 21
78 41 69
78 42 21
78 43 11
78 44 56
78 45 69
78 46 50
78 47 47
78 48 76
78 49 62
78 50 13
78 51 42
78 52 36
78 53 30
78 54 82
78 55 56
78 56 52
78 57 58
78 58 69
78 59 9
78 60 68
78 61 78
78 62 31
78 63 64
78 64 81
78 65 43
78 66 72
78 67 48
78 68 53
78 69 25
78 70 30
78 71 35
78 72 33
78 73 29
78 74 17
78 75 70
78 76 30
78 77 20
78 78 -1
