40 36
40 72
40 73
40 74
40 77
40 53
40 59
40 62
15 4
15 41
15 75
15 18
15 23
15 58
15 61
2 1
2 68
2 6
2 41
2 75
2 17
2 49
2 20
2 24
2 26
38 4
38 39
38 11
38 45
38 14
38 18
38 57
38 58
38 61
38 63
74 5
74 40
74 73
74 43
74 77
74 50
74 59
25 65
25 37
25 71
25 47
25 16
25 55
25 31
10 64
10 66
10 35
10 48
10 30
37 65
37 71
37 13
37 47
37 55
37 25
37 31
59 5
59 40
59 74
59 43
59 77
59 78
59 50
59 27
11 38
11 39
11 45
11 14
11 57
11 63
23 6
23 41
23 75
23 15
23 18
23 61
12 34
12 68
12 8
12 44
12 56
24 1
24 2
24 6
24 41
24 17
24 49
24 20
24 26
63 38
63 39
63 11
63 45
63 14
63 48
63 55
31 65
31 37
31 47
31 16
31 55
31 25
7 33
7 65
7 4
7 13
7 46
7 51
7 57
28 69
28 71
28 42
28 76
28 53
28 62
41 2
41 4
41 6
41 75
41 15
41 49
41 18
41 20
41 23
41 24
41 58
41 61
73 40
73 34
73 77
73 74
19 32
19 67
19 3
19 70
19 52
19 29
57 33
57 4
57 38
57 7
57 11
57 46
57 18
57 58
8 34
8 36
8 68
8 72
8 12
8 56
67 32
67 3
67 19
67 52
67 22
67 29
36 34
36 8
36 40
36 72
36 77
36 51
36 53
36 62
47 37
47 71
47 22
47 25
47 31
61 4
61 38
61 41
61 75
61 15
61 18
61 23
61 58
34 36
34 8
34 73
34 72
34 12
6 1
6 2
6 41
6 75
6 20
6 23
6 24
6 26
3 32
3 67
3 70
3 19
3 52
3 22
3 29
26 1
26 2
26 6
26 17
26 20
26 24
44 1
44 68
44 12
44 17
44 56
46 33
46 65
46 7
46 13
46 51
46 57
68 2
68 8
68 12
68 44
68 17
68 49
68 20
68 56
32 67
32 3
32 70
32 19
32 52
32 29
21 42
21 29
21 70
42 69
42 71
42 76
42 21
42 28
66 10
66 16
66 48
66 60
66 30
33 4
33 7
33 46
33 49
33 18
33 51
33 57
33 58
52 32
52 67
52 3
52 70
52 19
52 29
