1 1 -1
1 2 34
1 3 35
1 4 47
1 5 12
1 6 21
1 7 11
1 8 24
1 9 27
1 10 39
1 11 46
1 12 33
1 13 46
1 14 27
1 15 21
1 16 24
1 17 6
1 18 38
1 19 46
1 20 18
1 21 36
1 22 20
1 23 56
1 24 25
1 25 34
1 26 9
1 27 5
1 28 25
1 29 42
1 30 20
1 31 56
1 32 41
1 33 58
1 34 19
1 35 54
1 36 50
1 37 32
1 38 39
1 39 36
1 40 37
1 41 47
1 42 23
1 43 39
1 44 15
1 45 36
1 46 36
1 47 42
1 48 32
1 49 8
1 50 31
1 51 30
1 52 12
1 53 18
1 54 16
1 55 32
1 56 28
2 1 34
2 2 -1
2 3 18
2 4 17
2 5 41
2 6 35
2 7 23
2 8 29
2 9 51
2 10 23
2 11 29
2 12 20
2 13 12
2 14 8
2 15 47
2 16 10
2 17 30
2 18 26
2 19 44
2 20 25
2 21 47
2 22 41
2 23 43
2 24 16
2 25 59
2 26 34
2 27 33
2 28 53
2 29 36
2 30 14
2 31 54
2 32 16
2 33 46
2 34 21
2 35 27
2 36 52
2 37 56
2 38 15
2 39 50
2 40 52
2 41 53
2 42 15
2 43 26
2 44 28
2 45 22
2 46 30
2 47 35
2 48 9
2 49 31
2 50 45
2 51 33
2 52 30
2 53 16
2 54 23
2 55 8
2 56 46
3 1 35
3 2 18
3 3 -1
3 4 14
3 5 35
3 6 24
3 7 26
3 8 16
3 9 41
3 10 5
3 11 13
3 12 2
3 13 20
3 14 21
3 15 38
3 16 18
3 17 29
3 18 7
3 19 26
3 20 17
3 21 31
3 22 31
3 23 26
3 24 10
3 25 48
3 26 29
3 27 36
3 28 43
3 29 17
3 30 21
3 31 36
3 32 8
3 33 29
3 34 31
3 35 19
3 36 34
3 37 44
3 38 7
3 39 34
3 40 37
3 41 35
3 42 26
3 43 8
3 44 36
3 45 4
3 46 12
3 47 16
3 48 9
3 49 27
3 50 31
3 51 17
3 52 24
3 53 21
3 54 19
3 55 10
3 56 33
4 1 47
4 2 17
4 3 14
4 4 -1
4 5 49
4 6 39
4 7 37
4 8 31
4 9 55
4 10 15
4 11 17
4 12 17
4 13 9
4 14 25
4 15 53
4 16 25
4 17 41
4 18 18
4 19 36
4 20 31
4 21 45
4 22 46
4 23 29
4 24 22
4 25 62
4 26 43
4 27 47
4 28 58
4 29 27
4 30 29
4 31 45
4 32 6
4 33 32
4 34 37
4 35 9
4 36 44
4 37 59
4 38 8
4 39 48
4 40 51
4 41 47
4 42 32
4 43 18
4 44 44
4 45 17
4 46 25
4 47 26
4 48 15
4 49 40
4 50 46
4 51 32
4 52 38
4 53 30
4 54 31
4 55 15
4 56 48
5 1 12
5 2 41
5 3 35
5 4 49
5 5 -1
5 6 14
5 7 20
5 8 20
5 9 15
5 10 37
5 11 44
5 12 32
5 13 50
5 14 35
5 15 9
5 16 30
5 17 12
5 18 36
5 19 39
5 20 17
5 21 26
5 22 9
5 23 52
5 24 26
5 25 22
5 26 6
5 27 17
5 28 13
5 29 37
5 30 27
5 31 47
5 32 42
5 33 53
5 34 29
5 35 54
5 36 42
5 37 20
5 38 41
5 39 26
5 40 25
5 41 37
5 42 32
5 43 37
5 44 27
5 45 34
5 46 32
5 47 37
5 48 35
5 49 10
5 50 20
5 51 24
5 52 10
5 53 25
5 54 17
5 55 36
5 56 17
6 1 21
6 2 35
6 3 24
6 4 39
6 5 14
6 6 -1
6 7 23
6 8 7
6 9 16
6 10 25
6 11 31
6 12 21
6 13 42
6 14 32
6 15 14
6 16 27
6 17 18
6 18 23
6 19 25
6 20 11
6 21 15
6 22 7
6 23 38
6 24 19
6 25 24
6 26 12
6 27 26
6 28 19
6 29 23
6 30 26
6 31 34
6 32 32
6 33 39
6 34 32
6 35 42
6 36 29
6 37 20
6 38 31
6 39 16
6 40 18
6 41 25
6 42 33
6 43 24
6 44 33
6 45 22
6 46 18
6 47 23
6 48 28
6 49 13
6 50 11
6 51 10
6 52 10
6 53 24
6 54 14
6 55 29
6 56 10
7 1 11
7 2 23
7 3 26
7 4 37
7 5 20
7 6 23
7 7 -1
7 8 21
7 9 34
7 10 31
7 11 39
7 12 25
7 13 35
7 14 16
7 15 28
7 16 13
7 17 7
7 18 32
7 19 44
7 20 14
7 21 38
7 22 25
7 23 51
7 24 16
7 25 41
7 26 14
7 27 10
7 28 33
7 29 38
7 30 8
7 31 54
7 32 32
7 33 53
7 34 10
7 35 45
7 36 50
7 37 39
7 38 30
7 39 39
7 40 40
7 41 47
7 42 12
7 43 33
7 44 10
7 45 29
7 46 31
7 47 37
7 48 22
7 49 11
7 50 33
7 51 27
7 52 13
7 53 7
7 54 10
7 55 22
7 56 32
8 1 24
8 2 29
8 3 16
8 4 31
8 5 20
8 6 7
8 7 21
8 8 -1
8 9 24
8 10 18
8 11 24
8 12 13
8 13 35
8 14 27
8 15 21
8 16 22
8 17 18
8 18 16
8 19 23
8 20 7
8 21 19
8 22 15
8 23 32
8 24 12
8 25 31
8 26 16
8 27 27
8 28 27
8 29 18
8 30 21
8 31 33
8 32 24
8 33 34
8 34 29
8 35 35
8 36 28
8 37 28
8 38 23
8 39 21
8 40 23
8 41 26
8 42 28
8 43 17
8 44 32
8 45 15
8 46 12
8 47 18
8 48 21
8 49 15
8 50 16
8 51 6
8 52 11
8 53 19
8 54 10
8 55 21
8 56 17
9 1 27
9 2 51
9 3 41
9 4 55
9 5 15
9 6 16
9 7 34
9 8 24
9 9 -1
9 10 41
9 11 46
9 12 38
9 13 59
9 14 47
9 15 6
9 16 42
9 17 27
9 18 39
9 19 35
9 20 26
9 21 18
9 22 10
9 23 50
9 24 35
9 25 7
9 26 20
9 27 32
9 28 5
9 29 36
9 30 40
9 31 40
9 32 49
9 33 51
9 34 44
9 35 59
9 36 34
9 37 5
9 38 48
9 39 16
9 40 14
9 41 29
9 42 46
9 43 40
9 44 42
9 45 39
9 46 33
9 47 36
9 48 45
9 49 23
9 50 13
9 51 25
9 52 22
9 53 37
9 54 28
9 55 45
9 56 9
10 1 39
10 2 23
10 3 5
10 4 15
10 5 37
10 6 25
10 7 31
10 8 18
10 9 41
10 10 -1
10 11 7
10 12 6
10 13 23
10 14 27
10 15 39
10 16 24
10 17 33
10 18 3
10 19 22
10 20 21
10 21 30
10 22 33
10 23 20
10 24 15
10 25 48
10 26 33
10 27 41
10 28 45
10 29 13
10 30 26
10 31 31
10 32 10
10 33 23
10 34 36
10 35 17
10 36 30
10 37 44
10 38 10
10 39 33
10 40 36
10 41 31
10 42 32
10 43 3
10 44 41
10 45 3
10 46 9
10 47 12
10 48 15
10 49 31
10 50 31
10 51 17
10 52 28
10 53 26
10 54 23
10 55 16
10 56 33
11 1 46
11 2 29
11 3 13
11 4 17
11 5 44
11 6 31
11 7 39
11 8 24
11 9 46
11 10 7
11 11 -1
11 12 13
11 13 26
11 14 33
11 15 45
11 16 31
11 17 40
11 18 8
11 19 20
11 20 28
11 21 32
11 22 38
11 23 13
11 24 22
11 25 52
11 26 40
11 27 48
11 28 50
11 29 12
11 30 34
11 31 28
11 32 13
11 33 16
11 34 44
11 35 14
11 36 28
11 37 48
11 38 14
11 39 35
11 40 38
11 41 31
11 42 39
11 43 7
11 44 49
11 45 10
11 46 13
11 47 11
11 48 21
11 49 38
11 50 34
11 51 21
11 52 35
11 53 34
11 54 30
11 55 22
11 56 37
12 1 33
12 2 20
12 3 2
12 4 17
12 5 32
12 6 21
12 7 25
12 8 13
12 9 38
12 10 6
12 11 13
12 12 -1
12 13 22
12 14 21
12 15 35
12 16 18
12 17 27
12 18 7
12 19 24
12 20 15
12 21 29
12 22 28
12 23 26
12 24 8
12 25 45
12 26 27
12 27 34
12 28 41
12 29 16
12 30 20
12 31 34
12 32 11
12 33 29
12 34 30
12 35 22
12 36 32
12 37 41
12 38 10
12 39 31
12 40 34
12 41 33
12 42 26
12 43 7
12 44 35
12 45 3
12 46 10
12 47 15
12 48 11
12 49 25
12 50 28
12 51 14
12 52 22
12 53 20
12 54 17
12 55 12
12 56 30
13 1 46
13 2 12
13 3 20
13 4 9
13 5 50
13 6 42
13 7 35
13 8 35
13 9 59
13 10 23
13 11 26
13 12 22
13 13 -1
13 14 20
13 15 55
13 16 22
13 17 40
13 18 26
13 19 45
13 20 33
13 21 52
13 22 49
13 23 38
13 24 24
13 25 67
13 26 44
13 27 45
13 28 61
13 29 36
13 30 26
13 31 54
13 32 13
13 33 42
13 34 33
13 35 18
13 36 53
13 37 63
13 38 13
13 39 54
13 40 57
13 41 54
13 42 27
13 43 26
13 44 40
13 45 23
13 46 32
13 47 35
13 48 14
13 49 41
13 50 51
13 51 37
13 52 39
13 53 27
13 54 32
13 55 14
13 56 52
14 1 27
14 2 8
14 3 21
14 4 25
14 5 35
14 6 32
14 7 16
14 8 27
14 9 47
14 10 27
14 11 33
14 12 21
14 13 20
14 14 -1
14 15 42
14 16 5
14 17 23
14 18 28
14 19 46
14 20 21
14 21 46
14 22 37
14 23 47
14 24 15
14 25 55
14 26 28
14 27 25
14 28 47
14 29 38
14 30 7
14 31 56
14 32 21
14 33 50
14 34 13
14 35 34
14 36 53
14 37 52
14 38 20
14 39 48
14 40 50
14 41 52
14 42 7
14 43 29
14 44 20
14 45 25
14 46 31
14 47 37
14 48 12
14 49 25
14 50 43
14 51 32
14 52 25
14 53 10
14 54 18
14 55 11
14 56 42
15 1 21
15 2 47
15 3 38
15 4 53
15 5 9
15 6 14
15 7 28
15 8 21
15 9 6
15 10 39
15 11 45
15 12 35
15 13 55
15 14 42
15 15 -1
15 16 37
15 17 21
15 18 37
15 19 36
15 20 22
15 21 20
15 22 6
15 23 51
15 24 31
15 25 13
15 26 14
15 27 26
15 28 5
15 29 36
15 30 34
15 31 43
15 32 46
15 33 52
15 34 38
15 35 57
15 36 37
15 37 11
15 38 45
15 39 19
15 40 18
15 41 32
15 42 40
15 43 38
15 44 36
15 45 37
15 46 32
15 47 36
15 48 41
15 49 17
15 50 14
15 51 23
15 52 17
15 53 32
15 54 23
15 55 41
15 56 10
16 1 24
16 2 10
16 3 18
16 4 25
16 5 30
16 6 27
16 7 13
16 8 22
16 9 42
16 10 24
16 11 31
16 12 18
16 13 22
16 14 5
16 15 37
16 16 -1
16 17 19
16 18 25
16 19 42
16 20 16
16 21 41
16 22 32
16 23 44
16 24 10
16 25 50
16 26 24
16 27 23
16 28 43
16 29 34
16 30 4
16 31 52
16 32 20
16 33 47
16 34 13
16 35 33
16 36 49
16 37 47
16 38 18
16 39 43
16 40 45
16 41 48
16 42 8
16 43 26
16 44 19
16 45 21
16 46 27
16 47 33
16 48 10
16 49 20
16 50 38
16 51 27
16 52 20
16 53 5
16 54 13
16 55 10
16 56 37
17 1 6
17 2 30
17 3 29
17 4 41
17 5 12
17 6 18
17 7 7
17 8 18
17 9 27
17 10 33
17 11 40
17 12 27
17 13 40
17 14 23
17 15 21
17 16 19
17 17 -1
17 18 32
17 19 42
17 20 12
17 21 33
17 22 18
17 23 51
17 24 19
17 25 34
17 26 7
17 27 8
17 28 25
17 29 37
17 30 15
17 31 51
17 32 35
17 33 53
17 34 17
17 35 48
17 36 46
17 37 32
17 38 33
17 39 34
17 40 34
17 41 43
17 42 20
17 43 33
17 44 15
17 45 30
17 46 30
17 47 36
17 48 26
17 49 4
17 50 28
17 51 25
17 52 7
17 53 13
17 54 10
17 55 26
17 56 25
18 1 38
18 2 26
18 3 7
18 4 18
18 5 36
18 6 23
18 7 32
18 8 16
18 9 39
18 10 3
18 11 8
18 12 7
18 13 26
18 14 28
18 15 37
18 16 25
18 17 32
18 18 -1
18 19 19
18 20 20
18 21 27
18 22 31
18 23 19
18 24 15
18 25 45
18 26 32
18 27 40
18 28 42
18 29 10
18 30 27
18 31 28
18 32 13
18 33 22
18 34 37
18 35 20
18 36 27
18 37 42
18 38 13
18 39 30
18 40 33
18 41 28
18 42 33
18 43 1
18 44 42
18 45 3
18 46 6
18 47 9
18 48 17
18 49 30
18 50 28
18 51 14
18 52 27
18 53 27
18 54 22
18 55 18
18 56 30
19 1 46
19 2 44
19 3 26
19 4 36
19 5 39
19 6 25
19 7 44
19 8 23
19 9 35
19 10 22
19 11 20
19 12 24
19 13 45
19 14 46
19 15 36
19 16 42
19 17 42
19 18 19
19 19 -1
19 20 30
19 21 17
19 22 31
19 23 17
19 24 31
19 25 38
19 26 38
19 27 50
19 28 40
19 29 9
19 30 43
19 31 10
19 32 32
19 33 16
19 34 52
19 35 34
19 36 8
19 37 35
19 38 32
19 39 19
19 40 23
19 41 11
19 42 50
19 43 19
19 44 55
19 45 22
19 46 14
19 47 10
19 48 35
19 49 38
19 50 22
19 51 17
19 52 34
19 53 41
19 54 33
19 55 36
19 56 26
20 1 18
20 2 25
20 3 17
20 4 31
20 5 17
20 6 11
20 7 14
20 8 7
20 9 26
20 10 21
20 11 28
20 12 15
20 13 33
20 14 21
20 15 22
20 16 16
20 17 12
20 18 20
20 19 30
20 20 -1
20 21 25
20 22 16
20 23 38
20 24 9
20 25 34
20 26 12
20 27 21
20 28 28
20 29 24
20 30 15
20 31 40
20 32 25
20 33 40
20 34 22
20 35 37
20 36 36
20 37 31
20 38 23
20 39 27
20 40 29
20 41 34
20 42 22
20 43 21
20 44 24
20 45 18
20 46 17
20 47 24
20 48 18
20 49 10
20 50 22
20 51 13
20 52 7
20 53 13
20 54 3
20 55 19
20 56 21
21 1 36
21 2 47
21 3 31
21 4 45
21 5 26
21 6 15
21 7 38
21 8 19
21 9 18
21 10 30
21 11 32
21 12 29
21 13 52
21 14 46
21 15 20
21 16 41
21 17 33
21 18 27
21 19 17
21 20 25
21 21 -1
21 22 17
21 23 33
21 24 31
21 25 21
21 26 27
21 27 41
21 28 23
21 29 20
21 30 40
21 31 22
21 32 39
21 33 33
21 34 47
21 35 46
21 36 16
21 37 18
21 38 38
21 39 2
21 40 6
21 41 11
21 42 47
21 43 27
21 44 48
21 45 28
21 46 20
21 47 21
21 48 39
21 49 28
21 50 5
21 51 14
21 52 25
21 53 38
21 54 28
21 55 40
21 56 9
22 1 20
22 2 41
22 3 31
22 4 46
22 5 9
22 6 7
22 7 25
22 8 15
22 9 10
22 10 33
22 11 38
22 12 28
22 13 49
22 14 37
22 15 6
22 16 32
22 17 18
22 18 31
22 19 31
22 20 16
22 21 17
22 22 -1
22 23 45
22 24 25
22 25 17
22 26 11
22 27 25
22 28 12
22 29 30
22 30 30
22 31 38
22 32 40
22 33 46
22 34 35
22 35 50
22 36 33
22 37 14
22 38 38
22 39 17
22 40 17
22 41 28
22 42 36
22 43 31
22 44 33
22 45 30
22 46 25
22 47 30
22 48 34
22 49 14
22 50 11
22 51 17
22 52 12
22 53 27
22 54 18
22 55 35
22 56 8
23 1 56
23 2 43
23 3 26
23 4 29
23 5 52
23 6 38
23 7 51
23 8 32
23 9 50
23 10 20
23 11 13
23 12 26
23 13 38
23 14 47
23 15 51
23 16 44
23 17 51
23 18 19
23 19 17
23 20 38
23 21 33
23 22 45
23 23 -1
23 24 35
23 25 55
23 26 49
23 27 59
23 28 55
23 29 15
23 30 47
23 31 19
23 32 27
23 33 3
23 34 57
23 35 23
23 36 22
23 37 51
23 38 28
23 39 36
23 40 39
23 41 27
23 42 53
23 43 18
23 44 61
23 45 22
23 46 20
23 47 15
23 48 35
23 49 48
23 50 37
23 51 28
23 52 44
23 53 46
23 54 41
23 55 36
23 56 41
24 1 25
24 2 16
24 3 10
24 4 22
24 5 26
24 6 19
24 7 16
24 8 12
24 9 35
24 10 15
24 11 22
24 12 8
24 13 24
24 14 15
24 15 31
24 16 10
24 17 19
24 18 15
24 19 31
24 20 9
24 21 31
24 22 25
24 23 35
24 24 -1
24 25 43
24 26 21
24 27 26
24 28 37
24 29 23
24 30 12
24 31 41
24 32 16
24 33 37
24 34 21
24 35 29
24 36 38
24 37 39
24 38 14
24 39 33
24 40 35
24 41 37
24 42 18
24 43 16
24 44 26
24 45 12
24 46 16
24 47 22
24 48 9
24 49 18
24 50 29
24 51 17
24 52 16
24 53 11
24 54 9
24 55 10
24 56 29
25 1 34
25 2 59
25 3 48
25 4 62
25 5 22
25 6 24
25 7 41
25 8 31
25 9 7
25 10 48
25 11 52
25 12 45
25 13 67
25 14 55
25 15 13
25 16 50
25 17 34
25 18 45
25 19 38
25 20 34
25 21 21
25 22 17
25 23 55
25 24 43
25 25 -1
25 26 27
25 27 39
25 28 9
25 29 41
25 30 47
25 31 43
25 32 56
25 33 55
25 34 51
25 35 65
25 36 37
25 37 3
25 38 55
25 39 19
25 40 16
25 41 31
25 42 53
25 43 46
25 44 49
25 45 46
25 46 39
25 47 42
25 48 52
25 49 30
25 50 17
25 51 31
25 52 29
25 53 45
25 54 36
25 55 53
25 56 15
26 1 9
26 2 34
26 3 29
26 4 43
26 5 6
26 6 12
26 7 14
26 8 16
26 9 20
26 10 33
26 11 40
26 12 27
26 13 44
26 14 28
26 15 14
26 16 24
26 17 7
26 18 32
26 19 38
26 20 12
26 21 27
26 22 11
26 23 49
26 24 21
26 25 27
26 26 -1
26 27 13
26 28 19
26 29 34
26 30 21
26 31 47
26 32 37
26 33 50
26 34 24
26 35 49
26 36 41
26 37 25
26 38 35
26 39 27
26 40 28
26 41 38
26 42 26
26 43 33
26 44 22
26 45 30
26 46 28
26 47 34
26 48 29
26 49 3
26 50 21
26 51 21
26 52 5
26 53 18
26 54 11
26 55 30
26 56 19
27 1 5
27 2 33
27 3 36
27 4 47
27 5 17
27 6 26
27 7 10
27 8 27
27 9 32
27 10 41
27 11 48
27 12 34
27 13 45
27 14 25
27 15 26
27 16 23
27 17 8
27 18 40
27 19 50
27 20 21
27 21 41
27 22 25
27 23 59
27 24 26
27 25 39
27 26 13
27 27 -1
27 28 30
27 29 45
27 30 18
27 31 60
27 32 42
27 33 61
27 34 15
27 35 55
27 36 55
27 37 37
27 38 40
27 39 41
27 40 42
27 41 51
27 42 20
27 43 41
27 44 10
27 45 38
27 46 38
27 47 45
27 48 32
27 49 12
27 50 35
27 51 33
27 52 16
27 53 17
27 54 18
27 55 32
27 56 33
28 1 25
28 2 53
28 3 43
28 4 58
28 5 13
28 6 19
28 7 33
28 8 27
28 9 5
28 10 45
28 11 50
28 12 41
28 13 61
28 14 47
28 15 5
28 16 43
28 17 25
28 18 42
28 19 40
28 20 28
28 21 23
28 22 12
28 23 55
28 24 37
28 25 9
28 26 19
28 27 30
28 28 -1
28 29 40
28 30 40
28 31 46
28 32 52
28 33 56
28 34 43
28 35 62
28 36 40
28 37 8
28 38 50
28 39 21
28 40 19
28 41 34
28 42 45
28 43 43
28 44 40
28 45 42
28 46 37
28 47 41
28 48 46
28 49 22
28 50 18
28 51 28
28 52 22
28 53 38
28 54 29
28 55 47
28 56 14
29 1 42
29 2 36
29 3 17
29 4 27
29 5 37
29 6 23
29 7 38
29 8 18
29 9 36
29 10 13
29 11 12
29 12 16
29 13 36
29 14 38
29 15 36
29 16 34
29 17 37
29 18 10
29 19 9
29 20 24
29 21 20
29 22 30
29 23 15
29 24 23
29 25 41
29 26 34
29 27 45
29 28 40
29 29 -1
29 30 35
29 31 18
29 32 23
29 33 16
29 34 45
29 35 26
29 36 17
29 37 38
29 38 23
29 39 23
29 40 27
29 41 19
29 42 42
29 43 10
29 44 48
29 45 13
29 46 7
29 47 1
29 48 27
29 49 33
29 50 23
29 51 13
29 52 30
29 53 34
29 54 28
29 55 28
29 56 27
30 1 20
30 2 14
30 3 21
30 4 29
30 5 27
30 6 26
30 7 8
30 8 21
30 9 40
30 10 26
30 11 34
30 12 20
30 13 26
30 14 7
30 15 34
30 16 4
30 17 15
30 18 27
30 19 43
30 20 15
30 21 40
30 22 30
30 23 47
30 24 12
30 25 47
30 26 21
30 27 18
30 28 40
30 29 35
30 30 -1
30 31 53
30 32 24
30 33 49
30 34 10
30 35 37
30 36 49
30 37 44
30 38 22
30 39 42
30 40 44
30 41 48
30 42 7
30 43 28
30 44 15
30 45 24
30 46 28
30 47 34
30 48 14
30 49 17
30 50 37
30 51 27
30 52 18
30 53 2
30 54 12
30 55 14
30 56 36
31 1 56
31 2 54
31 3 36
31 4 45
31 5 47
31 6 34
31 7 54
31 8 33
31 9 40
31 10 31
31 11 28
31 12 34
31 13 54
31 14 56
31 15 43
31 16 52
31 17 51
31 18 28
31 19 10
31 20 40
31 21 22
31 22 38
31 23 19
31 24 41
31 25 43
31 26 47
31 27 60
31 28 46
31 29 18
31 30 53
31 31 -1
31 32 41
31 33 17
31 34 62
31 35 41
31 36 6
31 37 40
31 38 41
31 39 24
31 40 27
31 41 12
31 42 60
31 43 28
31 44 65
31 45 32
31 46 25
31 47 19
31 48 45
31 49 47
31 50 28
31 51 26
31 52 43
31 53 52
31 54 44
31 55 46
31 56 32
32 1 41
32 2 16
32 3 8
32 4 6
32 5 42
32 6 32
32 7 32
32 8 24
32 9 49
32 10 10
32 11 13
32 12 11
32 13 13
32 14 21
32 15 46
32 16 20
32 17 35
32 18 13
32 19 32
32 20 25
32 21 39
32 22 40
32 23 27
32 24 16
32 25 56
32 26 37
32 27 42
32 28 52
32 29 23
32 30 24
32 31 41
32 32 -1
32 33 30
32 34 33
32 35 13
32 36 40
32 37 53
32 38 2
32 39 42
32 40 45
32 41 41
32 42 28
32 43 13
32 44 40
32 45 11
32 46 19
32 47 22
32 48 10
32 49 34
32 50 40
32 51 25
32 52 32
32 53 25
32 54 25
32 55 10
32 56 41
33 1 58
33 2 46
33 3 29
33 4 32
33 5 53
33 6 39
33 7 53
33 8 34
33 9 51
33 10 23
33 11 16
33 12 29
33 13 42
33 14 50
33 15 52
33 16 47
33 17 53
33 18 22
33 19 16
33 20 40
33 21 33
33 22 46
33 23 3
33 24 37
33 25 55
33 26 50
33 27 61
33 28 56
33 29 16
33 30 49
33 31 17
33 32 30
33 33 -1
33 34 59
33 35 26
33 36 21
33 37 52
33 38 31
33 39 36
33 40 39
33 41 26
33 42 55
33 43 21
33 44 64
33 45 25
33 46 22
33 47 16
33 48 38
33 49 49
33 50 38
33 51 29
33 52 46
33 53 49
33 54 43
33 55 39
33 56 42
34 1 19
34 2 21
34 3 31
34 4 37
34 5 29
34 6 32
34 7 10
34 8 29
34 9 44
34 10 36
34 11 44
34 12 30
34 13 33
34 14 13
34 15 38
34 16 13
34 17 17
34 18 37
34 19 52
34 20 22
34 21 47
34 22 35
34 23 57
34 24 21
34 25 51
34 26 24
34 27 15
34 28 43
34 29 45
34 30 10
34 31 62
34 32 33
34 33 59
34 34 -1
34 35 46
34 36 58
34 37 49
34 38 31
34 39 49
34 40 50
34 41 56
34 42 6
34 43 38
34 44 7
34 45 34
34 46 38
34 47 44
34 48 23
34 49 21
34 50 43
34 51 36
34 52 23
34 53 10
34 54 19
34 55 23
34 56 42
35 1 54
35 2 27
35 3 19
35 4 9
35 5 54
35 6 42
35 7 45
35 8 35
35 9 59
35 10 17
35 11 14
35 12 22
35 13 18
35 14 34
35 15 57
35 16 33
35 17 48
35 18 20
35 19 34
35 20 37
35 21 46
35 22 50
35 23 23
35 24 29
35 25 65
35 26 49
35 27 55
35 28 62
35 29 26
35 30 37
35 31 41
35 32 13
35 33 26
35 34 46
35 35 -1
35 36 42
35 37 62
35 38 15
35 39 49
35 40 53
35 41 45
35 42 41
35 43 19
35 44 52
35 45 20
35 46 26
35 47 25
35 48 23
35 49 46
35 50 48
35 51 34
35 52 44
35 53 38
35 54 38
35 55 23
35 56 50
36 1 50
36 2 52
36 3 34
36 4 44
36 5 42
36 6 29
36 7 50
36 8 28
36 9 34
36 10 30
36 11 28
36 12 32
36 13 53
36 14 53
36 15 37
36 16 49
36 17 46
36 18 27
36 19 8
36 20 36
36 21 16
36 22 33
36 23 22
36 24 38
36 25 37
36 26 41
36 27 55
36 28 40
36 29 17
36 30 49
36 31 6
36 32 40
36 33 21
36 34 58
36 35 42
36 36 -1
36 37 34
36 38 40
36 39 18
36 40 21
36 41 6
36 42 56
36 43 27
36 44 60
36 45 30
36 46 22
36 47 18
36 48 43
36 49 42
36 50 22
36 51 22
36 52 38
36 53 48
36 54 39
36 55 44
36 56 26
37 1 32
37 2 56
37 3 44
37 4 59
37 5 20
37 6 20
37 7 39
37 8 28
37 9 5
37 10 44
37 11 48
37 12 41
37 13 63
37 14 52
37 15 11
37 16 47
37 17 32
37 18 42
37 19 35
37 20 31
37 21 18
37 22 14
37 23 51
37 24 39
37 25 3
37 26 25
37 27 37
37 28 8
37 29 38
37 30 44
37 31 40
37 32 53
37 33 52
37 34 49
37 35 62
37 36 34
37 37 -1
37 38 51
37 39 16
37 40 13
37 41 28
37 42 51
37 43 43
37 44 47
37 45 42
37 46 36
37 47 38
37 48 49
37 49 28
37 50 14
37 51 27
37 52 26
37 53 42
37 54 33
37 55 49
37 56 11
38 1 39
38 2 15
38 3 7
38 4 8
38 5 41
38 6 31
38 7 30
38 8 23
38 9 48
38 10 10
38 11 14
38 12 10
38 13 13
38 14 20
38 15 45
38 16 18
38 17 33
38 18 13
38 19 32
38 20 23
38 21 38
38 22 38
38 23 28
38 24 14
38 25 55
38 26 35
38 27 40
38 28 50
38 29 23
38 30 22
38 31 41
38 32 2
38 33 31
38 34 31
38 35 15
38 36 40
38 37 51
38 38 -1
38 39 41
38 40 44
38 41 41
38 42 26
38 43 13
38 44 38
38 45 10
38 46 18
38 47 22
38 48 8
38 49 32
38 50 38
38 51 24
38 52 30
38 53 23
38 54 24
38 55 8
38 56 40
39 1 36
39 2 50
39 3 34
39 4 48
39 5 26
39 6 16
39 7 39
39 8 21
39 9 16
39 10 33
39 11 35
39 12 31
39 13 54
39 14 48
39 15 19
39 16 43
39 17 34
39 18 30
39 19 19
39 20 27
39 21 2
39 22 17
39 23 36
39 24 33
39 25 19
39 26 27
39 27 41
39 28 21
39 29 23
39 30 42
39 31 24
39 32 42
39 33 36
39 34 49
39 35 49
39 36 18
39 37 16
39 38 41
39 39 -1
39 40 3
39 41 12
39 42 49
39 43 30
39 44 49
39 45 31
39 46 23
39 47 24
39 48 41
39 49 29
39 50 5
39 51 17
39 52 26
39 53 40
39 54 30
39 55 42
39 56 9
40 1 37
40 2 52
40 3 37
40 4 51
40 5 25
40 6 18
40 7 40
40 8 23
40 9 14
40 10 36
40 11 38
40 12 34
40 13 57
40 14 50
40 15 18
40 16 45
40 17 34
40 18 33
40 19 23
40 20 29
40 21 6
40 22 17
40 23 39
40 24 35
40 25 16
40 26 28
40 27 42
40 28 19
40 29 27
40 30 44
40 31 27
40 32 45
40 33 39
40 34 50
40 35 53
40 36 21
40 37 13
40 38 44
40 39 3
40 40 -1
40 41 15
40 42 51
40 43 34
40 44 50
40 45 34
40 46 27
40 47 27
40 48 44
40 49 30
40 50 7
40 51 20
40 52 27
40 53 42
40 54 32
40 55 45
40 56 8
41 1 47
41 2 53
41 3 35
41 4 47
41 5 37
41 6 25
41 7 47
41 8 26
41 9 29
41 10 31
41 11 31
41 12 33
41 13 54
41 14 52
41 15 32
41 16 48
41 17 43
41 18 28
41 19 11
41 20 34
41 21 11
41 22 28
41 23 27
41 24 37
41 25 31
41 26 38
41 27 51
41 28 34
41 29 19
41 30 48
41 31 12
41 32 41
41 33 26
41 34 56
41 35 45
41 36 6
41 37 28
41 38 41
41 39 12
41 40 15
41 41 -1
41 42 55
41 43 28
41 44 58
41 45 31
41 46 23
41 47 20
41 48 44
41 49 39
41 50 17
41 51 20
41 52 35
41 53 46
41 54 37
41 55 45
41 56 21
42 1 23
42 2 15
42 3 26
42 4 32
42 5 32
42 6 33
42 7 12
42 8 28
42 9 46
42 10 32
42 11 39
42 12 26
42 13 27
42 14 7
42 15 40
42 16 8
42 17 20
42 18 33
42 19 50
42 20 22
42 21 47
42 22 36
42 23 53
42 24 18
42 25 53
42 26 26
42 27 20
42 28 45
42 29 42
42 30 7
42 31 60
42 32 28
42 33 55
42 34 6
42 35 41
42 36 56
42 37 51
42 38 26
42 39 49
42 40 51
42 41 55
42 42 -1
42 43 34
42 44 13
42 45 30
42 46 35
42 47 41
42 48 18
42 49 23
42 50 44
42 51 34
42 52 24
42 53 9
42 54 19
42 55 17
42 56 43
43 1 39
43 2 26
43 3 8
43 4 18
43 5 37
43 6 24
43 7 33
43 8 17
43 9 40
43 10 3
43 11 7
43 12 7
43 13 26
43 14 29
43 15 38
43 16 26
43 17 33
43 18 1
43 19 19
43 20 21
43 21 27
43 22 31
43 23 18
43 24 16
43 25 46
43 26 33
43 27 41
43 28 43
43 29 10
43 30 28
43 31 28
43 32 13
43 33 21
43 34 38
43 35 19
43 36 27
43 37 43
43 38 13
43 39 30
43 40 34
43 41 28
43 42 34
43 43 -1
43 44 43
43 45 4
43 46 7
43 47 9
43 48 17
43 49 31
43 50 29
43 51 15
43 52 28
43 53 28
43 54 23
43 55 18
43 56 31
44 1 15
44 2 28
44 3 36
44 4 44
44 5 27
44 6 33
44 7 10
44 8 32
44 9 42
44 10 41
44 11 49
44 12 35
44 13 40
44 14 20
44 15 36
44 16 19
44 17 15
44 18 42
44 19 55
44 20 24
44 21 48
44 22 33
44 23 61
44 24 26
44 25 49
44 26 22
44 27 10
44 28 40
44 29 48
44 30 15
44 31 65
44 32 40
44 33 64
44 34 7
44 35 52
44 36 60
44 37 47
44 38 38
44 39 49
44 40 50
44 41 58
44 42 13
44 43 43
44 44 -1
44 45 38
44 46 41
44 47 48
44 48 29
44 49 19
44 50 43
44 51 38
44 52 22
44 53 15
44 54 21
44 55 29
44 56 41
45 1 36
45 2 22
45 3 4
45 4 17
45 5 34
45 6 22
45 7 29
45 8 15
45 9 39
45 10 3
45 11 10
45 12 3
45 13 23
45 14 25
45 15 37
45 16 21
45 17 30
45 18 3
45 19 22
45 20 18
45 21 28
45 22 30
45 23 22
45 24 12
45 25 46
45 26 30
45 27 38
45 28 42
45 29 13
45 30 24
45 31 32
45 32 11
45 33 25
45 34 34
45 35 20
45 36 30
45 37 42
45 38 10
45 39 31
45 40 34
45 41 31
45 42 30
45 43 4
45 44 38
45 45 -1
45 46 8
45 47 12
45 48 13
45 49 28
45 50 29
45 51 14
45 52 25
45 53 23
45 54 20
45 55 14
45 56 31
46 1 36
46 2 30
46 3 12
46 4 25
46 5 32
46 6 18
46 7 31
46 8 12
46 9 33
46 10 9
46 11 13
46 12 10
46 13 32
46 14 31
46 15 32
46 16 27
46 17 30
46 18 6
46 19 14
46 20 17
46 21 20
46 22 25
46 23 20
46 24 16
46 25 39
46 26 28
46 27 38
46 28 37
46 29 7
46 30 28
46 31 25
46 32 19
46 33 22
46 34 38
46 35 26
46 36 22
46 37 36
46 38 18
46 39 23
46 40 27
46 41 23
46 42 35
46 43 7
46 44 41
46 45 8
46 46 -1
46 47 6
46 48 21
46 49 27
46 50 22
46 51 8
46 52 23
46 53 27
46 54 21
46 55 22
46 56 24
47 1 42
47 2 35
47 3 16
47 4 26
47 5 37
47 6 23
47 7 37
47 8 18
47 9 36
47 10 12
47 11 11
47 12 15
47 13 35
47 14 37
47 15 36
47 16 33
47 17 36
47 18 9
47 19 10
47 20 24
47 21 21
47 22 30
47 23 15
47 24 22
47 25 42
47 26 34
47 27 45
47 28 41
47 29 1
47 30 34
47 31 19
47 32 22
47 33 16
47 34 44
47 35 25
47 36 18
47 37 38
47 38 22
47 39 24
47 40 27
47 41 20
47 42 41
47 43 9
47 44 48
47 45 12
47 46 6
47 47 -1
47 48 26
47 49 33
47 50 24
47 51 13
47 52 29
47 53 33
47 54 27
47 55 27
47 56 27
48 1 32
48 2 9
48 3 9
48 4 15
48 5 35
48 6 28
48 7 22
48 8 21
48 9 45
48 10 15
48 11 21
48 12 11
48 13 14
48 14 12
48 15 41
48 16 10
48 17 26
48 18 17
48 19 35
48 20 18
48 21 39
48 22 34
48 23 35
48 24 9
48 25 52
48 26 29
48 27 32
48 28 46
48 29 27
48 30 14
48 31 45
48 32 10
48 33 38
48 34 23
48 35 23
48 36 43
48 37 49
48 38 8
48 39 41
48 40 44
48 41 44
48 42 18
48 43 17
48 44 29
48 45 13
48 46 21
48 47 26
48 48 -1
48 49 26
48 50 37
48 51 24
48 52 25
48 53 15
48 54 18
48 55 1
48 56 38
49 1 8
49 2 31
49 3 27
49 4 40
49 5 10
49 6 13
49 7 11
49 8 15
49 9 23
49 10 31
49 11 38
49 12 25
49 13 41
49 14 25
49 15 17
49 16 20
49 17 4
49 18 30
49 19 38
49 20 10
49 21 28
49 22 14
49 23 48
49 24 18
49 25 30
49 26 3
49 27 12
49 28 22
49 29 33
49 30 17
49 31 47
49 32 34
49 33 49
49 34 21
49 35 46
49 36 42
49 37 28
49 38 32
49 39 29
49 40 30
49 41 39
49 42 23
49 43 31
49 44 19
49 45 28
49 46 27
49 47 33
49 48 26
49 49 -1
49 50 23
49 51 21
49 52 3
49 53 15
49 54 8
49 55 26
49 56 21
50 1 31
50 2 45
50 3 31
50 4 46
50 5 20
50 6 11
50 7 33
50 8 16
50 9 13
50 10 31
50 11 34
50 12 28
50 13 51
50 14 43
50 15 14
50 16 38
50 17 28
50 18 28
50 19 22
50 20 22
50 21 5
50 22 11
50 23 37
50 24 29
50 25 17
50 26 21
50 27 35
50 28 18
50 29 23
50 30 37
50 31 28
50 32 40
50 33 38
50 34 43
50 35 48
50 36 22
50 37 14
50 38 38
50 39 5
50 40 7
50 41 17
50 42 44
50 43 29
50 44 43
50 45 29
50 46 22
50 47 24
50 48 37
50 49 23
50 50 -1
50 51 14
50 52 20
50 53 35
50 54 25
50 55 38
50 56 4
51 1 30
51 2 33
51 3 17
51 4 32
51 5 24
51 6 10
51 7 27
51 8 6
51 9 25
51 10 17
51 11 21
51 12 14
51 13 37
51 14 32
51 15 23
51 16 27
51 17 25
51 18 14
51 19 17
51 20 13
51 21 14
51 22 17
51 23 28
51 24 17
51 25 31
51 26 21
51 27 33
51 28 28
51 29 13
51 30 27
51 31 26
51 32 25
51 33 29
51 34 36
51 35 34
51 36 22
51 37 27
51 38 24
51 39 17
51 40 20
51 41 20
51 42 34
51 43 15
51 44 38
51 45 14
51 46 8
51 47 13
51 48 24
51 49 21
51 50 14
51 51 -1
51 52 17
51 53 26
51 54 17
51 55 25
51 56 16
52 1 12
52 2 30
52 3 24
52 4 38
52 5 10
52 6 10
52 7 13
52 8 11
52 9 22
52 10 28
52 11 35
52 12 22
52 13 39
52 14 25
52 15 17
52 16 20
52 17 7
52 18 27
52 19 34
52 20 7
52 21 25
52 22 12
52 23 44
52 24 16
52 25 29
52 26 5
52 27 16
52 28 22
52 29 30
52 30 18
52 31 43
52 32 32
52 33 46
52 34 23
52 35 44
52 36 38
52 37 26
52 38 30
52 39 26
52 40 27
52 41 35
52 42 24
52 43 28
52 44 22
52 45 25
52 46 23
52 47 29
52 48 25
52 49 3
52 50 20
52 51 17
52 52 -1
52 53 15
52 54 7
52 55 25
52 56 19
53 1 18
53 2 16
53 3 21
53 4 30
53 5 25
53 6 24
53 7 7
53 8 19
53 9 37
53 10 26
53 11 34
53 12 20
53 13 27
53 14 10
53 15 32
53 16 5
53 17 13
53 18 27
53 19 41
53 20 13
53 21 38
53 22 27
53 23 46
53 24 11
53 25 45
53 26 18
53 27 17
53 28 38
53 29 34
53 30 2
53 31 52
53 32 25
53 33 49
53 34 10
53 35 38
53 36 48
53 37 42
53 38 23
53 39 40
53 40 42
53 41 46
53 42 9
53 43 28
53 44 15
53 45 23
53 46 27
53 47 33
53 48 15
53 49 15
53 50 35
53 51 26
53 52 15
53 53 -1
53 54 10
53 55 15
53 56 34
54 1 16
54 2 23
54 3 19
54 4 31
54 5 17
54 6 14
54 7 10
54 8 10
54 9 28
54 10 23
54 11 30
54 12 17
54 13 32
54 14 18
54 15 23
54 16 13
54 17 10
54 18 22
54 19 33
54 20 3
54 21 28
54 22 18
54 23 41
54 24 9
54 25 36
54 26 11
54 27 18
54 28 29
54 29 28
54 30 12
54 31 44
54 32 25
54 33 43
54 34 19
54 35 38
54 36 39
54 37 33
54 38 24
54 39 30
54 40 32
54 41 37
54 42 19
54 43 23
54 44 21
54 45 20
54 46 21
54 47 27
54 48 18
54 49 8
54 50 25
54 51 17
54 52 7
54 53 10
54 54 -1
54 55 18
54 56 24
55 1 32
55 2 8
55 3 10
55 4 15
55 5 36
55 6 29
55 7 22
55 8 21
55 9 45
55 10 16
55 11 22
55 12 12
55 13 14
55 14 11
55 15 41
55 16 10
55 17 26
55 18 18
55 19 36
55 20 19
55 21 40
55 22 35
55 23 36
55 24 10
55 25 53
55 26 30
55 27 32
55 28 47
55 29 28
55 30 14
55 31 46
55 32 10
55 33 39
55 34 23
55 35 23
55 36 44
55 37 49
55 38 8
55 39 42
55 40 45
55 41 45
55 42 17
55 43 18
55 44 29
55 45 14
55 46 22
55 47 27
55 48 1
55 49 26
55 50 38
55 51 25
55 52 25
55 53 15
55 54 18
55 55 -1
55 56 39
56 1 28
56 2 46
56 3 33
56 4 48
56 5 17
56 6 10
56 7 32
56 8 17
56 9 9
56 10 33
56 11 37
56 12 30
56 13 52
56 14 42
56 15 10
56 16 37
56 17 25
56 18 30
56 19 26
56 20 21
56 21 9
56 22 8
56 23 41
56 24 29
56 25 15
56 26 19
56 27 33
56 28 14
56 29 27
56 30 36
56 31 32
56 32 41
56 33 42
56 34 42
56 35 50
56 36 26
56 37 11
56 38 40
56 39 9
56 40 8
56 41 21
56 42 43
56 43 31
56 44 41
56 45 31
56 46 24
56 47 27
56 48 38
56 49 21
56 50 4
56 51 16
56 52 19
56 53 34
56 54 24
56 55 39
56 56 -1
