1 1 -1
1 2 7
1 3 20
1 4 21
1 5 5
1 6 31
1 7 7
1 8 28
1 9 15
1 10 6
1 11 2
1 12 9
1 13 6
1 14 8
1 15 14
1 16 28
1 17 20
1 18 11
1 19 16
1 20 8
1 21 12
1 22 29
1 23 22
1 24 3
1 25 7
1 26 12
1 27 13
1 28 18
1 29 25
1 30 7
2 1 7
2 2 -1
2 3 26
2 4 26
2 5 10
2 6 35
2 7 10
2 8 29
2 9 17
2 10 13
2 11 5
2 12 5
2 13 13
2 14 15
2 15 21
2 16 31
2 17 18
2 18 16
2 19 23
2 20 11
2 21 18
2 22 34
2 23 29
2 24 10
2 25 14
2 26 15
2 27 13
2 28 17
2 29 31
2 30 14
3 1 20
3 2 26
3 3 -1
3 4 6
3 5 16
3 6 17
3 7 17
3 8 23
3 9 16
3 10 14
3 11 22
3 12 26
3 13 15
3 14 13
3 15 6
3 16 18
3 17 28
3 18 12
3 19 9
3 20 17
3 21 9
3 22 10
3 23 6
3 24 17
3 25 14
3 26 14
3 27 19
3 28 25
3 29 7
3 30 13
4 1 21
4 2 26
4 3 6
4 4 -1
4 5 15
4 6 11
4 7 15
4 8 17
4 9 12
4 10 16
4 11 22
4 12 24
4 13 17
4 14 16
4 15 10
4 16 11
4 17 23
4 18 10
4 19 15
4 20 15
4 21 9
4 22 8
4 23 13
4 24 18
4 25 16
4 26 11
4 27 16
4 28 20
4 29 5
4 30 15
5 1 5
5 2 10
5 3 16
5 4 15
5 5 -1
5 6 25
5 7 2
5 8 23
5 9 10
5 10 5
5 11 6
5 12 10
5 13 5
5 14 7
5 15 11
5 16 22
5 17 17
5 18 5
5 19 14
5 20 3
5 21 7
5 22 23
5 23 19
5 24 4
5 25 6
5 26 6
5 27 8
5 28 14
5 29 20
5 30 5
6 1 31
6 2 35
6 3 17
6 4 11
6 5 25
6 6 -1
6 7 24
6 8 13
6 9 18
6 10 27
6 11 31
6 12 32
6 13 28
6 14 27
6 15 21
6 16 6
6 17 26
6 18 20
6 19 26
6 20 24
6 21 20
6 22 8
6 23 23
6 24 28
6 25 27
6 26 19
6 27 22
6 28 24
6 29 10
6 30 25
7 1 7
7 2 10
7 3 17
7 4 15
7 5 2
7 6 24
7 7 -1
7 8 21
7 9 8
7 10 7
7 11 7
7 12 9
7 13 8
7 14 9
7 15 12
7 16 21
7 17 15
7 18 5
7 19 16
7 20 1
7 21 8
7 22 23
7 23 20
7 24 6
7 25 8
7 26 5
7 27 6
7 28 12
7 29 20
7 30 7
8 1 28
8 2 29
8 3 23
8 4 17
8 5 23
8 6 13
8 7 21
8 8 -1
8 9 13
8 10 27
8 11 28
8 12 25
8 13 28
8 14 28
8 15 25
8 16 7
8 17 15
8 18 19
8 19 30
8 20 20
8 21 21
8 22 19
8 23 30
8 24 27
8 25 28
8 26 17
8 27 16
8 28 14
8 29 19
8 30 26
9 1 15
9 2 17
9 3 16
9 4 12
9 5 10
9 6 18
9 7 8
9 8 13
9 9 -1
9 10 14
9 11 15
9 12 14
9 13 15
9 14 15
9 15 14
9 16 13
9 17 11
9 18 6
9 19 20
9 20 7
9 21 10
9 22 19
9 23 22
9 24 14
9 25 15
9 26 4
9 27 4
9 28 8
9 29 17
9 30 13
10 1 6
10 2 13
10 3 14
10 4 16
10 5 5
10 6 27
10 7 7
10 8 27
10 9 14
10 10 -1
10 11 8
10 12 13
10 13 1
10 14 2
10 15 8
10 16 25
10 17 22
10 18 8
10 19 10
10 20 8
10 21 7
10 22 24
10 23 16
10 24 3
10 25 1
10 26 10
10 27 13
10 28 19
10 29 20
10 30 1
11 1 2
11 2 5
11 3 22
11 4 22
11 5 6
11 6 31
11 7 7
11 8 28
11 9 15
11 10 8
11 11 -1
11 12 7
11 13 8
11 14 10
11 15 16
11 16 28
11 17 18
11 18 12
11 19 18
11 20 8
11 21 13
11 22 30
11 23 24
11 24 5
11 25 9
11 26 12
11 27 12
11 28 17
11 29 26
11 30 9
12 1 9
12 2 5
12 3 26
12 4 24
12 5 10
12 6 32
12 7 9
12 8 25
12 9 14
12 10 13
12 11 7
12 12 -1
12 13 14
12 14 16
12 15 21
12 16 27
12 17 13
12 18 14
12 19 24
12 20 9
12 21 17
12 22 32
12 23 29
12 24 11
12 25 15
12 26 13
12 27 9
12 28 12
12 29 29
12 30 14
13 1 6
13 2 13
13 3 15
13 4 17
13 5 5
13 6 28
13 7 8
13 8 28
13 9 15
13 10 1
13 11 8
13 12 14
13 13 -1
13 14 2
13 15 8
13 16 25
13 17 23
13 18 9
13 19 10
13 20 8
13 21 8
13 22 24
13 23 16
13 24 3
13 25 1
13 26 11
13 27 14
13 28 20
13 29 21
13 30 2
14 1 8
14 2 15
14 3 13
14 4 16
14 5 7
14 6 27
14 7 9
14 8 28
14 9 15
14 10 2
14 11 10
14 12 16
14 13 2
14 14 -1
14 15 7
14 16 25
14 17 24
14 18 9
14 19 8
14 20 10
14 21 7
14 22 23
14 23 14
14 24 5
14 25 1
14 26 11
14 27 15
14 28 21
14 29 19
14 30 2
15 1 14
15 2 21
15 3 6
15 4 10
15 5 11
15 6 21
15 7 12
15 8 25
15 9 14
15 10 8
15 11 16
15 12 21
15 13 8
15 14 7
15 15 -1
15 16 21
15 17 25
15 18 8
15 19 5
15 20 12
15 21 5
15 22 16
15 23 8
15 24 11
15 25 8
15 26 11
15 27 16
15 28 22
15 29 13
15 30 7
16 1 28
16 2 31
16 3 18
16 4 11
16 5 22
16 6 6
16 7 21
16 8 7
16 9 13
16 10 25
16 11 28
16 12 27
16 13 25
16 14 25
16 15 21
16 16 -1
16 17 20
16 18 17
16 19 26
16 20 20
16 21 18
16 22 12
16 23 24
16 24 26
16 25 25
16 26 16
16 27 17
16 28 18
16 29 12
16 30 23
17 1 20
17 2 18
17 3 28
17 4 23
17 5 17
17 6 26
17 7 15
17 8 15
17 9 11
17 10 22
17 11 18
17 12 13
17 13 23
17 14 24
17 15 25
17 16 20
17 17 -1
17 18 17
17 19 30
17 20 14
17 21 20
17 22 30
17 23 33
17 24 20
17 25 23
17 26 14
17 27 9
17 28 3
17 29 28
17 30 22
18 1 11
18 2 16
18 3 12
18 4 10
18 5 5
18 6 20
18 7 5
18 8 19
18 9 6
18 10 8
18 11 12
18 12 14
18 13 9
18 14 9
18 15 8
18 16 17
18 17 17
18 18 -1
18 19 13
18 20 5
18 21 3
18 22 18
18 23 16
18 24 8
18 25 9
18 26 2
18 27 8
18 28 14
18 29 15
18 30 7
19 1 16
19 2 23
19 3 9
19 4 15
19 5 14
19 6 26
19 7 16
19 8 30
19 9 20
19 10 10
19 11 18
19 12 24
19 13 10
19 14 8
19 15 5
19 16 26
19 17 30
19 18 13
19 19 -1
19 20 16
19 21 10
19 22 20
19 23 6
19 24 13
19 25 9
19 26 16
19 27 21
19 28 27
19 29 16
19 30 9
20 1 8
20 2 11
20 3 17
20 4 15
20 5 3
20 6 24
20 7 1
20 8 20
20 9 7
20 10 8
20 11 8
20 12 9
20 13 8
20 14 10
20 15 12
20 16 20
20 17 14
20 18 5
20 19 16
20 20 -1
20 21 8
20 22 23
20 23 20
20 24 7
20 25 9
20 26 4
20 27 5
20 28 11
20 29 20
20 30 7
21 1 12
21 2 18
21 3 9
21 4 9
21 5 7
21 6 20
21 7 8
21 8 21
21 9 10
21 10 7
21 11 13
21 12 17
21 13 8
21 14 7
21 15 5
21 16 18
21 17 20
21 18 3
21 19 10
21 20 8
21 21 -1
21 22 17
21 23 13
21 24 9
21 25 7
21 26 6
21 27 11
21 28 17
21 29 13
21 30 5
22 1 29
22 2 34
22 3 10
22 4 8
22 5 23
22 6 8
22 7 23
22 8 19
22 9 19
22 10 24
22 11 30
22 12 32
22 13 24
22 14 23
22 15 16
22 16 12
22 17 30
22 18 18
22 19 20
22 20 23
22 21 17
22 22 -1
22 23 16
22 24 26
22 25 24
22 26 19
22 27 23
22 28 27
22 29 3
22 30 22
23 1 22
23 2 29
23 3 6
23 4 13
23 5 19
23 6 23
23 7 20
23 8 30
23 9 22
23 10 16
23 11 24
23 12 29
23 13 16
23 14 14
23 15 8
23 16 24
23 17 33
23 18 16
23 19 6
23 20 20
23 21 13
23 22 16
23 23 -1
23 24 19
23 25 15
23 26 19
23 27 24
23 28 30
23 29 13
23 30 15
24 1 3
24 2 10
24 3 17
24 4 18
24 5 4
24 6 28
24 7 6
24 8 27
24 9 14
24 10 3
24 11 5
24 12 11
24 13 3
24 14 5
24 15 11
24 16 26
24 17 20
24 18 8
24 19 13
24 20 7
24 21 9
24 22 26
24 23 19
24 24 -1
24 25 4
24 26 10
24 27 12
24 28 18
24 29 22
24 30 4
25 1 7
25 2 14
25 3 14
25 4 16
25 5 6
25 6 27
25 7 8
25 8 28
25 9 15
25 10 1
25 11 9
25 12 15
25 13 1
25 14 1
25 15 8
25 16 25
25 17 23
25 18 9
25 19 9
25 20 9
25 21 7
25 22 24
25 23 15
25 24 4
25 25 -1
25 26 11
25 27 14
25 28 21
25 29 20
25 30 2
26 1 12
26 2 15
26 3 14
26 4 11
26 5 6
26 6 19
26 7 5
26 8 17
26 9 4
26 10 10
26 11 12
26 12 13
26 13 11
26 14 11
26 15 11
26 16 16
26 17 14
26 18 2
26 19 16
26 20 4
26 21 6
26 22 19
26 23 19
26 24 10
26 25 11
26 26 -1
26 27 5
26 28 11
26 29 16
26 30 9
27 1 13
27 2 13
27 3 19
27 4 16
27 5 8
27 6 22
27 7 6
27 8 16
27 9 4
27 10 13
27 11 12
27 12 9
27 13 14
27 14 15
27 15 16
27 16 17
27 17 9
27 18 8
27 19 21
27 20 5
27 21 11
27 22 23
27 23 24
27 24 12
27 25 14
27 26 5
27 27 -1
27 28 6
27 29 21
27 30 13
28 1 18
28 2 17
28 3 25
28 4 20
28 5 14
28 6 24
28 7 12
28 8 14
28 9 8
28 10 19
28 11 17
28 12 12
28 13 20
28 14 21
28 15 22
28 16 18
28 17 3
28 18 14
28 19 27
28 20 11
28 21 17
28 22 27
28 23 30
28 24 18
28 25 21
28 26 11
28 27 6
28 28 -1
28 29 25
28 30 19
29 1 25
29 2 31
29 3 7
29 4 5
29 5 20
29 6 10
29 7 20
29 8 19
29 9 17
29 10 20
29 11 26
29 12 29
29 13 21
29 14 19
29 15 13
29 16 12
29 17 28
29 18 15
29 19 16
29 20 20
29 21 13
29 22 3
29 23 13
29 24 22
29 25 20
29 26 16
29 27 21
29 28 25
29 29 -1
29 30 19
30 1 7
30 2 14
30 3 13
30 4 15
30 5 5
30 6 25
30 7 7
30 8 26
30 9 13
30 10 1
30 11 9
30 12 14
30 13 2
30 14 2
30 15 7
30 16 23
30 17 22
30 18 7
30 19 9
30 20 7
30 21 5
30 22 22
30 23 15
30 24 4
30 25 2
30 26 9
30 27 13
30 28 19
30 29 19
30 30 -1
