1 1 -1
1 2 17
1 3 14
1 4 21
1 5 2
1 6 12
1 7 5
1 8 9
1 9 5
1 10 13
1 11 27
1 12 20
1 13 9
1 14 10
1 15 25
1 16 1
1 17 14
1 18 18
1 19 8
1 20 5
1 21 22
1 22 15
1 23 23
1 24 20
1 25 21
2 1 17
2 2 -1
2 3 5
2 4 9
2 5 15
2 6 22
2 7 18
2 8 17
2 9 16
2 10 4
2 11 22
2 12 22
2 13 16
2 14 7
2 15 20
2 16 16
2 17 15
2 18 20
2 19 15
2 20 13
2 21 7
2 22 11
2 23 13
2 24 17
2 25 4
3 1 14
3 2 5
3 3 -1
3 4 8
3 5 12
3 6 17
3 7 14
3 8 12
3 9 13
3 10 2
3 11 19
3 12 18
3 13 11
3 14 5
3 15 17
3 16 13
3 17 10
3 18 16
3 19 13
3 20 9
3 21 8
3 22 7
3 23 11
3 24 13
3 25 8
4 1 21
4 2 9
4 3 8
4 4 -1
4 5 19
4 6 19
4 7 20
4 8 16
4 9 21
4 10 10
4 11 13
4 12 16
4 13 15
4 14 13
4 15 11
4 16 20
4 17 11
4 18 14
4 19 22
4 20 16
4 21 4
4 22 7
4 23 3
4 24 8
4 25 10
5 1 2
5 2 15
5 3 12
5 4 19
5 5 -1
5 6 13
5 7 6
5 8 9
5 9 4
5 10 11
5 11 26
5 12 20
5 13 8
5 14 8
5 15 24
5 16 1
5 17 13
5 18 18
5 19 7
5 20 4
5 21 20
5 22 13
5 23 21
5 24 19
5 25 19
6 1 12
6 2 22
6 3 17
6 4 19
6 5 13
6 6 -1
6 7 7
6 8 4
6 9 17
6 10 18
6 11 19
6 12 9
6 13 5
6 14 17
6 15 17
6 16 12
6 17 8
6 18 8
6 19 20
6 20 10
6 21 22
6 22 12
6 23 19
6 24 14
6 25 25
7 1 5
7 2 18
7 3 14
7 4 20
7 5 6
7 6 7
7 7 -1
7 8 5
7 9 10
7 10 14
7 11 24
7 12 15
7 13 5
7 14 12
7 15 21
7 16 5
7 17 10
7 18 14
7 19 13
7 20 5
7 21 21
7 22 13
7 23 21
7 24 17
7 25 22
8 1 9
8 2 17
8 3 12
8 4 16
8 5 9
8 6 4
8 7 5
8 8 -1
8 9 13
8 10 13
8 11 19
8 12 10
8 13 1
8 14 13
8 15 16
8 16 8
8 17 6
8 18 9
8 19 16
8 20 6
8 21 18
8 22 9
8 23 17
8 24 12
8 25 21
9 1 5
9 2 16
9 3 13
9 4 21
9 5 4
9 6 17
9 7 10
9 8 13
9 9 -1
9 10 12
9 11 30
9 12 24
9 13 13
9 14 9
9 15 27
9 16 5
9 17 17
9 18 22
9 19 3
9 20 8
9 21 21
9 22 17
9 23 24
9 24 23
9 25 20
10 1 13
10 2 4
10 3 2
10 4 10
10 5 11
10 6 18
10 7 14
10 8 13
10 9 12
10 10 -1
10 11 21
10 12 20
10 13 12
10 14 3
10 15 19
10 16 12
10 17 12
10 18 18
10 19 12
10 20 9
10 21 9
10 22 9
10 23 13
10 24 15
10 25 8
11 1 27
11 2 22
11 3 19
11 4 13
11 5 26
11 6 19
11 7 24
11 8 19
11 9 30
11 10 21
11 11 -1
11 12 11
11 13 18
11 14 24
11 15 2
11 16 27
11 17 13
11 18 11
11 19 32
11 20 22
11 21 17
11 22 13
11 23 10
11 24 7
11 25 23
12 1 20
12 2 22
12 3 18
12 4 16
12 5 20
12 6 9
12 7 15
12 8 10
12 9 24
12 10 20
12 11 11
12 12 -1
12 13 11
12 14 21
12 15 9
12 16 19
12 17 8
12 18 2
12 19 26
12 20 16
12 21 20
12 22 11
12 23 14
12 24 7
12 25 25
13 1 9
13 2 16
13 3 11
13 4 15
13 5 8
13 6 5
13 7 5
13 8 1
13 9 13
13 10 12
13 11 18
13 12 11
13 13 -1
13 14 11
13 15 16
13 16 8
13 17 5
13 18 9
13 19 15
13 20 5
13 21 17
13 22 8
13 23 16
13 24 12
13 25 19
14 1 10
14 2 7
14 3 5
14 4 13
14 5 8
14 6 17
14 7 12
14 8 13
14 9 9
14 10 3
14 11 24
14 12 21
14 13 11
14 14 -1
14 15 21
14 16 9
14 17 13
14 18 19
14 19 8
14 20 7
14 21 12
14 22 10
14 23 16
14 24 17
14 25 11
15 1 25
15 2 20
15 3 17
15 4 11
15 5 24
15 6 17
15 7 21
15 8 16
15 9 27
15 10 19
15 11 2
15 12 9
15 13 16
15 14 21
15 15 -1
15 16 24
15 17 10
15 18 9
15 19 29
15 20 19
15 21 15
15 22 10
15 23 8
15 24 4
15 25 21
16 1 1
16 2 16
16 3 13
16 4 20
16 5 1
16 6 12
16 7 5
16 8 8
16 9 5
16 10 12
16 11 27
16 12 19
16 13 8
16 14 9
16 15 24
16 16 -1
16 17 13
16 18 18
16 19 8
16 20 4
16 21 21
16 22 14
16 23 22
16 24 20
16 25 20
17 1 14
17 2 15
17 3 10
17 4 11
17 5 13
17 6 8
17 7 10
17 8 6
17 9 17
17 10 12
17 11 13
17 12 8
17 13 5
17 14 13
17 15 10
17 16 13
17 17 -1
17 18 6
17 19 19
17 20 9
17 21 14
17 22 4
17 23 11
17 24 6
17 25 18
18 1 18
18 2 20
18 3 16
18 4 14
18 5 18
18 6 8
18 7 14
18 8 9
18 9 22
18 10 18
18 11 11
18 12 2
18 13 9
18 14 19
18 15 9
18 16 18
18 17 6
18 18 -1
18 19 24
18 20 14
18 21 18
18 22 9
18 23 13
18 24 6
18 25 23
19 1 8
19 2 15
19 3 13
19 4 22
19 5 7
19 6 20
19 7 13
19 8 16
19 9 3
19 10 12
19 11 32
19 12 26
19 13 15
19 14 8
19 15 29
19 16 8
19 17 19
19 18 24
19 19 -1
19 20 10
19 21 21
19 22 18
19 23 25
19 24 25
19 25 19
20 1 5
20 2 13
20 3 9
20 4 16
20 5 4
20 6 10
20 7 5
20 8 6
20 9 8
20 10 9
20 11 22
20 12 16
20 13 5
20 14 7
20 15 19
20 16 4
20 17 9
20 18 14
20 19 10
20 20 -1
20 21 17
20 22 9
20 23 17
20 24 15
20 25 17
21 1 22
21 2 7
21 3 8
21 4 4
21 5 20
21 6 22
21 7 21
21 8 18
21 9 21
21 10 9
21 11 17
21 12 20
21 13 17
21 14 12
21 15 15
21 16 21
21 17 14
21 18 18
21 19 21
21 20 17
21 21 -1
21 22 10
21 23 7
21 24 13
21 25 6
22 1 15
22 2 11
22 3 7
22 4 7
22 5 13
22 6 12
22 7 13
22 8 9
22 9 17
22 10 9
22 11 13
22 12 11
22 13 8
22 14 10
22 15 10
22 16 14
22 17 4
22 18 9
22 19 18
22 20 9
22 21 10
22 22 -1
22 23 8
22 24 6
22 25 13
23 1 23
23 2 13
23 3 11
23 4 3
23 5 21
23 6 19
23 7 21
23 8 17
23 9 24
23 10 13
23 11 10
23 12 14
23 13 16
23 14 16
23 15 8
23 16 22
23 17 11
23 18 13
23 19 25
23 20 17
23 21 7
23 22 8
23 23 -1
23 24 7
23 25 13
24 1 20
24 2 17
24 3 13
24 4 8
24 5 19
24 6 14
24 7 17
24 8 12
24 9 23
24 10 15
24 11 7
24 12 7
24 13 12
24 14 17
24 15 4
24 16 20
24 17 6
24 18 6
24 19 25
24 20 15
24 21 13
24 22 6
24 23 7
24 24 -1
24 25 18
25 1 21
25 2 4
25 3 8
25 4 10
25 5 19
25 6 25
25 7 22
25 8 21
25 9 20
25 10 8
25 11 23
25 12 25
25 13 19
25 14 11
25 15 21
25 16 20
25 17 18
25 18 23
25 19 19
25 20 17
25 21 6
25 22 13
25 23 13
25 24 18
25 25 -1
