1 1 -1
1 2 13
1 3 9
1 4 8
1 5 15
1 6 15
1 7 10
1 8 13
1 9 8
1 10 8
1 11 10
1 12 2
2 1 13
2 2 -1
2 3 10
2 4 7
2 5 2
2 6 2
2 7 5
2 8 3
2 9 6
2 10 5
2 11 3
2 12 12
3 1 9
3 2 10
3 3 -1
3 4 10
3 5 12
3 6 11
3 7 11
3 8 12
3 9 10
3 10 9
3 11 9
3 12 7
4 1 8
4 2 7
4 3 10
4 4 -1
4 5 8
4 6 9
4 7 2
4 8 5
4 9 1
4 10 2
4 11 4
4 12 8
5 1 15
5 2 2
5 3 12
5 4 8
5 5 -1
5 6 2
5 7 5
5 8 3
5 9 7
5 10 6
5 11 4
5 12 13
6 1 15
6 2 2
6 3 11
6 4 9
6 5 2
6 6 -1
6 7 7
6 8 5
6 9 8
6 10 7
6 11 5
6 12 14
7 1 10
7 2 5
7 3 11
7 4 2
7 5 5
7 6 7
7 7 -1
7 8 2
7 9 2
7 10 2
7 11 2
7 12 10
8 1 13
8 2 3
8 3 12
8 4 5
8 5 3
8 6 5
8 7 2
8 8 -1
8 9 5
8 10 4
8 11 3
8 12 12
9 1 8
9 2 6
9 3 10
9 4 1
9 5 7
9 6 8
9 7 2
9 8 5
9 9 -1
9 10 1
9 11 3
9 12 8
10 1 8
10 2 5
10 3 9
10 4 2
10 5 6
10 6 7
10 7 2
10 8 4
10 9 1
10 10 -1
10 11 2
10 12 8
11 1 10
11 2 3
11 3 9
11 4 4
11 5 4
11 6 5
11 7 2
11 8 3
11 9 3
11 10 2
11 11 -1
11 12 9
12 1 2
12 2 12
12 3 7
12 4 8
12 5 13
12 6 14
12 7 10
12 8 12
12 9 8
12 10 8
12 11 9
12 12 -1
