1 1 -1
1 2 7
1 3 60
1 4 16
1 5 39
1 6 48
1 7 50
1 8 7
1 9 36
1 10 46
1 11 67
1 12 44
1 13 61
1 14 55
1 15 42
1 16 11
1 17 53
1 18 67
1 19 52
1 20 35
1 21 38
1 22 15
1 23 10
1 24 51
1 25 80
1 26 51
1 27 53
1 28 33
1 29 79
1 30 60
1 31 50
1 32 55
1 33 15
1 34 20
1 35 11
1 36 21
1 37 20
1 38 19
1 39 27
1 40 72
1 41 41
1 42 23
1 43 48
1 44 4
1 45 61
1 46 21
1 47 51
1 48 20
1 49 41
1 50 12
1 51 48
1 52 13
1 53 44
1 54 64
1 55 62
1 56 65
1 57 23
1 58 35
1 59 5
1 60 33
1 61 75
1 62 40
1 63 46
1 64 32
1 65 45
1 66 51
1 67 18
1 68 52
1 69 46
1 70 30
1 71 52
1 72 24
1 73 6
1 74 38
1 75 36
1 76 60
1 77 44
1 78 58
2 1 7
2 2 -1
2 3 57
2 4 14
2 5 43
2 6 47
2 7 43
2 8 4
2 9 34
2 10 39
2 11 63
2 12 43
2 13 58
2 14 57
2 15 36
2 16 18
2 17 46
2 18 68
2 19 53
2 20 29
2 21 39
2 22 21
2 23 9
2 24 48
2 25 75
2 26 44
2 27 47
2 28 28
2 29 74
2 30 62
2 31 53
2 32 50
2 33 22
2 34 24
2 35 17
2 36 23
2 37 26
2 38 12
2 39 21
2 40 67
2 41 44
2 42 30
2 43 43
2 44 3
2 45 55
2 46 14
2 47 44
2 48 23
2 49 34
2 50 5
2 51 49
2 52 20
2 53 40
2 54 58
2 55 59
2 56 59
2 57 30
2 58 40
2 59 8
2 60 27
2 61 71
2 62 38
2 63 42
2 64 32
2 65 38
2 66 46
2 67 25
2 68 45
2 69 42
2 70 24
2 71 51
2 72 30
2 73 4
2 74 31
2 75 38
2 76 57
2 77 39
2 78 59
3 1 60
3 2 57
3 3 -1
3 4 44
3 5 46
3 6 12
3 7 53
3 8 53
3 9 23
3 10 51
3 11 15
3 12 19
3 13 5
3 14 34
3 15 36
3 16 68
3 17 52
3 18 32
3 19 27
3 20 68
3 21 29
3 22 57
3 23 49
3 24 9
3 25 35
3 26 72
3 27 38
3 28 32
3 29 33
3 30 31
3 31 42
3 32 33
3 33 70
3 34 50
3 35 59
3 36 44
3 37 59
3 38 61
3 39 44
3 40 31
3 41 43
3 42 75
3 43 27
3 44 60
3 45 40
3 46 52
3 47 60
3 48 47
3 49 57
3 50 56
3 51 26
3 52 61
3 53 19
3 54 42
3 55 10
3 56 42
3 57 69
3 58 52
3 59 55
3 60 35
3 61 20
3 62 20
3 63 16
3 64 31
3 65 64
3 66 20
3 67 62
3 68 54
3 69 21
3 70 65
3 71 17
3 72 64
3 73 61
3 74 57
3 75 36
3 76 10
3 77 25
3 78 29
4 1 16
4 2 14
4 3 44
4 4 -1
4 5 33
4 6 33
4 7 42
4 8 10
4 9 20
4 10 38
4 11 51
4 12 29
4 13 45
4 14 44
4 15 29
4 16 25
4 17 44
4 18 55
4 19 39
4 20 37
4 21 25
4 22 20
4 23 5
4 24 35
4 25 65
4 26 49
4 27 41
4 28 18
4 29 64
4 30 48
4 31 41
4 32 42
4 33 29
4 34 18
4 35 18
4 36 13
4 37 24
4 38 22
4 39 18
4 40 57
4 41 34
4 42 35
4 43 34
4 44 16
4 45 48
4 46 17
4 47 45
4 48 15
4 49 36
4 50 14
4 51 36
4 52 21
4 53 28
4 54 51
4 55 46
4 56 52
4 57 32
4 58 32
4 59 11
4 60 19
4 61 59
4 62 24
4 63 29
4 64 18
4 65 41
4 66 35
4 67 25
4 68 44
4 69 30
4 70 31
4 71 37
4 72 30
4 73 18
4 74 33
4 75 26
4 76 44
4 77 29
4 78 46
5 1 39
5 2 43
5 3 46
5 4 33
5 5 -1
5 6 34
5 7 73
5 8 39
5 9 34
5 10 69
5 11 60
5 12 28
5 13 51
5 14 21
5 15 56
5 16 39
5 17 74
5 18 34
5 19 22
5 20 70
5 21 18
5 22 26
5 23 34
5 24 42
5 25 79
5 26 82
5 27 67
5 28 44
5 29 78
5 30 28
5 31 12
5 32 65
5 33 37
5 34 19
5 35 29
5 36 20
5 37 23
5 38 54
5 39 50
5 40 73
5 41 4
5 42 39
5 43 56
5 44 42
5 45 73
5 46 51
5 47 77
5 48 19
5 49 69
5 50 46
5 51 21
5 52 29
5 53 45
5 54 76
5 55 55
5 56 76
5 57 32
5 58 7
5 59 35
5 60 47
5 61 66
5 62 32
5 63 43
5 64 21
5 65 75
5 66 52
5 67 26
5 68 74
5 69 48
5 70 65
5 71 30
5 72 25
5 73 45
5 74 66
5 75 11
5 76 54
5 77 50
5 78 26
6 1 48
6 2 47
6 3 12
6 4 33
6 5 34
6 6 -1
6 7 51
6 8 43
6 9 13
6 10 48
6 11 25
6 12 6
6 13 16
6 14 26
6 15 33
6 16 55
6 17 51
6 18 30
6 19 19
6 20 62
6 21 17
6 22 45
6 23 38
6 24 8
6 25 45
6 26 68
6 27 39
6 28 25
6 29 43
6 30 25
6 31 32
6 32 35
6 33 57
6 34 37
6 35 46
6 36 31
6 37 46
6 38 52
6 39 37
6 40 39
6 41 31
6 42 62
6 43 27
6 44 49
6 45 43
6 46 43
6 47 58
6 48 34
6 49 53
6 50 46
6 51 17
6 52 48
6 53 16
6 54 46
6 55 20
6 56 46
6 57 57
6 58 40
6 59 43
6 60 29
6 61 32
6 62 9
6 63 12
6 64 18
6 65 60
6 66 21
6 67 49
6 68 53
6 69 19
6 70 58
6 71 8
6 72 51
6 73 51
6 74 52
6 75 24
6 76 19
6 77 23
6 78 22
7 1 50
7 2 43
7 3 53
7 4 42
7 5 73
7 6 51
7 7 -1
7 8 43
7 9 42
7 10 4
7 11 48
7 12 53
7 13 50
7 14 76
7 15 18
7 16 61
7 17 3
7 18 81
7 19 69
7 20 26
7 21 58
7 22 61
7 23 44
7 24 46
7 25 47
7 26 20
7 27 16
7 28 29
7 29 48
7 30 76
7 31 77
7 32 22
7 33 66
7 34 60
7 35 58
7 36 55
7 37 66
7 38 34
7 39 24
7 40 40
7 41 72
7 42 73
7 43 25
7 44 46
7 45 21
7 46 28
7 47 6
7 48 57
7 49 11
7 50 38
7 51 65
7 52 61
7 53 35
7 54 22
7 55 47
7 56 23
7 57 72
7 58 73
7 59 49
7 60 25
7 61 53
7 62 45
7 63 39
7 64 52
7 65 15
7 66 33
7 67 66
7 68 2
7 69 33
7 70 27
7 71 60
7 72 71
7 73 45
7 74 14
7 75 62
7 76 45
7 77 29
7 78 74
8 1 7
8 2 4
8 3 53
8 4 10
8 5 39
8 6 43
8 7 43
8 8 -1
8 9 30
8 10 39
8 11 60
8 12 39
8 13 55
8 14 53
8 15 34
8 16 18
8 17 45
8 18 64
8 19 49
8 20 31
8 21 35
8 22 19
8 23 5
8 24 45
8 25 72
8 26 46
8 27 46
8 28 25
8 29 72
8 30 57
8 31 49
8 32 48
8 33 23
8 34 21
8 35 16
8 36 19
8 37 24
8 38 15
8 39 20
8 40 64
8 41 41
8 42 30
8 43 41
8 44 6
8 45 53
8 46 15
8 47 45
8 48 19
8 49 35
8 50 6
8 51 45
8 52 19
8 53 37
8 54 56
8 55 55
8 56 57
8 57 29
8 58 36
8 59 6
8 60 25
8 61 68
8 62 34
8 63 39
8 64 28
8 65 39
8 66 43
8 67 24
8 68 45
8 69 38
8 70 26
8 71 47
8 72 29
8 73 8
8 74 32
8 75 34
8 76 53
8 77 36
8 78 55
9 1 36
9 2 34
9 3 23
9 4 20
9 5 34
9 6 13
9 7 42
9 8 30
9 9 -1
9 10 38
9 11 32
9 12 12
9 13 25
9 14 34
9 15 23
9 16 45
9 17 42
9 18 41
9 19 27
9 20 49
9 21 17
9 22 36
9 23 25
9 24 14
9 25 48
9 26 56
9 27 33
9 28 13
9 29 47
9 30 35
9 31 36
9 32 31
9 33 47
9 34 29
9 35 36
9 36 23
9 37 38
9 38 38
9 39 24
9 40 41
9 41 32
9 42 53
9 43 22
9 44 36
9 45 39
9 46 30
9 47 47
9 48 26
9 49 41
9 50 33
9 51 23
9 52 39
9 53 11
9 54 42
9 55 26
9 56 42
9 57 48
9 58 37
9 59 31
9 60 17
9 61 39
9 62 4
9 63 10
9 64 13
9 65 48
9 66 19
9 67 41
9 68 43
9 69 14
9 70 45
9 71 20
9 72 44
9 73 38
9 74 40
9 75 23
9 76 25
9 77 16
9 78 32
10 1 46
10 2 39
10 3 51
10 4 38
10 5 69
10 6 48
10 7 4
10 8 39
10 9 38
10 10 -1
10 11 46
10 12 50
10 13 48
10 14 72
10 15 15
10 16 57
10 17 6
10 18 78
10 19 65
10 20 24
10 21 55
10 22 57
10 23 40
10 24 44
10 25 47
10 26 21
10 27 16
10 28 25
10 29 48
10 30 73
10 31 73
10 32 22
10 33 62
10 34 56
10 35 54
10 36 51
10 37 62
10 38 30
10 39 20
10 40 40
10 41 68
10 42 69
10 43 23
10 44 43
10 45 21
10 46 24
10 47 9
10 48 53
10 49 9
10 50 34
10 51 62
10 52 58
10 53 32
10 54 23
10 55 45
10 56 24
10 57 68
10 58 69
10 59 45
10 60 21
10 61 52
10 62 42
10 63 36
10 64 49
10 65 15
10 66 30
10 67 62
10 68 6
10 69 30
10 70 25
10 71 57
10 72 67
10 73 42
10 74 11
10 75 59
10 76 43
10 77 26
10 78 70
11 1 67
11 2 63
11 3 15
11 4 51
11 5 60
11 6 25
11 7 48
11 8 60
11 9 32
11 10 46
11 11 -1
11 12 32
11 13 10
11 14 49
11 15 34
11 16 76
11 17 46
11 18 47
11 19 42
11 20 68
11 21 43
11 22 68
11 23 56
11 24 18
11 25 20
11 26 68
11 27 31
11 28 35
11 29 18
11 30 46
11 31 57
11 32 25
11 33 79
11 34 61
11 35 68
11 36 55
11 37 70
11 38 64
11 39 46
11 40 16
11 41 57
11 42 85
11 43 24
11 44 66
11 45 30
11 46 54
11 47 54
11 48 58
11 49 54
11 50 61
11 51 41
11 52 71
11 53 22
11 54 31
11 55 5
11 56 31
11 57 80
11 58 66
11 59 63
11 60 37
11 61 7
11 62 30
11 63 21
11 64 43
11 65 61
11 66 18
11 67 72
11 68 48
11 69 21
11 70 66
11 71 32
11 72 75
11 73 67
11 74 55
11 75 50
11 76 7
11 77 25
11 78 44
12 1 44
12 2 43
12 3 19
12 4 29
12 5 28
12 6 6
12 7 53
12 8 39
12 9 12
12 10 50
12 11 32
12 12 -1
12 13 22
12 14 22
12 15 34
12 16 50
12 17 53
12 18 29
12 19 15
12 20 61
12 21 10
12 22 39
12 23 34
12 24 13
12 25 51
12 26 68
12 27 43
12 28 25
12 29 49
12 30 23
12 31 27
12 32 39
12 33 52
12 34 31
12 35 41
12 36 26
12 37 40
12 38 49
12 39 36
12 40 45
12 41 25
12 42 56
12 43 31
12 44 45
12 45 47
12 46 42
12 47 59
12 48 28
12 49 53
12 50 42
12 51 12
12 52 43
12 53 19
12 54 50
12 55 26
12 56 50
12 57 51
12 58 33
12 59 39
12 60 29
12 61 38
12 62 7
12 63 16
12 64 13
12 65 60
12 66 26
12 67 43
12 68 55
12 69 22
12 70 56
12 71 8
12 72 45
12 73 47
12 74 52
12 75 18
12 76 25
12 77 25
12 78 20
13 1 61
13 2 58
13 3 5
13 4 45
13 5 51
13 6 16
13 7 50
13 8 55
13 9 25
13 10 48
13 11 10
13 12 22
13 13 -1
13 14 39
13 15 34
13 16 70
13 17 49
13 18 37
13 19 32
13 20 67
13 21 33
13 22 60
13 23 50
13 24 10
13 25 30
13 26 69
13 27 35
13 28 32
13 29 28
13 30 36
13 31 47
13 32 29
13 33 72
13 34 53
13 35 61
13 36 47
13 37 62
13 38 61
13 39 44
13 40 26
13 41 47
13 42 77
13 43 25
13 44 61
13 45 36
13 46 52
13 47 57
13 48 50
13 49 55
13 50 56
13 51 31
13 52 63
13 53 19
13 54 38
13 55 5
13 56 37
13 57 72
13 58 56
13 59 57
13 60 35
13 61 15
13 62 22
13 63 16
13 64 34
13 65 62
13 66 17
13 67 65
13 68 51
13 69 19
13 70 64
13 71 21
13 72 67
13 73 62
13 74 55
13 75 40
13 76 5
13 77 23
13 78 34
14 1 55
14 2 57
14 3 34
14 4 44
14 5 21
14 6 26
14 7 76
14 8 53
14 9 34
14 10 72
14 11 49
14 12 22
14 13 39
14 14 -1
14 15 57
14 16 58
14 17 76
14 18 13
14 19 7
14 20 80
14 21 19
14 22 45
14 23 48
14 24 34
14 25 69
14 26 90
14 27 65
14 28 47
14 29 67
14 30 6
14 31 10
14 32 62
14 33 58
14 34 37
14 35 48
14 36 34
14 37 44
14 38 67
14 39 57
14 40 65
14 41 17
14 42 60
14 43 53
14 44 58
14 45 70
14 46 61
14 47 81
14 48 36
14 49 75
14 50 59
14 51 10
14 52 49
14 53 42
14 54 72
14 55 44
14 56 72
14 57 53
14 58 28
14 59 51
14 60 51
14 61 53
14 62 30
14 63 38
14 64 26
14 65 82
14 66 48
14 67 47
14 68 77
14 69 45
14 70 76
14 71 18
14 72 46
14 73 60
14 74 73
14 75 19
14 76 44
14 77 48
14 78 6
15 1 42
15 2 36
15 3 36
15 4 29
15 5 56
15 6 33
15 7 18
15 8 34
15 9 23
15 10 15
15 11 34
15 12 34
15 13 34
15 14 57
15 15 -1
15 16 53
15 17 18
15 18 63
15 19 50
15 20 34
15 21 40
15 22 49
15 23 33
15 24 28
15 25 40
15 26 35
15 27 12
15 28 12
15 29 40
15 30 58
15 31 59
15 32 14
15 33 57
15 34 46
15 35 47
15 36 40
15 37 53
15 38 32
15 39 15
15 40 32
15 41 54
15 42 64
15 43 10
15 44 39
15 45 19
15 46 23
15 47 24
15 48 42
15 49 21
15 50 31
15 51 47
15 52 50
15 53 17
15 54 22
15 55 31
15 56 23
15 57 61
15 58 58
15 59 39
15 60 9
15 61 41
15 62 27
15 63 21
15 64 35
15 65 28
15 66 16
15 67 54
15 68 20
15 69 15
15 70 32
15 71 42
15 72 59
15 73 39
15 74 21
15 75 45
15 76 29
15 77 10
15 78 55
16 1 11
16 2 18
16 3 68
16 4 25
16 5 39
16 6 55
16 7 61
16 8 18
16 9 45
16 10 57
16 11 76
16 12 50
16 13 70
16 14 58
16 15 53
16 16 -1
16 17 64
16 18 71
16 19 56
16 20 45
16 21 43
16 22 13
16 23 20
16 24 59
16 25 90
16 26 61
16 27 64
16 28 43
16 29 90
16 30 64
16 31 50
16 32 66
16 33 5
16 34 21
16 35 10
16 36 25
16 37 16
16 38 29
16 39 38
16 40 82
16 41 42
16 42 12
16 43 59
16 44 14
16 45 72
16 46 32
16 47 62
16 48 23
16 49 52
16 50 23
16 51 53
16 52 9
16 53 54
16 54 75
16 55 71
16 56 76
16 57 13
16 58 33
16 59 14
16 60 44
16 61 84
16 62 47
16 63 55
16 64 37
16 65 55
16 66 61
16 67 13
16 68 63
16 69 56
16 70 40
16 71 57
16 72 17
16 73 16
16 74 49
16 75 39
16 76 69
16 77 54
16 78 62
17 1 53
17 2 46
17 3 52
17 4 44
17 5 74
17 6 51
17 7 3
17 8 45
17 9 42
17 10 6
17 11 46
17 12 53
17 13 49
17 14 76
17 15 18
17 16 64
17 17 -1
17 18 81
17 19 69
17 20 30
17 21 59
17 22 63
17 23 46
17 24 46
17 25 44
17 26 23
17 27 14
17 28 30
17 29 45
17 30 76
17 31 78
17 32 20
17 33 68
17 34 62
17 35 61
17 36 57
17 37 68
17 38 37
17 39 26
17 40 37
17 41 73
17 42 76
17 43 24
17 44 49
17 45 18
17 46 31
17 47 9
17 48 59
17 49 15
17 50 41
17 51 66
17 52 64
17 53 35
17 54 19
17 55 45
17 56 20
17 57 75
17 58 75
17 59 51
17 60 26
17 61 51
17 62 46
17 63 39
17 64 53
17 65 18
17 66 31
17 67 69
17 68 3
17 69 32
17 70 31
17 71 60
17 72 73
17 73 48
17 74 17
17 75 64
17 76 44
17 77 28
17 78 74
18 1 67
18 2 68
18 3 32
18 4 55
18 5 34
18 6 30
18 7 81
18 8 64
18 9 41
18 10 78
18 11 47
18 12 29
18 13 37
18 14 13
18 15 63
18 16 71
18 17 81
18 18 -1
18 19 15
18 20 89
18 21 29
18 22 58
18 23 59
18 24 36
18 25 67
18 26 97
18 27 69
18 28 54
18 29 65
18 30 7
18 31 23
18 32 64
18 33 71
18 34 50
18 35 61
18 36 46
18 37 57
18 38 77
18 39 65
18 40 63
18 41 30
18 42 73
18 43 57
18 44 69
18 45 72
18 46 70
18 47 87
18 48 48
18 49 82
18 50 69
18 51 19
18 52 62
18 53 46
18 54 74
18 55 42
18 56 74
18 57 66
18 58 41
18 59 63
18 60 58
18 61 50
18 62 36
18 63 42
18 64 36
18 65 89
18 66 51
18 67 60
18 68 83
18 69 49
18 70 85
18 71 21
18 72 59
18 73 72
18 74 81
18 75 32
18 76 43
18 77 53
18 78 9
19 1 52
19 2 53
19 3 27
19 4 39
19 5 22
19 6 19
19 7 69
19 8 49
19 9 27
19 10 65
19 11 42
19 12 15
19 13 32
19 14 7
19 15 50
19 16 56
19 17 69
19 18 15
19 19 -1
19 20 74
19 21 13
19 22 43
19 23 43
19 24 27
19 25 62
19 26 83
19 27 58
19 28 40
19 29 61
19 30 8
19 31 14
19 32 54
19 33 56
19 34 35
19 35 46
19 36 31
19 37 42
19 38 61
19 39 50
19 40 58
19 41 18
19 42 59
19 43 46
19 44 54
19 45 62
19 46 55
19 47 74
19 48 33
19 49 68
19 50 54
19 51 3
19 52 47
19 53 35
19 54 65
19 55 37
19 56 65
19 57 52
19 58 29
19 59 47
19 60 44
19 61 47
19 62 23
19 63 31
19 64 21
19 65 75
19 66 41
19 67 45
19 68 70
19 69 37
19 70 70
19 71 11
19 72 45
19 73 56
19 74 67
19 75 17
19 76 37
19 77 41
19 78 6
20 1 35
20 2 29
20 3 68
20 4 37
20 5 70
20 6 62
20 7 26
20 8 31
20 9 49
20 10 24
20 11 68
20 12 61
20 13 67
20 14 80
20 15 34
20 16 45
20 17 30
20 18 89
20 19 74
20 20 -1
20 21 61
20 22 50
20 23 35
20 24 60
20 25 71
20 26 16
20 27 40
20 28 36
20 29 72
20 30 83
20 31 78
20 32 45
20 33 50
20 34 52
20 35 46
20 36 50
20 37 55
20 38 16
20 39 24
20 40 64
20 41 71
20 42 57
20 43 44
20 44 31
20 45 46
20 46 19
20 47 23
20 48 51
20 49 15
20 50 25
20 51 71
20 52 49
20 53 48
20 54 48
20 55 65
20 56 49
20 57 58
20 58 68
20 59 37
20 60 32
20 61 75
20 62 53
20 63 52
20 64 54
20 65 12
20 66 50
20 67 54
20 68 27
20 69 48
20 70 5
20 71 69
20 72 59
20 73 29
20 74 13
20 75 63
20 76 63
20 77 43
20 78 80
21 1 38
21 2 39
21 3 29
21 4 25
21 5 18
21 6 17
21 7 58
21 8 35
21 9 17
21 10 55
21 11 43
21 12 10
21 13 33
21 14 19
21 15 40
21 16 43
21 17 59
21 18 29
21 19 13
21 20 61
21 21 -1
21 22 30
21 23 29
21 24 24
21 25 61
21 26 71
21 27 50
21 28 29
21 29 60
21 30 22
21 31 18
21 32 48
21 33 43
21 34 22
21 35 33
21 36 18
21 37 31
21 38 48
21 39 38
21 40 55
21 41 15
21 42 47
21 43 39
21 44 40
21 45 56
21 46 41
21 47 63
21 48 20
21 49 56
21 50 40
21 51 10
21 52 34
21 53 28
21 54 59
21 55 37
21 56 59
21 57 41
21 58 23
21 59 33
21 60 33
21 61 49
21 62 15
21 63 25
21 64 7
21 65 63
21 66 35
21 67 34
21 68 60
21 69 31
21 70 56
21 71 15
21 72 35
21 73 42
21 74 55
21 75 7
21 76 36
21 77 33
21 78 20
22 1 15
22 2 21
22 3 57
22 4 20
22 5 26
22 6 45
22 7 61
22 8 19
22 9 36
22 10 57
22 11 68
22 12 39
22 13 60
22 14 45
22 15 49
22 16 13
22 17 63
22 18 58
22 19 43
22 20 50
22 21 30
22 22 -1
22 23 17
22 24 50
22 25 83
22 26 65
22 27 61
22 28 38
22 29 82
22 30 51
22 31 37
22 32 62
22 33 13
22 34 8
22 35 4
22 36 13
22 37 5
22 38 33
22 39 37
22 40 76
22 41 29
22 42 17
22 43 53
22 44 19
22 45 68
22 46 34
22 47 64
22 48 10
22 49 54
22 50 25
22 51 40
22 52 4
22 53 46
22 54 72
22 55 62
22 56 72
22 57 12
22 58 20
22 59 13
22 60 39
22 61 75
22 62 38
22 63 46
22 64 26
22 65 58
22 66 54
22 67 5
22 68 63
22 69 49
22 70 45
22 71 45
22 72 10
22 73 21
22 74 51
22 75 26
22 76 61
22 77 48
22 78 49
23 1 10
23 2 9
23 3 49
23 4 5
23 5 34
23 6 38
23 7 44
23 8 5
23 9 25
23 10 40
23 11 56
23 12 34
23 13 50
23 14 48
23 15 33
23 16 20
23 17 46
23 18 59
23 19 43
23 20 35
23 21 29
23 22 17
23 23 -1
23 24 40
23 25 70
23 26 49
23 27 45
23 28 23
23 29 69
23 30 52
23 31 44
23 32 46
23 33 24
23 34 17
23 35 14
23 36 14
23 37 22
23 38 19
23 39 20
23 40 62
23 41 36
23 42 31
23 43 38
23 44 11
23 45 52
23 46 17
23 47 47
23 48 15
23 49 37
23 50 11
23 51 40
23 52 18
23 53 34
23 54 55
23 55 51
23 56 56
23 57 28
23 58 32
23 59 6
23 60 23
23 61 64
23 62 29
23 63 35
23 64 22
23 65 42
23 66 40
23 67 22
23 68 46
23 69 35
23 70 30
23 71 42
23 72 27
23 73 13
23 74 34
23 75 28
23 76 50
23 77 33
23 78 49
24 1 51
24 2 48
24 3 9
24 4 35
24 5 42
24 6 8
24 7 46
24 8 45
24 9 14
24 10 44
24 11 18
24 12 13
24 13 10
24 14 34
24 15 28
24 16 59
24 17 46
24 18 36
24 19 27
24 20 60
24 21 24
24 22 50
24 23 40
24 24 -1
24 25 37
24 26 64
24 27 33
24 28 23
24 29 35
24 30 32
24 31 40
24 32 28
24 33 62
24 34 43
24 35 51
24 36 37
24 37 52
24 38 52
24 39 35
24 40 31
24 41 39
24 42 67
24 43 21
24 44 51
24 45 36
24 46 43
24 47 53
24 48 39
24 49 49
24 50 47
24 51 25
24 52 53
24 53 11
24 54 38
24 55 12
24 56 38
24 57 62
24 58 47
24 59 46
24 60 27
24 61 25
24 62 12
24 63 7
24 64 24
24 65 56
24 66 14
24 67 54
24 68 48
24 69 13
24 70 56
24 71 16
24 72 57
24 73 52
24 74 49
24 75 31
24 76 11
24 77 17
24 78 30
25 1 80
25 2 75
25 3 35
25 4 65
25 5 79
25 6 45
25 7 47
25 8 72
25 9 48
25 10 47
25 11 20
25 12 51
25 13 30
25 14 69
25 15 40
25 16 90
25 17 44
25 18 67
25 19 62
25 20 71
25 21 61
25 22 83
25 23 70
25 24 37
25 25 -1
25 26 67
25 27 31
25 28 46
25 29 2
25 30 66
25 31 77
25 32 26
25 33 94
25 34 78
25 35 83
25 36 71
25 37 87
25 38 72
25 39 55
25 40 8
25 41 76
25 42 100
25 43 31
25 44 78
25 45 26
25 46 63
25 47 53
25 48 74
25 49 56
25 50 71
25 51 61
25 52 86
25 53 37
25 54 25
25 55 25
25 56 24
25 57 96
25 58 84
25 59 76
25 60 47
25 61 17
25 62 47
25 63 37
25 64 60
25 65 62
25 66 29
25 67 88
25 68 47
25 69 34
25 70 71
25 71 51
25 72 92
25 73 79
25 74 58
25 75 68
25 76 25
25 77 36
25 78 64
26 1 51
26 2 44
26 3 72
26 4 49
26 5 82
26 6 68
26 7 20
26 8 46
26 9 56
26 10 21
26 11 68
26 12 68
26 13 69
26 14 90
26 15 35
26 16 61
26 17 23
26 18 97
26 19 83
26 20 16
26 21 71
26 22 65
26 23 49
26 24 64
26 25 67
26 26 -1
26 27 36
26 28 43
26 29 68
26 30 91
26 31 89
26 32 42
26 33 66
26 34 66
26 35 61
26 36 63
26 37 70
26 38 32
26 39 33
26 40 60
26 41 82
26 42 73
26 43 44
26 44 47
26 45 41
26 46 31
26 47 14
26 48 64
26 49 14
26 50 39
26 51 80
26 52 64
26 53 52
26 54 42
26 55 66
26 56 43
26 57 74
26 58 81
26 59 51
26 60 38
26 61 73
26 62 60
26 63 56
26 64 64
26 65 7
26 66 51
26 67 69
26 68 20
26 69 51
26 70 21
26 71 76
26 72 74
26 73 45
26 74 16
26 75 74
26 76 65
26 77 46
26 78 89
27 1 53
27 2 47
27 3 38
27 4 41
27 5 67
27 6 39
27 7 16
27 8 46
27 9 33
27 10 16
27 11 31
27 12 43
27 13 35
27 14 65
27 15 12
27 16 64
27 17 14
27 18 69
27 19 58
27 20 40
27 21 50
27 22 61
27 23 45
27 24 33
27 25 31
27 26 36
27 27 -1
27 28 23
27 29 32
27 30 65
27 31 69
27 32 6
27 33 69
27 34 57
27 35 59
27 36 52
27 37 65
27 38 42
27 39 26
27 40 24
27 41 65
27 42 76
27 43 12
27 44 51
27 45 7
27 46 33
27 47 23
27 48 54
27 49 25
27 50 43
27 51 55
27 52 63
27 53 23
27 54 10
27 55 31
27 56 11
27 57 73
27 58 69
27 59 51
27 60 21
27 61 37
27 62 35
27 63 27
27 64 46
27 65 31
27 66 18
27 67 66
27 68 17
27 69 20
27 70 39
27 71 48
27 72 71
27 73 50
27 74 26
27 75 56
27 76 30
27 77 17
27 78 62
28 1 33
28 2 28
28 3 32
28 4 18
28 5 44
28 6 25
28 7 29
28 8 25
28 9 13
28 10 25
28 11 35
28 12 25
28 13 32
28 14 47
28 15 12
28 16 43
28 17 30
28 18 54
28 19 40
28 20 36
28 21 29
28 22 38
28 23 23
28 24 23
28 25 46
28 26 43
28 27 23
28 28 -1
28 29 46
28 30 48
28 31 48
28 32 23
28 33 47
28 34 34
28 35 37
28 36 28
28 37 42
28 38 29
28 39 12
28 40 38
28 41 43
28 42 54
28 43 15
28 44 31
28 45 30
28 46 20
28 47 34
28 48 31
28 49 28
28 50 25
28 51 37
28 52 40
28 53 13
28 54 33
28 55 31
28 56 34
28 57 51
28 58 46
28 59 29
28 60 4
28 61 43
28 62 17
28 63 16
28 64 23
28 65 35
28 66 17
28 67 43
28 68 31
28 69 13
28 70 33
28 71 33
28 72 47
28 73 32
28 74 27
28 75 33
28 76 29
28 77 10
28 78 46
29 1 79
29 2 74
29 3 33
29 4 64
29 5 78
29 6 43
29 7 48
29 8 72
29 9 47
29 10 48
29 11 18
29 12 49
29 13 28
29 14 67
29 15 40
29 16 90
29 17 45
29 18 65
29 19 61
29 20 72
29 21 60
29 22 82
29 23 69
29 24 35
29 25 2
29 26 68
29 27 32
29 28 46
29 29 -1
29 30 64
29 31 75
29 32 26
29 33 93
29 34 77
29 35 82
29 36 70
29 37 86
29 38 72
29 39 55
29 40 8
29 41 75
29 42 99
29 43 31
29 44 78
29 45 27
29 46 63
29 47 54
29 48 73
29 49 57
29 50 71
29 51 59
29 52 85
29 53 36
29 54 26
29 55 23
29 56 25
29 57 95
29 58 83
29 59 75
29 60 47
29 61 15
29 62 46
29 63 36
29 64 59
29 65 63
29 66 29
29 67 87
29 68 48
29 69 33
29 70 71
29 71 50
29 72 91
29 73 78
29 74 59
29 75 67
29 76 24
29 77 35
29 78 62
30 1 60
30 2 62
30 3 31
30 4 48
30 5 28
30 6 25
30 7 76
30 8 57
30 9 35
30 10 73
30 11 46
30 12 23
30 13 36
30 14 6
30 15 58
30 16 64
30 17 76
30 18 7
30 19 8
30 20 83
30 21 22
30 22 51
30 23 52
30 24 32
30 25 66
30 26 91
30 27 65
30 28 48
30 29 64
30 30 -1
30 31 17
30 32 61
30 33 64
30 34 43
30 35 54
30 36 39
30 37 50
30 38 70
30 39 59
30 40 62
30 41 23
30 42 66
30 43 53
30 44 62
30 45 68
30 46 64
30 47 82
30 48 41
30 49 77
30 50 63
30 51 12
30 52 55
30 53 42
30 54 71
30 55 41
30 56 71
30 57 59
30 58 35
30 59 56
30 60 53
30 61 49
30 62 31
30 63 38
30 64 29
30 65 84
30 66 47
30 67 53
30 68 78
30 69 44
30 70 79
30 71 16
30 72 52
30 73 65
30 74 75
30 75 25
30 76 41
30 77 48
30 78 2
31 1 50
31 2 53
31 3 42
31 4 41
31 5 12
31 6 32
31 7 77
31 8 49
31 9 36
31 10 73
31 11 57
31 12 27
31 13 47
31 14 10
31 15 59
31 16 50
31 17 78
31 18 23
31 19 14
31 20 78
31 21 18
31 22 37
31 23 44
31 24 40
31 25 77
31 26 89
31 27 69
31 28 48
31 29 75
31 30 17
31 31 -1
31 32 66
31 33 49
31 34 30
31 35 41
31 36 29
31 37 35
31 38 63
31 39 56
31 40 71
31 41 8
31 42 51
31 43 57
31 44 53
31 45 74
31 46 58
31 47 82
31 48 30
31 49 75
31 50 55
31 51 15
31 52 41
31 53 46
31 54 77
31 55 51
31 56 77
31 57 44
31 58 19
31 59 45
31 60 52
31 61 62
31 62 33
31 63 43
31 64 25
31 65 81
31 66 53
31 67 38
31 68 79
31 69 49
31 70 73
31 71 25
31 72 37
31 73 55
31 74 73
31 75 15
31 76 51
31 77 51
31 78 17
32 1 55
32 2 50
32 3 33
32 4 42
32 5 65
32 6 35
32 7 22
32 8 48
32 9 31
32 10 22
32 11 25
32 12 39
32 13 29
32 14 62
32 15 14
32 16 66
32 17 20
32 18 64
32 19 54
32 20 45
32 21 48
32 22 62
32 23 46
32 24 28
32 25 26
32 26 42
32 27 6
32 28 23
32 29 26
32 30 61
32 31 66
32 32 -1
32 33 70
32 34 57
32 35 61
32 36 51
32 37 66
32 38 46
32 39 29
32 40 18
32 41 63
32 42 77
32 43 9
32 44 53
32 45 8
32 46 37
32 47 29
32 48 54
32 49 31
32 50 46
32 51 52
32 52 64
32 53 20
32 54 11
32 55 25
32 56 11
32 57 74
32 58 68
32 59 52
32 60 22
32 61 31
32 62 33
32 63 23
32 64 44
32 65 37
32 66 13
32 67 67
32 68 23
32 69 17
32 70 44
32 71 44
32 72 71
32 73 53
32 74 32
32 75 54
32 76 24
32 77 15
32 78 58
33 1 15
33 2 22
33 3 70
33 4 29
33 5 37
33 6 57
33 7 66
33 8 23
33 9 47
33 10 62
33 11 79
33 12 52
33 13 72
33 14 58
33 15 57
33 16 5
33 17 68
33 18 71
33 19 56
33 20 50
33 21 43
33 22 13
33 23 24
33 24 62
33 25 94
33 26 66
33 27 69
33 28 47
33 29 93
33 30 64
33 31 49
33 32 70
33 33 -1
33 34 21
33 35 11
33 36 26
33 37 14
33 38 34
33 39 43
33 40 86
33 41 41
33 42 7
33 43 63
33 44 19
33 45 76
33 46 37
33 47 67
33 48 23
33 49 57
33 50 27
33 51 53
33 52 9
33 53 57
33 54 79
33 55 74
33 56 80
33 57 9
33 58 31
33 59 18
33 60 48
33 61 87
33 62 50
33 63 58
33 64 39
33 65 60
33 66 64
33 67 11
33 68 68
33 69 59
33 70 45
33 71 58
33 72 14
33 73 21
33 74 53
33 75 39
33 76 72
33 77 58
33 78 62
34 1 20
34 2 24
34 3 50
34 4 18
34 5 19
34 6 37
34 7 60
34 8 21
34 9 29
34 10 56
34 11 61
34 12 31
34 13 53
34 14 37
34 15 46
34 16 21
34 17 62
34 18 50
34 19 35
34 20 52
34 21 22
34 22 8
34 23 17
34 24 43
34 25 78
34 26 66
34 27 57
34 28 34
34 29 77
34 30 43
34 31 30
34 32 57
34 33 21
34 34 -1
34 35 11
34 36 6
34 37 9
34 38 36
34 39 36
34 40 70
34 41 21
34 42 25
34 43 49
34 44 23
34 45 65
34 46 34
34 47 63
34 48 3
34 49 53
34 50 27
34 51 32
34 52 12
34 53 41
34 54 68
34 55 55
34 56 68
34 57 19
34 58 15
34 59 16
34 60 36
34 61 68
34 62 31
34 63 40
34 64 18
34 65 59
34 66 48
34 67 11
34 68 62
34 69 43
34 70 47
34 71 37
34 72 14
34 73 26
34 74 51
34 75 18
34 76 54
34 77 43
34 78 41
35 1 11
35 2 17
35 3 59
35 4 18
35 5 29
35 6 46
35 7 58
35 8 16
35 9 36
35 10 54
35 11 68
35 12 41
35 13 61
35 14 48
35 15 47
35 16 10
35 17 61
35 18 61
35 19 46
35 20 46
35 21 33
35 22 4
35 23 14
35 24 51
35 25 83
35 26 61
35 27 59
35 28 37
35 29 82
35 30 54
35 31 41
35 32 61
35 33 11
35 34 11
35 35 -1
35 36 15
35 37 8
35 38 30
35 39 35
35 40 75
35 41 32
35 42 16
35 43 53
35 44 15
35 45 67
35 46 31
35 47 61
35 48 13
35 49 51
35 50 22
35 51 43
35 52 3
35 53 46
35 54 70
35 55 63
35 56 71
35 57 13
35 58 25
35 59 10
35 60 38
35 61 76
35 62 38
35 63 47
35 64 28
35 65 55
35 66 53
35 67 8
35 68 60
35 69 48
35 70 41
35 71 48
35 72 13
35 73 17
35 74 48
35 75 29
35 76 61
35 77 47
35 78 52
36 1 21
36 2 23
36 3 44
36 4 13
36 5 20
36 6 31
36 7 55
36 8 19
36 9 23
36 10 51
36 11 55
36 12 26
36 13 47
36 14 34
36 15 40
36 16 25
36 17 57
36 18 46
36 19 31
36 20 50
36 21 18
36 22 13
36 23 14
36 24 37
36 25 71
36 26 63
36 27 52
36 28 28
36 29 70
36 30 39
36 31 29
36 32 51
36 33 26
36 34 6
36 35 15
36 36 -1
36 37 15
36 38 34
36 39 31
36 40 64
36 41 21
36 42 30
36 43 43
36 44 23
36 45 59
36 46 31
36 47 59
36 48 2
36 49 50
36 50 26
36 51 28
36 52 17
36 53 34
36 54 62
36 55 49
36 56 62
36 57 25
36 58 18
36 59 16
36 60 31
36 61 62
36 62 24
36 63 34
36 64 13
36 65 55
36 66 42
36 67 17
36 68 57
36 69 37
36 70 45
36 71 32
36 72 20
36 73 26
36 74 47
36 75 14
36 76 48
36 77 37
36 78 37
37 1 20
37 2 26
37 3 59
37 4 24
37 5 23
37 6 46
37 7 66
37 8 24
37 9 38
37 10 62
37 11 70
37 12 40
37 13 62
37 14 44
37 15 53
37 16 16
37 17 68
37 18 57
37 19 42
37 20 55
37 21 31
37 22 5
37 23 22
37 24 52
37 25 87
37 26 70
37 27 65
37 28 42
37 29 86
37 30 50
37 31 35
37 32 66
37 33 14
37 34 9
37 35 8
37 36 15
37 37 -1
37 38 38
37 39 42
37 40 79
37 41 27
37 42 16
37 43 57
37 44 24
37 45 73
37 46 39
37 47 69
37 48 12
37 49 59
37 50 30
37 51 40
37 52 7
37 53 50
37 54 76
37 55 65
37 56 76
37 57 10
37 58 17
37 59 18
37 60 44
37 61 77
37 62 40
37 63 49
37 64 28
37 65 63
37 66 57
37 67 3
37 68 68
37 69 52
37 70 50
37 71 46
37 72 5
37 73 26
37 74 56
37 75 25
37 76 63
37 77 51
37 78 48
38 1 19
38 2 12
38 3 61
38 4 22
38 5 54
38 6 52
38 7 34
38 8 15
38 9 38
38 10 30
38 11 64
38 12 49
38 13 61
38 14 67
38 15 32
38 16 29
38 17 37
38 18 77
38 19 61
38 20 16
38 21 48
38 22 33
38 23 19
38 24 52
38 25 72
38 26 32
38 27 42
38 28 29
38 29 72
38 30 70
38 31 63
38 32 46
38 33 34
38 34 36
38 35 30
38 36 34
38 37 38
38 38 -1
38 39 17
38 40 64
38 41 55
38 42 41
38 43 41
38 44 15
38 45 49
38 46 9
38 47 34
38 48 35
38 49 23
38 50 8
38 51 58
38 52 32
38 53 42
38 54 52
38 55 60
38 56 53
38 57 42
38 58 52
38 59 20
38 60 26
38 61 71
38 62 43
38 63 45
38 64 40
38 65 26
38 66 46
38 67 38
38 68 35
38 69 42
38 70 11
38 71 58
38 72 43
38 73 13
38 74 20
38 75 48
38 76 58
38 77 38
38 78 68
39 1 27
39 2 21
39 3 44
39 4 18
39 5 50
39 6 37
39 7 24
39 8 20
39 9 24
39 10 20
39 11 46
39 12 36
39 13 44
39 14 57
39 15 15
39 16 38
39 17 26
39 18 65
39 19 50
39 20 24
39 21 38
39 22 37
39 23 20
39 24 35
39 25 55
39 26 33
39 27 26
39 28 12
39 29 55
39 30 59
39 31 56
39 32 29
39 33 43
39 34 36
39 35 35
39 36 31
39 37 42
39 38 17
39 39 -1
39 40 47
39 41 50
39 42 50
39 43 23
39 44 25
39 45 34
39 46 8
39 47 27
39 48 33
39 49 18
39 50 16
39 51 47
39 52 38
39 53 25
39 54 37
39 55 43
39 56 37
39 57 49
39 58 50
39 59 25
39 60 9
39 61 53
39 62 29
39 63 28
39 64 31
39 65 25
39 66 28
39 67 42
39 68 26
39 69 25
39 70 20
39 71 44
39 72 47
39 73 24
39 74 16
39 75 41
39 76 41
39 77 21
39 78 56
40 1 72
40 2 67
40 3 31
40 4 57
40 5 73
40 6 39
40 7 40
40 8 64
40 9 41
40 10 40
40 11 16
40 12 45
40 13 26
40 14 65
40 15 32
40 16 82
40 17 37
40 18 63
40 19 58
40 20 64
40 21 55
40 22 76
40 23 62
40 24 31
40 25 8
40 26 60
40 27 24
40 28 38
40 29 8
40 30 62
40 31 71
40 32 18
40 33 86
40 34 70
40 35 75
40 36 64
40 37 79
40 38 64
40 39 47
40 40 -1
40 41 70
40 42 92
40 43 23
40 44 70
40 45 19
40 46 55
40 47 46
40 48 67
40 49 49
40 50 63
40 51 56
40 52 78
40 53 29
40 54 18
40 55 21
40 56 18
40 57 89
40 58 78
40 59 68
40 60 39
40 61 17
40 62 41
40 63 30
40 64 54
40 65 55
40 66 22
40 67 81
40 68 40
40 69 27
40 70 63
40 71 47
40 72 84
40 73 71
40 74 50
40 75 62
40 76 21
40 77 28
40 78 60
41 1 41
41 2 44
41 3 43
41 4 34
41 5 4
41 6 31
41 7 72
41 8 41
41 9 32
41 10 68
41 11 57
41 12 25
41 13 47
41 14 17
41 15 54
41 16 42
41 17 73
41 18 30
41 19 18
41 20 71
41 21 15
41 22 29
41 23 36
41 24 39
41 25 76
41 26 82
41 27 65
41 28 43
41 29 75
41 30 23
41 31 8
41 32 63
41 33 41
41 34 21
41 35 32
41 36 21
41 37 27
41 38 55
41 39 50
41 40 70
41 41 -1
41 42 43
41 43 54
41 44 44
41 45 71
41 46 51
41 47 76
41 48 21
41 49 68
41 50 47
41 51 16
41 52 32
41 53 43
41 54 74
41 55 51
41 56 74
41 57 36
41 58 11
41 59 37
41 60 46
41 61 63
41 62 30
41 63 40
41 64 19
41 65 75
41 66 50
41 67 30
41 68 74
41 69 46
41 70 66
41 71 26
41 72 29
41 73 47
41 74 66
41 75 9
41 76 50
41 77 48
41 78 22
42 1 23
42 2 30
42 3 75
42 4 35
42 5 39
42 6 62
42 7 73
42 8 30
42 9 53
42 10 69
42 11 85
42 12 56
42 13 77
42 14 60
42 15 64
42 16 12
42 17 76
42 18 73
42 19 59
42 20 57
42 21 47
42 22 17
42 23 31
42 24 67
42 25 100
42 26 73
42 27 76
42 28 54
42 29 99
42 30 66
42 31 51
42 32 77
42 33 7
42 34 25
42 35 16
42 36 30
42 37 16
42 38 41
42 39 50
42 40 92
42 41 43
42 42 -1
42 43 69
42 44 26
42 45 83
42 46 44
42 47 74
42 48 28
42 49 64
42 50 35
42 51 56
42 52 14
42 53 63
42 54 86
42 55 80
42 56 87
42 57 7
42 58 32
42 59 25
42 60 54
42 61 92
42 62 55
42 63 63
42 64 43
42 65 67
42 66 70
42 67 13
42 68 75
42 69 65
42 70 52
42 71 62
42 72 14
42 73 28
42 74 61
42 75 42
42 76 78
42 77 64
42 78 64
43 1 48
43 2 43
43 3 27
43 4 34
43 5 56
43 6 27
43 7 25
43 8 41
43 9 22
43 10 23
43 11 24
43 12 31
43 13 25
43 14 53
43 15 10
43 16 59
43 17 24
43 18 57
43 19 46
43 20 44
43 21 39
43 22 53
43 23 38
43 24 21
43 25 31
43 26 44
43 27 12
43 28 15
43 29 31
43 30 53
43 31 57
43 32 9
43 33 63
43 34 49
43 35 53
43 36 43
43 37 57
43 38 41
43 39 23
43 40 23
43 41 54
43 42 69
43 43 -1
43 44 47
43 45 17
43 46 32
43 47 32
43 48 45
43 49 31
43 50 39
43 51 43
43 52 56
43 53 11
43 54 20
43 55 22
43 56 20
43 57 66
43 58 59
43 59 45
43 60 15
43 61 31
43 62 24
43 63 15
43 64 35
43 65 37
43 66 7
43 67 59
43 68 27
43 69 8
43 70 42
43 71 36
43 72 63
43 73 47
43 74 31
43 75 45
43 76 20
43 77 6
43 78 50
44 1 4
44 2 3
44 3 60
44 4 16
44 5 42
44 6 49
44 7 46
44 8 6
44 9 36
44 10 43
44 11 66
44 12 45
44 13 61
44 14 58
44 15 39
44 16 14
44 17 49
44 18 69
44 19 54
44 20 31
44 21 40
44 22 19
44 23 11
44 24 51
44 25 78
44 26 47
44 27 51
44 28 31
44 29 78
44 30 62
44 31 53
44 32 53
44 33 19
44 34 23
44 35 15
44 36 23
44 37 24
44 38 15
44 39 25
44 40 70
44 41 44
44 42 26
44 43 47
44 44 -1
44 45 59
44 46 18
44 47 48
44 48 23
44 49 37
44 50 8
44 51 50
44 52 17
44 53 43
44 54 62
44 55 62
44 56 62
44 57 27
44 58 38
44 59 7
44 60 31
44 61 74
44 62 40
44 63 45
44 64 33
44 65 41
44 66 49
44 67 23
44 68 48
44 69 45
44 70 26
44 71 53
44 72 28
44 73 2
44 74 34
44 75 38
44 76 60
44 77 42
44 78 60
45 1 61
45 2 55
45 3 40
45 4 48
45 5 73
45 6 43
45 7 21
45 8 53
45 9 39
45 10 21
45 11 30
45 12 47
45 13 36
45 14 70
45 15 19
45 16 72
45 17 18
45 18 72
45 19 62
45 20 46
45 21 56
45 22 68
45 23 52
45 24 36
45 25 26
45 26 41
45 27 7
45 28 30
45 29 27
45 30 68
45 31 74
45 32 8
45 33 76
45 34 65
45 35 67
45 36 59
45 37 73
45 38 49
45 39 34
45 40 19
45 41 71
45 42 83
45 43 17
45 44 59
45 45 -1
45 46 41
45 47 27
45 48 61
45 49 31
45 50 50
45 51 60
45 52 70
45 53 28
45 54 3
45 55 31
45 56 3
45 57 81
45 58 75
45 59 58
45 60 29
45 61 34
45 62 41
45 63 31
45 64 52
45 65 36
45 66 21
45 67 74
45 68 21
45 69 25
45 70 46
45 71 52
45 72 78
45 73 58
45 74 33
45 75 62
45 76 30
45 77 23
45 78 66
46 1 21
46 2 14
46 3 52
46 4 17
46 5 51
46 6 43
46 7 28
46 8 15
46 9 30
46 10 24
46 11 54
46 12 42
46 13 52
46 14 61
46 15 23
46 16 32
46 17 31
46 18 70
46 19 55
46 20 19
46 21 41
46 22 34
46 23 17
46 24 43
46 25 63
46 26 31
46 27 33
46 28 20
46 29 63
46 30 64
46 31 58
46 32 37
46 33 37
46 34 34
46 35 31
46 36 31
46 37 39
46 38 9
46 39 8
46 40 55
46 41 51
46 42 44
46 43 32
46 44 18
46 45 41
46 46 -1
46 47 30
46 48 32
46 49 20
46 50 9
46 51 51
46 52 34
46 53 33
46 54 44
46 55 51
46 56 45
46 57 44
46 58 49
46 59 21
46 60 17
46 61 62
46 62 35
46 63 36
46 64 34
46 65 24
46 66 36
46 67 39
46 68 30
46 69 33
46 70 15
46 71 50
46 72 44
46 73 17
46 74 17
46 75 43
46 76 49
46 77 29
46 78 61
47 1 51
47 2 44
47 3 60
47 4 45
47 5 77
47 6 58
47 7 6
47 8 45
47 9 47
47 10 9
47 11 54
47 12 59
47 13 57
47 14 81
47 15 24
47 16 62
47 17 9
47 18 87
47 19 74
47 20 23
47 21 63
47 22 64
47 23 47
47 24 53
47 25 53
47 26 14
47 27 23
47 28 34
47 29 54
47 30 82
47 31 82
47 32 29
47 33 67
47 34 63
47 35 61
47 36 59
47 37 69
47 38 34
47 39 27
47 40 46
47 41 76
47 42 74
47 43 32
47 44 48
47 45 27
47 46 30
47 47 -1
47 48 60
47 49 10
47 50 39
47 51 71
47 52 64
47 53 41
47 54 28
47 55 54
47 56 29
47 57 74
47 58 77
47 59 51
47 60 30
47 61 60
47 62 51
47 63 45
47 64 57
47 65 10
47 66 39
47 67 69
47 68 6
47 69 39
47 70 25
47 71 66
47 72 74
47 73 46
47 74 13
47 75 67
47 76 52
47 77 35
47 78 80
48 1 20
48 2 23
48 3 47
48 4 15
48 5 19
48 6 34
48 7 57
48 8 19
48 9 26
48 10 53
48 11 58
48 12 28
48 13 50
48 14 36
48 15 42
48 16 23
48 17 59
48 18 48
48 19 33
48 20 51
48 21 20
48 22 10
48 23 15
48 24 39
48 25 74
48 26 64
48 27 54
48 28 31
48 29 73
48 30 41
48 31 30
48 32 54
48 33 23
48 34 3
48 35 13
48 36 2
48 37 12
48 38 35
48 39 33
48 40 67
48 41 21
48 42 28
48 43 45
48 44 23
48 45 61
48 46 32
48 47 60
48 48 -1
48 49 51
48 50 26
48 51 30
48 52 14
48 53 37
48 54 64
48 55 52
48 56 65
48 57 22
48 58 17
48 59 15
48 60 33
48 61 65
48 62 27
48 63 36
48 64 15
48 65 56
48 66 44
48 67 15
48 68 59
48 69 39
48 70 45
48 71 35
48 72 17
48 73 25
48 74 48
48 75 16
48 76 50
48 77 39
48 78 39
49 1 41
49 2 34
49 3 57
49 4 36
49 5 69
49 6 53
49 7 11
49 8 35
49 9 41
49 10 9
49 11 54
49 12 53
49 13 55
49 14 75
49 15 21
49 16 52
49 17 15
49 18 82
49 19 68
49 20 15
49 21 56
49 22 54
49 23 37
49 24 49
49 25 56
49 26 14
49 27 25
49 28 28
49 29 57
49 30 77
49 31 75
49 32 31
49 33 57
49 34 53
49 35 51
49 36 50
49 37 59
49 38 23
49 39 18
49 40 49
49 41 68
49 42 64
49 43 31
49 44 37
49 45 31
49 46 20
49 47 10
49 48 51
49 49 -1
49 50 29
49 51 65
49 52 54
49 53 38
49 54 33
49 55 53
49 56 34
49 57 64
49 58 68
49 59 41
49 60 24
49 61 61
49 62 45
49 63 42
49 64 50
49 65 7
49 66 37
49 67 59
49 68 12
49 69 36
49 70 16
49 71 61
49 72 64
49 73 36
49 74 3
49 75 59
49 76 51
49 77 32
49 78 74
50 1 12
50 2 5
50 3 56
50 4 14
50 5 46
50 6 46
50 7 38
50 8 6
50 9 33
50 10 34
50 11 61
50 12 42
50 13 56
50 14 59
50 15 31
50 16 23
50 17 41
50 18 69
50 19 54
50 20 25
50 21 40
50 22 25
50 23 11
50 24 47
50 25 71
50 26 39
50 27 43
50 28 25
50 29 71
50 30 63
50 31 55
50 32 46
50 33 27
50 34 27
50 35 22
50 36 26
50 37 30
50 38 8
50 39 16
50 40 63
50 41 47
50 42 35
50 43 39
50 44 8
50 45 50
50 46 9
50 47 39
50 48 26
50 49 29
50 50 -1
50 51 50
50 52 25
50 53 38
50 54 53
50 55 56
50 56 54
50 57 35
50 58 43
50 59 12
50 60 24
50 61 68
50 62 37
50 63 40
50 64 33
50 65 33
50 66 43
50 67 30
50 68 40
50 69 39
50 70 19
50 71 51
50 72 35
50 73 7
50 74 26
50 75 40
50 76 54
50 77 36
50 78 60
51 1 48
51 2 49
51 3 26
51 4 36
51 5 21
51 6 17
51 7 65
51 8 45
51 9 23
51 10 62
51 11 41
51 12 12
51 13 31
51 14 10
51 15 47
51 16 53
51 17 66
51 18 19
51 19 3
51 20 71
51 21 10
51 22 40
51 23 40
51 24 25
51 25 61
51 26 80
51 27 55
51 28 37
51 29 59
51 30 12
51 31 15
51 32 52
51 33 53
51 34 32
51 35 43
51 36 28
51 37 40
51 38 58
51 39 47
51 40 56
51 41 16
51 42 56
51 43 43
51 44 50
51 45 60
51 46 51
51 47 71
51 48 30
51 49 65
51 50 50
51 51 -1
51 52 44
51 53 32
51 54 62
51 55 36
51 56 62
51 57 50
51 58 28
51 59 43
51 60 41
51 61 47
51 62 20
51 63 28
51 64 17
51 65 72
51 66 38
51 67 42
51 68 67
51 69 35
51 70 66
51 71 9
51 72 43
51 73 53
51 74 63
51 75 14
51 76 35
51 77 38
51 78 9
52 1 13
52 2 20
52 3 61
52 4 21
52 5 29
52 6 48
52 7 61
52 8 19
52 9 39
52 10 58
52 11 71
52 12 43
52 13 63
52 14 49
52 15 50
52 16 9
52 17 64
52 18 62
52 19 47
52 20 49
52 21 34
52 22 4
52 23 18
52 24 53
52 25 86
52 26 64
52 27 63
52 28 40
52 29 85
52 30 55
52 31 41
52 32 64
52 33 9
52 34 12
52 35 3
52 36 17
52 37 7
52 38 32
52 39 38
52 40 78
52 41 32
52 42 14
52 43 56
52 44 17
52 45 70
52 46 34
52 47 64
52 48 14
52 49 54
52 50 25
52 51 44
52 52 -1
52 53 49
52 54 73
52 55 65
52 56 74
52 57 10
52 58 24
52 59 13
52 60 41
52 61 78
52 62 41
52 63 49
52 64 30
52 65 58
52 66 56
52 67 5
52 68 63
52 69 51
52 70 44
52 71 49
52 72 10
52 73 20
52 74 51
52 75 30
52 76 64
52 77 50
52 78 53
53 1 44
53 2 40
53 3 19
53 4 28
53 5 45
53 6 16
53 7 35
53 8 37
53 9 11
53 10 32
53 11 22
53 12 19
53 13 19
53 14 42
53 15 17
53 16 54
53 17 35
53 18 46
53 19 35
53 20 48
53 21 28
53 22 46
53 23 34
53 24 11
53 25 37
53 26 52
53 27 23
53 28 13
53 29 36
53 30 42
53 31 46
53 32 20
53 33 57
53 34 41
53 35 46
53 36 34
53 37 50
53 38 42
53 39 25
53 40 29
53 41 43
53 42 63
53 43 11
53 44 43
53 45 28
53 46 33
53 47 41
53 48 37
53 49 38
53 50 38
53 51 32
53 52 49
53 53 -1
53 54 31
53 55 18
53 56 31
53 57 59
53 58 49
53 59 40
53 60 16
53 61 30
53 62 13
53 63 4
53 64 25
53 65 45
53 66 7
53 67 51
53 68 36
53 69 3
53 70 45
53 71 25
53 72 55
53 73 44
53 74 37
53 75 34
53 76 16
53 77 6
53 78 39
54 1 64
54 2 58
54 3 42
54 4 51
54 5 76
54 6 46
54 7 22
54 8 56
54 9 42
54 10 23
54 11 31
54 12 50
54 13 38
54 14 72
54 15 22
54 16 75
54 17 19
54 18 74
54 19 65
54 20 48
54 21 59
54 22 72
54 23 55
54 24 38
54 25 25
54 26 42
54 27 10
54 28 33
54 29 26
54 30 71
54 31 77
54 32 11
54 33 79
54 34 68
54 35 70
54 36 62
54 37 76
54 38 52
54 39 37
54 40 18
54 41 74
54 42 86
54 43 20
54 44 62
54 45 3
54 46 44
54 47 28
54 48 64
54 49 33
54 50 53
54 51 62
54 52 73
54 53 31
54 54 -1
54 55 33
54 56 1
54 57 84
54 58 78
54 59 61
54 60 32
54 61 35
54 62 44
54 63 34
54 64 55
54 65 37
54 66 24
54 67 77
54 68 22
54 69 28
54 70 48
54 71 55
54 72 81
54 73 61
54 74 35
54 75 65
54 76 32
54 77 26
54 78 68
55 1 62
55 2 59
55 3 10
55 4 46
55 5 55
55 6 20
55 7 47
55 8 55
55 9 26
55 10 45
55 11 5
55 12 26
55 13 5
55 14 44
55 15 31
55 16 71
55 17 45
55 18 42
55 19 37
55 20 65
55 21 37
55 22 62
55 23 51
55 24 12
55 25 25
55 26 66
55 27 31
55 28 31
55 29 23
55 30 41
55 31 51
55 32 25
55 33 74
55 34 55
55 35 63
55 36 49
55 37 65
55 38 60
55 39 43
55 40 21
55 41 51
55 42 80
55 43 22
55 44 62
55 45 31
55 46 51
55 47 54
55 48 52
55 49 53
55 50 56
55 51 36
55 52 65
55 53 18
55 54 33
55 55 -1
55 56 33
55 57 75
55 58 60
55 59 58
55 60 34
55 61 12
55 62 24
55 63 16
55 64 37
55 65 60
55 66 15
55 67 67
55 68 48
55 69 18
55 70 63
55 71 26
55 72 70
55 73 63
55 74 53
55 75 44
55 76 2
55 77 22
55 78 39
56 1 65
56 2 59
56 3 42
56 4 52
56 5 76
56 6 46
56 7 23
56 8 57
56 9 42
56 10 24
56 11 31
56 12 50
56 13 37
56 14 72
56 15 23
56 16 76
56 17 20
56 18 74
56 19 65
56 20 49
56 21 59
56 22 72
56 23 56
56 24 38
56 25 24
56 26 43
56 27 11
56 28 34
56 29 25
56 30 71
56 31 77
56 32 11
56 33 80
56 34 68
56 35 71
56 36 62
56 37 76
56 38 53
56 39 37
56 40 18
56 41 74
56 42 87
56 43 20
56 44 62
56 45 3
56 46 45
56 47 29
56 48 65
56 49 34
56 50 54
56 51 62
56 52 74
56 53 31
56 54 1
56 55 33
56 56 -1
56 57 84
56 58 79
56 59 62
56 60 32
56 61 34
56 62 44
56 63 34
56 64 55
56 65 38
56 66 24
56 67 77
56 68 23
56 69 28
56 70 49
56 71 54
56 72 82
56 73 62
56 74 36
56 75 65
56 76 31
56 77 26
56 78 68
57 1 23
57 2 30
57 3 69
57 4 32
57 5 32
57 6 57
57 7 72
57 8 29
57 9 48
57 10 68
57 11 80
57 12 51
57 13 72
57 14 53
57 15 61
57 16 13
57 17 75
57 18 66
57 19 52
57 20 58
57 21 41
57 22 12
57 23 28
57 24 62
57 25 96
57 26 74
57 27 73
57 28 51
57 29 95
57 30 59
57 31 44
57 32 74
57 33 9
57 34 19
57 35 13
57 36 25
57 37 10
57 38 42
57 39 49
57 40 89
57 41 36
57 42 7
57 43 66
57 44 27
57 45 81
57 46 44
57 47 74
57 48 22
57 49 64
57 50 35
57 51 50
57 52 10
57 53 59
57 54 84
57 55 75
57 56 84
57 57 -1
57 58 25
57 59 23
57 60 52
57 61 87
57 62 50
57 63 59
57 64 38
57 65 68
57 66 66
57 67 7
57 68 74
57 69 61
57 70 53
57 71 56
57 72 7
57 73 29
57 74 61
57 75 35
57 76 73
57 77 61
57 78 57
58 1 35
58 2 40
58 3 52
58 4 32
58 5 7
58 6 40
58 7 73
58 8 36
58 9 37
58 10 69
58 11 66
58 12 33
58 13 56
58 14 28
58 15 58
58 16 33
58 17 75
58 18 41
58 19 29
58 20 68
58 21 23
58 22 20
58 23 32
58 24 47
58 25 84
58 26 81
58 27 69
58 28 46
58 29 83
58 30 35
58 31 19
58 32 68
58 33 31
58 34 15
58 35 25
58 36 18
58 37 17
58 38 52
58 39 50
58 40 78
58 41 11
58 42 32
58 43 59
58 44 38
58 45 75
58 46 49
58 47 77
58 48 17
58 49 68
58 50 43
58 51 28
58 52 24
58 53 49
58 54 78
58 55 60
58 56 79
58 57 25
58 58 -1
58 59 32
58 60 49
58 61 72
58 62 36
58 63 47
58 64 24
58 65 74
58 66 56
58 67 20
58 68 75
58 69 51
58 70 63
58 71 36
58 72 18
58 73 41
58 74 66
58 75 15
58 76 59
58 77 52
58 78 34
59 1 5
59 2 8
59 3 55
59 4 11
59 5 35
59 6 43
59 7 49
59 8 6
59 9 31
59 10 45
59 11 63
59 12 39
59 13 57
59 14 51
59 15 39
59 16 14
59 17 51
59 18 63
59 19 47
59 20 37
59 21 33
59 22 13
59 23 6
59 24 46
59 25 76
59 26 51
59 27 51
59 28 29
59 29 75
59 30 56
59 31 45
59 32 52
59 33 18
59 34 16
59 35 10
59 36 16
59 37 18
59 38 20
59 39 25
59 40 68
59 41 37
59 42 25
59 43 45
59 44 7
59 45 58
59 46 21
59 47 51
59 48 15
59 49 41
59 50 12
59 51 43
59 52 13
59 53 40
59 54 61
59 55 58
59 56 62
59 57 23
59 58 32
59 59 -1
59 60 30
59 61 70
59 62 35
59 63 41
59 64 27
59 65 45
59 66 47
59 67 18
59 68 50
59 69 42
59 70 31
59 71 47
59 72 23
59 73 10
59 74 38
59 75 31
59 76 56
59 77 40
59 78 53
60 1 33
60 2 27
60 3 35
60 4 19
60 5 47
60 6 29
60 7 25
60 8 25
60 9 17
60 10 21
60 11 37
60 12 29
60 13 35
60 14 51
60 15 9
60 16 44
60 17 26
60 18 58
60 19 44
60 20 32
60 21 33
60 22 39
60 23 23
60 24 27
60 25 47
60 26 38
60 27 21
60 28 4
60 29 47
60 30 53
60 31 52
60 32 22
60 33 48
60 34 36
60 35 38
60 36 31
60 37 44
60 38 26
60 39 9
60 40 39
60 41 46
60 42 54
60 43 15
60 44 31
60 45 29
60 46 17
60 47 30
60 48 33
60 49 24
60 50 24
60 51 41
60 52 41
60 53 16
60 54 32
60 55 34
60 56 32
60 57 52
60 58 49
60 59 30
60 60 -1
60 61 45
60 62 21
60 63 19
60 64 27
60 65 31
60 66 19
60 67 45
60 68 27
60 69 16
60 70 29
60 71 37
60 72 49
60 73 31
60 74 22
60 75 37
60 76 32
60 77 12
60 78 50
61 1 75
61 2 71
61 3 20
61 4 59
61 5 66
61 6 32
61 7 53
61 8 68
61 9 39
61 10 52
61 11 7
61 12 38
61 13 15
61 14 53
61 15 41
61 16 84
61 17 51
61 18 50
61 19 47
61 20 75
61 21 49
61 22 75
61 23 64
61 24 25
61 25 17
61 26 73
61 27 37
61 28 43
61 29 15
61 30 49
61 31 62
61 32 31
61 33 87
61 34 68
61 35 76
61 36 62
61 37 77
61 38 71
61 39 53
61 40 17
61 41 63
61 42 92
61 43 31
61 44 74
61 45 34
61 46 62
61 47 60
61 48 65
61 49 61
61 50 68
61 51 47
61 52 78
61 53 30
61 54 35
61 55 12
61 56 34
61 57 87
61 58 72
61 59 70
61 60 45
61 61 -1
61 62 37
61 63 29
61 64 50
61 65 67
61 66 25
61 67 80
61 68 54
61 69 29
61 70 73
61 71 37
61 72 82
61 73 75
61 74 62
61 75 56
61 76 14
61 77 32
61 78 48
62 1 40
62 2 38
62 3 20
62 4 24
62 5 32
62 6 9
62 7 45
62 8 34
62 9 4
62 10 42
62 11 30
62 12 7
62 13 22
62 14 30
62 15 27
62 16 47
62 17 46
62 18 36
62 19 23
62 20 53
62 21 15
62 22 38
62 23 29
62 24 12
62 25 47
62 26 60
62 27 35
62 28 17
62 29 46
62 30 31
62 31 33
62 32 33
62 33 50
62 34 31
62 35 38
62 36 24
62 37 40
62 38 43
62 39 29
62 40 41
62 41 30
62 42 55
62 43 24
62 44 40
62 45 41
62 46 35
62 47 51
62 48 27
62 49 45
62 50 37
62 51 20
62 52 41
62 53 13
62 54 44
62 55 24
62 56 44
62 57 50
62 58 36
62 59 35
62 60 21
62 61 37
62 62 -1
62 63 10
62 64 13
62 65 53
62 66 20
62 67 42
62 68 47
62 69 16
62 70 49
62 71 15
62 72 45
62 73 42
62 74 44
62 75 21
62 76 23
62 77 18
62 78 28
63 1 46
63 2 42
63 3 16
63 4 29
63 5 43
63 6 12
63 7 39
63 8 39
63 9 10
63 10 36
63 11 21
63 12 16
63 13 16
63 14 38
63 15 21
63 16 55
63 17 39
63 18 42
63 19 31
63 20 52
63 21 25
63 22 46
63 23 35
63 24 7
63 25 37
63 26 56
63 27 27
63 28 16
63 29 36
63 30 38
63 31 43
63 32 23
63 33 58
63 34 40
63 35 47
63 36 34
63 37 49
63 38 45
63 39 28
63 40 30
63 41 40
63 42 63
63 43 15
63 44 45
63 45 31
63 46 36
63 47 45
63 48 36
63 49 42
63 50 40
63 51 28
63 52 49
63 53 4
63 54 34
63 55 16
63 56 34
63 57 59
63 58 47
63 59 41
63 60 19
63 61 29
63 62 10
63 63 -1
63 64 23
63 65 49
63 66 10
63 67 51
63 68 41
63 69 6
63 70 49
63 71 21
63 72 54
63 73 46
63 74 41
63 75 32
63 76 14
63 77 10
63 78 35
64 1 32
64 2 32
64 3 31
64 4 18
64 5 21
64 6 18
64 7 52
64 8 28
64 9 13
64 10 49
64 11 43
64 12 13
64 13 34
64 14 26
64 15 35
64 16 37
64 17 53
64 18 36
64 19 21
64 20 54
64 21 7
64 22 26
64 23 22
64 24 24
64 25 60
64 26 64
64 27 46
64 28 23
64 29 59
64 30 29
64 31 25
64 32 44
64 33 39
64 34 18
64 35 28
64 36 13
64 37 28
64 38 40
64 39 31
64 40 54
64 41 19
64 42 43
64 43 35
64 44 33
64 45 52
64 46 34
64 47 57
64 48 15
64 49 50
64 50 33
64 51 17
64 52 30
64 53 25
64 54 55
64 55 37
64 56 55
64 57 38
64 58 24
64 59 27
64 60 27
64 61 50
64 62 13
64 63 23
64 64 -1
64 65 56
64 66 32
64 67 30
64 68 54
64 69 27
64 70 49
64 71 20
64 72 32
64 73 35
64 74 48
64 75 10
64 76 36
64 77 29
64 78 27
65 1 45
65 2 38
65 3 64
65 4 41
65 5 75
65 6 60
65 7 15
65 8 39
65 9 48
65 10 15
65 11 61
65 12 60
65 13 62
65 14 82
65 15 28
65 16 55
65 17 18
65 18 89
65 19 75
65 20 12
65 21 63
65 22 58
65 23 42
65 24 56
65 25 62
65 26 7
65 27 31
65 28 35
65 29 63
65 30 84
65 31 81
65 32 37
65 33 60
65 34 59
65 35 55
65 36 55
65 37 63
65 38 26
65 39 25
65 40 55
65 41 75
65 42 67
65 43 37
65 44 41
65 45 36
65 46 24
65 47 10
65 48 56
65 49 7
65 50 33
65 51 72
65 52 58
65 53 45
65 54 37
65 55 60
65 56 38
65 57 68
65 58 74
65 59 45
65 60 31
65 61 67
65 62 53
65 63 49
65 64 56
65 65 -1
65 66 44
65 67 63
65 68 15
65 69 43
65 70 16
65 71 68
65 72 68
65 73 39
65 74 8
65 75 66
65 76 58
65 77 39
65 78 81
66 1 51
66 2 46
66 3 20
66 4 35
66 5 52
66 6 21
66 7 33
66 8 43
66 9 19
66 10 30
66 11 18
66 12 26
66 13 17
66 14 48
66 15 16
66 16 61
66 17 31
66 18 51
66 19 41
66 20 50
66 21 35
66 22 54
66 23 40
66 24 14
66 25 29
66 26 51
66 27 18
66 28 17
66 29 29
66 30 47
66 31 53
66 32 13
66 33 64
66 34 48
66 35 53
66 36 42
66 37 57
66 38 46
66 39 28
66 40 22
66 41 50
66 42 70
66 43 7
66 44 49
66 45 21
66 46 36
66 47 39
66 48 44
66 49 37
66 50 43
66 51 38
66 52 56
66 53 7
66 54 24
66 55 15
66 56 24
66 57 66
66 58 56
66 59 47
66 60 19
66 61 25
66 62 20
66 63 10
66 64 32
66 65 44
66 66 -1
66 67 59
66 68 34
66 69 5
66 70 48
66 71 30
66 72 62
66 73 50
66 74 38
66 75 41
66 76 13
66 77 7
66 78 44
67 1 18
67 2 25
67 3 62
67 4 25
67 5 26
67 6 49
67 7 66
67 8 24
67 9 41
67 10 62
67 11 72
67 12 43
67 13 65
67 14 47
67 15 54
67 16 13
67 17 69
67 18 60
67 19 45
67 20 54
67 21 34
67 22 5
67 23 22
67 24 54
67 25 88
67 26 69
67 27 66
67 28 43
67 29 87
67 30 53
67 31 38
67 32 67
67 33 11
67 34 11
67 35 8
67 36 17
67 37 3
67 38 38
67 39 42
67 40 81
67 41 30
67 42 13
67 43 59
67 44 23
67 45 74
67 46 39
67 47 69
67 48 15
67 49 59
67 50 30
67 51 42
67 52 5
67 53 51
67 54 77
67 55 67
67 56 77
67 57 7
67 58 20
67 59 18
67 60 45
67 61 80
67 62 42
67 63 51
67 64 30
67 65 63
67 66 59
67 67 -1
67 68 68
67 69 54
67 70 49
67 71 49
67 72 5
67 73 25
67 74 56
67 75 28
67 76 65
67 77 53
67 78 51
68 1 52
68 2 45
68 3 54
68 4 44
68 5 74
68 6 53
68 7 2
68 8 45
68 9 43
68 10 6
68 11 48
68 12 55
68 13 51
68 14 77
68 15 20
68 16 63
68 17 3
68 18 83
68 19 70
68 20 27
68 21 60
68 22 63
68 23 46
68 24 48
68 25 47
68 26 20
68 27 17
68 28 31
68 29 48
68 30 78
68 31 79
68 32 23
68 33 68
68 34 62
68 35 60
68 36 57
68 37 68
68 38 35
68 39 26
68 40 40
68 41 74
68 42 75
68 43 27
68 44 48
68 45 21
68 46 30
68 47 6
68 48 59
68 49 12
68 50 40
68 51 67
68 52 63
68 53 36
68 54 22
68 55 48
68 56 23
68 57 74
68 58 75
68 59 50
68 60 27
68 61 54
68 62 47
68 63 41
68 64 54
68 65 15
68 66 34
68 67 68
68 68 -1
68 69 34
68 70 29
68 71 62
68 72 73
68 73 47
68 74 15
68 75 64
68 76 46
68 77 30
68 78 75
69 1 46
69 2 42
69 3 21
69 4 30
69 5 48
69 6 19
69 7 33
69 8 38
69 9 14
69 10 30
69 11 21
69 12 22
69 13 19
69 14 45
69 15 15
69 16 56
69 17 32
69 18 49
69 19 37
69 20 48
69 21 31
69 22 49
69 23 35
69 24 13
69 25 34
69 26 51
69 27 20
69 28 13
69 29 33
69 30 44
69 31 49
69 32 17
69 33 59
69 34 43
69 35 48
69 36 37
69 37 52
69 38 42
69 39 25
69 40 27
69 41 46
69 42 65
69 43 8
69 44 45
69 45 25
69 46 33
69 47 39
69 48 39
69 49 36
69 50 39
69 51 35
69 52 51
69 53 3
69 54 28
69 55 18
69 56 28
69 57 61
69 58 51
69 59 42
69 60 16
69 61 29
69 62 16
69 63 6
69 64 27
69 65 43
69 66 5
69 67 54
69 68 34
69 69 -1
69 70 45
69 71 28
69 72 57
69 73 46
69 74 36
69 75 37
69 76 16
69 77 4
69 78 42
70 1 30
70 2 24
70 3 65
70 4 31
70 5 65
70 6 58
70 7 27
70 8 26
70 9 45
70 10 25
70 11 66
70 12 56
70 13 64
70 14 76
70 15 32
70 16 40
70 17 31
70 18 85
70 19 70
70 20 5
70 21 56
70 22 45
70 23 30
70 24 56
70 25 71
70 26 21
70 27 39
70 28 33
70 29 71
70 30 79
70 31 73
70 32 44
70 33 45
70 34 47
70 35 41
70 36 45
70 37 50
70 38 11
70 39 20
70 40 63
70 41 66
70 42 52
70 43 42
70 44 26
70 45 46
70 46 15
70 47 25
70 48 45
70 49 16
70 50 19
70 51 66
70 52 44
70 53 45
70 54 48
70 55 63
70 56 49
70 57 53
70 58 63
70 59 31
70 60 29
70 61 73
70 62 49
70 63 49
70 64 49
70 65 16
70 66 48
70 67 49
70 68 29
70 69 45
70 70 -1
70 71 65
70 72 54
70 73 24
70 74 13
70 75 58
70 76 61
70 77 41
70 78 76
71 1 52
71 2 51
71 3 17
71 4 37
71 5 30
71 6 8
71 7 60
71 8 47
71 9 20
71 10 57
71 11 32
71 12 8
71 13 21
71 14 18
71 15 42
71 16 57
71 17 60
71 18 21
71 19 11
71 20 69
71 21 15
71 22 45
71 23 42
71 24 16
71 25 51
71 26 76
71 27 48
71 28 33
71 29 50
71 30 16
71 31 25
71 32 44
71 33 58
71 34 37
71 35 48
71 36 32
71 37 46
71 38 58
71 39 44
71 40 47
71 41 26
71 42 62
71 43 36
71 44 53
71 45 52
71 46 50
71 47 66
71 48 35
71 49 61
71 50 51
71 51 9
71 52 49
71 53 25
71 54 55
71 55 26
71 56 54
71 57 56
71 58 36
71 59 47
71 60 37
71 61 37
71 62 15
71 63 21
71 64 20
71 65 68
71 66 30
71 67 49
71 68 62
71 69 28
71 70 65
71 71 -1
71 72 50
71 73 55
71 74 60
71 75 21
71 76 26
71 77 31
71 78 13
72 1 24
72 2 30
72 3 64
72 4 30
72 5 25
72 6 51
72 7 71
72 8 29
72 9 44
72 10 67
72 11 75
72 12 45
72 13 67
72 14 46
72 15 59
72 16 17
72 17 73
72 18 59
72 19 45
72 20 59
72 21 35
72 22 10
72 23 27
72 24 57
72 25 92
72 26 74
72 27 71
72 28 47
72 29 91
72 30 52
72 31 37
72 32 71
72 33 14
72 34 14
72 35 13
72 36 20
72 37 5
72 38 43
72 39 47
72 40 84
72 41 29
72 42 14
72 43 63
72 44 28
72 45 78
72 46 44
72 47 74
72 48 17
72 49 64
72 50 35
72 51 43
72 52 10
72 53 55
72 54 81
72 55 70
72 56 82
72 57 7
72 58 18
72 59 23
72 60 49
72 61 82
72 62 45
72 63 54
72 64 32
72 65 68
72 66 62
72 67 5
72 68 73
72 69 57
72 70 54
72 71 50
72 72 -1
72 73 30
72 74 61
72 75 29
72 76 68
72 77 57
72 78 50
73 1 6
73 2 4
73 3 61
73 4 18
73 5 45
73 6 51
73 7 45
73 8 8
73 9 38
73 10 42
73 11 67
73 12 47
73 13 62
73 14 60
73 15 39
73 16 16
73 17 48
73 18 72
73 19 56
73 20 29
73 21 42
73 22 21
73 23 13
73 24 52
73 25 79
73 26 45
73 27 50
73 28 32
73 29 78
73 30 65
73 31 55
73 32 53
73 33 21
73 34 26
73 35 17
73 36 26
73 37 26
73 38 13
73 39 24
73 40 71
73 41 47
73 42 28
73 43 47
73 44 2
73 45 58
73 46 17
73 47 46
73 48 25
73 49 36
73 50 7
73 51 53
73 52 20
73 53 44
73 54 61
73 55 63
73 56 62
73 57 29
73 58 41
73 59 10
73 60 31
73 61 75
73 62 42
73 63 46
73 64 35
73 65 39
73 66 50
73 67 25
73 68 47
73 69 46
73 70 24
73 71 55
73 72 30
73 73 -1
73 74 32
73 75 41
73 76 61
73 77 43
73 78 62
74 1 38
74 2 31
74 3 57
74 4 33
74 5 66
74 6 52
74 7 14
74 8 32
74 9 40
74 10 11
74 11 55
74 12 52
74 13 55
74 14 73
74 15 21
74 16 49
74 17 17
74 18 81
74 19 67
74 20 13
74 21 55
74 22 51
74 23 34
74 24 49
74 25 58
74 26 16
74 27 26
74 28 27
74 29 59
74 30 75
74 31 73
74 32 32
74 33 53
74 34 51
74 35 48
74 36 47
74 37 56
74 38 20
74 39 16
74 40 50
74 41 66
74 42 61
74 43 31
74 44 34
74 45 33
74 46 17
74 47 13
74 48 48
74 49 3
74 50 26
74 51 63
74 52 51
74 53 37
74 54 35
74 55 53
74 56 36
74 57 61
74 58 66
74 59 38
74 60 22
74 61 62
74 62 44
74 63 41
74 64 48
74 65 8
74 66 38
74 67 56
74 68 15
74 69 36
74 70 13
74 71 60
74 72 61
74 73 32
74 74 -1
74 75 57
74 76 51
74 77 31
74 78 72
75 1 36
75 2 38
75 3 36
75 4 26
75 5 11
75 6 24
75 7 62
75 8 34
75 9 23
75 10 59
75 11 50
75 12 18
75 13 40
75 14 19
75 15 45
75 16 39
75 17 64
75 18 32
75 19 17
75 20 63
75 21 7
75 22 26
75 23 28
75 24 31
75 25 68
75 26 74
75 27 56
75 28 33
75 29 67
75 30 25
75 31 15
75 32 54
75 33 39
75 34 18
75 35 29
75 36 14
75 37 25
75 38 48
75 39 41
75 40 62
75 41 9
75 42 42
75 43 45
75 44 38
75 45 62
75 46 43
75 47 67
75 48 16
75 49 59
75 50 40
75 51 14
75 52 30
75 53 34
75 54 65
75 55 44
75 56 65
75 57 35
75 58 15
75 59 31
75 60 37
75 61 56
75 62 21
75 63 32
75 64 10
75 65 66
75 66 41
75 67 28
75 68 64
75 69 37
75 70 58
75 71 21
75 72 29
75 73 41
75 74 57
75 75 -1
75 76 43
75 77 39
75 78 23
76 1 60
76 2 57
76 3 10
76 4 44
76 5 54
76 6 19
76 7 45
76 8 53
76 9 25
76 10 43
76 11 7
76 12 25
76 13 5
76 14 44
76 15 29
76 16 69
76 17 44
76 18 43
76 19 37
76 20 63
76 21 36
76 22 61
76 23 50
76 24 11
76 25 25
76 26 65
76 27 30
76 28 29
76 29 24
76 30 41
76 31 51
76 32 24
76 33 72
76 34 54
76 35 61
76 36 48
76 37 63
76 38 58
76 39 41
76 40 21
76 41 50
76 42 78
76 43 20
76 44 60
76 45 30
76 46 49
76 47 52
76 48 50
76 49 51
76 50 54
76 51 35
76 52 64
76 53 16
76 54 32
76 55 2
76 56 31
76 57 73
76 58 59
76 59 56
76 60 32
76 61 14
76 62 23
76 63 14
76 64 36
76 65 58
76 66 13
76 67 65
76 68 46
76 69 16
76 70 61
76 71 26
76 72 68
76 73 61
76 74 51
76 75 43
76 76 -1
76 77 20
76 78 39
77 1 44
77 2 39
77 3 25
77 4 29
77 5 50
77 6 23
77 7 29
77 8 36
77 9 16
77 10 26
77 11 25
77 12 25
77 13 23
77 14 48
77 15 10
77 16 54
77 17 28
77 18 53
77 19 41
77 20 43
77 21 33
77 22 48
77 23 33
77 24 17
77 25 36
77 26 46
77 27 17
77 28 10
77 29 35
77 30 48
77 31 51
77 32 15
77 33 58
77 34 43
77 35 47
77 36 37
77 37 51
77 38 38
77 39 21
77 40 28
77 41 48
77 42 64
77 43 6
77 44 42
77 45 23
77 46 29
77 47 35
77 48 39
77 49 32
77 50 36
77 51 38
77 52 50
77 53 6
77 54 26
77 55 22
77 56 26
77 57 61
77 58 52
77 59 40
77 60 12
77 61 32
77 62 18
77 63 10
77 64 29
77 65 39
77 66 7
77 67 53
77 68 30
77 69 4
77 70 41
77 71 31
77 72 57
77 73 43
77 74 31
77 75 39
77 76 20
77 77 -1
77 78 45
78 1 58
78 2 59
78 3 29
78 4 46
78 5 26
78 6 22
78 7 74
78 8 55
78 9 32
78 10 70
78 11 44
78 12 20
78 13 34
78 14 6
78 15 55
78 16 62
78 17 74
78 18 9
78 19 6
78 20 80
78 21 20
78 22 49
78 23 49
78 24 30
78 25 64
78 26 89
78 27 62
78 28 46
78 29 62
78 30 2
78 31 17
78 32 58
78 33 62
78 34 41
78 35 52
78 36 37
78 37 48
78 38 68
78 39 56
78 40 60
78 41 22
78 42 64
78 43 50
78 44 60
78 45 66
78 46 61
78 47 80
78 48 39
78 49 74
78 50 60
78 51 9
78 52 53
78 53 39
78 54 68
78 55 39
78 56 68
78 57 57
78 58 34
78 59 53
78 60 50
78 61 48
78 62 28
78 63 35
78 64 27
78 65 81
78 66 44
78 67 51
78 68 75
78 69 42
78 70 76
78 71 13
78 72 50
78 73 62
78 74 72
78 75 23
78 76 39
78 77 45
78 78 -1
