11 61
11 76
11 13
11 55
38 2
38 70
38 73
38 46
38 50
30 14
30 78
30 18
30 51
30 19
58 41
58 5
26 65
26 49
26 47
49 65
49 68
49 7
49 10
49 74
49 47
49 17
49 26
37 33
37 34
37 35
37 67
37 72
37 48
37 52
37 22
37 57
39 28
39 60
39 46
39 15
10 68
10 7
10 74
10 47
10 17
10 49
2 1
2 4
2 38
2 8
2 73
2 44
2 46
2 50
2 23
2 59
43 32
43 66
43 69
43 77
43 15
43 53
43 27
74 65
74 70
74 7
74 10
74 47
74 49
74 20
48 34
48 35
48 36
48 37
48 67
48 52
48 22
8 1
8 2
8 4
8 73
8 44
8 50
8 23
8 59
32 66
32 43
32 45
32 15
32 54
32 56
32 27
36 64
36 34
36 4
36 75
36 48
36 22
36 23
6 3
6 71
6 9
6 12
6 24
6 62
6 63
14 78
14 18
14 51
14 19
14 30
14 31
45 32
45 56
45 27
45 54
