1 1 65
1 2 39
1 3 61
1 4 47
1 5 25
1 6 17
1 7 43
1 8 14
1 9 89
1 10 77
1 11 6
1 12 96
1 13 47
1 14 65
1 15 25
1 16 98
1 17 28
1 18 79
1 19 78
1 20 90
1 21 40
1 22 59
1 23 72
1 24 37
1 25 47
1 26 25
1 27 76
1 28 45
1 29 5
1 30 89
1 31 67
1 32 87
1 33 91
1 34 78
1 35 11
1 36 66
1 37 65
1 38 96
1 39 97
1 40 79
1 41 12
1 42 92
1 43 85
1 44 87
1 45 95
1 46 6
1 47 2
1 48 1
1 49 94
1 50 39
1 51 59
1 52 21
1 53 72
1 54 97
1 55 38
1 56 55
1 57 79
1 58 87
1 59 70
1 60 80
1 61 19
1 62 90
1 63 61
1 64 24
1 65 57
1 66 70
1 67 96
1 68 49
1 69 85
1 70 9
1 71 11
1 72 100
1 73 50
1 74 64
1 75 54
1 76 83
1 77 1
1 78 36
1 79 39
1 80 75
1 81 65
1 82 32
1 83 17
1 84 29
1 85 42
1 86 12
1 87 41
1 88 66
1 89 91
1 90 93
2 1 11
2 2 94
2 3 85
2 4 25
2 5 94
2 6 1
2 7 74
2 8 13
2 9 23
2 10 95
2 11 40
2 12 17
2 13 54
2 14 68
2 15 96
2 16 35
2 17 57
2 18 41
2 19 15
2 20 99
2 21 94
2 22 97
2 23 40
2 24 7
2 25 35
2 26 39
2 27 17
2 28 26
2 29 82
2 30 16
2 31 89
2 32 46
2 33 98
2 34 89
2 35 4
2 36 5
2 37 49
2 38 5
2 39 98
2 40 88
2 41 49
2 42 73
2 43 33
2 44 64
2 45 18
2 46 60
2 47 46
2 48 62
2 49 86
2 50 96
2 51 64
2 52 41
2 53 62
2 54 57
2 55 98
2 56 8
2 57 63
2 58 64
2 59 82
2 60 20
2 61 35
2 62 15
2 63 27
2 64 19
2 65 2
2 66 98
2 67 82
2 68 22
2 69 38
2 70 80
2 71 86
2 72 16
2 73 20
2 74 72
2 75 8
2 76 64
2 77 2
2 78 73
2 79 34
2 80 30
2 81 22
2 82 17
2 83 47
2 84 31
2 85 58
2 86 71
2 87 5
2 88 62
2 89 11
2 90 77
3 1 67
3 2 42
3 3 16
3 4 75
3 5 59
3 6 37
3 7 8
3 8 8
3 9 23
3 10 32
3 11 38
3 12 42
3 13 46
3 14 93
3 15 6
3 16 77
3 17 47
3 18 5
3 19 92
3 20 63
3 21 5
3 22 10
3 23 89
3 24 21
3 25 42
3 26 75
3 27 56
3 28 81
3 29 99
3 30 39
3 31 87
3 32 79
3 33 52
3 34 22
3 35 49
3 36 49
3 37 16
3 38 92
3 39 22
3 40 97
3 41 49
3 42 30
3 43 56
3 44 91
3 45 60
3 46 25
3 47 8
3 48 86
3 49 71
3 50 73
3 51 97
3 52 36
3 53 53
3 54 3
3 55 69
3 56 94
3 57 3
3 58 79
3 59 38
3 60 30
3 61 1
3 62 46
3 63 67
3 64 29
3 65 35
3 66 70
3 67 9
3 68 71
3 69 89
3 70 55
3 71 13
3 72 29
3 73 26
3 74 77
3 75 16
3 76 17
3 77 96
3 78 37
3 79 83
3 80 49
3 81 89
3 82 41
3 83 47
3 84 17
3 85 12
3 86 51
3 87 6
3 88 53
3 89 71
3 90 3
4 1 73
4 2 24
4 3 16
4 4 34
4 5 98
4 6 78
4 7 83
4 8 19
4 9 94
4 10 38
4 11 73
4 12 53
4 13 19
4 14 73
4 15 11
4 16 47
4 17 68
4 18 16
4 19 95
4 20 17
4 21 88
4 22 52
4 23 46
4 24 32
4 25 40
4 26 98
4 27 5
4 28 97
4 29 10
4 30 11
4 31 87
4 32 92
4 33 98
4 34 22
4 35 91
4 36 21
4 37 73
4 38 75
4 39 72
4 40 46
4 41 20
4 42 79
4 43 77
4 44 15
4 45 40
4 46 7
4 47 40
4 48 49
4 49 69
4 50 100
4 51 80
4 52 47
4 53 66
4 54 88
4 55 96
4 56 4
4 57 68
4 58 5
4 59 22
4 60 5
4 61 94
4 62 92
4 63 49
4 64 69
4 65 92
4 66 19
4 67 76
4 68 55
4 69 13
4 70 79
4 71 97
4 72 47
4 73 52
4 74 6
4 75 30
4 76 69
4 77 23
4 78 48
4 79 37
4 80 19
4 81 99
4 82 78
4 83 57
4 84 47
4 85 60
4 86 45
4 87 13
4 88 69
4 89 82
4 90 92
5 1 59
5 2 29
5 3 16
5 4 11
5 5 44
5 6 51
5 7 70
5 8 58
5 9 16
5 10 55
5 11 54
5 12 89
5 13 33
5 14 40
5 15 6
5 16 92
5 17 39
5 18 48
5 19 26
5 20 100
5 21 42
5 22 55
5 23 68
5 24 49
5 25 79
5 26 90
5 27 65
5 28 27
5 29 72
5 30 2
5 31 20
5 32 67
5 33 83
5 34 12
5 35 23
5 36 45
5 37 77
5 38 8
5 39 26
5 40 75
5 41 49
5 42 71
5 43 25
5 44 47
5 45 25
5 46 52
5 47 53
5 48 96
5 49 21
5 50 96
5 51 51
5 52 52
5 53 44
5 54 68
5 55 65
5 56 63
5 57 88
5 58 40
5 59 95
5 60 72
5 61 81
5 62 24
5 63 86
5 64 60
5 65 38
5 66 61
5 67 93
5 68 38
5 69 63
5 70 24
5 71 61
5 72 51
5 73 43
5 74 11
5 75 63
5 76 32
5 77 32
5 78 88
5 79 99
5 80 4
5 81 27
5 82 16
5 83 20
5 84 80
5 85 45
5 86 26
5 87 70
5 88 87
5 89 21
5 90 33
6 1 80
6 2 77
6 3 82
6 4 11
6 5 63
6 6 54
6 7 32
6 8 55
6 9 19
6 10 52
6 11 76
6 12 84
6 13 71
6 14 13
6 15 59
6 16 80
6 17 73
6 18 77
6 19 86
6 20 65
6 21 12
6 22 6
6 23 39
6 24 44
6 25 26
6 26 68
6 27 88
6 28 94
6 29 54
6 30 8
6 31 74
6 32 37
6 33 41
6 34 42
6 35 43
6 36 80
6 37 69
6 38 30
6 39 9
6 40 39
6 41 49
6 42 4
6 43 30
6 44 47
6 45 13
6 46 55
6 47 43
6 48 55
6 49 32
6 50 54
6 51 65
6 52 75
6 53 31
6 54 28
6 55 21
6 56 48
6 57 56
6 58 69
6 59 15
6 60 53
6 61 31
6 62 23
6 63 69
6 64 88
6 65 86
6 66 45
6 67 42
6 68 79
6 69 19
6 70 56
6 71 86
6 72 31
6 73 50
6 74 22
6 75 92
6 76 34
6 77 68
6 78 5
6 79 11
6 80 64
6 81 60
6 82 19
6 83 60
6 84 69
6 85 86
6 86 72
6 87 7
6 88 52
6 89 86
6 90 87
7 1 34
7 2 66
7 3 94
7 4 47
7 5 11
7 6 89
7 7 5
7 8 86
7 9 37
7 10 88
7 11 22
7 12 34
7 13 17
7 14 22
7 15 5
7 16 78
7 17 31
7 18 80
7 19 17
7 20 29
7 21 70
7 22 5
7 23 4
7 24 31
7 25 37
7 26 30
7 27 57
7 28 67
7 29 82
7 30 63
7 31 67
7 32 23
7 33 88
7 34 51
7 35 65
7 36 58
7 37 67
7 38 3
7 39 3
7 40 59
7 41 67
7 42 93
7 43 32
7 44 55
7 45 64
7 46 97
7 47 26
7 48 3
7 49 23
7 50 64
7 51 36
7 52 78
7 53 47
7 54 73
7 55 40
7 56 58
7 57 89
7 58 82
7 59 50
7 60 68
7 61 80
7 62 88
7 63 11
7 64 40
7 65 98
7 66 73
7 67 98
7 68 20
7 69 20
7 70 36
7 71 1
7 72 91
7 73 52
7 74 46
7 75 74
7 76 52
7 77 85
7 78 1
7 79 67
7 80 67
7 81 23
7 82 53
7 83 61
7 84 15
7 85 4
7 86 38
7 87 7
7 88 42
7 89 74
7 90 76
8 1 29
8 2 48
8 3 89
8 4 58
8 5 4
8 6 40
8 7 93
8 8 82
8 9 48
8 10 43
8 11 84
8 12 48
8 13 80
8 14 19
8 15 7
8 16 85
8 17 57
8 18 14
8 19 17
8 20 79
8 21 66
8 22 64
8 23 23
8 24 79
8 25 35
8 26 4
8 27 71
8 28 3
8 29 38
8 30 99
8 31 89
8 32 31
8 33 24
8 34 50
8 35 89
8 36 44
8 37 26
8 38 51
8 39 24
8 40 99
8 41 48
8 42 99
8 43 83
8 44 33
8 45 43
8 46 8
8 47 47
8 48 71
8 49 41
8 50 63
8 51 33
8 52 41
8 53 28
8 54 100
8 55 21
8 56 96
8 57 96
8 58 38
8 59 90
8 60 43
8 61 43
8 62 20
8 63 4
8 64 26
8 65 27
8 66 13
8 67 36
8 68 97
8 69 46
8 70 15
8 71 99
8 72 74
8 73 30
8 74 27
8 75 5
8 76 95
8 77 5
8 78 43
8 79 91
8 80 19
8 81 75
8 82 15
8 83 36
8 84 12
8 85 3
8 86 86
8 87 10
8 88 36
8 89 77
8 90 62
9 1 37
9 2 96
9 3 36
9 4 59
9 5 77
9 6 80
9 7 81
9 8 30
9 9 16
9 10 90
9 11 37
9 12 64
9 13 17
9 14 9
9 15 62
9 16 95
9 17 21
9 18 49
9 19 93
9 20 12
9 21 41
9 22 86
9 23 11
9 24 20
9 25 70
9 26 35
9 27 27
9 28 1
9 29 61
9 30 19
9 31 73
9 32 17
9 33 88
9 34 13
9 35 66
9 36 18
9 37 38
9 38 1
9 39 75
9 40 12
9 41 69
9 42 66
9 43 64
9 44 91
9 45 84
9 46 43
9 47 71
9 48 17
9 49 27
9 50 50
9 51 75
9 52 82
9 53 74
9 54 34
9 55 54
9 56 23
9 57 10
9 58 82
9 59 86
9 60 13
9 61 76
9 62 78
9 63 63
9 64 66
9 65 76
9 66 6
9 67 70
9 68 20
9 69 3
9 70 75
9 71 46
9 72 58
9 73 14
9 74 31
9 75 21
9 76 84
9 77 62
9 78 96
9 79 46
9 80 95
9 81 56
9 82 28
9 83 48
9 84 60
9 85 99
9 86 40
9 87 28
9 88 74
9 89 75
9 90 57
10 1 68
10 2 86
10 3 27
10 4 93
10 5 35
10 6 51
10 7 29
10 8 13
10 9 16
10 10 24
10 11 49
10 12 94
10 13 62
10 14 84
10 15 69
10 16 74
10 17 75
10 18 23
10 19 63
10 20 72
10 21 17
10 22 32
10 23 47
10 24 78
10 25 62
10 26 51
10 27 58
10 28 38
10 29 50
10 30 8
10 31 68
10 32 17
10 33 61
10 34 96
10 35 92
10 36 90
10 37 58
10 38 46
10 39 77
10 40 11
10 41 82
10 42 68
10 43 91
10 44 30
10 45 58
10 46 64
10 47 73
10 48 42
10 49 30
10 50 22
10 51 12
10 52 96
10 53 71
10 54 92
10 55 22
10 56 49
10 57 72
10 58 69
10 59 47
10 60 25
10 61 97
10 62 23
10 63 91
10 64 96
10 65 99
10 66 34
10 67 74
10 68 5
10 69 11
10 70 58
10 71 73
10 72 42
10 73 99
10 74 8
10 75 38
10 76 71
10 77 28
10 78 12
10 79 23
10 80 15
10 81 14
10 82 16
10 83 35
10 84 20
10 85 71
10 86 8
10 87 22
10 88 35
10 89 40
10 90 99
11 1 30
11 2 52
11 3 88
11 4 39
11 5 28
11 6 83
11 7 94
11 8 8
11 9 42
11 10 15
11 11 43
11 12 34
11 13 75
11 14 38
11 15 12
11 16 63
11 17 41
11 18 100
11 19 69
11 20 94
11 21 73
11 22 96
11 23 31
11 24 81
11 25 18
11 26 10
11 27 84
11 28 40
11 29 85
11 30 11
11 31 60
11 32 47
11 33 59
11 34 24
11 35 44
11 36 69
11 37 69
11 38 44
11 39 12
11 40 43
11 41 56
11 42 99
11 43 87
11 44 86
11 45 72
11 46 37
11 47 13
11 48 34
11 49 56
11 50 72
11 51 77
11 52 8
11 53 69
11 54 30
11 55 27
11 56 84
11 57 88
11 58 91
11 59 97
11 60 20
11 61 57
11 62 55
11 63 9
11 64 73
11 65 60
11 66 75
11 67 18
11 68 9
11 69 47
11 70 75
11 71 88
11 72 10
11 73 24
11 74 37
11 75 21
11 76 95
11 77 72
11 78 22
11 79 50
11 80 61
11 81 37
11 82 60
11 83 76
11 84 10
11 85 63
11 86 92
11 87 81
11 88 2
11 89 25
11 90 46
12 1 49
12 2 94
12 3 86
12 4 67
12 5 40
12 6 2
12 7 56
12 8 63
12 9 22
12 10 1
12 11 13
12 12 3
12 13 35
12 14 63
12 15 89
12 16 70
12 17 86
12 18 81
12 19 69
12 20 42
12 21 80
12 22 47
12 23 23
12 24 6
12 25 27
12 26 23
12 27 31
12 28 11
12 29 37
12 30 59
12 31 61
12 32 32
12 33 17
12 34 37
12 35 96
12 36 53
12 37 44
12 38 33
12 39 95
12 40 43
12 41 71
12 42 28
12 43 15
12 44 90
12 45 89
12 46 38
12 47 83
12 48 92
12 49 2
12 50 49
12 51 34
12 52 12
12 53 94
12 54 69
12 55 94
12 56 97
12 57 28
12 58 46
12 59 91
12 60 39
12 61 88
12 62 64
12 63 33
12 64 27
12 65 19
12 66 40
12 67 99
12 68 23
12 69 23
12 70 76
12 71 70
12 72 28
12 73 81
12 74 91
12 75 85
12 76 9
12 77 33
12 78 58
12 79 18
12 80 33
12 81 70
12 82 25
12 83 10
12 84 83
12 85 74
12 86 32
12 87 21
12 88 49
12 89 89
12 90 44
13 1 37
13 2 82
13 3 86
13 4 97
13 5 48
13 6 7
13 7 85
13 8 68
13 9 64
13 10 82
13 11 95
13 12 60
13 13 37
13 14 13
13 15 58
13 16 65
13 17 66
13 18 24
13 19 80
13 20 30
13 21 82
13 22 95
13 23 9
13 24 82
13 25 20
13 26 20
13 27 38
13 28 48
13 29 87
13 30 92
13 31 77
13 32 18
13 33 64
13 34 28
13 35 16
13 36 13
13 37 77
13 38 64
13 39 78
13 40 15
13 41 60
13 42 26
13 43 56
13 44 47
13 45 78
13 46 28
13 47 43
13 48 62
13 49 13
13 50 57
13 51 41
13 52 16
13 53 39
13 54 68
13 55 63
13 56 99
13 57 4
13 58 34
13 59 65
13 60 98
13 61 9
13 62 57
13 63 32
13 64 88
13 65 3
13 66 53
13 67 29
13 68 28
13 69 71
13 70 47
13 71 58
13 72 53
13 73 3
13 74 73
13 75 35
13 76 93
13 77 80
13 78 27
13 79 38
13 80 23
13 81 86
13 82 8
13 83 76
13 84 89
13 85 80
13 86 71
13 87 20
13 88 98
13 89 82
13 90 11
14 1 92
14 2 52
14 3 54
14 4 50
14 5 88
14 6 27
14 7 77
14 8 75
14 9 68
14 10 77
14 11 72
14 12 11
14 13 37
14 14 83
14 15 40
14 16 2
14 17 7
14 18 91
14 19 68
14 20 44
14 21 57
14 22 86
14 23 61
14 24 32
14 25 11
14 26 28
14 27 93
14 28 69
14 29 16
14 30 13
14 31 44
14 32 41
14 33 59
14 34 1
14 35 53
14 36 40
14 37 28
14 38 69
14 39 14
14 40 63
14 41 100
14 42 82
14 43 73
14 44 33
14 45 46
14 46 1
14 47 10
14 48 67
14 49 46
14 50 90
14 51 81
14 52 81
14 53 82
14 54 35
14 55 52
14 56 92
14 57 94
14 58 5
14 59 49
14 60 66
14 61 30
14 62 83
14 63 58
14 64 92
14 65 18
14 66 72
14 67 17
14 68 49
14 69 17
14 70 12
14 71 44
14 72 84
14 73 33
14 74 49
14 75 68
14 76 6
14 77 91
14 78 22
14 79 79
14 80 81
14 81 13
14 82 31
14 83 98
14 84 32
14 85 31
14 86 81
14 87 33
14 88 56
14 89 2
14 90 91
15 1 100
15 2 11
15 3 92
15 4 29
15 5 16
15 6 21
15 7 57
15 8 90
15 9 63
15 10 36
15 11 30
15 12 65
15 13 46
15 14 57
15 15 45
15 16 64
15 17 63
15 18 63
15 19 71
15 20 62
15 21 75
15 22 22
15 23 42
15 24 56
15 25 2
15 26 47
15 27 55
15 28 13
15 29 43
15 30 51
15 31 10
15 32 1
15 33 44
15 34 6
15 35 7
15 36 99
15 37 54
15 38 24
15 39 69
15 40 50
15 41 89
15 42 36
15 43 37
15 44 64
15 45 16
15 46 77
15 47 21
15 48 48
15 49 57
15 50 47
15 51 37
15 52 99
15 53 81
15 54 14
15 55 94
15 56 15
15 57 27
15 58 45
15 59 1
15 60 37
15 61 47
15 62 39
15 63 60
15 64 18
15 65 75
15 66 13
15 67 40
15 68 49
15 69 99
15 70 96
15 71 30
15 72 74
15 73 56
15 74 27
15 75 90
15 76 59
15 77 88
15 78 59
15 79 36
15 80 49
15 81 66
15 82 90
15 83 79
15 84 73
15 85 95
15 86 54
15 87 78
15 88 37
15 89 33
15 90 40
16 1 23
16 2 26
16 3 39
16 4 57
16 5 90
16 6 6
16 7 76
16 8 49
16 9 74
16 10 42
16 11 31
16 12 54
16 13 9
16 14 77
16 15 1
16 16 58
16 17 37
16 18 74
16 19 99
16 20 1
16 21 26
16 22 64
16 23 30
16 24 35
16 25 33
16 26 8
16 27 10
16 28 93
16 29 92
16 30 32
16 31 51
16 32 40
16 33 62
16 34 24
16 35 43
16 36 26
16 37 80
16 38 16
16 39 9
16 40 58
16 41 39
16 42 40
16 43 67
16 44 13
16 45 98
16 46 33
16 47 54
16 48 92
16 49 14
16 50 8
16 51 90
16 52 43
16 53 97
16 54 43
16 55 79
16 56 39
16 57 94
16 58 71
16 59 77
16 60 91
16 61 7
16 62 53
16 63 90
16 64 22
16 65 14
16 66 80
16 67 27
16 68 49
16 69 82
16 70 93
16 71 35
16 72 15
16 73 69
16 74 30
16 75 56
16 76 59
16 77 9
16 78 58
16 79 30
16 80 22
16 81 25
16 82 11
16 83 96
16 84 2
16 85 66
16 86 34
16 87 73
16 88 33
16 89 38
16 90 61
17 1 91
17 2 77
17 3 38
17 4 74
17 5 28
17 6 80
17 7 23
17 8 50
17 9 37
17 10 44
17 11 40
17 12 66
17 13 97
17 14 44
17 15 3
17 16 19
17 17 28
17 18 48
17 19 70
17 20 14
17 21 33
17 22 25
17 23 99
17 24 60
17 25 18
17 26 70
17 27 10
17 28 14
17 29 25
17 30 64
17 31 56
17 32 93
17 33 52
17 34 36
17 35 10
17 36 40
17 37 28
17 38 12
17 39 51
17 40 97
17 41 85
17 42 29
17 43 96
17 44 91
17 45 99
17 46 10
17 47 13
17 48 88
17 49 43
17 50 6
17 51 25
17 52 31
17 53 12
17 54 21
17 55 18
17 56 1
17 57 65
17 58 21
17 59 26
17 60 23
17 61 89
17 62 66
17 63 30
17 64 12
17 65 69
17 66 82
17 67 19
17 68 16
17 69 48
17 70 44
17 71 72
17 72 98
17 73 39
17 74 32
17 75 23
17 76 73
17 77 23
17 78 32
17 79 75
17 80 1
17 81 74
17 82 69
17 83 9
17 84 28
17 85 51
17 86 91
17 87 36
17 88 31
17 89 99
17 90 93
18 1 28
18 2 79
18 3 76
18 4 88
18 5 40
18 6 55
18 7 2
18 8 89
18 9 20
18 10 67
18 11 48
18 12 98
18 13 57
18 14 31
18 15 17
18 16 47
18 17 40
18 18 87
18 19 23
18 20 54
18 21 75
18 22 92
18 23 24
18 24 52
18 25 64
18 26 56
18 27 24
18 28 40
18 29 90
18 30 88
18 31 84
18 32 82
18 33 7
18 34 48
18 35 96
18 36 57
18 37 17
18 38 2
18 39 29
18 40 92
18 41 89
18 42 89
18 43 87
18 44 43
18 45 19
18 46 2
18 47 50
18 48 44
18 49 69
18 50 12
18 51 71
18 52 87
18 53 42
18 54 8
18 55 82
18 56 75
18 57 27
18 58 15
18 59 32
18 60 12
18 61 98
18 62 93
18 63 43
18 64 77
18 65 77
18 66 16
18 67 39
18 68 63
18 69 41
18 70 33
18 71 50
18 72 32
18 73 2
18 74 49
18 75 97
18 76 73
18 77 13
18 78 95
18 79 79
18 80 42
18 81 47
18 82 97
18 83 55
18 84 75
18 85 36
18 86 30
18 87 5
18 88 28
18 89 28
18 90 39
19 1 3
19 2 72
19 3 63
19 4 93
19 5 25
19 6 70
19 7 38
19 8 91
19 9 22
19 10 92
19 11 55
19 12 67
19 13 14
19 14 94
19 15 76
19 16 16
19 17 50
19 18 69
19 19 15
19 20 91
19 21 89
19 22 49
19 23 25
19 24 10
19 25 21
19 26 14
19 27 35
19 28 87
19 29 9
19 30 13
19 31 53
19 32 18
19 33 76
19 34 56
19 35 68
19 36 2
19 37 63
19 38 12
19 39 70
19 40 71
19 41 72
19 42 91
19 43 43
19 44 12
19 45 73
19 46 78
19 47 98
19 48 77
19 49 16
19 50 100
19 51 53
19 52 15
19 53 31
19 54 13
19 55 66
19 56 10
19 57 1
19 58 85
19 59 6
19 60 95
19 61 95
19 62 95
19 63 38
19 64 57
19 65 79
19 66 68
19 67 29
19 68 23
19 69 15
19 70 4
19 71 84
19 72 59
19 73 70
19 74 31
19 75 23
19 76 32
19 77 65
19 78 52
19 79 36
19 80 36
19 81 33
19 82 40
19 83 7
19 84 21
19 85 54
19 86 85
19 87 40
19 88 18
19 89 30
19 90 65
20 1 84
20 2 63
20 3 46
20 4 89
20 5 93
20 6 7
20 7 1
20 8 69
20 9 100
20 10 85
20 11 24
20 12 13
20 13 37
20 14 10
20 15 12
20 16 58
20 17 94
20 18 29
20 19 76
20 20 9
20 21 90
20 22 29
20 23 39
20 24 24
20 25 30
20 26 63
20 27 8
20 28 52
20 29 73
20 30 71
20 31 55
20 32 93
20 33 98
20 34 32
20 35 80
20 36 33
20 37 49
20 38 13
20 39 11
20 40 66
20 41 91
20 42 34
20 43 60
20 44 9
20 45 63
20 46 56
20 47 59
20 48 67
20 49 77
20 50 97
20 51 71
20 52 16
20 53 38
20 54 89
20 55 42
20 56 22
20 57 48
20 58 73
20 59 78
20 60 68
20 61 39
20 62 40
20 63 64
20 64 96
20 65 60
20 66 9
20 67 20
20 68 76
20 69 73
20 70 36
20 71 1
20 72 44
20 73 43
20 74 82
20 75 83
20 76 20
20 77 82
20 78 83
20 79 41
20 80 12
20 81 46
20 82 44
20 83 52
20 84 95
20 85 58
20 86 74
20 87 86
20 88 86
20 89 100
20 90 66
21 1 1
21 2 24
21 3 12
21 4 5
21 5 25
21 6 11
21 7 29
21 8 59
21 9 86
21 10 76
21 11 23
21 12 68
21 13 99
21 14 5
21 15 39
21 16 19
21 17 90
21 18 4
21 19 22
21 20 39
21 21 76
21 22 80
21 23 82
21 24 71
21 25 78
21 26 27
21 27 3
21 28 90
21 29 62
21 30 31
21 31 9
21 32 13
21 33 34
21 34 12
21 35 60
21 36 77
21 37 72
21 38 51
21 39 16
21 40 6
21 41 28
21 42 26
21 43 75
21 44 91
21 45 86
21 46 77
21 47 92
21 48 74
21 49 4
21 50 15
21 51 73
21 52 51
21 53 68
21 54 30
21 55 25
21 56 99
21 57 55
21 58 42
21 59 42
21 60 100
21 61 26
21 62 58
21 63 29
21 64 50
21 65 73
21 66 45
21 67 11
21 68 49
21 69 90
21 70 9
21 71 30
21 72 62
21 73 20
21 74 100
21 75 83
21 76 93
21 77 52
21 78 28
21 79 61
21 80 23
21 81 5
21 82 34
21 83 32
21 84 8
21 85 53
21 86 55
21 87 36
21 88 97
21 89 31
21 90 67
22 1 35
22 2 54
22 3 44
22 4 64
22 5 80
22 6 90
22 7 55
22 8 1
22 9 18
22 10 5
22 11 23
22 12 62
22 13 86
22 14 4
22 15 53
22 16 22
22 17 40
22 18 72
22 19 95
22 20 95
22 21 17
22 22 12
22 23 87
22 24 25
22 25 100
22 26 51
22 27 66
22 28 68
22 29 94
22 30 84
22 31 45
22 32 42
22 33 11
22 34 34
22 35 33
22 36 24
22 37 35
22 38 52
22 39 16
22 40 36
22 41 10
22 42 16
22 43 18
22 44 21
22 45 24
22 46 57
22 47 62
22 48 83
22 49 93
22 50 49
22 51 67
22 52 67
22 53 2
22 54 66
22 55 60
22 56 92
22 57 7
22 58 57
22 59 46
22 60 40
22 61 41
22 62 73
22 63 23
22 64 62
22 65 58
22 66 76
22 67 87
22 68 2
22 69 31
22 70 16
22 71 18
22 72 95
22 73 100
22 74 19
22 75 87
22 76 78
22 77 9
22 78 64
22 79 46
22 80 69
22 81 39
22 82 2
22 83 7
22 84 43
22 85 98
22 86 6
22 87 15
22 88 90
22 89 14
22 90 40
23 1 60
23 2 74
23 3 42
23 4 46
23 5 100
23 6 85
23 7 36
23 8 77
23 9 72
23 10 84
23 11 8
23 12 32
23 13 40
23 14 42
23 15 84
23 16 52
23 17 1
23 18 72
23 19 58
23 20 12
23 21 38
23 22 72
23 23 83
23 24 1
23 25 77
23 26 13
23 27 67
23 28 38
23 29 45
23 30 45
23 31 72
23 32 69
23 33 69
23 34 78
23 35 70
23 36 45
23 37 25
23 38 66
23 39 32
23 40 34
23 41 42
23 42 50
23 43 84
23 44 55
23 45 46
23 46 58
23 47 44
23 48 44
23 49 57
23 50 29
23 51 96
23 52 38
23 53 90
23 54 56
23 55 77
23 56 21
23 57 41
23 58 76
23 59 65
23 60 47
23 61 74
23 62 74
23 63 27
23 64 57
23 65 49
23 66 41
23 67 18
23 68 37
23 69 74
23 70 10
23 71 43
23 72 16
23 73 65
23 74 27
23 75 67
23 76 89
23 77 47
23 78 85
23 79 82
23 80 42
23 81 75
23 82 35
23 83 57
23 84 93
23 85 61
23 86 82
23 87 40
23 88 4
23 89 59
23 90 98
24 1 53
24 2 2
24 3 16
24 4 6
24 5 4
24 6 11
24 7 60
24 8 51
24 9 22
24 10 86
24 11 67
24 12 32
24 13 18
24 14 19
24 15 90
24 16 64
24 17 31
24 18 24
24 19 27
24 20 6
24 21 73
24 22 97
24 23 21
24 24 37
24 25 28
24 26 75
24 27 2
24 28 85
24 29 99
24 30 37
24 31 31
24 32 54
24 33 62
24 34 38
24 35 8
24 36 55
24 37 17
24 38 12
24 39 76
24 40 78
24 41 95
24 42 27
24 43 39
24 44 68
24 45 70
24 46 96
24 47 18
24 48 38
24 49 37
24 50 58
24 51 59
24 52 47
24 53 45
24 54 25
24 55 35
24 56 63
24 57 20
24 58 30
24 59 46
24 60 95
24 61 50
24 62 53
24 63 17
24 64 72
24 65 57
24 66 36
24 67 53
24 68 85
24 69 10
24 70 51
24 71 50
24 72 75
24 73 26
24 74 37
24 75 3
24 76 93
24 77 29
24 78 11
24 79 14
24 80 4
24 81 52
24 82 34
24 83 73
24 84 20
24 85 30
24 86 7
24 87 30
24 88 16
24 89 100
24 90 18
25 1 42
25 2 5
25 3 18
25 4 39
25 5 74
25 6 95
25 7 28
25 8 79
25 9 62
25 10 4
25 11 14
25 12 42
25 13 60
25 14 58
25 15 62
25 16 40
25 17 90
25 18 82
25 19 12
25 20 86
25 21 91
25 22 34
25 23 66
25 24 35
25 25 74
25 26 63
25 27 31
25 28 4
25 29 38
25 30 76
25 31 92
25 32 10
25 33 100
25 34 72
25 35 45
25 36 86
25 37 29
25 38 30
25 39 1
25 40 34
25 41 9
25 42 35
25 43 42
25 44 96
25 45 86
25 46 99
25 47 26
25 48 2
25 49 36
25 50 89
25 51 67
25 52 67
25 53 68
25 54 6
25 55 1
25 56 99
25 57 58
25 58 27
25 59 33
25 60 47
25 61 84
25 62 1
25 63 3
25 64 20
25 65 12
25 66 74
25 67 61
25 68 22
25 69 63
25 70 57
25 71 14
25 72 39
25 73 43
25 74 94
25 75 32
25 76 66
25 77 8
25 78 8
25 79 26
25 80 62
25 81 40
25 82 6
25 83 78
25 84 70
25 85 59
25 86 98
25 87 12
25 88 61
25 89 42
25 90 44
26 1 66
26 2 85
26 3 39
26 4 51
26 5 3
26 6 59
26 7 47
26 8 68
26 9 12
26 10 100
26 11 1
26 12 84
26 13 45
26 14 92
26 15 77
26 16 48
26 17 11
26 18 15
26 19 17
26 20 8
26 21 50
26 22 13
26 23 25
26 24 1
26 25 14
26 26 39
26 27 41
26 28 2
26 29 73
26 30 35
26 31 17
26 32 57
26 33 44
26 34 58
26 35 70
26 36 8
26 37 49
26 38 93
26 39 10
26 40 42
26 41 56
26 42 86
26 43 24
26 44 19
26 45 82
26 46 95
26 47 29
26 48 1
26 49 55
26 50 1
26 51 82
26 52 89
26 53 32
26 54 51
26 55 39
26 56 82
26 57 11
26 58 24
26 59 70
26 60 48
26 61 2
26 62 44
26 63 17
26 64 93
26 65 50
26 66 67
26 67 48
26 68 16
26 69 34
26 70 6
26 71 37
26 72 53
26 73 50
26 74 21
26 75 11
26 76 46
26 77 13
26 78 57
26 79 54
26 80 5
26 81 96
26 82 71
26 83 8
26 84 87
26 85 1
26 86 63
26 87 74
26 88 12
26 89 29
26 90 39
27 1 98
27 2 80
27 3 92
27 4 53
27 5 51
27 6 64
27 7 39
27 8 63
27 9 63
27 10 45
27 11 52
27 12 99
27 13 51
27 14 91
27 15 14
27 16 57
27 17 99
27 18 17
27 19 73
27 20 73
27 21 60
27 22 48
27 23 20
27 24 42
27 25 70
27 26 40
27 27 79
27 28 1
27 29 71
27 30 28
27 31 23
27 32 69
27 33 96
27 34 92
27 35 85
27 36 74
27 37 6
27 38 85
27 39 24
27 40 62
27 41 99
27 42 70
27 43 68
27 44 66
27 45 56
27 46 23
27 47 19
27 48 29
27 49 28
27 50 53
27 51 42
27 52 8
27 53 88
27 54 63
27 55 43
27 56 95
27 57 34
27 58 74
27 59 18
27 60 14
27 61 28
27 62 8
27 63 74
27 64 12
27 65 37
27 66 16
27 67 63
27 68 8
27 69 96
27 70 86
27 71 15
27 72 86
27 73 68
27 74 67
27 75 4
27 76 48
27 77 70
27 78 19
27 79 12
27 80 22
27 81 66
27 82 50
27 83 56
27 84 62
27 85 24
27 86 35
27 87 2
27 88 3
27 89 88
27 90 25
28 1 16
28 2 52
28 3 32
28 4 61
28 5 96
28 6 19
28 7 88
28 8 13
28 9 18
28 10 13
28 11 6
28 12 74
28 13 54
28 14 56
28 15 86
28 16 30
28 17 22
28 18 88
28 19 74
28 20 47
28 21 50
28 22 73
28 23 72
28 24 99
28 25 5
28 26 86
28 27 14
28 28 4
28 29 75
28 30 66
28 31 86
28 32 26
28 33 19
28 34 10
28 35 52
28 36 63
28 37 93
28 38 99
28 39 91
28 40 75
28 41 77
28 42 77
28 43 45
28 44 52
28 45 3
28 46 14
28 47 14
28 48 73
28 49 91
28 50 42
28 51 8
28 52 33
28 53 12
28 54 51
28 55 89
28 56 77
28 57 79
28 58 70
28 59 64
28 60 38
28 61 89
28 62 71
28 63 73
28 64 68
28 65 42
28 66 23
28 67 82
28 68 77
28 69 37
28 70 84
28 71 25
28 72 36
28 73 25
28 74 76
28 75 77
28 76 98
28 77 31
28 78 90
28 79 84
28 80 19
28 81 34
28 82 5
28 83 70
28 84 40
28 85 44
28 86 96
28 87 66
28 88 75
28 89 43
28 90 100
29 1 2
29 2 65
29 3 25
29 4 22
29 5 68
29 6 69
29 7 57
29 8 70
29 9 68
29 10 98
29 11 10
29 12 67
29 13 60
29 14 64
29 15 58
29 16 14
29 17 32
29 18 95
29 19 75
29 20 10
29 21 72
29 22 29
29 23 30
29 24 18
29 25 97
29 26 29
29 27 34
29 28 65
29 29 3
29 30 63
29 31 69
29 32 34
29 33 22
29 34 27
29 35 44
29 36 32
29 37 48
29 38 14
29 39 1
29 40 63
29 41 30
29 42 100
29 43 50
29 44 20
29 45 25
29 46 77
29 47 85
29 48 96
29 49 2
29 50 60
29 51 45
29 52 84
29 53 39
29 54 48
29 55 100
29 56 12
29 57 61
29 58 20
29 59 75
29 60 17
29 61 44
29 62 83
29 63 99
29 64 22
29 65 77
29 66 44
29 67 96
29 68 90
29 69 12
29 70 98
29 71 57
29 72 63
29 73 30
29 74 51
29 75 34
29 76 33
29 77 33
29 78 62
29 79 40
29 80 68
29 81 31
29 82 98
29 83 21
29 84 80
29 85 89
29 86 55
29 87 82
29 88 67
29 89 88
29 90 15
30 1 7
30 2 93
30 3 48
30 4 23
30 5 74
30 6 4
30 7 1
30 8 59
30 9 17
30 10 78
30 11 17
30 12 18
30 13 52
30 14 25
30 15 56
30 16 78
30 17 40
30 18 56
30 19 38
30 20 7
30 21 97
30 22 32
30 23 75
30 24 87
30 25 3
30 26 81
30 27 14
30 28 22
30 29 52
30 30 95
30 31 83
30 32 38
30 33 74
30 34 2
30 35 32
30 36 38
30 37 27
30 38 48
30 39 50
30 40 7
30 41 37
30 42 85
30 43 25
30 44 17
30 45 96
30 46 66
30 47 55
30 48 42
30 49 72
30 50 36
30 51 16
30 52 74
30 53 89
30 54 91
30 55 41
30 56 38
30 57 34
30 58 28
30 59 34
30 60 33
30 61 67
30 62 47
30 63 74
30 64 44
30 65 88
30 66 64
30 67 13
30 68 90
30 69 28
30 70 76
30 71 49
30 72 71
30 73 46
30 74 23
30 75 50
30 76 95
30 77 54
30 78 65
30 79 26
30 80 46
30 81 48
30 82 14
30 83 72
30 84 40
30 85 85
30 86 25
30 87 71
30 88 56
30 89 86
30 90 14
31 1 91
31 2 61
31 3 91
31 4 18
31 5 84
31 6 53
31 7 93
31 8 82
31 9 78
31 10 75
31 11 29
31 12 2
31 13 58
31 14 49
31 15 73
31 16 98
31 17 9
31 18 57
31 19 25
31 20 59
31 21 14
31 22 46
31 23 84
31 24 74
31 25 34
31 26 23
31 27 100
31 28 71
31 29 46
31 30 44
31 31 97
31 32 17
31 33 29
31 34 62
31 35 28
31 36 25
31 37 36
31 38 25
31 39 12
31 40 81
31 41 20
31 42 19
31 43 38
31 44 4
31 45 69
31 46 15
31 47 2
31 48 8
31 49 32
31 50 47
31 51 76
31 52 99
31 53 19
31 54 61
31 55 56
31 56 43
31 57 22
31 58 51
31 59 90
31 60 40
31 61 50
31 62 61
31 63 76
31 64 23
31 65 21
31 66 12
31 67 61
31 68 66
31 69 85
31 70 12
31 71 89
31 72 74
31 73 98
31 74 40
31 75 24
31 76 42
31 77 16
31 78 50
31 79 12
31 80 7
31 81 97
31 82 54
31 83 95
31 84 30
31 85 17
31 86 28
31 87 44
31 88 95
31 89 5
31 90 20
32 1 18
32 2 48
32 3 51
32 4 23
32 5 11
32 6 44
32 7 48
32 8 35
32 9 14
32 10 55
32 11 26
32 12 78
32 13 49
32 14 20
32 15 3
32 16 23
32 17 73
32 18 23
32 19 78
32 20 34
32 21 71
32 22 39
32 23 76
32 24 33
32 25 21
32 26 64
32 27 38
32 28 32
32 29 98
32 30 53
32 31 90
32 32 46
32 33 44
32 34 87
32 35 7
32 36 85
32 37 25
32 38 92
32 39 89
32 40 86
32 41 12
32 42 49
32 43 87
32 44 2
32 45 10
32 46 82
32 47 30
32 48 26
32 49 58
32 50 71
32 51 7
32 52 3
32 53 63
32 54 56
32 55 14
32 56 36
32 57 92
32 58 58
32 59 2
32 60 63
32 61 97
32 62 46
32 63 78
32 64 92
32 65 42
32 66 1
32 67 50
32 68 26
32 69 86
32 70 56
32 71 90
32 72 69
32 73 53
32 74 33
32 75 6
32 76 21
32 77 13
32 78 62
32 79 63
32 80 59
32 81 31
32 82 62
32 83 89
32 84 87
32 85 97
32 86 19
32 87 94
32 88 19
32 89 53
32 90 26
33 1 72
33 2 81
33 3 75
33 4 59
33 5 65
33 6 97
33 7 60
33 8 71
33 9 74
33 10 52
33 11 60
33 12 70
33 13 86
33 14 51
33 15 31
33 16 45
33 17 16
33 18 17
33 19 46
33 20 87
33 21 89
33 22 24
33 23 66
33 24 10
33 25 26
33 26 15
33 27 36
33 28 39
33 29 73
33 30 74
33 31 1
33 32 87
33 33 52
33 34 82
33 35 21
33 36 55
33 37 52
33 38 54
33 39 26
33 40 30
33 41 81
33 42 57
33 43 12
33 44 15
33 45 91
33 46 58
33 47 98
33 48 63
33 49 27
33 50 46
33 51 97
33 52 88
33 53 14
33 54 43
33 55 16
33 56 55
33 57 3
33 58 30
33 59 32
33 60 100
33 61 77
33 62 38
33 63 81
33 64 46
33 65 82
33 66 51
33 67 49
33 68 31
33 69 79
33 70 56
33 71 61
33 72 53
33 73 90
33 74 3
33 75 88
33 76 14
33 77 36
33 78 32
33 79 10
33 80 54
33 81 21
33 82 34
33 83 91
33 84 38
33 85 78
33 86 56
33 87 64
33 88 28
33 89 38
33 90 10
34 1 77
34 2 23
34 3 11
34 4 72
34 5 50
34 6 64
34 7 82
34 8 91
34 9 54
34 10 94
34 11 33
34 12 33
34 13 87
34 14 60
34 15 56
34 16 78
34 17 53
34 18 70
34 19 42
34 20 47
34 21 23
34 22 98
34 23 42
34 24 50
34 25 53
34 26 96
34 27 99
34 28 28
34 29 46
34 30 95
34 31 35
34 32 18
34 33 3
34 34 13
34 35 54
34 36 40
34 37 97
34 38 56
34 39 26
34 40 88
34 41 13
34 42 43
34 43 100
34 44 31
34 45 70
34 46 89
34 47 34
34 48 38
34 49 10
34 50 4
34 51 70
34 52 18
34 53 50
34 54 68
34 55 30
34 56 84
34 57 70
34 58 41
34 59 63
34 60 52
34 61 73
34 62 93
34 63 3
34 64 11
34 65 88
34 66 38
34 67 48
34 68 92
34 69 19
34 70 16
34 71 30
34 72 8
34 73 31
34 74 68
34 75 60
34 76 52
34 77 14
34 78 57
34 79 12
34 80 94
34 81 3
34 82 85
34 83 60
34 84 45
34 85 45
34 86 39
34 87 16
34 88 61
34 89 12
34 90 5
35 1 97
35 2 19
35 3 67
35 4 11
35 5 70
35 6 7
35 7 82
35 8 78
35 9 21
35 10 15
35 11 90
35 12 76
35 13 58
35 14 41
35 15 19
35 16 21
35 17 55
35 18 26
35 19 77
35 20 76
35 21 75
35 22 90
35 23 22
35 24 81
35 25 54
35 26 59
35 27 73
35 28 14
35 29 18
35 30 25
35 31 78
35 32 27
35 33 15
35 34 14
35 35 8
35 36 88
35 37 39
35 38 77
35 39 72
35 40 9
35 41 75
35 42 31
35 43 54
35 44 51
35 45 37
35 46 8
35 47 22
35 48 71
35 49 92
35 50 94
35 51 25
35 52 97
35 53 2
35 54 85
35 55 53
35 56 72
35 57 3
35 58 84
35 59 7
35 60 11
35 61 88
35 62 32
35 63 82
35 64 84
35 65 83
35 66 42
35 67 29
35 68 46
35 69 9
35 70 21
35 71 40
35 72 76
35 73 52
35 74 96
35 75 93
35 76 96
35 77 3
35 78 53
35 79 22
35 80 63
35 81 37
35 82 22
35 83 1
35 84 59
35 85 86
35 86 87
35 87 90
35 88 76
35 89 91
35 90 72
36 1 14
36 2 58
36 3 45
36 4 22
36 5 71
36 6 50
36 7 65
36 8 96
36 9 21
36 10 78
36 11 75
36 12 26
36 13 18
36 14 9
36 15 31
36 16 12
36 17 88
36 18 17
36 19 33
36 20 59
36 21 95
36 22 27
36 23 26
36 24 52
36 25 21
36 26 84
36 27 100
36 28 29
36 29 32
36 30 64
36 31 13
36 32 16
36 33 41
36 34 1
36 35 71
36 36 54
36 37 69
36 38 54
36 39 97
36 40 44
36 41 15
36 42 3
36 43 8
36 44 61
36 45 81
36 46 31
36 47 2
36 48 47
36 49 75
36 50 8
36 51 41
36 52 23
36 53 65
36 54 19
36 55 21
36 56 56
36 57 14
36 58 71
36 59 10
36 60 18
36 61 2
36 62 32
36 63 14
36 64 95
36 65 87
36 66 90
36 67 32
36 68 34
36 69 58
36 70 98
36 71 72
36 72 61
36 73 53
36 74 30
36 75 32
36 76 18
36 77 16
36 78 51
36 79 2
36 80 73
36 81 80
36 82 65
36 83 76
36 84 73
36 85 44
36 86 69
36 87 85
36 88 37
36 89 7
36 90 81
37 1 84
37 2 95
37 3 79
37 4 55
37 5 84
37 6 45
37 7 33
37 8 25
37 9 38
37 10 25
37 11 76
37 12 29
37 13 78
37 14 11
37 15 72
37 16 61
37 17 55
37 18 5
37 19 44
37 20 36
37 21 84
37 22 34
37 23 7
37 24 67
37 25 94
37 26 89
37 27 2
37 28 87
37 29 2
37 30 81
37 31 39
37 32 54
37 33 3
37 34 71
37 35 55
37 36 79
37 37 43
37 38 39
37 39 80
37 40 65
37 41 64
37 42 96
37 43 82
37 44 61
37 45 79
37 46 50
37 47 74
37 48 46
37 49 52
37 50 37
37 51 76
37 52 50
37 53 20
37 54 37
37 55 17
37 56 36
37 57 76
37 58 16
37 59 82
37 60 59
37 61 53
37 62 92
37 63 43
37 64 4
37 65 91
37 66 25
37 67 78
37 68 58
37 69 20
37 70 90
37 71 96
37 72 41
37 73 49
37 74 40
37 75 50
37 76 60
37 77 62
37 78 64
37 79 5
37 80 10
37 81 50
37 82 70
37 83 33
37 84 6
37 85 85
37 86 20
37 87 86
37 88 56
37 89 9
37 90 25
38 1 77
38 2 86
38 3 47
38 4 29
38 5 1
38 6 6
38 7 51
38 8 49
38 9 36
38 10 71
38 11 86
38 12 39
38 13 43
38 14 15
38 15 90
38 16 55
38 17 65
38 18 80
38 19 17
38 20 10
38 21 25
38 22 66
38 23 1
38 24 42
38 25 8
38 26 63
38 27 11
38 28 63
38 29 44
38 30 40
38 31 7
38 32 89
38 33 97
38 34 81
38 35 15
38 36 2
38 37 96
38 38 37
38 39 95
38 40 6
38 41 41
38 42 39
38 43 75
38 44 11
38 45 85
38 46 28
38 47 73
38 48 65
38 49 19
38 50 22
38 51 62
38 52 63
38 53 97
38 54 35
38 55 52
38 56 98
38 57 4
38 58 64
38 59 50
38 60 45
38 61 47
38 62 5
38 63 64
38 64 2
38 65 6
38 66 55
38 67 35
38 68 46
38 69 73
38 70 34
38 71 10
38 72 42
38 73 21
38 74 66
38 75 9
38 76 72
38 77 37
38 78 38
38 79 31
38 80 44
38 81 39
38 82 50
38 83 45
38 84 18
38 85 100
38 86 4
38 87 64
38 88 15
38 89 88
38 90 64
39 1 3
39 2 84
39 3 66
39 4 73
39 5 34
39 6 75
39 7 18
39 8 86
39 9 92
39 10 86
39 11 92
39 12 7
39 13 51
39 14 25
39 15 30
39 16 60
39 17 21
39 18 17
39 19 52
39 20 81
39 21 53
39 22 14
39 23 33
39 24 85
39 25 7
39 26 43
39 27 83
39 28 10
39 29 20
39 30 91
39 31 15
39 32 100
39 33 54
39 34 98
39 35 72
39 36 21
39 37 68
39 38 15
39 39 61
39 40 93
39 41 20
39 42 48
39 43 25
39 44 18
39 45 78
39 46 32
39 47 91
39 48 34
39 49 62
39 50 87
39 51 34
39 52 84
39 53 14
39 54 43
39 55 96
39 56 13
39 57 37
39 58 52
39 59 46
39 60 23
39 61 60
39 62 20
39 63 9
39 64 70
39 65 85
39 66 59
39 67 56
39 68 94
39 69 55
39 70 63
39 71 49
39 72 78
39 73 83
39 74 57
39 75 66
39 76 25
39 77 53
39 78 52
39 79 69
39 80 7
39 81 19
39 82 80
39 83 70
39 84 74
39 85 63
39 86 20
39 87 79
39 88 24
39 89 37
39 90 40
40 1 49
40 2 9
40 3 85
40 4 57
40 5 88
40 6 53
40 7 62
40 8 34
40 9 100
40 10 68
40 11 23
40 12 27
40 13 30
40 14 63
40 15 85
40 16 6
40 17 11
40 18 64
40 19 71
40 20 74
40 21 27
40 22 61
40 23 99
40 24 58
40 25 29
40 26 3
40 27 83
40 28 23
40 29 41
40 30 93
40 31 17
40 32 64
40 33 33
40 34 84
40 35 31
40 36 33
40 37 75
40 38 57
40 39 12
40 40 9
40 41 35
40 42 83
40 43 81
40 44 67
40 45 13
40 46 86
40 47 56
40 48 87
40 49 48
40 50 28
40 51 24
40 52 81
40 53 92
40 54 79
40 55 47
40 56 39
40 57 63
40 58 32
40 59 22
40 60 13
40 61 56
40 62 99
40 63 14
40 64 97
40 65 26
40 66 97
40 67 80
40 68 89
40 69 95
40 70 72
40 71 61
40 72 24
40 73 70
40 74 47
40 75 49
40 76 20
40 77 82
40 78 95
40 79 42
40 80 33
40 81 96
40 82 44
40 83 95
40 84 83
40 85 35
40 86 29
40 87 30
40 88 98
40 89 31
40 90 82
41 1 15
41 2 79
41 3 90
41 4 99
41 5 69
41 6 93
41 7 41
41 8 81
41 9 10
41 10 87
41 11 30
41 12 38
41 13 12
41 14 76
41 15 41
41 16 24
41 17 74
41 18 20
41 19 31
41 20 98
41 21 11
41 22 82
41 23 48
41 24 77
41 25 2
41 26 34
41 27 71
41 28 35
41 29 94
41 30 14
41 31 44
41 32 16
41 33 67
41 34 60
41 35 59
41 36 12
41 37 50
41 38 70
41 39 44
41 40 24
41 41 52
41 42 59
41 43 100
41 44 70
41 45 8
41 46 42
41 47 52
41 48 40
41 49 60
41 50 63
41 51 24
41 52 91
41 53 2
41 54 21
41 55 64
41 56 2
41 57 36
41 58 91
41 59 21
41 60 97
41 61 65
41 62 31
41 63 77
41 64 86
41 65 93
41 66 95
41 67 35
41 68 67
41 69 35
41 70 5
41 71 43
41 72 71
41 73 29
41 74 81
41 75 87
41 76 94
41 77 14
41 78 94
41 79 43
41 80 61
41 81 23
41 82 97
41 83 79
41 84 26
41 85 42
41 86 53
41 87 76
41 88 85
41 89 32
41 90 62
42 1 71
42 2 36
42 3 31
42 4 37
42 5 10
42 6 100
42 7 79
42 8 64
42 9 45
42 10 16
42 11 10
42 12 5
42 13 99
42 14 37
42 15 48
42 16 98
42 17 70
42 18 61
42 19 60
42 20 32
42 21 52
42 22 23
42 23 79
42 24 87
42 25 49
42 26 33
42 27 89
42 28 89
42 29 54
42 30 36
42 31 48
42 32 20
42 33 54
42 34 23
42 35 74
42 36 66
42 37 11
42 38 51
42 39 30
42 40 4
42 41 58
42 42 56
42 43 2
42 44 32
42 45 90
42 46 66
42 47 87
42 48 5
42 49 68
42 50 73
42 51 97
42 52 87
42 53 47
42 54 40
42 55 23
42 56 70
42 57 92
42 58 67
42 59 48
42 60 11
42 61 15
42 62 91
42 63 80
42 64 51
42 65 52
42 66 44
42 67 43
42 68 73
42 69 37
42 70 58
42 71 99
42 72 31
42 73 95
42 74 68
42 75 100
42 76 26
42 77 18
42 78 96
42 79 19
42 80 47
42 81 69
42 82 17
42 83 78
42 84 23
42 85 90
42 86 99
42 87 30
42 88 70
42 89 45
42 90 4
43 1 92
43 2 78
43 3 53
43 4 84
43 5 48
43 6 2
43 7 30
43 8 45
43 9 69
43 10 21
43 11 43
43 12 20
43 13 35
43 14 49
43 15 88
43 16 86
43 17 53
43 18 62
43 19 67
43 20 84
43 21 68
43 22 51
43 23 9
43 24 18
43 25 44
43 26 53
43 27 34
43 28 84
43 29 97
43 30 19
43 31 16
43 32 90
43 33 62
43 34 51
43 35 68
43 36 32
43 37 86
43 38 20
43 39 59
43 40 6
43 41 72
43 42 70
43 43 39
43 44 84
43 45 12
43 46 47
43 47 78
43 48 49
43 49 56
43 50 1
43 51 15
43 52 70
43 53 36
43 54 2
43 55 90
43 56 50
43 57 57
43 58 14
43 59 65
43 60 18
43 61 65
43 62 62
43 63 96
43 64 82
43 65 44
43 66 13
43 67 84
43 68 80
43 69 91
43 70 52
43 71 27
43 72 92
43 73 81
43 74 30
43 75 77
43 76 69
43 77 69
43 78 60
43 79 21
43 80 7
43 81 85
43 82 61
43 83 85
43 84 70
43 85 62
43 86 76
43 87 29
43 88 14
43 89 86
43 90 16
44 1 56
44 2 61
44 3 9
44 4 90
44 5 18
44 6 65
44 7 26
44 8 4
44 9 72
44 10 12
44 11 58
44 12 50
44 13 54
44 14 26
44 15 32
44 16 99
44 17 75
44 18 50
44 19 21
44 20 13
44 21 1
44 22 94
44 23 75
44 24 43
44 25 44
44 26 88
44 27 70
44 28 48
44 29 68
44 30 81
44 31 89
44 32 35
44 33 38
44 34 82
44 35 97
44 36 100
44 37 74
44 38 98
44 39 64
44 40 54
44 41 32
44 42 94
44 43 55
44 44 95
44 45 67
44 46 78
44 47 25
44 48 42
44 49 91
44 50 97
44 51 15
44 52 39
44 53 7
44 54 95
44 55 52
44 56 33
44 57 26
44 58 60
44 59 76
44 60 59
44 61 14
44 62 66
44 63 9
44 64 63
44 65 71
44 66 32
44 67 28
44 68 58
44 69 11
44 70 49
44 71 78
44 72 16
44 73 94
44 74 47
44 75 73
44 76 39
44 77 58
44 78 15
44 79 44
44 80 80
44 81 73
44 82 88
44 83 82
44 84 20
44 85 25
44 86 2
44 87 89
44 88 36
44 89 87
44 90 76
45 1 79
45 2 80
45 3 100
45 4 2
45 5 27
45 6 85
45 7 37
45 8 28
45 9 97
45 10 10
45 11 88
45 12 92
45 13 100
45 14 71
45 15 97
45 16 10
45 17 55
45 18 86
45 19 51
45 20 6
45 21 89
45 22 25
45 23 97
45 24 86
45 25 77
45 26 76
45 27 21
45 28 71
45 29 62
45 30 45
45 31 3
45 32 84
45 33 1
45 34 70
45 35 74
45 36 46
45 37 88
45 38 94
45 39 37
45 40 84
45 41 65
45 42 98
45 43 85
45 44 72
45 45 77
45 46 47
45 47 79
45 48 76
45 49 26
45 50 100
45 51 25
45 52 79
45 53 75
45 54 89
45 55 37
45 56 23
45 57 6
45 58 65
45 59 37
45 60 5
45 61 27
45 62 3
45 63 8
45 64 77
45 65 67
45 66 16
45 67 42
45 68 3
45 69 52
45 70 73
45 71 71
45 72 55
45 73 62
45 74 31
45 75 59
45 76 36
45 77 60
45 78 78
45 79 99
45 80 21
45 81 54
45 82 72
45 83 38
45 84 59
45 85 55
45 86 82
45 87 36
45 88 67
45 89 38
45 90 66
46 1 20
46 2 94
46 3 77
46 4 19
46 5 93
46 6 79
46 7 53
46 8 48
46 9 64
46 10 3
46 11 42
46 12 18
46 13 16
46 14 33
46 15 6
46 16 6
46 17 83
46 18 63
46 19 82
46 20 61
46 21 34
46 22 44
46 23 88
46 24 9
46 25 39
46 26 19
46 27 65
46 28 85
46 29 34
46 30 31
46 31 64
46 32 92
46 33 4
46 34 81
46 35 8
46 36 51
46 37 2
46 38 83
46 39 61
46 40 47
46 41 88
46 42 98
46 43 51
46 44 14
46 45 38
46 46 51
46 47 4
46 48 8
46 49 23
46 50 5
46 51 4
46 52 98
46 53 70
46 54 92
46 55 29
46 56 40
46 57 61
46 58 47
46 59 78
46 60 66
46 61 46
46 62 20
46 63 79
46 64 95
46 65 74
46 66 74
46 67 45
46 68 70
46 69 53
46 70 49
46 71 45
46 72 54
46 73 68
46 74 54
46 75 15
46 76 48
46 77 18
46 78 59
46 79 63
46 80 12
46 81 29
46 82 37
46 83 35
46 84 38
46 85 45
46 86 92
46 87 86
46 88 90
46 89 27
46 90 25
47 1 17
47 2 12
47 3 23
47 4 2
47 5 75
47 6 40
47 7 62
47 8 49
47 9 27
47 10 73
47 11 85
47 12 59
47 13 56
47 14 24
47 15 15
47 16 14
47 17 23
47 18 69
47 19 71
47 20 19
47 21 37
47 22 8
47 23 21
47 24 18
47 25 56
47 26 79
47 27 48
47 28 76
47 29 68
47 30 95
47 31 88
47 32 67
47 33 6
47 34 79
47 35 83
47 36 3
47 37 8
47 38 88
47 39 90
47 40 96
47 41 43
47 42 52
47 43 93
47 44 29
47 45 85
47 46 21
47 47 87
47 48 24
47 49 57
47 50 27
47 51 74
47 52 82
47 53 24
47 54 96
47 55 57
47 56 49
47 57 20
47 58 21
47 59 67
47 60 24
47 61 42
47 62 51
47 63 63
47 64 51
47 65 81
47 66 86
47 67 48
47 68 97
47 69 12
47 70 11
47 71 43
47 72 55
47 73 65
47 74 93
47 75 37
47 76 98
47 77 14
47 78 92
47 79 70
47 80 51
47 81 56
47 82 40
47 83 25
47 84 99
47 85 28
47 86 25
47 87 53
47 88 20
47 89 10
47 90 9
48 1 38
48 2 1
48 3 38
48 4 47
48 5 36
48 6 74
48 7 70
48 8 87
48 9 39
48 10 82
48 11 89
48 12 92
48 13 25
48 14 26
48 15 79
48 16 21
48 17 78
48 18 65
48 19 52
48 20 74
48 21 82
48 22 92
48 23 60
48 24 31
48 25 86
48 26 29
48 27 3
48 28 23
48 29 57
48 30 40
48 31 80
48 32 15
48 33 42
48 34 71
48 35 53
48 36 24
48 37 67
48 38 45
48 39 94
48 40 49
48 41 69
48 42 16
48 43 21
48 44 20
48 45 19
48 46 4
48 47 79
48 48 88
48 49 65
48 50 81
48 51 43
48 52 93
48 53 76
48 54 8
48 55 21
48 56 4
48 57 90
48 58 93
48 59 31
48 60 80
48 61 25
48 62 61
48 63 17
48 64 92
48 65 26
48 66 54
48 67 69
48 68 87
48 69 82
48 70 24
48 71 40
48 72 46
48 73 98
48 74 85
48 75 45
48 76 79
48 77 68
48 78 84
48 79 68
48 80 57
48 81 90
48 82 10
48 83 72
48 84 19
48 85 35
48 86 82
48 87 77
48 88 60
48 89 66
48 90 66
49 1 84
49 2 79
49 3 7
49 4 41
49 5 76
49 6 65
49 7 23
49 8 94
49 9 29
49 10 34
49 11 86
49 12 1
49 13 48
49 14 85
49 15 28
49 16 73
49 17 9
49 18 25
49 19 59
49 20 70
49 21 99
49 22 54
49 23 71
49 24 49
49 25 38
49 26 100
49 27 5
49 28 85
49 29 42
49 30 7
49 31 7
49 32 79
49 33 91
49 34 83
49 35 30
49 36 5
49 37 27
49 38 58
49 39 64
49 40 31
49 41 37
49 42 25
49 43 50
49 44 88
49 45 67
49 46 89
49 47 65
49 48 11
49 49 16
49 50 72
49 51 67
49 52 73
49 53 39
49 54 52
49 55 34
49 56 33
49 57 29
49 58 14
49 59 29
49 60 13
49 61 20
49 62 37
49 63 75
49 64 15
49 65 60
49 66 73
49 67 36
49 68 92
49 69 74
49 70 2
49 71 60
49 72 14
49 73 4
49 74 47
49 75 53
49 76 31
49 77 21
49 78 65
49 79 88
49 80 18
49 81 92
49 82 4
49 83 29
49 84 36
49 85 68
49 86 8
49 87 5
49 88 32
49 89 20
49 90 45
50 1 79
50 2 92
50 3 13
50 4 88
50 5 80
50 6 10
50 7 28
50 8 13
50 9 39
50 10 24
50 11 53
50 12 47
50 13 66
50 14 1
50 15 82
50 16 62
50 17 52
50 18 99
50 19 5
50 20 81
50 21 72
50 22 14
50 23 86
50 24 46
50 25 99
50 26 99
50 27 58
50 28 45
50 29 86
50 30 32
50 31 42
50 32 85
50 33 19
50 34 41
50 35 71
50 36 57
50 37 44
50 38 14
50 39 57
50 40 97
50 41 21
50 42 25
50 43 83
50 44 100
50 45 95
50 46 21
50 47 78
50 48 72
50 49 67
50 50 23
50 51 61
50 52 96
50 53 7
50 54 92
50 55 19
50 56 71
50 57 87
50 58 34
50 59 49
50 60 69
50 61 75
50 62 20
50 63 84
50 64 50
50 65 36
50 66 14
50 67 58
50 68 83
50 69 100
50 70 82
50 71 19
50 72 71
50 73 39
50 74 11
50 75 35
50 76 65
50 77 45
50 78 46
50 79 37
50 80 86
50 81 20
50 82 59
50 83 35
50 84 80
50 85 36
50 86 41
50 87 27
50 88 49
50 89 55
50 90 33
51 1 72
51 2 53
51 3 39
51 4 62
51 5 56
51 6 51
51 7 89
51 8 87
51 9 42
51 10 12
51 11 85
51 12 4
51 13 15
51 14 63
51 15 50
51 16 94
51 17 74
51 18 76
51 19 12
51 20 78
51 21 78
51 22 70
51 23 1
51 24 26
51 25 86
51 26 26
51 27 20
51 28 10
51 29 5
51 30 96
51 31 48
51 32 45
51 33 15
51 34 53
51 35 1
51 36 64
51 37 4
51 38 14
51 39 85
51 40 40
51 41 94
51 42 8
51 43 23
51 44 84
51 45 74
51 46 1
51 47 84
51 48 15
51 49 39
51 50 55
51 51 33
51 52 75
51 53 4
51 54 14
51 55 22
51 56 14
51 57 52
51 58 52
51 59 13
51 60 59
51 61 52
51 62 1
51 63 89
51 64 10
51 65 8
51 66 8
51 67 37
51 68 94
51 69 69
51 70 34
51 71 94
51 72 3
51 73 85
51 74 44
51 75 74
51 76 48
51 77 67
51 78 40
51 79 80
51 80 79
51 81 85
51 82 36
51 83 98
51 84 8
51 85 51
51 86 46
51 87 14
51 88 43
51 89 11
51 90 73
52 1 21
52 2 44
52 3 76
52 4 72
52 5 73
52 6 56
52 7 34
52 8 37
52 9 32
52 10 76
52 11 26
52 12 95
52 13 5
52 14 41
52 15 6
52 16 54
52 17 94
52 18 50
52 19 42
52 20 38
52 21 91
52 22 32
52 23 11
52 24 5
52 25 87
52 26 16
52 27 60
52 28 49
52 29 5
52 30 30
52 31 24
52 32 38
52 33 78
52 34 20
52 35 56
52 36 64
52 37 29
52 38 39
52 39 82
52 40 11
52 41 80
52 42 21
52 43 69
52 44 65
52 45 22
52 46 49
52 47 10
52 48 47
52 49 82
52 50 90
52 51 77
52 52 95
52 53 2
52 54 84
52 55 42
52 56 14
52 57 45
52 58 30
52 59 48
52 60 52
52 61 62
52 62 2
52 63 36
52 64 77
52 65 85
52 66 42
52 67 22
52 68 90
52 69 99
52 70 16
52 71 67
52 72 23
52 73 58
52 74 4
52 75 54
52 76 17
52 77 63
52 78 95
52 79 74
52 80 85
52 81 95
52 82 100
52 83 23
52 84 41
52 85 6
52 86 79
52 87 80
52 88 19
52 89 57
52 90 50
53 1 2
53 2 71
53 3 39
53 4 33
53 5 15
53 6 11
53 7 32
53 8 70
53 9 75
53 10 62
53 11 70
53 12 71
53 13 14
53 14 39
53 15 31
53 16 14
53 17 89
53 18 93
53 19 20
53 20 46
53 21 65
53 22 36
53 23 22
53 24 83
53 25 35
53 26 85
53 27 21
53 28 34
53 29 56
53 30 87
53 31 26
53 32 35
53 33 69
53 34 49
53 35 66
53 36 2
53 37 57
53 38 60
53 39 100
53 40 91
53 41 43
53 42 32
53 43 6
53 44 10
53 45 86
53 46 26
53 47 15
53 48 15
53 49 75
53 50 93
53 51 56
53 52 76
53 53 77
53 54 55
53 55 43
53 56 3
53 57 7
53 58 69
53 59 32
53 60 9
53 61 83
53 62 5
53 63 16
53 64 88
53 65 85
53 66 89
53 67 89
53 68 66
53 69 8
53 70 53
53 71 73
53 72 29
53 73 53
53 74 63
53 75 59
53 76 67
53 77 15
53 78 26
53 79 38
53 80 25
53 81 34
53 82 39
53 83 38
53 84 71
53 85 43
53 86 28
53 87 25
53 88 86
53 89 34
53 90 74
54 1 95
54 2 59
54 3 69
54 4 9
54 5 69
54 6 68
54 7 36
54 8 20
54 9 28
54 10 48
54 11 14
54 12 67
54 13 39
54 14 40
54 15 16
54 16 31
54 17 75
54 18 16
54 19 2
54 20 66
54 21 87
54 22 23
54 23 40
54 24 42
54 25 28
54 26 64
54 27 13
54 28 71
54 29 98
54 30 94
54 31 21
54 32 51
54 33 58
54 34 54
54 35 91
54 36 16
54 37 53
54 38 59
54 39 21
54 40 18
54 41 2
54 42 40
54 43 81
54 44 60
54 45 32
54 46 89
54 47 54
54 48 79
54 49 6
54 50 4
54 51 20
54 52 57
54 53 72
54 54 35
54 55 52
54 56 99
54 57 41
54 58 67
54 59 83
54 60 40
54 61 52
54 62 33
54 63 25
54 64 49
54 65 58
54 66 28
54 67 84
54 68 23
54 69 11
54 70 39
54 71 94
54 72 64
54 73 96
54 74 63
54 75 68
54 76 88
54 77 4
54 78 1
54 79 1
54 80 19
54 81 22
54 82 12
54 83 23
54 84 61
54 85 95
54 86 66
54 87 5
54 88 55
54 89 27
54 90 70
55 1 62
55 2 37
55 3 100
55 4 39
55 5 67
55 6 76
55 7 42
55 8 43
55 9 59
55 10 88
55 11 60
55 12 16
55 13 65
55 14 42
55 15 97
55 16 85
55 17 18
55 18 66
55 19 75
55 20 6
55 21 13
55 22 73
55 23 55
55 24 77
55 25 32
55 26 39
55 27 36
55 28 65
55 29 53
55 30 23
55 31 77
55 32 30
55 33 96
55 34 40
55 35 44
55 36 25
55 37 70
55 38 67
55 39 22
55 40 43
55 41 63
55 42 61
55 43 88
55 44 93
55 45 9
55 46 55
55 47 66
55 48 61
55 49 41
55 50 36
55 51 61
55 52 69
55 53 64
55 54 56
55 55 56
55 56 59
55 57 86
55 58 51
55 59 67
55 60 81
55 61 82
55 62 90
55 63 77
55 64 44
55 65 9
55 66 6
55 67 39
55 68 37
55 69 84
55 70 92
55 71 92
55 72 38
55 73 50
55 74 28
55 75 70
55 76 9
55 77 2
55 78 81
55 79 78
55 80 71
55 81 57
55 82 93
55 83 77
55 84 14
55 85 55
55 86 16
55 87 42
55 88 21
55 89 52
55 90 54
56 1 85
56 2 91
56 3 44
56 4 45
56 5 84
56 6 29
56 7 57
56 8 38
56 9 94
56 10 64
56 11 11
56 12 61
56 13 85
56 14 74
56 15 29
56 16 35
56 17 2
56 18 50
56 19 69
56 20 21
56 21 48
56 22 83
56 23 10
56 24 92
56 25 26
56 26 21
56 27 85
56 28 29
56 29 95
56 30 40
56 31 2
56 32 65
56 33 58
56 34 94
56 35 24
56 36 44
56 37 83
56 38 74
56 39 41
56 40 26
56 41 20
56 42 78
56 43 61
56 44 39
56 45 26
56 46 36
56 47 46
56 48 93
56 49 19
56 50 78
56 51 76
56 52 59
56 53 52
56 54 57
56 55 99
56 56 41
56 57 11
56 58 14
56 59 21
56 60 32
56 61 1
56 62 85
56 63 62
56 64 80
56 65 20
56 66 10
56 67 70
56 68 11
56 69 44
56 70 37
56 71 32
56 72 69
56 73 44
56 74 32
56 75 85
56 76 88
56 77 87
56 78 49
56 79 78
56 80 45
56 81 44
56 82 79
56 83 31
56 84 22
56 85 68
56 86 2
56 87 72
56 88 91
56 89 20
56 90 25
57 1 26
57 2 40
57 3 14
57 4 39
57 5 23
57 6 19
57 7 43
57 8 34
57 9 70
57 10 89
57 11 74
57 12 61
57 13 43
57 14 46
57 15 15
57 16 48
57 17 85
57 18 82
57 19 16
57 20 35
57 21 33
57 22 46
57 23 20
57 24 43
57 25 27
57 26 71
57 27 71
57 28 97
57 29 1
57 30 74
57 31 76
57 32 57
57 33 75
57 34 6
57 35 4
57 36 17
57 37 6
57 38 82
57 39 33
57 40 80
57 41 31
57 42 11
57 43 57
57 44 1
57 45 67
57 46 48
57 47 39
57 48 82
57 49 87
57 50 32
57 51 62
57 52 8
57 53 84
57 54 70
57 55 1
57 56 15
57 57 60
57 58 12
57 59 94
57 60 71
57 61 83
57 62 52
57 63 62
57 64 43
57 65 15
57 66 48
57 67 11
57 68 60
57 69 77
57 70 51
57 71 11
57 72 87
57 73 40
57 74 60
57 75 50
57 76 39
57 77 53
57 78 74
57 79 52
57 80 67
57 81 96
57 82 79
57 83 7
57 84 24
57 85 61
57 86 42
57 87 36
57 88 33
57 89 52
57 90 80
58 1 22
58 2 44
58 3 18
58 4 11
58 5 40
58 6 38
58 7 65
58 8 50
58 9 94
58 10 22
58 11 83
58 12 28
58 13 24
58 14 96
58 15 87
58 16 86
58 17 71
58 18 21
58 19 58
58 20 13
58 21 82
58 22 11
58 23 68
58 24 87
58 25 54
58 26 13
58 27 85
58 28 48
58 29 64
58 30 55
58 31 73
58 32 1
58 33 10
58 34 68
58 35 88
58 36 65
58 37 30
58 38 42
58 39 5
58 40 87
58 41 46
58 42 91
58 43 78
58 44 27
58 45 94
58 46 57
58 47 10
58 48 6
58 49 73
58 50 38
58 51 48
58 52 18
58 53 99
58 54 45
58 55 23
58 56 71
58 57 61
58 58 71
58 59 1
58 60 59
58 61 62
58 62 26
58 63 80
58 64 16
58 65 84
58 66 66
58 67 27
58 68 68
58 69 60
58 70 22
58 71 21
58 72 8
58 73 61
58 74 4
58 75 68
58 76 47
58 77 1
58 78 83
58 79 64
58 80 33
58 81 94
58 82 70
58 83 70
58 84 46
58 85 81
58 86 54
58 87 12
58 88 40
58 89 19
58 90 86
59 1 63
59 2 20
59 3 27
59 4 77
59 5 70
59 6 50
59 7 83
59 8 24
59 9 10
59 10 13
59 11 6
59 12 25
59 13 40
59 14 2
59 15 76
59 16 56
59 17 30
59 18 22
59 19 61
59 20 97
59 21 39
59 22 12
59 23 98
59 24 4
59 25 44
59 26 78
59 27 61
59 28 74
59 29 40
59 30 46
59 31 24
59 32 12
59 33 36
59 34 37
59 35 31
59 36 2
59 37 62
59 38 17
59 39 96
59 40 94
59 41 64
59 42 33
59 43 79
59 44 5
59 45 1
59 46 41
59 47 78
59 48 57
59 49 28
59 50 2
59 51 79
59 52 81
59 53 83
59 54 46
59 55 84
59 56 4
59 57 61
59 58 95
59 59 57
59 60 47
59 61 55
59 62 57
59 63 5
59 64 95
59 65 49
59 66 15
59 67 56
59 68 86
59 69 50
59 70 39
59 71 29
59 72 66
59 73 42
59 74 20
59 75 14
59 76 5
59 77 40
59 78 5
59 79 4
59 80 98
59 81 30
59 82 56
59 83 81
59 84 12
59 85 31
59 86 47
59 87 60
59 88 80
59 89 56
59 90 88
60 1 81
60 2 53
60 3 9
60 4 12
60 5 66
60 6 63
60 7 28
60 8 32
60 9 62
60 10 54
60 11 82
60 12 96
60 13 36
60 14 19
60 15 2
60 16 27
60 17 35
60 18 69
60 19 18
60 20 12
60 21 64
60 22 87
60 23 64
60 24 26
60 25 60
60 26 95
60 27 68
60 28 92
60 29 89
60 30 31
60 31 65
60 32 4
60 33 12
60 34 92
60 35 38
60 36 45
60 37 61
60 38 39
60 39 63
60 40 53
60 41 26
60 42 95
60 43 7
60 44 13
60 45 97
60 46 13
60 47 41
60 48 43
60 49 42
60 50 4
60 51 63
60 52 24
60 53 82
60 54 55
60 55 35
60 56 31
60 57 12
60 58 22
60 59 45
60 60 82
60 61 27
60 62 64
60 63 49
60 64 67
60 65 85
60 66 2
60 67 91
60 68 64
60 69 76
60 70 35
60 71 17
60 72 7
60 73 18
60 74 66
60 75 73
60 76 78
60 77 9
60 78 1
60 79 54
60 80 35
60 81 14
60 82 29
60 83 3
60 84 84
60 85 27
60 86 22
60 87 55
60 88 40
60 89 1
60 90 67
61 1 80
61 2 18
61 3 79
61 4 12
61 5 66
61 6 24
61 7 30
61 8 82
61 9 82
61 10 70
61 11 37
61 12 72
61 13 46
61 14 89
61 15 16
61 16 3
61 17 97
61 18 77
61 19 45
61 20 88
61 21 88
61 22 69
61 23 96
61 24 55
61 25 33
61 26 15
61 27 69
61 28 31
61 29 15
61 30 39
61 31 26
61 32 99
61 33 99
61 34 34
61 35 23
61 36 22
61 37 13
61 38 95
61 39 32
61 40 56
61 41 51
61 42 66
61 43 70
61 44 79
61 45 36
61 46 64
61 47 7
61 48 24
61 49 18
61 50 66
61 51 59
61 52 93
61 53 58
61 54 87
61 55 69
61 56 27
61 57 84
61 58 72
61 59 61
61 60 81
61 61 92
61 62 17
61 63 18
61 64 76
61 65 53
61 66 48
61 67 4
61 68 48
61 69 3
61 70 68
61 71 17
61 72 85
61 73 95
61 74 51
61 75 28
61 76 3
61 77 90
61 78 42
61 79 23
61 80 66
61 81 75
61 82 58
61 83 98
61 84 37
61 85 84
61 86 36
61 87 57
61 88 55
61 89 81
61 90 5
62 1 5
62 2 76
62 3 77
62 4 20
62 5 100
62 6 14
62 7 9
62 8 46
62 9 96
62 10 99
62 11 10
62 12 19
62 13 30
62 14 97
62 15 39
62 16 1
62 17 92
62 18 40
62 19 1
62 20 10
62 21 56
62 22 79
62 23 53
62 24 30
62 25 40
62 26 80
62 27 9
62 28 43
62 29 13
62 30 51
62 31 28
62 32 54
62 33 40
62 34 32
62 35 23
62 36 32
62 37 43
62 38 85
62 39 53
62 40 52
62 41 32
62 42 40
62 43 73
62 44 74
62 45 7
62 46 37
62 47 43
62 48 21
62 49 53
62 50 35
62 51 1
62 52 39
62 53 98
62 54 10
62 55 81
62 56 31
62 57 61
62 58 91
62 59 48
62 60 92
62 61 81
62 62 24
62 63 28
62 64 61
62 65 42
62 66 65
62 67 40
62 68 99
62 69 62
62 70 35
62 71 24
62 72 72
62 73 66
62 74 36
62 75 65
62 76 24
62 77 8
62 78 50
62 79 69
62 80 46
62 81 39
62 82 24
62 83 35
62 84 55
62 85 62
62 86 52
62 87 8
62 88 31
62 89 80
62 90 56
63 1 78
63 2 52
63 3 69
63 4 63
63 5 76
63 6 65
63 7 44
63 8 87
63 9 20
63 10 10
63 11 60
63 12 92
63 13 70
63 14 64
63 15 58
63 16 43
63 17 53
63 18 65
63 19 66
63 20 90
63 21 32
63 22 38
63 23 39
63 24 70
63 25 13
63 26 85
63 27 16
63 28 79
63 29 1
63 30 82
63 31 96
63 32 66
63 33 23
63 34 97
63 35 21
63 36 80
63 37 95
63 38 14
63 39 81
63 40 51
63 41 60
63 42 54
63 43 22
63 44 74
63 45 90
63 46 31
63 47 1
63 48 89
63 49 38
63 50 71
63 51 61
63 52 29
63 53 32
63 54 21
63 55 100
63 56 91
63 57 30
63 58 41
63 59 15
63 60 16
63 61 11
63 62 61
63 63 25
63 64 10
63 65 21
63 66 64
63 67 19
63 68 97
63 69 90
63 70 70
63 71 14
63 72 23
63 73 8
63 74 2
63 75 49
63 76 26
63 77 17
63 78 95
63 79 93
63 80 60
63 81 73
63 82 23
63 83 62
63 84 55
63 85 5
63 86 60
63 87 32
63 88 59
63 89 80
63 90 92
64 1 14
64 2 61
64 3 98
64 4 69
64 5 56
64 6 20
64 7 85
64 8 16
64 9 29
64 10 82
64 11 19
64 12 8
64 13 68
64 14 68
64 15 72
64 16 63
64 17 85
64 18 44
64 19 79
64 20 24
64 21 43
64 22 50
64 23 5
64 24 55
64 25 45
64 26 84
64 27 99
64 28 99
64 29 3
64 30 96
64 31 48
64 32 62
64 33 19
64 34 37
64 35 96
64 36 17
64 37 59
64 38 91
64 39 37
64 40 3
64 41 46
64 42 90
64 43 87
64 44 32
64 45 21
64 46 90
64 47 59
64 48 81
64 49 34
64 50 17
64 51 76
64 52 96
64 53 31
64 54 6
64 55 83
64 56 7
64 57 51
64 58 70
64 59 74
64 60 17
64 61 78
64 62 82
64 63 59
64 64 32
64 65 74
64 66 98
64 67 45
64 68 85
64 69 4
64 70 1
64 71 94
64 72 29
64 73 32
64 74 75
64 75 31
64 76 6
64 77 66
64 78 16
64 79 96
64 80 61
64 81 50
64 82 31
64 83 79
64 84 37
64 85 87
64 86 50
64 87 79
64 88 60
64 89 48
64 90 57
65 1 30
65 2 91
65 3 43
65 4 76
65 5 98
65 6 48
65 7 99
65 8 37
65 9 73
65 10 16
65 11 1
65 12 17
65 13 30
65 14 7
65 15 78
65 16 66
65 17 3
65 18 19
65 19 61
65 20 10
65 21 8
65 22 10
65 23 56
65 24 63
65 25 23
65 26 73
65 27 67
65 28 94
65 29 23
65 30 3
65 31 84
65 32 55
65 33 55
65 34 39
65 35 31
65 36 78
65 37 20
65 38 94
65 39 65
65 40 73
65 41 34
65 42 76
65 43 51
65 44 61
65 45 61
65 46 96
65 47 27
65 48 57
65 49 41
65 50 91
65 51 9
65 52 46
65 53 55
65 54 7
65 55 45
65 56 37
65 57 86
65 58 14
65 59 33
65 60 76
65 61 73
65 62 70
65 63 86
65 64 14
65 65 41
65 66 55
65 67 11
65 68 35
65 69 78
65 70 67
65 71 44
65 72 70
65 73 38
65 74 57
65 75 28
65 76 84
65 77 41
65 78 56
65 79 77
65 80 96
65 81 18
65 82 47
65 83 53
65 84 61
65 85 80
65 86 56
65 87 34
65 88 49
65 89 12
65 90 95
66 1 90
66 2 30
66 3 80
66 4 15
66 5 29
66 6 75
66 7 35
66 8 22
66 9 17
66 10 91
66 11 12
66 12 20
66 13 63
66 14 39
66 15 45
66 16 29
66 17 88
66 18 95
66 19 76
66 20 75
66 21 14
66 22 41
66 23 47
66 24 72
66 25 62
66 26 75
66 27 52
66 28 41
66 29 49
66 30 73
66 31 93
66 32 97
66 33 8
66 34 75
66 35 49
66 36 68
66 37 98
66 38 62
66 39 61
66 40 43
66 41 36
66 42 2
66 43 21
66 44 94
66 45 42
66 46 40
66 47 36
66 48 46
66 49 91
66 50 30
66 51 39
66 52 94
66 53 87
66 54 82
66 55 26
66 56 63
66 57 89
66 58 44
66 59 5
66 60 63
66 61 44
66 62 28
66 63 36
66 64 61
66 65 46
66 66 1
66 67 8
66 68 12
66 69 87
66 70 66
66 71 38
66 72 56
66 73 42
66 74 38
66 75 70
66 76 77
66 77 14
66 78 60
66 79 39
66 80 47
66 81 88
66 82 86
66 83 90
66 84 4
66 85 7
66 86 51
66 87 90
66 88 18
66 89 29
66 90 5
67 1 1
67 2 13
67 3 3
67 4 8
67 5 23
67 6 50
67 7 95
67 8 76
67 9 12
67 10 75
67 11 52
67 12 1
67 13 17
67 14 30
67 15 59
67 16 25
67 17 77
67 18 22
67 19 25
67 20 57
67 21 22
67 22 64
67 23 45
67 24 71
67 25 70
67 26 6
67 27 56
67 28 7
67 29 82
67 30 17
67 31 41
67 32 57
67 33 38
67 34 31
67 35 79
67 36 75
67 37 100
67 38 64
67 39 11
67 40 51
67 41 39
67 42 35
67 43 90
67 44 35
67 45 9
67 46 25
67 47 38
67 48 62
67 49 16
67 50 86
67 51 60
67 52 79
67 53 67
67 54 4
67 55 50
67 56 20
67 57 74
67 58 88
67 59 24
67 60 18
67 61 12
67 62 25
67 63 20
67 64 1
67 65 95
67 66 22
67 67 100
67 68 41
67 69 14
67 70 95
67 71 85
67 72 18
67 73 46
67 74 76
67 75 66
67 76 38
67 77 57
67 78 40
67 79 34
67 80 87
67 81 66
67 82 87
67 83 73
67 84 6
67 85 48
67 86 42
67 87 93
67 88 96
67 89 98
67 90 11
68 1 90
68 2 21
68 3 63
68 4 70
68 5 18
68 6 32
68 7 10
68 8 90
68 9 3
68 10 15
68 11 95
68 12 66
68 13 74
68 14 90
68 15 58
68 16 76
68 17 5
68 18 97
68 19 39
68 20 76
68 21 50
68 22 44
68 23 37
68 24 60
68 25 93
68 26 10
68 27 87
68 28 22
68 29 36
68 30 95
68 31 95
68 32 5
68 33 32
68 34 90
68 35 63
68 36 57
68 37 33
68 38 28
68 39 6
68 40 17
68 41 34
68 42 93
68 43 47
68 44 13
68 45 30
68 46 77
68 47 17
68 48 16
68 49 48
68 50 37
68 51 65
68 52 22
68 53 9
68 54 100
68 55 92
68 56 38
68 57 90
68 58 62
68 59 51
68 60 55
68 61 28
68 62 25
68 63 32
68 64 41
68 65 57
68 66 24
68 67 1
68 68 16
68 69 61
68 70 94
68 71 78
68 72 7
68 73 28
68 74 100
68 75 28
68 76 96
68 77 16
68 78 20
68 79 60
68 80 6
68 81 22
68 82 4
68 83 87
68 84 42
68 85 97
68 86 14
68 87 75
68 88 73
68 89 31
68 90 88
69 1 72
69 2 42
69 3 63
69 4 100
69 5 32
69 6 74
69 7 31
69 8 86
69 9 57
69 10 9
69 11 30
69 12 18
69 13 11
69 14 19
69 15 64
69 16 77
69 17 6
69 18 90
69 19 22
69 20 14
69 21 9
69 22 3
69 23 16
69 24 58
69 25 64
69 26 87
69 27 2
69 28 96
69 29 93
69 30 34
69 31 76
69 32 42
69 33 4
69 34 25
69 35 51
69 36 69
69 37 14
69 38 49
69 39 28
69 40 14
69 41 24
69 42 43
69 43 47
69 44 61
69 45 11
69 46 78
69 47 82
69 48 57
69 49 28
69 50 42
69 51 15
69 52 5
69 53 84
69 54 87
69 55 88
69 56 33
69 57 70
69 58 31
69 59 10
69 60 31
69 61 51
69 62 32
69 63 25
69 64 94
69 65 92
69 66 30
69 67 20
69 68 97
69 69 74
69 70 8
69 71 40
69 72 25
69 73 96
69 74 13
69 75 13
69 76 93
69 77 3
69 78 48
69 79 41
69 80 12
69 81 36
69 82 4
69 83 85
69 84 77
69 85 98
69 86 84
69 87 49
69 88 34
69 89 46
69 90 11
70 1 53
70 2 18
70 3 91
70 4 44
70 5 17
70 6 67
70 7 65
70 8 25
70 9 38
70 10 5
70 11 82
70 12 60
70 13 42
70 14 12
70 15 78
70 16 86
70 17 57
70 18 21
70 19 18
70 20 42
70 21 46
70 22 97
70 23 84
70 24 54
70 25 72
70 26 68
70 27 59
70 28 11
70 29 67
70 30 69
70 31 48
70 32 15
70 33 79
70 34 6
70 35 90
70 36 41
70 37 93
70 38 70
70 39 72
70 40 83
70 41 83
70 42 27
70 43 65
70 44 38
70 45 100
70 46 61
70 47 79
70 48 68
70 49 91
70 50 56
70 51 67
70 52 10
70 53 47
70 54 29
70 55 91
70 56 86
70 57 78
70 58 74
70 59 41
70 60 50
70 61 20
70 62 53
70 63 12
70 64 91
70 65 43
70 66 52
70 67 63
70 68 9
70 69 99
70 70 100
70 71 25
70 72 98
70 73 72
70 74 42
70 75 41
70 76 32
70 77 17
70 78 27
70 79 12
70 80 72
70 81 43
70 82 87
70 83 96
70 84 81
70 85 44
70 86 9
70 87 82
70 88 71
70 89 11
70 90 87
71 1 57
71 2 38
71 3 40
71 4 79
71 5 34
71 6 29
71 7 25
71 8 35
71 9 43
71 10 4
71 11 8
71 12 16
71 13 84
71 14 84
71 15 83
71 16 29
71 17 97
71 18 80
71 19 41
71 20 3
71 21 71
71 22 2
71 23 99
71 24 92
71 25 19
71 26 72
71 27 12
71 28 11
71 29 4
71 30 65
71 31 42
71 32 17
71 33 41
71 34 88
71 35 77
71 36 93
71 37 57
71 38 69
71 39 39
71 40 26
71 41 16
71 42 62
71 43 20
71 44 95
71 45 57
71 46 8
71 47 26
71 48 36
71 49 58
71 50 68
71 51 13
71 52 78
71 53 95
71 54 87
71 55 62
71 56 96
71 57 34
71 58 61
71 59 89
71 60 12
71 61 27
71 62 25
71 63 9
71 64 5
71 65 29
71 66 4
71 67 56
71 68 72
71 69 11
71 70 48
71 71 70
71 72 30
71 73 44
71 74 81
71 75 26
71 76 91
71 77 17
71 78 36
71 79 58
71 80 53
71 81 70
71 82 8
71 83 69
71 84 24
71 85 98
71 86 7
71 87 34
71 88 21
71 89 40
71 90 30
72 1 41
72 2 44
72 3 16
72 4 31
72 5 26
72 6 36
72 7 58
72 8 77
72 9 8
72 10 56
72 11 5
72 12 34
72 13 20
72 14 67
72 15 22
72 16 55
72 17 27
72 18 94
72 19 39
72 20 29
72 21 89
72 22 46
72 23 100
72 24 30
72 25 96
72 26 33
72 27 39
72 28 11
72 29 95
72 30 77
72 31 73
72 32 44
72 33 82
72 34 70
72 35 53
72 36 17
72 37 64
72 38 5
72 39 30
72 40 90
72 41 94
72 42 47
72 43 75
72 44 60
72 45 67
72 46 42
72 47 31
72 48 49
72 49 42
72 50 8
72 51 20
72 52 8
72 53 73
72 54 11
72 55 47
72 56 75
72 57 46
72 58 38
72 59 57
72 60 57
72 61 44
72 62 72
72 63 34
72 64 39
72 65 42
72 66 95
72 67 94
72 68 58
72 69 62
72 70 54
72 71 85
72 72 35
72 73 46
72 74 30
72 75 84
72 76 41
72 77 95
72 78 59
72 79 20
72 80 87
72 81 10
72 82 51
72 83 5
72 84 11
72 85 17
72 86 34
72 87 71
72 88 84
72 89 22
72 90 78
73 1 80
73 2 75
73 3 59
73 4 20
73 5 46
73 6 88
73 7 80
73 8 27
73 9 66
73 10 34
73 11 64
73 12 23
73 13 58
73 14 27
73 15 60
73 16 31
73 17 31
73 18 94
73 19 72
73 20 88
73 21 98
73 22 6
73 23 91
73 24 83
73 25 100
73 26 79
73 27 73
73 28 59
73 29 15
73 30 70
73 31 69
73 32 51
73 33 11
73 34 47
73 35 81
73 36 4
73 37 100
73 38 32
73 39 35
73 40 97
73 41 5
73 42 3
73 43 18
73 44 100
73 45 6
73 46 74
73 47 53
73 48 10
73 49 15
73 50 3
73 51 59
73 52 64
73 53 87
73 54 14
73 55 22
73 56 80
73 57 71
73 58 42
73 59 52
73 60 9
73 61 34
73 62 28
73 63 56
73 64 79
73 65 14
73 66 100
73 67 87
73 68 45
73 69 96
73 70 43
73 71 17
73 72 72
73 73 38
73 74 20
73 75 5
73 76 42
73 77 59
73 78 24
73 79 4
73 80 74
73 81 91
73 82 5
73 83 50
73 84 2
73 85 82
73 86 73
73 87 99
73 88 29
73 89 49
73 90 73
74 1 58
74 2 18
74 3 67
74 4 97
74 5 42
74 6 35
74 7 72
74 8 88
74 9 89
74 10 93
74 11 58
74 12 75
74 13 50
74 14 60
74 15 8
74 16 25
74 17 11
74 18 56
74 19 96
74 20 20
74 21 13
74 22 52
74 23 67
74 24 3
74 25 69
74 26 71
74 27 59
74 28 42
74 29 19
74 30 8
74 31 13
74 32 93
74 33 80
74 34 82
74 35 86
74 36 18
74 37 57
74 38 40
74 39 61
74 40 69
74 41 42
74 42 39
74 43 14
74 44 77
74 45 31
74 46 56
74 47 54
74 48 4
74 49 78
74 50 19
74 51 68
74 52 52
74 53 68
74 54 51
74 55 70
74 56 89
74 57 41
74 58 38
74 59 88
74 60 84
74 61 54
74 62 80
74 63 2
74 64 20
74 65 24
74 66 35
74 67 79
74 68 25
74 69 4
74 70 90
74 71 76
74 72 8
74 73 10
74 74 47
74 75 70
74 76 76
74 77 12
74 78 12
74 79 70
74 80 80
74 81 86
74 82 81
74 83 55
74 84 27
74 85 21
74 86 3
74 87 26
74 88 43
74 89 14
74 90 81
75 1 98
75 2 40
75 3 60
75 4 77
75 5 91
75 6 19
75 7 44
75 8 34
75 9 63
75 10 82
75 11 10
75 12 76
75 13 35
75 14 42
75 15 42
75 16 69
75 17 65
75 18 53
75 19 14
75 20 1
75 21 8
75 22 71
75 23 33
75 24 55
75 25 94
75 26 92
75 27 78
75 28 15
75 29 73
75 30 33
75 31 49
75 32 86
75 33 25
75 34 73
75 35 86
75 36 47
75 37 86
75 38 66
75 39 43
75 40 75
75 41 35
75 42 48
75 43 73
75 44 61
75 45 37
75 46 3
75 47 56
75 48 8
75 49 29
75 50 41
75 51 87
75 52 38
75 53 60
75 54 28
75 55 90
75 56 100
75 57 81
75 58 44
75 59 88
75 60 41
75 61 83
75 62 58
75 63 66
75 64 89
75 65 84
75 66 68
75 67 93
75 68 52
75 69 70
75 70 35
75 71 19
75 72 18
75 73 95
75 74 86
75 75 2
75 76 13
75 77 51
75 78 42
75 79 68
75 80 27
75 81 41
75 82 49
75 83 27
75 84 39
75 85 73
75 86 1
75 87 7
75 88 70
75 89 32
75 90 71
76 1 13
76 2 6
76 3 96
76 4 99
76 5 3
76 6 17
76 7 97
76 8 8
76 9 48
76 10 87
76 11 83
76 12 45
76 13 77
76 14 12
76 15 98
76 16 4
76 17 42
76 18 84
76 19 65
76 20 9
76 21 9
76 22 72
76 23 9
76 24 73
76 25 21
76 26 20
76 27 18
76 28 93
76 29 97
76 30 96
76 31 99
76 32 86
76 33 30
76 34 56
76 35 96
76 36 60
76 37 37
76 38 43
76 39 42
76 40 92
76 41 40
76 42 28
76 43 61
76 44 94
76 45 31
76 46 61
76 47 70
76 48 58
76 49 16
76 50 17
76 51 9
76 52 38
76 53 56
76 54 65
76 55 20
76 56 73
76 57 35
76 58 52
76 59 28
76 60 5
76 61 22
76 62 56
76 63 36
76 64 13
76 65 69
76 66 60
76 67 40
76 68 26
76 69 2
76 70 37
76 71 52
76 72 65
76 73 15
76 74 4
76 75 21
76 76 1
76 77 28
76 78 31
76 79 91
76 80 42
76 81 80
76 82 84
76 83 12
76 84 9
76 85 76
76 86 76
76 87 75
76 88 38
76 89 10
76 90 63
77 1 3
77 2 80
77 3 69
77 4 95
77 5 62
77 6 51
77 7 3
77 8 12
77 9 89
77 10 70
77 11 40
77 12 82
77 13 76
77 14 15
77 15 92
77 16 19
77 17 23
77 18 29
77 19 91
77 20 65
77 21 87
77 22 86
77 23 97
77 24 11
77 25 35
77 26 57
77 27 91
77 28 31
77 29 4
77 30 5
77 31 55
77 32 22
77 33 69
77 34 56
77 35 19
77 36 38
77 37 81
77 38 40
77 39 10
77 40 52
77 41 68
77 42 36
77 43 51
77 44 62
77 45 80
77 46 70
77 47 86
77 48 29
77 49 4
77 50 23
77 51 40
77 52 50
77 53 20
77 54 85
77 55 95
77 56 72
77 57 50
77 58 36
77 59 9
77 60 70
77 61 84
77 62 10
77 63 29
77 64 60
77 65 41
77 66 31
77 67 42
77 68 88
77 69 38
77 70 66
77 71 62
77 72 19
77 73 93
77 74 90
77 75 23
77 76 36
77 77 96
77 78 74
77 79 82
77 80 83
77 81 43
77 82 33
77 83 42
77 84 35
77 85 39
77 86 39
77 87 97
77 88 7
77 89 22
77 90 85
78 1 12
78 2 2
78 3 77
78 4 65
78 5 9
78 6 4
78 7 82
78 8 27
78 9 17
78 10 49
78 11 52
78 12 76
78 13 26
78 14 35
78 15 26
78 16 25
78 17 68
78 18 75
78 19 14
78 20 23
78 21 37
78 22 37
78 23 50
78 24 79
78 25 48
78 26 97
78 27 23
78 28 51
78 29 31
78 30 72
78 31 18
78 32 14
78 33 55
78 34 93
78 35 53
78 36 92
78 37 76
78 38 54
78 39 48
78 40 23
78 41 74
78 42 34
78 43 55
78 44 30
78 45 24
78 46 11
78 47 58
78 48 95
78 49 61
78 50 73
78 51 33
78 52 38
78 53 5
78 54 83
78 55 11
78 56 61
78 57 79
78 58 69
78 59 69
78 60 83
78 61 22
78 62 82
78 63 85
78 64 77
78 65 20
78 66 87
78 67 19
78 68 29
78 69 92
78 70 76
78 71 59
78 72 21
78 73 31
78 74 17
78 75 81
78 76 98
78 77 8
78 78 79
78 79 79
78 80 53
78 81 18
78 82 85
78 83 37
78 84 3
78 85 56
78 86 39
78 87 29
78 88 64
78 89 47
78 90 31
79 1 81
79 2 59
79 3 50
79 4 77
79 5 85
79 6 32
79 7 32
79 8 71
79 9 12
79 10 70
79 11 13
79 12 42
79 13 23
79 14 10
79 15 60
79 16 1
79 17 78
79 18 81
79 19 73
79 20 29
79 21 57
79 22 14
79 23 17
79 24 3
79 25 99
79 26 40
79 27 56
79 28 21
79 29 80
79 30 44
79 31 94
79 32 100
79 33 5
79 34 83
79 35 64
79 36 47
79 37 4
79 38 75
79 39 88
79 40 36
79 41 58
79 42 98
79 43 2
79 44 84
79 45 96
79 46 49
79 47 78
79 48 5
79 49 67
79 50 24
79 51 43
79 52 75
79 53 1
79 54 90
79 55 94
79 56 58
79 57 11
79 58 57
79 59 58
79 60 37
79 61 47
79 62 31
79 63 57
79 64 22
79 65 78
79 66 95
79 67 6
79 68 94
79 69 95
79 70 54
79 71 8
79 72 2
79 73 57
79 74 29
79 75 88
79 76 60
79 77 4
79 78 36
79 79 63
79 80 3
79 81 45
79 82 59
79 83 21
79 84 41
79 85 58
79 86 63
79 87 10
79 88 75
79 89 84
79 90 1
80 1 28
80 2 29
80 3 34
80 4 23
80 5 32
80 6 67
80 7 1
80 8 17
80 9 11
80 10 83
80 11 83
80 12 28
80 13 20
80 14 33
80 15 17
80 16 70
80 17 89
80 18 86
80 19 32
80 20 13
80 21 8
80 22 69
80 23 29
80 24 45
80 25 1
80 26 91
80 27 24
80 28 44
80 29 66
80 30 88
80 31 85
80 32 92
80 33 57
80 34 70
80 35 70
80 36 34
80 37 72
80 38 86
80 39 18
80 40 12
80 41 6
80 42 6
80 43 7
80 44 21
80 45 38
80 46 69
80 47 25
80 48 35
80 49 60
80 50 42
80 51 45
80 52 11
80 53 62
80 54 91
80 55 20
80 56 54
80 57 54
80 58 54
80 59 60
80 60 98
80 61 88
80 62 5
80 63 29
80 64 90
80 65 24
80 66 52
80 67 19
80 68 49
80 69 61
80 70 52
80 71 97
80 72 67
80 73 21
80 74 6
80 75 84
80 76 49
80 77 37
80 78 40
80 79 69
80 80 98
80 81 82
80 82 23
80 83 59
80 84 74
80 85 65
80 86 48
80 87 44
80 88 89
80 89 79
80 90 13
81 1 100
81 2 72
81 3 38
81 4 81
81 5 6
81 6 56
81 7 36
81 8 39
81 9 66
81 10 22
81 11 91
81 12 26
81 13 49
81 14 36
81 15 19
81 16 69
81 17 3
81 18 15
81 19 61
81 20 90
81 21 57
81 22 30
81 23 85
81 24 97
81 25 68
81 26 83
81 27 37
81 28 5
81 29 59
81 30 10
81 31 21
81 32 25
81 33 57
81 34 3
81 35 82
81 36 2
81 37 47
81 38 90
81 39 65
81 40 42
81 41 90
81 42 3
81 43 23
81 44 35
81 45 89
81 46 44
81 47 42
81 48 83
81 49 79
81 50 93
81 51 75
81 52 47
81 53 100
81 54 29
81 55 62
81 56 98
81 57 74
81 58 67
81 59 99
81 60 93
81 61 94
81 62 3
81 63 65
81 64 41
81 65 97
81 66 82
81 67 51
81 68 29
81 69 28
81 70 71
81 71 43
81 72 30
81 73 79
81 74 23
81 75 38
81 76 80
81 77 40
81 78 66
81 79 33
81 80 22
81 81 74
81 82 59
81 83 91
81 84 69
81 85 4
81 86 78
81 87 71
81 88 79
81 89 72
81 90 69
82 1 94
82 2 23
82 3 27
82 4 71
82 5 95
82 6 26
82 7 1
82 8 82
82 9 90
82 10 59
82 11 99
82 12 30
82 13 86
82 14 69
82 15 6
82 16 93
82 17 51
82 18 80
82 19 98
82 20 56
82 21 3
82 22 31
82 23 79
82 24 24
82 25 30
82 26 18
82 27 11
82 28 84
82 29 39
82 30 25
82 31 17
82 32 17
82 33 7
82 34 57
82 35 23
82 36 51
82 37 27
82 38 53
82 39 38
82 40 100
82 41 1
82 42 86
82 43 6
82 44 78
82 45 51
82 46 94
82 47 60
82 48 34
82 49 29
82 50 10
82 51 88
82 52 63
82 53 87
82 54 76
82 55 36
82 56 12
82 57 60
82 58 52
82 59 50
82 60 55
82 61 7
82 62 66
82 63 95
82 64 5
82 65 8
82 66 34
82 67 23
82 68 39
82 69 94
82 70 31
82 71 38
82 72 36
82 73 14
82 74 41
82 75 55
82 76 27
82 77 26
82 78 28
82 79 47
82 80 77
82 81 64
82 82 42
82 83 62
82 84 35
82 85 19
82 86 14
82 87 50
82 88 88
82 89 87
82 90 39
83 1 39
83 2 50
83 3 93
83 4 35
83 5 92
83 6 65
83 7 20
83 8 74
83 9 33
83 10 26
83 11 93
83 12 65
83 13 52
83 14 13
83 15 72
83 16 10
83 17 32
83 18 29
83 19 68
83 20 59
83 21 63
83 22 68
83 23 53
83 24 45
83 25 95
83 26 1
83 27 30
83 28 27
83 29 65
83 30 22
83 31 95
83 32 94
83 33 100
83 34 3
83 35 35
83 36 87
83 37 34
83 38 68
83 39 98
83 40 1
83 41 38
83 42 6
83 43 53
83 44 4
83 45 63
83 46 78
83 47 63
83 48 89
83 49 91
83 50 23
83 51 11
83 52 95
83 53 46
83 54 28
83 55 64
83 56 6
83 57 73
83 58 90
83 59 88
83 60 53
83 61 7
83 62 84
83 63 84
83 64 40
83 65 2
83 66 5
83 67 22
83 68 71
83 69 58
83 70 51
83 71 51
83 72 89
83 73 75
83 74 53
83 75 70
83 76 36
83 77 19
83 78 65
83 79 22
83 80 48
83 81 21
83 82 83
83 83 38
83 84 15
83 85 94
83 86 70
83 87 54
83 88 1
83 89 37
83 90 40
84 1 62
84 2 32
84 3 89
84 4 76
84 5 65
84 6 77
84 7 23
84 8 71
84 9 22
84 10 61
84 11 69
84 12 82
84 13 12
84 14 86
84 15 42
84 16 77
84 17 95
84 18 72
84 19 54
84 20 45
84 21 31
84 22 87
84 23 15
84 24 51
84 25 96
84 26 80
84 27 11
84 28 52
84 29 87
84 30 6
84 31 5
84 32 91
84 33 5
84 34 35
84 35 38
84 36 28
84 37 8
84 38 41
84 39 61
84 40 87
84 41 59
84 42 89
84 43 30
84 44 15
84 45 59
84 46 2
84 47 46
84 48 58
84 49 64
84 50 81
84 51 1
84 52 15
84 53 14
84 54 23
84 55 20
84 56 23
84 57 55
84 58 93
84 59 85
84 60 34
84 61 35
84 62 90
84 63 92
84 64 48
84 65 82
84 66 100
84 67 73
84 68 25
84 69 99
84 70 21
84 71 28
84 72 92
84 73 37
84 74 84
84 75 13
84 76 43
84 77 73
84 78 54
84 79 3
84 80 83
84 81 27
84 82 56
84 83 100
84 84 97
84 85 27
84 86 62
84 87 66
84 88 94
84 89 54
84 90 69
85 1 17
85 2 74
85 3 85
85 4 48
85 5 50
85 6 88
85 7 95
85 8 2
85 9 36
85 10 78
85 11 5
85 12 44
85 13 47
85 14 26
85 15 47
85 16 45
85 17 97
85 18 75
85 19 82
85 20 82
85 21 35
85 22 89
85 23 6
85 24 30
85 25 53
85 26 55
85 27 8
85 28 97
85 29 70
85 30 94
85 31 50
85 32 42
85 33 14
85 34 38
85 35 80
85 36 81
85 37 92
85 38 55
85 39 65
85 40 93
85 41 43
85 42 79
85 43 8
85 44 23
85 45 58
85 46 74
85 47 91
85 48 21
85 49 99
85 50 92
85 51 75
85 52 8
85 53 33
85 54 4
85 55 75
85 56 41
85 57 95
85 58 67
85 59 87
85 60 85
85 61 77
85 62 7
85 63 15
85 64 84
85 65 5
85 66 63
85 67 79
85 68 93
85 69 59
85 70 4
85 71 90
85 72 75
85 73 95
85 74 63
85 75 43
85 76 13
85 77 63
85 78 90
85 79 94
85 80 100
85 81 11
85 82 48
85 83 86
85 84 63
85 85 65
85 86 96
85 87 50
85 88 49
85 89 57
85 90 16
86 1 85
86 2 62
86 3 24
86 4 45
86 5 29
86 6 33
86 7 31
86 8 36
86 9 6
86 10 62
86 11 79
86 12 91
86 13 42
86 14 51
86 15 45
86 16 45
86 17 53
86 18 75
86 19 74
86 20 93
86 21 32
86 22 91
86 23 55
86 24 74
86 25 17
86 26 53
86 27 90
86 28 30
86 29 58
86 30 64
86 31 83
86 32 97
86 33 97
86 34 60
86 35 55
86 36 85
86 37 71
86 38 46
86 39 8
86 40 44
86 41 50
86 42 8
86 43 36
86 44 23
86 45 67
86 46 31
86 47 60
86 48 23
86 49 32
86 50 54
86 51 94
86 52 62
86 53 67
86 54 1
86 55 69
86 56 48
86 57 34
86 58 49
86 59 82
86 60 49
86 61 34
86 62 88
86 63 40
86 64 91
86 65 1
86 66 31
86 67 76
86 68 32
86 69 35
86 70 32
86 71 3
86 72 36
86 73 74
86 74 55
86 75 3
86 76 18
86 77 97
86 78 89
86 79 19
86 80 19
86 81 28
86 82 84
86 83 7
86 84 71
86 85 90
86 86 24
86 87 40
86 88 12
86 89 66
86 90 81
87 1 32
87 2 89
87 3 95
87 4 59
87 5 36
87 6 85
87 7 1
87 8 40
87 9 7
87 10 27
87 11 90
87 12 62
87 13 54
87 14 17
87 15 81
87 16 89
87 17 29
87 18 54
87 19 58
87 20 4
87 21 87
87 22 67
87 23 41
87 24 98
87 25 17
87 26 42
87 27 4
87 28 61
87 29 37
87 30 47
87 31 73
87 32 16
87 33 78
87 34 92
87 35 65
87 36 71
87 37 96
87 38 81
87 39 59
87 40 85
87 41 9
87 42 72
87 43 82
87 44 38
87 45 85
87 46 31
87 47 19
87 48 55
87 49 95
87 50 83
87 51 27
87 52 38
87 53 64
87 54 6
87 55 79
87 56 12
87 57 54
87 58 71
87 59 82
87 60 28
87 61 45
87 62 92
87 63 21
87 64 79
87 65 46
87 66 75
87 67 38
87 68 17
87 69 72
87 70 59
87 71 15
87 72 44
87 73 2
87 74 79
87 75 24
87 76 51
87 77 98
87 78 65
87 79 56
87 80 9
87 81 33
87 82 64
87 83 70
87 84 87
87 85 62
87 86 8
87 87 57
87 88 3
87 89 54
87 90 63
88 1 51
88 2 13
88 3 15
88 4 79
88 5 16
88 6 11
88 7 79
88 8 55
88 9 100
88 10 1
88 11 100
88 12 61
88 13 99
88 14 7
88 15 19
88 16 72
88 17 25
88 18 54
88 19 90
88 20 9
88 21 64
88 22 51
88 23 47
88 24 81
88 25 26
88 26 26
88 27 74
88 28 13
88 29 81
88 30 58
88 31 64
88 32 78
88 33 92
88 34 92
88 35 40
88 36 65
88 37 92
88 38 87
88 39 64
88 40 49
88 41 91
88 42 69
88 43 16
88 44 95
88 45 45
88 46 32
88 47 30
88 48 57
88 49 51
88 50 37
88 51 68
88 52 47
88 53 36
88 54 50
88 55 66
88 56 78
88 57 70
88 58 6
88 59 33
88 60 92
88 61 39
88 62 6
88 63 52
88 64 83
88 65 22
88 66 73
88 67 72
88 68 46
88 69 38
88 70 1
88 71 42
88 72 74
88 73 2
88 74 90
88 75 79
88 76 70
88 77 38
88 78 78
88 79 36
88 80 8
88 81 96
88 82 18
88 83 43
88 84 29
88 85 24
88 86 67
88 87 11
88 88 47
88 89 12
88 90 24
89 1 29
89 2 32
89 3 99
89 4 35
89 5 98
89 6 76
89 7 97
89 8 36
89 9 24
89 10 26
89 11 12
89 12 50
89 13 75
89 14 37
89 15 77
89 16 77
89 17 74
89 18 46
89 19 14
89 20 79
89 21 15
89 22 42
89 23 46
89 24 52
89 25 85
89 26 43
89 27 2
89 28 3
89 29 1
89 30 58
89 31 51
89 32 87
89 33 64
89 34 49
89 35 32
89 36 24
89 37 5
89 38 30
89 39 72
89 40 16
89 41 37
89 42 20
89 43 81
89 44 94
89 45 42
89 46 64
89 47 83
89 48 55
89 49 82
89 50 96
89 51 40
89 52 95
89 53 82
89 54 9
89 55 54
89 56 30
89 57 25
89 58 21
89 59 62
89 60 6
89 61 24
89 62 60
89 63 54
89 64 49
89 65 5
89 66 14
89 67 21
89 68 45
89 69 30
89 70 32
89 71 45
89 72 92
89 73 56
89 74 95
89 75 10
89 76 71
89 77 29
89 78 93
89 79 81
89 80 69
89 81 98
89 82 19
89 83 32
89 84 53
89 85 76
89 86 60
89 87 39
89 88 35
89 89 52
89 90 11
90 1 32
90 2 22
90 3 14
90 4 32
90 5 18
90 6 91
90 7 3
90 8 100
90 9 67
90 10 43
90 11 61
90 12 7
90 13 45
90 14 75
90 15 14
90 16 19
90 17 60
90 18 90
90 19 85
90 20 94
90 21 65
90 22 26
90 23 12
90 24 10
90 25 58
90 26 64
90 27 6
90 28 18
90 29 78
90 30 44
90 31 86
90 32 77
90 33 47
90 34 60
90 35 68
90 36 38
90 37 36
90 38 17
90 39 79
90 40 58
90 41 14
90 42 95
90 43 90
90 44 1
90 45 77
90 46 82
90 47 63
90 48 32
90 49 79
90 50 7
90 51 76
90 52 21
90 53 24
90 54 22
90 55 48
90 56 25
90 57 84
90 58 20
90 59 93
90 60 39
90 61 41
90 62 10
90 63 4
90 64 82
90 65 11
90 66 23
90 67 86
90 68 59
90 69 64
90 70 2
90 71 4
90 72 57
90 73 66
90 74 48
90 75 75
90 76 47
90 77 14
90 78 24
90 79 20
90 80 66
90 81 24
90 82 51
90 83 78
90 84 68
90 85 57
90 86 2
90 87 7
90 88 9
90 89 14
90 90 69
