2 6
2 7
2 8
2 9
2 11
2 16
2 19
2 21
2 22
2 23
2 24
2 26
2 28
2 29
2 33
2 34
2 36
2 37
2 41
2 42
2 43
2 46
2 49
2 53
2 54
2 55
2 60
2 63
2 65
2 66
2 67
2 68
2 69
2 70
2 72
2 75
2 78
2 79
2 81
2 82
2 83
2 85
2 86
2 87
2 88
2 89
2 90
3 3
3 4
3 5
3 7
3 8
3 11
3 12
3 14
3 15
3 17
3 18
3 19
3 21
3 22
3 24
3 25
3 26
3 27
3 30
3 32
3 35
3 36
3 37
3 39
3 42
3 43
3 49
3 54
3 56
3 60
3 63
3 65
3 68
3 71
3 72
3 73
3 74
3 75
3 79
3 83
3 88
4 3
4 4
4 6
4 7
4 8
4 11
4 14
4 15
4 16
4 17
4 18
4 19
4 20
4 21
4 22
4 23
4 24
4 25
4 26
4 28
4 31
4 32
4 33
4 34
4 35
4 37
4 42
4 43
4 44
4 46
4 47
4 48
4 49
4 52
4 53
4 59
4 60
4 62
4 65
4 68
4 70
4 71
4 72
4 73
4 74
4 79
4 80
4 82
4 83
4 86
4 89
4 90
5 1
5 2
5 4
5 6
5 7
5 12
5 14
5 15
5 18
5 19
5 20
5 21
5 22
5 23
5 26
5 30
5 32
5 34
5 35
5 37
5 40
5 41
5 42
5 45
5 47
5 53
5 55
5 56
5 59
5 60
5 61
5 62
5 63
5 66
5 69
5 70
5 72
5 75
5 78
5 79
5 81
5 82
5 85
5 88
5 89
6 1
6 3
6 4
6 10
6 12
6 14
6 16
6 19
6 20
6 24
6 25
6 27
6 28
6 29
6 30
6 31
6 32
6 33
6 35
6 38
6 44
6 45
6 46
6 50
6 51
6 53
6 55
6 57
6 59
6 60
6 62
6 63
6 64
6 65
6 67
6 68
6 72
6 73
6 74
6 77
6 81
6 82
6 84
6 86
6 87
6 88
7 1
7 2
7 3
7 4
7 12
7 14
7 15
7 16
7 17
7 21
7 22
7 24
7 25
7 27
7 29
7 32
7 34
7 36
7 37
7 38
7 40
7 42
7 43
7 45
7 46
7 48
7 50
7 51
7 55
7 57
7 61
7 63
7 64
7 65
7 66
7 68
7 69
7 70
7 71
7 73
7 74
7 75
7 80
7 83
7 84
7 87
7 88
7 89
7 90
8 1
8 3
8 4
8 11
8 14
8 15
8 16
8 21
8 22
8 23
8 25
8 28
8 29
8 31
8 32
8 38
8 39
8 42
8 44
8 46
8 47
8 51
8 55
8 56
8 57
8 60
8 61
8 63
8 65
8 66
8 67
8 68
8 69
8 70
8 72
8 73
8 74
8 75
8 77
8 78
8 81
8 84
8 88
9 2
9 4
9 6
9 12
9 13
9 14
9 15
9 19
9 20
9 22
9 24
9 26
9 28
9 29
9 30
9 31
9 34
9 36
9 38
9 39
9 40
9 41
9 42
9 45
9 47
9 48
9 49
9 51
9 52
9 55
9 56
9 58
9 59
9 60
9 65
9 68
9 70
9 71
9 72
9 73
9 74
9 75
9 77
9 78
9 79
9 80
9 81
9 82
9 84
9 85
9 90
10 2
10 3
10 4
10 5
10 9
10 10
10 11
10 12
10 14
10 15
10 17
10 19
10 20
10 24
10 27
10 34
10 36
10 38
10 39
10 42
10 44
10 47
10 48
10 49
10 55
10 59
10 60
10 61
10 62
10 65
10 66
10 67
10 68
10 72
10 73
10 77
10 78
10 80
10 81
10 86
10 88
10 89
11 3
11 4
11 5
11 6
11 8
11 9
11 10
11 12
11 13
11 14
11 15
11 17
11 18
11 19
11 20
11 24
11 27
11 29
11 31
11 33
11 34
11 37
11 38
11 40
11 45
11 47
11 48
11 49
11 50
11 52
11 54
11 55
11 56
11 57
11 58
11 61
11 65
11 66
11 67
11 69
11 76
11 77
11 80
11 83
11 84
11 86
12 2
12 3
12 5
12 6
12 7
12 8
12 10
12 11
12 12
12 14
12 16
12 17
12 18
12 20
12 21
12 23
12 28
12 31
12 32
12 33
12 35
12 37
12 38
12 40
12 41
12 45
12 46
12 50
12 51
12 53
12 54
12 56
12 57
12 58
12 59
12 60
12 61
12 63
12 65
12 66
12 67
12 69
12 70
12 71
12 77
12 80
12 82
12 84
12 86
12 87
12 89
13 1
13 2
13 3
13 7
13 9
13 13
13 14
13 17
13 23
13 25
13 26
13 27
13 29
13 30
13 32
13 33
13 34
13 36
13 37
13 38
13 39
13 41
13 44
13 45
13 47
13 49
13 53
13 55
13 58
13 59
13 60
13 63
13 64
13 65
13 67
13 68
13 69
13 71
13 72
13 73
13 74
13 76
13 79
13 80
13 81
13 85
13 87
13 88
13 89
13 90
14 1
14 2
14 3
14 5
14 9
14 13
14 14
14 15
14 17
14 18
14 23
14 24
14 25
14 26
14 28
14 29
14 33
14 36
14 38
14 39
14 42
14 46
14 47
14 49
14 51
14 52
14 53
14 54
14 56
14 57
14 59
14 62
14 67
14 71
14 72
14 75
14 76
14 78
14 81
14 82
14 85
14 88
14 89
15 8
15 9
15 10
15 11
15 15
15 16
15 18
15 19
15 22
15 24
15 25
15 28
15 29
15 33
15 37
15 39
15 41
15 43
15 46
15 50
15 55
15 56
15 57
15 59
15 60
15 61
15 64
15 65
15 66
15 68
15 73
15 74
15 76
15 79
15 81
15 82
15 83
15 85
15 86
15 87
15 88
15 90
16 3
16 7
16 8
16 9
16 10
16 12
16 14
16 15
16 18
16 22
16 24
16 29
16 30
16 31
16 32
16 33
16 34
16 36
16 37
16 40
16 41
16 42
16 49
16 50
16 54
16 55
16 56
16 58
16 64
16 65
16 66
16 67
16 68
16 69
16 71
16 75
16 77
16 78
16 79
16 83
16 88
16 90
17 1
17 2
17 3
17 4
17 7
17 9
17 10
17 13
17 14
17 15
17 16
17 20
17 21
17 23
17 28
17 29
17 30
17 32
17 33
17 35
17 37
17 38
17 39
17 40
17 43
17 46
17 47
17 48
17 50
17 51
17 53
17 54
17 55
17 57
17 58
17 60
17 63
17 66
17 67
17 69
17 71
17 72
17 74
17 75
17 76
17 77
17 80
17 81
17 84
17 86
17 87
17 88
17 89
18 3
18 5
18 6
18 8
18 10
18 11
18 12
18 13
18 15
18 16
18 18
18 19
18 21
18 22
18 23
18 25
18 27
18 28
18 31
18 33
18 34
18 36
18 37
18 39
18 41
18 47
18 48
18 49
18 50
18 51
18 52
18 53
18 55
18 56
18 57
18 60
18 61
18 65
18 66
18 68
18 70
18 71
18 73
18 74
18 75
18 80
18 81
18 82
18 83
18 85
18 86
18 88
18 89
19 5
19 6
19 7
19 8
19 12
19 15
19 20
19 21
19 22
19 26
19 27
19 29
19 30
19 31
19 35
19 36
19 39
19 41
19 44
19 45
19 47
19 49
19 50
19 51
19 53
19 54
19 57
19 60
19 62
19 63
19 64
19 65
19 66
19 68
19 69
19 72
19 80
19 81
19 82
19 83
19 84
19 88
19 89
20 1
20 2
20 4
20 6
20 9
20 10
20 14
20 15
20 17
20 22
20 23
20 24
20 25
20 26
20 31
20 32
20 33
20 35
20 38
20 39
20 43
20 44
20 45
20 46
20 48
20 49
20 51
20 58
20 60
20 69
20 70
20 72
20 77
20 80
20 81
20 82
20 90
21 1
21 3
21 7
21 8
21 11
21 12
21 13
21 14
21 15
21 19
21 20
21 21
21 24
21 27
21 28
21 31
21 33
21 36
21 37
21 38
21 39
21 44
21 45
21 46
21 47
21 50
21 51
21 53
21 54
21 55
21 56
21 61
21 62
21 64
21 65
21 66
21 67
21 68
21 70
21 72
21 74
21 75
21 78
21 80
21 81
21 82
21 85
21 87
21 88
22 3
22 5
22 7
22 8
22 9
22 11
22 12
22 13
22 15
22 16
22 18
22 19
22 21
22 22
22 27
22 30
22 32
22 33
22 34
22 36
22 38
22 39
22 44
22 45
22 47
22 48
22 53
22 54
22 55
22 57
22 58
22 62
22 64
22 67
22 69
22 70
22 72
22 76
22 77
22 78
22 81
22 82
22 83
22 84
22 88
22 89
22 90
23 5
23 6
23 7
23 9
23 13
23 14
23 15
23 16
23 17
23 18
23 21
23 22
23 23
23 25
23 26
23 27
23 28
23 30
23 33
23 35
23 36
23 42
23 43
23 44
23 46
23 47
23 48
23 49
23 51
23 53
23 57
23 59
23 60
23 61
23 62
23 63
23 67
23 70
23 73
23 75
23 77
23 81
23 82
23 83
23 85
23 86
23 88
23 89
24 1
24 3
24 5
24 7
24 9
24 10
24 11
24 12
24 16
24 18
24 19
24 25
24 26
24 28
24 30
24 31
24 32
24 34
24 35
24 36
24 37
24 38
24 41
24 45
24 46
24 48
24 49
24 50
24 51
24 52
24 53
24 55
24 57
24 58
24 59
24 60
24 61
24 62
24 64
24 66
24 68
24 69
24 70
24 71
24 72
24 73
24 75
24 76
24 77
24 79
24 81
24 89
24 90
25 1
25 2
25 3
25 5
25 6
25 9
25 10
25 12
25 13
25 14
25 16
25 18
25 20
25 22
25 23
25 24
25 26
25 27
25 28
25 29
25 32
25 34
25 36
25 38
25 43
25 45
25 47
25 48
25 49
25 51
25 52
25 53
25 54
25 55
25 57
25 58
25 60
25 64
25 66
25 67
25 69
25 70
25 72
25 76
25 77
25 79
25 85
25 86
25 89
25 90
26 1
26 2
26 3
26 4
26 7
26 8
26 9
26 11
26 12
26 13
26 14
26 18
26 20
26 21
26 23
26 25
26 26
26 28
26 29
26 30
26 35
26 36
26 37
26 39
26 43
26 44
26 46
26 48
26 49
26 51
26 52
26 54
26 59
26 61
26 63
26 66
26 69
26 73
26 74
26 75
26 76
26 77
26 79
26 82
26 85
26 86
26 87
26 89
27 4
27 5
27 6
27 7
27 10
27 11
27 14
27 15
27 16
27 17
27 19
27 20
27 22
27 24
27 27
27 28
27 30
27 31
27 33
27 34
27 35
27 36
27 37
27 40
27 45
27 50
27 52
27 54
27 57
27 59
27 60
27 62
27 63
27 65
27 66
27 67
27 69
27 70
27 72
27 73
27 76
27 77
27 80
27 81
27 83
27 84
27 86
27 87
27 88
27 89
28 7
28 8
28 9
28 10
28 11
28 12
28 14
28 15
28 16
28 17
28 20
28 21
28 22
28 23
28 25
28 31
28 32
28 33
28 36
28 38
28 39
28 40
28 41
28 42
28 46
28 48
28 49
28 50
28 51
28 57
28 62
28 63
28 64
28 65
28 66
28 67
28 69
28 73
28 78
28 82
28 83
28 85
28 88
28 89
28 90
29 1
29 2
29 4
29 7
29 10
29 12
29 13
29 16
29 19
29 20
29 22
29 23
29 24
29 25
29 26
29 27
29 28
29 30
29 32
29 34
29 36
29 37
29 40
29 42
29 46
29 51
29 52
29 53
29 55
29 56
29 59
29 62
29 63
29 67
29 70
29 71
29 72
29 75
29 77
29 78
29 80
29 81
29 82
29 84
29 85
29 87
30 1
30 5
30 6
30 7
30 11
30 13
30 16
30 18
30 21
30 22
30 28
30 29
30 32
30 34
30 36
30 37
30 38
30 39
30 40
30 41
30 45
30 47
30 48
30 49
30 51
30 53
30 54
30 55
30 56
30 58
30 61
30 62
30 63
30 64
30 65
30 66
30 69
30 70
30 73
30 74
30 78
30 79
30 80
30 81
30 82
30 83
30 84
30 85
30 86
30 87
31 2
31 3
31 8
31 10
31 11
31 12
31 13
31 14
31 16
31 17
31 18
31 19
31 23
31 24
31 27
31 28
31 31
31 32
31 33
31 34
31 39
31 40
31 41
31 44
31 46
31 47
31 48
31 49
31 50
31 51
31 52
31 58
31 62
31 63
31 68
31 71
31 72
31 75
31 76
31 77
31 78
31 83
31 84
31 87
31 89
31 90
32 2
32 6
32 9
32 11
32 12
32 15
32 16
32 17
32 18
32 19
32 20
32 21
32 22
32 23
32 25
32 28
32 30
32 34
32 35
32 37
32 39
32 40
32 42
32 44
32 45
32 47
32 49
32 51
32 52
32 60
32 62
32 63
32 65
32 67
32 70
32 71
32 73
32 74
32 77
32 78
32 79
32 86
33 1
33 5
33 7
33 8
33 10
33 12
33 13
33 15
33 16
33 19
33 22
33 23
33 24
33 28
33 29
33 30
33 33
33 35
33 40
33 41
33 42
33 43
33 44
33 45
33 47
33 48
33 49
33 50
33 53
33 55
33 56
33 60
33 61
33 62
33 63
33 68
33 71
33 74
33 75
33 76
33 77
33 78
33 81
33 82
33 85
33 86
33 87
33 89
33 90
34 1
34 2
34 6
34 9
34 10
34 11
34 13
34 15
34 17
34 18
34 20
34 22
34 27
34 28
34 30
34 33
34 35
34 36
34 37
34 39
34 41
34 43
34 44
34 47
34 51
34 52
34 53
34 55
34 57
34 60
34 65
34 66
34 69
34 70
34 73
34 77
34 78
34 79
34 81
34 83
34 86
34 90
35 2
35 4
35 5
35 7
35 8
35 9
35 12
35 14
35 15
35 19
35 20
35 21
35 22
35 28
35 29
35 30
35 31
35 32
35 33
35 34
35 36
35 43
35 44
35 53
35 56
35 58
35 63
35 64
35 66
35 67
35 71
35 73
35 74
35 75
35 76
35 77
35 78
35 80
35 81
35 87
35 88
36 1
36 2
36 3
36 4
36 7
36 8
36 10
36 14
36 17
36 18
36 19
36 21
36 22
36 26
36 28
36 30
36 34
36 36
36 37
36 39
36 40
36 41
36 42
36 44
36 45
36 48
36 49
36 50
36 52
36 53
36 63
36 64
36 65
36 67
36 68
36 70
36 73
36 74
36 75
36 78
36 79
36 82
36 85
36 86
36 88
36 89
37 1
37 6
37 7
37 8
37 13
37 16
37 17
37 18
37 19
37 22
37 25
37 26
37 27
37 28
37 29
37 30
37 33
37 34
37 35
37 36
37 38
37 39
37 41
37 42
37 45
37 46
37 47
37 52
37 54
37 56
37 57
37 58
37 60
37 61
37 64
37 67
37 70
37 73
37 75
37 77
37 78
37 79
37 81
37 82
37 86
37 89
38 5
38 6
38 8
38 9
38 12
38 13
38 14
38 16
38 17
38 19
38 21
38 24
38 26
38 27
38 29
38 32
38 40
38 42
38 44
38 45
38 46
38 47
38 51
38 53
38 55
38 56
38 57
38 60
38 61
38 68
38 69
38 70
38 72
38 73
38 74
38 75
38 77
38 78
38 80
38 82
38 84
38 86
38 87
38 90
39 4
39 5
39 6
39 12
39 14
39 15
39 17
39 18
39 19
39 21
39 23
39 24
39 26
39 29
39 30
39 33
39 37
39 40
39 41
39 46
39 47
39 53
39 54
39 55
39 56
39 57
39 58
39 62
39 64
39 66
39 67
39 75
39 78
39 82
39 84
39 85
39 88
39 89
39 90
40 1
40 2
40 5
40 6
40 11
40 14
40 16
40 17
40 19
40 20
40 24
40 26
40 27
40 30
40 33
40 35
40 36
40 37
40 38
40 39
40 41
40 42
40 44
40 46
40 47
40 48
40 51
40 55
40 56
40 57
40 61
40 67
40 73
40 75
40 80
40 82
40 84
40 85
40 88
40 89
40 90
41 1
41 2
41 8
41 9
41 10
41 12
41 14
41 16
41 17
41 18
41 20
41 23
41 30
41 31
41 32
41 33
41 36
41 44
41 46
41 48
41 52
41 53
41 55
41 58
41 60
41 63
41 65
41 67
41 68
41 69
41 71
41 73
41 75
41 76
41 79
41 80
41 81
41 83
41 85
41 86
41 87
41 88
42 12
42 13
42 14
42 15
42 16
42 18
42 19
42 22
42 28
42 29
42 30
42 31
42 32
42 35
42 36
42 37
42 39
42 40
42 42
42 45
42 47
42 48
42 49
42 50
42 51
42 53
42 54
42 55
42 56
42 57
42 63
42 65
42 68
42 69
42 70
42 71
42 72
42 75
42 76
42 82
42 83
42 87
42 90
43 2
43 3
43 7
43 12
43 15
43 16
43 17
43 18
43 19
43 20
43 21
43 22
43 23
43 24
43 26
43 28
43 29
43 30
43 31
43 33
43 35
43 36
43 39
43 40
43 42
43 44
43 45
43 47
43 48
43 50
43 51
43 52
43 54
43 58
43 61
43 63
43 65
43 66
43 67
43 68
43 72
43 74
43 75
43 79
43 80
43 83
43 86
43 88
43 90
44 1
44 3
44 4
44 9
44 11
44 13
44 15
44 16
44 18
44 22
44 25
44 26
44 28
44 29
44 31
44 33
44 35
44 36
44 37
44 38
44 39
44 40
44 42
44 43
44 45
44 46
44 47
44 48
44 54
44 59
44 60
44 61
44 64
44 67
44 69
44 71
44 72
44 73
44 74
44 75
44 77
44 81
44 82
44 83
44 87
45 3
45 11
45 13
45 14
45 15
45 17
45 20
45 23
45 27
45 28
45 29
45 30
45 31
45 32
45 35
45 36
45 38
45 45
45 48
45 52
45 55
45 61
45 62
45 63
45 64
45 65
45 70
45 71
45 72
45 75
45 77
45 80
45 81
45 82
45 83
45 86
45 87
45 89
45 90
46 4
46 5
46 11
46 12
46 14
46 15
46 17
46 18
46 21
46 22
46 24
46 26
46 29
46 31
46 33
46 36
46 37
46 41
46 43
46 46
46 50
46 51
46 54
46 55
46 56
46 57
46 58
46 68
46 70
46 71
46 73
46 74
46 75
46 78
46 80
46 81
46 82
46 85
46 86
46 87
46 88
46 89
47 1
47 2
47 3
47 4
47 9
47 11
47 14
47 15
47 18
47 19
47 22
47 24
47 25
47 28
47 31
47 33
47 34
47 35
47 36
47 37
47 40
47 44
47 45
47 46
47 47
47 48
47 49
47 51
47 52
47 53
47 56
47 57
47 58
47 59
47 62
47 65
47 67
47 68
47 72
47 75
47 76
47 77
47 78
47 79
47 80
47 83
47 84
47 86
47 87
47 90
48 2
48 4
48 5
48 6
48 7
48 9
48 10
48 11
48 12
48 13
48 14
48 16
48 18
48 21
48 22
48 24
48 25
48 26
48 27
48 28
48 31
48 36
48 37
48 38
48 39
48 43
48 44
48 45
48 46
48 48
48 49
48 58
48 59
48 61
48 62
48 63
48 67
48 68
48 69
48 70
48 71
48 72
48 73
48 74
48 75
48 76
48 77
48 78
48 80
48 87
48 88
48 90
49 2
49 7
49 9
49 10
49 11
49 13
49 14
49 16
49 21
49 22
49 24
49 25
49 27
49 33
49 35
49 41
49 43
49 45
49 46
49 47
49 55
49 62
49 66
49 67
49 72
49 73
49 75
49 76
49 77
49 78
49 80
49 82
49 84
49 86
49 87
49 89
50 3
50 5
50 7
50 8
50 10
50 11
50 13
50 18
50 20
50 22
50 23
50 24
50 25
50 28
50 29
50 31
50 32
50 33
50 35
50 37
50 38
50 40
50 41
50 43
50 46
50 47
50 49
50 51
50 52
50 56
50 59
50 60
50 62
50 63
50 64
50 65
50 68
50 69
50 72
50 73
50 75
50 76
50 78
50 83
50 84
50 88
51 4
51 5
51 9
51 10
51 13
51 15
51 16
51 17
51 20
51 22
51 23
51 24
51 26
51 29
51 30
51 32
51 33
51 36
51 39
51 41
51 42
51 43
51 45
51 49
51 50
51 54
51 55
51 57
51 58
51 61
51 62
51 63
51 64
51 72
51 74
51 75
51 76
51 78
51 80
51 81
51 82
51 88
52 1
52 2
52 3
52 9
52 10
52 12
52 14
52 17
52 24
52 25
52 26
52 27
52 28
52 29
52 32
52 34
52 36
52 37
52 39
52 40
52 41
52 45
52 46
52 47
52 49
52 50
52 54
52 55
52 56
52 57
52 58
52 59
52 60
52 61
52 63
52 66
52 73
52 74
52 75
52 76
52 77
52 78
52 79
52 83
52 84
52 85
52 89
53 1
53 2
53 3
53 4
53 6
53 7
53 9
53 17
53 23
53 24
53 27
53 28
53 30
53 33
53 35
53 36
53 38
53 39
53 40
53 47
53 50
53 52
53 53
53 56
53 57
53 58
53 59
53 60
53 61
53 62
53 63
53 64
53 65
53 66
53 68
53 70
53 71
53 72
53 73
53 75
53 79
53 80
53 83
53 84
53 85
53 88
53 90
54 2
54 4
54 9
54 11
54 12
54 14
54 15
54 17
54 20
54 21
54 22
54 24
54 27
54 34
54 38
54 39
54 41
54 42
54 43
54 44
54 47
54 48
54 50
54 56
54 57
54 58
54 59
54 61
54 63
54 64
54 65
54 70
54 72
54 75
54 77
54 80
54 83
54 85
54 87
54 89
55 1
55 4
55 5
55 12
55 15
55 16
55 17
55 20
55 22
55 25
55 26
55 27
55 28
55 29
55 34
55 39
55 44
55 45
55 46
55 48
55 49
55 50
55 51
55 52
55 55
55 56
55 60
55 61
55 62
55 63
55 66
55 67
55 71
55 74
55 77
55 79
55 85
55 86
55 90
56 1
56 2
56 3
56 5
56 7
56 8
56 10
56 11
56 12
56 14
56 15
56 16
56 17
56 18
56 24
56 25
56 27
56 28
56 30
56 32
56 33
56 37
56 39
56 40
56 48
56 49
56 50
56 52
56 53
56 55
56 56
56 57
56 58
56 60
56 61
56 63
56 65
56 66
56 67
56 73
56 74
56 77
56 79
56 80
56 82
56 83
56 84
56 85
56 87
56 88
56 89
56 90
57 3
57 7
57 9
57 10
57 12
57 19
57 22
57 23
57 25
57 27
57 28
57 29
57 32
57 33
57 34
57 38
57 39
57 40
57 41
57 42
57 43
57 44
57 46
57 47
57 49
57 52
57 53
57 56
57 58
57 62
57 65
57 66
57 68
57 69
57 71
57 73
57 75
57 76
57 78
57 80
57 81
57 82
57 84
57 86
57 88
58 4
58 6
58 7
58 10
58 13
58 14
58 16
58 18
58 20
58 21
58 22
58 25
58 38
58 40
58 42
58 45
58 46
58 48
58 49
58 50
58 53
58 54
58 55
58 56
58 60
58 61
58 65
58 66
58 68
58 71
58 73
58 75
58 77
58 79
58 80
58 81
58 82
58 83
58 84
58 85
58 87
58 90
59 2
59 6
59 7
59 11
59 13
59 14
59 15
59 20
59 24
59 26
59 30
59 32
59 33
59 34
59 35
59 38
59 39
59 40
59 41
59 42
59 44
59 45
59 46
59 52
59 54
59 55
59 56
59 59
59 63
59 64
59 65
59 72
59 74
59 75
59 76
59 79
59 80
59 81
59 84
59 85
59 86
59 88
59 89
59 90
60 1
60 2
60 3
60 4
60 6
60 7
60 8
60 12
60 14
60 15
60 16
60 17
60 25
60 27
60 28
60 29
60 32
60 36
60 38
60 40
60 42
60 45
60 52
60 53
60 54
60 58
60 60
60 64
60 65
60 71
60 72
60 74
60 76
60 77
60 78
60 79
60 82
60 83
60 84
60 85
60 87
60 88
60 89
61 4
61 5
61 6
61 7
61 8
61 12
61 15
61 16
61 17
61 19
61 20
61 21
61 23
61 24
61 25
61 26
61 27
61 28
61 29
61 31
61 34
61 37
61 40
61 44
61 45
61 47
61 49
61 50
61 51
61 54
61 58
61 59
61 62
61 64
61 65
61 69
61 72
61 77
61 78
61 80
61 81
61 86
61 88
61 89
61 90
62 1
62 4
62 5
62 6
62 7
62 9
62 11
62 13
62 16
62 18
62 19
62 21
62 24
62 25
62 26
62 27
62 28
62 33
62 34
62 35
62 36
62 37
62 39
62 42
62 44
62 46
62 50
62 52
62 53
62 54
62 55
62 58
62 61
62 62
62 63
62 65
62 67
62 68
62 70
62 71
62 72
62 81
62 83
62 84
62 85
62 86
62 88
62 90
63 5
63 8
63 14
63 16
63 18
63 19
63 23
63 25
63 26
63 30
63 31
63 32
63 37
63 38
63 39
63 40
63 41
63 42
63 43
63 45
63 46
63 50
63 52
63 54
63 58
63 59
63 61
63 63
63 66
63 67
63 69
63 70
63 71
63 72
63 73
63 80
63 81
63 83
63 84
63 87
63 90
64 1
64 3
64 5
64 7
64 9
64 12
64 13
64 15
64 16
64 17
64 19
64 22
64 25
64 26
64 28
64 32
64 35
64 37
64 38
64 39
64 44
64 48
64 49
64 51
64 52
64 53
64 54
64 55
64 58
64 59
64 64
64 65
64 66
64 67
64 68
64 69
64 70
64 71
64 74
64 75
64 76
64 79
64 80
64 83
64 86
64 87
64 88
64 89
64 90
65 1
65 3
65 4
65 9
65 11
65 12
65 13
65 16
65 19
65 23
65 26
65 28
65 29
65 32
65 36
65 38
65 42
65 44
65 45
65 46
65 47
65 49
65 50
65 52
65 53
65 54
65 56
65 58
65 59
65 62
65 67
65 68
65 71
65 73
65 74
65 77
65 79
65 80
65 84
65 85
65 86
65 87
66 2
66 4
66 10
66 12
66 14
66 19
66 20
66 21
66 22
66 23
66 30
66 34
66 36
66 37
66 38
66 39
66 41
66 43
66 44
66 46
66 49
66 51
66 58
66 60
66 61
66 63
66 64
66 65
66 66
66 68
66 72
66 73
66 74
66 76
66 77
66 80
66 83
66 85
66 86
67 2
67 3
67 5
67 6
67 10
67 11
67 14
67 15
67 16
67 17
67 18
67 23
67 24
67 28
67 29
67 33
67 35
67 40
67 41
67 43
67 45
67 48
67 50
67 51
67 53
67 54
67 56
67 58
67 59
67 67
67 71
67 72
67 73
67 77
67 79
67 82
67 84
67 85
67 87
67 88
67 90
68 5
68 6
68 8
68 9
68 10
68 12
68 13
68 15
68 16
68 17
68 18
68 19
68 21
68 24
68 25
68 26
68 28
68 29
68 30
68 31
68 32
68 34
68 35
68 37
68 39
68 40
68 41
68 42
68 43
68 48
68 49
68 51
68 54
68 55
68 56
68 57
68 58
68 59
68 60
68 61
68 62
68 64
68 65
68 67
68 70
68 71
68 74
68 76
68 78
68 79
68 80
68 83
68 84
68 85
68 86
68 89
68 90
69 1
69 3
69 5
69 7
69 9
69 10
69 11
69 12
69 14
69 16
69 18
69 20
69 22
69 24
69 28
69 29
69 33
69 34
69 35
69 39
69 43
69 45
69 46
69 49
69 50
69 51
69 52
69 54
69 56
69 57
69 60
69 62
69 64
69 66
69 69
69 70
69 71
69 72
69 74
69 75
69 77
69 79
69 80
69 82
69 84
69 86
69 88
70 1
70 2
70 5
70 7
70 11
70 12
70 13
70 15
70 19
70 20
70 21
70 22
70 23
70 25
70 26
70 28
70 29
70 30
70 36
70 37
70 38
70 39
70 40
70 43
70 44
70 47
70 49
70 50
70 51
70 52
70 54
70 55
70 57
70 58
70 59
70 60
70 63
70 64
70 65
70 66
70 68
70 71
70 72
70 77
70 85
70 89
71 1
71 2
71 3
71 5
71 7
71 10
71 11
71 13
71 14
71 15
71 18
71 21
71 23
71 25
71 26
71 27
71 29
71 30
71 31
71 32
71 37
71 39
71 42
71 43
71 44
71 47
71 51
71 52
71 55
71 56
71 59
71 63
71 64
71 65
71 70
71 72
71 77
71 78
71 82
71 84
71 86
71 87
71 89
71 90
72 2
72 3
72 5
72 6
72 9
72 11
72 15
72 20
72 22
72 24
72 27
72 28
72 29
72 31
72 32
72 33
72 34
72 35
72 36
72 40
72 41
72 43
72 44
72 46
72 57
72 58
72 60
72 61
72 64
72 68
72 69
72 70
72 71
72 75
72 76
72 80
72 84
72 86
72 87
73 2
73 3
73 4
73 7
73 8
73 10
73 12
73 14
73 16
73 17
73 19
73 20
73 21
73 22
73 24
73 25
73 26
73 27
73 29
73 33
73 34
73 37
73 41
73 42
73 45
73 46
73 48
73 51
73 52
73 54
73 58
73 61
73 63
73 65
73 66
73 69
73 70
73 71
73 75
73 77
73 78
73 80
73 87
73 88
74 3
74 4
74 6
74 8
74 10
74 12
74 14
74 18
74 21
74 22
74 24
74 26
74 30
74 32
74 33
74 34
74 35
74 38
74 40
74 41
74 42
74 43
74 45
74 46
74 47
74 48
74 51
74 53
74 55
74 57
74 58
74 59
74 62
74 63
74 64
74 67
74 68
74 70
74 72
74 73
74 78
74 80
74 81
74 82
74 86
75 1
75 2
75 4
75 7
75 9
75 10
75 11
75 13
75 14
75 15
75 19
75 20
75 21
75 22
75 23
75 24
75 25
75 29
75 30
75 31
75 32
75 40
75 41
75 42
75 43
75 49
75 51
75 55
75 56
75 59
75 62
75 63
75 64
75 66
75 68
75 69
75 70
75 73
75 75
75 76
75 77
75 78
75 79
75 80
75 83
75 85
75 86
76 1
76 2
76 4
76 5
76 6
76 7
76 9
76 10
76 11
76 12
76 13
76 17
76 21
76 22
76 24
76 25
76 26
76 27
76 29
76 30
76 32
76 34
76 36
76 38
76 41
76 42
76 44
76 46
76 49
76 51
76 52
76 53
76 58
76 59
76 60
76 62
76 64
76 67
76 68
76 69
76 74
76 76
76 81
76 82
76 88
76 90
77 3
77 4
77 7
77 10
77 11
77 13
77 15
77 17
77 20
77 24
77 25
77 26
77 27
77 28
77 30
77 32
77 33
77 35
77 37
77 40
77 42
77 44
77 46
77 48
77 49
77 50
77 51
77 52
77 53
77 55
77 56
77 59
77 60
77 62
77 64
77 66
77 68
77 69
77 71
77 72
77 73
77 77
77 79
77 80
77 81
77 85
77 88
77 89
77 90
78 1
78 2
78 3
78 4
78 5
78 11
78 12
78 14
78 15
78 17
78 19
78 20
78 21
78 24
78 25
78 28
78 29
78 30
78 33
78 37
78 38
78 39
78 42
78 43
78 46
78 48
78 49
78 50
78 53
78 55
78 56
78 57
78 58
78 60
78 63
78 65
78 66
78 67
78 70
78 71
78 72
78 73
78 75
78 81
78 82
78 84
78 87
78 88
78 89
79 1
79 2
79 3
79 4
79 6
79 8
79 12
79 14
79 15
79 22
79 23
79 29
79 30
79 32
79 36
79 37
79 38
79 39
79 40
79 43
79 45
79 48
79 49
79 52
79 53
79 56
79 57
79 59
79 60
79 63
79 65
79 67
79 70
79 72
79 73
79 75
79 77
79 78
79 79
79 82
79 83
79 87
80 1
80 2
80 3
80 4
80 5
80 11
80 14
80 17
80 18
80 19
80 21
80 24
80 25
80 30
80 31
80 32
80 33
80 36
80 37
80 38
80 39
80 41
80 43
80 44
80 45
80 47
80 51
80 52
80 53
80 55
80 59
80 61
80 62
80 63
80 64
80 65
80 69
80 72
80 73
80 74
80 75
80 80
80 81
80 83
80 84
80 88
80 89
80 90
81 1
81 4
81 5
81 8
81 13
81 18
81 20
81 24
81 26
81 27
81 30
81 31
81 32
81 38
81 39
81 40
81 44
81 46
81 50
81 51
81 52
81 53
81 54
81 57
81 58
81 61
81 63
81 64
81 65
81 67
81 69
81 71
81 72
81 73
81 74
81 75
81 77
81 80
81 81
81 82
81 84
81 85
81 86
81 88
82 1
82 2
82 7
82 8
82 12
82 13
82 14
82 16
82 17
82 19
82 21
82 23
82 26
82 27
82 28
82 29
82 31
82 32
82 38
82 39
82 40
82 44
82 47
82 49
82 52
82 55
82 56
82 58
82 59
82 61
82 63
82 65
82 66
82 70
82 71
82 72
82 82
82 85
82 86
82 87
82 88
82 89
83 1
83 3
83 6
83 11
83 12
83 14
83 16
83 17
83 19
83 20
83 22
83 23
83 24
83 25
83 26
83 29
83 33
83 36
83 37
83 39
83 40
83 41
83 42
83 44
83 45
83 48
83 50
83 53
83 55
83 56
83 57
83 59
83 60
83 61
83 62
83 63
83 64
83 65
83 69
83 70
83 72
83 75
83 77
83 83
83 86
83 89
84 1
84 6
84 7
84 9
84 17
84 21
84 22
84 24
84 26
84 28
84 29
84 30
84 32
84 34
84 35
84 36
84 37
84 38
84 40
84 41
84 42
84 44
84 45
84 49
84 51
84 59
84 60
84 62
84 63
84 66
84 67
84 74
84 78
84 80
84 81
84 85
84 86
84 87
84 89
84 90
85 1
85 9
85 10
85 15
85 16
85 19
85 22
85 24
85 25
85 27
85 28
85 31
85 32
85 33
85 35
85 36
85 37
85 38
85 40
85 42
85 43
85 44
85 46
85 49
85 53
85 54
85 58
85 59
85 60
85 61
85 62
85 63
85 64
85 65
85 66
85 67
85 71
85 72
85 75
85 82
85 84
85 85
85 87
85 89
86 1
86 6
86 7
86 8
86 9
86 10
86 11
86 12
86 13
86 16
86 17
86 22
86 24
86 25
86 27
86 28
86 29
86 31
86 36
86 37
86 42
86 44
86 47
86 54
86 56
86 58
86 59
86 60
86 64
86 66
86 69
86 70
86 72
86 77
86 78
86 81
86 82
86 84
86 85
86 87
87 3
87 5
87 6
87 7
87 8
87 10
87 12
87 16
87 17
87 22
87 23
87 25
87 26
87 27
87 28
87 31
87 32
87 33
87 40
87 43
87 44
87 45
87 46
87 48
87 52
87 53
87 56
87 57
87 62
87 63
87 64
87 65
87 66
87 71
87 73
87 74
87 75
87 77
87 79
87 83
87 84
87 86
88 1
88 2
88 3
88 4
88 5
88 6
88 9
88 11
88 13
88 18
88 21
88 22
88 23
88 24
88 25
88 26
88 27
88 28
88 29
88 33
88 34
88 36
88 37
88 39
88 40
88 44
88 45
88 47
88 48
88 49
88 56
88 57
88 62
88 63
88 66
88 67
88 68
88 70
88 75
88 76
88 78
88 79
88 80
88 86
88 88
88 90
89 2
89 3
89 5
89 8
89 9
89 13
89 15
89 20
89 21
89 22
89 23
89 26
89 27
89 28
89 29
89 31
89 32
89 34
89 35
89 39
89 44
89 45
89 46
89 48
89 49
89 50
89 54
89 55
89 61
89 63
89 64
89 66
89 70
89 71
89 72
89 77
89 81
89 85
89 87
89 88
89 89
90 1
90 2
90 6
90 7
90 8
90 11
90 12
90 15
90 16
90 17
90 18
90 20
90 21
90 23
90 25
90 30
90 31
90 33
90 34
90 40
90 41
90 45
90 46
90 49
90 50
90 54
90 56
90 57
90 58
90 61
90 62
90 63
90 65
90 67
90 68
90 69
90 70
90 71
90 75
90 76
90 77
90 79
90 80
90 81
90 82
90 84
90 85
90 86
90 88
90 90
