1 1 -1
1 2 11
1 3 36
1 4 41
1 5 32
1 6 21
1 7 36
1 8 36
1 9 33
1 10 13
1 11 39
1 12 14
1 13 40
1 14 11
1 15 17
1 16 22
1 17 27
1 18 15
1 19 46
1 20 32
1 21 37
1 22 14
1 23 9
1 24 5
1 25 32
1 26 22
1 27 28
1 28 45
1 29 15
1 30 39
1 31 51
1 32 46
1 33 33
1 34 6
1 35 15
1 36 23
1 37 22
1 38 32
1 39 50
1 40 44
1 41 10
1 42 32
1 43 14
1 44 37
1 45 9
1 46 21
1 47 39
1 48 42
2 1 11
2 2 -1
2 3 36
2 4 38
2 5 28
2 6 32
2 7 33
2 8 31
2 9 29
2 10 24
2 11 40
2 12 3
2 13 36
2 14 5
2 15 8
2 16 19
2 17 38
2 18 22
2 19 49
2 20 29
2 21 46
2 22 6
2 23 4
2 24 14
2 25 40
2 26 18
2 27 39
2 28 51
2 29 5
2 30 45
2 31 55
2 32 51
2 33 43
2 34 7
2 35 20
2 36 19
2 37 29
2 38 41
2 39 54
2 40 40
2 41 18
2 42 40
2 43 25
2 44 34
2 45 17
2 46 29
2 47 37
2 48 44
3 1 36
3 2 36
3 3 -1
3 4 13
3 5 13
3 6 34
3 7 12
3 8 17
3 9 14
3 10 32
3 11 5
3 12 38
3 13 14
3 14 41
3 15 31
3 16 17
3 17 41
3 18 23
3 19 16
3 20 12
3 21 33
3 22 43
3 23 39
3 24 31
3 25 25
3 26 19
3 27 42
3 28 25
3 29 34
3 30 21
3 31 24
3 32 22
3 33 34
3 34 40
3 35 22
3 36 19
3 37 21
3 38 30
3 39 21
3 40 18
3 41 27
3 42 28
3 43 34
3 44 9
3 45 29
3 46 22
3 47 5
3 48 8
4 1 41
4 2 38
4 3 13
4 4 -1
4 5 10
4 6 46
4 7 5
4 8 8
4 9 9
4 10 41
4 11 18
4 12 39
4 13 2
4 14 43
4 15 30
4 16 19
4 17 53
4 18 32
4 19 29
4 20 9
4 21 47
4 22 44
4 23 42
4 24 37
4 25 38
4 26 20
4 27 54
4 28 38
4 29 34
4 30 35
4 31 36
4 32 35
4 33 48
4 34 44
4 35 30
4 36 19
4 37 33
4 38 43
4 39 33
4 40 4
4 41 34
4 42 41
4 43 43
4 44 5
4 45 36
4 46 33
4 47 9
4 48 20
5 1 32
5 2 28
5 3 13
5 4 10
5 5 -1
5 6 38
5 7 5
5 8 5
5 9 1
5 10 33
5 11 19
5 12 29
5 13 8
5 14 33
5 15 20
5 16 9
5 17 46
5 18 24
5 19 30
5 20 1
5 21 43
5 22 34
5 23 32
5 24 28
5 25 34
5 26 10
5 27 47
5 28 38
5 29 24
5 30 34
5 31 37
5 32 35
5 33 42
5 34 34
5 35 22
5 36 9
5 37 26
5 38 39
5 39 35
5 40 12
5 41 26
5 42 37
5 43 35
5 44 7
5 45 27
5 46 27
5 47 12
5 48 22
6 1 21
6 2 32
6 3 34
6 4 46
6 5 38
6 6 -1
6 7 41
6 8 43
6 9 40
6 10 8
6 11 34
6 12 35
6 13 45
6 14 32
6 15 35
6 16 31
6 17 7
6 18 14
6 19 36
6 20 38
6 21 17
6 22 35
6 23 30
6 24 18
6 25 16
6 26 33
6 27 8
6 28 30
6 29 35
6 30 25
6 31 38
6 32 33
6 33 12
6 34 28
6 35 17
6 36 34
6 37 13
6 38 13
6 39 39
6 40 50
6 41 15
6 42 14
6 43 7
6 44 40
6 45 15
6 46 12
6 47 39
6 48 37
7 1 36
7 2 33
7 3 12
7 4 5
7 5 5
7 6 41
7 7 -1
7 8 5
7 9 4
7 10 36
7 11 17
7 12 34
7 13 3
7 14 38
7 15 25
7 16 14
7 17 48
7 18 28
7 19 28
7 20 4
7 21 43
7 22 39
7 23 37
7 24 32
7 25 35
7 26 15
7 27 50
7 28 37
7 29 29
7 30 33
7 31 35
7 32 34
7 33 44
7 34 39
7 35 25
7 36 14
7 37 29
7 38 40
7 39 32
7 40 8
7 41 29
7 42 38
7 43 39
7 44 3
7 45 31
7 46 29
7 47 8
7 48 19
8 1 36
8 2 31
8 3 17
8 4 8
8 5 5
8 6 43
8 7 5
8 8 -1
8 9 3
8 10 38
8 11 22
8 12 32
8 13 5
8 14 36
8 15 23
8 16 13
8 17 51
8 18 29
8 19 33
8 20 5
8 21 47
8 22 37
8 23 35
8 24 32
8 25 39
8 26 13
8 27 52
8 28 42
8 29 27
8 30 38
8 31 41
8 32 39
8 33 47
8 34 37
8 35 26
8 36 12
8 37 31
8 38 43
8 39 38
8 40 9
8 41 30
8 42 42
8 43 40
8 44 8
8 45 32
8 46 32
8 47 13
8 48 25
9 1 33
9 2 29
9 3 14
9 4 9
9 5 1
9 6 40
9 7 4
9 8 3
9 9 -1
9 10 34
9 11 19
9 12 30
9 13 7
9 14 34
9 15 21
9 16 10
9 17 47
9 18 26
9 19 31
9 20 2
9 21 44
9 22 35
9 23 33
9 24 29
9 25 35
9 26 11
9 27 48
9 28 39
9 29 25
9 30 35
9 31 38
9 32 36
9 33 44
9 34 35
9 35 23
9 36 10
9 37 28
9 38 40
9 39 36
9 40 11
9 41 27
9 42 38
9 43 37
9 44 7
9 45 29
9 46 28
9 47 12
9 48 22
10 1 13
10 2 24
10 3 32
10 4 41
10 5 33
10 6 8
10 7 36
10 8 38
10 9 34
10 10 -1
10 11 33
10 12 27
10 13 40
10 14 25
10 15 27
10 16 24
10 17 14
10 18 8
10 19 36
10 20 33
10 21 23
10 22 28
10 23 22
10 24 10
10 25 20
10 26 26
10 27 15
10 28 33
10 29 27
10 30 28
10 31 40
10 32 35
10 33 19
10 34 20
10 35 11
10 36 27
10 37 12
10 38 18
10 39 40
10 40 45
10 41 8
10 42 19
10 43 2
10 44 36
10 45 7
10 46 11
10 47 36
10 48 36
11 1 39
11 2 40
11 3 5
11 4 18
11 5 19
11 6 34
11 7 17
11 8 22
11 9 19
11 10 33
11 11 -1
11 12 43
11 13 19
11 14 45
11 15 36
11 16 21
11 17 40
11 18 25
11 19 11
11 20 18
11 21 30
11 22 47
11 23 43
11 24 33
11 25 22
11 26 24
11 27 42
11 28 20
11 29 39
11 30 17
11 31 18
11 32 17
11 33 32
11 34 44
11 35 24
11 36 24
11 37 21
11 38 28
11 39 16
11 40 22
11 41 29
11 42 26
11 43 35
11 44 14
11 45 31
11 46 22
11 47 9
11 48 3
12 1 14
12 2 3
12 3 38
12 4 39
12 5 29
12 6 35
12 7 34
12 8 32
12 9 30
12 10 27
12 11 43
12 12 -1
12 13 37
12 14 5
12 15 9
12 16 21
12 17 41
12 18 25
12 19 52
12 20 30
12 21 49
12 22 5
12 23 5
12 24 17
12 25 43
12 26 19
12 27 42
12 28 54
12 29 5
12 30 48
12 31 58
12 32 54
12 33 46
12 34 9
12 35 23
12 36 20
12 37 32
12 38 44
12 39 57
12 40 41
12 41 21
12 42 44
12 43 28
12 44 36
12 45 20
12 46 32
12 47 39
12 48 46
13 1 40
13 2 36
13 3 14
13 4 2
13 5 8
13 6 45
13 7 3
13 8 5
13 9 7
13 10 40
13 11 19
13 12 37
13 13 -1
13 14 41
13 15 28
13 16 17
13 17 52
13 18 31
13 19 30
13 20 7
13 21 46
13 22 42
13 23 40
13 24 36
13 25 38
13 26 18
13 27 53
13 28 39
13 29 32
13 30 36
13 31 37
13 32 36
13 33 47
13 34 42
13 35 29
13 36 17
13 37 32
13 38 43
13 39 34
13 40 5
13 41 33
13 42 41
13 43 42
13 44 5
13 45 35
13 46 33
13 47 10
13 48 21
14 1 11
14 2 5
14 3 41
14 4 43
14 5 33
14 6 32
14 7 38
14 8 36
14 9 34
14 10 25
14 11 45
14 12 5
14 13 41
14 14 -1
14 15 13
14 16 24
14 17 38
14 18 25
14 19 53
14 20 34
14 21 48
14 22 3
14 23 2
14 24 15
14 25 42
14 26 23
14 27 39
14 28 54
14 29 9
14 30 48
14 31 59
14 32 55
14 33 44
14 34 5
14 35 23
14 36 24
14 37 32
14 38 42
14 39 58
14 40 45
14 41 20
14 42 42
14 43 25
14 44 39
14 45 19
14 46 31
14 47 42
14 48 48
15 1 17
15 2 8
15 3 31
15 4 30
15 5 20
15 6 35
15 7 25
15 8 23
15 9 21
15 10 27
15 11 36
15 12 9
15 13 28
15 14 13
15 15 -1
15 16 14
15 17 42
15 18 23
15 19 46
15 20 22
15 21 47
15 22 14
15 23 13
15 24 18
15 25 40
15 26 11
15 27 43
15 28 49
15 29 4
15 30 44
15 31 52
15 32 49
15 33 45
15 34 16
15 35 20
15 36 12
15 37 29
15 38 42
15 39 51
15 40 32
15 41 20
15 42 41
15 43 29
15 44 27
15 45 20
15 46 29
15 47 31
15 48 39
16 1 22
16 2 19
16 3 17
16 4 19
16 5 9
16 6 31
16 7 14
16 8 13
16 9 10
16 10 24
16 11 21
16 12 21
16 13 17
16 14 24
16 15 14
16 16 -1
16 17 38
16 18 16
16 19 32
16 20 10
16 21 38
16 22 26
16 23 23
16 24 18
16 25 30
16 26 3
16 27 39
16 28 37
16 29 17
16 30 32
16 31 39
16 32 35
16 33 37
16 34 25
16 35 13
16 36 4
16 37 20
16 38 33
16 39 37
16 40 22
16 41 17
16 42 32
16 43 26
16 44 15
16 45 18
16 46 20
16 47 18
16 48 25
17 1 27
17 2 38
17 3 41
17 4 53
17 5 46
17 6 7
17 7 48
17 8 51
17 9 47
17 10 14
17 11 40
17 12 41
17 13 52
17 14 38
17 15 42
17 16 38
17 17 -1
17 18 21
17 19 40
17 20 46
17 21 18
17 22 41
17 23 36
17 24 24
17 25 20
17 26 40
17 27 1
17 28 33
17 29 41
17 30 29
17 31 42
17 32 37
17 33 12
17 34 33
17 35 24
17 36 41
17 37 20
17 38 15
17 39 43
17 40 57
17 41 22
17 42 17
17 43 13
17 44 47
17 45 21
17 46 19
17 47 46
17 48 42
18 1 15
18 2 22
18 3 23
18 4 32
18 5 24
18 6 14
18 7 28
18 8 29
18 9 26
18 10 8
18 11 25
18 12 25
18 13 31
18 14 25
18 15 23
18 16 16
18 17 21
18 18 -1
18 19 30
18 20 24
18 21 24
18 22 28
18 23 22
18 24 10
18 25 17
18 26 18
18 27 23
18 28 29
18 29 23
18 30 24
18 31 35
18 32 30
18 33 22
18 34 21
18 35 3
18 36 20
18 37 7
18 38 19
18 39 34
18 40 36
18 41 5
18 42 18
18 43 11
18 44 27
18 45 6
18 46 6
18 47 27
18 48 28
19 1 46
19 2 49
19 3 16
19 4 29
19 5 30
19 6 36
19 7 28
19 8 33
19 9 31
19 10 36
19 11 11
19 12 52
19 13 30
19 14 53
19 15 46
19 16 32
19 17 40
19 18 30
19 19 -1
19 20 29
19 21 25
19 22 56
19 23 51
19 24 40
19 25 20
19 26 35
19 27 41
19 28 11
19 29 48
19 30 12
19 31 7
19 32 6
19 33 29
19 34 51
19 35 30
19 36 35
19 37 24
19 38 25
19 39 5
19 40 33
19 41 35
19 42 23
19 43 38
19 44 25
19 45 37
19 46 25
19 47 20
19 48 9
20 1 32
20 2 29
20 3 12
20 4 9
20 5 1
20 6 38
20 7 4
20 8 5
20 9 2
20 10 33
20 11 18
20 12 30
20 13 7
20 14 34
20 15 22
20 16 10
20 17 46
20 18 24
20 19 29
20 20 -1
20 21 42
20 22 35
20 23 33
20 24 28
20 25 33
20 26 11
20 27 47
20 28 37
20 29 25
20 30 33
20 31 36
20 32 34
20 33 42
20 34 35
20 35 22
20 36 10
20 37 26
20 38 38
20 39 34
20 40 12
20 41 26
20 42 36
20 43 35
20 44 5
20 45 28
20 46 27
20 47 10
20 48 21
21 1 37
21 2 46
21 3 33
21 4 47
21 5 43
21 6 17
21 7 43
21 8 47
21 9 44
21 10 23
21 11 30
21 12 49
21 13 46
21 14 48
21 15 47
21 16 38
21 17 18
21 18 24
21 19 25
21 20 42
21 21 -1
21 22 51
21 23 46
21 24 32
21 25 8
21 26 41
21 27 18
21 28 16
21 29 48
21 30 13
21 31 25
21 32 20
21 33 5
21 34 44
21 35 27
21 36 42
21 37 18
21 38 5
21 39 27
21 40 51
21 41 28
21 42 6
21 43 24
21 44 41
21 45 29
21 46 18
21 47 38
21 48 31
22 1 14
22 2 6
22 3 43
22 4 44
22 5 34
22 6 35
22 7 39
22 8 37
22 9 35
22 10 28
22 11 47
22 12 5
22 13 42
22 14 3
22 15 14
22 16 26
22 17 41
22 18 28
22 19 56
22 20 35
22 21 51
22 22 -1
22 23 5
22 24 18
22 25 45
22 26 24
22 27 42
22 28 57
22 29 10
22 30 51
22 31 62
22 32 57
22 33 47
22 34 8
22 35 26
22 36 25
22 37 35
22 38 46
22 39 61
22 40 46
22 41 23
22 42 46
22 43 28
22 44 41
22 45 22
22 46 34
22 47 44
22 48 51
23 1 9
23 2 4
23 3 39
23 4 42
23 5 32
23 6 30
23 7 37
23 8 35
23 9 33
23 10 22
23 11 43
23 12 5
23 13 40
23 14 2
23 15 13
23 16 23
23 17 36
23 18 22
23 19 51
23 20 33
23 21 46
23 22 5
23 23 -1
23 24 13
23 25 40
23 26 22
23 27 37
23 28 52
23 29 9
23 30 46
23 31 57
23 32 53
23 33 42
23 34 3
23 35 21
23 36 23
23 37 30
23 38 40
23 39 56
23 40 44
23 41 18
23 42 40
23 43 23
23 44 38
23 45 17
23 46 29
23 47 41
23 48 46
24 1 5
24 2 14
24 3 31
24 4 37
24 5 28
24 6 18
24 7 32
24 8 32
24 9 29
24 10 10
24 11 33
24 12 17
24 13 36
24 14 15
24 15 18
24 16 18
24 17 24
24 18 10
24 19 40
24 20 28
24 21 32
24 22 18
24 23 13
24 24 -1
24 25 27
24 26 19
24 27 25
24 28 39
24 29 17
24 30 33
24 31 45
24 32 40
24 33 29
24 34 12
24 35 9
24 36 20
24 37 16
24 38 27
24 39 44
24 40 40
24 41 5
24 42 27
24 43 11
24 44 32
24 45 3
24 46 16
24 47 34
24 48 37
25 1 32
25 2 40
25 3 25
25 4 38
25 5 34
25 6 16
25 7 35
25 8 39
25 9 35
25 10 20
25 11 22
25 12 43
25 13 38
25 14 42
25 15 40
25 16 30
25 17 20
25 18 17
25 19 20
25 20 33
25 21 8
25 22 45
25 23 40
25 24 27
25 25 -1
25 26 33
25 27 21
25 28 13
25 29 41
25 30 9
25 31 22
25 32 17
25 33 10
25 34 39
25 35 20
25 36 34
25 37 10
25 38 5
25 39 23
25 40 43
25 41 22
25 42 3
25 43 21
25 44 33
25 45 23
25 46 11
25 47 30
25 48 23
26 1 22
26 2 18
26 3 19
26 4 20
26 5 10
26 6 33
26 7 15
26 8 13
26 9 11
26 10 26
26 11 24
26 12 19
26 13 18
26 14 23
26 15 11
26 16 3
26 17 40
26 18 18
26 19 35
26 20 11
26 21 41
26 22 24
26 23 22
26 24 19
26 25 33
26 26 -1
26 27 41
26 28 40
26 29 15
26 30 35
26 31 42
26 32 38
26 33 39
26 34 24
26 35 15
26 36 1
26 37 23
26 38 36
26 39 40
26 40 22
26 41 18
26 42 35
26 43 28
26 44 16
26 45 19
26 46 23
26 47 20
26 48 28
27 1 28
27 2 39
27 3 42
27 4 54
27 5 47
27 6 8
27 7 50
27 8 52
27 9 48
27 10 15
27 11 42
27 12 42
27 13 53
27 14 39
27 15 43
27 16 39
27 17 1
27 18 23
27 19 41
27 20 47
27 21 18
27 22 42
27 23 37
27 24 25
27 25 21
27 26 41
27 27 -1
27 28 34
27 29 42
27 30 30
27 31 43
27 32 38
27 33 13
27 34 34
27 35 26
27 36 43
27 37 21
27 38 16
27 39 44
27 40 58
27 41 23
27 42 18
27 43 14
27 44 48
27 45 23
27 46 20
27 47 47
27 48 44
28 1 45
28 2 51
28 3 25
28 4 38
28 5 38
28 6 30
28 7 37
28 8 42
28 9 39
28 10 33
28 11 20
28 12 54
28 13 39
28 14 54
28 15 49
28 16 37
28 17 33
28 18 29
28 19 11
28 20 37
28 21 16
28 22 57
28 23 52
28 24 39
28 25 13
28 26 40
28 27 34
28 28 -1
28 29 51
28 30 5
28 31 9
28 32 5
28 33 21
28 34 51
28 35 31
28 36 40
28 37 22
28 38 18
28 39 11
28 40 42
28 41 34
28 42 16
28 43 34
28 44 34
28 45 36
28 46 23
28 47 29
28 48 19
29 1 15
29 2 5
29 3 34
29 4 34
29 5 24
29 6 35
29 7 29
29 8 27
29 9 25
29 10 27
29 11 39
29 12 5
29 13 32
29 14 9
29 15 4
29 16 17
29 17 41
29 18 23
29 19 48
29 20 25
29 21 48
29 22 10
29 23 9
29 24 17
29 25 41
29 26 15
29 27 42
29 28 51
29 29 -1
29 30 46
29 31 55
29 32 51
29 33 45
29 34 12
29 35 21
29 36 15
29 37 30
29 38 42
29 39 53
29 40 36
29 41 20
29 42 42
29 43 28
29 44 31
29 45 20
29 46 30
29 47 35
29 48 42
30 1 39
30 2 45
30 3 21
30 4 35
30 5 34
30 6 25
30 7 33
30 8 38
30 9 35
30 10 28
30 11 17
30 12 48
30 13 36
30 14 48
30 15 44
30 16 32
30 17 29
30 18 24
30 19 12
30 20 33
30 21 13
30 22 51
30 23 46
30 24 33
30 25 9
30 26 35
30 27 30
30 28 5
30 29 46
30 30 -1
30 31 13
30 32 8
30 33 17
30 34 45
30 35 25
30 36 35
30 37 17
30 38 14
30 39 14
30 40 40
30 41 29
30 42 12
30 43 29
30 44 30
30 45 30
30 46 17
30 47 26
30 48 17
31 1 51
31 2 55
31 3 24
31 4 36
31 5 37
31 6 38
31 7 35
31 8 41
31 9 38
31 10 40
31 11 18
31 12 58
31 13 37
31 14 59
31 15 52
31 16 39
31 17 42
31 18 35
31 19 7
31 20 36
31 21 25
31 22 62
31 23 57
31 24 45
31 25 22
31 26 42
31 27 43
31 28 9
31 29 55
31 30 13
31 31 -1
31 32 5
31 33 30
31 34 57
31 35 36
31 36 42
31 37 29
31 38 27
31 39 3
31 40 40
31 41 40
31 42 25
31 43 42
31 44 32
31 45 42
31 46 29
31 47 27
31 48 16
32 1 46
32 2 51
32 3 22
32 4 35
32 5 35
32 6 33
32 7 34
32 8 39
32 9 36
32 10 35
32 11 17
32 12 54
32 13 36
32 14 55
32 15 49
32 16 35
32 17 37
32 18 30
32 19 6
32 20 34
32 21 20
32 22 57
32 23 53
32 24 40
32 25 17
32 26 38
32 27 38
32 28 5
32 29 51
32 30 8
32 31 5
32 32 -1
32 33 25
32 34 52
32 35 31
32 36 39
32 37 24
32 38 22
32 39 6
32 40 39
32 41 35
32 42 20
32 43 37
32 44 31
32 45 37
32 46 25
32 47 26
32 48 15
33 1 33
33 2 43
33 3 34
33 4 48
33 5 42
33 6 12
33 7 44
33 8 47
33 9 44
33 10 19
33 11 32
33 12 46
33 13 47
33 14 44
33 15 45
33 16 37
33 17 12
33 18 22
33 19 29
33 20 42
33 21 5
33 22 47
33 23 42
33 24 29
33 25 10
33 26 39
33 27 13
33 28 21
33 29 45
33 30 17
33 31 30
33 32 25
33 33 -1
33 34 40
33 35 25
33 36 41
33 37 16
33 38 4
33 39 31
33 40 52
33 41 25
33 42 6
33 43 19
33 44 42
33 45 25
33 46 16
33 47 39
33 48 33
34 1 6
34 2 7
34 3 40
34 4 44
34 5 34
34 6 28
34 7 39
34 8 37
34 9 35
34 10 20
34 11 44
34 12 9
34 13 42
34 14 5
34 15 16
34 16 25
34 17 33
34 18 21
34 19 51
34 20 35
34 21 44
34 22 8
34 23 3
34 24 12
34 25 39
34 26 24
34 27 34
34 28 51
34 29 12
34 30 45
34 31 57
34 32 52
34 33 40
34 34 -1
34 35 20
34 36 25
34 37 29
34 38 38
34 39 56
34 40 46
34 41 16
34 42 39
34 43 20
34 44 40
34 45 15
34 46 28
34 47 42
34 48 47
35 1 15
35 2 20
35 3 22
35 4 30
35 5 22
35 6 17
35 7 25
35 8 26
35 9 23
35 10 11
35 11 24
35 12 23
35 13 29
35 14 23
35 15 20
35 16 13
35 17 24
35 18 3
35 19 30
35 20 22
35 21 27
35 22 26
35 23 21
35 24 9
35 25 20
35 26 15
35 27 26
35 28 31
35 29 21
35 30 25
35 31 36
35 32 31
35 33 25
35 34 20
35 35 -1
35 36 17
35 37 9
35 38 22
35 39 35
35 40 34
35 41 5
35 42 21
35 43 13
35 44 25
35 45 7
35 46 9
35 47 25
35 48 27
36 1 23
36 2 19
36 3 19
36 4 19
36 5 9
36 6 34
36 7 14
36 8 12
36 9 10
36 10 27
36 11 24
36 12 20
36 13 17
36 14 24
36 15 12
36 16 4
36 17 41
36 18 20
36 19 35
36 20 10
36 21 42
36 22 25
36 23 23
36 24 20
36 25 34
36 26 1
36 27 43
36 28 40
36 29 15
36 30 35
36 31 42
36 32 39
36 33 41
36 34 25
36 35 17
36 36 -1
36 37 24
36 38 37
36 39 40
36 40 21
36 41 19
36 42 36
36 43 29
36 44 15
36 45 21
36 46 24
36 47 19
36 48 28
37 1 22
37 2 29
37 3 21
37 4 33
37 5 26
37 6 13
37 7 29
37 8 31
37 9 28
37 10 12
37 11 21
37 12 32
37 13 32
37 14 32
37 15 29
37 16 20
37 17 20
37 18 7
37 19 24
37 20 26
37 21 18
37 22 35
37 23 30
37 24 16
37 25 10
37 26 23
37 27 21
37 28 22
37 29 30
37 30 17
37 31 29
37 32 24
37 33 16
37 34 29
37 35 9
37 36 24
37 37 -1
37 38 13
37 39 28
37 40 37
37 41 12
37 42 12
37 43 14
37 44 27
37 45 13
37 46 1
37 47 26
37 48 24
38 1 32
38 2 41
38 3 30
38 4 43
38 5 39
38 6 13
38 7 40
38 8 43
38 9 40
38 10 18
38 11 28
38 12 44
38 13 43
38 14 42
38 15 42
38 16 33
38 17 15
38 18 19
38 19 25
38 20 38
38 21 5
38 22 46
38 23 40
38 24 27
38 25 5
38 26 36
38 27 16
38 28 18
38 29 42
38 30 14
38 31 27
38 32 22
38 33 4
38 34 38
38 35 22
38 36 37
38 37 13
38 38 -1
38 39 28
38 40 48
38 41 23
38 42 2
38 43 19
38 44 38
38 45 23
38 46 13
38 47 35
38 48 29
39 1 50
39 2 54
39 3 21
39 4 33
39 5 35
39 6 39
39 7 32
39 8 38
39 9 36
39 10 40
39 11 16
39 12 57
39 13 34
39 14 58
39 15 51
39 16 37
39 17 43
39 18 34
39 19 5
39 20 34
39 21 27
39 22 61
39 23 56
39 24 44
39 25 23
39 26 40
39 27 44
39 28 11
39 29 53
39 30 14
39 31 3
39 32 6
39 33 31
39 34 56
39 35 35
39 36 40
39 37 28
39 38 28
39 39 -1
39 40 37
39 41 39
39 42 26
39 43 42
39 44 29
39 45 41
39 46 29
39 47 24
39 48 13
40 1 44
40 2 40
40 3 18
40 4 4
40 5 12
40 6 50
40 7 8
40 8 9
40 9 11
40 10 45
40 11 22
40 12 41
40 13 5
40 14 45
40 15 32
40 16 22
40 17 57
40 18 36
40 19 33
40 20 12
40 21 51
40 22 46
40 23 44
40 24 40
40 25 43
40 26 22
40 27 58
40 28 42
40 29 36
40 30 40
40 31 40
40 32 39
40 33 52
40 34 46
40 35 34
40 36 21
40 37 37
40 38 48
40 39 37
40 40 -1
40 41 38
40 42 46
40 43 47
40 44 10
40 45 40
40 46 38
40 47 13
40 48 24
41 1 10
41 2 18
41 3 27
41 4 34
41 5 26
41 6 15
41 7 29
41 8 30
41 9 27
41 10 8
41 11 29
41 12 21
41 13 33
41 14 20
41 15 20
41 16 17
41 17 22
41 18 5
41 19 35
41 20 26
41 21 28
41 22 23
41 23 18
41 24 5
41 25 22
41 26 18
41 27 23
41 28 34
41 29 20
41 30 29
41 31 40
41 32 35
41 33 25
41 34 16
41 35 5
41 36 19
41 37 12
41 38 23
41 39 39
41 40 38
41 41 -1
41 42 22
41 43 10
41 44 29
41 45 2
41 46 11
41 47 30
41 48 32
42 1 32
42 2 40
42 3 28
42 4 41
42 5 37
42 6 14
42 7 38
42 8 42
42 9 38
42 10 19
42 11 26
42 12 44
42 13 41
42 14 42
42 15 41
42 16 32
42 17 17
42 18 18
42 19 23
42 20 36
42 21 6
42 22 46
42 23 40
42 24 27
42 25 3
42 26 35
42 27 18
42 28 16
42 29 42
42 30 12
42 31 25
42 32 20
42 33 6
42 34 39
42 35 21
42 36 36
42 37 12
42 38 2
42 39 26
42 40 46
42 41 22
42 42 -1
42 43 19
42 44 36
42 45 23
42 46 12
42 47 33
42 48 27
43 1 14
43 2 25
43 3 34
43 4 43
43 5 35
43 6 7
43 7 39
43 8 40
43 9 37
43 10 2
43 11 35
43 12 28
43 13 42
43 14 25
43 15 29
43 16 26
43 17 13
43 18 11
43 19 38
43 20 35
43 21 24
43 22 28
43 23 23
43 24 11
43 25 21
43 26 28
43 27 14
43 28 34
43 29 28
43 30 29
43 31 42
43 32 37
43 33 19
43 34 20
43 35 13
43 36 29
43 37 14
43 38 19
43 39 42
43 40 47
43 41 10
43 42 19
43 43 -1
43 44 38
43 45 8
43 46 13
43 47 38
43 48 38
44 1 37
44 2 34
44 3 9
44 4 5
44 5 7
44 6 40
44 7 3
44 8 8
44 9 7
44 10 36
44 11 14
44 12 36
44 13 5
44 14 39
44 15 27
44 16 15
44 17 47
44 18 27
44 19 25
44 20 5
44 21 41
44 22 41
44 23 38
44 24 32
44 25 33
44 26 16
44 27 48
44 28 34
44 29 31
44 30 30
44 31 32
44 32 31
44 33 42
44 34 40
44 35 25
44 36 15
44 37 27
44 38 38
44 39 29
44 40 10
44 41 29
44 42 36
44 43 38
44 44 -1
44 45 31
44 46 28
44 47 5
44 48 16
45 1 9
45 2 17
45 3 29
45 4 36
45 5 27
45 6 15
45 7 31
45 8 32
45 9 29
45 10 7
45 11 31
45 12 20
45 13 35
45 14 19
45 15 20
45 16 18
45 17 21
45 18 6
45 19 37
45 20 28
45 21 29
45 22 22
45 23 17
45 24 3
45 25 23
45 26 19
45 27 23
45 28 36
45 29 20
45 30 30
45 31 42
45 32 37
45 33 25
45 34 15
45 35 7
45 36 21
45 37 13
45 38 23
45 39 41
45 40 40
45 41 2
45 42 23
45 43 8
45 44 31
45 45 -1
45 46 12
45 47 32
45 48 34
46 1 21
46 2 29
46 3 22
46 4 33
46 5 27
46 6 12
46 7 29
46 8 32
46 9 28
46 10 11
46 11 22
46 12 32
46 13 33
46 14 31
46 15 29
46 16 20
46 17 19
46 18 6
46 19 25
46 20 27
46 21 18
46 22 34
46 23 29
46 24 16
46 25 11
46 26 23
46 27 20
46 28 23
46 29 30
46 30 17
46 31 29
46 32 25
46 33 16
46 34 28
46 35 9
46 36 24
46 37 1
46 38 13
46 39 29
46 40 38
46 41 11
46 42 12
46 43 13
46 44 28
46 45 12
46 46 -1
46 47 26
46 48 25
47 1 39
47 2 37
47 3 5
47 4 9
47 5 12
47 6 39
47 7 8
47 8 13
47 9 12
47 10 36
47 11 9
47 12 39
47 13 10
47 14 42
47 15 31
47 16 18
47 17 46
47 18 27
47 19 20
47 20 10
47 21 38
47 22 44
47 23 41
47 24 34
47 25 30
47 26 20
47 27 47
47 28 29
47 29 35
47 30 26
47 31 27
47 32 26
47 33 39
47 34 42
47 35 25
47 36 19
47 37 26
47 38 35
47 39 24
47 40 13
47 41 30
47 42 33
47 43 38
47 44 5
47 45 32
47 46 26
47 47 -1
47 48 11
48 1 42
48 2 44
48 3 8
48 4 20
48 5 22
48 6 37
48 7 19
48 8 25
48 9 22
48 10 36
48 11 3
48 12 46
48 13 21
48 14 48
48 15 39
48 16 25
48 17 42
48 18 28
48 19 9
48 20 21
48 21 31
48 22 51
48 23 46
48 24 37
48 25 23
48 26 28
48 27 44
48 28 19
48 29 42
48 30 17
48 31 16
48 32 15
48 33 33
48 34 47
48 35 27
48 36 28
48 37 24
48 38 29
48 39 13
48 40 24
48 41 32
48 42 27
48 43 38
48 44 16
48 45 34
48 46 25
48 47 11
48 48 -1
