25 42
25 21
25 38
7 4
7 5
7 8
7 9
7 40
7 44
7 13
7 47
7 20
4 7
4 8
4 40
4 44
4 13
13 4
13 5
13 7
13 8
13 9
13 40
13 44
13 20
5 7
5 8
5 9
5 44
5 13
5 20
24 1
24 45
24 41
34 1
34 2
34 14
34 22
34 23
16 26
16 36
42 25
42 21
42 38
42 33
6 17
6 10
6 27
6 43
40 8
40 4
40 13
40 7
9 5
9 7
9 8
9 44
9 13
9 20
30 32
30 28
8 4
8 5
8 7
8 40
8 9
8 44
8 13
8 20
15 2
15 12
15 29
19 32
19 48
19 39
19 31
37 18
37 46
35 41
35 18
35 45
26 16
26 36
39 32
39 19
39 31
28 32
28 30
20 5
20 7
20 8
20 9
20 44
20 13
46 18
46 37
2 34
2 12
2 14
2 15
2 22
2 23
2 29
