1 1 -1
1 2 5
1 3 10
1 4 18
1 5 27
1 6 8
1 7 21
1 8 12
1 9 27
1 10 24
1 11 12
1 12 22
1 13 8
1 14 13
1 15 17
1 16 12
1 17 24
1 18 14
1 19 21
1 20 8
1 21 20
1 22 18
1 23 4
1 24 7
1 25 12
1 26 14
1 27 15
1 28 15
1 29 2
1 30 6
2 1 5
2 2 -1
2 3 11
2 4 23
2 5 31
2 6 11
2 7 25
2 8 10
2 9 27
2 10 28
2 11 13
2 12 24
2 13 12
2 14 14
2 15 13
2 16 14
2 17 23
2 18 15
2 19 22
2 20 7
2 21 20
2 22 16
2 23 4
2 24 9
2 25 10
2 26 11
2 27 12
2 28 15
2 29 3
2 30 9
3 1 10
3 2 11
3 3 -1
3 4 18
3 5 23
3 6 7
3 7 16
3 8 6
3 9 17
3 10 21
3 11 2
3 12 13
3 13 18
3 14 3
3 15 13
3 16 3
3 17 13
3 18 4
3 19 11
3 20 4
3 21 9
3 22 11
3 23 13
3 24 3
3 25 5
3 26 8
3 27 10
3 28 4
3 29 11
3 30 6
4 1 18
4 2 23
4 3 18
4 4 -1
4 5 10
4 6 12
4 7 8
4 8 25
4 9 28
4 10 7
4 11 20
4 12 19
4 13 19
4 14 18
4 15 31
4 16 15
4 17 27
4 18 18
4 19 19
4 20 20
4 21 24
4 22 29
4 23 22
4 24 17
4 25 23
4 26 27
4 27 28
4 28 19
4 29 21
4 30 14
5 1 27
5 2 31
5 3 23
5 4 10
5 5 -1
5 6 19
5 7 7
5 8 29
5 9 26
5 10 3
5 11 24
5 12 17
5 13 29
5 14 21
5 15 36
5 16 19
5 17 26
5 18 21
5 19 18
5 20 26
5 21 24
5 22 32
5 23 31
5 24 23
5 25 28
5 26 31
5 27 33
5 28 22
5 29 29
5 30 21
6 1 8
6 2 11
6 3 7
6 4 12
6 5 19
6 6 -1
6 7 13
6 8 12
6 9 22
6 10 17
6 11 9
6 12 15
6 13 13
6 14 8
6 15 19
6 16 5
6 17 19
6 18 8
6 19 14
6 20 8
6 21 15
6 22 18
6 23 12
6 24 4
6 25 11
6 26 14
6 27 16
6 28 9
6 29 10
6 30 2
7 1 21
7 2 25
7 3 16
7 4 8
7 5 7
7 6 13
7 7 -1
7 8 22
7 9 21
7 10 5
7 11 16
7 12 12
7 13 24
7 14 14
7 15 29
7 16 12
7 17 20
7 18 14
7 19 12
7 20 19
7 21 18
7 22 25
7 23 25
7 24 16
7 25 21
7 26 24
7 27 26
7 28 15
7 29 23
7 30 15
8 1 12
8 2 10
8 3 6
8 4 25
8 5 29
8 6 12
8 7 22
8 8 -1
8 9 18
8 10 27
8 11 5
8 12 17
8 13 21
8 14 8
8 15 7
8 16 9
8 17 13
8 18 8
8 19 15
8 20 5
8 21 11
8 22 6
8 23 14
8 24 8
8 25 1
8 26 2
8 27 3
8 28 8
8 29 12
8 30 11
9 1 27
9 2 27
9 3 17
9 4 28
9 5 26
9 6 22
9 7 21
9 8 18
9 9 -1
9 10 26
9 11 15
9 12 9
9 13 35
9 14 14
9 15 22
9 16 16
9 17 4
9 18 13
9 19 9
9 20 20
9 21 7
9 22 15
9 23 30
9 24 20
9 25 17
9 26 18
9 27 19
9 28 12
9 29 28
9 30 22
10 1 24
10 2 28
10 3 21
10 4 7
10 5 3
10 6 17
10 7 5
10 8 27
10 9 26
10 10 -1
10 11 22
10 12 17
10 13 26
10 14 20
10 15 34
10 16 17
10 17 25
10 18 19
10 19 17
10 20 24
10 21 23
10 22 31
10 23 28
10 24 20
10 25 26
10 26 29
10 27 31
10 28 20
10 29 26
10 30 19
11 1 12
11 2 13
11 3 2
11 4 20
11 5 24
11 6 9
11 7 16
11 8 5
11 9 15
11 10 22
11 11 -1
11 12 12
11 13 20
11 14 2
11 15 12
11 16 4
11 17 11
11 18 3
11 19 10
11 20 5
11 21 7
11 22 9
11 23 15
11 24 5
11 25 4
11 26 7
11 27 9
11 28 3
11 29 13
11 30 8
12 1 22
12 2 24
12 3 13
12 4 19
12 5 17
12 6 15
12 7 12
12 8 17
12 9 9
12 10 17
12 11 12
12 12 -1
12 13 29
12 14 10
12 15 23
12 16 10
12 17 8
12 18 9
12 19 2
12 20 17
12 21 7
12 22 17
12 23 26
12 24 15
12 25 16
12 26 18
12 27 19
12 28 9
12 29 24
12 30 17
13 1 8
13 2 12
13 3 18
13 4 19
13 5 29
13 6 13
13 7 24
13 8 21
13 9 35
13 10 26
13 11 20
13 12 29
13 13 -1
13 14 21
13 15 25
13 16 19
13 17 32
13 18 21
13 19 27
13 20 16
13 21 28
13 22 27
13 23 8
13 24 15
13 25 20
13 26 22
13 27 23
13 28 22
13 29 9
13 30 12
14 1 13
14 2 14
14 3 3
14 4 18
14 5 21
14 6 8
14 7 14
14 8 8
14 9 14
14 10 20
14 11 2
14 12 10
14 13 21
14 14 -1
14 15 15
14 16 3
14 17 10
14 18 1
14 19 8
14 20 7
14 21 7
14 22 11
14 23 17
14 24 6
14 25 6
14 26 10
14 27 11
14 28 1
14 29 14
14 30 8
15 1 17
15 2 13
15 3 13
15 4 31
15 5 36
15 6 19
15 7 29
15 8 7
15 9 22
15 10 34
15 11 12
15 12 23
15 13 25
15 14 15
15 15 -1
15 16 16
15 17 18
15 18 15
15 19 21
15 20 11
15 21 16
15 22 7
15 23 17
15 24 14
15 25 8
15 26 5
15 27 3
15 28 15
15 29 16
15 30 17
16 1 12
16 2 14
16 3 3
16 4 15
16 5 19
16 6 5
16 7 12
16 8 9
16 9 16
16 10 17
16 11 4
16 12 10
16 13 19
16 14 3
16 15 16
16 16 -1
16 17 13
16 18 3
16 19 8
16 20 7
16 21 9
16 22 13
16 23 15
16 24 5
16 25 8
16 26 12
16 27 13
16 28 4
16 29 13
16 30 6
17 1 24
17 2 23
17 3 13
17 4 27
17 5 26
17 6 19
17 7 20
17 8 13
17 9 4
17 10 25
17 11 11
17 12 8
17 13 32
17 14 10
17 15 18
17 16 13
17 17 -1
17 18 10
17 19 8
17 20 16
17 21 3
17 22 11
17 23 27
17 24 17
17 25 13
17 26 14
17 27 15
17 28 9
17 29 24
17 30 19
18 1 14
18 2 15
18 3 4
18 4 18
18 5 21
18 6 8
18 7 14
18 8 8
18 9 13
18 10 19
18 11 3
18 12 9
18 13 21
18 14 1
18 15 15
18 16 3
18 17 10
18 18 -1
18 19 7
18 20 8
18 21 6
18 22 11
18 23 17
18 24 7
18 25 7
18 26 10
18 27 12
18 28 1
18 29 15
18 30 9
19 1 21
19 2 22
19 3 11
19 4 19
19 5 18
19 6 14
19 7 12
19 8 15
19 9 9
19 10 17
19 11 10
19 12 2
19 13 27
19 14 8
19 15 21
19 16 8
19 17 8
19 18 7
19 19 -1
19 20 15
19 21 6
19 22 15
19 23 24
19 24 13
19 25 14
19 26 16
19 27 18
19 28 7
19 29 22
19 30 15
20 1 8
20 2 7
20 3 4
20 4 20
20 5 26
20 6 8
20 7 19
20 8 5
20 9 20
20 10 24
20 11 5
20 12 17
20 13 16
20 14 7
20 15 11
20 16 7
20 17 16
20 18 8
20 19 15
20 20 -1
20 21 13
20 22 11
20 23 10
20 24 3
20 25 4
20 26 7
20 27 8
20 28 8
20 29 8
20 30 6
21 1 20
21 2 20
21 3 9
21 4 24
21 5 24
21 6 15
21 7 18
21 8 11
21 9 7
21 10 23
21 11 7
21 12 7
21 13 28
21 14 7
21 15 16
21 16 9
21 17 3
21 18 6
21 19 6
21 20 13
21 21 -1
21 22 9
21 23 23
21 24 13
21 25 10
21 26 12
21 27 13
21 28 5
21 29 21
21 30 15
22 1 18
22 2 16
22 3 11
22 4 29
22 5 32
22 6 18
22 7 25
22 8 6
22 9 15
22 10 31
22 11 9
22 12 17
22 13 27
22 14 11
22 15 7
22 16 13
22 17 11
22 18 11
22 19 15
22 20 11
22 21 9
22 22 -1
22 23 20
22 24 14
22 25 7
22 26 5
22 27 5
22 28 10
22 29 18
22 30 17
23 1 4
23 2 4
23 3 13
23 4 22
23 5 31
23 6 12
23 7 25
23 8 14
23 9 30
23 10 28
23 11 15
23 12 26
23 13 8
23 14 17
23 15 17
23 16 15
23 17 27
23 18 17
23 19 24
23 20 10
23 21 23
23 22 20
23 23 -1
23 24 10
23 25 14
23 26 15
23 27 16
23 28 18
23 29 2
23 30 10
24 1 7
24 2 9
24 3 3
24 4 17
24 5 23
24 6 4
24 7 16
24 8 8
24 9 20
24 10 20
24 11 5
24 12 15
24 13 15
24 14 6
24 15 14
24 16 5
24 17 17
24 18 7
24 19 13
24 20 3
24 21 13
24 22 14
24 23 10
24 24 -1
24 25 7
24 26 10
24 27 11
24 28 7
24 29 8
24 30 3
25 1 12
25 2 10
25 3 5
25 4 23
25 5 28
25 6 11
25 7 21
25 8 1
25 9 17
25 10 26
25 11 4
25 12 16
25 13 20
25 14 6
25 15 8
25 16 8
25 17 13
25 18 7
25 19 14
25 20 4
25 21 10
25 22 7
25 23 14
25 24 7
25 25 -1
25 26 3
25 27 5
25 28 7
25 29 12
25 30 10
26 1 14
26 2 11
26 3 8
26 4 27
26 5 31
26 6 14
26 7 24
26 8 2
26 9 18
26 10 29
26 11 7
26 12 18
26 13 22
26 14 10
26 15 5
26 16 12
26 17 14
26 18 10
26 19 16
26 20 7
26 21 12
26 22 5
26 23 15
26 24 10
26 25 3
26 26 -1
26 27 1
26 28 10
26 29 13
26 30 13
27 1 15
27 2 12
27 3 10
27 4 28
27 5 33
27 6 16
27 7 26
27 8 3
27 9 19
27 10 31
27 11 9
27 12 19
27 13 23
27 14 11
27 15 3
27 16 13
27 17 15
27 18 12
27 19 18
27 20 8
27 21 13
27 22 5
27 23 16
27 24 11
27 25 5
27 26 1
27 27 -1
27 28 11
27 29 14
27 30 14
28 1 15
28 2 15
28 3 4
28 4 19
28 5 22
28 6 9
28 7 15
28 8 8
28 9 12
28 10 20
28 11 3
28 12 9
28 13 22
28 14 1
28 15 15
28 16 4
28 17 9
28 18 1
28 19 7
28 20 8
28 21 5
28 22 10
28 23 18
28 24 7
28 25 7
28 26 10
28 27 11
28 28 -1
28 29 16
28 30 10
29 1 2
29 2 3
29 3 11
29 4 21
29 5 29
29 6 10
29 7 23
29 8 12
29 9 28
29 10 26
29 11 13
29 12 24
29 13 9
29 14 14
29 15 16
29 16 13
29 17 24
29 18 15
29 19 22
29 20 8
29 21 21
29 22 18
29 23 2
29 24 8
29 25 12
29 26 13
29 27 14
29 28 16
29 29 -1
29 30 8
30 1 6
30 2 9
30 3 6
30 4 14
30 5 21
30 6 2
30 7 15
30 8 11
30 9 22
30 10 19
30 11 8
30 12 17
30 13 12
30 14 8
30 15 17
30 16 6
30 17 19
30 18 9
30 19 15
30 20 6
30 21 15
30 22 17
30 23 10
30 24 3
30 25 10
30 26 13
30 27 14
30 28 10
30 29 8
30 30 -1
