2 1
2 29
2 23
3 11
3 14
3 16
3 18
3 20
3 24
3 25
3 28
18 3
18 11
18 14
18 16
18 28
5 10
19 12
16 3
16 6
16 11
16 14
16 18
16 24
16 28
10 5
10 7
29 1
29 2
29 23
26 8
26 15
26 22
26 25
26 27
27 8
27 15
27 22
27 25
27 26
9 17
7 10
11 3
11 8
11 14
11 16
11 18
11 20
11 24
11 25
11 28
8 11
8 20
8 25
8 26
8 27
24 3
24 6
24 11
24 16
24 20
24 30
28 3
28 11
28 14
28 16
28 18
28 21
21 17
21 28
23 1
23 2
23 29
25 3
25 8
25 11
25 20
25 26
25 27
15 26
15 27
6 16
6 24
6 30
30 24
30 6
14 3
14 11
14 16
14 18
14 28
12 19
