1 1 -1
1 2 79
1 3 59
1 4 97
1 5 23
1 6 24
1 7 63
1 8 19
1 9 65
1 10 25
1 11 22
1 12 19
1 13 44
1 14 77
1 15 41
1 16 52
1 17 34
1 18 91
1 19 67
1 20 35
1 21 40
1 22 57
1 23 104
1 24 55
1 25 72
1 26 65
1 27 31
1 28 80
1 29 46
1 30 21
1 31 87
1 32 94
1 33 24
1 34 64
1 35 48
1 36 89
1 37 63
1 38 41
1 39 55
1 40 49
1 41 62
1 42 5
1 43 41
1 44 53
1 45 41
1 46 76
1 47 99
1 48 44
1 49 7
1 50 32
1 51 80
1 52 73
1 53 28
1 54 54
1 55 65
1 56 71
1 57 58
1 58 28
1 59 29
1 60 35
1 61 46
1 62 49
1 63 44
1 64 3
1 65 43
1 66 9
1 67 70
1 68 25
1 69 16
1 70 62
1 71 70
1 72 45
1 73 80
1 74 27
1 75 62
1 76 55
1 77 41
1 78 66
1 79 70
1 80 10
1 81 90
1 82 52
1 83 28
1 84 56
1 85 72
1 86 43
1 87 77
1 88 73
1 89 18
1 90 39
2 1 79
2 2 -1
2 3 21
2 4 19
2 5 56
2 6 59
2 7 48
2 8 96
2 9 63
2 10 61
2 11 57
2 12 68
2 13 42
2 14 5
2 15 39
2 16 59
2 17 65
2 18 31
2 19 46
2 20 50
2 21 67
2 22 82
2 23 26
2 24 32
2 25 57
2 26 26
2 27 84
2 28 18
2 29 38
2 30 71
2 31 8
2 32 21
2 33 65
2 34 24
2 35 61
2 36 18
2 37 17
2 38 66
2 39 60
2 40 37
2 41 46
2 42 85
2 43 61
2 44 78
2 45 52
2 46 26
2 47 22
2 48 37
2 49 72
2 50 87
2 51 6
2 52 74
2 53 51
2 54 73
2 55 16
2 56 62
2 57 21
2 58 67
2 59 50
2 60 77
2 61 81
2 62 31
2 63 73
2 64 82
2 65 68
2 66 81
2 67 70
2 68 68
2 69 91
2 70 30
2 71 24
2 72 36
2 73 33
2 74 55
2 75 82
2 76 37
2 77 42
2 78 13
2 79 49
2 80 87
2 81 30
2 82 36
2 83 96
2 84 54
2 85 9
2 86 52
2 87 6
2 88 73
2 89 79
2 90 85
3 1 59
3 2 21
3 3 -1
3 4 38
3 5 35
3 6 38
3 7 33
3 8 74
3 9 47
3 10 39
3 11 36
3 12 46
3 13 29
3 14 18
3 15 22
3 16 40
3 17 51
3 18 37
3 19 33
3 20 28
3 21 46
3 22 63
3 23 45
3 24 24
3 25 45
3 26 25
3 27 62
3 28 23
3 29 16
3 30 53
3 31 28
3 32 35
3 33 47
3 34 22
3 35 51
3 36 30
3 37 4
3 38 46
3 39 52
3 40 16
3 41 43
3 42 64
3 43 49
3 44 59
3 45 39
3 46 23
3 47 40
3 48 22
3 49 51
3 50 65
3 51 21
3 52 59
3 53 31
3 54 54
3 55 13
3 56 48
3 57 8
3 58 45
3 59 29
3 60 56
3 61 61
3 62 15
3 63 53
3 64 61
3 65 48
3 66 59
3 67 55
3 68 51
3 69 70
3 70 15
3 71 17
3 72 19
3 73 30
3 74 37
3 75 63
3 76 18
3 77 27
3 78 11
3 79 37
3 80 66
3 81 36
3 82 16
3 83 74
3 84 47
3 85 17
3 86 32
3 87 22
3 88 59
3 89 57
3 90 64
4 1 97
4 2 19
4 3 38
4 4 -1
4 5 74
4 6 75
4 7 54
4 8 112
4 9 68
4 10 76
4 11 74
4 12 84
4 13 62
4 14 20
4 15 58
4 16 68
4 17 85
4 18 24
4 19 50
4 20 65
4 21 79
4 22 90
4 23 7
4 24 52
4 25 61
4 26 45
4 27 97
4 28 20
4 29 52
4 30 90
4 31 11
4 32 8
4 33 84
4 34 43
4 35 81
4 36 11
4 37 34
4 38 78
4 39 79
4 40 50
4 41 65
4 42 102
4 43 81
4 44 87
4 45 71
4 46 29
4 47 3
4 48 56
4 49 90
4 50 100
4 51 16
4 52 78
4 53 69
4 54 81
4 55 35
4 56 66
4 57 40
4 58 81
4 59 67
4 60 90
4 61 92
4 62 50
4 63 84
4 64 99
4 65 79
4 66 97
4 67 74
4 68 87
4 69 108
4 70 39
4 71 31
4 72 55
4 73 33
4 74 74
4 75 89
4 76 48
4 77 61
4 78 32
4 79 53
4 80 104
4 81 22
4 82 48
4 83 111
4 84 73
4 85 28
4 86 65
4 87 25
4 88 77
4 89 94
4 90 97
5 1 23
5 2 56
5 3 35
5 4 74
5 5 -1
5 6 12
5 7 46
5 8 40
5 9 53
5 10 14
5 11 2
5 12 17
5 13 25
5 14 53
5 15 19
5 16 39
5 17 28
5 18 69
5 19 50
5 20 16
5 21 33
5 22 54
5 23 81
5 24 33
5 25 57
5 26 44
5 27 37
5 28 58
5 29 25
5 30 22
5 31 63
5 32 71
5 33 18
5 34 42
5 35 38
5 36 66
5 37 40
5 38 34
5 39 43
5 40 28
5 41 46
5 42 29
5 43 32
5 44 49
5 45 26
5 46 54
5 47 76
5 48 23
5 49 16
5 50 40
5 51 57
5 52 64
5 53 6
5 54 48
5 55 42
5 56 57
5 57 35
5 58 23
5 59 6
5 60 35
5 61 46
5 62 26
5 63 40
5 64 25
5 65 36
5 66 25
5 67 59
5 68 22
5 69 36
5 70 41
5 71 48
5 72 22
5 73 59
5 74 10
5 75 58
5 76 35
5 77 21
5 78 43
5 79 53
5 80 31
5 81 68
5 82 31
5 83 43
5 84 42
5 85 49
5 86 28
5 87 54
5 88 63
5 89 27
5 90 43
6 1 24
6 2 59
6 3 38
6 4 75
6 5 12
6 6 -1
6 7 39
6 8 36
6 9 43
6 10 2
6 11 10
6 12 8
6 13 35
6 14 56
6 15 28
6 16 29
6 17 40
6 18 67
6 19 43
6 20 10
6 21 21
6 22 41
6 23 82
6 24 43
6 25 48
6 26 52
6 27 27
6 28 57
6 29 23
6 30 32
6 31 66
6 32 71
6 33 30
6 34 49
6 35 50
6 36 66
6 37 42
6 38 22
6 39 55
6 40 25
6 41 57
6 42 29
6 43 44
6 44 37
6 45 38
6 46 51
6 47 77
6 48 32
6 49 18
6 50 30
6 51 59
6 52 53
6 53 17
6 54 36
6 55 47
6 56 48
6 57 40
6 58 11
6 59 13
6 60 24
6 61 34
6 62 32
6 63 27
6 64 27
6 65 24
6 66 22
6 67 48
6 68 33
6 69 32
6 70 38
6 71 46
6 72 30
6 73 55
6 74 23
6 75 45
6 76 30
6 77 31
6 78 47
6 79 46
6 80 29
6 81 66
6 82 28
6 83 36
6 84 54
6 85 53
6 86 19
6 87 59
6 88 52
6 89 19
6 90 31
7 1 63
7 2 48
7 3 33
7 4 54
7 5 46
7 6 39
7 7 -1
7 8 71
7 9 15
7 10 38
7 11 45
7 12 44
7 13 56
7 14 43
7 15 46
7 16 15
7 17 72
7 18 36
7 19 5
7 20 30
7 21 29
7 22 36
7 23 58
7 24 55
7 25 12
7 26 59
7 27 49
7 28 34
7 29 24
7 30 69
7 31 50
7 32 47
7 33 65
7 34 55
7 35 78
7 36 43
7 37 34
7 38 27
7 39 81
7 40 22
7 41 74
7 42 67
7 43 73
7 44 33
7 45 65
7 46 24
7 47 55
7 48 49
7 49 57
7 50 52
7 51 44
7 52 26
7 53 47
7 54 27
7 55 46
7 56 15
7 57 41
7 58 37
7 59 41
7 60 40
7 61 39
7 62 43
7 63 32
7 64 66
7 65 28
7 66 58
7 67 21
7 68 69
7 69 67
7 70 18
7 71 24
7 72 45
7 73 23
7 74 54
7 75 34
7 76 15
7 77 52
7 78 43
7 79 7
7 80 66
7 81 36
7 82 19
7 83 65
7 84 76
7 85 48
7 86 20
7 87 52
7 88 25
7 89 51
7 90 46
8 1 19
8 2 96
8 3 74
8 4 112
8 5 40
8 6 36
8 7 71
8 8 -1
8 9 69
8 10 36
8 11 39
8 12 28
8 13 63
8 14 92
8 15 59
8 16 57
8 17 53
8 18 103
8 19 76
8 20 47
8 21 43
8 22 54
8 23 118
8 24 73
8 25 77
8 26 84
8 27 26
8 28 94
8 29 60
8 30 40
8 31 102
8 32 108
8 33 43
8 34 82
8 35 67
8 36 103
8 37 78
8 38 45
8 39 74
8 40 62
8 41 82
8 42 14
8 43 60
8 44 52
8 45 60
8 46 88
8 47 114
8 48 63
8 49 24
8 50 25
8 51 96
8 52 75
8 53 46
8 54 55
8 55 82
8 56 75
8 57 75
8 58 34
8 59 46
8 60 34
8 61 43
8 62 66
8 63 44
8 64 19
8 65 45
8 66 15
8 67 72
8 68 44
8 69 4
8 70 75
8 71 83
8 72 62
8 73 91
8 74 46
8 75 60
8 76 66
8 77 60
8 78 83
8 79 77
8 80 9
8 81 102
8 82 64
8 83 13
8 84 75
8 85 89
8 86 51
8 87 94
8 88 75
8 89 19
8 90 33
9 1 65
9 2 63
9 3 47
9 4 68
9 5 53
9 6 43
9 7 15
9 8 69
9 9 -1
9 10 41
9 11 51
9 12 46
9 13 67
9 14 58
9 15 57
9 16 13
9 17 81
9 18 48
9 19 18
9 20 37
9 21 26
9 22 23
9 23 72
9 24 68
9 25 9
9 26 73
9 27 44
9 28 49
9 29 36
9 30 75
9 31 65
9 32 61
9 33 72
9 34 69
9 35 88
9 36 57
9 37 49
9 38 24
9 39 92
9 40 34
9 41 87
9 42 68
9 43 83
9 44 21
9 45 75
9 46 39
9 47 69
9 48 60
9 49 60
9 50 46
9 51 59
9 52 12
9 53 55
9 54 16
9 55 61
9 56 6
9 57 55
9 58 37
9 59 49
9 60 35
9 61 30
9 62 56
9 63 25
9 64 68
9 65 23
9 66 59
9 67 7
9 68 76
9 69 65
9 70 33
9 71 39
9 72 57
9 73 36
9 74 62
9 75 20
9 76 29
9 77 63
9 78 58
9 79 15
9 80 66
9 81 49
9 82 32
9 83 60
9 84 88
9 85 63
9 86 25
9 87 67
9 88 11
9 89 50
9 90 39
10 1 25
10 2 61
10 3 39
10 4 76
10 5 14
10 6 2
10 7 38
10 8 36
10 9 41
10 10 -1
10 11 12
10 12 7
10 13 37
10 14 57
10 15 30
10 16 27
10 17 42
10 18 67
10 19 42
10 20 11
10 21 19
10 22 39
10 23 82
10 24 45
10 25 47
10 26 54
10 27 25
10 28 58
10 29 24
10 30 34
10 31 67
10 32 72
10 33 32
10 34 51
10 35 52
10 36 67
10 37 43
10 38 20
10 39 58
10 40 26
10 41 59
10 42 29
10 43 46
10 44 35
10 45 41
10 46 52
10 47 78
10 48 34
10 49 19
10 50 28
10 51 60
10 52 51
10 53 19
10 54 34
10 55 49
10 56 46
10 57 41
10 58 9
10 59 15
10 60 21
10 61 31
10 62 34
10 63 25
10 64 28
10 65 22
10 66 21
10 67 47
10 68 35
10 69 32
10 70 38
10 71 47
10 72 32
10 73 55
10 74 25
10 75 43
10 76 30
10 77 33
10 78 48
10 79 45
10 80 29
10 81 66
10 82 28
10 83 35
10 84 56
10 85 55
10 86 18
10 87 60
10 88 51
10 89 18
10 90 29
11 1 22
11 2 57
11 3 36
11 4 74
11 5 2
11 6 10
11 7 45
11 8 39
11 9 51
11 10 12
11 11 -1
11 12 15
11 13 27
11 14 54
11 15 20
11 16 38
11 17 30
11 18 69
11 19 49
11 20 15
11 21 31
11 22 51
11 23 81
11 24 35
11 25 55
11 26 45
11 27 35
11 28 58
11 29 25
11 30 24
11 31 64
11 32 71
11 33 20
11 34 43
11 35 40
11 36 66
11 37 40
11 38 32
11 39 46
11 40 27
11 41 48
11 42 28
11 43 34
11 44 47
11 45 29
11 46 54
11 47 77
11 48 24
11 49 15
11 50 38
11 51 58
11 52 62
11 53 8
11 54 46
11 55 43
11 56 56
11 57 36
11 58 21
11 59 7
11 60 33
11 61 43
11 62 27
11 63 37
11 64 25
11 65 34
11 66 24
11 67 57
11 68 24
11 69 34
11 70 40
11 71 48
11 72 23
11 73 58
11 74 13
11 75 55
11 76 34
11 77 23
11 78 44
11 79 52
11 80 30
11 81 68
11 82 30
11 83 42
11 84 44
11 85 50
11 86 26
11 87 55
11 88 61
11 89 25
11 90 40
12 1 19
12 2 68
12 3 46
12 4 84
12 5 17
12 6 8
12 7 44
12 8 28
12 9 46
12 10 7
12 11 15
12 12 -1
12 13 42
12 14 65
12 15 35
12 16 33
12 17 42
12 18 74
12 19 49
12 20 19
12 21 21
12 22 40
12 23 90
12 24 50
12 25 53
12 26 60
12 27 20
12 28 65
12 29 31
12 30 32
12 31 74
12 32 79
12 33 31
12 34 57
12 35 54
12 36 75
12 37 50
12 38 23
12 39 60
12 40 34
12 41 63
12 42 22
12 43 47
12 44 36
12 45 43
12 46 59
12 47 86
12 48 39
12 49 13
12 50 23
12 51 68
12 52 55
12 53 23
12 54 36
12 55 55
12 56 52
12 57 48
12 58 9
12 59 20
12 60 20
12 61 31
12 62 40
12 63 26
12 64 22
12 65 25
12 66 14
12 67 51
12 68 34
12 69 24
12 70 46
12 71 55
12 72 37
12 73 63
12 74 27
12 75 45
12 76 38
12 77 38
12 78 55
12 79 51
12 80 21
12 81 74
12 82 36
12 83 28
12 84 59
12 85 62
12 86 24
12 87 68
12 88 55
12 89 10
12 90 26
13 1 44
13 2 42
13 3 29
13 4 62
13 5 25
13 6 35
13 7 56
13 8 63
13 9 67
13 10 37
13 11 27
13 12 42
13 13 -1
13 14 42
13 15 9
13 16 56
13 17 23
13 18 66
13 19 58
13 20 33
13 21 54
13 22 75
13 23 69
13 24 11
13 25 68
13 26 22
13 27 62
13 28 52
13 29 32
13 30 29
13 31 50
13 32 62
13 33 24
13 34 21
13 35 22
13 36 57
13 37 32
13 38 55
13 39 24
13 40 34
13 41 21
13 42 50
13 43 20
13 44 70
13 45 10
13 46 52
13 47 65
13 48 7
13 49 38
13 50 65
13 51 46
13 52 79
13 53 19
13 54 67
13 55 26
13 56 70
13 57 23
13 58 47
13 59 22
13 60 59
13 61 68
13 62 14
13 63 61
13 64 45
13 65 57
13 66 49
13 67 74
13 68 26
13 69 59
13 70 42
13 71 46
13 72 11
13 73 59
13 74 17
13 75 78
13 76 41
13 77 4
13 78 29
13 79 62
13 80 54
13 81 65
13 82 36
13 83 68
13 84 20
13 85 33
13 86 44
13 87 38
13 88 79
13 89 52
13 90 67
14 1 77
14 2 5
14 3 18
14 4 20
14 5 53
14 6 56
14 7 43
14 8 92
14 9 58
14 10 57
14 11 54
14 12 65
14 13 42
14 14 -1
14 15 38
14 16 54
14 17 65
14 18 28
14 19 41
14 20 46
14 21 62
14 22 77
14 23 27
14 24 33
14 25 52
14 26 27
14 27 80
14 28 14
14 29 34
14 30 69
14 31 9
14 32 20
14 33 63
14 34 25
14 35 62
14 36 16
14 37 14
14 38 62
14 39 61
14 40 32
14 41 48
14 42 82
14 43 61
14 44 73
14 45 51
14 46 21
14 47 23
14 48 36
14 49 70
14 50 83
14 51 4
14 52 69
14 53 49
14 54 68
14 55 16
14 56 57
14 57 19
14 58 63
14 59 47
14 60 73
14 61 77
14 62 29
14 63 69
14 64 79
14 65 64
14 66 77
14 67 64
14 68 67
14 69 88
14 70 25
14 71 19
14 72 34
14 73 28
14 74 53
14 75 77
14 76 32
14 77 41
14 78 12
14 79 44
14 80 84
14 81 26
14 82 31
14 83 92
14 84 55
14 85 10
14 86 48
14 87 10
14 88 68
14 89 75
14 90 80
15 1 41
15 2 39
15 3 22
15 4 58
15 5 19
15 6 28
15 7 46
15 8 59
15 9 57
15 10 30
15 11 20
15 12 35
15 13 9
15 14 38
15 15 -1
15 16 46
15 17 29
15 18 59
15 19 48
15 20 23
15 21 45
15 22 65
15 23 65
15 24 15
15 25 58
15 26 25
15 27 55
15 28 45
15 29 22
15 30 31
15 31 47
15 32 57
15 33 26
15 34 22
15 35 31
15 36 52
15 37 25
15 38 46
15 39 34
15 40 24
15 41 30
15 42 47
15 43 27
15 44 61
15 45 18
15 46 45
15 47 61
15 48 4
15 49 34
15 50 58
15 51 42
15 52 70
15 53 13
15 54 58
15 55 24
15 56 61
15 57 18
15 58 39
15 59 15
15 60 51
15 61 60
15 62 8
15 63 52
15 64 43
15 65 48
15 66 44
15 67 65
15 68 29
15 69 55
15 70 33
15 71 39
15 72 3
15 73 51
15 74 15
15 75 68
15 76 31
15 77 5
15 78 26
15 79 52
15 80 50
15 81 58
15 82 27
15 83 63
15 84 30
15 85 31
15 86 34
15 87 36
15 88 69
15 89 45
15 90 59
16 1 52
16 2 59
16 3 40
16 4 68
16 5 39
16 6 29
16 7 15
16 8 57
16 9 13
16 10 27
16 11 38
16 12 33
16 13 56
16 14 54
16 15 46
16 16 -1
16 17 67
16 18 51
16 19 20
16 20 24
16 21 14
16 22 23
16 23 72
16 24 58
16 25 20
16 26 64
16 27 34
16 28 48
16 29 26
16 30 61
16 31 62
16 32 61
16 33 58
16 34 61
16 35 75
16 36 57
16 37 43
16 38 12
16 39 79
16 40 25
16 41 76
16 42 55
16 43 70
16 44 19
16 45 62
16 46 38
16 47 69
16 48 49
16 49 46
16 50 36
16 51 55
16 52 24
16 53 42
16 54 14
16 55 53
16 56 19
16 57 47
16 58 24
16 59 36
16 60 25
16 61 24
16 62 46
16 63 17
16 64 55
16 65 12
16 66 46
16 67 19
16 68 62
16 69 53
16 70 29
16 71 36
16 72 46
16 73 38
16 74 49
16 75 23
16 76 22
16 77 51
16 78 51
16 79 21
16 80 53
16 81 51
16 82 24
16 83 50
16 84 76
16 85 57
16 86 12
16 87 62
16 88 23
16 89 37
16 90 31
17 1 34
17 2 65
17 3 51
17 4 85
17 5 28
17 6 40
17 7 72
17 8 53
17 9 81
17 10 42
17 11 30
17 12 42
17 13 23
17 14 65
17 15 29
17 16 67
17 17 -1
17 18 88
17 19 75
17 20 43
17 21 61
17 22 82
17 23 92
17 24 33
17 25 84
17 26 43
17 27 61
17 28 74
17 29 48
17 30 13
17 31 74
17 32 85
17 33 11
17 34 43
17 35 14
17 36 80
17 37 54
17 38 62
17 39 21
17 40 51
17 41 32
17 42 39
17 43 7
17 44 77
17 45 13
17 46 74
17 47 88
17 48 29
17 49 31
17 50 63
17 51 69
17 52 92
17 53 25
17 54 76
17 55 49
17 56 85
17 57 45
17 58 51
17 59 31
17 60 62
17 61 73
17 62 36
17 63 67
17 64 34
17 65 65
17 66 42
17 67 87
17 68 9
17 69 50
17 70 62
17 71 68
17 72 32
17 73 80
17 74 18
17 75 86
17 76 58
17 77 24
17 78 52
17 79 79
17 80 44
17 81 87
17 82 54
17 83 62
17 84 23
17 85 56
17 86 56
17 87 61
17 88 91
17 89 49
17 90 68
18 1 91
18 2 31
18 3 37
18 4 24
18 5 69
18 6 67
18 7 36
18 8 103
18 9 48
18 10 67
18 11 69
18 12 74
18 13 66
18 14 28
18 15 59
18 16 51
18 17 88
18 18 -1
18 19 31
18 20 56
18 21 64
18 22 71
18 23 25
18 24 59
18 25 39
18 26 55
18 27 84
18 28 14
18 29 44
18 30 89
18 31 26
18 32 15
18 33 84
18 34 52
18 35 87
18 36 15
18 37 34
18 38 63
18 39 87
18 40 41
18 41 75
18 42 96
18 43 86
18 44 68
18 45 76
18 46 15
18 47 23
18 48 59
18 49 84
18 50 86
18 51 25
18 52 56
18 53 66
18 54 63
18 55 42
18 56 44
18 57 43
18 58 69
18 59 62
18 60 75
18 61 75
18 62 52
18 63 68
18 64 94
18 65 63
18 66 89
18 67 52
18 68 87
18 69 99
18 70 28
18 71 20
18 72 56
18 73 12
18 74 73
18 75 69
18 76 36
18 77 64
18 78 38
18 79 32
18 80 96
18 81 1
18 82 38
18 83 99
18 84 82
18 85 38
18 86 51
18 87 38
18 88 55
18 89 83
18 90 82
19 1 67
19 2 46
19 3 33
19 4 50
19 5 50
19 6 43
19 7 5
19 8 76
19 9 18
19 10 42
19 11 49
19 12 49
19 13 58
19 14 41
19 15 48
19 16 20
19 17 75
19 18 31
19 19 -1
19 20 34
19 21 34
19 22 40
19 23 54
19 24 56
19 25 12
19 26 59
19 27 54
19 28 31
19 29 26
19 30 72
19 31 47
19 32 43
19 33 68
19 34 55
19 35 80
19 36 39
19 37 34
19 38 32
19 39 82
19 40 24
19 41 75
19 42 71
19 43 76
19 44 37
19 45 67
19 46 21
19 47 51
19 48 50
19 49 61
19 50 57
19 51 41
19 52 28
19 53 50
19 54 31
19 55 46
19 56 16
19 57 41
19 58 42
19 59 44
19 60 45
19 61 44
19 62 45
19 63 37
19 64 70
19 65 33
19 66 63
19 67 24
19 68 72
19 69 72
19 70 18
19 71 21
19 72 47
19 73 18
19 74 57
19 75 38
19 76 17
19 77 54
19 78 42
19 79 4
19 80 71
19 81 31
19 82 21
19 83 70
19 84 78
19 85 47
19 86 24
19 87 50
19 88 27
19 89 56
19 90 51
20 1 35
20 2 50
20 3 28
20 4 65
20 5 16
20 6 10
20 7 30
20 8 47
20 9 37
20 10 11
20 11 15
20 12 19
20 13 33
20 14 46
20 15 23
20 16 24
20 17 43
20 18 56
20 19 34
20 20 -1
20 21 21
20 22 42
20 23 71
20 24 37
20 25 40
20 26 46
20 27 34
20 28 46
20 29 12
20 30 39
20 31 56
20 32 60
20 33 35
20 34 43
20 35 51
20 36 55
20 37 32
20 38 22
20 39 56
20 40 15
20 41 54
20 42 39
20 43 46
20 44 37
20 45 38
20 46 41
20 47 67
20 48 27
20 49 28
20 50 37
20 51 49
20 52 48
20 53 18
20 54 34
20 55 39
20 56 41
20 57 31
20 58 17
20 59 12
20 60 29
20 61 36
20 62 26
20 63 29
20 64 37
20 65 24
20 66 33
20 67 43
20 68 39
20 69 43
20 70 27
20 71 36
20 72 24
20 73 44
20 74 25
20 75 44
20 76 20
20 77 28
20 78 38
20 79 37
20 80 40
20 81 55
20 82 17
20 83 46
20 84 53
20 85 44
20 86 12
20 87 50
20 88 48
20 89 29
20 90 37
21 1 40
21 2 67
21 3 46
21 4 79
21 5 33
21 6 21
21 7 29
21 8 43
21 9 26
21 10 19
21 11 31
21 12 21
21 13 54
21 14 62
21 15 45
21 16 14
21 17 61
21 18 64
21 19 34
21 20 21
21 21 -1
21 22 20
21 23 84
21 24 59
21 25 34
21 26 67
21 27 20
21 28 59
21 29 30
21 30 53
21 31 71
21 32 73
21 33 51
21 34 64
21 35 71
21 36 68
21 37 50
21 38 2
21 39 76
21 40 30
21 41 76
21 42 42
21 43 65
21 44 16
21 45 59
21 46 50
21 47 80
21 48 49
21 49 35
21 50 22
21 51 65
21 52 33
21 53 37
21 54 15
21 55 59
21 56 32
21 57 52
21 58 11
21 59 32
21 60 11
21 61 15
21 62 47
21 63 7
21 64 42
21 65 3
21 66 33
21 67 30
21 68 54
21 69 39
21 70 39
21 71 47
21 72 46
21 73 51
21 74 44
21 75 24
21 76 30
21 77 50
21 78 57
21 79 35
21 80 40
21 81 64
21 82 31
21 83 35
21 84 74
21 85 63
21 86 14
21 87 69
21 88 33
21 89 24
21 90 18
22 1 57
22 2 82
22 3 63
22 4 90
22 5 54
22 6 41
22 7 36
22 8 54
22 9 23
22 10 39
22 11 51
22 12 40
22 13 75
22 14 77
22 15 65
22 16 23
22 17 82
22 18 71
22 19 40
22 20 42
22 21 20
22 22 -1
22 23 94
22 24 79
22 25 33
22 26 86
22 27 28
22 28 70
22 29 47
22 30 73
22 31 85
22 32 83
22 33 71
22 34 82
22 35 92
22 36 79
22 37 66
22 38 19
22 39 97
22 40 47
22 41 96
22 42 57
22 43 86
22 44 4
22 45 80
22 46 60
22 47 91
22 48 69
22 49 54
22 50 29
22 51 78
22 52 22
22 53 58
22 54 9
22 55 76
22 56 29
22 57 69
22 58 31
22 59 53
22 60 21
22 61 11
22 62 67
22 63 14
22 64 59
22 65 17
22 66 48
22 67 22
22 68 75
22 69 51
22 70 52
22 71 59
22 72 66
22 73 59
22 74 64
22 75 6
22 76 45
22 77 70
22 78 74
22 79 38
22 80 54
22 81 72
22 82 47
22 83 43
22 84 95
22 85 80
22 86 32
22 87 85
22 88 23
22 89 39
22 90 21
23 1 104
23 2 26
23 3 45
23 4 7
23 5 81
23 6 82
23 7 58
23 8 118
23 9 72
23 10 82
23 11 81
23 12 90
23 13 69
23 14 27
23 15 65
23 16 72
23 17 92
23 18 25
23 19 54
23 20 71
23 21 84
23 22 94
23 23 -1
23 24 59
23 25 63
23 26 52
23 27 103
23 28 25
23 29 58
23 30 97
23 31 18
23 32 11
23 33 91
23 34 50
23 35 88
23 36 15
23 37 41
23 38 83
23 39 86
23 40 56
23 41 72
23 42 109
23 43 88
23 44 91
23 45 79
23 46 34
23 47 4
23 48 64
23 49 97
23 50 106
23 51 23
23 52 80
23 53 76
23 54 85
23 55 43
23 56 69
23 57 47
23 58 87
23 59 74
23 60 95
23 61 97
23 62 57
23 63 89
23 64 106
23 65 84
23 66 104
23 67 77
23 68 94
23 69 114
23 70 45
23 71 36
23 72 62
23 73 35
23 74 81
23 75 92
23 76 53
23 77 69
23 78 39
23 79 56
23 80 111
23 81 24
23 82 54
23 83 117
23 84 80
23 85 36
23 86 70
23 87 32
23 88 79
23 89 100
23 90 102
24 1 55
24 2 32
24 3 24
24 4 52
24 5 33
24 6 43
24 7 55
24 8 73
24 9 68
24 10 45
24 11 35
24 12 50
24 13 11
24 14 33
24 15 15
24 16 58
24 17 33
24 18 59
24 19 56
24 20 37
24 21 59
24 22 79
24 23 59
24 24 -1
24 25 67
24 26 10
24 27 70
24 28 44
24 29 32
24 30 41
24 31 41
24 32 53
24 33 35
24 34 10
24 35 29
24 36 49
24 37 25
24 38 60
24 39 28
24 40 34
24 41 19
24 42 60
24 43 29
24 44 74
24 45 19
24 46 47
24 47 55
24 48 11
24 49 48
24 50 73
24 51 37
24 52 81
24 53 27
24 54 71
24 55 17
24 56 70
24 57 16
24 58 54
24 59 30
24 60 66
24 61 74
24 62 12
24 63 66
24 64 56
24 65 62
24 66 59
24 67 76
24 68 37
24 69 69
24 70 39
24 71 41
24 72 13
24 73 54
24 74 27
24 75 81
24 76 40
24 77 13
24 78 21
24 79 60
24 80 64
24 81 57
24 82 36
24 83 77
24 84 23
24 85 23
24 86 47
24 87 27
24 88 80
24 89 60
24 90 74
25 1 72
25 2 57
25 3 45
25 4 61
25 5 57
25 6 48
25 7 12
25 8 77
25 9 9
25 10 47
25 11 55
25 12 53
25 13 68
25 14 52
25 15 58
25 16 20
25 17 84
25 18 39
25 19 12
25 20 40
25 21 34
25 22 33
25 23 63
25 24 67
25 25 -1
25 26 71
25 27 53
25 28 42
25 29 36
25 30 79
25 31 58
25 32 53
25 33 75
25 34 67
25 35 89
25 36 50
25 37 46
25 38 32
25 39 93
25 40 34
25 41 86
25 42 75
25 43 85
25 44 31
25 45 76
25 46 32
25 47 61
25 48 61
25 49 66
25 50 55
25 51 52
25 52 17
25 53 58
25 54 26
25 55 58
25 56 5
25 57 53
25 58 44
25 59 52
25 60 44
25 61 40
25 62 55
25 63 34
25 64 75
25 65 31
25 66 66
25 67 13
25 68 80
25 69 73
25 70 30
25 71 33
25 72 57
25 73 28
25 74 65
25 75 30
25 76 27
25 77 64
25 78 54
25 79 8
25 80 73
25 81 40
25 82 31
25 83 69
25 84 88
25 85 59
25 86 29
25 87 62
25 88 16
25 89 58
25 90 48
26 1 65
26 2 26
26 3 25
26 4 45
26 5 44
26 6 52
26 7 59
26 8 84
26 9 73
26 10 54
26 11 45
26 12 60
26 13 22
26 14 27
26 15 25
26 16 64
26 17 43
26 18 55
26 19 59
26 20 46
26 21 67
26 22 86
26 23 52
26 24 10
26 25 71
26 26 -1
26 27 79
26 28 41
26 29 38
26 30 51
26 31 34
26 32 47
26 33 46
26 34 3
26 35 36
26 36 43
26 37 25
26 38 67
26 39 34
26 40 39
26 41 20
26 42 71
26 43 38
26 44 82
26 45 29
26 46 46
26 47 48
26 48 21
26 49 59
26 50 82
26 51 31
26 52 85
26 53 38
26 54 77
26 55 13
26 56 74
26 57 17
26 58 63
26 59 39
26 60 75
26 61 82
26 62 20
26 63 74
26 64 67
26 65 69
26 66 69
26 67 80
26 68 48
26 69 80
26 70 41
26 71 41
26 72 22
26 73 53
26 74 38
26 75 87
26 76 44
26 77 24
26 78 18
26 79 63
26 80 75
26 81 54
26 82 40
26 83 88
26 84 28
26 85 17
26 86 54
26 87 20
26 88 84
26 89 70
26 90 83
27 1 31
27 2 84
27 3 62
27 4 97
27 5 37
27 6 27
27 7 49
27 8 26
27 9 44
27 10 25
27 11 35
27 12 20
27 13 62
27 14 80
27 15 55
27 16 34
27 17 61
27 18 84
27 19 54
27 20 34
27 21 20
27 22 28
27 23 103
27 24 70
27 25 53
27 26 79
27 27 -1
27 28 78
27 29 46
27 30 50
27 31 89
27 32 92
27 33 50
27 34 76
27 35 74
27 36 87
27 37 66
27 38 21
27 39 80
27 40 47
27 41 83
27 42 30
27 43 67
27 44 26
27 45 64
27 46 70
27 47 99
27 48 59
27 49 30
27 50 3
27 51 82
27 52 49
27 53 43
27 54 29
27 55 73
27 56 50
27 57 66
27 58 16
27 59 40
27 60 8
27 61 17
27 62 59
27 63 18
27 64 33
27 65 21
27 66 22
27 67 46
27 68 53
27 69 23
27 70 58
27 71 66
27 72 57
27 73 71
27 74 47
27 75 34
27 76 49
27 77 58
27 78 72
27 79 55
27 80 26
27 81 84
27 82 48
27 83 16
27 84 79
27 85 79
27 86 32
27 87 84
27 88 49
27 89 12
27 90 8
28 1 80
28 2 18
28 3 23
28 4 20
28 5 58
28 6 57
28 7 34
28 8 94
28 9 49
28 10 58
28 11 58
28 12 65
28 13 52
28 14 14
28 15 45
28 16 48
28 17 74
28 18 14
28 19 31
28 20 46
28 21 59
28 22 70
28 23 25
28 24 44
28 25 42
28 26 41
28 27 78
28 28 -1
28 29 34
28 30 76
28 31 16
28 32 14
28 33 71
28 34 38
28 35 73
28 36 9
28 37 20
28 38 58
28 39 73
28 40 31
28 41 61
28 42 85
28 43 72
28 44 67
28 45 62
28 46 10
28 47 21
28 48 45
28 49 73
28 50 81
28 51 12
28 52 59
28 53 54
28 54 61
28 55 28
28 56 47
28 57 29
28 58 62
28 59 51
28 60 70
28 61 72
28 62 38
28 63 64
28 64 83
28 65 59
28 66 79
28 67 55
28 68 74
28 69 90
28 70 20
28 71 11
28 72 42
28 73 15
28 74 60
28 75 69
28 76 28
28 77 50
28 78 23
28 79 34
28 80 87
28 81 13
28 82 29
28 83 92
28 84 67
28 85 24
28 86 45
28 87 24
28 88 58
28 89 75
28 90 77
29 1 46
29 2 38
29 3 16
29 4 52
29 5 25
29 6 23
29 7 24
29 8 60
29 9 36
29 10 24
29 11 25
29 12 31
29 13 32
29 14 34
29 15 22
29 16 26
29 17 48
29 18 44
29 19 26
29 20 12
29 21 30
29 22 47
29 23 58
29 24 32
29 25 36
29 26 38
29 27 46
29 28 34
29 29 -1
29 30 47
29 31 43
29 32 48
29 33 42
29 34 35
29 35 53
29 36 43
29 37 20
29 38 30
29 39 56
29 40 3
29 41 51
29 42 51
29 43 49
29 44 43
29 45 40
29 46 29
29 47 54
29 48 24
29 49 39
29 50 49
29 51 36
29 52 48
29 53 24
29 54 39
29 55 29
29 56 38
29 57 22
29 58 29
29 59 19
29 60 39
29 61 45
29 62 20
29 63 37
29 64 49
29 65 32
29 66 45
29 67 43
29 68 46
29 69 55
29 70 15
29 71 23
29 72 21
29 73 33
29 74 31
29 75 49
29 76 10
29 77 28
29 78 27
29 79 30
29 80 53
29 81 43
29 82 6
29 83 58
29 84 52
29 85 33
29 86 16
29 87 39
29 88 47
29 89 41
29 90 47
30 1 21
30 2 71
30 3 53
30 4 90
30 5 22
30 6 32
30 7 69
30 8 40
30 9 75
30 10 34
30 11 24
30 12 32
30 13 29
30 14 69
30 15 31
30 16 61
30 17 13
30 18 89
30 19 72
30 20 39
30 21 53
30 22 73
30 23 97
30 24 41
30 25 79
30 26 51
30 27 50
30 28 76
30 29 47
30 30 -1
30 31 79
30 32 88
30 33 5
30 34 50
30 35 27
30 36 84
30 37 57
30 38 54
30 39 34
30 40 50
30 41 44
30 42 26
30 43 20
30 44 69
30 45 23
30 46 74
30 47 93
30 48 33
30 49 20
30 50 52
30 51 73
30 52 85
30 53 23
30 54 68
30 55 55
30 56 80
30 57 50
30 58 42
30 59 28
30 60 52
30 61 63
30 62 39
30 63 59
30 64 21
30 65 56
30 66 30
30 67 81
30 68 4
30 69 37
30 70 62
30 71 68
30 72 35
30 73 80
30 74 16
30 75 77
30 76 57
30 77 28
30 78 57
30 79 76
30 80 31
30 81 88
30 82 53
30 83 49
30 84 35
30 85 62
30 86 50
30 87 67
30 88 85
30 89 37
30 90 57
31 1 87
31 2 8
31 3 28
31 4 11
31 5 63
31 6 66
31 7 50
31 8 102
31 9 65
31 10 67
31 11 64
31 12 74
31 13 50
31 14 9
31 15 47
31 16 62
31 17 74
31 18 26
31 19 47
31 20 56
31 21 71
31 22 85
31 23 18
31 24 41
31 25 58
31 26 34
31 27 89
31 28 16
31 29 43
31 30 79
31 31 -1
31 32 13
31 33 73
31 34 32
31 35 69
31 36 12
31 37 24
31 38 71
31 39 68
31 40 42
31 41 54
31 42 92
31 43 70
31 44 81
31 45 60
31 46 26
31 47 14
31 48 45
31 49 79
31 50 92
31 51 6
31 52 75
31 53 59
31 54 76
31 55 24
31 56 63
31 57 29
31 58 73
31 59 57
31 60 82
31 61 85
31 62 39
31 63 77
31 64 89
31 65 72
31 66 87
31 67 71
31 68 76
31 69 98
31 70 32
31 71 26
31 72 43
31 73 31
31 74 63
31 75 84
31 76 41
31 77 50
31 78 21
31 79 50
31 80 94
31 81 25
31 82 40
31 83 102
31 84 62
31 85 17
31 86 57
31 87 14
31 88 74
31 89 85
31 90 90
32 1 94
32 2 21
32 3 35
32 4 8
32 5 71
32 6 71
32 7 47
32 8 108
32 9 61
32 10 72
32 11 71
32 12 79
32 13 62
32 14 20
32 15 57
32 16 61
32 17 85
32 18 15
32 19 43
32 20 60
32 21 73
32 22 83
32 23 11
32 24 53
32 25 53
32 26 47
32 27 92
32 28 14
32 29 48
32 30 88
32 31 13
32 32 -1
32 33 83
32 34 45
32 35 82
32 36 5
32 37 31
32 38 72
32 39 81
32 40 45
32 41 67
32 42 99
32 43 81
32 44 80
32 45 72
32 46 22
32 47 8
32 48 56
32 49 87
32 50 95
32 51 16
32 52 70
32 53 67
32 54 74
32 55 36
32 56 58
32 57 39
32 58 76
32 59 64
32 60 84
32 61 85
32 62 49
32 63 78
32 64 96
32 65 73
32 66 93
32 67 66
32 68 86
32 69 104
32 70 34
32 71 25
32 72 53
32 73 25
32 74 72
32 75 81
32 76 42
32 77 61
32 78 32
32 79 45
32 80 101
32 81 14
32 82 43
32 83 106
32 84 75
32 85 30
32 86 59
32 87 27
32 88 69
32 89 89
32 90 91
33 1 24
33 2 65
33 3 47
33 4 84
33 5 18
33 6 30
33 7 65
33 8 43
33 9 72
33 10 32
33 11 20
33 12 31
33 13 24
33 14 63
33 15 26
33 16 58
33 17 11
33 18 84
33 19 68
33 20 35
33 21 51
33 22 71
33 23 91
33 24 35
33 25 75
33 26 46
33 27 50
33 28 71
33 29 42
33 30 5
33 31 73
33 32 83
33 33 -1
33 34 45
33 35 24
33 36 78
33 37 51
33 38 52
33 39 31
33 40 45
33 41 39
33 42 29
33 43 17
33 44 67
33 45 18
33 46 69
33 47 87
33 48 27
33 49 20
33 50 52
33 51 68
33 52 82
33 53 18
33 54 66
33 55 49
33 56 76
33 57 44
33 58 40
33 59 23
33 60 51
33 61 62
33 62 34
33 63 57
33 64 24
33 65 54
33 66 31
33 67 78
33 68 4
33 69 40
33 70 57
33 71 63
33 72 29
33 73 75
33 74 11
33 75 75
33 76 52
33 77 23
33 78 51
33 79 71
33 80 34
33 81 83
33 82 48
33 83 51
33 84 32
33 85 56
33 86 47
33 87 61
33 88 82
33 89 38
33 90 57
34 1 64
34 2 24
34 3 22
34 4 43
34 5 42
34 6 49
34 7 55
34 8 82
34 9 69
34 10 51
34 11 43
34 12 57
34 13 21
34 14 25
34 15 22
34 16 61
34 17 43
34 18 52
34 19 55
34 20 43
34 21 64
34 22 82
34 23 50
34 24 10
34 25 67
34 26 3
34 27 76
34 28 38
34 29 35
34 30 50
34 31 32
34 32 45
34 33 45
34 34 -1
34 35 37
34 36 41
34 37 21
34 38 64
34 39 36
34 40 36
34 41 23
34 42 69
34 43 38
34 44 78
34 45 29
34 46 42
34 47 46
34 48 19
34 49 57
34 50 79
34 51 29
34 52 81
34 53 36
34 54 74
34 55 10
34 56 71
34 57 13
34 58 60
34 59 37
34 60 72
34 61 79
34 62 17
34 63 71
34 64 65
34 65 66
34 66 67
34 67 76
34 68 47
34 69 78
34 70 37
34 71 37
34 72 19
34 73 49
34 74 37
34 75 84
34 76 40
34 77 22
34 78 14
34 79 59
34 80 73
34 81 51
34 82 37
34 83 85
34 84 30
34 85 15
34 86 50
34 87 18
34 88 81
34 89 68
34 90 80
35 1 48
35 2 61
35 3 51
35 4 81
35 5 38
35 6 50
35 7 78
35 8 67
35 9 88
35 10 52
35 11 40
35 12 54
35 13 22
35 14 62
35 15 31
35 16 75
35 17 14
35 18 87
35 19 80
35 20 51
35 21 71
35 22 92
35 23 88
35 24 29
35 25 89
35 26 36
35 27 74
35 28 73
35 29 53
35 30 27
35 31 69
35 32 82
35 33 24
35 34 37
35 35 -1
35 36 78
35 37 53
35 38 72
35 39 7
35 40 55
35 41 20
35 42 53
35 43 7
35 44 87
35 45 13
35 46 74
35 47 84
35 48 29
35 49 45
35 50 76
35 51 66
35 52 100
35 53 34
35 54 85
35 55 46
35 56 91
35 57 44
35 58 61
35 59 39
35 60 73
35 61 84
35 62 36
35 63 78
35 64 48
35 65 74
35 66 55
35 67 95
35 68 23
35 69 64
35 70 64
35 71 68
35 72 33
35 73 81
35 74 27
35 75 95
35 76 63
35 77 25
35 78 50
35 79 84
35 80 58
35 81 86
35 82 58
35 83 75
35 84 10
35 85 52
35 86 63
35 87 56
35 88 99
35 89 61
35 90 80
36 1 89
36 2 18
36 3 30
36 4 11
36 5 66
36 6 66
36 7 43
36 8 103
36 9 57
36 10 67
36 11 66
36 12 75
36 13 57
36 14 16
36 15 52
36 16 57
36 17 80
36 18 15
36 19 39
36 20 55
36 21 68
36 22 79
36 23 15
36 24 49
36 25 50
36 26 43
36 27 87
36 28 9
36 29 43
36 30 84
36 31 12
36 32 5
36 33 78
36 34 41
36 35 78
36 36 -1
36 37 26
36 38 67
36 39 77
36 40 41
36 41 64
36 42 94
36 43 77
36 44 76
36 45 67
36 46 18
36 47 12
36 48 51
36 49 82
36 50 90
36 51 12
36 52 67
36 53 62
36 54 70
36 55 32
36 56 55
36 57 34
36 58 71
36 59 59
36 60 79
36 61 81
36 62 44
36 63 73
36 64 91
36 65 68
36 66 88
36 67 63
36 68 81
36 69 99
36 70 29
36 71 21
36 72 49
36 73 22
36 74 67
36 75 77
36 76 38
36 77 56
36 78 28
36 79 42
36 80 96
36 81 13
36 82 38
36 83 101
36 84 71
36 85 26
36 86 54
36 87 24
36 88 66
36 89 84
36 90 86
37 1 63
37 2 17
37 3 4
37 4 34
37 5 40
37 6 42
37 7 34
37 8 78
37 9 49
37 10 43
37 11 40
37 12 50
37 13 32
37 14 14
37 15 25
37 16 43
37 17 54
37 18 34
37 19 34
37 20 32
37 21 50
37 22 66
37 23 41
37 24 25
37 25 46
37 26 25
37 27 66
37 28 20
37 29 20
37 30 57
37 31 24
37 32 31
37 33 51
37 34 21
37 35 53
37 36 26
37 37 -1
37 38 49
37 39 54
37 40 19
37 41 43
37 42 68
37 43 52
37 44 62
37 45 42
37 46 21
37 47 36
37 48 25
37 49 56
37 50 69
37 51 17
37 52 61
37 53 35
37 54 57
37 55 12
37 56 50
37 57 9
37 58 49
37 59 33
37 60 59
37 61 64
37 62 18
37 63 56
37 64 65
37 65 51
37 66 63
37 67 56
37 68 55
37 69 74
37 70 16
37 71 16
37 72 22
37 73 28
37 74 40
37 75 66
37 76 21
37 77 30
37 78 8
37 79 38
37 80 70
37 81 33
37 82 19
37 83 78
37 84 48
37 85 14
37 86 35
37 87 19
37 88 60
37 89 61
37 90 67
38 1 41
38 2 66
38 3 46
38 4 78
38 5 34
38 6 22
38 7 27
38 8 45
38 9 24
38 10 20
38 11 32
38 12 23
38 13 55
38 14 62
38 15 46
38 16 12
38 17 62
38 18 63
38 19 32
38 20 22
38 21 2
38 22 19
38 23 83
38 24 60
38 25 32
38 26 67
38 27 21
38 28 58
38 29 30
38 30 54
38 31 71
38 32 72
38 33 52
38 34 64
38 35 72
38 36 67
38 37 49
38 38 -1
38 39 77
38 40 30
38 41 77
38 42 44
38 43 66
38 44 15
38 45 60
38 46 49
38 47 79
38 48 49
38 49 37
38 50 24
38 51 64
38 52 32
38 53 38
38 54 13
38 55 59
38 56 30
38 57 52
38 58 13
38 59 33
38 60 12
38 61 15
38 62 48
38 63 7
38 64 44
38 65 2
38 66 35
38 67 28
38 68 56
38 69 41
38 70 38
38 71 46
38 72 47
38 73 50
38 74 45
38 75 23
38 76 30
38 77 50
38 78 57
38 79 33
38 80 42
38 81 63
38 82 30
38 83 37
38 84 75
38 85 63
38 86 14
38 87 68
38 88 31
38 89 26
38 90 19
39 1 55
39 2 60
39 3 52
39 4 79
39 5 43
39 6 55
39 7 81
39 8 74
39 9 92
39 10 58
39 11 46
39 12 60
39 13 24
39 14 61
39 15 34
39 16 79
39 17 21
39 18 87
39 19 82
39 20 56
39 21 76
39 22 97
39 23 86
39 24 28
39 25 93
39 26 34
39 27 80
39 28 73
39 29 56
39 30 34
39 31 68
39 32 81
39 33 31
39 34 36
39 35 7
39 36 77
39 37 54
39 38 77
39 39 -1
39 40 58
39 41 15
39 42 60
39 43 14
39 44 92
39 45 17
39 46 75
39 47 82
39 48 31
39 49 51
39 50 82
39 51 65
39 52 103
39 53 39
39 54 90
39 55 45
39 56 95
39 57 44
39 58 67
39 59 44
39 60 79
39 61 89
39 62 38
39 63 83
39 64 55
39 65 79
39 66 62
39 67 99
39 68 30
39 69 71
39 70 66
39 71 69
39 72 35
39 73 82
39 74 33
39 75 100
39 76 65
39 77 28
39 78 49
39 79 86
39 80 65
39 81 86
39 82 61
39 83 82
39 84 6
39 85 51
39 86 67
39 87 54
39 88 103
39 89 68
39 90 86
40 1 49
40 2 37
40 3 16
40 4 50
40 5 28
40 6 25
40 7 22
40 8 62
40 9 34
40 10 26
40 11 27
40 12 34
40 13 34
40 14 32
40 15 24
40 16 25
40 17 51
40 18 41
40 19 24
40 20 15
40 21 30
40 22 47
40 23 56
40 24 34
40 25 34
40 26 39
40 27 47
40 28 31
40 29 3
40 30 50
40 31 42
40 32 45
40 33 45
40 34 36
40 35 55
40 36 41
40 37 19
40 38 30
40 39 58
40 40 -1
40 41 53
40 42 54
40 43 52
40 44 43
40 45 42
40 46 26
40 47 52
40 48 27
40 49 42
40 50 50
40 51 35
40 52 46
40 53 27
40 54 38
40 55 29
40 56 36
40 57 22
40 58 31
40 59 22
40 60 40
40 61 45
40 62 22
40 63 37
40 64 52
40 65 32
40 66 48
40 67 41
40 68 49
40 69 58
40 70 13
40 71 21
40 72 23
40 73 30
40 74 34
40 75 48
40 76 7
40 77 30
40 78 27
40 79 28
40 80 55
40 81 41
40 82 3
40 83 60
40 84 54
40 85 33
40 86 16
40 87 38
40 88 45
40 89 43
40 90 48
41 1 62
41 2 46
41 3 43
41 4 65
41 5 46
41 6 57
41 7 74
41 8 82
41 9 87
41 10 59
41 11 48
41 12 63
41 13 21
41 14 48
41 15 30
41 16 76
41 17 32
41 18 75
41 19 75
41 20 54
41 21 76
41 22 96
41 23 72
41 24 19
41 25 86
41 26 20
41 27 83
41 28 61
41 29 51
41 30 44
41 31 54
41 32 67
41 33 39
41 34 23
41 35 20
41 36 64
41 37 43
41 38 77
41 39 15
41 40 53
41 41 -1
41 42 68
41 43 25
41 44 92
41 45 21
41 46 65
41 47 68
41 48 27
41 49 58
41 50 86
41 51 51
41 52 99
41 53 40
41 54 89
41 55 33
41 56 89
41 57 34
41 58 69
41 59 44
41 60 81
41 61 90
41 62 31
41 63 83
41 64 63
41 65 79
41 66 69
41 67 94
41 68 39
41 69 78
41 70 58
41 71 60
41 72 30
41 73 72
41 74 37
41 75 99
41 76 59
41 77 26
41 78 37
41 79 79
41 80 72
41 81 74
41 82 55
41 83 89
41 84 10
41 85 37
41 86 65
41 87 40
41 88 99
41 89 73
41 90 89
42 1 5
42 2 85
42 3 64
42 4 102
42 5 29
42 6 29
42 7 67
42 8 14
42 9 68
42 10 29
42 11 28
42 12 22
42 13 50
42 14 82
42 15 47
42 16 55
42 17 39
42 18 96
42 19 71
42 20 39
42 21 42
42 22 57
42 23 109
42 24 60
42 25 75
42 26 71
42 27 30
42 28 85
42 29 51
42 30 26
42 31 92
42 32 99
42 33 29
42 34 69
42 35 53
42 36 94
42 37 68
42 38 44
42 39 60
42 40 54
42 41 68
42 42 -1
42 43 46
42 44 54
42 45 47
42 46 80
42 47 105
42 48 50
42 49 12
42 50 31
42 51 86
42 52 75
42 53 34
42 54 56
42 55 71
42 56 74
42 57 64
42 58 31
42 59 35
42 60 36
42 61 47
42 62 54
42 63 45
42 64 5
42 65 45
42 66 9
42 67 72
42 68 30
42 69 11
42 70 67
42 71 75
42 72 50
42 73 84
42 74 33
42 75 63
42 76 60
42 77 47
42 78 72
42 79 74
42 80 5
42 81 95
42 82 57
42 83 24
42 84 61
42 85 77
42 86 47
42 87 83
42 88 75
42 89 18
42 90 38
43 1 41
43 2 61
43 3 49
43 4 81
43 5 32
43 6 44
43 7 73
43 8 60
43 9 83
43 10 46
43 11 34
43 12 47
43 13 20
43 14 61
43 15 27
43 16 70
43 17 7
43 18 86
43 19 76
43 20 46
43 21 65
43 22 86
43 23 88
43 24 29
43 25 85
43 26 38
43 27 67
43 28 72
43 29 49
43 30 20
43 31 70
43 32 81
43 33 17
43 34 38
43 35 7
43 36 77
43 37 52
43 38 66
43 39 14
43 40 52
43 41 25
43 42 46
43 43 -1
43 44 81
43 45 10
43 46 72
43 47 84
43 48 27
43 49 38
43 50 69
43 51 65
43 52 94
43 53 28
43 54 79
43 55 45
43 56 87
43 57 43
43 58 55
43 59 34
43 60 67
43 61 77
43 62 34
43 63 72
43 64 41
43 65 68
43 66 48
43 67 90
43 68 16
43 69 57
43 70 61
43 71 66
43 72 30
43 73 79
43 74 21
43 75 89
43 76 59
43 77 22
43 78 49
43 79 80
43 80 51
43 81 85
43 82 54
43 83 68
43 84 16
43 85 52
43 86 58
43 87 56
43 88 94
43 89 55
43 90 73
44 1 53
44 2 78
44 3 59
44 4 87
44 5 49
44 6 37
44 7 33
44 8 52
44 9 21
44 10 35
44 11 47
44 12 36
44 13 70
44 14 73
44 15 61
44 16 19
44 17 77
44 18 68
44 19 37
44 20 37
44 21 16
44 22 4
44 23 91
44 24 74
44 25 31
44 26 82
44 27 26
44 28 67
44 29 43
44 30 69
44 31 81
44 32 80
44 33 67
44 34 78
44 35 87
44 36 76
44 37 62
44 38 15
44 39 92
44 40 43
44 41 92
44 42 54
44 43 81
44 44 -1
44 45 75
44 46 57
44 47 88
44 48 65
44 49 50
44 50 27
44 51 75
44 52 23
44 53 53
44 54 5
44 55 72
44 56 27
44 57 65
44 58 27
44 59 48
44 60 18
44 61 9
44 62 62
44 63 10
44 64 56
44 65 13
44 66 45
44 67 21
44 68 70
44 69 49
44 70 48
44 71 55
44 72 62
44 73 56
44 74 60
44 75 8
44 76 41
44 77 66
44 78 70
44 79 36
44 80 51
44 81 69
44 82 43
44 83 41
44 84 90
44 85 76
44 86 27
44 87 81
44 88 23
44 89 35
44 90 19
45 1 41
45 2 52
45 3 39
45 4 71
45 5 26
45 6 38
45 7 65
45 8 60
45 9 75
45 10 41
45 11 29
45 12 43
45 13 10
45 14 51
45 15 18
45 16 62
45 17 13
45 18 76
45 19 67
45 20 38
45 21 59
45 22 80
45 23 79
45 24 19
45 25 76
45 26 29
45 27 64
45 28 62
45 29 40
45 30 23
45 31 60
45 32 72
45 33 18
45 34 29
45 35 13
45 36 67
45 37 42
45 38 60
45 39 17
45 40 42
45 41 21
45 42 47
45 43 10
45 44 75
45 45 -1
45 46 62
45 47 74
45 48 17
45 49 37
45 50 66
45 51 56
45 52 87
45 53 21
45 54 73
45 55 36
45 56 78
45 57 33
45 58 50
45 59 27
45 60 62
45 61 72
45 62 24
45 63 66
45 64 42
45 65 62
45 66 48
45 67 82
45 68 19
45 69 57
45 70 52
45 71 56
45 72 20
45 73 69
45 74 16
45 75 83
45 76 50
45 77 12
45 78 39
45 79 71
45 80 51
45 81 75
45 82 45
45 83 68
45 84 15
45 85 43
45 86 50
45 87 47
45 88 86
45 89 52
45 90 69
46 1 76
46 2 26
46 3 23
46 4 29
46 5 54
46 6 51
46 7 24
46 8 88
46 9 39
46 10 52
46 11 54
46 12 59
46 13 52
46 14 21
46 15 45
46 16 38
46 17 74
46 18 15
46 19 21
46 20 41
46 21 50
46 22 60
46 23 34
46 24 47
46 25 32
46 26 46
46 27 70
46 28 10
46 29 29
46 30 74
46 31 26
46 32 22
46 33 69
46 34 42
46 35 74
46 36 18
46 37 21
46 38 49
46 39 75
46 40 26
46 41 65
46 42 80
46 43 72
46 44 57
46 45 62
46 46 -1
46 47 30
46 48 45
46 49 68
46 50 73
46 51 21
46 52 49
46 53 51
46 54 51
46 55 32
46 56 37
46 57 31
46 58 55
46 59 47
46 60 62
46 61 63
46 62 38
46 63 55
46 64 78
46 65 50
46 66 74
46 67 45
46 68 73
46 69 84
46 70 13
46 71 6
46 72 42
46 73 7
46 74 58
46 75 59
46 76 21
46 77 50
46 78 28
46 79 24
46 80 81
46 81 14
46 82 23
46 83 84
46 84 70
46 85 30
46 86 37
46 87 32
46 88 48
46 89 69
46 90 69
47 1 99
47 2 22
47 3 40
47 4 3
47 5 76
47 6 77
47 7 55
47 8 114
47 9 69
47 10 78
47 11 77
47 12 86
47 13 65
47 14 23
47 15 61
47 16 69
47 17 88
47 18 23
47 19 51
47 20 67
47 21 80
47 22 91
47 23 4
47 24 55
47 25 61
47 26 48
47 27 99
47 28 21
47 29 54
47 30 93
47 31 14
47 32 8
47 33 87
47 34 46
47 35 84
47 36 12
47 37 36
47 38 79
47 39 82
47 40 52
47 41 68
47 42 105
47 43 84
47 44 88
47 45 74
47 46 30
47 47 -1
47 48 59
47 49 92
47 50 102
47 51 19
47 52 78
47 53 72
47 54 82
47 55 38
47 56 66
47 57 42
47 58 83
47 59 70
47 60 91
47 61 93
47 62 53
47 63 85
47 64 102
47 65 80
47 66 99
47 67 74
47 68 90
47 69 110
47 70 41
47 71 33
47 72 57
47 73 33
47 74 76
47 75 89
47 76 49
47 77 64
47 78 35
47 79 53
47 80 106
47 81 22
47 82 50
47 83 113
47 84 76
47 85 31
47 86 66
47 87 28
47 88 77
47 89 96
47 90 98
48 1 44
48 2 37
48 3 22
48 4 56
48 5 23
48 6 32
48 7 49
48 8 63
48 9 60
48 10 34
48 11 24
48 12 39
48 13 7
48 14 36
48 15 4
48 16 49
48 17 29
48 18 59
48 19 50
48 20 27
48 21 49
48 22 69
48 23 64
48 24 11
48 25 61
48 26 21
48 27 59
48 28 45
48 29 24
48 30 33
48 31 45
48 32 56
48 33 27
48 34 19
48 35 29
48 36 51
48 37 25
48 38 49
48 39 31
48 40 27
48 41 27
48 42 50
48 43 27
48 44 65
48 45 17
48 46 45
48 47 59
48 48 -1
48 49 38
48 50 62
48 51 40
48 52 73
48 53 17
48 54 61
48 55 21
48 56 63
48 57 16
48 58 43
48 59 19
48 60 55
48 61 64
48 62 7
48 63 56
48 64 46
48 65 52
48 66 48
48 67 68
48 68 30
48 69 59
48 70 35
48 71 39
48 72 3
48 73 51
48 74 18
48 75 72
48 76 33
48 77 5
48 78 24
48 79 54
48 80 54
48 81 58
48 82 29
48 83 66
48 84 27
48 85 28
48 86 38
48 87 34
48 88 72
48 89 49
48 90 63
49 1 7
49 2 72
49 3 51
49 4 90
49 5 16
49 6 18
49 7 57
49 8 24
49 9 60
49 10 19
49 11 15
49 12 13
49 13 38
49 14 70
49 15 34
49 16 46
49 17 31
49 18 84
49 19 61
49 20 28
49 21 35
49 22 54
49 23 97
49 24 48
49 25 66
49 26 59
49 27 30
49 28 73
49 29 39
49 30 20
49 31 79
49 32 87
49 33 20
49 34 57
49 35 45
49 36 82
49 37 56
49 38 37
49 39 51
49 40 42
49 41 58
49 42 12
49 43 38
49 44 50
49 45 37
49 46 68
49 47 92
49 48 38
49 49 -1
49 50 32
49 51 73
49 52 69
49 53 21
49 54 50
49 55 58
49 56 65
49 57 51
49 58 23
49 59 22
49 60 32
49 61 44
49 62 42
49 63 40
49 64 9
49 65 39
49 66 11
49 67 65
49 68 23
49 69 20
49 70 55
49 71 63
49 72 38
49 73 73
49 74 21
49 75 59
49 76 48
49 77 35
49 78 59
49 79 64
49 80 15
49 81 83
49 82 45
49 83 31
49 84 52
49 85 65
49 86 37
49 87 71
49 88 68
49 89 17
49 90 37
50 1 32
50 2 87
50 3 65
50 4 100
50 5 40
50 6 30
50 7 52
50 8 25
50 9 46
50 10 28
50 11 38
50 12 23
50 13 65
50 14 83
50 15 58
50 16 36
50 17 63
50 18 86
50 19 57
50 20 37
50 21 22
50 22 29
50 23 106
50 24 73
50 25 55
50 26 82
50 27 3
50 28 81
50 29 49
50 30 52
50 31 92
50 32 95
50 33 52
50 34 79
50 35 76
50 36 90
50 37 69
50 38 24
50 39 82
50 40 50
50 41 86
50 42 31
50 43 69
50 44 27
50 45 66
50 46 73
50 47 102
50 48 62
50 49 32
50 50 -1
50 51 85
50 52 50
50 53 46
50 54 30
50 55 76
50 56 52
50 57 69
50 58 19
50 59 43
50 60 11
50 61 18
50 62 62
50 63 20
50 64 34
50 65 23
50 66 23
50 67 48
50 68 55
50 69 23
50 70 61
50 71 69
50 72 60
50 73 74
50 74 50
50 75 35
50 76 52
50 77 61
50 78 75
50 79 57
50 80 26
50 81 87
50 82 51
50 83 14
50 84 82
50 85 82
50 86 35
50 87 87
50 88 50
50 89 14
50 90 8
51 1 80
51 2 6
51 3 21
51 4 16
51 5 57
51 6 59
51 7 44
51 8 96
51 9 59
51 10 60
51 11 58
51 12 68
51 13 46
51 14 4
51 15 42
51 16 55
51 17 69
51 18 25
51 19 41
51 20 49
51 21 65
51 22 78
51 23 23
51 24 37
51 25 52
51 26 31
51 27 82
51 28 12
51 29 36
51 30 73
51 31 6
51 32 16
51 33 68
51 34 29
51 35 66
51 36 12
51 37 17
51 38 64
51 39 65
51 40 35
51 41 51
51 42 86
51 43 65
51 44 75
51 45 56
51 46 21
51 47 19
51 48 40
51 49 73
51 50 85
51 51 -1
51 52 69
51 53 53
51 54 69
51 55 20
51 56 57
51 57 23
51 58 66
51 59 51
51 60 75
51 61 79
51 62 34
51 63 71
51 64 83
51 65 66
51 66 81
51 67 65
51 68 71
51 69 92
51 70 26
51 71 20
51 72 38
51 73 27
51 74 57
51 75 78
51 76 34
51 77 45
51 78 16
51 79 44
51 80 88
51 81 23
51 82 34
51 83 95
51 84 59
51 85 14
51 86 50
51 87 13
51 88 68
51 89 78
51 90 83
52 1 73
52 2 74
52 3 59
52 4 78
52 5 64
52 6 53
52 7 26
52 8 75
52 9 12
52 10 51
52 11 62
52 12 55
52 13 79
52 14 69
52 15 70
52 16 24
52 17 92
52 18 56
52 19 28
52 20 48
52 21 33
52 22 22
52 23 80
52 24 81
52 25 17
52 26 85
52 27 49
52 28 59
52 29 48
52 30 85
52 31 75
52 32 70
52 33 82
52 34 81
52 35 100
52 36 67
52 37 61
52 38 32
52 39 103
52 40 46
52 41 99
52 42 75
52 43 94
52 44 23
52 45 87
52 46 49
52 47 78
52 48 73
52 49 69
52 50 50
52 51 69
52 52 -1
52 53 66
52 54 20
52 55 73
52 56 12
52 57 68
52 58 45
52 59 60
52 60 41
52 61 32
52 62 68
52 63 31
52 64 76
52 65 30
52 66 66
52 67 5
52 68 86
52 69 72
52 70 45
52 71 49
52 72 69
52 73 45
52 74 74
52 75 17
52 76 41
52 77 75
52 78 70
52 79 25
52 80 73
52 81 56
52 82 44
52 83 64
52 84 100
52 85 74
52 86 36
52 87 78
52 88 1
52 89 57
52 90 42
53 1 28
53 2 51
53 3 31
53 4 69
53 5 6
53 6 17
53 7 47
53 8 46
53 9 55
53 10 19
53 11 8
53 12 23
53 13 19
53 14 49
53 15 13
53 16 42
53 17 25
53 18 66
53 19 50
53 20 18
53 21 37
53 22 58
53 23 76
53 24 27
53 25 58
53 26 38
53 27 43
53 28 54
53 29 24
53 30 23
53 31 59
53 32 67
53 33 18
53 34 36
53 35 34
53 36 62
53 37 35
53 38 38
53 39 39
53 40 27
53 41 40
53 42 34
53 43 28
53 44 53
53 45 21
53 46 51
53 47 72
53 48 17
53 49 21
53 50 46
53 51 53
53 52 66
53 53 -1
53 54 51
53 55 36
53 56 59
53 57 30
53 58 28
53 59 5
53 60 41
53 61 50
53 62 20
53 63 44
53 64 30
53 65 40
53 66 31
53 67 61
53 68 22
53 69 42
53 70 39
53 71 46
53 72 16
53 73 57
53 74 7
53 75 61
53 76 34
53 77 15
53 78 38
53 79 53
53 80 37
53 81 66
53 82 30
53 83 50
53 84 37
53 85 43
53 86 30
53 87 49
53 88 66
53 89 33
53 90 48
54 1 54
54 2 73
54 3 54
54 4 81
54 5 48
54 6 36
54 7 27
54 8 55
54 9 16
54 10 34
54 11 46
54 12 36
54 13 67
54 14 68
54 15 58
54 16 14
54 17 76
54 18 63
54 19 31
54 20 34
54 21 15
54 22 9
54 23 85
54 24 71
54 25 26
54 26 77
54 27 29
54 28 61
54 29 39
54 30 68
54 31 76
54 32 74
54 33 66
54 34 74
54 35 85
54 36 70
54 37 57
54 38 13
54 39 90
54 40 38
54 41 89
54 42 56
54 43 79
54 44 5
54 45 73
54 46 51
54 47 82
54 48 61
54 49 50
54 50 30
54 51 69
54 52 20
54 53 51
54 54 -1
54 55 67
54 56 22
54 57 61
54 58 26
54 59 46
54 60 21
54 61 13
54 62 58
54 63 11
54 64 57
54 65 11
54 66 47
54 67 17
54 68 70
54 69 52
54 70 43
54 71 50
54 72 58
54 73 50
54 74 58
54 75 10
54 76 36
54 77 63
54 78 65
54 79 30
54 80 53
54 81 63
54 82 38
54 83 45
54 84 87
54 85 71
54 86 23
54 87 76
54 88 20
54 89 37
54 90 23
55 1 65
55 2 16
55 3 13
55 4 35
55 5 42
55 6 47
55 7 46
55 8 82
55 9 61
55 10 49
55 11 43
55 12 55
55 13 26
55 14 16
55 15 24
55 16 53
55 17 49
55 18 42
55 19 46
55 20 39
55 21 59
55 22 76
55 23 43
55 24 17
55 25 58
55 26 13
55 27 73
55 28 28
55 29 29
55 30 55
55 31 24
55 32 36
55 33 49
55 34 10
55 35 46
55 36 32
55 37 12
55 38 59
55 39 45
55 40 29
55 41 33
55 42 71
55 43 45
55 44 72
55 45 36
55 46 32
55 47 38
55 48 21
55 49 58
55 50 76
55 51 20
55 52 73
55 53 36
55 54 67
55 55 -1
55 56 62
55 57 7
55 58 56
55 59 36
55 60 67
55 61 74
55 62 16
55 63 66
55 64 67
55 65 61
55 66 67
55 67 68
55 68 52
55 69 78
55 70 28
55 71 27
55 72 20
55 73 39
55 74 39
55 75 77
55 76 32
55 77 26
55 78 4
55 79 50
55 80 73
55 81 41
55 82 29
55 83 84
55 84 39
55 85 7
55 86 45
55 87 12
55 88 72
55 89 66
55 90 75
56 1 71
56 2 62
56 3 48
56 4 66
56 5 57
56 6 48
56 7 15
56 8 75
56 9 6
56 10 46
56 11 56
56 12 52
56 13 70
56 14 57
56 15 61
56 16 19
56 17 85
56 18 44
56 19 16
56 20 41
56 21 32
56 22 29
56 23 69
56 24 70
56 25 5
56 26 74
56 27 50
56 28 47
56 29 38
56 30 80
56 31 63
56 32 58
56 33 76
56 34 71
56 35 91
56 36 55
56 37 50
56 38 30
56 39 95
56 40 36
56 41 89
56 42 74
56 43 87
56 44 27
56 45 78
56 46 37
56 47 66
56 48 63
56 49 65
56 50 52
56 51 57
56 52 12
56 53 59
56 54 22
56 55 62
56 56 -1
56 57 57
56 58 43
56 59 53
56 60 41
56 61 36
56 62 58
56 63 31
56 64 74
56 65 29
56 66 65
56 67 8
56 68 80
56 69 71
56 70 34
56 71 37
56 72 60
56 73 33
56 74 67
56 75 25
56 76 30
56 77 66
56 78 58
56 79 13
56 80 72
56 81 45
56 82 34
56 83 66
56 84 91
56 85 63
56 86 29
56 87 67
56 88 11
56 89 56
56 90 45
57 1 58
57 2 21
57 3 8
57 4 40
57 5 35
57 6 40
57 7 41
57 8 75
57 9 55
57 10 41
57 11 36
57 12 48
57 13 23
57 14 19
57 15 18
57 16 47
57 17 45
57 18 43
57 19 41
57 20 31
57 21 52
57 22 69
57 23 47
57 24 16
57 25 53
57 26 17
57 27 66
57 28 29
57 29 22
57 30 50
57 31 29
57 32 39
57 33 44
57 34 13
57 35 44
57 36 34
57 37 9
57 38 52
57 39 44
57 40 22
57 41 34
57 42 64
57 43 43
57 44 65
57 45 33
57 46 31
57 47 42
57 48 16
57 49 51
57 50 69
57 51 23
57 52 68
57 53 30
57 54 61
57 55 7
57 56 57
57 57 -1
57 58 49
57 59 29
57 60 60
57 61 67
57 62 10
57 63 59
57 64 60
57 65 54
57 66 60
57 67 63
57 68 47
57 69 71
57 70 24
57 71 25
57 72 14
57 73 38
57 74 34
57 75 71
57 76 26
57 77 21
57 78 7
57 79 46
57 80 67
57 81 42
57 82 23
57 83 76
57 84 39
57 85 13
57 86 38
57 87 19
57 88 67
57 89 59
57 90 68
58 1 28
58 2 67
58 3 45
58 4 81
58 5 23
58 6 11
58 7 37
58 8 34
58 9 37
58 10 9
58 11 21
58 12 9
58 13 47
58 14 63
58 15 39
58 16 24
58 17 51
58 18 69
58 19 42
58 20 17
58 21 11
58 22 31
58 23 87
58 24 54
58 25 44
58 26 63
58 27 16
58 28 62
58 29 29
58 30 42
58 31 73
58 32 76
58 33 40
58 34 60
58 35 61
58 36 71
58 37 49
58 38 13
58 39 67
58 40 31
58 41 69
58 42 31
58 43 55
58 44 27
58 45 50
58 46 55
58 47 83
58 48 43
58 49 23
58 50 19
58 51 66
58 52 45
58 53 28
58 54 26
58 55 56
58 56 43
58 57 49
58 58 -1
58 59 24
58 60 12
58 61 22
58 62 43
58 63 17
58 64 31
58 65 15
58 66 22
58 67 41
58 68 43
58 69 30
58 70 42
58 71 50
58 72 41
58 73 57
58 74 34
58 75 35
58 76 33
58 77 42
58 78 55
58 79 43
58 80 29
58 81 69
58 82 32
58 83 29
58 84 65
58 85 62
58 86 18
58 87 68
58 88 45
58 89 14
58 90 20
59 1 29
59 2 50
59 3 29
59 4 67
59 5 6
59 6 13
59 7 41
59 8 46
59 9 49
59 10 15
59 11 7
59 12 20
59 13 22
59 14 47
59 15 15
59 16 36
59 17 31
59 18 62
59 19 44
59 20 12
59 21 32
59 22 53
59 23 74
59 24 30
59 25 52
59 26 39
59 27 40
59 28 51
59 29 19
59 30 28
59 31 57
59 32 64
59 33 23
59 34 37
59 35 39
59 36 59
59 37 33
59 38 33
59 39 44
59 40 22
59 41 44
59 42 35
59 43 34
59 44 48
59 45 27
59 46 47
59 47 70
59 48 19
59 49 22
59 50 43
59 51 51
59 52 60
59 53 5
59 54 46
59 55 36
59 56 53
59 57 29
59 58 24
59 59 -1
59 60 36
59 61 46
59 62 20
59 63 39
59 64 32
59 65 35
59 66 31
59 67 56
59 68 27
59 69 41
59 70 34
59 71 42
59 72 17
59 73 52
59 74 13
59 75 56
59 76 29
59 77 18
59 78 37
59 79 48
59 80 37
59 81 62
59 82 25
59 83 48
59 84 42
59 85 43
59 86 24
59 87 48
59 88 60
59 89 31
59 90 44
60 1 35
60 2 77
60 3 56
60 4 90
60 5 35
60 6 24
60 7 40
60 8 34
60 9 35
60 10 21
60 11 33
60 12 20
60 13 59
60 14 73
60 15 51
60 16 25
60 17 62
60 18 75
60 19 45
60 20 29
60 21 11
60 22 21
60 23 95
60 24 66
60 25 44
60 26 75
60 27 8
60 28 70
60 29 39
60 30 52
60 31 82
60 32 84
60 33 51
60 34 72
60 35 73
60 36 79
60 37 59
60 38 12
60 39 79
60 40 40
60 41 81
60 42 36
60 43 67
60 44 18
60 45 62
60 46 62
60 47 91
60 48 55
60 49 32
60 50 11
60 51 75
60 52 41
60 53 41
60 54 21
60 55 67
60 56 41
60 57 60
60 58 12
60 59 36
60 60 -1
60 61 11
60 62 55
60 63 10
60 64 38
60 65 12
60 66 26
60 67 38
60 68 54
60 69 31
60 70 50
60 71 58
60 72 53
60 73 62
60 74 46
60 75 27
60 76 41
60 77 55
60 78 66
60 79 46
60 80 32
60 81 75
60 82 41
60 83 25
60 84 78
60 85 73
60 86 25
60 87 78
60 88 41
60 89 17
60 90 8
61 1 46
61 2 81
61 3 61
61 4 92
61 5 46
61 6 34
61 7 39
61 8 43
61 9 30
61 10 31
61 11 43
61 12 31
61 13 68
61 14 77
61 15 60
61 16 24
61 17 73
61 18 75
61 19 44
61 20 36
61 21 15
61 22 11
61 23 97
61 24 74
61 25 40
61 26 82
61 27 17
61 28 72
61 29 45
61 30 63
61 31 85
61 32 85
61 33 62
61 34 79
61 35 84
61 36 81
61 37 64
61 38 15
61 39 89
61 40 45
61 41 90
61 42 47
61 43 77
61 44 9
61 45 72
61 46 63
61 47 93
61 48 64
61 49 44
61 50 18
61 51 79
61 52 32
61 53 50
61 54 13
61 55 74
61 56 36
61 57 67
61 58 22
61 59 46
61 60 11
61 61 -1
61 62 62
61 63 8
61 64 49
61 65 13
61 66 38
61 67 31
61 68 65
61 69 40
61 70 52
61 71 60
61 72 61
61 73 62
61 74 56
61 75 17
61 76 44
61 77 64
61 78 72
61 79 43
61 80 43
61 81 75
61 82 45
61 83 32
61 84 88
61 85 78
61 86 29
61 87 83
61 88 32
61 89 28
61 90 10
62 1 49
62 2 31
62 3 15
62 4 50
62 5 26
62 6 32
62 7 43
62 8 66
62 9 56
62 10 34
62 11 27
62 12 40
62 13 14
62 14 29
62 15 8
62 16 46
62 17 36
62 18 52
62 19 45
62 20 26
62 21 47
62 22 67
62 23 57
62 24 12
62 25 55
62 26 20
62 27 59
62 28 38
62 29 20
62 30 39
62 31 39
62 32 49
62 33 34
62 34 17
62 35 36
62 36 44
62 37 18
62 38 48
62 39 38
62 40 22
62 41 31
62 42 54
62 43 34
62 44 62
62 45 24
62 46 38
62 47 53
62 48 7
62 49 42
62 50 62
62 51 34
62 52 68
62 53 20
62 54 58
62 55 16
62 56 58
62 57 10
62 58 43
62 59 20
62 60 55
62 61 62
62 62 -1
62 63 54
62 64 50
62 65 50
62 66 51
62 67 63
62 68 37
62 69 62
62 70 28
62 71 32
62 72 4
62 73 45
62 74 23
62 75 69
62 76 28
62 77 12
62 78 18
62 79 49
62 80 57
62 81 51
62 82 24
62 83 68
62 84 33
62 85 23
62 86 35
62 87 29
62 88 67
62 89 51
62 90 63
63 1 44
63 2 73
63 3 53
63 4 84
63 5 40
63 6 27
63 7 32
63 8 44
63 9 25
63 10 25
63 11 37
63 12 26
63 13 61
63 14 69
63 15 52
63 16 17
63 17 67
63 18 68
63 19 37
63 20 29
63 21 7
63 22 14
63 23 89
63 24 66
63 25 34
63 26 74
63 27 18
63 28 64
63 29 37
63 30 59
63 31 77
63 32 78
63 33 57
63 34 71
63 35 78
63 36 73
63 37 56
63 38 7
63 39 83
63 40 37
63 41 83
63 42 45
63 43 72
63 44 10
63 45 66
63 46 55
63 47 85
63 48 56
63 49 40
63 50 20
63 51 71
63 52 31
63 53 44
63 54 11
63 55 66
63 56 31
63 57 59
63 58 17
63 59 39
63 60 10
63 61 8
63 62 54
63 63 -1
63 64 46
63 65 5
63 66 36
63 67 28
63 68 60
63 69 41
63 70 44
63 71 52
63 72 53
63 73 55
63 74 50
63 75 18
63 76 36
63 77 57
63 78 64
63 79 37
63 80 42
63 81 68
63 82 37
63 83 34
63 84 81
63 85 70
63 86 21
63 87 75
63 88 31
63 89 26
63 90 14
64 1 3
64 2 82
64 3 61
64 4 99
64 5 25
64 6 27
64 7 66
64 8 19
64 9 68
64 10 28
64 11 25
64 12 22
64 13 45
64 14 79
64 15 43
64 16 55
64 17 34
64 18 94
64 19 70
64 20 37
64 21 42
64 22 59
64 23 106
64 24 56
64 25 75
64 26 67
64 27 33
64 28 83
64 29 49
64 30 21
64 31 89
64 32 96
64 33 24
64 34 65
64 35 48
64 36 91
64 37 65
64 38 44
64 39 55
64 40 52
64 41 63
64 42 5
64 43 41
64 44 56
64 45 42
64 46 78
64 47 102
64 48 46
64 49 9
64 50 34
64 51 83
64 52 76
64 53 30
64 54 57
64 55 67
64 56 74
64 57 60
64 58 31
64 59 32
64 60 38
64 61 49
64 62 50
64 63 46
64 64 -1
64 65 46
64 66 11
64 67 73
64 68 25
64 69 16
64 70 65
64 71 73
64 72 46
64 73 82
64 74 28
64 75 65
64 76 58
64 77 43
64 78 68
64 79 73
64 80 10
64 81 93
64 82 55
64 83 29
64 84 56
64 85 74
64 86 46
64 87 79
64 88 76
64 89 21
64 90 41
65 1 43
65 2 68
65 3 48
65 4 79
65 5 36
65 6 24
65 7 28
65 8 45
65 9 23
65 10 22
65 11 34
65 12 25
65 13 57
65 14 64
65 15 48
65 16 12
65 17 65
65 18 63
65 19 33
65 20 24
65 21 3
65 22 17
65 23 84
65 24 62
65 25 31
65 26 69
65 27 21
65 28 59
65 29 32
65 30 56
65 31 72
65 32 73
65 33 54
65 34 66
65 35 74
65 36 68
65 37 51
65 38 2
65 39 79
65 40 32
65 41 79
65 42 45
65 43 68
65 44 13
65 45 62
65 46 50
65 47 80
65 48 52
65 49 39
65 50 23
65 51 66
65 52 30
65 53 40
65 54 11
65 55 61
65 56 29
65 57 54
65 58 15
65 59 35
65 60 12
65 61 13
65 62 50
65 63 5
65 64 46
65 65 -1
65 66 36
65 67 27
65 68 58
65 69 42
65 70 39
65 71 47
65 72 49
65 73 51
65 74 47
65 75 21
65 76 31
65 77 53
65 78 59
65 79 33
65 80 43
65 81 64
65 82 32
65 83 37
65 84 77
65 85 65
65 86 16
65 87 70
65 88 30
65 89 27
65 90 18
66 1 9
66 2 81
66 3 59
66 4 97
66 5 25
66 6 22
66 7 58
66 8 15
66 9 59
66 10 21
66 11 24
66 12 14
66 13 49
66 14 77
66 15 44
66 16 46
66 17 42
66 18 89
66 19 63
66 20 33
66 21 33
66 22 48
66 23 104
66 24 59
66 25 66
66 26 69
66 27 22
66 28 79
66 29 45
66 30 30
66 31 87
66 32 93
66 33 31
66 34 67
66 35 55
66 36 88
66 37 63
66 38 35
66 39 62
66 40 48
66 41 69
66 42 9
66 43 48
66 44 45
66 45 48
66 46 74
66 47 99
66 48 48
66 49 11
66 50 23
66 51 81
66 52 66
66 53 31
66 54 47
66 55 67
66 56 65
66 57 60
66 58 22
66 59 31
66 60 26
66 61 38
66 62 51
66 63 36
66 64 11
66 65 36
66 66 -1
66 67 63
66 68 33
66 69 10
66 70 60
66 71 69
66 72 47
66 73 77
66 74 32
66 75 54
66 76 52
66 77 45
66 78 68
66 79 65
66 80 7
66 81 88
66 82 50
66 83 20
66 84 63
66 85 74
66 86 38
66 87 79
66 88 66
66 89 9
66 90 30
67 1 70
67 2 70
67 3 55
67 4 74
67 5 59
67 6 48
67 7 21
67 8 72
67 9 7
67 10 47
67 11 57
67 12 51
67 13 74
67 14 64
67 15 65
67 16 19
67 17 87
67 18 52
67 19 24
67 20 43
67 21 30
67 22 22
67 23 77
67 24 76
67 25 13
67 26 80
67 27 46
67 28 55
67 29 43
67 30 81
67 31 71
67 32 66
67 33 78
67 34 76
67 35 95
67 36 63
67 37 56
67 38 28
67 39 99
67 40 41
67 41 94
67 42 72
67 43 90
67 44 21
67 45 82
67 46 45
67 47 74
67 48 68
67 49 65
67 50 48
67 51 65
67 52 5
67 53 61
67 54 17
67 55 68
67 56 8
67 57 63
67 58 41
67 59 56
67 60 38
67 61 31
67 62 63
67 63 28
67 64 73
67 65 27
67 66 63
67 67 -1
67 68 82
67 69 69
67 70 40
67 71 45
67 72 64
67 73 41
67 74 69
67 75 17
67 76 36
67 77 70
67 78 65
67 79 21
67 80 70
67 81 53
67 82 39
67 83 62
67 84 95
67 85 70
67 86 31
67 87 74
67 88 4
67 89 54
67 90 40
68 1 25
68 2 68
68 3 51
68 4 87
68 5 22
68 6 33
68 7 69
68 8 44
68 9 76
68 10 35
68 11 24
68 12 34
68 13 26
68 14 67
68 15 29
68 16 62
68 17 9
68 18 87
68 19 72
68 20 39
68 21 54
68 22 75
68 23 94
68 24 37
68 25 80
68 26 48
68 27 53
68 28 74
68 29 46
68 30 4
68 31 76
68 32 86
68 33 4
68 34 47
68 35 23
68 36 81
68 37 55
68 38 56
68 39 30
68 40 49
68 41 39
68 42 30
68 43 16
68 44 70
68 45 19
68 46 73
68 47 90
68 48 30
68 49 23
68 50 55
68 51 71
68 52 86
68 53 22
68 54 70
68 55 52
68 56 80
68 57 47
68 58 43
68 59 27
68 60 54
68 61 65
68 62 37
68 63 60
68 64 25
68 65 58
68 66 33
68 67 82
68 68 -1
68 69 41
68 70 61
68 71 67
68 72 32
68 73 79
68 74 15
68 75 79
68 76 56
68 77 25
68 78 55
68 79 75
68 80 35
68 81 87
68 82 52
68 83 53
68 84 31
68 85 59
68 86 51
68 87 64
68 88 86
68 89 40
68 90 60
69 1 16
69 2 91
69 3 70
69 4 108
69 5 36
69 6 32
69 7 67
69 8 4
69 9 65
69 10 32
69 11 34
69 12 24
69 13 59
69 14 88
69 15 55
69 16 53
69 17 50
69 18 99
69 19 72
69 20 43
69 21 39
69 22 51
69 23 114
69 24 69
69 25 73
69 26 80
69 27 23
69 28 90
69 29 55
69 30 37
69 31 98
69 32 104
69 33 40
69 34 78
69 35 64
69 36 99
69 37 74
69 38 41
69 39 71
69 40 58
69 41 78
69 42 11
69 43 57
69 44 49
69 45 57
69 46 84
69 47 110
69 48 59
69 49 20
69 50 23
69 51 92
69 52 72
69 53 42
69 54 52
69 55 78
69 56 71
69 57 71
69 58 30
69 59 41
69 60 31
69 61 40
69 62 62
69 63 41
69 64 16
69 65 42
69 66 10
69 67 69
69 68 41
69 69 -1
69 70 70
69 71 79
69 72 58
69 73 86
69 74 42
69 75 57
69 76 62
69 77 56
69 78 78
69 79 74
69 80 6
69 81 98
69 82 60
69 83 13
69 84 72
69 85 84
69 86 47
69 87 90
69 88 72
69 89 15
69 90 31
70 1 62
70 2 30
70 3 15
70 4 39
70 5 41
70 6 38
70 7 18
70 8 75
70 9 33
70 10 38
70 11 40
70 12 46
70 13 42
70 14 25
70 15 33
70 16 29
70 17 62
70 18 28
70 19 18
70 20 27
70 21 39
70 22 52
70 23 45
70 24 39
70 25 30
70 26 41
70 27 58
70 28 20
70 29 15
70 30 62
70 31 32
70 32 34
70 33 57
70 34 37
70 35 64
70 36 29
70 37 16
70 38 38
70 39 66
70 40 13
70 41 58
70 42 67
70 43 61
70 44 48
70 45 52
70 46 13
70 47 41
70 48 35
70 49 55
70 50 61
70 51 26
70 52 45
70 53 39
70 54 43
70 55 28
70 56 34
70 57 24
70 58 42
70 59 34
70 60 50
70 61 52
70 62 28
70 63 44
70 64 65
70 65 39
70 66 60
70 67 40
70 68 61
70 69 70
70 70 -1
70 71 8
70 72 31
70 73 18
70 74 46
70 75 52
70 76 8
70 77 39
70 78 24
70 79 22
70 80 68
70 81 28
70 82 10
70 83 72
70 84 61
70 85 29
70 86 25
70 87 33
70 88 44
70 89 55
70 90 57
71 1 70
71 2 24
71 3 17
71 4 31
71 5 48
71 6 46
71 7 24
71 8 83
71 9 39
71 10 47
71 11 48
71 12 55
71 13 46
71 14 19
71 15 39
71 16 36
71 17 68
71 18 20
71 19 21
71 20 36
71 21 47
71 22 59
71 23 36
71 24 41
71 25 33
71 26 41
71 27 66
71 28 11
71 29 23
71 30 68
71 31 26
71 32 25
71 33 63
71 34 37
71 35 68
71 36 21
71 37 16
71 38 46
71 39 69
71 40 21
71 41 60
71 42 75
71 43 66
71 44 55
71 45 56
71 46 6
71 47 33
71 48 39
71 49 63
71 50 69
71 51 20
71 52 49
71 53 46
71 54 50
71 55 27
71 56 37
71 57 25
71 58 50
71 59 42
71 60 58
71 61 60
71 62 32
71 63 52
71 64 73
71 65 47
71 66 69
71 67 45
71 68 67
71 69 79
71 70 8
71 71 -1
71 72 36
71 73 12
71 74 52
71 75 58
71 76 17
71 77 44
71 78 23
71 79 25
71 80 76
71 81 20
71 82 18
71 83 80
71 84 64
71 85 26
71 86 33
71 87 29
71 88 48
71 89 64
71 90 65
72 1 45
72 2 36
72 3 19
72 4 55
72 5 22
72 6 30
72 7 45
72 8 62
72 9 57
72 10 32
72 11 23
72 12 37
72 13 11
72 14 34
72 15 3
72 16 46
72 17 32
72 18 56
72 19 47
72 20 24
72 21 46
72 22 66
72 23 62
72 24 13
72 25 57
72 26 22
72 27 57
72 28 42
72 29 21
72 30 35
72 31 43
72 32 53
72 33 29
72 34 19
72 35 33
72 36 49
72 37 22
72 38 47
72 39 35
72 40 23
72 41 30
72 42 50
72 43 30
72 44 62
72 45 20
72 46 42
72 47 57
72 48 3
72 49 38
72 50 60
72 51 38
72 52 69
72 53 16
72 54 58
72 55 20
72 56 60
72 57 14
72 58 41
72 59 17
72 60 53
72 61 61
72 62 4
72 63 53
72 64 46
72 65 49
72 66 47
72 67 64
72 68 32
72 69 58
72 70 31
72 71 36
72 72 -1
72 73 48
72 74 19
72 75 68
72 76 30
72 77 8
72 78 22
72 79 51
72 80 53
72 81 55
72 82 25
72 83 65
72 84 31
72 85 27
72 86 34
72 87 33
72 88 68
72 89 48
72 90 61
73 1 80
73 2 33
73 3 30
73 4 33
73 5 59
73 6 55
73 7 23
73 8 91
73 9 36
73 10 55
73 11 58
73 12 63
73 13 59
73 14 28
73 15 51
73 16 38
73 17 80
73 18 12
73 19 18
73 20 44
73 21 51
73 22 59
73 23 35
73 24 54
73 25 28
73 26 53
73 27 71
73 28 15
73 29 33
73 30 80
73 31 31
73 32 25
73 33 75
73 34 49
73 35 81
73 36 22
73 37 28
73 38 50
73 39 82
73 40 30
73 41 72
73 42 84
73 43 79
73 44 56
73 45 69
73 46 7
73 47 33
73 48 51
73 49 73
73 50 74
73 51 27
73 52 45
73 53 57
73 54 50
73 55 39
73 56 33
73 57 38
73 58 57
73 59 52
73 60 62
73 61 62
73 62 45
73 63 55
73 64 82
73 65 51
73 66 77
73 67 41
73 68 79
73 69 86
73 70 18
73 71 12
73 72 48
73 73 -1
73 74 64
73 75 56
73 76 24
73 77 56
73 78 35
73 79 20
73 80 84
73 81 13
73 82 27
73 83 86
73 84 77
73 85 37
73 86 39
73 87 39
73 88 44
73 89 71
73 90 69
74 1 27
74 2 55
74 3 37
74 4 74
74 5 10
74 6 23
74 7 54
74 8 46
74 9 62
74 10 25
74 11 13
74 12 27
74 13 17
74 14 53
74 15 15
74 16 49
74 17 18
74 18 73
74 19 57
74 20 25
74 21 44
74 22 64
74 23 81
74 24 27
74 25 65
74 26 38
74 27 47
74 28 60
74 29 31
74 30 16
74 31 63
74 32 72
74 33 11
74 34 37
74 35 27
74 36 67
74 37 40
74 38 45
74 39 33
74 40 34
74 41 37
74 42 33
74 43 21
74 44 60
74 45 16
74 46 58
74 47 76
74 48 18
74 49 21
74 50 50
74 51 57
74 52 74
74 53 7
74 54 58
74 55 39
74 56 67
74 57 34
74 58 34
74 59 13
74 60 46
74 61 56
74 62 23
74 63 50
74 64 28
74 65 47
74 66 32
74 67 69
74 68 15
74 69 42
74 70 46
74 71 52
74 72 19
74 73 64
74 74 -1
74 75 68
74 76 41
74 77 14
74 78 41
74 79 61
74 80 37
74 81 72
74 82 37
74 83 52
74 84 32
74 85 47
74 86 37
74 87 52
74 88 73
74 89 36
74 90 53
75 1 62
75 2 82
75 3 63
75 4 89
75 5 58
75 6 45
75 7 34
75 8 60
75 9 20
75 10 43
75 11 55
75 12 45
75 13 78
75 14 77
75 15 68
75 16 23
75 17 86
75 18 69
75 19 38
75 20 44
75 21 24
75 22 6
75 23 92
75 24 81
75 25 30
75 26 87
75 27 34
75 28 69
75 29 49
75 30 77
75 31 84
75 32 81
75 33 75
75 34 84
75 35 95
75 36 77
75 37 66
75 38 23
75 39 100
75 40 48
75 41 99
75 42 63
75 43 89
75 44 8
75 45 83
75 46 59
75 47 89
75 48 72
75 49 59
75 50 35
75 51 78
75 52 17
75 53 61
75 54 10
75 55 77
75 56 25
75 57 71
75 58 35
75 59 56
75 60 27
75 61 17
75 62 69
75 63 18
75 64 65
75 65 21
75 66 54
75 67 17
75 68 79
75 69 57
75 70 52
75 71 58
75 72 68
75 73 56
75 74 68
75 75 -1
75 76 45
75 77 73
75 78 74
75 79 36
75 80 60
75 81 69
75 82 47
75 83 49
75 84 98
75 85 80
75 86 34
75 87 85
75 88 18
75 89 44
75 90 27
76 1 55
76 2 37
76 3 18
76 4 48
76 5 35
76 6 30
76 7 15
76 8 66
76 9 29
76 10 30
76 11 34
76 12 38
76 13 41
76 14 32
76 15 31
76 16 22
76 17 58
76 18 36
76 19 17
76 20 20
76 21 30
76 22 45
76 23 53
76 24 40
76 25 27
76 26 44
76 27 49
76 28 28
76 29 10
76 30 57
76 31 41
76 32 42
76 33 52
76 34 40
76 35 63
76 36 38
76 37 21
76 38 30
76 39 65
76 40 7
76 41 59
76 42 60
76 43 59
76 44 41
76 45 50
76 46 21
76 47 49
76 48 33
76 49 48
76 50 52
76 51 34
76 52 41
76 53 34
76 54 36
76 55 32
76 56 30
76 57 26
76 58 33
76 59 29
76 60 41
76 61 44
76 62 28
76 63 36
76 64 58
76 65 31
76 66 52
76 67 36
76 68 56
76 69 62
76 70 8
76 71 17
76 72 30
76 73 24
76 74 41
76 75 45
76 76 -1
76 77 37
76 78 29
76 79 21
76 80 60
76 81 36
76 82 4
76 83 63
76 84 61
76 85 35
76 86 16
76 87 40
76 88 40
76 89 47
76 90 49
77 1 41
77 2 42
77 3 27
77 4 61
77 5 21
77 6 31
77 7 52
77 8 60
77 9 63
77 10 33
77 11 23
77 12 38
77 13 4
77 14 41
77 15 5
77 16 51
77 17 24
77 18 64
77 19 54
77 20 28
77 21 50
77 22 70
77 23 69
77 24 13
77 25 64
77 26 24
77 27 58
77 28 50
77 29 28
77 30 28
77 31 50
77 32 61
77 33 23
77 34 22
77 35 25
77 36 56
77 37 30
77 38 50
77 39 28
77 40 30
77 41 26
77 42 47
77 43 22
77 44 66
77 45 12
77 46 50
77 47 64
77 48 5
77 49 35
77 50 61
77 51 45
77 52 75
77 53 15
77 54 63
77 55 26
77 56 66
77 57 21
77 58 42
77 59 18
77 60 55
77 61 64
77 62 12
77 63 57
77 64 43
77 65 53
77 66 45
77 67 70
77 68 25
77 69 56
77 70 39
77 71 44
77 72 8
77 73 56
77 74 14
77 75 73
77 76 37
77 77 -1
77 78 29
77 79 58
77 80 51
77 81 63
77 82 33
77 83 64
77 84 24
77 85 33
77 86 40
77 87 38
77 88 74
77 89 48
77 90 62
78 1 66
78 2 13
78 3 11
78 4 32
78 5 43
78 6 47
78 7 43
78 8 83
78 9 58
78 10 48
78 11 44
78 12 55
78 13 29
78 14 12
78 15 26
78 16 51
78 17 52
78 18 38
78 19 42
78 20 38
78 21 57
78 22 74
78 23 39
78 24 21
78 25 54
78 26 18
78 27 72
78 28 23
78 29 27
78 30 57
78 31 21
78 32 32
78 33 51
78 34 14
78 35 50
78 36 28
78 37 8
78 38 57
78 39 49
78 40 27
78 41 37
78 42 72
78 43 49
78 44 70
78 45 39
78 46 28
78 47 35
78 48 24
78 49 59
78 50 75
78 51 16
78 52 70
78 53 38
78 54 65
78 55 4
78 56 58
78 57 7
78 58 55
78 59 37
78 60 66
78 61 72
78 62 18
78 63 64
78 64 68
78 65 59
78 66 68
78 67 65
78 68 55
78 69 78
78 70 24
78 71 23
78 72 22
78 73 35
78 74 41
78 75 74
78 76 29
78 77 29
78 78 -1
78 79 46
78 80 74
78 81 37
78 82 27
78 83 84
78 84 43
78 85 6
78 86 43
78 87 12
78 88 69
78 89 66
78 90 74
79 1 70
79 2 49
79 3 37
79 4 53
79 5 53
79 6 46
79 7 7
79 8 77
79 9 15
79 10 45
79 11 52
79 12 51
79 13 62
79 14 44
79 15 52
79 16 21
79 17 79
79 18 32
79 19 4
79 20 37
79 21 35
79 22 38
79 23 56
79 24 60
79 25 8
79 26 63
79 27 55
79 28 34
79 29 30
79 30 76
79 31 50
79 32 45
79 33 71
79 34 59
79 35 84
79 36 42
79 37 38
79 38 33
79 39 86
79 40 28
79 41 79
79 42 74
79 43 80
79 44 36
79 45 71
79 46 24
79 47 53
79 48 54
79 49 64
79 50 57
79 51 44
79 52 25
79 53 53
79 54 30
79 55 50
79 56 13
79 57 46
79 58 43
79 59 48
79 60 46
79 61 43
79 62 49
79 63 37
79 64 73
79 65 33
79 66 65
79 67 21
79 68 75
79 69 74
79 70 22
79 71 25
79 72 51
79 73 20
79 74 61
79 75 36
79 76 21
79 77 58
79 78 46
79 79 -1
79 80 73
79 81 33
79 82 25
79 83 71
79 84 82
79 85 50
79 86 27
79 87 54
79 88 24
79 89 58
79 90 51
80 1 10
80 2 87
80 3 66
80 4 104
80 5 31
80 6 29
80 7 66
80 8 9
80 9 66
80 10 29
80 11 30
80 12 21
80 13 54
80 14 84
80 15 50
80 16 53
80 17 44
80 18 96
80 19 71
80 20 40
80 21 40
80 22 54
80 23 111
80 24 64
80 25 73
80 26 75
80 27 26
80 28 87
80 29 53
80 30 31
80 31 94
80 32 101
80 33 34
80 34 73
80 35 58
80 36 96
80 37 70
80 38 42
80 39 65
80 40 55
80 41 72
80 42 5
80 43 51
80 44 51
80 45 51
80 46 81
80 47 106
80 48 54
80 49 15
80 50 26
80 51 88
80 52 73
80 53 37
80 54 53
80 55 73
80 56 72
80 57 67
80 58 29
80 59 37
80 60 32
80 61 43
80 62 57
80 63 42
80 64 10
80 65 43
80 66 7
80 67 70
80 68 35
80 69 6
80 70 68
80 71 76
80 72 53
80 73 84
80 74 37
80 75 60
80 76 60
80 77 51
80 78 74
80 79 73
80 80 -1
80 81 96
80 82 57
80 83 19
80 84 66
80 85 80
80 86 46
80 87 86
80 88 73
80 89 16
80 90 34
81 1 90
81 2 30
81 3 36
81 4 22
81 5 68
81 6 66
81 7 36
81 8 102
81 9 49
81 10 66
81 11 68
81 12 74
81 13 65
81 14 26
81 15 58
81 16 51
81 17 87
81 18 1
81 19 31
81 20 55
81 21 64
81 22 72
81 23 24
81 24 57
81 25 40
81 26 54
81 27 84
81 28 13
81 29 43
81 30 88
81 31 25
81 32 14
81 33 83
81 34 51
81 35 86
81 36 13
81 37 33
81 38 63
81 39 86
81 40 41
81 41 74
81 42 95
81 43 85
81 44 69
81 45 75
81 46 14
81 47 22
81 48 58
81 49 83
81 50 87
81 51 23
81 52 56
81 53 66
81 54 63
81 55 41
81 56 45
81 57 42
81 58 69
81 59 62
81 60 75
81 61 75
81 62 51
81 63 68
81 64 93
81 65 64
81 66 88
81 67 53
81 68 87
81 69 98
81 70 28
81 71 20
81 72 55
81 73 13
81 74 72
81 75 69
81 76 36
81 77 63
81 78 37
81 79 33
81 80 96
81 81 -1
81 82 38
81 83 99
81 84 80
81 85 37
81 86 51
81 87 36
81 88 55
81 89 83
81 90 82
82 1 52
82 2 36
82 3 16
82 4 48
82 5 31
82 6 28
82 7 19
82 8 64
82 9 32
82 10 28
82 11 30
82 12 36
82 13 36
82 14 31
82 15 27
82 16 24
82 17 54
82 18 38
82 19 21
82 20 17
82 21 31
82 22 47
82 23 54
82 24 36
82 25 31
82 26 40
82 27 48
82 28 29
82 29 6
82 30 53
82 31 40
82 32 43
82 33 48
82 34 37
82 35 58
82 36 38
82 37 19
82 38 30
82 39 61
82 40 3
82 41 55
82 42 57
82 43 54
82 44 43
82 45 45
82 46 23
82 47 50
82 48 29
82 49 45
82 50 51
82 51 34
82 52 44
82 53 30
82 54 38
82 55 29
82 56 34
82 57 23
82 58 32
82 59 25
82 60 41
82 61 45
82 62 24
82 63 37
82 64 55
82 65 32
82 66 50
82 67 39
82 68 52
82 69 60
82 70 10
82 71 18
82 72 25
82 73 27
82 74 37
82 75 47
82 76 4
82 77 33
82 78 27
82 79 25
82 80 57
82 81 38
82 82 -1
82 83 62
82 84 57
82 85 33
82 86 16
82 87 38
82 88 44
82 89 45
82 90 49
83 1 28
83 2 96
83 3 74
83 4 111
83 5 43
83 6 36
83 7 65
83 8 13
83 9 60
83 10 35
83 11 42
83 12 28
83 13 68
83 14 92
83 15 63
83 16 50
83 17 62
83 18 99
83 19 70
83 20 46
83 21 35
83 22 43
83 23 117
83 24 77
83 25 69
83 26 88
83 27 16
83 28 92
83 29 58
83 30 49
83 31 102
83 32 106
83 33 51
83 34 85
83 35 75
83 36 101
83 37 78
83 38 37
83 39 82
83 40 60
83 41 89
83 42 24
83 43 68
83 44 41
83 45 68
83 46 84
83 47 113
83 48 66
83 49 31
83 50 14
83 51 95
83 52 64
83 53 50
83 54 45
83 55 84
83 56 66
83 57 76
83 58 29
83 59 48
83 60 25
83 61 32
83 62 68
83 63 34
83 64 29
83 65 37
83 66 20
83 67 62
83 68 53
83 69 13
83 70 72
83 71 80
83 72 65
83 73 86
83 74 52
83 75 49
83 76 63
83 77 64
83 78 84
83 79 71
83 80 19
83 81 99
83 82 62
83 83 -1
83 84 83
83 85 90
83 86 47
83 87 96
83 88 64
83 89 17
83 90 22
84 1 56
84 2 54
84 3 47
84 4 73
84 5 42
84 6 54
84 7 76
84 8 75
84 9 88
84 10 56
84 11 44
84 12 59
84 13 20
84 14 55
84 15 30
84 16 76
84 17 23
84 18 82
84 19 78
84 20 53
84 21 74
84 22 95
84 23 80
84 24 23
84 25 88
84 26 28
84 27 79
84 28 67
84 29 52
84 30 35
84 31 62
84 32 75
84 33 32
84 34 30
84 35 10
84 36 71
84 37 48
84 38 75
84 39 6
84 40 54
84 41 10
84 42 61
84 43 16
84 44 90
84 45 15
84 46 70
84 47 76
84 48 27
84 49 52
84 50 82
84 51 59
84 52 100
84 53 37
84 54 87
84 55 39
84 56 91
84 57 39
84 58 65
84 59 42
84 60 78
84 61 88
84 62 33
84 63 81
84 64 56
84 65 77
84 66 63
84 67 95
84 68 31
84 69 72
84 70 61
84 71 64
84 72 31
84 73 77
84 74 32
84 75 98
84 76 61
84 77 24
84 78 43
84 79 82
84 80 66
84 81 80
84 82 57
84 83 83
84 84 -1
84 85 45
84 86 64
84 87 48
84 88 99
84 89 68
84 90 85
85 1 72
85 2 9
85 3 17
85 4 28
85 5 49
85 6 53
85 7 48
85 8 89
85 9 63
85 10 55
85 11 50
85 12 62
85 13 33
85 14 10
85 15 31
85 16 57
85 17 56
85 18 38
85 19 47
85 20 44
85 21 63
85 22 80
85 23 36
85 24 23
85 25 59
85 26 17
85 27 79
85 28 24
85 29 33
85 30 62
85 31 17
85 32 30
85 33 56
85 34 15
85 35 52
85 36 26
85 37 14
85 38 63
85 39 51
85 40 33
85 41 37
85 42 77
85 43 52
85 44 76
85 45 43
85 46 30
85 47 31
85 48 28
85 49 65
85 50 82
85 51 14
85 52 74
85 53 43
85 54 71
85 55 7
85 56 63
85 57 13
85 58 62
85 59 43
85 60 73
85 61 78
85 62 23
85 63 70
85 64 74
85 65 65
85 66 74
85 67 70
85 68 59
85 69 84
85 70 29
85 71 26
85 72 27
85 73 37
85 74 47
85 75 80
85 76 35
85 77 33
85 78 6
85 79 50
85 80 80
85 81 37
85 82 33
85 83 90
85 84 45
85 85 -1
85 86 49
85 87 5
85 88 74
85 89 72
85 90 81
86 1 43
86 2 52
86 3 32
86 4 65
86 5 28
86 6 19
86 7 20
86 8 51
86 9 25
86 10 18
86 11 26
86 12 24
86 13 44
86 14 48
86 15 34
86 16 12
86 17 56
86 18 51
86 19 24
86 20 12
86 21 14
86 22 32
86 23 70
86 24 47
86 25 29
86 26 54
86 27 32
86 28 45
86 29 16
86 30 50
86 31 57
86 32 59
86 33 47
86 34 50
86 35 63
86 36 54
86 37 35
86 38 14
86 39 67
86 40 16
86 41 65
86 42 47
86 43 58
86 44 27
86 45 50
86 46 37
86 47 66
86 48 38
86 49 37
86 50 35
86 51 50
86 52 36
86 53 30
86 54 23
86 55 45
86 56 29
86 57 38
86 58 18
86 59 24
86 60 25
86 61 29
86 62 35
86 63 21
86 64 46
86 65 16
86 66 38
86 67 31
86 68 51
86 69 47
86 70 25
86 71 33
86 72 34
86 73 39
86 74 37
86 75 34
86 76 16
86 77 40
86 78 43
86 79 27
86 80 46
86 81 51
86 82 16
86 83 47
86 84 64
86 85 49
86 86 -1
86 87 54
86 88 35
86 89 32
86 90 32
87 1 77
87 2 6
87 3 22
87 4 25
87 5 54
87 6 59
87 7 52
87 8 94
87 9 67
87 10 60
87 11 55
87 12 68
87 13 38
87 14 10
87 15 36
87 16 62
87 17 61
87 18 38
87 19 50
87 20 50
87 21 69
87 22 85
87 23 32
87 24 27
87 25 62
87 26 20
87 27 84
87 28 24
87 29 39
87 30 67
87 31 14
87 32 27
87 33 61
87 34 18
87 35 56
87 36 24
87 37 19
87 38 68
87 39 54
87 40 38
87 41 40
87 42 83
87 43 56
87 44 81
87 45 47
87 46 32
87 47 28
87 48 34
87 49 71
87 50 87
87 51 13
87 52 78
87 53 49
87 54 76
87 55 12
87 56 67
87 57 19
87 58 68
87 59 48
87 60 78
87 61 83
87 62 29
87 63 75
87 64 79
87 65 70
87 66 79
87 67 74
87 68 64
87 69 90
87 70 33
87 71 29
87 72 33
87 73 39
87 74 52
87 75 85
87 76 40
87 77 38
87 78 12
87 79 54
87 80 86
87 81 36
87 82 38
87 83 96
87 84 48
87 85 5
87 86 54
87 87 -1
87 88 77
87 89 78
87 90 86
88 1 73
88 2 73
88 3 59
88 4 77
88 5 63
88 6 52
88 7 25
88 8 75
88 9 11
88 10 51
88 11 61
88 12 55
88 13 79
88 14 68
88 15 69
88 16 23
88 17 91
88 18 55
88 19 27
88 20 48
88 21 33
88 22 23
88 23 79
88 24 80
88 25 16
88 26 84
88 27 49
88 28 58
88 29 47
88 30 85
88 31 74
88 32 69
88 33 82
88 34 81
88 35 99
88 36 66
88 37 60
88 38 31
88 39 103
88 40 45
88 41 99
88 42 75
88 43 94
88 44 23
88 45 86
88 46 48
88 47 77
88 48 72
88 49 68
88 50 50
88 51 68
88 52 1
88 53 66
88 54 20
88 55 72
88 56 11
88 57 67
88 58 45
88 59 60
88 60 41
88 61 32
88 62 67
88 63 31
88 64 76
88 65 30
88 66 66
88 67 4
88 68 86
88 69 72
88 70 44
88 71 48
88 72 68
88 73 44
88 74 73
88 75 18
88 76 40
88 77 74
88 78 69
88 79 24
88 80 73
88 81 55
88 82 44
88 83 64
88 84 99
88 85 74
88 86 35
88 87 77
88 88 -1
88 89 57
88 90 42
89 1 18
89 2 79
89 3 57
89 4 94
89 5 27
89 6 19
89 7 51
89 8 19
89 9 50
89 10 18
89 11 25
89 12 10
89 13 52
89 14 75
89 15 45
89 16 37
89 17 49
89 18 83
89 19 56
89 20 29
89 21 24
89 22 39
89 23 100
89 24 60
89 25 58
89 26 70
89 27 12
89 28 75
89 29 41
89 30 37
89 31 85
89 32 89
89 33 38
89 34 68
89 35 61
89 36 84
89 37 61
89 38 26
89 39 68
89 40 43
89 41 73
89 42 18
89 43 55
89 44 35
89 45 52
89 46 69
89 47 96
89 48 49
89 49 17
89 50 14
89 51 78
89 52 57
89 53 33
89 54 37
89 55 66
89 56 56
89 57 59
89 58 14
89 59 31
89 60 17
89 61 28
89 62 51
89 63 26
89 64 21
89 65 27
89 66 9
89 67 54
89 68 40
89 69 15
89 70 55
89 71 64
89 72 48
89 73 71
89 74 36
89 75 44
89 76 47
89 77 48
89 78 66
89 79 58
89 80 16
89 81 83
89 82 45
89 83 17
89 84 68
89 85 72
89 86 32
89 87 78
89 88 57
89 89 -1
89 90 20
90 1 39
90 2 85
90 3 64
90 4 97
90 5 43
90 6 31
90 7 46
90 8 33
90 9 39
90 10 29
90 11 40
90 12 26
90 13 67
90 14 80
90 15 59
90 16 31
90 17 68
90 18 82
90 19 51
90 20 37
90 21 18
90 22 21
90 23 102
90 24 74
90 25 48
90 26 83
90 27 8
90 28 77
90 29 47
90 30 57
90 31 90
90 32 91
90 33 57
90 34 80
90 35 80
90 36 86
90 37 67
90 38 19
90 39 86
90 40 48
90 41 89
90 42 38
90 43 73
90 44 19
90 45 69
90 46 69
90 47 98
90 48 63
90 49 37
90 50 8
90 51 83
90 52 42
90 53 48
90 54 23
90 55 75
90 56 45
90 57 68
90 58 20
90 59 44
90 60 8
90 61 10
90 62 63
90 63 14
90 64 41
90 65 18
90 66 30
90 67 40
90 68 60
90 69 31
90 70 57
90 71 65
90 72 61
90 73 69
90 74 53
90 75 27
90 76 49
90 77 62
90 78 74
90 79 51
90 80 34
90 81 82
90 82 49
90 83 22
90 84 85
90 85 81
90 86 32
90 87 86
90 88 42
90 89 20
90 90 -1
