29 3
29 70
29 40
29 76
29 82
29 20
29 86
57 34
57 3
57 37
57 72
57 78
57 48
57 85
57 55
57 24
57 26
57 62
56 67
56 7
56 9
56 79
56 19
56 52
56 88
56 25
69 64
69 1
69 66
69 8
69 42
69 80
69 83
69 89
15 72
15 74
15 13
15 77
15 48
15 53
15 24
15 59
15 62
10 5
10 6
10 11
10 12
10 20
10 58
10 59
80 64
80 1
80 66
80 69
80 8
80 42
80 49
80 89
62 34
62 3
62 72
62 13
62 77
62 15
62 48
62 55
62 24
62 57
47 32
47 4
47 36
47 23
47 31
86 65
86 38
86 40
86 76
86 16
86 82
86 20
86 21
86 29
12 66
12 5
12 6
12 10
12 11
12 49
12 89
12 58
65 38
65 44
65 16
65 21
65 22
65 54
65 86
65 58
65 60
65 61
65 63
41 84
41 39
55 2
55 3
55 34
55 37
55 14
55 78
55 85
55 87
55 24
55 57
55 26
55 62
4 32
4 36
4 47
4 51
4 23
4 31
21 65
21 38
21 44
21 16
21 54
21 86
21 58
21 60
21 61
21 63
25 67
25 7
25 9
25 79
25 19
25 52
25 56
25 88
17 33
17 35
17 68
17 43
17 45
17 30
61 65
61 38
61 75
61 44
61 50
61 21
61 22
61 54
61 90
61 27
61 60
61 63
48 72
48 45
48 13
48 15
48 77
48 53
48 24
48 57
48 62
28 32
28 36
28 71
28 73
28 14
28 46
28 81
28 18
28 51
28 31
71 3
71 37
71 70
71 73
71 76
71 46
71 28
24 34
24 72
24 13
24 77
24 15
24 48
24 55
24 57
24 26
24 62
39 35
39 41
39 43
39 45
39 84
40 3
40 70
40 76
40 82
40 20
40 86
40 29
11 5
11 6
11 10
11 74
11 12
11 49
11 20
11 53
11 59
84 35
84 39
84 41
84 43
84 45
50 83
50 89
50 90
50 27
50 60
50 61
72 13
72 77
72 15
72 48
72 53
72 24
72 57
72 59
72 62
68 33
68 74
68 43
68 17
68 30
89 66
89 69
89 12
89 80
89 49
89 50
89 83
89 58
89 27
89 60
27 90
27 50
27 83
27 89
27 58
27 60
27 61
42 64
42 1
42 66
42 69
42 8
42 80
42 49
85 2
85 3
85 34
85 37
85 14
85 78
85 51
85 87
85 55
85 57
85 26
85 31
70 3
70 37
70 71
70 40
70 76
70 46
70 82
70 29
3 37
3 70
3 71
3 40
3 78
3 82
3 85
3 55
3 57
3 29
3 62
78 2
78 3
78 34
78 37
78 14
78 51
78 85
78 87
78 55
78 57
43 33
43 35
43 68
43 39
43 45
43 17
43 84
49 64
49 1
49 66
49 5
49 42
49 11
49 12
49 80
49 89
73 71
73 46
73 81
73 18
73 28
81 32
81 36
81 73
81 46
81 18
81 28
51 32
51 2
51 4
51 36
51 37
51 14
51 78
51 85
51 87
51 28
51 31
63 65
63 90
63 38
63 44
63 16
63 21
63 22
63 54
63 58
63 60
63 61
38 65
38 44
38 16
38 21
38 54
38 86
38 58
38 60
38 61
38 63
77 72
77 74
77 45
77 13
77 15
77 48
77 53
77 24
77 62
