1 1 33
1 2 52
1 3 78
1 4 88
1 5 53
1 6 44
1 7 36
1 8 55
1 9 54
1 10 97
1 11 49
1 12 71
1 13 27
1 14 92
1 15 33
1 16 37
1 17 49
1 18 19
1 19 44
1 20 9
1 21 25
1 22 32
1 23 75
1 24 87
1 25 51
1 26 20
1 27 54
1 28 84
1 29 6
1 30 1
1 31 15
1 32 7
1 33 10
1 34 31
1 35 63
1 36 84
1 37 76
1 38 38
1 39 82
1 40 19
1 41 92
1 42 24
1 43 70
1 44 58
1 45 57
1 46 41
1 47 74
1 48 22
1 49 65
1 50 22
1 51 54
1 52 16
1 53 94
1 54 51
1 55 30
1 56 31
1 57 47
1 58 86
1 59 94
1 60 7
2 1 51
2 2 42
2 3 51
2 4 36
2 5 86
2 6 33
2 7 67
2 8 27
2 9 27
2 10 7
2 11 21
2 12 38
2 13 16
2 14 40
2 15 40
2 16 72
2 17 74
2 18 82
2 19 35
2 20 67
2 21 83
2 22 8
2 23 62
2 24 95
2 25 26
2 26 13
2 27 12
2 28 32
2 29 25
2 30 82
2 31 64
2 32 65
2 33 40
2 34 64
2 35 6
2 36 54
2 37 20
2 38 70
2 39 8
2 40 7
2 41 30
2 42 12
2 43 48
2 44 67
2 45 49
2 46 68
2 47 71
2 48 17
2 49 35
2 50 44
2 51 38
2 52 46
2 53 36
2 54 83
2 55 53
2 56 81
2 57 41
2 58 12
2 59 82
2 60 71
3 1 63
3 2 80
3 3 33
3 4 33
3 5 75
3 6 11
3 7 53
3 8 77
3 9 65
3 10 43
3 11 30
3 12 29
3 13 80
3 14 91
3 15 10
3 16 1
3 17 47
3 18 20
3 19 26
3 20 18
3 21 31
3 22 42
3 23 100
3 24 77
3 25 67
3 26 32
3 27 4
3 28 19
3 29 92
3 30 100
3 31 35
3 32 70
3 33 88
3 34 80
3 35 98
3 36 27
3 37 2
3 38 36
3 39 24
3 40 46
3 41 4
3 42 36
3 43 85
3 44 29
3 45 90
3 46 22
3 47 37
3 48 50
3 49 87
3 50 86
3 51 1
3 52 26
3 53 53
3 54 90
3 55 26
3 56 85
3 57 77
3 58 78
3 59 61
3 60 80
4 1 83
4 2 64
4 3 48
4 4 10
4 5 94
4 6 46
4 7 8
4 8 56
4 9 52
4 10 75
4 11 20
4 12 35
4 13 57
4 14 80
4 15 9
4 16 29
4 17 85
4 18 36
4 19 88
4 20 95
4 21 15
4 22 4
4 23 39
4 24 48
4 25 41
4 26 93
4 27 80
4 28 46
4 29 57
4 30 16
4 31 97
4 32 52
4 33 92
4 34 58
4 35 78
4 36 28
4 37 44
4 38 66
4 39 11
4 40 39
4 41 89
4 42 52
4 43 78
4 44 93
4 45 77
4 46 26
4 47 61
4 48 70
4 49 25
4 50 89
4 51 44
4 52 85
4 53 71
4 54 33
4 55 42
4 56 28
4 57 43
4 58 48
4 59 47
4 60 20
5 1 32
5 2 60
5 3 88
5 4 67
5 5 89
5 6 58
5 7 79
5 8 92
5 9 38
5 10 28
5 11 21
5 12 47
5 13 46
5 14 99
5 15 61
5 16 86
5 17 88
5 18 57
5 19 35
5 20 55
5 21 47
5 22 19
5 23 53
5 24 14
5 25 57
5 26 22
5 27 75
5 28 27
5 29 76
5 30 60
5 31 79
5 32 22
5 33 19
5 34 93
5 35 7
5 36 74
5 37 40
5 38 74
5 39 81
5 40 71
5 41 97
5 42 89
5 43 96
5 44 75
5 45 19
5 46 43
5 47 92
5 48 27
5 49 39
5 50 77
5 51 72
5 52 61
5 53 50
5 54 66
5 55 54
5 56 37
5 57 21
5 58 57
5 59 57
5 60 17
6 1 6
6 2 44
6 3 16
6 4 47
6 5 81
6 6 85
6 7 77
6 8 9
6 9 75
6 10 3
6 11 52
6 12 99
6 13 23
6 14 62
6 15 96
6 16 73
6 17 34
6 18 52
6 19 43
6 20 53
6 21 98
6 22 27
6 23 51
6 24 67
6 25 43
6 26 62
6 27 92
6 28 68
6 29 92
6 30 97
6 31 1
6 32 56
6 33 92
6 34 75
6 35 70
6 36 56
6 37 40
6 38 49
6 39 77
6 40 90
6 41 50
6 42 88
6 43 68
6 44 85
6 45 73
6 46 85
6 47 41
6 48 9
6 49 84
6 50 83
6 51 54
6 52 69
6 53 45
6 54 95
6 55 98
6 56 68
6 57 54
6 58 48
6 59 88
6 60 81
7 1 6
7 2 64
7 3 29
7 4 29
7 5 68
7 6 11
7 7 17
7 8 66
7 9 22
7 10 62
7 11 37
7 12 68
7 13 29
7 14 23
7 15 77
7 16 32
7 17 92
7 18 11
7 19 54
7 20 77
7 21 68
7 22 45
7 23 17
7 24 37
7 25 12
7 26 45
7 27 67
7 28 70
7 29 86
7 30 76
7 31 41
7 32 30
7 33 2
7 34 73
7 35 7
7 36 98
7 37 90
7 38 5
7 39 85
7 40 38
7 41 24
7 42 98
7 43 54
7 44 20
7 45 14
7 46 22
7 47 8
7 48 53
7 49 19
7 50 28
7 51 99
7 52 8
7 53 12
7 54 59
7 55 36
7 56 92
7 57 88
7 58 25
7 59 90
7 60 13
8 1 88
8 2 46
8 3 32
8 4 40
8 5 75
8 6 76
8 7 2
8 8 30
8 9 67
8 10 33
8 11 8
8 12 96
8 13 38
8 14 85
8 15 83
8 16 41
8 17 10
8 18 92
8 19 92
8 20 21
8 21 73
8 22 92
8 23 23
8 24 20
8 25 89
8 26 35
8 27 75
8 28 14
8 29 64
8 30 99
8 31 83
8 32 55
8 33 59
8 34 96
8 35 6
8 36 83
8 37 72
8 38 9
8 39 41
8 40 56
8 41 60
8 42 54
8 43 78
8 44 88
8 45 90
8 46 97
8 47 48
8 48 80
8 49 21
8 50 22
8 51 61
8 52 84
8 53 85
8 54 17
8 55 65
8 56 20
8 57 66
8 58 13
8 59 25
8 60 4
9 1 78
9 2 13
9 3 82
9 4 70
9 5 50
9 6 20
9 7 14
9 8 62
9 9 80
9 10 20
9 11 25
9 12 7
9 13 74
9 14 33
9 15 23
9 16 61
9 17 37
9 18 69
9 19 25
9 20 7
9 21 67
9 22 80
9 23 20
9 24 7
9 25 35
9 26 89
9 27 44
9 28 79
9 29 17
9 30 66
9 31 38
9 32 67
9 33 67
9 34 29
9 35 48
9 36 35
9 37 63
9 38 23
9 39 29
9 40 54
9 41 49
9 42 90
9 43 35
9 44 73
9 45 59
9 46 72
9 47 20
9 48 88
9 49 36
9 50 66
9 51 44
9 52 85
9 53 85
9 54 39
9 55 5
9 56 39
9 57 32
9 58 10
9 59 13
9 60 50
10 1 7
10 2 58
10 3 89
10 4 58
10 5 89
10 6 94
10 7 58
10 8 32
10 9 36
10 10 96
10 11 73
10 12 85
10 13 1
10 14 36
10 15 22
10 16 4
10 17 89
10 18 18
10 19 42
10 20 33
10 21 80
10 22 52
10 23 87
10 24 36
10 25 94
10 26 59
10 27 98
10 28 9
10 29 28
10 30 29
10 31 82
10 32 39
10 33 9
10 34 76
10 35 80
10 36 61
10 37 16
10 38 5
10 39 60
10 40 3
10 41 4
10 42 55
10 43 88
10 44 50
10 45 47
10 46 96
10 47 21
10 48 27
10 49 3
10 50 2
10 51 7
10 52 86
10 53 73
10 54 21
10 55 24
10 56 31
10 57 68
10 58 93
10 59 10
10 60 5
11 1 87
11 2 78
11 3 67
11 4 36
11 5 23
11 6 95
11 7 43
11 8 33
11 9 34
11 10 38
11 11 62
11 12 56
11 13 27
11 14 60
11 15 9
11 16 9
11 17 36
11 18 65
11 19 80
11 20 44
11 21 40
11 22 100
11 23 56
11 24 97
11 25 73
11 26 71
11 27 69
11 28 11
11 29 59
11 30 61
11 31 22
11 32 77
11 33 32
11 34 27
11 35 78
11 36 88
11 37 16
11 38 62
11 39 76
11 40 42
11 41 96
11 42 17
11 43 13
11 44 49
11 45 90
11 46 23
11 47 87
11 48 60
11 49 41
11 50 7
11 51 4
11 52 30
11 53 78
11 54 20
11 55 93
11 56 77
11 57 12
11 58 75
11 59 59
11 60 35
12 1 65
12 2 19
12 3 69
12 4 12
12 5 69
12 6 17
12 7 86
12 8 74
12 9 95
12 10 77
12 11 13
12 12 92
12 13 5
12 14 73
12 15 96
12 16 77
12 17 98
12 18 11
12 19 17
12 20 77
12 21 92
12 22 90
12 23 29
12 24 67
12 25 72
12 26 85
12 27 40
12 28 64
12 29 52
12 30 2
12 31 76
12 32 31
12 33 1
12 34 37
12 35 28
12 36 2
12 37 14
12 38 41
12 39 31
12 40 76
12 41 94
12 42 4
12 43 50
12 44 96
12 45 67
12 46 4
12 47 75
12 48 74
12 49 68
12 50 98
12 51 57
12 52 43
12 53 1
12 54 97
12 55 96
12 56 100
12 57 5
12 58 22
12 59 86
12 60 36
13 1 90
13 2 49
13 3 56
13 4 46
13 5 52
13 6 11
13 7 40
13 8 25
13 9 76
13 10 12
13 11 3
13 12 16
13 13 33
13 14 32
13 15 21
13 16 38
13 17 78
13 18 5
13 19 56
13 20 9
13 21 12
13 22 12
13 23 22
13 24 85
13 25 77
13 26 1
13 27 6
13 28 87
13 29 97
13 30 15
13 31 65
13 32 71
13 33 42
13 34 28
13 35 40
13 36 88
13 37 93
13 38 39
13 39 39
13 40 42
13 41 34
13 42 33
13 43 74
13 44 45
13 45 12
13 46 63
13 47 68
13 48 27
13 49 41
13 50 49
13 51 19
13 52 36
13 53 59
13 54 75
13 55 94
13 56 75
13 57 65
13 58 7
13 59 51
13 60 79
14 1 98
14 2 70
14 3 11
14 4 13
14 5 44
14 6 17
14 7 97
14 8 70
14 9 37
14 10 71
14 11 48
14 12 56
14 13 46
14 14 14
14 15 35
14 16 44
14 17 12
14 18 15
14 19 92
14 20 74
14 21 84
14 22 99
14 23 95
14 24 10
14 25 100
14 26 83
14 27 12
14 28 15
14 29 44
14 30 51
14 31 36
14 32 47
14 33 80
14 34 10
14 35 97
14 36 32
14 37 56
14 38 63
14 39 56
14 40 30
14 41 16
14 42 29
14 43 18
14 44 37
14 45 28
14 46 3
14 47 14
14 48 45
14 49 68
14 50 92
14 51 55
14 52 74
14 53 51
14 54 35
14 55 98
14 56 71
14 57 9
14 58 72
14 59 16
14 60 95
15 1 82
15 2 34
15 3 24
15 4 40
15 5 14
15 6 70
15 7 75
15 8 60
15 9 94
15 10 30
15 11 39
15 12 38
15 13 77
15 14 72
15 15 58
15 16 18
15 17 22
15 18 16
15 19 62
15 20 51
15 21 35
15 22 3
15 23 51
15 24 74
15 25 43
15 26 26
15 27 68
15 28 9
15 29 45
15 30 49
15 31 20
15 32 31
15 33 33
15 34 25
15 35 19
15 36 23
15 37 68
15 38 15
15 39 16
15 40 19
15 41 73
15 42 53
15 43 81
15 44 9
15 45 82
15 46 88
15 47 7
15 48 13
15 49 35
15 50 76
15 51 83
15 52 74
15 53 26
15 54 71
15 55 61
15 56 90
15 57 39
15 58 35
15 59 59
15 60 85
16 1 2
16 2 16
16 3 54
16 4 53
16 5 68
16 6 1
16 7 59
16 8 98
16 9 37
16 10 14
16 11 24
16 12 18
16 13 77
16 14 63
16 15 63
16 16 84
16 17 93
16 18 22
16 19 13
16 20 68
16 21 97
16 22 46
16 23 14
16 24 59
16 25 31
16 26 44
16 27 94
16 28 69
16 29 63
16 30 93
16 31 7
16 32 78
16 33 26
16 34 2
16 35 85
16 36 92
16 37 25
16 38 55
16 39 40
16 40 17
16 41 46
16 42 3
16 43 28
16 44 72
16 45 37
16 46 50
16 47 82
16 48 17
16 49 33
16 50 39
16 51 58
16 52 3
16 53 85
16 54 7
16 55 81
16 56 74
16 57 82
16 58 30
16 59 6
16 60 45
17 1 14
17 2 98
17 3 33
17 4 67
17 5 56
17 6 99
17 7 10
17 8 85
17 9 67
17 10 29
17 11 43
17 12 54
17 13 12
17 14 68
17 15 41
17 16 40
17 17 11
17 18 27
17 19 77
17 20 54
17 21 66
17 22 71
17 23 77
17 24 49
17 25 62
17 26 87
17 27 1
17 28 65
17 29 9
17 30 43
17 31 73
17 32 88
17 33 38
17 34 7
17 35 89
17 36 52
17 37 18
17 38 26
17 39 28
17 40 95
17 41 6
17 42 64
17 43 46
17 44 30
17 45 3
17 46 12
17 47 40
17 48 58
17 49 80
17 50 35
17 51 44
17 52 42
17 53 86
17 54 2
17 55 94
17 56 85
17 57 6
17 58 68
17 59 34
17 60 89
18 1 62
18 2 91
18 3 61
18 4 62
18 5 91
18 6 81
18 7 74
18 8 44
18 9 83
18 10 17
18 11 96
18 12 85
18 13 35
18 14 37
18 15 42
18 16 86
18 17 25
18 18 88
18 19 59
18 20 53
18 21 41
18 22 74
18 23 81
18 24 77
18 25 88
18 26 49
18 27 48
18 28 13
18 29 92
18 30 92
18 31 75
18 32 57
18 33 4
18 34 66
18 35 54
18 36 52
18 37 37
18 38 31
18 39 96
18 40 54
18 41 61
18 42 27
18 43 79
18 44 87
18 45 89
18 46 47
18 47 48
18 48 11
18 49 65
18 50 47
18 51 100
18 52 90
18 53 78
18 54 20
18 55 47
18 56 2
18 57 17
18 58 4
18 59 45
18 60 1
19 1 2
19 2 24
19 3 26
19 4 71
19 5 99
19 6 4
19 7 86
19 8 59
19 9 35
19 10 62
19 11 74
19 12 47
19 13 37
19 14 62
19 15 65
19 16 61
19 17 55
19 18 8
19 19 61
19 20 88
19 21 85
19 22 54
19 23 75
19 24 77
19 25 57
19 26 35
19 27 29
19 28 56
19 29 90
19 30 95
19 31 41
19 32 16
19 33 36
19 34 54
19 35 13
19 36 18
19 37 86
19 38 58
19 39 87
19 40 56
19 41 59
19 42 21
19 43 73
19 44 84
19 45 9
19 46 1
19 47 94
19 48 39
19 49 94
19 50 21
19 51 20
19 52 15
19 53 59
19 54 42
19 55 54
19 56 42
19 57 91
19 58 61
19 59 82
19 60 99
20 1 16
20 2 7
20 3 99
20 4 51
20 5 62
20 6 94
20 7 36
20 8 68
20 9 21
20 10 25
20 11 38
20 12 27
20 13 10
20 14 48
20 15 66
20 16 89
20 17 13
20 18 97
20 19 100
20 20 28
20 21 3
20 22 58
20 23 55
20 24 26
20 25 19
20 26 84
20 27 77
20 28 11
20 29 60
20 30 22
20 31 48
20 32 1
20 33 34
20 34 49
20 35 72
20 36 39
20 37 88
20 38 4
20 39 97
20 40 67
20 41 96
20 42 11
20 43 81
20 44 87
20 45 21
20 46 46
20 47 27
20 48 40
20 49 40
20 50 45
20 51 4
20 52 77
20 53 47
20 54 41
20 55 88
20 56 41
20 57 93
20 58 28
20 59 91
20 60 90
21 1 53
21 2 6
21 3 77
21 4 94
21 5 84
21 6 33
21 7 74
21 8 65
21 9 84
21 10 71
21 11 91
21 12 100
21 13 26
21 14 21
21 15 57
21 16 67
21 17 87
21 18 30
21 19 25
21 20 62
21 21 89
21 22 62
21 23 8
21 24 1
21 25 47
21 26 88
21 27 14
21 28 49
21 29 25
21 30 14
21 31 93
21 32 99
21 33 2
21 34 89
21 35 3
21 36 51
21 37 34
21 38 15
21 39 47
21 40 96
21 41 83
21 42 44
21 43 94
21 44 79
21 45 78
21 46 86
21 47 66
21 48 100
21 49 29
21 50 9
21 51 73
21 52 2
21 53 85
21 54 12
21 55 82
21 56 52
21 57 54
21 58 25
21 59 31
21 60 99
22 1 95
22 2 3
22 3 47
22 4 99
22 5 25
22 6 97
22 7 76
22 8 15
22 9 100
22 10 31
22 11 12
22 12 53
22 13 98
22 14 31
22 15 41
22 16 99
22 17 97
22 18 31
22 19 50
22 20 87
22 21 1
22 22 71
22 23 95
22 24 22
22 25 33
22 26 68
22 27 46
22 28 88
22 29 52
22 30 69
22 31 98
22 32 91
22 33 10
22 34 1
22 35 65
22 36 5
22 37 6
22 38 46
22 39 26
22 40 38
22 41 13
22 42 54
22 43 100
22 44 67
22 45 98
22 46 84
22 47 51
22 48 72
22 49 40
22 50 93
22 51 35
22 52 5
22 53 39
22 54 98
22 55 6
22 56 53
22 57 3
22 58 49
22 59 89
22 60 65
23 1 31
23 2 79
23 3 70
23 4 26
23 5 35
23 6 30
23 7 96
23 8 3
23 9 37
23 10 78
23 11 1
23 12 70
23 13 63
23 14 14
23 15 65
23 16 77
23 17 13
23 18 8
23 19 95
23 20 60
23 21 54
23 22 68
23 23 71
23 24 34
23 25 70
23 26 53
23 27 96
23 28 42
23 29 93
23 30 5
23 31 34
23 32 98
23 33 10
23 34 11
23 35 77
23 36 92
23 37 33
23 38 43
23 39 30
23 40 43
23 41 90
23 42 14
23 43 29
23 44 30
23 45 80
23 46 76
23 47 92
23 48 62
23 49 9
23 50 60
23 51 81
23 52 15
23 53 5
23 54 17
23 55 74
23 56 86
23 57 32
23 58 67
23 59 35
23 60 64
24 1 70
24 2 50
24 3 25
24 4 88
24 5 29
24 6 40
24 7 68
24 8 53
24 9 92
24 10 78
24 11 46
24 12 74
24 13 63
24 14 43
24 15 83
24 16 99
24 17 88
24 18 39
24 19 23
24 20 41
24 21 31
24 22 9
24 23 77
24 24 79
24 25 65
24 26 79
24 27 38
24 28 43
24 29 53
24 30 19
24 31 66
24 32 52
24 33 12
24 34 31
24 35 54
24 36 39
24 37 62
24 38 6
24 39 41
24 40 48
24 41 4
24 42 3
24 43 93
24 44 81
24 45 95
24 46 99
24 47 77
24 48 6
24 49 66
24 50 14
24 51 64
24 52 38
24 53 78
24 54 96
24 55 7
24 56 81
24 57 12
24 58 83
24 59 22
24 60 23
25 1 62
25 2 12
25 3 57
25 4 32
25 5 21
25 6 12
25 7 74
25 8 76
25 9 24
25 10 3
25 11 17
25 12 1
25 13 37
25 14 69
25 15 27
25 16 50
25 17 7
25 18 16
25 19 57
25 20 10
25 21 51
25 22 31
25 23 61
25 24 12
25 25 6
25 26 91
25 27 72
25 28 26
25 29 4
25 30 79
25 31 55
25 32 60
25 33 23
25 34 18
25 35 43
25 36 9
25 37 20
25 38 87
25 39 53
25 40 41
25 41 80
25 42 45
25 43 55
25 44 79
25 45 84
25 46 19
25 47 44
25 48 22
25 49 81
25 50 56
25 51 99
25 52 86
25 53 68
25 54 21
25 55 42
25 56 16
25 57 36
25 58 85
25 59 64
25 60 54
26 1 58
26 2 3
26 3 69
26 4 27
26 5 96
26 6 4
26 7 42
26 8 33
26 9 11
26 10 55
26 11 32
26 12 73
26 13 86
26 14 24
26 15 57
26 16 98
26 17 55
26 18 88
26 19 74
26 20 46
26 21 64
26 22 53
26 23 32
26 24 53
26 25 95
26 26 73
26 27 28
26 28 14
26 29 29
26 30 35
26 31 90
26 32 84
26 33 17
26 34 77
26 35 96
26 36 57
26 37 49
26 38 15
26 39 3
26 40 89
26 41 87
26 42 13
26 43 62
26 44 53
26 45 29
26 46 6
26 47 73
26 48 64
26 49 88
26 50 14
26 51 71
26 52 69
26 53 97
26 54 57
26 55 65
26 56 85
26 57 25
26 58 56
26 59 37
26 60 74
27 1 8
27 2 100
27 3 62
27 4 35
27 5 82
27 6 28
27 7 59
27 8 16
27 9 45
27 10 46
27 11 69
27 12 65
27 13 95
27 14 82
27 15 86
27 16 40
27 17 96
27 18 24
27 19 86
27 20 20
27 21 22
27 22 14
27 23 23
27 24 95
27 25 99
27 26 34
27 27 14
27 28 8
27 29 18
27 30 36
27 31 56
27 32 5
27 33 13
27 34 91
27 35 81
27 36 10
27 37 84
27 38 35
27 39 26
27 40 16
27 41 46
27 42 34
27 43 3
27 44 45
27 45 58
27 46 86
27 47 8
27 48 29
27 49 10
27 50 87
27 51 10
27 52 38
27 53 11
27 54 56
27 55 34
27 56 3
27 57 79
27 58 32
27 59 79
27 60 91
28 1 26
28 2 59
28 3 80
28 4 19
28 5 3
28 6 21
28 7 35
28 8 26
28 9 67
28 10 90
28 11 2
28 12 81
28 13 21
28 14 7
28 15 86
28 16 96
28 17 29
28 18 84
28 19 5
28 20 12
28 21 89
28 22 85
28 23 41
28 24 97
28 25 39
28 26 51
28 27 96
28 28 37
28 29 27
28 30 86
28 31 60
28 32 30
28 33 57
28 34 91
28 35 59
28 36 65
28 37 69
28 38 97
28 39 12
28 40 2
28 41 97
28 42 11
28 43 53
28 44 97
28 45 6
28 46 19
28 47 40
28 48 72
28 49 98
28 50 57
28 51 6
28 52 64
28 53 40
28 54 5
28 55 16
28 56 11
28 57 2
28 58 30
28 59 5
28 60 25
29 1 45
29 2 98
29 3 76
29 4 96
29 5 59
29 6 90
29 7 37
29 8 12
29 9 68
29 10 13
29 11 32
29 12 81
29 13 83
29 14 25
29 15 6
29 16 13
29 17 75
29 18 83
29 19 87
29 20 86
29 21 64
29 22 65
29 23 1
29 24 88
29 25 56
29 26 63
29 27 52
29 28 22
29 29 71
29 30 95
29 31 56
29 32 89
29 33 48
29 34 76
29 35 100
29 36 87
29 37 27
29 38 13
29 39 81
29 40 12
29 41 68
29 42 29
29 43 18
29 44 46
29 45 78
29 46 20
29 47 45
29 48 42
29 49 94
29 50 52
29 51 13
29 52 37
29 53 97
29 54 50
29 55 67
29 56 38
29 57 91
29 58 36
29 59 93
29 60 22
30 1 14
30 2 38
30 3 75
30 4 13
30 5 42
30 6 1
30 7 64
30 8 76
30 9 1
30 10 43
30 11 37
30 12 35
30 13 11
30 14 3
30 15 6
30 16 5
30 17 67
30 18 54
30 19 43
30 20 91
30 21 17
30 22 35
30 23 96
30 24 2
30 25 71
30 26 25
30 27 43
30 28 1
30 29 73
30 30 45
30 31 68
30 32 87
30 33 55
30 34 81
30 35 85
30 36 24
30 37 25
30 38 90
30 39 40
30 40 47
30 41 50
30 42 29
30 43 45
30 44 62
30 45 79
30 46 34
30 47 50
30 48 61
30 49 91
30 50 11
30 51 34
30 52 20
30 53 89
30 54 29
30 55 18
30 56 96
30 57 8
30 58 27
30 59 66
30 60 27
31 1 86
31 2 54
31 3 50
31 4 27
31 5 64
31 6 49
31 7 47
31 8 48
31 9 99
31 10 51
31 11 32
31 12 3
31 13 86
31 14 60
31 15 82
31 16 53
31 17 30
31 18 73
31 19 21
31 20 26
31 21 71
31 22 68
31 23 40
31 24 3
31 25 24
31 26 27
31 27 97
31 28 13
31 29 27
31 30 22
31 31 45
31 32 89
31 33 53
31 34 52
31 35 10
31 36 28
31 37 34
31 38 75
31 39 10
31 40 49
31 41 11
31 42 23
31 43 64
31 44 39
31 45 51
31 46 30
31 47 39
31 48 46
31 49 76
31 50 18
31 51 97
31 52 85
31 53 16
31 54 59
31 55 73
31 56 22
31 57 19
31 58 73
31 59 63
31 60 47
32 1 57
32 2 75
32 3 72
32 4 21
32 5 25
32 6 33
32 7 47
32 8 5
32 9 43
32 10 64
32 11 92
32 12 21
32 13 84
32 14 32
32 15 28
32 16 48
32 17 68
32 18 70
32 19 61
32 20 13
32 21 12
32 22 69
32 23 77
32 24 17
32 25 86
32 26 30
32 27 4
32 28 99
32 29 97
32 30 22
32 31 97
32 32 65
32 33 41
32 34 83
32 35 36
32 36 75
32 37 12
32 38 45
32 39 20
32 40 75
32 41 34
32 42 13
32 43 6
32 44 48
32 45 48
32 46 30
32 47 89
32 48 58
32 49 45
32 50 53
32 51 81
32 52 52
32 53 85
32 54 15
32 55 79
32 56 65
32 57 67
32 58 10
32 59 5
32 60 67
33 1 17
33 2 53
33 3 82
33 4 61
33 5 6
33 6 32
33 7 24
33 8 23
33 9 82
33 10 9
33 11 81
33 12 91
33 13 2
33 14 26
33 15 91
33 16 42
33 17 28
33 18 59
33 19 47
33 20 84
33 21 54
33 22 85
33 23 36
33 24 43
33 25 6
33 26 19
33 27 6
33 28 73
33 29 93
33 30 48
33 31 45
33 32 47
33 33 79
33 34 40
33 35 33
33 36 20
33 37 37
33 38 61
33 39 48
33 40 46
33 41 57
33 42 82
33 43 100
33 44 43
33 45 84
33 46 20
33 47 5
33 48 97
33 49 63
33 50 93
33 51 11
33 52 24
33 53 35
33 54 26
33 55 30
33 56 8
33 57 1
33 58 25
33 59 16
33 60 49
34 1 8
34 2 81
34 3 100
34 4 72
34 5 30
34 6 88
34 7 11
34 8 99
34 9 70
34 10 64
34 11 63
34 12 13
34 13 76
34 14 31
34 15 1
34 16 96
34 17 84
34 18 86
34 19 62
34 20 25
34 21 61
34 22 73
34 23 28
34 24 31
34 25 13
34 26 48
34 27 49
34 28 72
34 29 51
34 30 57
34 31 22
34 32 80
34 33 38
34 34 57
34 35 81
34 36 27
34 37 21
34 38 67
34 39 87
34 40 63
34 41 78
34 42 52
34 43 82
34 44 85
34 45 50
34 46 63
34 47 74
34 48 17
34 49 96
34 50 30
34 51 4
34 52 13
34 53 51
34 54 47
34 55 76
34 56 5
34 57 100
34 58 10
34 59 45
34 60 78
35 1 21
35 2 38
35 3 7
35 4 43
35 5 57
35 6 20
35 7 85
35 8 24
35 9 57
35 10 85
35 11 92
35 12 51
35 13 19
35 14 46
35 15 19
35 16 60
35 17 73
35 18 58
35 19 49
35 20 23
35 21 48
35 22 68
35 23 58
35 24 4
35 25 45
35 26 33
35 27 37
35 28 15
35 29 16
35 30 77
35 31 80
35 32 25
35 33 95
35 34 30
35 35 29
35 36 69
35 37 3
35 38 63
35 39 54
35 40 14
35 41 46
35 42 44
35 43 54
35 44 22
35 45 1
35 46 34
35 47 58
35 48 7
35 49 48
35 50 20
35 51 52
35 52 83
35 53 58
35 54 24
35 55 5
35 56 9
35 57 91
35 58 57
35 59 59
35 60 72
36 1 11
36 2 22
36 3 74
36 4 1
36 5 72
36 6 72
36 7 18
36 8 73
36 9 67
36 10 15
36 11 93
36 12 6
36 13 73
36 14 5
36 15 47
36 16 96
36 17 28
36 18 55
36 19 30
36 20 74
36 21 99
36 22 15
36 23 93
36 24 21
36 25 41
36 26 50
36 27 3
36 28 86
36 29 45
36 30 93
36 31 86
36 32 81
36 33 14
36 34 64
36 35 58
36 36 74
36 37 28
36 38 29
36 39 89
36 40 37
36 41 2
36 42 27
36 43 76
36 44 75
36 45 76
36 46 94
36 47 72
36 48 50
36 49 24
36 50 28
36 51 46
36 52 27
36 53 60
36 54 97
36 55 72
36 56 2
36 57 44
36 58 19
36 59 95
36 60 68
37 1 25
37 2 63
37 3 63
37 4 22
37 5 26
37 6 76
37 7 47
37 8 89
37 9 13
37 10 83
37 11 18
37 12 45
37 13 43
37 14 80
37 15 100
37 16 33
37 17 74
37 18 72
37 19 2
37 20 16
37 21 45
37 22 14
37 23 83
37 24 85
37 25 20
37 26 76
37 27 40
37 28 66
37 29 16
37 30 6
37 31 17
37 32 65
37 33 20
37 34 49
37 35 69
37 36 97
37 37 11
37 38 56
37 39 70
37 40 74
37 41 29
37 42 10
37 43 66
37 44 59
37 45 81
37 46 62
37 47 20
37 48 30
37 49 93
37 50 81
37 51 48
37 52 66
37 53 54
37 54 71
37 55 95
37 56 38
37 57 34
37 58 36
37 59 13
37 60 30
38 1 22
38 2 52
38 3 17
38 4 23
38 5 67
38 6 49
38 7 48
38 8 41
38 9 61
38 10 20
38 11 94
38 12 32
38 13 40
38 14 69
38 15 87
38 16 32
38 17 83
38 18 75
38 19 76
38 20 10
38 21 18
38 22 76
38 23 13
38 24 38
38 25 100
38 26 45
38 27 59
38 28 18
38 29 33
38 30 49
38 31 43
38 32 84
38 33 36
38 34 84
38 35 36
38 36 29
38 37 36
38 38 22
38 39 37
38 40 45
38 41 91
38 42 20
38 43 95
38 44 88
38 45 5
38 46 15
38 47 76
38 48 12
38 49 85
38 50 28
38 51 81
38 52 31
38 53 61
38 54 12
38 55 14
38 56 56
38 57 98
38 58 66
38 59 7
38 60 6
39 1 83
39 2 68
39 3 80
39 4 58
39 5 15
39 6 95
39 7 44
39 8 32
39 9 53
39 10 84
39 11 16
39 12 73
39 13 16
39 14 68
39 15 6
39 16 5
39 17 26
39 18 20
39 19 99
39 20 80
39 21 10
39 22 32
39 23 63
39 24 21
39 25 4
39 26 40
39 27 94
39 28 84
39 29 93
39 30 32
39 31 89
39 32 46
39 33 46
39 34 25
39 35 12
39 36 39
39 37 67
39 38 1
39 39 72
39 40 97
39 41 33
39 42 85
39 43 84
39 44 86
39 45 12
39 46 34
39 47 89
39 48 50
39 49 71
39 50 13
39 51 76
39 52 59
39 53 47
39 54 69
39 55 10
39 56 39
39 57 91
39 58 96
39 59 76
39 60 21
40 1 51
40 2 22
40 3 28
40 4 24
40 5 81
40 6 34
40 7 67
40 8 81
40 9 13
40 10 85
40 11 48
40 12 29
40 13 30
40 14 48
40 15 25
40 16 4
40 17 86
40 18 9
40 19 24
40 20 89
40 21 91
40 22 38
40 23 61
40 24 1
40 25 86
40 26 30
40 27 31
40 28 19
40 29 19
40 30 60
40 31 72
40 32 58
40 33 1
40 34 53
40 35 99
40 36 91
40 37 56
40 38 3
40 39 39
40 40 79
40 41 67
40 42 25
40 43 56
40 44 35
40 45 31
40 46 36
40 47 71
40 48 45
40 49 9
40 50 74
40 51 50
40 52 68
40 53 6
40 54 2
40 55 15
40 56 79
40 57 30
40 58 78
40 59 6
40 60 52
41 1 73
41 2 87
41 3 12
41 4 55
41 5 43
41 6 8
41 7 99
41 8 72
41 9 28
41 10 47
41 11 68
41 12 98
41 13 46
41 14 39
41 15 17
41 16 94
41 17 18
41 18 76
41 19 22
41 20 56
41 21 52
41 22 97
41 23 49
41 24 1
41 25 9
41 26 45
41 27 94
41 28 86
41 29 49
41 30 22
41 31 4
41 32 43
41 33 52
41 34 11
41 35 55
41 36 37
41 37 75
41 38 11
41 39 46
41 40 61
41 41 87
41 42 66
41 43 96
41 44 25
41 45 64
41 46 26
41 47 56
41 48 43
41 49 25
41 50 98
41 51 26
41 52 82
41 53 47
41 54 30
41 55 56
41 56 34
41 57 2
41 58 73
41 59 61
41 60 79
42 1 28
42 2 19
42 3 37
42 4 34
42 5 37
42 6 70
42 7 5
42 8 73
42 9 77
42 10 1
42 11 87
42 12 45
42 13 21
42 14 7
42 15 67
42 16 74
42 17 78
42 18 94
42 19 90
42 20 94
42 21 55
42 22 99
42 23 58
42 24 17
42 25 45
42 26 80
42 27 9
42 28 83
42 29 25
42 30 36
42 31 24
42 32 4
42 33 70
42 34 87
42 35 78
42 36 38
42 37 90
42 38 54
42 39 18
42 40 7
42 41 98
42 42 42
42 43 21
42 44 53
42 45 63
42 46 46
42 47 34
42 48 16
42 49 100
42 50 91
42 51 4
42 52 9
42 53 86
42 54 73
42 55 8
42 56 24
42 57 2
42 58 37
42 59 57
42 60 55
43 1 29
43 2 23
43 3 14
43 4 78
43 5 96
43 6 80
43 7 80
43 8 17
43 9 94
43 10 88
43 11 99
43 12 95
43 13 61
43 14 34
43 15 75
43 16 10
43 17 86
43 18 15
43 19 50
43 20 18
43 21 53
43 22 25
43 23 75
43 24 75
43 25 17
43 26 26
43 27 100
43 28 27
43 29 5
43 30 50
43 31 100
43 32 98
43 33 35
43 34 92
43 35 17
43 36 75
43 37 87
43 38 56
43 39 33
43 40 10
43 41 6
43 42 6
43 43 10
43 44 58
43 45 58
43 46 10
43 47 28
43 48 1
43 49 61
43 50 70
43 51 47
43 52 32
43 53 11
43 54 41
43 55 40
43 56 99
43 57 60
43 58 38
43 59 39
43 60 67
44 1 96
44 2 51
44 3 12
44 4 1
44 5 5
44 6 81
44 7 35
44 8 15
44 9 52
44 10 80
44 11 70
44 12 72
44 13 84
44 14 39
44 15 43
44 16 100
44 17 75
44 18 94
44 19 44
44 20 33
44 21 9
44 22 65
44 23 26
44 24 99
44 25 58
44 26 93
44 27 10
44 28 15
44 29 45
44 30 15
44 31 85
44 32 71
44 33 78
44 34 49
44 35 53
44 36 82
44 37 53
44 38 87
44 39 61
44 40 15
44 41 38
44 42 89
44 43 76
44 44 36
44 45 75
44 46 97
44 47 12
44 48 7
44 49 92
44 50 58
44 51 92
44 52 78
44 53 26
44 54 93
44 55 71
44 56 25
44 57 20
44 58 63
44 59 65
44 60 81
45 1 57
45 2 82
45 3 69
45 4 58
45 5 87
45 6 20
45 7 78
45 8 69
45 9 90
45 10 63
45 11 92
45 12 12
45 13 74
45 14 13
45 15 30
45 16 51
45 17 94
45 18 48
45 19 90
45 20 30
45 21 2
45 22 14
45 23 36
45 24 71
45 25 99
45 26 39
45 27 88
45 28 29
45 29 66
45 30 3
45 31 53
45 32 97
45 33 13
45 34 28
45 35 41
45 36 34
45 37 31
45 38 2
45 39 5
45 40 81
45 41 48
45 42 79
45 43 10
45 44 73
45 45 82
45 46 49
45 47 2
45 48 66
45 49 32
45 50 40
45 51 61
45 52 72
45 53 67
45 54 6
45 55 96
45 56 77
45 57 29
45 58 95
45 59 30
45 60 90
46 1 33
46 2 64
46 3 80
46 4 14
46 5 67
46 6 38
46 7 65
46 8 1
46 9 56
46 10 77
46 11 52
46 12 32
46 13 92
46 14 96
46 15 71
46 16 13
46 17 66
46 18 24
46 19 27
46 20 43
46 21 7
46 22 57
46 23 9
46 24 20
46 25 87
46 26 39
46 27 20
46 28 71
46 29 50
46 30 64
46 31 14
46 32 84
46 33 72
46 34 55
46 35 10
46 36 68
46 37 42
46 38 36
46 39 82
46 40 96
46 41 23
46 42 54
46 43 6
46 44 56
46 45 42
46 46 6
46 47 55
46 48 12
46 49 24
46 50 52
46 51 25
46 52 45
46 53 48
46 54 88
46 55 13
46 56 66
46 57 11
46 58 73
46 59 14
46 60 97
47 1 92
47 2 28
47 3 69
47 4 47
47 5 72
47 6 31
47 7 9
47 8 61
47 9 23
47 10 99
47 11 52
47 12 95
47 13 39
47 14 84
47 15 57
47 16 58
47 17 3
47 18 79
47 19 17
47 20 74
47 21 93
47 22 18
47 23 62
47 24 43
47 25 15
47 26 94
47 27 15
47 28 21
47 29 7
47 30 44
47 31 31
47 32 78
47 33 54
47 34 11
47 35 37
47 36 33
47 37 11
47 38 82
47 39 28
47 40 31
47 41 77
47 42 76
47 43 1
47 44 29
47 45 27
47 46 1
47 47 70
47 48 66
47 49 41
47 50 25
47 51 84
47 52 4
47 53 28
47 54 19
47 55 60
47 56 32
47 57 11
47 58 39
47 59 77
47 60 12
48 1 24
48 2 89
48 3 61
48 4 89
48 5 30
48 6 93
48 7 52
48 8 88
48 9 45
48 10 59
48 11 16
48 12 15
48 13 18
48 14 28
48 15 43
48 16 26
48 17 15
48 18 61
48 19 57
48 20 19
48 21 70
48 22 7
48 23 28
48 24 77
48 25 84
48 26 58
48 27 11
48 28 37
48 29 65
48 30 41
48 31 13
48 32 79
48 33 27
48 34 96
48 35 19
48 36 100
48 37 51
48 38 67
48 39 94
48 40 59
48 41 23
48 42 76
48 43 27
48 44 39
48 45 66
48 46 8
48 47 33
48 48 87
48 49 77
48 50 13
48 51 66
48 52 16
48 53 69
48 54 36
48 55 61
48 56 33
48 57 78
48 58 100
48 59 47
48 60 95
49 1 70
49 2 84
49 3 4
49 4 86
49 5 66
49 6 22
49 7 57
49 8 7
49 9 73
49 10 64
49 11 1
49 12 19
49 13 59
49 14 30
49 15 43
49 16 68
49 17 7
49 18 91
49 19 26
49 20 3
49 21 40
49 22 40
49 23 42
49 24 55
49 25 52
49 26 54
49 27 33
49 28 21
49 29 100
49 30 69
49 31 16
49 32 83
49 33 93
49 34 4
49 35 41
49 36 36
49 37 10
49 38 29
49 39 11
49 40 55
49 41 5
49 42 18
49 43 41
49 44 42
49 45 94
49 46 65
49 47 67
49 48 90
49 49 10
49 50 98
49 51 49
49 52 48
49 53 27
49 54 99
49 55 10
49 56 56
49 57 88
49 58 34
49 59 20
49 60 65
50 1 82
50 2 35
50 3 26
50 4 29
50 5 83
50 6 100
50 7 40
50 8 5
50 9 77
50 10 37
50 11 53
50 12 25
50 13 35
50 14 25
50 15 86
50 16 46
50 17 18
50 18 80
50 19 37
50 20 86
50 21 28
50 22 99
50 23 90
50 24 77
50 25 20
50 26 95
50 27 66
50 28 90
50 29 58
50 30 24
50 31 67
50 32 93
50 33 46
50 34 87
50 35 11
50 36 77
50 37 23
50 38 90
50 39 6
50 40 72
50 41 29
50 42 75
50 43 62
50 44 93
50 45 21
50 46 27
50 47 52
50 48 39
50 49 99
50 50 8
50 51 81
50 52 74
50 53 24
50 54 6
50 55 36
50 56 83
50 57 49
50 58 96
50 59 16
50 60 49
51 1 75
51 2 53
51 3 8
51 4 39
51 5 83
51 6 39
51 7 37
51 8 60
51 9 6
51 10 9
51 11 82
51 12 39
51 13 76
51 14 43
51 15 80
51 16 79
51 17 86
51 18 36
51 19 45
51 20 77
51 21 7
51 22 78
51 23 42
51 24 35
51 25 59
51 26 39
51 27 81
51 28 48
51 29 1
51 30 39
51 31 89
51 32 74
51 33 10
51 34 21
51 35 78
51 36 57
51 37 20
51 38 50
51 39 99
51 40 7
51 41 2
51 42 71
51 43 30
51 44 30
51 45 61
51 46 89
51 47 100
51 48 91
51 49 12
51 50 71
51 51 31
51 52 82
51 53 85
51 54 89
51 55 8
51 56 17
51 57 30
51 58 15
51 59 57
51 60 94
52 1 93
52 2 38
52 3 2
52 4 60
52 5 71
52 6 74
52 7 1
52 8 98
52 9 78
52 10 86
52 11 54
52 12 3
52 13 98
52 14 35
52 15 62
52 16 43
52 17 6
52 18 8
52 19 64
52 20 94
52 21 83
52 22 53
52 23 3
52 24 78
52 25 54
52 26 3
52 27 54
52 28 85
52 29 45
52 30 91
52 31 52
52 32 97
52 33 45
52 34 67
52 35 8
52 36 44
52 37 79
52 38 12
52 39 32
52 40 50
52 41 31
52 42 11
52 43 34
52 44 8
52 45 53
52 46 30
52 47 97
52 48 99
52 49 7
52 50 75
52 51 29
52 52 19
52 53 45
52 54 4
52 55 97
52 56 56
52 57 19
52 58 8
52 59 56
52 60 45
53 1 53
53 2 66
53 3 54
53 4 86
53 5 81
53 6 77
53 7 46
53 8 76
53 9 40
53 10 69
53 11 43
53 12 20
53 13 57
53 14 44
53 15 97
53 16 90
53 17 36
53 18 34
53 19 40
53 20 16
53 21 80
53 22 29
53 23 25
53 24 71
53 25 3
53 26 33
53 27 60
53 28 30
53 29 41
53 30 95
53 31 1
53 32 43
53 33 85
53 34 83
53 35 62
53 36 70
53 37 99
53 38 36
53 39 98
53 40 24
53 41 87
53 42 23
53 43 46
53 44 29
53 45 15
53 46 52
53 47 65
53 48 79
53 49 26
53 50 28
53 51 84
53 52 84
53 53 27
53 54 65
53 55 38
53 56 89
53 57 8
53 58 44
53 59 67
53 60 34
54 1 60
54 2 36
54 3 21
54 4 9
54 5 87
54 6 21
54 7 19
54 8 95
54 9 95
54 10 32
54 11 59
54 12 42
54 13 66
54 14 27
54 15 65
54 16 93
54 17 69
54 18 67
54 19 79
54 20 26
54 21 62
54 22 97
54 23 92
54 24 60
54 25 25
54 26 98
54 27 32
54 28 62
54 29 89
54 30 66
54 31 1
54 32 39
54 33 17
54 34 40
54 35 51
54 36 19
54 37 45
54 38 2
54 39 33
54 40 91
54 41 1
54 42 77
54 43 59
54 44 28
54 45 12
54 46 86
54 47 53
54 48 7
54 49 61
54 50 70
54 51 15
54 52 49
54 53 42
54 54 96
54 55 97
54 56 49
54 57 89
54 58 86
54 59 19
54 60 81
55 1 6
55 2 52
55 3 84
55 4 83
55 5 51
55 6 76
55 7 95
55 8 88
55 9 92
55 10 78
55 11 10
55 12 68
55 13 35
55 14 19
55 15 43
55 16 83
55 17 87
55 18 49
55 19 39
55 20 90
55 21 73
55 22 23
55 23 87
55 24 69
55 25 87
55 26 6
55 27 35
55 28 69
55 29 77
55 30 60
55 31 15
55 32 89
55 33 5
55 34 66
55 35 60
55 36 32
55 37 78
55 38 4
55 39 62
55 40 80
55 41 22
55 42 11
55 43 12
55 44 50
55 45 66
55 46 11
55 47 32
55 48 78
55 49 42
55 50 23
55 51 13
55 52 71
55 53 44
55 54 97
55 55 23
55 56 56
55 57 47
55 58 61
55 59 11
55 60 53
56 1 99
56 2 4
56 3 44
56 4 66
56 5 53
56 6 12
56 7 43
56 8 28
56 9 87
56 10 100
56 11 17
56 12 42
56 13 99
56 14 21
56 15 78
56 16 15
56 17 98
56 18 15
56 19 53
56 20 88
56 21 100
56 22 12
56 23 84
56 24 54
56 25 27
56 26 60
56 27 21
56 28 64
56 29 57
56 30 56
56 31 9
56 32 53
56 33 73
56 34 2
56 35 27
56 36 47
56 37 32
56 38 65
56 39 65
56 40 76
56 41 38
56 42 36
56 43 14
56 44 18
56 45 85
56 46 67
56 47 2
56 48 49
56 49 36
56 50 1
56 51 76
56 52 98
56 53 84
56 54 81
56 55 82
56 56 36
56 57 33
56 58 41
56 59 87
56 60 33
57 1 12
57 2 12
57 3 90
57 4 73
57 5 17
57 6 69
57 7 3
57 8 54
57 9 91
57 10 28
57 11 56
57 12 55
57 13 68
57 14 14
57 15 56
57 16 9
57 17 79
57 18 93
57 19 61
57 20 46
57 21 85
57 22 92
57 23 11
57 24 64
57 25 28
57 26 40
57 27 28
57 28 54
57 29 56
57 30 3
57 31 20
57 32 24
57 33 24
57 34 16
57 35 60
57 36 20
57 37 55
57 38 47
57 39 27
57 40 70
57 41 23
57 42 38
57 43 39
57 44 10
57 45 9
57 46 83
57 47 49
57 48 71
57 49 97
57 50 67
57 51 99
57 52 96
57 53 14
57 54 100
57 55 88
57 56 26
57 57 39
57 58 41
57 59 84
57 60 69
58 1 10
58 2 64
58 3 2
58 4 10
58 5 49
58 6 56
58 7 39
58 8 71
58 9 77
58 10 42
58 11 48
58 12 79
58 13 72
58 14 98
58 15 80
58 16 50
58 17 62
58 18 37
58 19 76
58 20 59
58 21 32
58 22 1
58 23 57
58 24 81
58 25 89
58 26 12
58 27 29
58 28 14
58 29 96
58 30 21
58 31 40
58 32 100
58 33 58
58 34 73
58 35 44
58 36 24
58 37 58
58 38 53
58 39 35
58 40 52
58 41 8
58 42 69
58 43 70
58 44 87
58 45 39
58 46 16
58 47 97
58 48 83
58 49 96
58 50 89
58 51 100
58 52 26
58 53 67
58 54 47
58 55 17
58 56 23
58 57 40
58 58 85
58 59 3
58 60 27
59 1 41
59 2 76
59 3 98
59 4 84
59 5 70
59 6 100
59 7 32
59 8 39
59 9 92
59 10 34
59 11 96
59 12 39
59 13 51
59 14 34
59 15 78
59 16 44
59 17 3
59 18 17
59 19 54
59 20 14
59 21 65
59 22 72
59 23 53
59 24 58
59 25 38
59 26 82
59 27 92
59 28 12
59 29 22
59 30 2
59 31 84
59 32 83
59 33 22
59 34 67
59 35 41
59 36 16
59 37 32
59 38 22
59 39 25
59 40 48
59 41 57
59 42 49
59 43 19
59 44 43
59 45 47
59 46 41
59 47 71
59 48 30
59 49 39
59 50 17
59 51 23
59 52 58
59 53 21
59 54 51
59 55 66
59 56 50
59 57 85
59 58 57
59 59 60
59 60 50
60 1 32
60 2 60
60 3 30
60 4 41
60 5 18
60 6 91
60 7 72
60 8 66
60 9 40
60 10 71
60 11 37
60 12 89
60 13 64
60 14 82
60 15 22
60 16 98
60 17 81
60 18 27
60 19 81
60 20 64
60 21 4
60 22 5
60 23 88
60 24 73
60 25 96
60 26 26
60 27 41
60 28 97
60 29 20
60 30 86
60 31 27
60 32 71
60 33 56
60 34 7
60 35 4
60 36 10
60 37 91
60 38 96
60 39 89
60 40 11
60 41 87
60 42 3
60 43 58
60 44 51
60 45 4
60 46 59
60 47 53
60 48 4
60 49 60
60 50 80
60 51 34
60 52 28
60 53 75
60 54 3
60 55 5
60 56 91
60 57 33
60 58 81
60 59 65
60 60 38
