3 37
3 41
3 16
3 51
3 27
4 22
6 10
6 31
7 33
8 60
8 7
10 40
10 41
10 13
10 16
10 49
10 50
11 51
12 33
12 36
12 42
12 46
12 53
12 30
13 26
13 11
14 46
15 22
16 1
16 34
16 6
16 42
16 52
17 27
17 45
17 54
18 56
18 33
18 58
18 60
19 46
19 1
19 6
20 32
20 51
20 21
20 38
21 24
21 33
21 35
21 52
22 57
22 2
22 34
22 21
23 8
23 11
24 41
24 42
25 10
25 12
25 29
26 2
26 6
26 39
27 56
27 43
28 40
28 57
28 11
28 5
29 23
30 6
30 9
30 14
30 24
30 28
31 24
31 12
32 27
33 57
33 13
34 51
34 15
35 24
35 45
35 37
36 56
36 41
36 27
36 4
37 19
39 25
39 38
40 33
40 38
40 16
40 54
40 24
41 24
41 57
41 31
42 32
42 57
42 10
42 51
43 48
44 4
45 38
45 21
45 30
45 47
46 8
47 17
47 43
47 52
47 46
49 11
49 34
49 3
49 20
51 41
51 29
52 3
52 7
52 12
52 54
52 23
52 26
53 25
53 31
54 41
54 38
54 31
55 38
56 2
56 34
56 50
56 47
57 30
57 7
58 59
58 3
58 22
59 17
59 30
60 35
60 42
60 45
60 48
60 21
60 54
