1 1 -1
1 2 6
1 3 19
1 4 9
1 5 13
1 6 14
1 7 8
1 8 13
1 9 5
1 10 8
1 11 17
1 12 14
1 13 15
1 14 12
1 15 10
1 16 3
2 1 6
2 2 -1
2 3 12
2 4 7
2 5 9
2 6 8
2 7 5
2 8 8
2 9 3
2 10 4
2 11 11
2 12 8
2 13 12
2 14 7
2 15 6
2 16 5
3 1 19
3 2 12
3 3 -1
3 4 15
3 5 13
3 6 7
3 7 13
3 8 8
3 9 14
3 10 12
3 11 1
3 12 6
3 13 15
3 14 10
3 15 13
3 16 17
4 1 9
4 2 7
4 3 15
4 4 -1
4 5 16
4 6 14
4 7 12
4 8 7
4 9 5
4 10 11
4 11 13
4 12 13
4 13 6
4 14 5
4 15 13
4 16 10
5 1 13
5 2 9
5 3 13
5 4 16
5 5 -1
5 6 6
5 7 5
5 8 14
5 9 12
5 10 5
5 11 12
5 12 7
5 13 20
5 14 14
5 15 3
5 16 10
6 1 14
6 2 8
6 3 7
6 4 14
6 5 6
6 6 -1
6 7 7
6 8 9
6 9 11
6 10 6
6 11 6
6 12 1
6 13 16
6 14 10
6 15 6
6 16 12
7 1 8
7 2 5
7 3 13
7 4 12
7 5 5
7 6 7
7 7 -1
7 8 11
7 9 7
7 10 1
7 11 12
7 12 7
7 13 17
7 14 11
7 15 2
7 16 5
8 1 13
8 2 8
8 3 8
8 4 7
8 5 14
8 6 9
8 7 11
8 8 -1
8 9 8
8 10 10
8 11 7
8 12 8
8 13 7
8 14 2
8 15 12
8 16 13
9 1 5
9 2 3
9 3 14
9 4 5
9 5 12
9 6 11
9 7 7
9 8 8
9 9 -1
9 10 7
9 11 13
9 12 10
9 13 10
9 14 7
9 15 9
9 16 5
10 1 8
10 2 4
10 3 12
10 4 11
10 5 5
10 6 6
10 7 1
10 8 10
10 9 7
10 10 -1
10 11 11
10 12 6
10 13 16
10 14 10
10 15 2
10 16 5
11 1 17
11 2 11
11 3 1
11 4 13
11 5 12
11 6 6
11 7 12
11 8 7
11 9 13
11 10 11
11 11 -1
11 12 5
11 13 14
11 14 9
11 15 12
11 16 16
12 1 14
12 2 8
12 3 6
12 4 13
12 5 7
12 6 1
12 7 7
12 8 8
12 9 10
12 10 6
12 11 5
12 12 -1
12 13 15
12 14 9
12 15 7
12 16 12
13 1 15
13 2 12
13 3 15
13 4 6
13 5 20
13 6 16
13 7 17
13 8 7
13 9 10
13 10 16
13 11 14
13 12 15
13 13 -1
13 14 5
13 15 18
13 16 16
14 1 12
14 2 7
14 3 10
14 4 5
14 5 14
14 6 10
14 7 11
14 8 2
14 9 7
14 10 10
14 11 9
14 12 9
14 13 5
14 14 -1
14 15 12
14 16 12
15 1 10
15 2 6
15 3 13
15 4 13
15 5 3
15 6 6
15 7 2
15 8 12
15 9 9
15 10 2
15 11 12
15 12 7
15 13 18
15 14 12
15 15 -1
15 16 7
16 1 3
16 2 5
16 3 17
16 4 10
16 5 10
16 6 12
16 7 5
16 8 13
16 9 5
16 10 5
16 11 16
16 12 12
16 13 16
16 14 12
16 15 7
16 16 -1
