1 1 -1
1 2 19
1 3 26
1 4 8
1 5 11
1 6 11
1 7 18
1 8 29
1 9 21
1 10 13
1 11 17
1 12 15
1 13 7
1 14 9
1 15 26
1 16 7
1 17 22
1 18 13
1 19 16
1 20 12
1 21 19
1 22 15
1 23 18
1 24 18
1 25 11
1 26 16
1 27 27
1 28 7
1 29 29
1 30 12
1 31 10
1 32 20
1 33 28
1 34 15
1 35 11
1 36 9
1 37 19
1 38 9
2 1 19
2 2 -1
2 3 11
2 4 27
2 5 21
2 6 8
2 7 29
2 8 14
2 9 20
2 10 21
2 11 13
2 12 26
2 13 26
2 14 13
2 15 11
2 16 12
2 17 9
2 18 30
2 19 27
2 20 30
2 21 31
2 22 30
2 23 19
2 24 21
2 25 22
2 26 9
2 27 10
2 28 16
2 29 18
2 30 12
2 31 9
2 32 25
2 33 12
2 34 11
2 35 23
2 36 28
2 37 5
2 38 10
3 1 26
3 2 11
3 3 -1
3 4 34
3 5 23
3 6 16
3 7 29
3 8 23
3 9 17
3 10 22
3 11 25
3 12 27
3 13 32
3 14 23
3 15 20
3 16 19
3 17 4
3 18 39
3 19 38
3 20 38
3 21 31
3 22 32
3 23 30
3 24 19
3 25 24
3 26 11
3 27 18
3 28 21
3 29 8
3 30 23
3 31 17
3 32 23
3 33 20
3 34 22
3 35 33
3 36 35
3 37 8
3 38 18
4 1 8
4 2 27
4 3 34
4 4 -1
4 5 14
4 6 19
4 7 18
4 8 36
4 9 26
4 10 17
4 11 24
4 12 16
4 13 4
4 14 16
4 15 33
4 16 15
4 17 30
4 18 8
4 19 17
4 20 6
4 21 18
4 22 14
4 23 22
4 24 22
4 25 14
4 26 23
4 27 35
4 28 13
4 29 36
4 30 18
4 31 18
4 32 23
4 33 36
4 34 22
4 35 13
4 36 3
4 37 27
4 38 17
5 1 11
5 2 21
5 3 23
5 4 14
5 5 -1
5 6 13
5 7 8
5 8 35
5 9 11
5 10 2
5 11 26
5 12 5
5 13 10
5 14 18
5 15 31
5 16 11
5 17 19
5 18 22
5 19 28
5 20 21
5 21 10
5 22 8
5 23 28
5 24 7
5 25 1
5 26 13
5 27 31
5 28 6
5 29 23
5 30 20
5 31 14
5 32 8
5 33 33
5 34 23
5 35 22
5 36 17
5 37 18
5 38 13
6 1 11
6 2 8
6 3 16
6 4 19
6 5 13
6 6 -1
6 7 21
6 8 21
6 9 17
6 10 14
6 11 14
6 12 18
6 13 17
6 14 8
6 15 17
6 16 4
6 17 12
6 18 23
6 19 22
6 20 22
6 21 23
6 22 21
6 23 17
6 24 16
6 25 14
6 26 7
6 27 18
6 28 7
6 29 20
6 30 9
6 31 2
6 32 19
6 33 19
6 34 11
6 35 17
6 36 20
6 37 8
6 38 2
7 1 18
7 2 29
7 3 29
7 4 18
7 5 8
7 6 21
7 7 -1
7 8 43
7 9 14
7 10 7
7 11 34
7 12 3
7 13 13
7 14 25
7 15 39
7 16 19
7 17 25
7 18 26
7 19 34
7 20 25
7 21 2
7 22 5
7 23 35
7 24 10
7 25 7
7 26 20
7 27 39
7 28 14
7 29 27
7 30 28
7 31 22
7 32 8
7 33 41
7 34 31
7 35 29
7 36 21
7 37 25
7 38 21
8 1 29
8 2 14
8 3 23
8 4 36
8 5 35
8 6 21
8 7 43
8 8 -1
8 9 35
8 10 35
8 11 13
8 12 40
8 13 37
8 14 20
8 15 3
8 16 24
8 17 23
8 18 36
8 19 29
8 20 37
8 21 45
8 22 43
8 23 18
8 24 36
8 25 35
8 26 24
8 27 5
8 28 29
8 29 31
8 30 17
8 31 20
8 32 39
8 33 3
8 34 14
8 35 27
8 36 36
8 37 19
8 38 21
9 1 21
9 2 20
9 3 17
9 4 26
9 5 11
9 6 17
9 7 14
9 8 35
9 9 -1
9 10 8
9 11 31
9 12 13
9 13 22
9 14 25
9 15 32
9 16 18
9 17 14
9 18 33
9 19 37
9 20 32
9 21 16
9 22 18
9 23 34
9 24 4
9 25 12
9 26 11
9 27 31
9 28 14
9 29 13
9 30 26
9 31 19
9 32 6
9 33 33
9 34 28
9 35 32
9 36 29
9 37 16
9 38 18
10 1 13
10 2 21
10 3 22
10 4 17
10 5 2
10 6 14
10 7 7
10 8 35
10 9 8
10 10 -1
10 11 27
10 12 5
10 13 13
10 14 20
10 15 31
10 16 13
10 17 18
10 18 25
10 19 30
10 20 24
10 21 10
10 22 10
10 23 30
10 24 5
10 25 3
10 26 12
10 27 32
10 28 8
10 29 21
10 30 22
10 31 15
10 32 6
10 33 33
10 34 24
10 35 25
10 36 20
10 37 17
10 38 14
11 1 17
11 2 13
11 3 25
11 4 24
11 5 26
11 6 14
11 7 34
11 8 13
11 9 31
11 10 27
11 11 -1
11 12 31
11 13 25
11 14 8
11 15 11
11 16 14
11 17 22
11 18 23
11 19 16
11 20 23
11 21 35
11 22 33
11 23 5
11 24 30
11 25 26
11 26 20
11 27 14
11 28 19
11 29 31
11 30 5
11 31 12
11 32 33
11 33 14
11 34 3
11 35 14
11 36 23
11 37 17
11 38 13
12 1 15
12 2 26
12 3 27
12 4 16
12 5 5
12 6 18
12 7 3
12 8 40
12 9 13
12 10 5
12 11 31
12 12 -1
12 13 11
12 14 22
12 15 36
12 16 16
12 17 23
12 18 24
12 19 31
12 20 22
12 21 5
12 22 5
12 23 32
12 24 9
12 25 4
12 26 17
12 27 36
12 28 11
12 29 26
12 30 25
12 31 19
12 32 8
12 33 38
12 34 28
12 35 26
12 36 19
12 37 23
12 38 18
13 1 7
13 2 26
13 3 32
13 4 4
13 5 10
13 6 17
13 7 13
13 8 37
13 9 22
13 10 13
13 11 25
13 12 11
13 13 -1
13 14 16
13 15 33
13 16 13
13 17 28
13 18 13
13 19 21
13 20 11
13 21 14
13 22 10
13 23 25
13 24 18
13 25 10
13 26 21
13 27 35
13 28 11
13 29 33
13 30 19
13 31 17
13 32 19
13 33 36
13 34 23
13 35 16
13 36 7
13 37 25
13 38 16
14 1 9
14 2 13
14 3 23
14 4 16
14 5 18
14 6 8
14 7 25
14 8 20
14 9 25
14 10 20
14 11 8
14 12 22
14 13 16
14 14 -1
14 15 17
14 16 7
14 17 20
14 18 17
14 19 14
14 20 17
14 21 27
14 22 24
14 23 10
14 24 23
14 25 18
14 26 15
14 27 19
14 28 12
14 29 29
14 30 2
14 31 6
14 32 26
14 33 20
14 34 6
14 35 9
14 36 15
14 37 15
14 38 6
15 1 26
15 2 11
15 3 20
15 4 33
15 5 31
15 6 17
15 7 39
15 8 3
15 9 32
15 10 31
15 11 11
15 12 36
15 13 33
15 14 17
15 15 -1
15 16 20
15 17 20
15 18 33
15 19 27
15 20 34
15 21 41
15 22 39
15 23 16
15 24 32
15 25 32
15 26 21
15 27 3
15 28 25
15 29 28
15 30 14
15 31 16
15 32 36
15 33 3
15 34 11
15 35 25
15 36 33
15 37 16
15 38 18
16 1 7
16 2 12
16 3 19
16 4 15
16 5 11
16 6 4
16 7 19
16 8 24
16 9 18
16 10 13
16 11 14
16 12 16
16 13 13
16 14 7
16 15 20
16 16 -1
16 17 16
16 18 19
16 19 20
16 20 18
16 21 21
16 22 19
16 23 17
16 24 16
16 25 12
16 26 10
16 27 21
16 28 5
16 29 23
16 30 9
16 31 3
16 32 19
16 33 22
16 34 11
16 35 14
16 36 16
16 37 12
16 38 2
17 1 22
17 2 9
17 3 4
17 4 30
17 5 19
17 6 12
17 7 25
17 8 23
17 9 14
17 10 18
17 11 22
17 12 23
17 13 28
17 14 20
17 15 20
17 16 16
17 17 -1
17 18 35
17 19 34
17 20 34
17 21 28
17 22 28
17 23 28
17 24 16
17 25 20
17 26 7
17 27 18
17 28 17
17 29 8
17 30 20
17 31 14
17 32 19
17 33 20
17 34 20
17 35 30
17 36 32
17 37 5
17 38 14
18 1 13
18 2 30
18 3 39
18 4 8
18 5 22
18 6 23
18 7 26
18 8 36
18 9 33
18 10 25
18 11 23
18 12 24
18 13 13
18 14 17
18 15 33
18 16 19
18 17 35
18 18 -1
18 19 10
18 20 2
18 21 27
18 22 22
18 23 19
18 24 30
18 25 22
18 26 29
18 27 36
18 28 20
18 29 42
18 30 19
18 31 21
18 32 31
18 33 36
18 34 22
18 35 8
18 36 5
18 37 31
18 38 20
19 1 16
19 2 27
19 3 38
19 4 17
19 5 28
19 6 22
19 7 34
19 8 29
19 9 37
19 10 30
19 11 16
19 12 31
19 13 21
19 14 14
19 15 27
19 16 20
19 17 34
19 18 10
19 19 -1
19 20 12
19 21 35
19 22 31
19 23 11
19 24 34
19 25 27
19 26 29
19 27 30
19 28 23
19 29 43
19 30 14
19 31 20
19 32 37
19 33 30
19 34 16
19 35 5
19 36 14
19 37 30
19 38 20
20 1 12
20 2 30
20 3 38
20 4 6
20 5 21
20 6 22
20 7 25
20 8 37
20 9 32
20 10 24
20 11 23
20 12 22
20 13 11
20 14 17
20 15 34
20 16 18
20 17 34
20 18 2
20 19 12
20 20 -1
20 21 25
20 22 20
20 23 20
20 24 29
20 25 20
20 26 28
20 27 36
20 28 18
20 29 41
20 30 19
20 31 21
20 32 30
20 33 37
20 34 22
20 35 10
20 36 3
20 37 30
20 38 20
21 1 19
21 2 31
21 3 31
21 4 18
21 5 10
21 6 23
21 7 2
21 8 45
21 9 16
21 10 10
21 11 35
21 12 5
21 13 14
21 14 27
21 15 41
21 16 21
21 17 28
21 18 27
21 19 35
21 20 25
21 21 -1
21 22 4
21 23 37
21 24 12
21 25 9
21 26 22
21 27 41
21 28 16
21 29 29
21 30 30
21 31 24
21 32 10
21 33 43
21 34 33
21 35 30
21 36 21
21 37 27
21 38 23
22 1 15
22 2 30
22 3 32
22 4 14
22 5 8
22 6 21
22 7 5
22 8 43
22 9 18
22 10 10
22 11 33
22 12 5
22 13 10
22 14 24
22 15 39
22 16 19
22 17 28
22 18 22
22 19 31
22 20 20
22 21 4
22 22 -1
22 23 33
22 24 14
22 25 8
22 26 21
22 27 40
22 28 14
22 29 31
22 30 27
22 31 22
22 32 12
22 33 41
22 34 30
22 35 26
22 36 17
22 37 27
22 38 21
23 1 18
23 2 19
23 3 30
23 4 22
23 5 28
23 6 17
23 7 35
23 8 18
23 9 34
23 10 30
23 11 5
23 12 32
23 13 25
23 14 10
23 15 16
23 16 17
23 17 28
23 18 19
23 19 11
23 20 20
23 21 37
23 22 33
23 23 -1
23 24 33
23 25 28
23 26 24
23 27 19
23 28 22
23 29 36
23 30 8
23 31 15
23 32 36
23 33 19
23 34 7
23 35 10
23 36 21
23 37 23
23 38 16
24 1 18
24 2 21
24 3 19
24 4 22
24 5 7
24 6 16
24 7 10
24 8 36
24 9 4
24 10 5
24 11 30
24 12 9
24 13 18
24 14 23
24 15 32
24 16 16
24 17 16
24 18 30
24 19 34
24 20 29
24 21 12
24 22 14
24 23 33
24 24 -1
24 25 8
24 26 11
24 27 32
24 28 11
24 29 17
24 30 25
24 31 18
24 32 3
24 33 34
24 34 27
24 35 29
24 36 25
24 37 17
24 38 17
25 1 11
25 2 22
25 3 24
25 4 14
25 5 1
25 6 14
25 7 7
25 8 35
25 9 12
25 10 3
25 11 26
25 12 4
25 13 10
25 14 18
25 15 32
25 16 12
25 17 20
25 18 22
25 19 27
25 20 20
25 21 9
25 22 8
25 23 28
25 24 8
25 25 -1
25 26 13
25 27 32
25 28 6
25 29 24
25 30 20
25 31 15
25 32 9
25 33 33
25 34 23
25 35 22
25 36 17
25 37 19
25 38 13
26 1 16
26 2 9
26 3 11
26 4 23
26 5 13
26 6 7
26 7 20
26 8 24
26 9 11
26 10 12
26 11 20
26 12 17
26 13 21
26 14 15
26 15 21
26 16 10
26 17 7
26 18 29
26 19 29
26 20 28
26 21 22
26 22 21
26 23 24
26 24 11
26 25 13
26 26 -1
26 27 20
26 28 10
26 29 13
26 30 16
26 31 9
26 32 15
26 33 22
26 34 17
26 35 24
26 36 25
26 37 5
26 38 9
27 1 27
27 2 10
27 3 18
27 4 35
27 5 31
27 6 18
27 7 39
27 8 5
27 9 31
27 10 32
27 11 14
27 12 36
27 13 35
27 14 19
27 15 3
27 16 21
27 17 18
27 18 36
27 19 30
27 20 36
27 21 41
27 22 40
27 23 19
27 24 32
27 25 32
27 26 20
27 27 -1
27 28 26
27 29 26
27 30 17
27 31 18
27 32 35
27 33 2
27 34 14
27 35 28
27 36 35
27 37 15
27 38 19
28 1 7
28 2 16
28 3 21
28 4 13
28 5 6
28 6 7
28 7 14
28 8 29
28 9 14
28 10 8
28 11 19
28 12 11
28 13 11
28 14 12
28 15 25
28 16 5
28 17 17
28 18 20
28 19 23
28 20 18
28 21 16
28 22 14
28 23 22
28 24 11
28 25 6
28 26 10
28 27 26
28 28 -1
28 29 22
28 30 14
28 31 8
28 32 14
28 33 27
28 34 17
28 35 17
28 36 15
28 37 14
28 38 7
29 1 29
29 2 18
29 3 8
29 4 36
29 5 23
29 6 20
29 7 27
29 8 31
29 9 13
29 10 21
29 11 31
29 12 26
29 13 33
29 14 29
29 15 28
29 16 23
29 17 8
29 18 42
29 19 43
29 20 41
29 21 29
29 22 31
29 23 36
29 24 17
29 25 24
29 26 13
29 27 26
29 28 22
29 29 -1
29 30 29
29 31 22
29 32 19
29 33 28
29 34 29
29 35 38
29 36 38
29 37 13
29 38 22
30 1 12
30 2 12
30 3 23
30 4 18
30 5 20
30 6 9
30 7 28
30 8 17
30 9 26
30 10 22
30 11 5
30 12 25
30 13 19
30 14 2
30 15 14
30 16 9
30 17 20
30 18 19
30 19 14
30 20 19
30 21 30
30 22 27
30 23 8
30 24 25
30 25 20
30 26 16
30 27 17
30 28 14
30 29 29
30 30 -1
30 31 7
30 32 28
30 33 17
30 34 3
30 35 11
30 36 18
30 37 15
30 38 8
31 1 10
31 2 9
31 3 17
31 4 18
31 5 14
31 6 2
31 7 22
31 8 20
31 9 19
31 10 15
31 11 12
31 12 19
31 13 17
31 14 6
31 15 16
31 16 3
31 17 14
31 18 21
31 19 20
31 20 21
31 21 24
31 22 22
31 23 15
31 24 18
31 25 15
31 26 9
31 27 18
31 28 8
31 29 22
31 30 7
31 31 -1
31 32 21
31 33 19
31 34 9
31 35 15
31 36 19
31 37 9
31 38 1
32 1 20
32 2 25
32 3 23
32 4 23
32 5 8
32 6 19
32 7 8
32 8 39
32 9 6
32 10 6
32 11 33
32 12 8
32 13 19
32 14 26
32 15 36
32 16 19
32 17 19
32 18 31
32 19 37
32 20 30
32 21 10
32 22 12
32 23 36
32 24 3
32 25 9
32 26 15
32 27 35
32 28 14
32 29 19
32 30 28
32 31 21
32 32 -1
32 33 37
32 34 30
32 35 31
32 36 26
32 37 20
32 38 20
33 1 28
33 2 12
33 3 20
33 4 36
33 5 33
33 6 19
33 7 41
33 8 3
33 9 33
33 10 33
33 11 14
33 12 38
33 13 36
33 14 20
33 15 3
33 16 22
33 17 20
33 18 36
33 19 30
33 20 37
33 21 43
33 22 41
33 23 19
33 24 34
33 25 33
33 26 22
33 27 2
33 28 27
33 29 28
33 30 17
33 31 19
33 32 37
33 33 -1
33 34 14
33 35 28
33 36 36
33 37 17
33 38 20
34 1 15
34 2 11
34 3 22
34 4 22
34 5 23
34 6 11
34 7 31
34 8 14
34 9 28
34 10 24
34 11 3
34 12 28
34 13 23
34 14 6
34 15 11
34 16 11
34 17 20
34 18 22
34 19 16
34 20 22
34 21 33
34 22 30
34 23 7
34 24 27
34 25 23
34 26 17
34 27 14
34 28 17
34 29 29
34 30 3
34 31 9
34 32 30
34 33 14
34 34 -1
34 35 14
34 36 21
34 37 15
34 38 10
35 1 11
35 2 23
35 3 33
35 4 13
35 5 22
35 6 17
35 7 29
35 8 27
35 9 32
35 10 25
35 11 14
35 12 26
35 13 16
35 14 9
35 15 25
35 16 14
35 17 30
35 18 8
35 19 5
35 20 10
35 21 30
35 22 26
35 23 10
35 24 29
35 25 22
35 26 24
35 27 28
35 28 17
35 29 38
35 30 11
35 31 15
35 32 31
35 33 28
35 34 14
35 35 -1
35 36 10
35 37 25
35 38 15
36 1 9
36 2 28
36 3 35
36 4 3
36 5 17
36 6 20
36 7 21
36 8 36
36 9 29
36 10 20
36 11 23
36 12 19
36 13 7
36 14 15
36 15 33
36 16 16
36 17 32
36 18 5
36 19 14
36 20 3
36 21 21
36 22 17
36 23 21
36 24 25
36 25 17
36 26 25
36 27 35
36 28 15
36 29 38
36 30 18
36 31 19
36 32 26
36 33 36
36 34 21
36 35 10
36 36 -1
36 37 28
36 38 18
37 1 19
37 2 5
37 3 8
37 4 27
37 5 18
37 6 8
37 7 25
37 8 19
37 9 16
37 10 17
37 11 17
37 12 23
37 13 25
37 14 15
37 15 16
37 16 12
37 17 5
37 18 31
37 19 30
37 20 30
37 21 27
37 22 27
37 23 23
37 24 17
37 25 19
37 26 5
37 27 15
37 28 14
37 29 13
37 30 15
37 31 9
37 32 20
37 33 17
37 34 15
37 35 25
37 36 28
37 37 -1
37 38 10
38 1 9
38 2 10
38 3 18
38 4 17
38 5 13
38 6 2
38 7 21
38 8 21
38 9 18
38 10 14
38 11 13
38 12 18
38 13 16
38 14 6
38 15 18
38 16 2
38 17 14
38 18 20
38 19 20
38 20 20
38 21 23
38 22 21
38 23 16
38 24 17
38 25 13
38 26 9
38 27 19
38 28 7
38 29 22
38 30 8
38 31 1
38 32 20
38 33 20
38 34 10
38 35 15
38 36 18
38 37 10
38 38 -1
