1 1 -1
1 2 16
1 3 40
1 4 28
1 5 59
1 6 61
1 7 42
1 8 34
1 9 6
1 10 38
1 11 9
1 12 38
1 13 50
1 14 10
1 15 45
1 16 32
1 17 27
1 18 44
1 19 40
1 20 47
1 21 30
1 22 32
1 23 42
1 24 45
1 25 14
1 26 41
1 27 60
1 28 65
1 29 28
1 30 28
1 31 8
1 32 13
1 33 35
1 34 51
1 35 18
1 36 55
1 37 40
1 38 47
1 39 28
1 40 43
1 41 49
1 42 15
1 43 11
1 44 54
1 45 15
1 46 31
1 47 53
1 48 51
1 49 23
1 50 36
1 51 45
1 52 17
1 53 46
1 54 3
1 55 46
1 56 13
1 57 52
1 58 14
1 59 39
1 60 17
1 61 16
1 62 53
1 63 24
1 64 17
1 65 35
1 66 30
1 67 15
1 68 28
2 1 16
2 2 -1
2 3 41
2 4 39
2 5 47
2 6 51
2 7 26
2 8 19
2 9 22
2 10 44
2 11 25
2 12 25
2 13 34
2 14 16
2 15 53
2 16 18
2 17 40
2 18 53
2 19 34
2 20 51
2 21 29
2 22 22
2 23 34
2 24 29
2 25 21
2 26 29
2 27 54
2 28 58
2 29 12
2 30 33
2 31 13
2 32 22
2 33 19
2 34 35
2 35 4
2 36 48
2 37 47
2 38 32
2 39 28
2 40 53
2 41 42
2 42 30
2 43 27
2 44 52
2 45 23
2 46 28
2 47 53
2 48 36
2 49 31
2 50 24
2 51 30
2 52 22
2 53 35
2 54 13
2 55 43
2 56 21
2 57 36
2 58 29
2 59 40
2 60 21
2 61 7
2 62 53
2 63 25
2 64 30
2 65 45
2 66 35
2 67 29
2 68 30
3 1 40
3 2 41
3 3 -1
3 4 27
3 5 39
3 6 36
3 7 48
3 8 57
3 9 40
3 10 15
3 11 46
3 12 34
3 13 50
3 14 49
3 15 22
3 16 36
3 17 34
3 18 25
3 19 15
3 20 14
3 21 12
3 22 26
3 23 20
3 24 52
3 25 26
3 26 30
3 27 26
3 28 31
3 29 40
3 30 14
3 31 47
3 32 54
3 33 49
3 34 59
3 35 45
3 36 26
3 37 17
3 38 46
3 39 13
3 40 27
3 41 22
3 42 35
3 43 43
3 44 14
3 45 26
3 46 13
3 47 12
3 48 48
3 49 21
3 50 32
3 51 41
3 52 57
3 53 31
3 54 37
3 55 12
3 56 53
3 57 57
3 58 37
3 59 1
3 60 56
3 61 48
3 62 13
3 63 16
3 64 55
3 65 25
3 66 14
3 67 53
3 68 11
4 1 28
4 2 39
4 3 27
4 4 -1
4 5 63
4 6 61
4 7 59
4 8 59
4 9 23
4 10 15
4 11 28
4 12 50
4 13 65
4 14 37
4 15 19
4 16 47
4 17 6
4 18 17
4 19 38
4 20 25
4 21 27
4 22 40
4 23 43
4 24 63
4 25 18
4 26 48
4 27 53
4 28 59
4 29 46
4 30 15
4 31 36
4 32 39
4 33 56
4 34 71
4 35 43
4 36 52
4 37 16
4 38 61
4 39 25
4 40 16
4 41 47
4 42 14
4 43 23
4 44 41
4 45 16
4 46 30
4 47 37
4 48 64
4 49 10
4 50 46
4 51 57
4 52 43
4 53 52
4 54 27
4 55 39
4 56 39
4 57 70
4 58 16
4 59 27
4 60 44
4 61 43
4 62 38
4 63 21
4 64 36
4 65 8
4 66 13
4 67 34
4 68 21
5 1 59
5 2 47
5 3 39
5 4 63
5 5 -1
5 6 8
5 7 30
5 8 50
5 9 63
5 10 53
5 11 67
5 12 21
5 13 26
5 14 63
5 15 61
5 16 29
5 17 68
5 18 64
5 19 25
5 20 52
5 21 36
5 22 26
5 23 20
5 24 32
5 25 50
5 26 18
5 27 22
5 28 21
5 29 36
5 30 48
5 31 60
5 32 69
5 33 38
5 34 37
5 35 49
5 36 16
5 37 56
5 38 23
5 39 38
5 40 66
5 41 17
5 42 64
5 43 67
5 44 35
5 45 52
5 46 33
5 47 40
5 48 21
5 49 53
5 50 23
5 51 19
5 52 70
5 53 12
5 54 55
5 55 28
5 56 68
5 57 33
5 58 65
5 59 39
5 60 68
5 61 54
5 62 39
5 63 42
5 64 76
5 65 63
5 66 50
5 67 74
5 68 42
6 1 61
6 2 51
6 3 36
6 4 61
6 5 8
6 6 -1
6 7 37
6 8 56
6 9 65
6 10 51
6 11 70
6 12 27
6 13 34
6 14 67
6 15 57
6 16 34
6 17 67
6 18 61
6 19 23
6 20 48
6 21 35
6 22 29
6 23 19
6 24 40
6 25 51
6 26 22
6 27 14
6 28 13
6 29 42
6 30 46
6 31 64
6 32 72
6 33 45
6 34 45
6 35 54
6 36 10
6 37 53
6 38 31
6 39 37
6 40 63
6 41 14
6 42 64
6 43 69
6 44 29
6 45 53
6 46 32
6 47 34
6 48 29
6 49 52
6 50 28
6 51 26
6 52 74
6 53 16
6 54 58
6 55 24
6 56 72
6 57 41
6 58 66
6 59 36
6 60 72
6 61 59
6 62 34
6 63 42
6 64 78
6 65 61
6 66 48
6 67 76
6 68 41
7 1 42
7 2 26
7 3 48
7 4 59
7 5 30
7 6 37
7 7 -1
7 8 20
7 9 48
7 10 58
7 11 51
7 12 13
7 13 8
7 14 41
7 15 67
7 16 12
7 17 62
7 18 68
7 19 34
7 20 61
7 21 37
7 22 22
7 23 30
7 24 4
7 25 41
7 26 19
7 27 47
7 28 49
7 29 14
7 30 47
7 31 39
7 32 47
7 33 9
7 34 12
7 35 25
7 36 40
7 37 60
7 38 7
7 39 38
7 40 69
7 41 35
7 42 53
7 43 53
7 44 53
7 45 44
7 46 34
7 47 56
7 48 12
7 49 49
7 50 16
7 51 11
7 52 46
7 53 23
7 54 39
7 55 43
7 56 46
7 57 10
7 58 54
7 59 47
7 60 44
7 61 30
7 62 55
7 63 39
7 64 56
7 65 63
7 66 50
7 67 55
7 68 42
8 1 34
8 2 19
8 3 57
8 4 59
8 5 50
8 6 56
8 7 20
8 8 -1
8 9 41
8 10 63
8 11 41
8 12 29
8 13 27
8 14 29
8 15 72
8 16 23
8 17 60
8 18 72
8 19 47
8 20 69
8 21 45
8 22 33
8 23 45
8 24 19
8 25 41
8 26 35
8 27 63
8 28 66
8 29 17
8 30 51
8 31 28
8 32 34
8 33 11
8 34 22
8 35 16
8 36 56
8 37 65
8 38 27
8 39 44
8 40 73
8 41 51
8 42 49
8 43 45
8 44 66
8 45 43
8 46 43
8 47 68
8 48 31
8 49 50
8 50 30
8 51 30
8 52 32
8 53 40
8 54 33
8 55 56
8 56 33
8 57 25
8 58 49
8 59 56
8 60 30
8 61 18
8 62 67
8 63 43
8 64 44
8 65 65
8 66 54
8 67 43
8 68 48
9 1 6
9 2 22
9 3 40
9 4 23
9 5 63
9 6 65
9 7 48
9 8 41
9 9 -1
9 10 35
9 11 5
9 12 43
9 13 56
9 14 14
9 15 42
9 16 38
9 17 21
9 18 40
9 19 42
9 20 44
9 21 31
9 22 36
9 23 45
9 24 51
9 25 14
9 26 45
9 27 62
9 28 67
9 29 34
9 30 26
9 31 14
9 32 16
9 33 42
9 34 58
9 35 25
9 36 58
9 37 37
9 38 53
9 39 29
9 40 39
9 41 52
9 42 9
9 43 5
9 44 54
9 45 13
9 46 33
9 47 52
9 48 57
9 49 20
9 50 41
9 51 50
9 52 20
9 53 50
9 54 9
9 55 48
9 56 16
9 57 58
9 58 8
9 59 39
9 60 20
9 61 23
9 62 53
9 63 24
9 64 15
9 65 31
9 66 28
9 67 13
9 68 28
10 1 38
10 2 44
10 3 15
10 4 15
10 5 53
10 6 51
10 7 58
10 8 63
10 9 35
10 10 -1
10 11 40
10 12 46
10 13 62
10 14 48
10 15 9
10 16 45
10 17 21
10 18 11
10 19 29
10 20 9
10 21 20
10 22 36
10 23 34
10 24 62
10 25 24
10 26 42
10 27 40
10 28 46
10 29 47
10 30 11
10 31 46
10 32 51
10 33 57
10 34 70
10 35 48
10 36 41
10 37 2
10 38 58
10 39 19
10 40 12
10 41 37
10 42 27
10 43 36
10 44 26
10 45 23
10 46 23
10 47 22
10 48 60
10 49 15
10 50 43
10 51 53
10 52 55
10 53 44
10 54 36
10 55 27
10 56 51
10 57 68
10 58 29
10 59 15
10 60 55
10 61 50
10 62 23
10 63 19
10 64 49
10 65 10
10 66 8
10 67 47
10 68 15
11 1 9
11 2 25
11 3 46
11 4 28
11 5 67
11 6 70
11 7 51
11 8 41
11 9 5
11 10 40
11 11 -1
11 12 48
11 13 59
11 14 12
11 15 47
11 16 41
11 17 25
11 18 45
11 19 48
11 20 50
11 21 37
11 22 41
11 23 50
11 24 54
11 25 20
11 26 50
11 27 67
11 28 72
11 29 37
11 30 32
11 31 13
11 32 12
11 33 44
11 34 60
11 35 26
11 36 63
11 37 42
11 38 56
11 39 35
11 40 44
11 41 57
11 42 14
11 43 5
11 44 60
11 45 19
11 46 38
11 47 58
11 48 60
11 49 26
11 50 45
11 51 54
11 52 16
11 53 55
11 54 12
11 55 53
11 56 12
11 57 61
11 58 12
11 59 45
11 60 17
11 61 23
11 62 59
11 63 30
11 64 9
11 65 36
11 66 33
11 67 7
11 68 34
12 1 38
12 2 25
12 3 34
12 4 50
12 5 21
12 6 27
12 7 13
12 8 29
12 9 43
12 10 46
12 11 48
12 12 -1
12 13 16
12 14 42
12 15 55
12 16 7
12 17 53
12 18 57
12 19 20
12 20 48
12 21 25
12 22 9
12 23 16
12 24 17
12 25 34
12 26 6
12 27 34
12 28 36
12 29 15
12 30 36
12 31 39
12 32 48
12 33 19
12 34 25
12 35 27
12 36 27
12 37 48
12 38 12
12 39 26
12 40 58
12 41 22
12 42 47
12 43 48
12 44 39
12 45 36
12 46 22
12 47 42
12 48 14
12 49 39
12 50 3
12 51 7
12 52 48
12 53 10
12 54 35
12 55 29
12 56 47
12 57 22
12 58 48
12 59 33
12 60 47
12 61 32
12 62 42
12 63 28
12 64 55
12 65 52
12 66 39
12 67 53
12 68 30
13 1 50
13 2 34
13 3 50
13 4 65
13 5 26
13 6 34
13 7 8
13 8 27
13 9 56
13 10 62
13 11 59
13 12 16
13 13 -1
13 14 50
13 15 71
13 16 18
13 17 68
13 18 73
13 19 36
13 20 65
13 21 41
13 22 26
13 23 31
13 24 7
13 25 48
13 26 20
13 27 45
13 28 46
13 29 22
13 30 52
13 31 48
13 32 56
13 33 17
13 34 11
13 35 34
13 36 38
13 37 65
13 38 4
13 39 42
13 40 74
13 41 34
13 42 60
13 43 61
13 44 54
13 45 50
13 46 38
13 47 57
13 48 5
13 49 55
13 50 19
13 51 10
13 52 55
13 53 21
13 54 47
13 55 44
13 56 55
13 57 7
13 58 61
13 59 50
13 60 53
13 61 38
13 62 57
13 63 44
13 64 65
13 65 68
13 66 55
13 67 63
13 68 47
14 1 10
14 2 16
14 3 49
14 4 37
14 5 63
14 6 67
14 7 41
14 8 29
14 9 14
14 10 48
14 11 12
14 12 42
14 13 50
14 14 -1
14 15 55
14 16 34
14 17 36
14 18 54
14 19 47
14 20 57
14 21 39
14 22 37
14 23 49
14 24 44
14 25 24
14 26 45
14 27 67
14 28 72
14 29 28
14 30 38
14 31 2
14 32 5
14 33 34
14 34 50
14 35 16
14 36 62
14 37 50
14 38 48
14 39 37
14 40 53
14 41 56
14 42 24
14 43 17
14 44 62
14 45 25
14 46 39
14 47 62
14 48 52
14 49 33
14 50 40
14 51 47
14 52 7
14 53 51
14 54 12
14 55 55
14 56 5
14 57 51
14 58 23
14 59 48
14 60 7
14 61 12
14 62 62
14 63 33
14 64 15
14 65 45
14 66 40
14 67 14
14 68 38
15 1 45
15 2 53
15 3 22
15 4 19
15 5 61
15 6 57
15 7 67
15 8 72
15 9 42
15 10 9
15 11 47
15 12 55
15 13 71
15 14 55
15 15 -1
15 16 55
15 17 24
15 18 4
15 19 37
15 20 10
15 21 29
15 22 45
15 23 42
15 24 71
15 25 32
15 26 51
15 27 46
15 28 51
15 29 57
15 30 20
15 31 53
15 32 58
15 33 66
15 34 79
15 35 57
15 36 47
15 37 6
15 38 67
15 39 29
15 40 6
15 41 44
15 42 33
15 43 42
15 44 30
15 45 31
15 46 32
15 47 25
15 48 69
15 49 22
15 50 52
15 51 61
15 52 62
15 53 53
15 54 44
15 55 33
15 56 58
15 57 77
15 58 35
15 59 22
15 60 62
15 61 58
15 62 26
15 63 28
15 64 55
15 65 11
15 66 17
15 67 53
15 68 24
16 1 32
16 2 18
16 3 36
16 4 47
16 5 29
16 6 34
16 7 12
16 8 23
16 9 38
16 10 45
16 11 41
16 12 7
16 13 18
16 14 34
16 15 55
16 16 -1
16 17 50
16 18 56
16 19 24
16 20 50
16 21 25
16 22 10
16 23 22
16 24 16
16 25 30
16 26 13
16 27 40
16 28 43
16 29 7
16 30 35
16 31 32
16 32 40
16 33 13
16 34 24
16 35 19
16 36 33
16 37 48
16 38 15
16 39 26
16 40 57
16 41 28
16 42 42
16 43 43
16 44 43
16 45 32
16 46 23
16 47 46
16 48 19
16 49 37
16 50 7
16 51 12
16 52 41
16 53 18
16 54 29
16 55 33
16 56 39
16 57 22
16 58 43
16 59 35
16 60 39
16 61 24
16 62 45
16 63 27
16 64 48
16 65 51
16 66 38
16 67 47
16 68 30
17 1 27
17 2 40
17 3 34
17 4 6
17 5 68
17 6 67
17 7 62
17 8 60
17 9 21
17 10 21
17 11 25
17 12 53
17 13 68
17 14 36
17 15 24
17 16 50
17 17 -1
17 18 21
17 19 43
17 20 31
17 21 32
17 22 44
17 23 48
17 24 66
17 25 20
17 26 53
17 27 60
17 28 65
17 29 49
17 30 20
17 31 35
17 32 37
17 33 58
17 34 73
17 35 43
17 36 58
17 37 22
17 38 65
17 39 30
17 40 20
17 41 53
17 42 11
17 43 19
17 44 47
17 45 18
17 46 35
17 47 44
17 48 68
17 49 15
17 50 50
17 51 61
17 52 41
17 53 57
17 54 27
17 55 45
17 56 37
17 57 73
17 58 13
17 59 33
17 60 42
17 61 43
17 62 44
17 63 26
17 64 32
17 65 13
17 66 19
17 67 30
17 68 26
18 1 44
18 2 53
18 3 25
18 4 17
18 5 64
18 6 61
18 7 68
18 8 72
18 9 40
18 10 11
18 11 45
18 12 57
18 13 73
18 14 54
18 15 4
18 16 56
18 17 21
18 18 -1
18 19 40
18 20 14
18 21 31
18 22 47
18 23 45
18 24 73
18 25 32
18 26 54
18 27 50
18 28 55
18 29 58
18 30 21
18 31 52
18 32 56
18 33 67
18 34 80
18 35 57
18 36 51
18 37 8
18 38 69
18 39 30
18 40 2
18 41 47
18 42 31
18 43 40
18 44 34
18 45 30
18 46 34
18 47 29
18 48 71
18 49 22
18 50 54
18 51 64
18 52 60
18 53 56
18 54 43
18 55 37
18 56 56
18 57 79
18 58 33
18 59 25
18 60 61
18 61 58
18 62 30
18 63 29
18 64 53
18 65 9
18 66 18
18 67 51
18 68 26
19 1 40
19 2 34
19 3 15
19 4 38
19 5 25
19 6 23
19 7 34
19 8 47
19 9 42
19 10 29
19 11 48
19 12 20
19 13 36
19 14 47
19 15 37
19 16 24
19 17 43
19 18 40
19 19 -1
19 20 29
19 21 11
19 22 14
19 23 5
19 24 38
19 25 28
19 26 15
19 27 20
19 28 24
19 29 30
19 30 23
19 31 44
19 32 53
19 33 37
19 34 45
19 35 38
19 36 15
19 37 31
19 38 32
19 39 13
19 40 41
19 41 9
19 42 41
19 43 46
19 44 19
19 45 30
19 46 9
19 47 21
19 48 33
19 49 28
19 50 18
19 51 26
19 52 55
19 53 16
19 54 36
19 55 9
19 56 52
19 57 43
19 58 42
19 59 14
19 60 54
19 61 42
19 62 21
19 63 18
19 64 57
19 65 38
19 66 25
19 67 55
19 68 17
20 1 47
20 2 51
20 3 14
20 4 25
20 5 52
20 6 48
20 7 61
20 8 69
20 9 44
20 10 9
20 11 50
20 12 48
20 13 65
20 14 57
20 15 10
20 16 50
20 17 31
20 18 14
20 19 29
20 20 -1
20 21 24
20 22 39
20 23 34
20 24 66
20 25 33
20 26 44
20 27 36
20 28 41
20 29 53
20 30 19
20 31 55
20 32 60
20 33 62
20 34 73
20 35 55
20 36 37
20 37 9
20 38 60
20 39 24
20 40 16
20 41 35
20 42 37
20 43 46
20 44 20
20 45 32
20 46 27
20 47 15
20 48 62
20 49 24
20 50 46
20 51 55
20 52 64
20 53 45
20 54 45
20 55 24
20 56 60
20 57 71
20 58 39
20 59 14
20 60 64
20 61 57
20 62 16
20 63 25
20 64 59
20 65 19
20 66 17
20 67 57
20 68 21
21 1 30
21 2 29
21 3 12
21 4 27
21 5 36
21 6 35
21 7 37
21 8 45
21 9 31
21 10 20
21 11 37
21 12 25
21 13 41
21 14 39
21 15 29
21 16 25
21 17 32
21 18 31
21 19 11
21 20 24
21 21 -1
21 22 15
21 23 16
21 24 41
21 25 17
21 26 22
21 27 30
21 28 35
21 29 28
21 30 12
21 31 36
21 32 43
21 33 38
21 34 49
21 35 33
21 36 27
21 37 23
21 38 37
21 39 2
21 40 33
21 41 21
21 42 29
21 43 35
21 44 24
21 45 18
21 46 3
21 47 24
21 48 39
21 49 17
21 50 22
21 51 32
21 52 46
21 53 25
21 54 27
21 55 16
21 56 43
21 57 47
21 58 31
21 59 11
21 60 45
21 61 36
21 62 24
21 63 7
21 64 46
21 65 28
21 66 14
21 67 44
21 68 6
22 1 32
22 2 22
22 3 26
22 4 40
22 5 26
22 6 29
22 7 22
22 8 33
22 9 36
22 10 36
22 11 41
22 12 9
22 13 26
22 14 37
22 15 45
22 16 10
22 17 44
22 18 47
22 19 14
22 20 39
22 21 15
22 22 -1
22 23 12
22 24 26
22 25 25
22 26 9
22 27 31
22 28 35
22 29 16
22 30 26
22 31 34
22 32 43
22 33 24
22 34 33
22 35 25
22 36 25
22 37 39
22 38 21
22 39 16
22 40 48
22 41 19
22 42 38
22 43 41
22 44 33
22 45 27
22 46 12
22 47 35
22 48 24
22 49 29
22 50 6
22 51 17
22 52 44
22 53 14
22 54 28
22 55 23
22 56 42
22 57 31
22 58 39
22 59 25
22 60 43
22 61 30
22 62 35
22 63 18
22 64 49
22 65 42
22 66 29
22 67 47
22 68 21
23 1 42
23 2 34
23 3 20
23 4 43
23 5 20
23 6 19
23 7 30
23 8 45
23 9 45
23 10 34
23 11 50
23 12 16
23 13 31
23 14 49
23 15 42
23 16 22
23 17 48
23 18 45
23 19 5
23 20 34
23 21 16
23 22 12
23 23 -1
23 24 34
23 25 32
23 26 11
23 27 19
23 28 23
23 29 28
23 30 28
23 31 46
23 32 54
23 33 35
23 34 41
23 35 38
23 36 13
23 37 37
23 38 27
23 39 18
23 40 47
23 41 7
23 42 44
23 43 49
23 44 22
23 45 33
23 46 13
23 47 26
23 48 28
23 49 33
23 50 15
23 51 21
23 52 56
23 53 10
23 54 38
23 55 12
23 56 53
23 57 38
23 58 46
23 59 20
23 60 55
23 61 42
23 62 25
23 63 22
23 64 59
23 65 43
23 66 30
23 67 57
23 68 22
24 1 45
24 2 29
24 3 52
24 4 63
24 5 32
24 6 40
24 7 4
24 8 19
24 9 51
24 10 62
24 11 54
24 12 17
24 13 7
24 14 44
24 15 71
24 16 16
24 17 66
24 18 73
24 19 38
24 20 66
24 21 41
24 22 26
24 23 34
24 24 -1
24 25 45
24 26 23
24 27 50
24 28 52
24 29 17
24 30 52
24 31 42
24 32 49
24 33 10
24 34 7
24 35 28
24 36 43
24 37 65
24 38 9
24 39 42
24 40 74
24 41 39
24 42 57
24 43 56
24 44 57
24 45 47
24 46 38
24 47 60
24 48 12
24 49 53
24 50 20
24 51 14
24 52 48
24 53 26
24 54 42
24 55 47
24 56 48
24 57 7
24 58 57
24 59 51
24 60 46
24 61 32
24 62 59
24 63 43
24 64 59
24 65 67
24 66 54
24 67 58
24 68 46
25 1 14
25 2 21
25 3 26
25 4 18
25 5 50
25 6 51
25 7 41
25 8 41
25 9 14
25 10 24
25 11 20
25 12 34
25 13 48
25 14 24
25 15 32
25 16 30
25 17 20
25 18 32
25 19 28
25 20 33
25 21 17
25 22 25
25 23 32
25 24 45
25 25 -1
25 26 34
25 27 48
25 28 53
25 29 28
25 30 14
25 31 22
25 32 27
25 33 38
25 34 53
25 35 25
25 36 44
25 37 26
25 38 44
25 39 15
25 40 32
25 41 38
25 42 13
25 43 17
25 44 40
25 45 2
25 46 19
25 47 39
25 48 48
25 49 9
25 50 31
25 51 41
25 52 31
25 53 38
25 54 12
25 55 33
25 56 27
25 57 52
25 58 14
25 59 25
25 60 31
25 61 26
25 62 39
25 63 10
25 64 29
25 65 24
25 66 16
25 67 27
25 68 14
26 1 41
26 2 29
26 3 30
26 4 48
26 5 18
26 6 22
26 7 19
26 8 35
26 9 45
26 10 42
26 11 50
26 12 6
26 13 20
26 14 45
26 15 51
26 16 13
26 17 53
26 18 54
26 19 15
26 20 44
26 21 22
26 22 9
26 23 11
26 24 23
26 25 34
26 26 -1
26 27 28
26 28 30
26 29 20
26 30 34
26 31 42
26 32 51
26 33 25
26 34 30
26 35 32
26 36 21
26 37 45
26 38 16
26 39 24
26 40 55
26 41 16
26 42 47
26 43 50
26 44 34
26 45 36
26 46 19
26 47 37
26 48 17
26 49 38
26 50 5
26 51 10
26 52 52
26 53 5
26 54 37
26 55 23
26 56 50
26 57 27
26 58 48
26 59 29
26 60 50
26 61 36
26 62 36
26 63 27
26 64 58
26 65 50
26 66 37
26 67 56
26 68 28
27 1 60
27 2 54
27 3 26
27 4 53
27 5 22
27 6 14
27 7 47
27 8 63
27 9 62
27 10 40
27 11 67
27 12 34
27 13 45
27 14 67
27 15 46
27 16 40
27 17 60
27 18 50
27 19 20
27 20 36
27 21 30
27 22 31
27 23 19
27 24 50
27 25 48
27 26 28
27 27 -1
27 28 5
27 29 47
27 30 39
27 31 64
27 32 73
27 33 53
27 34 56
27 35 57
27 36 7
27 37 42
27 38 41
27 39 32
27 40 52
27 41 12
27 42 59
27 43 65
27 44 16
27 45 49
27 46 29
27 47 21
27 48 40
27 49 46
27 50 33
27 51 36
27 52 75
27 53 24
27 54 56
27 55 14
27 56 72
27 57 52
27 58 61
27 59 26
27 60 74
27 61 61
27 62 20
27 63 37
27 64 77
27 65 51
27 66 40
27 67 74
27 68 34
28 1 65
28 2 58
28 3 31
28 4 59
28 5 21
28 6 13
28 7 49
28 8 66
28 9 67
28 10 46
28 11 72
28 12 36
28 13 46
28 14 72
28 15 51
28 16 43
28 17 65
28 18 55
28 19 24
28 20 41
28 21 35
28 22 35
28 23 23
28 24 52
28 25 53
28 26 30
28 27 5
28 28 -1
28 29 50
28 30 44
28 31 69
28 32 77
28 33 55
28 34 57
28 35 61
28 36 9
28 37 47
28 38 43
28 39 37
28 40 57
28 41 16
28 42 64
28 43 71
28 44 21
28 45 54
28 46 33
28 47 26
28 48 41
28 49 51
28 50 36
28 51 38
28 52 79
28 53 26
28 54 61
28 55 20
28 56 77
28 57 53
28 58 66
28 59 31
28 60 78
28 61 65
28 62 25
28 63 42
28 64 82
28 65 56
28 66 45
28 67 79
28 68 39
29 1 28
29 2 12
29 3 40
29 4 46
29 5 36
29 6 42
29 7 14
29 8 17
29 9 34
29 10 47
29 11 37
29 12 15
29 13 22
29 14 28
29 15 57
29 16 7
29 17 49
29 18 58
29 19 30
29 20 53
29 21 28
29 22 16
29 23 28
29 24 17
29 25 28
29 26 20
29 27 47
29 28 50
29 29 -1
29 30 36
29 31 26
29 32 34
29 33 9
29 34 24
29 35 13
29 36 40
29 37 50
29 38 19
29 39 28
29 40 58
29 41 34
29 42 39
29 43 39
29 44 49
29 45 30
29 46 26
29 47 50
29 48 24
29 49 37
29 50 14
29 51 18
29 52 34
29 53 25
29 54 25
29 55 39
29 56 33
29 57 24
29 58 40
29 59 39
29 60 32
29 61 18
29 62 50
29 63 28
29 64 43
29 65 51
29 66 39
29 67 41
29 68 32
30 1 28
30 2 33
30 3 14
30 4 15
30 5 48
30 6 46
30 7 47
30 8 51
30 9 26
30 10 11
30 11 32
30 12 36
30 13 52
30 14 38
30 15 20
30 16 35
30 17 20
30 18 21
30 19 23
30 20 19
30 21 12
30 22 26
30 23 28
30 24 52
30 25 14
30 26 34
30 27 39
30 28 44
30 29 36
30 30 -1
30 31 36
30 32 41
30 33 46
30 34 59
30 35 37
30 36 37
30 37 13
30 38 48
30 39 10
30 40 22
30 41 32
30 42 21
30 43 29
30 44 28
30 45 13
30 46 15
30 47 26
30 48 51
30 49 7
30 50 33
30 51 43
30 52 45
30 53 37
30 54 26
30 55 24
30 56 41
30 57 58
30 58 23
30 59 13
30 60 45
30 61 39
30 62 26
30 63 8
30 64 42
30 65 16
30 66 2
30 67 39
30 68 6
31 1 8
31 2 13
31 3 47
31 4 36
31 5 60
31 6 64
31 7 39
31 8 28
31 9 14
31 10 46
31 11 13
31 12 39
31 13 48
31 14 2
31 15 53
31 16 32
31 17 35
31 18 52
31 19 44
31 20 55
31 21 36
31 22 34
31 23 46
31 24 42
31 25 22
31 26 42
31 27 64
31 28 69
31 29 26
31 30 36
31 31 -1
31 32 8
31 33 32
31 34 48
31 35 14
31 36 59
31 37 48
31 38 45
31 39 34
31 40 52
31 41 53
31 42 23
31 43 17
31 44 60
31 45 23
31 46 36
31 47 59
31 48 50
31 49 31
31 50 37
31 51 44
31 52 10
31 53 48
31 54 10
31 55 52
31 56 7
31 57 49
31 58 22
31 59 46
31 60 9
31 61 10
31 62 60
31 63 30
31 64 17
31 65 44
31 66 38
31 67 16
31 68 35
32 1 13
32 2 22
32 3 54
32 4 39
32 5 69
32 6 72
32 7 47
32 8 34
32 9 16
32 10 51
32 11 12
32 12 48
32 13 56
32 14 5
32 15 58
32 16 40
32 17 37
32 18 56
32 19 53
32 20 60
32 21 43
32 22 43
32 23 54
32 24 49
32 25 27
32 26 51
32 27 73
32 28 77
32 29 34
32 30 41
32 31 8
32 32 -1
32 33 39
32 34 55
32 35 21
32 36 68
32 37 53
32 38 54
32 39 42
32 40 55
32 41 61
32 42 25
32 43 17
32 44 67
32 45 28
32 46 44
32 47 66
32 48 58
32 49 36
32 50 46
32 51 53
32 52 4
32 53 57
32 54 16
32 55 60
32 56 1
32 57 56
32 58 24
32 59 53
32 60 5
32 61 17
32 62 67
32 63 37
32 64 10
32 65 47
32 66 43
32 67 10
32 68 42
33 1 35
33 2 19
33 3 49
33 4 56
33 5 38
33 6 45
33 7 9
33 8 11
33 9 42
33 10 57
33 11 44
33 12 19
33 13 17
33 14 34
33 15 66
33 16 13
33 17 58
33 18 67
33 19 37
33 20 62
33 21 38
33 22 24
33 23 35
33 24 10
33 25 38
33 26 25
33 27 53
33 28 55
33 29 9
33 30 46
33 31 32
33 32 39
33 33 -1
33 34 16
33 35 18
33 36 46
33 37 60
33 38 16
33 39 38
33 40 68
33 41 41
33 42 48
33 43 47
33 44 57
33 45 40
33 46 35
33 47 59
33 48 21
33 49 46
33 50 20
33 51 19
33 52 38
33 53 29
33 54 33
33 55 46
33 56 38
33 57 17
33 58 49
33 59 48
33 60 36
33 61 22
33 62 59
33 63 38
33 64 49
33 65 61
33 66 49
33 67 48
33 68 42
34 1 51
34 2 35
34 3 59
34 4 71
34 5 37
34 6 45
34 7 12
34 8 22
34 9 58
34 10 70
34 11 60
34 12 25
34 13 11
34 14 50
34 15 79
34 16 24
34 17 73
34 18 80
34 19 45
34 20 73
34 21 49
34 22 33
34 23 41
34 24 7
34 25 53
34 26 30
34 27 56
34 28 57
34 29 24
34 30 59
34 31 48
34 32 55
34 33 16
34 34 -1
34 35 34
34 36 49
34 37 72
34 38 14
34 39 50
34 40 81
34 41 45
34 42 64
34 43 63
34 44 64
34 45 55
34 46 46
34 47 67
34 48 16
34 49 61
34 50 27
34 51 20
34 52 53
34 53 32
34 54 49
34 55 54
34 56 54
34 57 4
34 58 64
34 59 59
34 60 51
34 61 38
34 62 67
34 63 51
34 64 65
34 65 75
34 66 62
34 67 64
34 68 54
35 1 18
35 2 4
35 3 45
35 4 43
35 5 49
35 6 54
35 7 25
35 8 16
35 9 25
35 10 48
35 11 26
35 12 27
35 13 34
35 14 16
35 15 57
35 16 19
35 17 43
35 18 57
35 19 38
35 20 55
35 21 33
35 22 25
35 23 38
35 24 28
35 25 25
35 26 32
35 27 57
35 28 61
35 29 13
35 30 37
35 31 14
35 32 21
35 33 18
35 34 34
35 35 -1
35 36 51
35 37 51
35 38 32
35 39 32
35 40 57
35 41 45
35 42 33
35 43 29
35 44 56
35 45 27
35 46 32
35 47 57
35 48 36
35 49 34
35 50 26
35 51 31
35 52 21
35 53 37
35 54 16
35 55 46
35 56 20
35 57 35
35 58 32
35 59 44
35 60 19
35 61 5
35 62 57
35 63 29
35 64 31
35 65 49
35 66 39
35 67 30
35 68 34
36 1 55
36 2 48
36 3 26
36 4 52
36 5 16
36 6 10
36 7 40
36 8 56
36 9 58
36 10 41
36 11 63
36 12 27
36 13 38
36 14 62
36 15 47
36 16 33
36 17 58
36 18 51
36 19 15
36 20 37
36 21 27
36 22 25
36 23 13
36 24 43
36 25 44
36 26 21
36 27 7
36 28 9
36 29 40
36 30 37
36 31 59
36 32 68
36 33 46
36 34 49
36 35 51
36 36 -1
36 37 43
36 38 34
36 39 29
36 40 53
36 41 6
36 42 56
36 43 62
36 44 19
36 45 45
36 46 25
36 47 24
36 48 33
36 49 44
36 50 26
36 51 29
36 52 70
36 53 17
36 54 52
36 55 14
36 56 67
36 57 45
36 58 58
36 59 26
36 60 68
36 61 55
36 62 23
36 63 34
36 64 72
36 65 51
36 66 39
36 67 70
36 68 32
37 1 40
37 2 47
37 3 17
37 4 16
37 5 56
37 6 53
37 7 60
37 8 65
37 9 37
37 10 2
37 11 42
37 12 48
37 13 65
37 14 50
37 15 6
37 16 48
37 17 22
37 18 8
37 19 31
37 20 9
37 21 23
37 22 39
37 23 37
37 24 65
37 25 26
37 26 45
37 27 42
37 28 47
37 29 50
37 30 13
37 31 48
37 32 53
37 33 60
37 34 72
37 35 51
37 36 43
37 37 -1
37 38 61
37 39 22
37 40 10
37 41 39
37 42 28
37 43 37
37 44 27
37 45 25
37 46 26
37 47 23
37 48 63
37 49 17
37 50 45
37 51 55
37 52 57
37 53 47
37 54 38
37 55 29
37 56 53
37 57 71
37 58 31
37 59 17
37 60 57
37 61 52
37 62 24
37 63 22
37 64 51
37 65 10
37 66 11
37 67 49
37 68 18
38 1 47
38 2 32
38 3 46
38 4 61
38 5 23
38 6 31
38 7 7
38 8 27
38 9 53
38 10 58
38 11 56
38 12 12
38 13 4
38 14 48
38 15 67
38 16 15
38 17 65
38 18 69
38 19 32
38 20 60
38 21 37
38 22 21
38 23 27
38 24 9
38 25 44
38 26 16
38 27 41
38 28 43
38 29 19
38 30 48
38 31 45
38 32 54
38 33 16
38 34 14
38 35 32
38 36 34
38 37 61
38 38 -1
38 39 38
38 40 70
38 41 31
38 42 57
38 43 58
38 44 50
38 45 47
38 46 34
38 47 53
38 48 4
38 49 51
38 50 15
38 51 5
38 52 53
38 53 18
38 54 44
38 55 39
38 56 53
38 57 11
38 58 58
38 59 45
38 60 51
38 61 37
38 62 53
38 63 40
38 64 62
38 65 64
38 66 51
38 67 61
38 68 43
39 1 28
39 2 28
39 3 13
39 4 25
39 5 38
39 6 37
39 7 38
39 8 44
39 9 29
39 10 19
39 11 35
39 12 26
39 13 42
39 14 37
39 15 29
39 16 26
39 17 30
39 18 30
39 19 13
39 20 24
39 21 2
39 22 16
39 23 18
39 24 42
39 25 15
39 26 24
39 27 32
39 28 37
39 29 28
39 30 10
39 31 34
39 32 42
39 33 38
39 34 50
39 35 32
39 36 29
39 37 22
39 38 38
39 39 -1
39 40 31
39 41 23
39 42 27
39 43 33
39 44 25
39 45 16
39 46 5
39 47 25
39 48 41
39 49 15
39 50 23
39 51 33
39 52 44
39 53 27
39 54 25
39 55 18
39 56 41
39 57 48
39 58 29
39 59 12
39 60 44
39 61 35
39 62 25
39 63 5
39 64 44
39 65 26
39 66 13
39 67 42
39 68 4
40 1 43
40 2 53
40 3 27
40 4 16
40 5 66
40 6 63
40 7 69
40 8 73
40 9 39
40 10 12
40 11 44
40 12 58
40 13 74
40 14 53
40 15 6
40 16 57
40 17 20
40 18 2
40 19 41
40 20 16
40 21 33
40 22 48
40 23 47
40 24 74
40 25 32
40 26 55
40 27 52
40 28 57
40 29 58
40 30 22
40 31 52
40 32 55
40 33 68
40 34 81
40 35 57
40 36 53
40 37 10
40 38 70
40 39 31
40 40 -1
40 41 49
40 42 30
40 43 39
40 44 36
40 45 30
40 46 36
40 47 32
40 48 72
40 49 22
40 50 55
40 51 65
40 52 60
40 53 57
40 54 43
40 55 39
40 56 55
40 57 80
40 58 32
40 59 27
40 60 60
40 61 58
40 62 32
40 63 30
40 64 52
40 65 8
40 66 19
40 67 50
40 68 27
41 1 49
41 2 42
41 3 22
41 4 47
41 5 17
41 6 14
41 7 35
41 8 51
41 9 52
41 10 37
41 11 57
41 12 22
41 13 34
41 14 56
41 15 44
41 16 28
41 17 53
41 18 47
41 19 9
41 20 35
41 21 21
41 22 19
41 23 7
41 24 39
41 25 38
41 26 16
41 27 12
41 28 16
41 29 34
41 30 32
41 31 53
41 32 61
41 33 41
41 34 45
41 35 45
41 36 6
41 37 39
41 38 31
41 39 23
41 40 49
41 41 -1
41 42 50
41 43 56
41 44 19
41 45 39
41 46 19
41 47 24
41 48 30
41 49 38
41 50 21
41 51 25
41 52 63
41 53 13
41 54 45
41 55 11
41 56 61
41 57 42
41 58 52
41 59 22
41 60 62
41 61 49
41 62 23
41 63 28
41 64 66
41 65 47
41 66 34
41 67 64
41 68 26
42 1 15
42 2 30
42 3 35
42 4 14
42 5 64
42 6 64
42 7 53
42 8 49
42 9 9
42 10 27
42 11 14
42 12 47
42 13 60
42 14 24
42 15 33
42 16 42
42 17 11
42 18 31
42 19 41
42 20 37
42 21 29
42 22 38
42 23 44
42 24 57
42 25 13
42 26 47
42 27 59
42 28 64
42 29 39
42 30 21
42 31 23
42 32 25
42 33 48
42 34 64
42 35 33
42 36 56
42 37 28
42 38 57
42 39 27
42 40 30
42 41 50
42 42 -1
42 43 9
42 44 49
42 45 11
42 46 31
42 47 47
42 48 61
42 49 14
42 50 44
42 51 54
42 52 30
42 53 51
42 54 16
42 55 45
42 56 25
42 57 64
42 58 2
42 59 34
42 60 30
42 61 31
42 62 47
42 63 22
42 64 22
42 65 22
42 66 21
42 67 20
42 68 25
43 1 11
43 2 27
43 3 43
43 4 23
43 5 67
43 6 69
43 7 53
43 8 45
43 9 5
43 10 36
43 11 5
43 12 48
43 13 61
43 14 17
43 15 42
43 16 43
43 17 19
43 18 40
43 19 46
43 20 46
43 21 35
43 22 41
43 23 49
43 24 56
43 25 17
43 26 50
43 27 65
43 28 71
43 29 39
43 30 29
43 31 17
43 32 17
43 33 47
43 34 63
43 35 29
43 36 62
43 37 37
43 38 58
43 39 33
43 40 39
43 41 56
43 42 9
43 43 -1
43 44 57
43 45 16
43 46 37
43 47 55
43 48 62
43 49 22
43 50 46
43 51 55
43 52 21
43 53 55
43 54 14
43 55 51
43 56 17
43 57 63
43 58 7
43 59 42
43 60 22
43 61 27
43 62 55
43 63 28
43 64 13
43 65 31
43 66 29
43 67 11
43 68 31
44 1 54
44 2 52
44 3 14
44 4 41
44 5 35
44 6 29
44 7 53
44 8 66
44 9 54
44 10 26
44 11 60
44 12 39
44 13 54
44 14 62
44 15 30
44 16 43
44 17 47
44 18 34
44 19 19
44 20 20
44 21 24
44 22 33
44 23 22
44 24 57
44 25 40
44 26 34
44 27 16
44 28 21
44 29 49
44 30 28
44 31 60
44 32 67
44 33 57
44 34 64
44 35 56
44 36 19
44 37 27
44 38 50
44 39 25
44 40 36
44 41 19
44 42 49
44 43 57
44 44 -1
44 45 40
44 46 24
44 47 5
44 48 50
44 49 35
44 50 37
44 51 44
44 52 70
44 53 32
44 54 51
44 55 10
44 56 67
44 57 61
44 58 51
44 59 15
44 60 69
44 61 59
44 62 4
44 63 29
44 64 69
44 65 37
44 66 28
44 67 67
44 68 25
45 1 15
45 2 23
45 3 26
45 4 16
45 5 52
45 6 53
45 7 44
45 8 43
45 9 13
45 10 23
45 11 19
45 12 36
45 13 50
45 14 25
45 15 31
45 16 32
45 17 18
45 18 30
45 19 30
45 20 32
45 21 18
45 22 27
45 23 33
45 24 47
45 25 2
45 26 36
45 27 49
45 28 54
45 29 30
45 30 13
45 31 23
45 32 28
45 33 40
45 34 55
45 35 27
45 36 45
45 37 25
45 38 47
45 39 16
45 40 30
45 41 39
45 42 11
45 43 16
45 44 40
45 45 -1
45 46 20
45 47 38
45 48 50
45 49 8
45 50 33
45 51 43
45 52 32
45 53 40
45 54 13
45 55 34
45 56 28
45 57 54
45 58 13
45 59 25
45 60 32
45 61 27
45 62 39
45 63 11
45 64 29
45 65 22
45 66 15
45 67 26
45 68 15
46 1 31
46 2 28
46 3 13
46 4 30
46 5 33
46 6 32
46 7 34
46 8 43
46 9 33
46 10 23
46 11 38
46 12 22
46 13 38
46 14 39
46 15 32
46 16 23
46 17 35
46 18 34
46 19 9
46 20 27
46 21 3
46 22 12
46 23 13
46 24 38
46 25 19
46 26 19
46 27 29
46 28 33
46 29 26
46 30 15
46 31 36
46 32 44
46 33 35
46 34 46
46 35 32
46 36 25
46 37 26
46 38 34
46 39 5
46 40 36
46 41 19
46 42 31
46 43 37
46 44 24
46 45 20
46 46 -1
46 47 25
46 48 36
46 49 20
46 50 19
46 51 29
46 52 46
46 53 22
46 54 28
46 55 15
46 56 43
46 57 44
46 58 33
46 59 13
46 60 46
46 61 35
46 62 25
46 63 9
46 64 48
46 65 31
46 66 17
46 67 45
46 68 9
47 1 53
47 2 53
47 3 12
47 4 37
47 5 40
47 6 34
47 7 56
47 8 68
47 9 52
47 10 22
47 11 58
47 12 42
47 13 57
47 14 62
47 15 25
47 16 46
47 17 44
47 18 29
47 19 21
47 20 15
47 21 24
47 22 35
47 23 26
47 24 60
47 25 39
47 26 37
47 27 21
47 28 26
47 29 50
47 30 26
47 31 59
47 32 66
47 33 59
47 34 67
47 35 57
47 36 24
47 37 23
47 38 53
47 39 25
47 40 32
47 41 24
47 42 47
47 43 55
47 44 5
47 45 38
47 46 25
47 47 -1
47 48 54
47 49 33
47 50 40
47 51 47
47 52 69
47 53 36
47 54 50
47 55 13
47 56 66
47 57 64
47 58 49
47 59 13
47 60 69
47 61 60
47 62 1
47 63 29
47 64 68
47 65 33
47 66 25
47 67 65
47 68 24
48 1 51
48 2 36
48 3 48
48 4 64
48 5 21
48 6 29
48 7 12
48 8 31
48 9 57
48 10 60
48 11 60
48 12 14
48 13 5
48 14 52
48 15 69
48 16 19
48 17 68
48 18 71
48 19 33
48 20 62
48 21 39
48 22 24
48 23 28
48 24 12
48 25 48
48 26 17
48 27 40
48 28 41
48 29 24
48 30 51
48 31 50
48 32 58
48 33 21
48 34 16
48 35 36
48 36 33
48 37 63
48 38 4
48 39 41
48 40 72
48 41 30
48 42 61
48 43 62
48 44 50
48 45 50
48 46 36
48 47 54
48 48 -1
48 49 54
48 50 18
48 51 7
48 52 58
48 53 18
48 54 48
48 55 40
48 56 57
48 57 12
48 58 62
48 59 47
48 60 56
48 61 41
48 62 53
48 63 43
48 64 67
48 65 67
48 66 54
48 67 65
48 68 45
49 1 23
49 2 31
49 3 21
49 4 10
49 5 53
49 6 52
49 7 49
49 8 50
49 9 20
49 10 15
49 11 26
49 12 39
49 13 55
49 14 33
49 15 22
49 16 37
49 17 15
49 18 22
49 19 28
49 20 24
49 21 17
49 22 29
49 23 33
49 24 53
49 25 9
49 26 38
49 27 46
49 28 51
49 29 37
49 30 7
49 31 31
49 32 36
49 33 46
49 34 61
49 35 34
49 36 44
49 37 17
49 38 51
49 39 15
49 40 22
49 41 38
49 42 14
49 43 22
49 44 35
49 45 8
49 46 20
49 47 33
49 48 54
49 49 -1
49 50 36
49 51 46
49 52 40
49 53 42
49 54 21
49 55 31
49 56 36
49 57 59
49 58 16
49 59 20
49 60 40
49 61 35
49 62 33
49 63 11
49 64 35
49 65 14
49 66 7
49 67 33
49 68 11
50 1 36
50 2 24
50 3 32
50 4 46
50 5 23
50 6 28
50 7 16
50 8 30
50 9 41
50 10 43
50 11 45
50 12 3
50 13 19
50 14 40
50 15 52
50 16 7
50 17 50
50 18 54
50 19 18
50 20 46
50 21 22
50 22 6
50 23 15
50 24 20
50 25 31
50 26 5
50 27 33
50 28 36
50 29 14
50 30 33
50 31 37
50 32 46
50 33 20
50 34 27
50 35 26
50 36 26
50 37 45
50 38 15
50 39 23
50 40 55
50 41 21
50 42 44
50 43 46
50 44 37
50 45 33
50 46 19
50 47 40
50 48 18
50 49 36
50 50 -1
50 51 10
50 52 46
50 53 11
50 54 32
50 55 27
50 56 45
50 57 25
50 58 45
50 59 31
50 60 45
50 61 31
50 62 39
50 63 25
50 64 53
50 65 49
50 66 36
50 67 51
50 68 27
51 1 45
51 2 30
51 3 41
51 4 57
51 5 19
51 6 26
51 7 11
51 8 30
51 9 50
51 10 53
51 11 54
51 12 7
51 13 10
51 14 47
51 15 61
51 16 12
51 17 61
51 18 64
51 19 26
51 20 55
51 21 32
51 22 17
51 23 21
51 24 14
51 25 41
51 26 10
51 27 36
51 28 38
51 29 18
51 30 43
51 31 44
51 32 53
51 33 19
51 34 20
51 35 31
51 36 29
51 37 55
51 38 5
51 39 33
51 40 65
51 41 25
51 42 54
51 43 55
51 44 44
51 45 43
51 46 29
51 47 47
51 48 7
51 49 46
51 50 10
51 51 -1
51 52 53
51 53 12
51 54 41
51 55 34
51 56 52
51 57 17
51 58 55
51 59 40
51 60 51
51 61 36
51 62 47
51 63 36
51 64 61
51 65 60
51 66 46
51 67 59
51 68 38
52 1 17
52 2 22
52 3 57
52 4 43
52 5 70
52 6 74
52 7 46
52 8 32
52 9 20
52 10 55
52 11 16
52 12 48
52 13 55
52 14 7
52 15 62
52 16 41
52 17 41
52 18 60
52 19 55
52 20 64
52 21 46
52 22 44
52 23 56
52 24 48
52 25 31
52 26 52
52 27 75
52 28 79
52 29 34
52 30 45
52 31 10
52 32 4
52 33 38
52 34 53
52 35 21
52 36 70
52 37 57
52 38 53
52 39 44
52 40 60
52 41 63
52 42 30
52 43 21
52 44 70
52 45 32
52 46 46
52 47 69
52 48 58
52 49 40
52 50 46
52 51 53
52 52 -1
52 53 58
52 54 19
52 55 62
52 56 4
52 57 55
52 58 28
52 59 56
52 60 2
52 61 16
52 62 70
52 63 40
52 64 13
52 65 51
52 66 47
52 67 14
52 68 45
53 1 46
53 2 35
53 3 31
53 4 52
53 5 12
53 6 16
53 7 23
53 8 40
53 9 50
53 10 44
53 11 55
53 12 10
53 13 21
53 14 51
53 15 53
53 16 18
53 17 57
53 18 56
53 19 16
53 20 45
53 21 25
53 22 14
53 23 10
53 24 26
53 25 38
53 26 5
53 27 24
53 28 26
53 29 25
53 30 37
53 31 48
53 32 57
53 33 29
53 34 32
53 35 37
53 36 17
53 37 47
53 38 18
53 39 27
53 40 57
53 41 13
53 42 51
53 43 55
53 44 32
53 45 40
53 46 22
53 47 36
53 48 18
53 49 42
53 50 11
53 51 12
53 52 58
53 53 -1
53 54 42
53 55 22
53 56 56
53 57 29
53 58 53
53 59 30
53 60 56
53 61 42
53 62 35
53 63 31
53 64 63
53 65 53
53 66 39
53 67 61
53 68 31
54 1 3
54 2 13
54 3 37
54 4 27
54 5 55
54 6 58
54 7 39
54 8 33
54 9 9
54 10 36
54 11 12
54 12 35
54 13 47
54 14 12
54 15 44
54 16 29
54 17 27
54 18 43
54 19 36
54 20 45
54 21 27
54 22 28
54 23 38
54 24 42
54 25 12
54 26 37
54 27 56
54 28 61
54 29 25
54 30 26
54 31 10
54 32 16
54 33 33
54 34 49
54 35 16
54 36 52
54 37 38
54 38 44
54 39 25
54 40 43
54 41 45
54 42 16
54 43 14
54 44 51
54 45 13
54 46 28
54 47 50
54 48 48
54 49 21
54 50 32
54 51 41
54 52 19
54 53 42
54 54 -1
54 55 43
54 56 16
54 57 49
54 58 16
54 59 36
54 60 19
54 61 15
54 62 50
54 63 21
54 64 20
54 65 34
54 66 28
54 67 18
54 68 25
55 1 46
55 2 43
55 3 12
55 4 39
55 5 28
55 6 24
55 7 43
55 8 56
55 9 48
55 10 27
55 11 53
55 12 29
55 13 44
55 14 55
55 15 33
55 16 33
55 17 45
55 18 37
55 19 9
55 20 24
55 21 16
55 22 23
55 23 12
55 24 47
55 25 33
55 26 23
55 27 14
55 28 20
55 29 39
55 30 24
55 31 52
55 32 60
55 33 46
55 34 54
55 35 46
55 36 14
55 37 29
55 38 39
55 39 18
55 40 39
55 41 11
55 42 45
55 43 51
55 44 10
55 45 34
55 46 15
55 47 13
55 48 40
55 49 31
55 50 27
55 51 34
55 52 62
55 53 22
55 54 43
55 55 -1
55 56 59
55 57 51
55 58 47
55 59 12
55 60 61
55 61 50
55 62 13
55 63 23
55 64 63
55 65 37
55 66 25
55 67 61
55 68 20
56 1 13
56 2 21
56 3 53
56 4 39
56 5 68
56 6 72
56 7 46
56 8 33
56 9 16
56 10 51
56 11 12
56 12 47
56 13 55
56 14 5
56 15 58
56 16 39
56 17 37
56 18 56
56 19 52
56 20 60
56 21 43
56 22 42
56 23 53
56 24 48
56 25 27
56 26 50
56 27 72
56 28 77
56 29 33
56 30 41
56 31 7
56 32 1
56 33 38
56 34 54
56 35 20
56 36 67
56 37 53
56 38 53
56 39 41
56 40 55
56 41 61
56 42 25
56 43 17
56 44 67
56 45 28
56 46 43
56 47 66
56 48 57
56 49 36
56 50 45
56 51 52
56 52 4
56 53 56
56 54 16
56 55 59
56 56 -1
56 57 55
56 58 24
56 59 52
56 60 5
56 61 16
56 62 66
56 63 37
56 64 11
56 65 47
56 66 43
56 67 11
56 68 42
57 1 52
57 2 36
57 3 57
57 4 70
57 5 33
57 6 41
57 7 10
57 8 25
57 9 58
57 10 68
57 11 61
57 12 22
57 13 7
57 14 51
57 15 77
57 16 22
57 17 73
57 18 79
57 19 43
57 20 71
57 21 47
57 22 31
57 23 38
57 24 7
57 25 52
57 26 27
57 27 52
57 28 53
57 29 24
57 30 58
57 31 49
57 32 56
57 33 17
57 34 4
57 35 35
57 36 45
57 37 71
57 38 11
57 39 48
57 40 80
57 41 42
57 42 64
57 43 63
57 44 61
57 45 54
57 46 44
57 47 64
57 48 12
57 49 59
57 50 25
57 51 17
57 52 55
57 53 29
57 54 49
57 55 51
57 56 55
57 57 -1
57 58 64
57 59 56
57 60 53
57 61 39
57 62 64
57 63 49
57 64 66
57 65 74
57 66 61
57 67 65
57 68 52
58 1 14
58 2 29
58 3 37
58 4 16
58 5 65
58 6 66
58 7 54
58 8 49
58 9 8
58 10 29
58 11 12
58 12 48
58 13 61
58 14 23
58 15 35
58 16 43
58 17 13
58 18 33
58 19 42
58 20 39
58 21 31
58 22 39
58 23 46
58 24 57
58 25 14
58 26 48
58 27 61
58 28 66
58 29 40
58 30 23
58 31 22
58 32 24
58 33 49
58 34 64
58 35 32
58 36 58
58 37 31
58 38 58
58 39 29
58 40 32
58 41 52
58 42 2
58 43 7
58 44 51
58 45 13
58 46 33
58 47 49
58 48 62
58 49 16
58 50 45
58 51 55
58 52 28
58 53 53
58 54 16
58 55 47
58 56 24
58 57 64
58 58 -1
58 59 36
58 60 29
58 61 31
58 62 50
58 63 24
58 64 20
58 65 24
58 66 23
58 67 18
58 68 27
59 1 39
59 2 40
59 3 1
59 4 27
59 5 39
59 6 36
59 7 47
59 8 56
59 9 39
59 10 15
59 11 45
59 12 33
59 13 50
59 14 48
59 15 22
59 16 35
59 17 33
59 18 25
59 19 14
59 20 14
59 21 11
59 22 25
59 23 20
59 24 51
59 25 25
59 26 29
59 27 26
59 28 31
59 29 39
59 30 13
59 31 46
59 32 53
59 33 48
59 34 59
59 35 44
59 36 26
59 37 17
59 38 45
59 39 12
59 40 27
59 41 22
59 42 34
59 43 42
59 44 15
59 45 25
59 46 13
59 47 13
59 48 47
59 49 20
59 50 31
59 51 40
59 52 56
59 53 30
59 54 36
59 55 12
59 56 52
59 57 56
59 58 36
59 59 -1
59 60 55
59 61 47
59 62 13
59 63 15
59 64 54
59 65 25
59 66 13
59 67 52
59 68 10
60 1 17
60 2 21
60 3 56
60 4 44
60 5 68
60 6 72
60 7 44
60 8 30
60 9 20
60 10 55
60 11 17
60 12 47
60 13 53
60 14 7
60 15 62
60 16 39
60 17 42
60 18 61
60 19 54
60 20 64
60 21 45
60 22 43
60 23 55
60 24 46
60 25 31
60 26 50
60 27 74
60 28 78
60 29 32
60 30 45
60 31 9
60 32 5
60 33 36
60 34 51
60 35 19
60 36 68
60 37 57
60 38 51
60 39 44
60 40 60
60 41 62
60 42 30
60 43 22
60 44 69
60 45 32
60 46 46
60 47 69
60 48 56
60 49 40
60 50 45
60 51 51
60 52 2
60 53 56
60 54 19
60 55 61
60 56 5
60 57 53
60 58 29
60 59 55
60 60 -1
60 61 14
60 62 69
60 63 40
60 64 15
60 65 52
60 66 47
60 67 15
60 68 45
61 1 16
61 2 7
61 3 48
61 4 43
61 5 54
61 6 59
61 7 30
61 8 18
61 9 23
61 10 50
61 11 23
61 12 32
61 13 38
61 14 12
61 15 58
61 16 24
61 17 43
61 18 58
61 19 42
61 20 57
61 21 36
61 22 30
61 23 42
61 24 32
61 25 26
61 26 36
61 27 61
61 28 65
61 29 18
61 30 39
61 31 10
61 32 17
61 33 22
61 34 38
61 35 5
61 36 55
61 37 52
61 38 37
61 39 35
61 40 58
61 41 49
61 42 31
61 43 27
61 44 59
61 45 27
61 46 35
61 47 60
61 48 41
61 49 35
61 50 31
61 51 36
61 52 16
61 53 42
61 54 15
61 55 50
61 56 16
61 57 39
61 58 31
61 59 47
61 60 14
61 61 -1
61 62 60
61 63 32
61 64 27
61 65 50
61 66 41
61 67 26
61 68 37
62 1 53
62 2 53
62 3 13
62 4 38
62 5 39
62 6 34
62 7 55
62 8 67
62 9 53
62 10 23
62 11 59
62 12 42
62 13 57
62 14 62
62 15 26
62 16 45
62 17 44
62 18 30
62 19 21
62 20 16
62 21 24
62 22 35
62 23 25
62 24 59
62 25 39
62 26 36
62 27 20
62 28 25
62 29 50
62 30 26
62 31 60
62 32 67
62 33 59
62 34 67
62 35 57
62 36 23
62 37 24
62 38 53
62 39 25
62 40 32
62 41 23
62 42 47
62 43 55
62 44 4
62 45 39
62 46 25
62 47 1
62 48 53
62 49 33
62 50 39
62 51 47
62 52 70
62 53 35
62 54 50
62 55 13
62 56 66
62 57 64
62 58 50
62 59 13
62 60 69
62 61 60
62 62 -1
62 63 29
62 64 68
62 65 34
62 66 26
62 67 66
62 68 24
63 1 24
63 2 25
63 3 16
63 4 21
63 5 42
63 6 42
63 7 39
63 8 43
63 9 24
63 10 19
63 11 30
63 12 28
63 13 44
63 14 33
63 15 28
63 16 27
63 17 26
63 18 29
63 19 18
63 20 25
63 21 7
63 22 18
63 23 22
63 24 43
63 25 10
63 26 27
63 27 37
63 28 42
63 29 28
63 30 8
63 31 30
63 32 37
63 33 38
63 34 51
63 35 29
63 36 34
63 37 22
63 38 40
63 39 5
63 40 30
63 41 28
63 42 22
63 43 28
63 44 29
63 45 11
63 46 9
63 47 29
63 48 43
63 49 11
63 50 25
63 51 36
63 52 40
63 53 31
63 54 21
63 55 23
63 56 37
63 57 49
63 58 24
63 59 15
63 60 40
63 61 32
63 62 29
63 63 -1
63 64 40
63 65 24
63 66 11
63 67 37
63 68 5
64 1 17
64 2 30
64 3 55
64 4 36
64 5 76
64 6 78
64 7 56
64 8 44
64 9 15
64 10 49
64 11 9
64 12 55
64 13 65
64 14 15
64 15 55
64 16 48
64 17 32
64 18 53
64 19 57
64 20 59
64 21 46
64 22 49
64 23 59
64 24 59
64 25 29
64 26 58
64 27 77
64 28 82
64 29 43
64 30 42
64 31 17
64 32 10
64 33 49
64 34 65
64 35 31
64 36 72
64 37 51
64 38 62
64 39 44
64 40 52
64 41 66
64 42 22
64 43 13
64 44 69
64 45 29
64 46 48
64 47 68
64 48 67
64 49 35
64 50 53
64 51 61
64 52 13
64 53 63
64 54 20
64 55 63
64 56 11
64 57 66
64 58 20
64 59 54
64 60 15
64 61 27
64 62 68
64 63 40
64 64 -1
64 65 44
64 66 43
64 67 2
64 68 44
65 1 35
65 2 45
65 3 25
65 4 8
65 5 63
65 6 61
65 7 63
65 8 65
65 9 31
65 10 10
65 11 36
65 12 52
65 13 68
65 14 45
65 15 11
65 16 51
65 17 13
65 18 9
65 19 38
65 20 19
65 21 28
65 22 42
65 23 43
65 24 67
65 25 24
65 26 50
65 27 51
65 28 56
65 29 51
65 30 16
65 31 44
65 32 47
65 33 61
65 34 75
65 35 49
65 36 51
65 37 10
65 38 64
65 39 26
65 40 8
65 41 47
65 42 22
65 43 31
65 44 37
65 45 22
65 46 31
65 47 33
65 48 67
65 49 14
65 50 49
65 51 60
65 52 51
65 53 53
65 54 34
65 55 37
65 56 47
65 57 74
65 58 24
65 59 25
65 60 52
65 61 50
65 62 34
65 63 24
65 64 44
65 65 -1
65 66 13
65 67 42
65 68 22
66 1 30
66 2 35
66 3 14
66 4 13
66 5 50
66 6 48
66 7 50
66 8 54
66 9 28
66 10 8
66 11 33
66 12 39
66 13 55
66 14 40
66 15 17
66 16 38
66 17 19
66 18 18
66 19 25
66 20 17
66 21 14
66 22 29
66 23 30
66 24 54
66 25 16
66 26 37
66 27 40
66 28 45
66 29 39
66 30 2
66 31 38
66 32 43
66 33 49
66 34 62
66 35 39
66 36 39
66 37 11
66 38 51
66 39 13
66 40 19
66 41 34
66 42 21
66 43 29
66 44 28
66 45 15
66 46 17
66 47 25
66 48 54
66 49 7
66 50 36
66 51 46
66 52 47
66 53 39
66 54 28
66 55 25
66 56 43
66 57 61
66 58 23
66 59 13
66 60 47
66 61 41
66 62 26
66 63 11
66 64 43
66 65 13
66 66 -1
66 67 40
66 68 8
67 1 15
67 2 29
67 3 53
67 4 34
67 5 74
67 6 76
67 7 55
67 8 43
67 9 13
67 10 47
67 11 7
67 12 53
67 13 63
67 14 14
67 15 53
67 16 47
67 17 30
67 18 51
67 19 55
67 20 57
67 21 44
67 22 47
67 23 57
67 24 58
67 25 27
67 26 56
67 27 74
67 28 79
67 29 41
67 30 39
67 31 16
67 32 10
67 33 48
67 34 64
67 35 30
67 36 70
67 37 49
67 38 61
67 39 42
67 40 50
67 41 64
67 42 20
67 43 11
67 44 67
67 45 26
67 46 45
67 47 65
67 48 65
67 49 33
67 50 51
67 51 59
67 52 14
67 53 61
67 54 18
67 55 61
67 56 11
67 57 65
67 58 18
67 59 52
67 60 15
67 61 26
67 62 66
67 63 37
67 64 2
67 65 42
67 66 40
67 67 -1
67 68 41
68 1 28
68 2 30
68 3 11
68 4 21
68 5 42
68 6 41
68 7 42
68 8 48
68 9 28
68 10 15
68 11 34
68 12 30
68 13 47
68 14 38
68 15 24
68 16 30
68 17 26
68 18 26
68 19 17
68 20 21
68 21 6
68 22 21
68 23 22
68 24 46
68 25 14
68 26 28
68 27 34
68 28 39
68 29 32
68 30 6
68 31 35
68 32 42
68 33 42
68 34 54
68 35 34
68 36 32
68 37 18
68 38 43
68 39 4
68 40 27
68 41 26
68 42 25
68 43 31
68 44 25
68 45 15
68 46 9
68 47 24
68 48 45
68 49 11
68 50 27
68 51 38
68 52 45
68 53 31
68 54 25
68 55 20
68 56 42
68 57 52
68 58 27
68 59 10
68 60 45
68 61 37
68 62 24
68 63 5
68 64 44
68 65 22
68 66 8
68 67 41
68 68 -1
