23 41
23 19
23 53
23 22
23 55
23 26
5 53
5 6
62 3
62 44
62 47
66 68
66 37
66 39
66 10
66 49
66 30
66 63
40 65
40 37
40 10
40 15
40 18
26 12
26 16
26 50
26 51
26 53
26 22
26 23
14 32
14 1
14 11
14 52
14 54
14 56
14 60
14 61
14 31
52 32
52 14
52 56
52 60
52 31
9 1
9 42
9 11
9 43
9 54
9 58
15 65
15 37
15 40
15 10
15 18
15 20
3 68
3 39
3 47
3 21
3 55
3 59
3 62
59 3
59 68
59 39
59 46
59 21
59 55
36 41
36 27
36 28
36 6
17 65
17 42
17 4
17 58
60 32
60 14
60 52
60 56
60 31
16 7
16 12
16 50
16 51
16 22
16 26
16 29
12 38
12 16
12 50
12 51
12 53
12 22
12 26
