1 1 8
1 2 66
1 3 63
1 4 38
1 5 1
1 6 44
1 7 90
1 8 94
1 9 89
1 10 2
1 11 34
1 12 64
1 13 50
1 14 33
1 15 93
1 16 34
1 17 59
1 18 63
1 19 100
1 20 7
1 21 47
1 22 30
1 23 41
1 24 91
1 25 25
1 26 13
1 27 12
1 28 55
1 29 94
1 30 86
1 31 21
1 32 44
1 33 23
1 34 18
1 35 16
1 36 39
1 37 64
1 38 20
1 39 1
1 40 85
1 41 58
1 42 11
1 43 90
1 44 64
1 45 89
1 46 32
1 47 9
1 48 73
1 49 84
1 50 78
1 51 47
1 52 46
1 53 94
1 54 99
1 55 36
1 56 94
1 57 35
1 58 29
1 59 20
1 60 73
1 61 48
1 62 2
1 63 100
1 64 76
1 65 47
1 66 72
1 67 99
1 68 33
1 69 91
1 70 100
1 71 16
1 72 70
1 73 2
1 74 49
1 75 6
1 76 25
1 77 73
1 78 40
1 79 41
1 80 35
1 81 23
1 82 13
1 83 95
1 84 14
1 85 27
1 86 70
1 87 62
1 88 5
1 89 47
1 90 90
1 91 28
1 92 63
1 93 74
1 94 66
1 95 23
1 96 96
1 97 18
1 98 84
1 99 98
1 100 55
2 1 63
2 2 10
2 3 35
2 4 39
2 5 93
2 6 42
2 7 81
2 8 94
2 9 32
2 10 52
2 11 12
2 12 90
2 13 70
2 14 55
2 15 16
2 16 10
2 17 72
2 18 20
2 19 91
2 20 17
2 21 68
2 22 80
2 23 28
2 24 57
2 25 18
2 26 98
2 27 19
2 28 7
2 29 45
2 30 52
2 31 63
2 32 4
2 33 43
2 34 26
2 35 24
2 36 98
2 37 42
2 38 65
2 39 56
2 40 19
2 41 16
2 42 61
2 43 38
2 44 65
2 45 87
2 46 84
2 47 72
2 48 28
2 49 48
2 50 67
2 51 42
2 52 61
2 53 6
2 54 20
2 55 99
2 56 64
2 57 57
2 58 7
2 59 100
2 60 80
2 61 86
2 62 73
2 63 29
2 64 12
2 65 88
2 66 54
2 67 8
2 68 20
2 69 50
2 70 22
2 71 59
2 72 95
2 73 4
2 74 39
2 75 59
2 76 15
2 77 46
2 78 17
2 79 41
2 80 64
2 81 42
2 82 34
2 83 85
2 84 99
2 85 71
2 86 9
2 87 97
2 88 47
2 89 46
2 90 27
2 91 60
2 92 26
2 93 10
2 94 71
2 95 29
2 96 20
2 97 62
2 98 80
2 99 69
2 100 98
3 1 22
3 2 63
3 3 90
3 4 6
3 5 73
3 6 11
3 7 42
3 8 13
3 9 64
3 10 54
3 11 58
3 12 50
3 13 2
3 14 72
3 15 27
3 16 57
3 17 34
3 18 42
3 19 28
3 20 47
3 21 53
3 22 100
3 23 12
3 24 30
3 25 32
3 26 52
3 27 100
3 28 56
3 29 85
3 30 12
3 31 97
3 32 28
3 33 98
3 34 56
3 35 6
3 36 15
3 37 10
3 38 86
3 39 58
3 40 4
3 41 52
3 42 47
3 43 29
3 44 22
3 45 39
3 46 60
3 47 80
3 48 35
3 49 98
3 50 46
3 51 8
3 52 44
3 53 25
3 54 53
3 55 56
3 56 13
3 57 32
3 58 10
3 59 39
3 60 100
3 61 81
3 62 17
3 63 15
3 64 72
3 65 77
3 66 68
3 67 1
3 68 98
3 69 90
3 70 95
3 71 100
3 72 81
3 73 68
3 74 76
3 75 91
3 76 32
3 77 15
3 78 1
3 79 74
3 80 86
3 81 50
3 82 91
3 83 61
3 84 5
3 85 81
3 86 21
3 87 96
3 88 68
3 89 72
3 90 1
3 91 61
3 92 2
3 93 46
3 94 48
3 95 30
3 96 19
3 97 79
3 98 31
3 99 32
3 100 61
4 1 30
4 2 79
4 3 52
4 4 77
4 5 48
4 6 49
4 7 20
4 8 52
4 9 74
4 10 50
4 11 86
4 12 1
4 13 82
4 14 75
4 15 12
4 16 37
4 17 35
4 18 28
4 19 60
4 20 4
4 21 85
4 22 73
4 23 11
4 24 35
4 25 26
4 26 95
4 27 12
4 28 1
4 29 10
4 30 28
4 31 88
4 32 73
4 33 78
4 34 69
4 35 5
4 36 27
4 37 28
4 38 96
4 39 32
4 40 31
4 41 2
4 42 29
4 43 99
4 44 76
4 45 33
4 46 3
4 47 55
4 48 20
4 49 30
4 50 11
4 51 59
4 52 43
4 53 61
4 54 83
4 55 46
4 56 99
4 57 6
4 58 22
4 59 95
4 60 7
4 61 89
4 62 79
4 63 97
4 64 48
4 65 4
4 66 89
4 67 42
4 68 25
4 69 29
4 70 20
4 71 58
4 72 65
4 73 42
4 74 13
4 75 31
4 76 31
4 77 33
4 78 58
4 79 38
4 80 62
4 81 79
4 82 76
4 83 93
4 84 15
4 85 54
4 86 52
4 87 57
4 88 14
4 89 56
4 90 50
4 91 61
4 92 35
4 93 87
4 94 37
4 95 74
4 96 72
4 97 48
4 98 1
4 99 31
4 100 43
5 1 61
5 2 56
5 3 100
5 4 18
5 5 65
5 6 46
5 7 23
5 8 49
5 9 95
5 10 91
5 11 6
5 12 40
5 13 8
5 14 56
5 15 33
5 16 39
5 17 69
5 18 72
5 19 5
5 20 100
5 21 53
5 22 58
5 23 11
5 24 72
5 25 51
5 26 24
5 27 97
5 28 55
5 29 18
5 30 95
5 31 14
5 32 2
5 33 85
5 34 16
5 35 29
5 36 55
5 37 53
5 38 37
5 39 42
5 40 89
5 41 3
5 42 52
5 43 9
5 44 73
5 45 96
5 46 39
5 47 28
5 48 49
5 49 86
5 50 40
5 51 72
5 52 93
5 53 12
5 54 53
5 55 64
5 56 59
5 57 17
5 58 71
5 59 60
5 60 37
5 61 60
5 62 35
5 63 40
5 64 70
5 65 87
5 66 14
5 67 70
5 68 30
5 69 47
5 70 68
5 71 46
5 72 38
5 73 69
5 74 100
5 75 92
5 76 68
5 77 2
5 78 61
5 79 18
5 80 26
5 81 77
5 82 68
5 83 67
5 84 45
5 85 87
5 86 11
5 87 43
5 88 69
5 89 47
5 90 8
5 91 32
5 92 76
5 93 74
5 94 44
5 95 56
5 96 70
5 97 12
5 98 61
5 99 5
5 100 12
6 1 85
6 2 30
6 3 66
6 4 45
6 5 88
6 6 90
6 7 77
6 8 65
6 9 8
6 10 33
6 11 83
6 12 83
6 13 77
6 14 85
6 15 82
6 16 57
6 17 43
6 18 60
6 19 77
6 20 37
6 21 96
6 22 58
6 23 56
6 24 74
6 25 76
6 26 65
6 27 62
6 28 94
6 29 17
6 30 20
6 31 62
6 32 77
6 33 86
6 34 81
6 35 34
6 36 19
6 37 56
6 38 37
6 39 52
6 40 56
6 41 60
6 42 71
6 43 46
6 44 90
6 45 38
6 46 40
6 47 55
6 48 89
6 49 31
6 50 55
6 51 76
6 52 31
6 53 10
6 54 89
6 55 60
6 56 28
6 57 4
6 58 27
6 59 78
6 60 58
6 61 42
6 62 10
6 63 49
6 64 56
6 65 19
6 66 1
6 67 29
6 68 12
6 69 12
6 70 33
6 71 99
6 72 54
6 73 45
6 74 48
6 75 90
6 76 59
6 77 68
6 78 15
6 79 37
6 80 42
6 81 28
6 82 57
6 83 75
6 84 56
6 85 89
6 86 76
6 87 45
6 88 22
6 89 58
6 90 74
6 91 73
6 92 10
6 93 65
6 94 60
6 95 73
6 96 27
6 97 64
6 98 36
6 99 6
6 100 18
7 1 13
7 2 70
7 3 29
7 4 34
7 5 13
7 6 84
7 7 42
7 8 67
7 9 46
7 10 66
7 11 5
7 12 14
7 13 48
7 14 28
7 15 43
7 16 84
7 17 82
7 18 96
7 19 5
7 20 5
7 21 83
7 22 48
7 23 6
7 24 59
7 25 1
7 26 83
7 27 59
7 28 6
7 29 45
7 30 48
7 31 34
7 32 58
7 33 65
7 34 30
7 35 77
7 36 29
7 37 98
7 38 69
7 39 22
7 40 12
7 41 4
7 42 79
7 43 60
7 44 41
7 45 22
7 46 28
7 47 49
7 48 53
7 49 93
7 50 70
7 51 33
7 52 27
7 53 36
7 54 68
7 55 5
7 56 87
7 57 14
7 58 33
7 59 88
7 60 48
7 61 24
7 62 56
7 63 52
7 64 5
7 65 12
7 66 74
7 67 72
7 68 42
7 69 79
7 70 15
7 71 41
7 72 91
7 73 80
7 74 64
7 75 94
7 76 3
7 77 99
7 78 20
7 79 14
7 80 5
7 81 54
7 82 64
7 83 20
7 84 16
7 85 12
7 86 16
7 87 51
7 88 80
7 89 74
7 90 84
7 91 92
7 92 68
7 93 96
7 94 62
7 95 26
7 96 55
7 97 14
7 98 80
7 99 23
7 100 10
8 1 26
8 2 98
8 3 22
8 4 14
8 5 48
8 6 1
8 7 92
8 8 17
8 9 10
8 10 81
8 11 91
8 12 91
8 13 23
8 14 88
8 15 7
8 16 82
8 17 57
8 18 73
8 19 13
8 20 74
8 21 81
8 22 11
8 23 94
8 24 17
8 25 27
8 26 19
8 27 84
8 28 54
8 29 87
8 30 82
8 31 3
8 32 44
8 33 45
8 34 95
8 35 7
8 36 99
8 37 100
8 38 58
8 39 8
8 40 67
8 41 33
8 42 16
8 43 13
8 44 86
8 45 77
8 46 78
8 47 75
8 48 23
8 49 31
8 50 88
8 51 21
8 52 64
8 53 72
8 54 89
8 55 57
8 56 100
8 57 3
8 58 40
8 59 23
8 60 17
8 61 94
8 62 65
8 63 18
8 64 3
8 65 18
8 66 68
8 67 19
8 68 60
8 69 56
8 70 57
8 71 8
8 72 91
8 73 85
8 74 38
8 75 8
8 76 28
8 77 68
8 78 31
8 79 81
8 80 69
8 81 7
8 82 90
8 83 93
8 84 78
8 85 61
8 86 89
8 87 38
8 88 19
8 89 20
8 90 74
8 91 32
8 92 8
8 93 11
8 94 80
8 95 60
8 96 3
8 97 8
8 98 55
8 99 20
8 100 100
9 1 45
9 2 91
9 3 98
9 4 25
9 5 41
9 6 80
9 7 44
9 8 40
9 9 94
9 10 87
9 11 21
9 12 7
9 13 19
9 14 59
9 15 23
9 16 76
9 17 59
9 18 50
9 19 31
9 20 59
9 21 90
9 22 99
9 23 9
9 24 1
9 25 23
9 26 45
9 27 78
9 28 86
9 29 53
9 30 78
9 31 83
9 32 100
9 33 60
9 34 65
9 35 66
9 36 29
9 37 50
9 38 3
9 39 35
9 40 57
9 41 33
9 42 15
9 43 10
9 44 16
9 45 48
9 46 68
9 47 4
9 48 24
9 49 28
9 50 39
9 51 66
9 52 71
9 53 11
9 54 89
9 55 80
9 56 43
9 57 50
9 58 71
9 59 1
9 60 27
9 61 71
9 62 57
9 63 24
9 64 53
9 65 65
9 66 98
9 67 97
9 68 26
9 69 38
9 70 92
9 71 38
9 72 82
9 73 12
9 74 44
9 75 6
9 76 30
9 77 7
9 78 53
9 79 66
9 80 38
9 81 60
9 82 63
9 83 41
9 84 86
9 85 6
9 86 15
9 87 88
9 88 57
9 89 26
9 90 62
9 91 15
9 92 36
9 93 26
9 94 57
9 95 11
9 96 37
9 97 54
9 98 87
9 99 16
9 100 80
10 1 68
10 2 95
10 3 78
10 4 69
10 5 60
10 6 79
10 7 71
10 8 95
10 9 51
10 10 19
10 11 57
10 12 15
10 13 13
10 14 71
10 15 68
10 16 2
10 17 100
10 18 36
10 19 51
10 20 54
10 21 53
10 22 11
10 23 61
10 24 4
10 25 19
10 26 24
10 27 31
10 28 79
10 29 31
10 30 100
10 31 20
10 32 5
10 33 33
10 34 100
10 35 17
10 36 36
10 37 25
10 38 13
10 39 57
10 40 36
10 41 70
10 42 4
10 43 5
10 44 70
10 45 53
10 46 86
10 47 5
10 48 50
10 49 65
10 50 62
10 51 16
10 52 51
10 53 56
10 54 31
10 55 26
10 56 12
10 57 59
10 58 100
10 59 38
10 60 74
10 61 54
10 62 56
10 63 8
10 64 65
10 65 78
10 66 64
10 67 61
10 68 63
10 69 59
10 70 73
10 71 46
10 72 37
10 73 19
10 74 22
10 75 42
10 76 1
10 77 30
10 78 47
10 79 7
10 80 64
10 81 65
10 82 70
10 83 100
10 84 78
10 85 55
10 86 66
10 87 34
10 88 74
10 89 50
10 90 4
10 91 1
10 92 48
10 93 31
10 94 93
10 95 79
10 96 44
10 97 5
10 98 100
10 99 18
10 100 6
11 1 86
11 2 48
11 3 6
11 4 36
11 5 97
11 6 77
11 7 32
11 8 46
11 9 64
11 10 67
11 11 20
11 12 26
11 13 1
11 14 66
11 15 60
11 16 25
11 17 69
11 18 85
11 19 52
11 20 1
11 21 13
11 22 60
11 23 13
11 24 49
11 25 1
11 26 89
11 27 30
11 28 22
11 29 3
11 30 73
11 31 35
11 32 63
11 33 58
11 34 75
11 35 75
11 36 68
11 37 44
11 38 63
11 39 3
11 40 42
11 41 4
11 42 4
11 43 22
11 44 82
11 45 26
11 46 51
11 47 17
11 48 76
11 49 32
11 50 2
11 51 6
11 52 80
11 53 85
11 54 12
11 55 58
11 56 63
11 57 59
11 58 2
11 59 64
11 60 39
11 61 29
11 62 13
11 63 75
11 64 72
11 65 96
11 66 95
11 67 94
11 68 89
11 69 77
11 70 58
11 71 74
11 72 87
11 73 18
11 74 71
11 75 92
11 76 84
11 77 19
11 78 80
11 79 40
11 80 23
11 81 7
11 82 22
11 83 64
11 84 28
11 85 92
11 86 71
11 87 79
11 88 75
11 89 27
11 90 66
11 91 58
11 92 67
11 93 56
11 94 57
11 95 51
11 96 4
11 97 95
11 98 29
11 99 46
11 100 63
12 1 100
12 2 32
12 3 11
12 4 76
12 5 9
12 6 2
12 7 85
12 8 91
12 9 79
12 10 88
12 11 86
12 12 95
12 13 33
12 14 67
12 15 3
12 16 69
12 17 96
12 18 74
12 19 65
12 20 33
12 21 43
12 22 45
12 23 32
12 24 81
12 25 6
12 26 75
12 27 61
12 28 53
12 29 84
12 30 70
12 31 33
12 32 10
12 33 85
12 34 49
12 35 81
12 36 42
12 37 10
12 38 90
12 39 79
12 40 38
12 41 99
12 42 11
12 43 83
12 44 44
12 45 53
12 46 73
12 47 39
12 48 42
12 49 77
12 50 47
12 51 35
12 52 64
12 53 77
12 54 15
12 55 68
12 56 22
12 57 74
12 58 84
12 59 74
12 60 51
12 61 51
12 62 72
12 63 90
12 64 74
12 65 51
12 66 86
12 67 77
12 68 42
12 69 96
12 70 74
12 71 78
12 72 30
12 73 83
12 74 6
12 75 35
12 76 32
12 77 40
12 78 48
12 79 54
12 80 61
12 81 8
12 82 16
12 83 37
12 84 86
12 85 16
12 86 37
12 87 4
12 88 57
12 89 30
12 90 79
12 91 34
12 92 42
12 93 49
12 94 13
12 95 71
12 96 55
12 97 74
12 98 21
12 99 78
12 100 82
13 1 34
13 2 4
13 3 50
13 4 78
13 5 96
13 6 91
13 7 100
13 8 66
13 9 8
13 10 29
13 11 58
13 12 93
13 13 26
13 14 96
13 15 20
13 16 5
13 17 11
13 18 97
13 19 32
13 20 20
13 21 84
13 22 60
13 23 7
13 24 65
13 25 29
13 26 89
13 27 20
13 28 63
13 29 75
13 30 6
13 31 17
13 32 58
13 33 35
13 34 9
13 35 57
13 36 38
13 37 78
13 38 81
13 39 24
13 40 18
13 41 36
13 42 19
13 43 1
13 44 12
13 45 64
13 46 82
13 47 2
13 48 7
13 49 43
13 50 49
13 51 4
13 52 61
13 53 33
13 54 15
13 55 84
13 56 30
13 57 3
13 58 1
13 59 85
13 60 12
13 61 41
13 62 70
13 63 93
13 64 7
13 65 68
13 66 27
13 67 9
13 68 23
13 69 50
13 70 61
13 71 42
13 72 2
13 73 6
13 74 93
13 75 81
13 76 53
13 77 25
13 78 75
13 79 70
13 80 3
13 81 77
13 82 77
13 83 99
13 84 69
13 85 21
13 86 81
13 87 26
13 88 91
13 89 16
13 90 60
13 91 81
13 92 60
13 93 32
13 94 52
13 95 98
13 96 20
13 97 15
13 98 49
13 99 32
13 100 80
14 1 71
14 2 98
14 3 5
14 4 58
14 5 38
14 6 30
14 7 79
14 8 43
14 9 64
14 10 37
14 11 45
14 12 78
14 13 39
14 14 20
14 15 39
14 16 28
14 17 59
14 18 5
14 19 91
14 20 79
14 21 79
14 22 48
14 23 21
14 24 17
14 25 83
14 26 39
14 27 19
14 28 37
14 29 67
14 30 76
14 31 97
14 32 36
14 33 73
14 34 65
14 35 35
14 36 17
14 37 43
14 38 95
14 39 71
14 40 34
14 41 9
14 42 25
14 43 85
14 44 86
14 45 19
14 46 1
14 47 95
14 48 70
14 49 29
14 50 20
14 51 52
14 52 3
14 53 85
14 54 89
14 55 81
14 56 1
14 57 34
14 58 63
14 59 46
14 60 98
14 61 29
14 62 58
14 63 54
14 64 61
14 65 66
14 66 44
14 67 94
14 68 79
14 69 21
14 70 75
14 71 38
14 72 18
14 73 2
14 74 86
14 75 14
14 76 44
14 77 37
14 78 32
14 79 88
14 80 63
14 81 81
14 82 77
14 83 21
14 84 33
14 85 82
14 86 97
14 87 89
14 88 52
14 89 94
14 90 65
14 91 48
14 92 53
14 93 49
14 94 98
14 95 9
14 96 60
14 97 19
14 98 34
14 99 82
14 100 54
15 1 21
15 2 62
15 3 70
15 4 63
15 5 66
15 6 68
15 7 75
15 8 99
15 9 16
15 10 55
15 11 59
15 12 30
15 13 37
15 14 31
15 15 5
15 16 70
15 17 82
15 18 6
15 19 2
15 20 53
15 21 38
15 22 60
15 23 63
15 24 10
15 25 12
15 26 75
15 27 63
15 28 34
15 29 6
15 30 100
15 31 26
15 32 24
15 33 85
15 34 86
15 35 18
15 36 31
15 37 15
15 38 11
15 39 76
15 40 34
15 41 52
15 42 84
15 43 27
15 44 89
15 45 53
15 46 47
15 47 62
15 48 65
15 49 28
15 50 2
15 51 83
15 52 94
15 53 24
15 54 55
15 55 78
15 56 22
15 57 93
15 58 64
15 59 34
15 60 93
15 61 30
15 62 80
15 63 81
15 64 67
15 65 33
15 66 33
15 67 58
15 68 42
15 69 72
15 70 76
15 71 72
15 72 33
15 73 82
15 74 8
15 75 39
15 76 80
15 77 91
15 78 49
15 79 81
15 80 92
15 81 19
15 82 27
15 83 17
15 84 54
15 85 37
15 86 57
15 87 15
15 88 60
15 89 75
15 90 41
15 91 44
15 92 68
15 93 79
15 94 20
15 95 37
15 96 9
15 97 44
15 98 12
15 99 56
15 100 79
16 1 49
16 2 8
16 3 46
16 4 57
16 5 95
16 6 62
16 7 2
16 8 42
16 9 95
16 10 77
16 11 2
16 12 43
16 13 15
16 14 90
16 15 37
16 16 86
16 17 54
16 18 64
16 19 29
16 20 30
16 21 10
16 22 51
16 23 37
16 24 77
16 25 91
16 26 91
16 27 69
16 28 26
16 29 47
16 30 51
16 31 94
16 32 58
16 33 68
16 34 89
16 35 39
16 36 42
16 37 47
16 38 33
16 39 16
16 40 31
16 41 50
16 42 33
16 43 83
16 44 23
16 45 69
16 46 71
16 47 88
16 48 80
16 49 5
16 50 81
16 51 48
16 52 87
16 53 79
16 54 61
16 55 34
16 56 76
16 57 56
16 58 81
16 59 34
16 60 10
16 61 14
16 62 2
16 63 56
16 64 37
16 65 52
16 66 30
16 67 15
16 68 97
16 69 36
16 70 36
16 71 19
16 72 44
16 73 10
16 74 24
16 75 2
16 76 10
16 77 64
16 78 38
16 79 92
16 80 72
16 81 97
16 82 89
16 83 86
16 84 2
16 85 17
16 86 48
16 87 60
16 88 88
16 89 3
16 90 8
16 91 58
16 92 90
16 93 39
16 94 8
16 95 3
16 96 16
16 97 64
16 98 84
16 99 34
16 100 96
17 1 2
17 2 49
17 3 3
17 4 16
17 5 32
17 6 69
17 7 72
17 8 69
17 9 63
17 10 96
17 11 12
17 12 85
17 13 48
17 14 72
17 15 100
17 16 72
17 17 72
17 18 45
17 19 65
17 20 14
17 21 39
17 22 29
17 23 91
17 24 54
17 25 27
17 26 16
17 27 75
17 28 41
17 29 7
17 30 45
17 31 52
17 32 3
17 33 62
17 34 25
17 35 79
17 36 14
17 37 59
17 38 31
17 39 45
17 40 6
17 41 51
17 42 27
17 43 61
17 44 63
17 45 5
17 46 68
17 47 37
17 48 15
17 49 25
17 50 86
17 51 47
17 52 14
17 53 84
17 54 42
17 55 32
17 56 4
17 57 90
17 58 69
17 59 71
17 60 15
17 61 27
17 62 33
17 63 92
17 64 41
17 65 21
17 66 18
17 67 39
17 68 92
17 69 74
17 70 67
17 71 42
17 72 10
17 73 21
17 74 40
17 75 46
17 76 14
17 77 42
17 78 94
17 79 62
17 80 18
17 81 37
17 82 60
17 83 85
17 84 46
17 85 63
17 86 68
17 87 30
17 88 54
17 89 71
17 90 19
17 91 62
17 92 96
17 93 7
17 94 51
17 95 71
17 96 73
17 97 7
17 98 86
17 99 4
17 100 82
18 1 87
18 2 69
18 3 46
18 4 91
18 5 73
18 6 18
18 7 29
18 8 74
18 9 42
18 10 92
18 11 37
18 12 41
18 13 91
18 14 94
18 15 30
18 16 12
18 17 16
18 18 30
18 19 83
18 20 55
18 21 45
18 22 17
18 23 81
18 24 44
18 25 88
18 26 49
18 27 81
18 28 38
18 29 92
18 30 46
18 31 89
18 32 21
18 33 33
18 34 14
18 35 81
18 36 69
18 37 62
18 38 38
18 39 73
18 40 70
18 41 12
18 42 79
18 43 31
18 44 60
18 45 12
18 46 61
18 47 67
18 48 7
18 49 60
18 50 32
18 51 24
18 52 71
18 53 74
18 54 50
18 55 84
18 56 11
18 57 4
18 58 12
18 59 19
18 60 10
18 61 58
18 62 94
18 63 33
18 64 82
18 65 84
18 66 74
18 67 55
18 68 33
18 69 60
18 70 26
18 71 7
18 72 38
18 73 4
18 74 21
18 75 17
18 76 67
18 77 89
18 78 5
18 79 33
18 80 4
18 81 17
18 82 72
18 83 72
18 84 10
18 85 44
18 86 97
18 87 36
18 88 31
18 89 96
18 90 59
18 91 14
18 92 74
18 93 76
18 94 18
18 95 5
18 96 12
18 97 27
18 98 39
18 99 63
18 100 71
19 1 38
19 2 33
19 3 38
19 4 4
19 5 55
19 6 30
19 7 73
19 8 75
19 9 64
19 10 73
19 11 59
19 12 91
19 13 18
19 14 41
19 15 89
19 16 55
19 17 80
19 18 49
19 19 16
19 20 62
19 21 52
19 22 47
19 23 61
19 24 89
19 25 47
19 26 53
19 27 37
19 28 50
19 29 59
19 30 26
19 31 49
19 32 53
19 33 74
19 34 79
19 35 8
19 36 20
19 37 24
19 38 69
19 39 6
19 40 25
19 41 84
19 42 99
19 43 35
19 44 27
19 45 52
19 46 35
19 47 40
19 48 90
19 49 85
19 50 86
19 51 54
19 52 39
19 53 13
19 54 15
19 55 8
19 56 30
19 57 41
19 58 31
19 59 3
19 60 97
19 61 65
19 62 29
19 63 31
19 64 96
19 65 40
19 66 4
19 67 86
19 68 48
19 69 78
19 70 28
19 71 95
19 72 29
19 73 53
19 74 13
19 75 48
19 76 81
19 77 66
19 78 11
19 79 56
19 80 86
19 81 55
19 82 19
19 83 36
19 84 11
19 85 70
19 86 74
19 87 7
19 88 20
19 89 58
19 90 30
19 91 68
19 92 56
19 93 17
19 94 76
19 95 31
19 96 83
19 97 26
19 98 29
19 99 99
19 100 31
20 1 95
20 2 18
20 3 93
20 4 47
20 5 22
20 6 54
20 7 79
20 8 8
20 9 48
20 10 14
20 11 100
20 12 92
20 13 51
20 14 23
20 15 31
20 16 10
20 17 76
20 18 2
20 19 55
20 20 4
20 21 10
20 22 95
20 23 91
20 24 47
20 25 35
20 26 18
20 27 36
20 28 71
20 29 44
20 30 48
20 31 28
20 32 94
20 33 4
20 34 18
20 35 89
20 36 25
20 37 49
20 38 53
20 39 64
20 40 33
20 41 82
20 42 91
20 43 27
20 44 84
20 45 66
20 46 35
20 47 41
20 48 75
20 49 60
20 50 54
20 51 26
20 52 32
20 53 11
20 54 100
20 55 87
20 56 95
20 57 50
20 58 54
20 59 10
20 60 33
20 61 1
20 62 11
20 63 27
20 64 39
20 65 88
20 66 36
20 67 19
20 68 6
20 69 33
20 70 28
20 71 11
20 72 18
20 73 36
20 74 81
20 75 18
20 76 65
20 77 72
20 78 74
20 79 71
20 80 94
20 81 80
20 82 96
20 83 43
20 84 22
20 85 9
20 86 13
20 87 65
20 88 99
20 89 39
20 90 17
20 91 12
20 92 87
20 93 75
20 94 33
20 95 92
20 96 41
20 97 79
20 98 55
20 99 22
20 100 18
21 1 12
21 2 62
21 3 78
21 4 99
21 5 99
21 6 77
21 7 69
21 8 50
21 9 59
21 10 87
21 11 29
21 12 88
21 13 52
21 14 1
21 15 62
21 16 37
21 17 68
21 18 78
21 19 35
21 20 39
21 21 9
21 22 52
21 23 72
21 24 47
21 25 68
21 26 29
21 27 57
21 28 65
21 29 41
21 30 14
21 31 69
21 32 56
21 33 91
21 34 85
21 35 50
21 36 85
21 37 34
21 38 65
21 39 6
21 40 35
21 41 69
21 42 29
21 43 26
21 44 68
21 45 14
21 46 38
21 47 10
21 48 95
21 49 45
21 50 99
21 51 62
21 52 65
21 53 21
21 54 36
21 55 55
21 56 42
21 57 58
21 58 25
21 59 100
21 60 17
21 61 10
21 62 23
21 63 5
21 64 34
21 65 48
21 66 74
21 67 47
21 68 89
21 69 39
21 70 95
21 71 23
21 72 63
21 73 23
21 74 76
21 75 54
21 76 91
21 77 72
21 78 34
21 79 25
21 80 34
21 81 70
21 82 81
21 83 68
21 84 75
21 85 63
21 86 68
21 87 28
21 88 85
21 89 61
21 90 72
21 91 65
21 92 25
21 93 34
21 94 71
21 95 62
21 96 41
21 97 2
21 98 2
21 99 64
21 100 28
22 1 98
22 2 28
22 3 53
22 4 52
22 5 70
22 6 24
22 7 36
22 8 21
22 9 99
22 10 5
22 11 45
22 12 60
22 13 24
22 14 19
22 15 91
22 16 67
22 17 37
22 18 71
22 19 99
22 20 19
22 21 6
22 22 58
22 23 10
22 24 16
22 25 14
22 26 56
22 27 7
22 28 33
22 29 35
22 30 24
22 31 17
22 32 57
22 33 37
22 34 39
22 35 27
22 36 41
22 37 37
22 38 7
22 39 2
22 40 3
22 41 51
22 42 57
22 43 47
22 44 49
22 45 10
22 46 84
22 47 90
22 48 22
22 49 50
22 50 24
22 51 36
22 52 63
22 53 15
22 54 80
22 55 65
22 56 81
22 57 60
22 58 100
22 59 73
22 60 90
22 61 24
22 62 86
22 63 90
22 64 32
22 65 82
22 66 40
22 67 21
22 68 48
22 69 58
22 70 34
22 71 54
22 72 11
22 73 76
22 74 95
22 75 65
22 76 7
22 77 15
22 78 9
22 79 96
22 80 97
22 81 14
22 82 35
22 83 46
22 84 32
22 85 21
22 86 21
22 87 58
22 88 81
22 89 3
22 90 27
22 91 13
22 92 49
22 93 4
22 94 18
22 95 48
22 96 22
22 97 87
22 98 12
22 99 90
22 100 86
23 1 92
23 2 67
23 3 52
23 4 5
23 5 86
23 6 99
23 7 14
23 8 72
23 9 43
23 10 97
23 11 56
23 12 75
23 13 52
23 14 77
23 15 96
23 16 5
23 17 13
23 18 58
23 19 59
23 20 65
23 21 73
23 22 13
23 23 77
23 24 92
23 25 64
23 26 28
23 27 76
23 28 45
23 29 70
23 30 97
23 31 21
23 32 96
23 33 50
23 34 42
23 35 69
23 36 77
23 37 71
23 38 91
23 39 14
23 40 65
23 41 1
23 42 87
23 43 42
23 44 53
23 45 67
23 46 11
23 47 100
23 48 58
23 49 56
23 50 58
23 51 76
23 52 61
23 53 72
23 54 82
23 55 60
23 56 78
23 57 34
23 58 86
23 59 54
23 60 60
23 61 85
23 62 63
23 63 89
23 64 61
23 65 79
23 66 28
23 67 80
23 68 46
23 69 88
23 70 29
23 71 74
23 72 17
23 73 84
23 74 93
23 75 91
23 76 95
23 77 57
23 78 28
23 79 27
23 80 36
23 81 33
23 82 35
23 83 26
23 84 38
23 85 20
23 86 17
23 87 54
23 88 11
23 89 9
23 90 57
23 91 10
23 92 2
23 93 30
23 94 50
23 95 6
23 96 89
23 97 79
23 98 75
23 99 79
23 100 90
24 1 61
24 2 67
24 3 60
24 4 79
24 5 70
24 6 75
24 7 87
24 8 83
24 9 15
24 10 44
24 11 43
24 12 18
24 13 6
24 14 37
24 15 24
24 16 87
24 17 1
24 18 15
24 19 67
24 20 41
24 21 86
24 22 60
24 23 63
24 24 43
24 25 15
24 26 57
24 27 49
24 28 29
24 29 83
24 30 93
24 31 82
24 32 11
24 33 51
24 34 59
24 35 32
24 36 24
24 37 1
24 38 80
24 39 73
24 40 55
24 41 63
24 42 28
24 43 36
24 44 5
24 45 50
24 46 22
24 47 61
24 48 93
24 49 65
24 50 20
24 51 65
24 52 41
24 53 10
24 54 24
24 55 12
24 56 9
24 57 7
24 58 98
24 59 72
24 60 64
24 61 6
24 62 73
24 63 4
24 64 51
24 65 8
24 66 33
24 67 25
24 68 11
24 69 88
24 70 67
24 71 58
24 72 76
24 73 84
24 74 44
24 75 58
24 76 62
24 77 74
24 78 12
24 79 85
24 80 49
24 81 95
24 82 10
24 83 43
24 84 79
24 85 85
24 86 74
24 87 77
24 88 4
24 89 36
24 90 74
24 91 48
24 92 97
24 93 36
24 94 7
24 95 92
24 96 17
24 97 16
24 98 62
24 99 1
24 100 77
25 1 39
25 2 88
25 3 96
25 4 14
25 5 43
25 6 42
25 7 37
25 8 74
25 9 12
25 10 88
25 11 30
25 12 77
25 13 52
25 14 68
25 15 22
25 16 20
25 17 61
25 18 52
25 19 13
25 20 32
25 21 27
25 22 64
25 23 30
25 24 79
25 25 93
25 26 66
25 27 23
25 28 9
25 29 78
25 30 92
25 31 32
25 32 15
25 33 55
25 34 99
25 35 66
25 36 38
25 37 39
25 38 42
25 39 92
25 40 83
25 41 78
25 42 88
25 43 65
25 44 67
25 45 68
25 46 52
25 47 46
25 48 77
25 49 98
25 50 54
25 51 84
25 52 30
25 53 85
25 54 4
25 55 77
25 56 43
25 57 15
25 58 81
25 59 64
25 60 11
25 61 36
25 62 5
25 63 32
25 64 17
25 65 6
25 66 33
25 67 77
25 68 92
25 69 11
25 70 32
25 71 75
25 72 20
25 73 43
25 74 9
25 75 82
25 76 53
25 77 94
25 78 41
25 79 91
25 80 56
25 81 37
25 82 94
25 83 80
25 84 44
25 85 14
25 86 100
25 87 33
25 88 62
25 89 86
25 90 95
25 91 40
25 92 60
25 93 27
25 94 33
25 95 25
25 96 34
25 97 94
25 98 47
25 99 16
25 100 12
26 1 8
26 2 93
26 3 39
26 4 90
26 5 21
26 6 65
26 7 3
26 8 16
26 9 35
26 10 66
26 11 68
26 12 70
26 13 23
26 14 80
26 15 51
26 16 64
26 17 96
26 18 25
26 19 64
26 20 33
26 21 39
26 22 12
26 23 26
26 24 68
26 25 23
26 26 11
26 27 88
26 28 87
26 29 77
26 30 48
26 31 43
26 32 99
26 33 62
26 34 97
26 35 59
26 36 39
26 37 57
26 38 88
26 39 17
26 40 1
26 41 96
26 42 36
26 43 78
26 44 61
26 45 34
26 46 68
26 47 84
26 48 93
26 49 64
26 50 12
26 51 39
26 52 29
26 53 68
26 54 70
26 55 55
26 56 58
26 57 69
26 58 4
26 59 53
26 60 55
26 61 72
26 62 69
26 63 89
26 64 100
26 65 8
26 66 54
26 67 24
26 68 60
26 69 6
26 70 94
26 71 31
26 72 23
26 73 1
26 74 72
26 75 57
26 76 52
26 77 1
26 78 96
26 79 30
26 80 99
26 81 18
26 82 85
26 83 2
26 84 100
26 85 14
26 86 72
26 87 51
26 88 72
26 89 58
26 90 34
26 91 61
26 92 84
26 93 52
26 94 46
26 95 47
26 96 62
26 97 74
26 98 60
26 99 62
26 100 6
27 1 79
27 2 92
27 3 96
27 4 28
27 5 64
27 6 28
27 7 2
27 8 45
27 9 2
27 10 46
27 11 53
27 12 44
27 13 27
27 14 5
27 15 4
27 16 87
27 17 10
27 18 31
27 19 17
27 20 51
27 21 5
27 22 42
27 23 86
27 24 37
27 25 76
27 26 8
27 27 9
27 28 13
27 29 67
27 30 14
27 31 69
27 32 2
27 33 92
27 34 18
27 35 80
27 36 19
27 37 87
27 38 32
27 39 36
27 40 85
27 41 87
27 42 94
27 43 89
27 44 41
27 45 39
27 46 67
27 47 81
27 48 78
27 49 72
27 50 4
27 51 45
27 52 8
27 53 77
27 54 56
27 55 53
27 56 80
27 57 81
27 58 96
27 59 47
27 60 23
27 61 98
27 62 2
27 63 63
27 64 97
27 65 15
27 66 32
27 67 95
27 68 25
27 69 93
27 70 68
27 71 53
27 72 100
27 73 69
27 74 4
27 75 31
27 76 97
27 77 64
27 78 9
27 79 23
27 80 65
27 81 89
27 82 37
27 83 53
27 84 61
27 85 83
27 86 67
27 87 25
27 88 12
27 89 8
27 90 13
27 91 35
27 92 11
27 93 26
27 94 8
27 95 62
27 96 59
27 97 15
27 98 4
27 99 41
27 100 30
28 1 65
28 2 27
28 3 77
28 4 67
28 5 89
28 6 17
28 7 49
28 8 83
28 9 30
28 10 13
28 11 64
28 12 5
28 13 8
28 14 7
28 15 81
28 16 47
28 17 31
28 18 51
28 19 81
28 20 46
28 21 33
28 22 88
28 23 89
28 24 32
28 25 62
28 26 87
28 27 58
28 28 93
28 29 76
28 30 44
28 31 36
28 32 8
28 33 46
28 34 93
28 35 65
28 36 58
28 37 48
28 38 32
28 39 99
28 40 54
28 41 49
28 42 90
28 43 20
28 44 86
28 45 97
28 46 87
28 47 60
28 48 13
28 49 67
28 50 52
28 51 41
28 52 16
28 53 65
28 54 97
28 55 18
28 56 13
28 57 88
28 58 2
28 59 10
28 60 77
28 61 77
28 62 59
28 63 58
28 64 33
28 65 86
28 66 88
28 67 29
28 68 21
28 69 22
28 70 51
28 71 29
28 72 93
28 73 65
28 74 60
28 75 20
28 76 47
28 77 18
28 78 15
28 79 73
28 80 97
28 81 72
28 82 6
28 83 49
28 84 71
28 85 58
28 86 85
28 87 63
28 88 3
28 89 62
28 90 48
28 91 6
28 92 99
28 93 65
28 94 70
28 95 65
28 96 79
28 97 85
28 98 33
28 99 98
28 100 40
29 1 8
29 2 65
29 3 96
29 4 67
29 5 93
29 6 69
29 7 44
29 8 61
29 9 78
29 10 21
29 11 66
29 12 94
29 13 33
29 14 45
29 15 75
29 16 31
29 17 99
29 18 58
29 19 100
29 20 81
29 21 94
29 22 17
29 23 55
29 24 57
29 25 84
29 26 59
29 27 3
29 28 93
29 29 65
29 30 74
29 31 49
29 32 7
29 33 80
29 34 76
29 35 69
29 36 49
29 37 63
29 38 89
29 39 36
29 40 7
29 41 56
29 42 7
29 43 73
29 44 13
29 45 88
29 46 63
29 47 83
29 48 37
29 49 13
29 50 88
29 51 96
29 52 9
29 53 84
29 54 12
29 55 61
29 56 75
29 57 55
29 58 19
29 59 75
29 60 5
29 61 54
29 62 31
29 63 19
29 64 20
29 65 93
29 66 36
29 67 58
29 68 99
29 69 20
29 70 29
29 71 63
29 72 54
29 73 34
29 74 57
29 75 22
29 76 26
29 77 39
29 78 17
29 79 41
29 80 11
29 81 3
29 82 30
29 83 87
29 84 79
29 85 41
29 86 74
29 87 11
29 88 68
29 89 18
29 90 36
29 91 87
29 92 54
29 93 89
29 94 66
29 95 86
29 96 63
29 97 5
29 98 9
29 99 13
29 100 67
30 1 22
30 2 65
30 3 79
30 4 20
30 5 100
30 6 60
30 7 40
30 8 95
30 9 62
30 10 93
30 11 15
30 12 18
30 13 16
30 14 77
30 15 8
30 16 42
30 17 18
30 18 30
30 19 55
30 20 30
30 21 67
30 22 83
30 23 48
30 24 7
30 25 75
30 26 86
30 27 82
30 28 90
30 29 87
30 30 98
30 31 85
30 32 55
30 33 42
30 34 69
30 35 17
30 36 68
30 37 39
30 38 27
30 39 50
30 40 20
30 41 55
30 42 91
30 43 26
30 44 66
30 45 30
30 46 52
30 47 50
30 48 3
30 49 81
30 50 85
30 51 56
30 52 24
30 53 72
30 54 74
30 55 89
30 56 57
30 57 63
30 58 89
30 59 26
30 60 33
30 61 46
30 62 58
30 63 16
30 64 96
30 65 66
30 66 84
30 67 24
30 68 86
30 69 83
30 70 28
30 71 49
30 72 91
30 73 93
30 74 96
30 75 11
30 76 88
30 77 81
30 78 47
30 79 49
30 80 37
30 81 97
30 82 14
30 83 46
30 84 58
30 85 17
30 86 72
30 87 34
30 88 8
30 89 74
30 90 76
30 91 90
30 92 27
30 93 21
30 94 95
30 95 81
30 96 99
30 97 50
30 98 35
30 99 79
30 100 51
31 1 33
31 2 91
31 3 5
31 4 36
31 5 86
31 6 3
31 7 14
31 8 1
31 9 48
31 10 13
31 11 79
31 12 38
31 13 82
31 14 40
31 15 76
31 16 29
31 17 8
31 18 94
31 19 73
31 20 66
31 21 56
31 22 68
31 23 33
31 24 73
31 25 74
31 26 55
31 27 74
31 28 86
31 29 93
31 30 25
31 31 37
31 32 47
31 33 70
31 34 37
31 35 48
31 36 60
31 37 67
31 38 25
31 39 98
31 40 93
31 41 62
31 42 10
31 43 59
31 44 74
31 45 80
31 46 67
31 47 19
31 48 30
31 49 93
31 50 91
31 51 100
31 52 100
31 53 57
31 54 44
31 55 62
31 56 58
31 57 16
31 58 5
31 59 19
31 60 63
31 61 74
31 62 88
31 63 96
31 64 77
31 65 86
31 66 29
31 67 56
31 68 53
31 69 10
31 70 77
31 71 72
31 72 51
31 73 14
31 74 74
31 75 37
31 76 31
31 77 96
31 78 30
31 79 45
31 80 24
31 81 44
31 82 35
31 83 22
31 84 29
31 85 92
31 86 49
31 87 83
31 88 69
31 89 15
31 90 7
31 91 30
31 92 57
31 93 71
31 94 78
31 95 6
31 96 73
31 97 67
31 98 35
31 99 65
31 100 86
32 1 13
32 2 64
32 3 36
32 4 61
32 5 71
32 6 70
32 7 82
32 8 67
32 9 54
32 10 30
32 11 26
32 12 9
32 13 89
32 14 41
32 15 80
32 16 7
32 17 15
32 18 97
32 19 57
32 20 88
32 21 68
32 22 11
32 23 40
32 24 5
32 25 78
32 26 22
32 27 28
32 28 5
32 29 93
32 30 45
32 31 88
32 32 88
32 33 55
32 34 72
32 35 47
32 36 73
32 37 91
32 38 10
32 39 89
32 40 37
32 41 82
32 42 61
32 43 76
32 44 61
32 45 92
32 46 61
32 47 17
32 48 25
32 49 95
32 50 59
32 51 70
32 52 12
32 53 20
32 54 57
32 55 29
32 56 46
32 57 60
32 58 11
32 59 91
32 60 56
32 61 24
32 62 89
32 63 100
32 64 35
32 65 17
32 66 45
32 67 58
32 68 45
32 69 18
32 70 40
32 71 5
32 72 27
32 73 23
32 74 68
32 75 10
32 76 46
32 77 54
32 78 68
32 79 84
32 80 19
32 81 70
32 82 84
32 83 40
32 84 49
32 85 62
32 86 46
32 87 85
32 88 49
32 89 80
32 90 63
32 91 14
32 92 26
32 93 78
32 94 46
32 95 62
32 96 33
32 97 53
32 98 64
32 99 73
32 100 97
33 1 82
33 2 5
33 3 9
33 4 69
33 5 44
33 6 60
33 7 2
33 8 78
33 9 13
33 10 22
33 11 89
33 12 33
33 13 79
33 14 4
33 15 57
33 16 44
33 17 65
33 18 28
33 19 34
33 20 54
33 21 3
33 22 27
33 23 39
33 24 38
33 25 54
33 26 80
33 27 4
33 28 45
33 29 72
33 30 25
33 31 62
33 32 74
33 33 85
33 34 27
33 35 40
33 36 100
33 37 38
33 38 3
33 39 39
33 40 83
33 41 70
33 42 13
33 43 62
33 44 77
33 45 51
33 46 97
33 47 2
33 48 18
33 49 1
33 50 62
33 51 32
33 52 25
33 53 74
33 54 63
33 55 7
33 56 38
33 57 16
33 58 48
33 59 76
33 60 82
33 61 92
33 62 64
33 63 1
33 64 35
33 65 30
33 66 21
33 67 62
33 68 79
33 69 29
33 70 2
33 71 17
33 72 10
33 73 19
33 74 53
33 75 4
33 76 81
33 77 83
33 78 66
33 79 2
33 80 94
33 81 46
33 82 92
33 83 8
33 84 37
33 85 33
33 86 36
33 87 63
33 88 56
33 89 71
33 90 36
33 91 73
33 92 78
33 93 44
33 94 94
33 95 53
33 96 79
33 97 82
33 98 50
33 99 9
33 100 76
34 1 5
34 2 35
34 3 25
34 4 93
34 5 67
34 6 75
34 7 23
34 8 20
34 9 26
34 10 71
34 11 46
34 12 27
34 13 15
34 14 59
34 15 1
34 16 53
34 17 38
34 18 31
34 19 14
34 20 21
34 21 31
34 22 8
34 23 50
34 24 39
34 25 74
34 26 91
34 27 39
34 28 89
34 29 63
34 30 45
34 31 5
34 32 88
34 33 55
34 34 71
34 35 9
34 36 44
34 37 93
34 38 60
34 39 90
34 40 18
34 41 12
34 42 61
34 43 98
34 44 13
34 45 78
34 46 21
34 47 1
34 48 6
34 49 41
34 50 38
34 51 21
34 52 96
34 53 4
34 54 90
34 55 74
34 56 80
34 57 75
34 58 52
34 59 84
34 60 20
34 61 3
34 62 25
34 63 60
34 64 79
34 65 93
34 66 40
34 67 22
34 68 56
34 69 29
34 70 8
34 71 93
34 72 65
34 73 18
34 74 92
34 75 37
34 76 31
34 77 46
34 78 100
34 79 77
34 80 81
34 81 59
34 82 66
34 83 96
34 84 58
34 85 66
34 86 53
34 87 87
34 88 83
34 89 6
34 90 100
34 91 36
34 92 47
34 93 90
34 94 40
34 95 73
34 96 58
34 97 40
34 98 97
34 99 67
34 100 75
35 1 54
35 2 39
35 3 52
35 4 25
35 5 71
35 6 34
35 7 40
35 8 59
35 9 12
35 10 12
35 11 34
35 12 9
35 13 24
35 14 93
35 15 15
35 16 2
35 17 29
35 18 9
35 19 100
35 20 26
35 21 28
35 22 60
35 23 75
35 24 30
35 25 26
35 26 59
35 27 62
35 28 14
35 29 92
35 30 26
35 31 57
35 32 90
35 33 28
35 34 54
35 35 24
35 36 66
35 37 8
35 38 24
35 39 44
35 40 26
35 41 91
35 42 24
35 43 20
35 44 7
35 45 75
35 46 77
35 47 41
35 48 22
35 49 49
35 50 40
35 51 47
35 52 45
35 53 64
35 54 78
35 55 42
35 56 63
35 57 56
35 58 33
35 59 58
35 60 66
35 61 83
35 62 14
35 63 12
35 64 55
35 65 56
35 66 59
35 67 73
35 68 75
35 69 34
35 70 32
35 71 63
35 72 82
35 73 44
35 74 3
35 75 1
35 76 15
35 77 9
35 78 49
35 79 80
35 80 21
35 81 11
35 82 9
35 83 58
35 84 38
35 85 93
35 86 80
35 87 98
35 88 31
35 89 36
35 90 40
35 91 69
35 92 65
35 93 94
35 94 53
35 95 33
35 96 83
35 97 82
35 98 38
35 99 36
35 100 43
36 1 65
36 2 81
36 3 12
36 4 40
36 5 3
36 6 72
36 7 90
36 8 87
36 9 96
36 10 67
36 11 67
36 12 62
36 13 53
36 14 11
36 15 56
36 16 27
36 17 5
36 18 31
36 19 44
36 20 89
36 21 1
36 22 1
36 23 100
36 24 84
36 25 31
36 26 100
36 27 75
36 28 31
36 29 14
36 30 59
36 31 8
36 32 97
36 33 67
36 34 13
36 35 73
36 36 4
36 37 87
36 38 51
36 39 10
36 40 69
36 41 5
36 42 74
36 43 6
36 44 28
36 45 25
36 46 26
36 47 54
36 48 62
36 49 18
36 50 33
36 51 86
36 52 6
36 53 39
36 54 46
36 55 62
36 56 34
36 57 20
36 58 45
36 59 50
36 60 89
36 61 51
36 62 24
36 63 6
36 64 93
36 65 86
36 66 56
36 67 27
36 68 41
36 69 87
36 70 9
36 71 30
36 72 26
36 73 12
36 74 39
36 75 91
36 76 33
36 77 18
36 78 84
36 79 57
36 80 69
36 81 80
36 82 76
36 83 1
36 84 53
36 85 12
36 86 46
36 87 84
36 88 48
36 89 61
36 90 57
36 91 85
36 92 45
36 93 9
36 94 5
36 95 52
36 96 29
36 97 86
36 98 11
36 99 93
36 100 72
37 1 41
37 2 20
37 3 18
37 4 2
37 5 31
37 6 93
37 7 76
37 8 63
37 9 85
37 10 12
37 11 7
37 12 17
37 13 93
37 14 61
37 15 98
37 16 82
37 17 84
37 18 72
37 19 15
37 20 26
37 21 86
37 22 32
37 23 76
37 24 25
37 25 17
37 26 21
37 27 87
37 28 74
37 29 78
37 30 20
37 31 23
37 32 37
37 33 2
37 34 55
37 35 92
37 36 82
37 37 26
37 38 81
37 39 60
37 40 72
37 41 57
37 42 52
37 43 88
37 44 24
37 45 17
37 46 74
37 47 76
37 48 22
37 49 46
37 50 20
37 51 96
37 52 33
37 53 29
37 54 29
37 55 3
37 56 68
37 57 54
37 58 91
37 59 63
37 60 80
37 61 78
37 62 10
37 63 90
37 64 29
37 65 14
37 66 56
37 67 59
37 68 28
37 69 21
37 70 65
37 71 60
37 72 4
37 73 97
37 74 52
37 75 74
37 76 70
37 77 24
37 78 69
37 79 66
37 80 62
37 81 22
37 82 46
37 83 51
37 84 99
37 85 95
37 86 61
37 87 99
37 88 46
37 89 72
37 90 12
37 91 61
37 92 32
37 93 53
37 94 43
37 95 15
37 96 75
37 97 7
37 98 2
37 99 49
37 100 40
38 1 89
38 2 92
38 3 50
38 4 21
38 5 36
38 6 99
38 7 81
38 8 47
38 9 77
38 10 42
38 11 28
38 12 39
38 13 69
38 14 40
38 15 44
38 16 10
38 17 40
38 18 5
38 19 57
38 20 90
38 21 56
38 22 79
38 23 56
38 24 75
38 25 56
38 26 63
38 27 61
38 28 2
38 29 21
38 30 67
38 31 53
38 32 6
38 33 10
38 34 96
38 35 76
38 36 72
38 37 62
38 38 68
38 39 24
38 40 12
38 41 96
38 42 66
38 43 72
38 44 13
38 45 78
38 46 95
38 47 21
38 48 64
38 49 90
38 50 20
38 51 31
38 52 2
38 53 64
38 54 67
38 55 51
38 56 43
38 57 8
38 58 8
38 59 68
38 60 60
38 61 92
38 62 96
38 63 42
38 64 56
38 65 36
38 66 8
38 67 95
38 68 49
38 69 95
38 70 87
38 71 63
38 72 34
38 73 93
38 74 40
38 75 15
38 76 77
38 77 15
38 78 60
38 79 32
38 80 20
38 81 97
38 82 77
38 83 89
38 84 33
38 85 86
38 86 18
38 87 39
38 88 91
38 89 14
38 90 90
38 91 94
38 92 89
38 93 20
38 94 81
38 95 14
38 96 24
38 97 22
38 98 64
38 99 40
38 100 11
39 1 2
39 2 13
39 3 4
39 4 72
39 5 61
39 6 40
39 7 94
39 8 73
39 9 88
39 10 12
39 11 1
39 12 1
39 13 88
39 14 89
39 15 95
39 16 73
39 17 27
39 18 1
39 19 31
39 20 50
39 21 67
39 22 76
39 23 83
39 24 39
39 25 95
39 26 100
39 27 31
39 28 69
39 29 40
39 30 10
39 31 65
39 32 33
39 33 12
39 34 99
39 35 27
39 36 42
39 37 27
39 38 29
39 39 6
39 40 54
39 41 12
39 42 53
39 43 68
39 44 33
39 45 62
39 46 97
39 47 3
39 48 76
39 49 87
39 50 4
39 51 50
39 52 32
39 53 82
39 54 65
39 55 74
39 56 42
39 57 31
39 58 9
39 59 34
39 60 41
39 61 26
39 62 60
39 63 26
39 64 79
39 65 47
39 66 5
39 67 19
39 68 75
39 69 44
39 70 100
39 71 73
39 72 83
39 73 65
39 74 54
39 75 38
39 76 60
39 77 64
39 78 30
39 79 93
39 80 20
39 81 82
39 82 11
39 83 86
39 84 15
39 85 7
39 86 17
39 87 22
39 88 20
39 89 85
39 90 60
39 91 20
39 92 8
39 93 60
39 94 84
39 95 52
39 96 44
39 97 31
39 98 24
39 99 97
39 100 48
40 1 74
40 2 71
40 3 33
40 4 99
40 5 9
40 6 99
40 7 45
40 8 81
40 9 74
40 10 88
40 11 9
40 12 76
40 13 57
40 14 40
40 15 15
40 16 20
40 17 76
40 18 21
40 19 1
40 20 39
40 21 2
40 22 76
40 23 53
40 24 68
40 25 4
40 26 36
40 27 52
40 28 29
40 29 37
40 30 13
40 31 84
40 32 92
40 33 79
40 34 36
40 35 30
40 36 76
40 37 39
40 38 43
40 39 71
40 40 22
40 41 82
40 42 58
40 43 75
40 44 12
40 45 1
40 46 1
40 47 33
40 48 57
40 49 33
40 50 87
40 51 30
40 52 90
40 53 34
40 54 53
40 55 68
40 56 27
40 57 80
40 58 83
40 59 11
40 60 83
40 61 93
40 62 26
40 63 32
40 64 33
40 65 24
40 66 52
40 67 48
40 68 58
40 69 49
40 70 62
40 71 20
40 72 65
40 73 91
40 74 90
40 75 1
40 76 11
40 77 65
40 78 57
40 79 17
40 80 19
40 81 38
40 82 70
40 83 33
40 84 20
40 85 16
40 86 74
40 87 32
40 88 84
40 89 92
40 90 11
40 91 87
40 92 54
40 93 41
40 94 34
40 95 98
40 96 61
40 97 42
40 98 45
40 99 88
40 100 14
41 1 88
41 2 63
41 3 96
41 4 45
41 5 69
41 6 66
41 7 43
41 8 29
41 9 94
41 10 75
41 11 42
41 12 80
41 13 75
41 14 6
41 15 54
41 16 99
41 17 68
41 18 88
41 19 51
41 20 19
41 21 55
41 22 100
41 23 52
41 24 84
41 25 12
41 26 62
41 27 71
41 28 10
41 29 53
41 30 79
41 31 17
41 32 8
41 33 11
41 34 47
41 35 49
41 36 30
41 37 95
41 38 62
41 39 99
41 40 41
41 41 6
41 42 83
41 43 1
41 44 15
41 45 39
41 46 55
41 47 14
41 48 9
41 49 3
41 50 4
41 51 33
41 52 46
41 53 87
41 54 49
41 55 76
41 56 25
41 57 86
41 58 82
41 59 51
41 60 58
41 61 89
41 62 60
41 63 92
41 64 52
41 65 49
41 66 73
41 67 48
41 68 90
41 69 95
41 70 55
41 71 93
41 72 42
41 73 100
41 74 28
41 75 63
41 76 20
41 77 15
41 78 38
41 79 29
41 80 52
41 81 50
41 82 99
41 83 1
41 84 100
41 85 85
41 86 32
41 87 19
41 88 4
41 89 34
41 90 81
41 91 50
41 92 75
41 93 38
41 94 92
41 95 33
41 96 42
41 97 32
41 98 93
41 99 44
41 100 75
42 1 43
42 2 15
42 3 28
42 4 17
42 5 85
42 6 64
42 7 4
42 8 46
42 9 62
42 10 48
42 11 73
42 12 38
42 13 36
42 14 10
42 15 54
42 16 21
42 17 50
42 18 29
42 19 15
42 20 92
42 21 69
42 22 33
42 23 21
42 24 66
42 25 17
42 26 76
42 27 11
42 28 20
42 29 65
42 30 68
42 31 7
42 32 21
42 33 45
42 34 85
42 35 7
42 36 88
42 37 5
42 38 63
42 39 30
42 40 58
42 41 31
42 42 90
42 43 50
42 44 43
42 45 74
42 46 93
42 47 21
42 48 52
42 49 80
42 50 36
42 51 91
42 52 14
42 53 34
42 54 83
42 55 87
42 56 6
42 57 15
42 58 5
42 59 78
42 60 12
42 61 71
42 62 36
42 63 68
42 64 54
42 65 71
42 66 17
42 67 91
42 68 1
42 69 92
42 70 70
42 71 73
42 72 8
42 73 52
42 74 40
42 75 28
42 76 25
42 77 11
42 78 88
42 79 64
42 80 38
42 81 62
42 82 70
42 83 7
42 84 44
42 85 68
42 86 90
42 87 86
42 88 88
42 89 13
42 90 47
42 91 22
42 92 61
42 93 7
42 94 100
42 95 41
42 96 2
42 97 83
42 98 18
42 99 59
42 100 1
43 1 53
43 2 1
43 3 21
43 4 98
43 5 28
43 6 31
43 7 65
43 8 71
43 9 56
43 10 52
43 11 52
43 12 12
43 13 40
43 14 21
43 15 56
43 16 98
43 17 88
43 18 36
43 19 38
43 20 92
43 21 1
43 22 91
43 23 48
43 24 43
43 25 65
43 26 52
43 27 72
43 28 45
43 29 18
43 30 86
43 31 10
43 32 23
43 33 47
43 34 94
43 35 42
43 36 87
43 37 2
43 38 59
43 39 20
43 40 64
43 41 68
43 42 96
43 43 63
43 44 100
43 45 62
43 46 46
43 47 44
43 48 95
43 49 90
43 50 69
43 51 31
43 52 39
43 53 88
43 54 58
43 55 43
43 56 33
43 57 22
43 58 99
43 59 97
43 60 15
43 61 3
43 62 80
43 63 94
43 64 57
43 65 73
43 66 90
43 67 65
43 68 31
43 69 61
43 70 17
43 71 2
43 72 57
43 73 30
43 74 33
43 75 24
43 76 31
43 77 52
43 78 14
43 79 93
43 80 84
43 81 94
43 82 20
43 83 68
43 84 35
43 85 10
43 86 91
43 87 30
43 88 60
43 89 73
43 90 79
43 91 14
43 92 95
43 93 69
43 94 5
43 95 18
43 96 75
43 97 31
43 98 72
43 99 40
43 100 17
44 1 16
44 2 24
44 3 16
44 4 85
44 5 68
44 6 19
44 7 57
44 8 23
44 9 65
44 10 46
44 11 78
44 12 73
44 13 37
44 14 77
44 15 63
44 16 80
44 17 16
44 18 43
44 19 86
44 20 38
44 21 76
44 22 25
44 23 77
44 24 4
44 25 36
44 26 59
44 27 86
44 28 95
44 29 56
44 30 87
44 31 82
44 32 30
44 33 39
44 34 74
44 35 92
44 36 69
44 37 39
44 38 81
44 39 94
44 40 51
44 41 17
44 42 35
44 43 30
44 44 59
44 45 3
44 46 61
44 47 100
44 48 98
44 49 19
44 50 44
44 51 83
44 52 45
44 53 8
44 54 90
44 55 97
44 56 70
44 57 86
44 58 62
44 59 10
44 60 82
44 61 29
44 62 42
44 63 89
44 64 77
44 65 91
44 66 92
44 67 37
44 68 72
44 69 55
44 70 97
44 71 48
44 72 100
44 73 79
44 74 100
44 75 56
44 76 11
44 77 55
44 78 42
44 79 93
44 80 96
44 81 13
44 82 94
44 83 50
44 84 21
44 85 86
44 86 20
44 87 83
44 88 47
44 89 44
44 90 49
44 91 10
44 92 93
44 93 33
44 94 19
44 95 45
44 96 43
44 97 3
44 98 95
44 99 46
44 100 86
45 1 75
45 2 43
45 3 95
45 4 74
45 5 31
45 6 10
45 7 85
45 8 27
45 9 65
45 10 43
45 11 18
45 12 93
45 13 39
45 14 22
45 15 54
45 16 4
45 17 61
45 18 19
45 19 81
45 20 18
45 21 93
45 22 39
45 23 20
45 24 90
45 25 21
45 26 24
45 27 47
45 28 98
45 29 44
45 30 86
45 31 82
45 32 53
45 33 48
45 34 76
45 35 92
45 36 84
45 37 83
45 38 77
45 39 51
45 40 12
45 41 16
45 42 90
45 43 29
45 44 54
45 45 62
45 46 24
45 47 55
45 48 57
45 49 100
45 50 98
45 51 18
45 52 54
45 53 46
45 54 98
45 55 61
45 56 52
45 57 84
45 58 8
45 59 63
45 60 34
45 61 28
45 62 76
45 63 3
45 64 49
45 65 37
45 66 13
45 67 18
45 68 20
45 69 15
45 70 2
45 71 67
45 72 92
45 73 98
45 74 27
45 75 83
45 76 99
45 77 8
45 78 31
45 79 1
45 80 4
45 81 1
45 82 79
45 83 68
45 84 96
45 85 74
45 86 83
45 87 67
45 88 11
45 89 37
45 90 38
45 91 40
45 92 100
45 93 81
45 94 19
45 95 41
45 96 64
45 97 57
45 98 83
45 99 98
45 100 55
46 1 61
46 2 86
46 3 17
46 4 83
46 5 3
46 6 12
46 7 85
46 8 69
46 9 100
46 10 94
46 11 84
46 12 32
46 13 76
46 14 70
46 15 71
46 16 6
46 17 84
46 18 72
46 19 60
46 20 72
46 21 48
46 22 100
46 23 17
46 24 76
46 25 1
46 26 39
46 27 65
46 28 5
46 29 89
46 30 64
46 31 99
46 32 100
46 33 19
46 34 43
46 35 46
46 36 60
46 37 68
46 38 23
46 39 78
46 40 94
46 41 78
46 42 85
46 43 38
46 44 27
46 45 87
46 46 75
46 47 6
46 48 5
46 49 88
46 50 1
46 51 47
46 52 18
46 53 63
46 54 6
46 55 26
46 56 64
46 57 77
46 58 58
46 59 87
46 60 21
46 61 72
46 62 42
46 63 43
46 64 13
46 65 9
46 66 26
46 67 3
46 68 42
46 69 11
46 70 92
46 71 94
46 72 32
46 73 50
46 74 66
46 75 28
46 76 50
46 77 42
46 78 42
46 79 53
46 80 21
46 81 57
46 82 1
46 83 12
46 84 10
46 85 96
46 86 16
46 87 23
46 88 7
46 89 87
46 90 97
46 91 16
46 92 43
46 93 35
46 94 57
46 95 20
46 96 70
46 97 28
46 98 62
46 99 83
46 100 95
47 1 17
47 2 89
47 3 66
47 4 97
47 5 8
47 6 35
47 7 28
47 8 5
47 9 82
47 10 42
47 11 44
47 12 92
47 13 96
47 14 82
47 15 48
47 16 71
47 17 63
47 18 46
47 19 79
47 20 38
47 21 46
47 22 99
47 23 24
47 24 74
47 25 66
47 26 54
47 27 63
47 28 10
47 29 57
47 30 77
47 31 97
47 32 57
47 33 2
47 34 6
47 35 47
47 36 16
47 37 27
47 38 75
47 39 41
47 40 75
47 41 43
47 42 26
47 43 28
47 44 29
47 45 34
47 46 24
47 47 2
47 48 42
47 49 89
47 50 6
47 51 47
47 52 86
47 53 47
47 54 16
47 55 51
47 56 72
47 57 81
47 58 61
47 59 47
47 60 29
47 61 76
47 62 73
47 63 36
47 64 17
47 65 96
47 66 94
47 67 95
47 68 59
47 69 17
47 70 34
47 71 46
47 72 72
47 73 53
47 74 74
47 75 93
47 76 72
47 77 41
47 78 90
47 79 70
47 80 49
47 81 45
47 82 14
47 83 58
47 84 72
47 85 34
47 86 77
47 87 11
47 88 15
47 89 80
47 90 76
47 91 70
47 92 31
47 93 94
47 94 3
47 95 85
47 96 83
47 97 87
47 98 88
47 99 79
47 100 54
48 1 14
48 2 41
48 3 93
48 4 60
48 5 7
48 6 66
48 7 34
48 8 53
48 9 4
48 10 83
48 11 100
48 12 28
48 13 84
48 14 12
48 15 14
48 16 66
48 17 48
48 18 84
48 19 58
48 20 47
48 21 96
48 22 8
48 23 83
48 24 35
48 25 97
48 26 88
48 27 76
48 28 48
48 29 63
48 30 31
48 31 19
48 32 98
48 33 49
48 34 83
48 35 24
48 36 74
48 37 28
48 38 17
48 39 76
48 40 15
48 41 59
48 42 76
48 43 76
48 44 24
48 45 66
48 46 61
48 47 66
48 48 94
48 49 74
48 50 58
48 51 18
48 52 9
48 53 99
48 54 6
48 55 23
48 56 62
48 57 34
48 58 26
48 59 61
48 60 47
48 61 11
48 62 94
48 63 49
48 64 60
48 65 82
48 66 31
48 67 86
48 68 89
48 69 19
48 70 3
48 71 43
48 72 69
48 73 65
48 74 35
48 75 29
48 76 21
48 77 72
48 78 49
48 79 42
48 80 23
48 81 96
48 82 96
48 83 54
48 84 17
48 85 32
48 86 71
48 87 58
48 88 25
48 89 75
48 90 57
48 91 78
48 92 8
48 93 62
48 94 85
48 95 63
48 96 65
48 97 29
48 98 49
48 99 64
48 100 18
49 1 44
49 2 1
49 3 69
49 4 17
49 5 69
49 6 48
49 7 80
49 8 31
49 9 95
49 10 71
49 11 31
49 12 90
49 13 93
49 14 45
49 15 75
49 16 30
49 17 94
49 18 50
49 19 87
49 20 4
49 21 88
49 22 39
49 23 2
49 24 7
49 25 47
49 26 57
49 27 65
49 28 50
49 29 59
49 30 2
49 31 51
49 32 92
49 33 78
49 34 12
49 35 76
49 36 34
49 37 28
49 38 26
49 39 9
49 40 52
49 41 78
49 42 5
49 43 75
49 44 85
49 45 63
49 46 55
49 47 74
49 48 13
49 49 33
49 50 48
49 51 96
49 52 88
49 53 26
49 54 41
49 55 64
49 56 64
49 57 52
49 58 17
49 59 74
49 60 7
49 61 84
49 62 55
49 63 21
49 64 75
49 65 90
49 66 8
49 67 73
49 68 7
49 69 58
49 70 33
49 71 65
49 72 68
49 73 72
49 74 31
49 75 39
49 76 54
49 77 88
49 78 49
49 79 92
49 80 96
49 81 37
49 82 47
49 83 57
49 84 28
49 85 53
49 86 81
49 87 5
49 88 98
49 89 67
49 90 78
49 91 88
49 92 45
49 93 16
49 94 48
49 95 61
49 96 78
49 97 38
49 98 40
49 99 51
49 100 5
50 1 63
50 2 2
50 3 8
50 4 89
50 5 49
50 6 85
50 7 79
50 8 29
50 9 80
50 10 40
50 11 85
50 12 58
50 13 41
50 14 11
50 15 57
50 16 52
50 17 10
50 18 79
50 19 96
50 20 7
50 21 100
50 22 88
50 23 25
50 24 26
50 25 21
50 26 4
50 27 12
50 28 71
50 29 29
50 30 10
50 31 86
50 32 68
50 33 47
50 34 30
50 35 62
50 36 100
50 37 26
50 38 11
50 39 55
50 40 33
50 41 48
50 42 90
50 43 10
50 44 45
50 45 17
50 46 46
50 47 41
50 48 17
50 49 56
50 50 78
50 51 58
50 52 64
50 53 24
50 54 76
50 55 39
50 56 26
50 57 79
50 58 48
50 59 10
50 60 98
50 61 57
50 62 47
50 63 20
50 64 62
50 65 25
50 66 80
50 67 77
50 68 55
50 69 48
50 70 33
50 71 45
50 72 19
50 73 74
50 74 93
50 75 65
50 76 41
50 77 96
50 78 6
50 79 42
50 80 61
50 81 72
50 82 38
50 83 62
50 84 84
50 85 40
50 86 3
50 87 42
50 88 6
50 89 70
50 90 61
50 91 55
50 92 12
50 93 14
50 94 31
50 95 46
50 96 59
50 97 1
50 98 63
50 99 64
50 100 43
51 1 12
51 2 59
51 3 36
51 4 94
51 5 45
51 6 68
51 7 75
51 8 61
51 9 9
51 10 95
51 11 35
51 12 10
51 13 32
51 14 78
51 15 79
51 16 90
51 17 41
51 18 97
51 19 53
51 20 4
51 21 33
51 22 54
51 23 3
51 24 88
51 25 60
51 26 82
51 27 26
51 28 87
51 29 56
51 30 67
51 31 81
51 32 36
51 33 16
51 34 78
51 35 76
51 36 33
51 37 82
51 38 29
51 39 91
51 40 34
51 41 44
51 42 55
51 43 53
51 44 73
51 45 56
51 46 32
51 47 31
51 48 62
51 49 75
51 50 50
51 51 7
51 52 39
51 53 80
51 54 67
51 55 71
51 56 89
51 57 95
51 58 15
51 59 4
51 60 46
51 61 43
51 62 71
51 63 29
51 64 43
51 65 20
51 66 76
51 67 11
51 68 15
51 69 81
51 70 76
51 71 63
51 72 92
51 73 86
51 74 40
51 75 12
51 76 86
51 77 66
51 78 58
51 79 72
51 80 90
51 81 14
51 82 59
51 83 23
51 84 85
51 85 16
51 86 47
51 87 18
51 88 45
51 89 28
51 90 32
51 91 69
51 92 77
51 93 20
51 94 80
51 95 35
51 96 68
51 97 27
51 98 12
51 99 32
51 100 70
52 1 90
52 2 13
52 3 62
52 4 13
52 5 3
52 6 68
52 7 37
52 8 32
52 9 27
52 10 13
52 11 70
52 12 20
52 13 1
52 14 80
52 15 27
52 16 16
52 17 33
52 18 94
52 19 65
52 20 72
52 21 82
52 22 86
52 23 86
52 24 18
52 25 64
52 26 59
52 27 25
52 28 94
52 29 27
52 30 38
52 31 70
52 32 98
52 33 14
52 34 92
52 35 70
52 36 14
52 37 23
52 38 83
52 39 8
52 40 18
52 41 75
52 42 31
52 43 38
52 44 3
52 45 76
52 46 74
52 47 53
52 48 31
52 49 44
52 50 32
52 51 86
52 52 91
52 53 25
52 54 93
52 55 86
52 56 3
52 57 39
52 58 47
52 59 62
52 60 83
52 61 17
52 62 86
52 63 7
52 64 50
52 65 31
52 66 20
52 67 6
52 68 87
52 69 3
52 70 93
52 71 46
52 72 13
52 73 91
52 74 68
52 75 49
52 76 78
52 77 98
52 78 39
52 79 34
52 80 61
52 81 54
52 82 86
52 83 88
52 84 95
52 85 98
52 86 29
52 87 65
52 88 17
52 89 89
52 90 4
52 91 71
52 92 46
52 93 20
52 94 87
52 95 25
52 96 34
52 97 54
52 98 92
52 99 53
52 100 20
53 1 46
53 2 39
53 3 54
53 4 96
53 5 23
53 6 39
53 7 23
53 8 90
53 9 95
53 10 70
53 11 10
53 12 93
53 13 11
53 14 38
53 15 24
53 16 75
53 17 3
53 18 49
53 19 4
53 20 30
53 21 28
53 22 10
53 23 63
53 24 75
53 25 90
53 26 86
53 27 89
53 28 22
53 29 88
53 30 82
53 31 17
53 32 83
53 33 59
53 34 61
53 35 98
53 36 16
53 37 56
53 38 100
53 39 46
53 40 13
53 41 100
53 42 4
53 43 42
53 44 43
53 45 94
53 46 24
53 47 67
53 48 68
53 49 49
53 50 36
53 51 31
53 52 37
53 53 67
53 54 89
53 55 88
53 56 95
53 57 66
53 58 63
53 59 54
53 60 23
53 61 88
53 62 92
53 63 68
53 64 67
53 65 100
53 66 18
53 67 47
53 68 52
53 69 13
53 70 99
53 71 28
53 72 50
53 73 42
53 74 24
53 75 8
53 76 37
53 77 37
53 78 40
53 79 28
53 80 84
53 81 30
53 82 88
53 83 33
53 84 41
53 85 67
53 86 66
53 87 46
53 88 62
53 89 51
53 90 98
53 91 66
53 92 45
53 93 3
53 94 31
53 95 4
53 96 79
53 97 9
53 98 71
53 99 25
53 100 8
54 1 21
54 2 46
54 3 28
54 4 52
54 5 99
54 6 76
54 7 53
54 8 95
54 9 41
54 10 39
54 11 2
54 12 40
54 13 76
54 14 5
54 15 23
54 16 27
54 17 25
54 18 100
54 19 74
54 20 60
54 21 39
54 22 45
54 23 12
54 24 52
54 25 51
54 26 88
54 27 52
54 28 70
54 29 92
54 30 53
54 31 40
54 32 80
54 33 76
54 34 96
54 35 32
54 36 23
54 37 47
54 38 84
54 39 32
54 40 95
54 41 80
54 42 82
54 43 52
54 44 37
54 45 71
54 46 16
54 47 10
54 48 48
54 49 100
54 50 80
54 51 47
54 52 80
54 53 62
54 54 41
54 55 64
54 56 88
54 57 56
54 58 57
54 59 3
54 60 3
54 61 59
54 62 31
54 63 20
54 64 77
54 65 89
54 66 91
54 67 37
54 68 55
54 69 42
54 70 55
54 71 40
54 72 11
54 73 37
54 74 75
54 75 47
54 76 81
54 77 77
54 78 48
54 79 90
54 80 2
54 81 72
54 82 74
54 83 6
54 84 11
54 85 55
54 86 52
54 87 86
54 88 26
54 89 1
54 90 79
54 91 89
54 92 86
54 93 77
54 94 74
54 95 57
54 96 24
54 97 42
54 98 51
54 99 49
54 100 77
55 1 30
55 2 59
55 3 26
55 4 66
55 5 69
55 6 32
55 7 13
55 8 57
55 9 54
55 10 55
55 11 28
55 12 48
55 13 18
55 14 11
55 15 42
55 16 21
55 17 77
55 18 63
55 19 63
55 20 1
55 21 40
55 22 42
55 23 58
55 24 59
55 25 84
55 26 13
55 27 90
55 28 9
55 29 59
55 30 6
55 31 29
55 32 33
55 33 91
55 34 48
55 35 20
55 36 70
55 37 34
55 38 49
55 39 66
55 40 24
55 41 22
55 42 5
55 43 83
55 44 69
55 45 77
55 46 85
55 47 73
55 48 93
55 49 54
55 50 52
55 51 7
55 52 24
55 53 45
55 54 25
55 55 4
55 56 29
55 57 98
55 58 38
55 59 60
55 60 52
55 61 30
55 62 66
55 63 63
55 64 47
55 65 57
55 66 74
55 67 98
55 68 23
55 69 95
55 70 57
55 71 20
55 72 2
55 73 28
55 74 21
55 75 9
55 76 59
55 77 90
55 78 13
55 79 21
55 80 71
55 81 26
55 82 40
55 83 11
55 84 26
55 85 28
55 86 59
55 87 51
55 88 78
55 89 40
55 90 45
55 91 26
55 92 38
55 93 68
55 94 61
55 95 36
55 96 41
55 97 27
55 98 23
55 99 6
55 100 5
56 1 55
56 2 47
56 3 93
56 4 40
56 5 21
56 6 50
56 7 11
56 8 80
56 9 85
56 10 6
56 11 38
56 12 28
56 13 50
56 14 100
56 15 29
56 16 61
56 17 1
56 18 12
56 19 86
56 20 25
56 21 19
56 22 86
56 23 93
56 24 11
56 25 56
56 26 100
56 27 63
56 28 3
56 29 39
56 30 87
56 31 10
56 32 41
56 33 94
56 34 48
56 35 52
56 36 20
56 37 90
56 38 63
56 39 35
56 40 7
56 41 97
56 42 87
56 43 77
56 44 34
56 45 64
56 46 20
56 47 24
56 48 32
56 49 2
56 50 7
56 51 74
56 52 97
56 53 84
56 54 98
56 55 7
56 56 2
56 57 57
56 58 89
56 59 81
56 60 6
56 61 95
56 62 28
56 63 42
56 64 8
56 65 62
56 66 61
56 67 93
56 68 83
56 69 36
56 70 24
56 71 8
56 72 88
56 73 24
56 74 35
56 75 84
56 76 60
56 77 17
56 78 29
56 79 43
56 80 35
56 81 11
56 82 41
56 83 35
56 84 2
56 85 85
56 86 35
56 87 22
56 88 30
56 89 3
56 90 47
56 91 6
56 92 85
56 93 30
56 94 74
56 95 42
56 96 37
56 97 82
56 98 15
56 99 13
56 100 53
57 1 24
57 2 69
57 3 11
57 4 54
57 5 69
57 6 55
57 7 14
57 8 80
57 9 78
57 10 70
57 11 86
57 12 64
57 13 38
57 14 49
57 15 10
57 16 20
57 17 35
57 18 53
57 19 48
57 20 15
57 21 25
57 22 58
57 23 82
57 24 95
57 25 77
57 26 6
57 27 68
57 28 27
57 29 69
57 30 27
57 31 69
57 32 35
57 33 15
57 34 31
57 35 51
57 36 31
57 37 45
57 38 67
57 39 23
57 40 44
57 41 27
57 42 27
57 43 64
57 44 29
57 45 55
57 46 51
57 47 44
57 48 47
57 49 34
57 50 2
57 51 58
57 52 45
57 53 9
57 54 51
57 55 9
57 56 14
57 57 100
57 58 13
57 59 28
57 60 51
57 61 33
57 62 82
57 63 48
57 64 33
57 65 66
57 66 77
57 67 92
57 68 90
57 69 40
57 70 45
57 71 8
57 72 90
57 73 3
57 74 86
57 75 90
57 76 5
57 77 3
57 78 52
57 79 48
57 80 61
57 81 88
57 82 46
57 83 95
57 84 2
57 85 53
57 86 17
57 87 89
57 88 22
57 89 22
57 90 95
57 91 49
57 92 12
57 93 77
57 94 83
57 95 27
57 96 54
57 97 100
57 98 47
57 99 64
57 100 44
58 1 84
58 2 15
58 3 14
58 4 30
58 5 28
58 6 19
58 7 15
58 8 41
58 9 10
58 10 16
58 11 53
58 12 88
58 13 11
58 14 72
58 15 27
58 16 23
58 17 38
58 18 18
58 19 3
58 20 31
58 21 24
58 22 50
58 23 24
58 24 89
58 25 69
58 26 99
58 27 64
58 28 54
58 29 62
58 30 73
58 31 61
58 32 89
58 33 38
58 34 29
58 35 54
58 36 27
58 37 5
58 38 49
58 39 83
58 40 9
58 41 46
58 42 86
58 43 33
58 44 100
58 45 26
58 46 4
58 47 80
58 48 88
58 49 20
58 50 92
58 51 22
58 52 11
58 53 62
58 54 43
58 55 67
58 56 61
58 57 22
58 58 49
58 59 16
58 60 29
58 61 24
58 62 57
58 63 29
58 64 4
58 65 46
58 66 83
58 67 63
58 68 74
58 69 2
58 70 6
58 71 21
58 72 27
58 73 65
58 74 44
58 75 7
58 76 37
58 77 40
58 78 55
58 79 42
58 80 82
58 81 29
58 82 63
58 83 33
58 84 15
58 85 18
58 86 83
58 87 26
58 88 23
58 89 11
58 90 65
58 91 33
58 92 45
58 93 1
58 94 28
58 95 6
58 96 41
58 97 51
58 98 33
58 99 37
58 100 67
59 1 86
59 2 94
59 3 19
59 4 71
59 5 70
59 6 38
59 7 7
59 8 43
59 9 85
59 10 79
59 11 50
59 12 97
59 13 57
59 14 84
59 15 75
59 16 26
59 17 56
59 18 29
59 19 12
59 20 73
59 21 34
59 22 66
59 23 46
59 24 72
59 25 10
59 26 90
59 27 29
59 28 2
59 29 97
59 30 90
59 31 25
59 32 74
59 33 20
59 34 85
59 35 4
59 36 66
59 37 7
59 38 42
59 39 92
59 40 29
59 41 7
59 42 74
59 43 20
59 44 89
59 45 71
59 46 1
59 47 87
59 48 8
59 49 75
59 50 43
59 51 71
59 52 61
59 53 44
59 54 51
59 55 49
59 56 99
59 57 5
59 58 2
59 59 19
59 60 76
59 61 6
59 62 51
59 63 29
59 64 97
59 65 47
59 66 8
59 67 51
59 68 39
59 69 90
59 70 24
59 71 21
59 72 84
59 73 88
59 74 9
59 75 65
59 76 2
59 77 62
59 78 91
59 79 54
59 80 82
59 81 57
59 82 78
59 83 41
59 84 15
59 85 24
59 86 82
59 87 14
59 88 64
59 89 40
59 90 43
59 91 51
59 92 79
59 93 74
59 94 46
59 95 9
59 96 26
59 97 66
59 98 67
59 99 82
59 100 24
60 1 63
60 2 60
60 3 67
60 4 83
60 5 37
60 6 76
60 7 53
60 8 53
60 9 25
60 10 99
60 11 64
60 12 54
60 13 29
60 14 36
60 15 93
60 16 53
60 17 28
60 18 12
60 19 12
60 20 12
60 21 10
60 22 60
60 23 16
60 24 17
60 25 57
60 26 23
60 27 82
60 28 97
60 29 75
60 30 1
60 31 13
60 32 87
60 33 82
60 34 52
60 35 11
60 36 14
60 37 92
60 38 52
60 39 46
60 40 9
60 41 92
60 42 29
60 43 13
60 44 10
60 45 94
60 46 99
60 47 84
60 48 33
60 49 17
60 50 17
60 51 23
60 52 53
60 53 67
60 54 18
60 55 100
60 56 12
60 57 72
60 58 45
60 59 35
60 60 92
60 61 56
60 62 54
60 63 82
60 64 46
60 65 31
60 66 21
60 67 5
60 68 90
60 69 9
60 70 74
60 71 80
60 72 81
60 73 18
60 74 33
60 75 76
60 76 70
60 77 87
60 78 100
60 79 8
60 80 12
60 81 19
60 82 84
60 83 65
60 84 30
60 85 89
60 86 12
60 87 56
60 88 76
60 89 45
60 90 99
60 91 75
60 92 78
60 93 55
60 94 29
60 95 26
60 96 51
60 97 97
60 98 25
60 99 24
60 100 35
61 1 21
61 2 65
61 3 21
61 4 2
61 5 40
61 6 61
61 7 8
61 8 44
61 9 100
61 10 95
61 11 82
61 12 40
61 13 73
61 14 49
61 15 25
61 16 58
61 17 80
61 18 13
61 19 45
61 20 67
61 21 87
61 22 95
61 23 65
61 24 20
61 25 16
61 26 40
61 27 68
61 28 51
61 29 80
61 30 36
61 31 33
61 32 56
61 33 91
61 34 50
61 35 22
61 36 81
61 37 70
61 38 27
61 39 78
61 40 20
61 41 45
61 42 64
61 43 9
61 44 28
61 45 3
61 46 91
61 47 38
61 48 50
61 49 48
61 50 18
61 51 1
61 52 7
61 53 100
61 54 36
61 55 28
61 56 37
61 57 72
61 58 61
61 59 90
61 60 45
61 61 29
61 62 14
61 63 32
61 64 81
61 65 66
61 66 52
61 67 31
61 68 15
61 69 68
61 70 6
61 71 95
61 72 43
61 73 60
61 74 98
61 75 50
61 76 41
61 77 75
61 78 88
61 79 73
61 80 94
61 81 1
61 82 4
61 83 43
61 84 45
61 85 43
61 86 41
61 87 42
61 88 40
61 89 30
61 90 18
61 91 53
61 92 88
61 93 18
61 94 33
61 95 80
61 96 22
61 97 62
61 98 72
61 99 74
61 100 100
62 1 26
62 2 70
62 3 38
62 4 68
62 5 49
62 6 55
62 7 49
62 8 53
62 9 71
62 10 15
62 11 55
62 12 34
62 13 38
62 14 41
62 15 100
62 16 21
62 17 7
62 18 52
62 19 17
62 20 67
62 21 31
62 22 45
62 23 3
62 24 55
62 25 71
62 26 87
62 27 1
62 28 34
62 29 56
62 30 79
62 31 91
62 32 66
62 33 26
62 34 2
62 35 12
62 36 20
62 37 38
62 38 56
62 39 100
62 40 33
62 41 48
62 42 28
62 43 7
62 44 88
62 45 61
62 46 98
62 47 30
62 48 25
62 49 37
62 50 13
62 51 41
62 52 54
62 53 10
62 54 14
62 55 37
62 56 76
62 57 26
62 58 80
62 59 94
62 60 4
62 61 39
62 62 24
62 63 64
62 64 1
62 65 77
62 66 10
62 67 63
62 68 20
62 69 59
62 70 33
62 71 76
62 72 29
62 73 81
62 74 62
62 75 100
62 76 40
62 77 36
62 78 21
62 79 19
62 80 89
62 81 73
62 82 15
62 83 60
62 84 2
62 85 100
62 86 26
62 87 22
62 88 34
62 89 60
62 90 41
62 91 45
62 92 42
62 93 68
62 94 39
62 95 9
62 96 55
62 97 74
62 98 29
62 99 11
62 100 24
63 1 83
63 2 100
63 3 98
63 4 74
63 5 56
63 6 70
63 7 36
63 8 30
63 9 25
63 10 5
63 11 22
63 12 47
63 13 40
63 14 11
63 15 11
63 16 32
63 17 48
63 18 43
63 19 72
63 20 15
63 21 8
63 22 71
63 23 33
63 24 28
63 25 24
63 26 49
63 27 39
63 28 51
63 29 47
63 30 69
63 31 88
63 32 64
63 33 42
63 34 46
63 35 26
63 36 66
63 37 93
63 38 76
63 39 51
63 40 97
63 41 75
63 42 66
63 43 61
63 44 46
63 45 8
63 46 26
63 47 27
63 48 52
63 49 90
63 50 60
63 51 14
63 52 80
63 53 34
63 54 75
63 55 45
63 56 93
63 57 23
63 58 60
63 59 77
63 60 93
63 61 88
63 62 11
63 63 98
63 64 70
63 65 26
63 66 56
63 67 36
63 68 26
63 69 41
63 70 63
63 71 46
63 72 68
63 73 3
63 74 87
63 75 89
63 76 54
63 77 4
63 78 100
63 79 13
63 80 90
63 81 82
63 82 35
63 83 38
63 84 89
63 85 81
63 86 24
63 87 17
63 88 67
63 89 10
63 90 75
63 91 96
63 92 97
63 93 16
63 94 16
63 95 33
63 96 99
63 97 40
63 98 70
63 99 81
63 100 24
64 1 79
64 2 46
64 3 72
64 4 58
64 5 76
64 6 10
64 7 16
64 8 86
64 9 70
64 10 37
64 11 85
64 12 82
64 13 41
64 14 2
64 15 18
64 16 55
64 17 87
64 18 42
64 19 49
64 20 58
64 21 63
64 22 78
64 23 7
64 24 82
64 25 23
64 26 38
64 27 65
64 28 57
64 29 49
64 30 100
64 31 33
64 32 91
64 33 73
64 34 7
64 35 85
64 36 79
64 37 33
64 38 92
64 39 7
64 40 26
64 41 85
64 42 89
64 43 30
64 44 21
64 45 79
64 46 83
64 47 24
64 48 26
64 49 74
64 50 47
64 51 87
64 52 8
64 53 59
64 54 78
64 55 95
64 56 63
64 57 47
64 58 98
64 59 31
64 60 47
64 61 72
64 62 25
64 63 15
64 64 53
64 65 12
64 66 28
64 67 72
64 68 2
64 69 83
64 70 12
64 71 72
64 72 24
64 73 46
64 74 13
64 75 89
64 76 59
64 77 10
64 78 37
64 79 97
64 80 96
64 81 64
64 82 38
64 83 86
64 84 8
64 85 57
64 86 48
64 87 5
64 88 10
64 89 100
64 90 11
64 91 79
64 92 87
64 93 58
64 94 17
64 95 7
64 96 42
64 97 2
64 98 23
64 99 48
64 100 22
65 1 86
65 2 70
65 3 77
65 4 31
65 5 83
65 6 70
65 7 79
65 8 2
65 9 41
65 10 32
65 11 45
65 12 66
65 13 42
65 14 66
65 15 56
65 16 76
65 17 54
65 18 41
65 19 10
65 20 57
65 21 53
65 22 12
65 23 41
65 24 33
65 25 54
65 26 4
65 27 99
65 28 33
65 29 96
65 30 62
65 31 28
65 32 43
65 33 11
65 34 44
65 35 47
65 36 30
65 37 44
65 38 79
65 39 18
65 40 2
65 41 65
65 42 13
65 43 48
65 44 26
65 45 10
65 46 61
65 47 54
65 48 11
65 49 5
65 50 47
65 51 12
65 52 21
65 53 16
65 54 45
65 55 66
65 56 76
65 57 52
65 58 3
65 59 92
65 60 8
65 61 85
65 62 5
65 63 53
65 64 97
65 65 88
65 66 65
65 67 38
65 68 6
65 69 1
65 70 84
65 71 32
65 72 73
65 73 8
65 74 29
65 75 7
65 76 91
65 77 96
65 78 14
65 79 75
65 80 69
65 81 17
65 82 55
65 83 34
65 84 1
65 85 92
65 86 82
65 87 10
65 88 60
65 89 70
65 90 72
65 91 7
65 92 34
65 93 39
65 94 16
65 95 87
65 96 61
65 97 35
65 98 27
65 99 1
65 100 34
66 1 57
66 2 65
66 3 62
66 4 3
66 5 6
66 6 9
66 7 76
66 8 78
66 9 97
66 10 63
66 11 20
66 12 16
66 13 74
66 14 89
66 15 4
66 16 49
66 17 4
66 18 64
66 19 28
66 20 55
66 21 2
66 22 61
66 23 34
66 24 51
66 25 46
66 26 16
66 27 37
66 28 40
66 29 87
66 30 6
66 31 83
66 32 63
66 33 89
66 34 13
66 35 49
66 36 91
66 37 23
66 38 97
66 39 24
66 40 68
66 41 37
66 42 85
66 43 83
66 44 23
66 45 25
66 46 22
66 47 46
66 48 20
66 49 15
66 50 9
66 51 96
66 52 55
66 53 51
66 54 1
66 55 80
66 56 56
66 57 12
66 58 52
66 59 82
66 60 88
66 61 33
66 62 5
66 63 58
66 64 49
66 65 86
66 66 65
66 67 65
66 68 37
66 69 35
66 70 76
66 71 84
66 72 68
66 73 59
66 74 68
66 75 64
66 76 35
66 77 75
66 78 58
66 79 98
66 80 91
66 81 39
66 82 54
66 83 92
66 84 63
66 85 90
66 86 69
66 87 34
66 88 17
66 89 10
66 90 29
66 91 66
66 92 10
66 93 18
66 94 7
66 95 54
66 96 77
66 97 42
66 98 62
66 99 58
66 100 54
67 1 72
67 2 8
67 3 23
67 4 79
67 5 91
67 6 40
67 7 71
67 8 44
67 9 82
67 10 78
67 11 33
67 12 34
67 13 93
67 14 91
67 15 95
67 16 92
67 17 25
67 18 77
67 19 93
67 20 51
67 21 70
67 22 82
67 23 99
67 24 59
67 25 97
67 26 72
67 27 21
67 28 86
67 29 56
67 30 54
67 31 26
67 32 10
67 33 26
67 34 20
67 35 66
67 36 32
67 37 84
67 38 16
67 39 31
67 40 57
67 41 96
67 42 60
67 43 75
67 44 87
67 45 92
67 46 12
67 47 86
67 48 17
67 49 20
67 50 16
67 51 93
67 52 76
67 53 27
67 54 52
67 55 80
67 56 83
67 57 42
67 58 72
67 59 20
67 60 33
67 61 94
67 62 52
67 63 80
67 64 70
67 65 31
67 66 90
67 67 76
67 68 52
67 69 43
67 70 46
67 71 15
67 72 93
67 73 18
67 74 33
67 75 47
67 76 92
67 77 75
67 78 74
67 79 4
67 80 90
67 81 17
67 82 6
67 83 19
67 84 70
67 85 32
67 86 11
67 87 36
67 88 93
67 89 44
67 90 40
67 91 23
67 92 55
67 93 90
67 94 90
67 95 69
67 96 65
67 97 96
67 98 60
67 99 97
67 100 92
68 1 16
68 2 18
68 3 31
68 4 58
68 5 38
68 6 98
68 7 36
68 8 91
68 9 48
68 10 11
68 11 45
68 12 27
68 13 51
68 14 67
68 15 25
68 16 29
68 17 77
68 18 33
68 19 21
68 20 1
68 21 22
68 22 73
68 23 55
68 24 97
68 25 75
68 26 72
68 27 72
68 28 44
68 29 66
68 30 14
68 31 14
68 32 46
68 33 51
68 34 3
68 35 35
68 36 89
68 37 43
68 38 91
68 39 22
68 40 23
68 41 83
68 42 75
68 43 53
68 44 47
68 45 68
68 46 97
68 47 63
68 48 4
68 49 32
68 50 88
68 51 21
68 52 21
68 53 52
68 54 68
68 55 90
68 56 71
68 57 94
68 58 58
68 59 76
68 60 34
68 61 65
68 62 54
68 63 77
68 64 53
68 65 36
68 66 41
68 67 38
68 68 42
68 69 89
68 70 85
68 71 57
68 72 93
68 73 47
68 74 76
68 75 5
68 76 19
68 77 52
68 78 60
68 79 30
68 80 46
68 81 73
68 82 15
68 83 95
68 84 83
68 85 5
68 86 6
68 87 64
68 88 49
68 89 1
68 90 94
68 91 33
68 92 63
68 93 28
68 94 63
68 95 52
68 96 28
68 97 7
68 98 43
68 99 61
68 100 51
69 1 46
69 2 43
69 3 21
69 4 31
69 5 20
69 6 38
69 7 64
69 8 82
69 9 10
69 10 6
69 11 79
69 12 66
69 13 88
69 14 93
69 15 96
69 16 16
69 17 79
69 18 64
69 19 34
69 20 18
69 21 4
69 22 7
69 23 13
69 24 10
69 25 76
69 26 88
69 27 90
69 28 98
69 29 29
69 30 61
69 31 95
69 32 5
69 33 91
69 34 71
69 35 30
69 36 82
69 37 18
69 38 98
69 39 38
69 40 5
69 41 14
69 42 1
69 43 97
69 44 54
69 45 5
69 46 43
69 47 25
69 48 76
69 49 46
69 50 90
69 51 44
69 52 76
69 53 44
69 54 12
69 55 73
69 56 81
69 57 44
69 58 23
69 59 31
69 60 70
69 61 87
69 62 75
69 63 75
69 64 22
69 65 88
69 66 84
69 67 8
69 68 59
69 69 4
69 70 5
69 71 30
69 72 28
69 73 83
69 74 34
69 75 96
69 76 66
69 77 73
69 78 32
69 79 91
69 80 72
69 81 60
69 82 82
69 83 2
69 84 93
69 85 34
69 86 48
69 87 82
69 88 85
69 89 54
69 90 54
69 91 17
69 92 16
69 93 71
69 94 33
69 95 75
69 96 59
69 97 69
69 98 2
69 99 37
69 100 27
70 1 100
70 2 65
70 3 8
70 4 57
70 5 63
70 6 36
70 7 36
70 8 90
70 9 43
70 10 60
70 11 82
70 12 97
70 13 28
70 14 56
70 15 70
70 16 34
70 17 78
70 18 50
70 19 58
70 20 8
70 21 6
70 22 35
70 23 89
70 24 97
70 25 76
70 26 18
70 27 29
70 28 28
70 29 2
70 30 49
70 31 74
70 32 7
70 33 94
70 34 13
70 35 30
70 36 68
70 37 43
70 38 84
70 39 56
70 40 82
70 41 63
70 42 34
70 43 41
70 44 22
70 45 23
70 46 71
70 47 1
70 48 12
70 49 33
70 50 36
70 51 91
70 52 18
70 53 81
70 54 4
70 55 70
70 56 64
70 57 87
70 58 5
70 59 69
70 60 21
70 61 60
70 62 32
70 63 93
70 64 39
70 65 55
70 66 21
70 67 80
70 68 94
70 69 86
70 70 4
70 71 92
70 72 62
70 73 30
70 74 85
70 75 31
70 76 52
70 77 68
70 78 75
70 79 43
70 80 70
70 81 27
70 82 91
70 83 24
70 84 3
70 85 69
70 86 13
70 87 6
70 88 65
70 89 65
70 90 7
70 91 2
70 92 82
70 93 43
70 94 39
70 95 32
70 96 5
70 97 33
70 98 83
70 99 46
70 100 44
71 1 16
71 2 28
71 3 7
71 4 11
71 5 4
71 6 6
71 7 49
71 8 31
71 9 7
71 10 53
71 11 96
71 12 55
71 13 90
71 14 72
71 15 72
71 16 88
71 17 66
71 18 41
71 19 91
71 20 74
71 21 11
71 22 87
71 23 72
71 24 7
71 25 31
71 26 90
71 27 21
71 28 97
71 29 91
71 30 35
71 31 87
71 32 38
71 33 67
71 34 22
71 35 86
71 36 67
71 37 92
71 38 7
71 39 53
71 40 73
71 41 78
71 42 100
71 43 45
71 44 74
71 45 13
71 46 47
71 47 81
71 48 10
71 49 92
71 50 34
71 51 9
71 52 52
71 53 22
71 54 71
71 55 94
71 56 81
71 57 87
71 58 79
71 59 4
71 60 30
71 61 25
71 62 76
71 63 30
71 64 29
71 65 99
71 66 46
71 67 19
71 68 54
71 69 79
71 70 21
71 71 24
71 72 51
71 73 70
71 74 45
71 75 26
71 76 7
71 77 54
71 78 40
71 79 59
71 80 9
71 81 44
71 82 81
71 83 29
71 84 71
71 85 57
71 86 24
71 87 67
71 88 75
71 89 1
71 90 46
71 91 55
71 92 92
71 93 41
71 94 14
71 95 78
71 96 84
71 97 65
71 98 29
71 99 80
71 100 42
72 1 88
72 2 36
72 3 48
72 4 55
72 5 96
72 6 8
72 7 70
72 8 6
72 9 13
72 10 37
72 11 43
72 12 55
72 13 40
72 14 90
72 15 74
72 16 14
72 17 57
72 18 7
72 19 61
72 20 34
72 21 66
72 22 20
72 23 29
72 24 16
72 25 50
72 26 22
72 27 81
72 28 86
72 29 62
72 30 75
72 31 94
72 32 52
72 33 12
72 34 47
72 35 33
72 36 71
72 37 12
72 38 22
72 39 64
72 40 11
72 41 10
72 42 30
72 43 68
72 44 27
72 45 98
72 46 5
72 47 42
72 48 59
72 49 27
72 50 96
72 51 5
72 52 52
72 53 65
72 54 31
72 55 15
72 56 54
72 57 70
72 58 98
72 59 48
72 60 98
72 61 73
72 62 10
72 63 8
72 64 68
72 65 96
72 66 81
72 67 74
72 68 39
72 69 62
72 70 67
72 71 7
72 72 82
72 73 29
72 74 71
72 75 6
72 76 17
72 77 29
72 78 63
72 79 57
72 80 99
72 81 7
72 82 34
72 83 84
72 84 35
72 85 29
72 86 26
72 87 34
72 88 79
72 89 65
72 90 55
72 91 32
72 92 26
72 93 22
72 94 93
72 95 99
72 96 73
72 97 9
72 98 91
72 99 64
72 100 70
73 1 31
73 2 80
73 3 42
73 4 37
73 5 93
73 6 73
73 7 41
73 8 97
73 9 38
73 10 78
73 11 81
73 12 98
73 13 67
73 14 51
73 15 59
73 16 100
73 17 66
73 18 91
73 19 69
73 20 32
73 21 47
73 22 66
73 23 19
73 24 78
73 25 96
73 26 81
73 27 66
73 28 99
73 29 96
73 30 18
73 31 12
73 32 13
73 33 29
73 34 40
73 35 58
73 36 79
73 37 74
73 38 6
73 39 71
73 40 96
73 41 33
73 42 18
73 43 81
73 44 99
73 45 51
73 46 5
73 47 65
73 48 34
73 49 73
73 50 70
73 51 32
73 52 41
73 53 35
73 54 60
73 55 94
73 56 61
73 57 30
73 58 8
73 59 62
73 60 65
73 61 9
73 62 53
73 63 83
73 64 83
73 65 71
73 66 6
73 67 8
73 68 85
73 69 44
73 70 69
73 71 38
73 72 23
73 73 6
73 74 77
73 75 62
73 76 49
73 77 51
73 78 33
73 79 42
73 80 10
73 81 11
73 82 18
73 83 20
73 84 24
73 85 97
73 86 26
73 87 20
73 88 46
73 89 57
73 90 78
73 91 31
73 92 24
73 93 98
73 94 14
73 95 5
73 96 65
73 97 56
73 98 88
73 99 86
73 100 37
74 1 43
74 2 30
74 3 12
74 4 1
74 5 56
74 6 95
74 7 5
74 8 97
74 9 7
74 10 93
74 11 92
74 12 81
74 13 50
74 14 85
74 15 37
74 16 20
74 17 78
74 18 54
74 19 3
74 20 61
74 21 23
74 22 15
74 23 27
74 24 19
74 25 72
74 26 55
74 27 99
74 28 12
74 29 4
74 30 31
74 31 74
74 32 62
74 33 99
74 34 83
74 35 25
74 36 54
74 37 85
74 38 81
74 39 83
74 40 3
74 41 8
74 42 91
74 43 41
74 44 24
74 45 41
74 46 51
74 47 16
74 48 49
74 49 63
74 50 87
74 51 14
74 52 43
74 53 66
74 54 34
74 55 49
74 56 41
74 57 97
74 58 94
74 59 83
74 60 97
74 61 45
74 62 83
74 63 61
74 64 88
74 65 57
74 66 58
74 67 30
74 68 66
74 69 84
74 70 71
74 71 76
74 72 74
74 73 74
74 74 90
74 75 66
74 76 45
74 77 47
74 78 60
74 79 95
74 80 17
74 81 75
74 82 13
74 83 99
74 84 19
74 85 91
74 86 9
74 87 4
74 88 99
74 89 81
74 90 70
74 91 65
74 92 81
74 93 60
74 94 41
74 95 13
74 96 76
74 97 20
74 98 78
74 99 74
74 100 58
75 1 56
75 2 50
75 3 74
75 4 84
75 5 48
75 6 38
75 7 71
75 8 6
75 9 70
75 10 30
75 11 98
75 12 97
75 13 32
75 14 50
75 15 84
75 16 33
75 17 2
75 18 91
75 19 24
75 20 15
75 21 56
75 22 3
75 23 42
75 24 37
75 25 4
75 26 8
75 27 61
75 28 33
75 29 32
75 30 72
75 31 46
75 32 15
75 33 36
75 34 28
75 35 48
75 36 87
75 37 93
75 38 35
75 39 77
75 40 19
75 41 62
75 42 34
75 43 50
75 44 5
75 45 33
75 46 99
75 47 39
75 48 47
75 49 64
75 50 13
75 51 72
75 52 69
75 53 11
75 54 36
75 55 20
75 56 60
75 57 46
75 58 44
75 59 76
75 60 25
75 61 54
75 62 71
75 63 7
75 64 69
75 65 17
75 66 73
75 67 67
75 68 36
75 69 22
75 70 79
75 71 59
75 72 75
75 73 68
75 74 67
75 75 43
75 76 35
75 77 19
75 78 26
75 79 48
75 80 24
75 81 65
75 82 52
75 83 70
75 84 55
75 85 52
75 86 54
75 87 13
75 88 52
75 89 9
75 90 87
75 91 27
75 92 51
75 93 64
75 94 26
75 95 55
75 96 76
75 97 50
75 98 35
75 99 44
75 100 30
76 1 64
76 2 29
76 3 5
76 4 1
76 5 95
76 6 86
76 7 40
76 8 49
76 9 93
76 10 94
76 11 74
76 12 89
76 13 19
76 14 20
76 15 90
76 16 5
76 17 83
76 18 94
76 19 41
76 20 17
76 21 8
76 22 84
76 23 87
76 24 93
76 25 49
76 26 63
76 27 60
76 28 59
76 29 23
76 30 30
76 31 53
76 32 18
76 33 77
76 34 91
76 35 95
76 36 35
76 37 62
76 38 23
76 39 15
76 40 70
76 41 5
76 42 74
76 43 66
76 44 37
76 45 99
76 46 32
76 47 43
76 48 94
76 49 22
76 50 52
76 51 64
76 52 77
76 53 2
76 54 19
76 55 45
76 56 28
76 57 35
76 58 54
76 59 41
76 60 94
76 61 63
76 62 27
76 63 42
76 64 14
76 65 84
76 66 8
76 67 82
76 68 97
76 69 5
76 70 20
76 71 2
76 72 66
76 73 11
76 74 4
76 75 39
76 76 31
76 77 30
76 78 94
76 79 12
76 80 70
76 81 91
76 82 87
76 83 85
76 84 98
76 85 23
76 86 1
76 87 40
76 88 18
76 89 26
76 90 87
76 91 49
76 92 25
76 93 94
76 94 56
76 95 9
76 96 58
76 97 84
76 98 19
76 99 19
76 100 29
77 1 99
77 2 20
77 3 6
77 4 4
77 5 96
77 6 48
77 7 8
77 8 49
77 9 88
77 10 33
77 11 58
77 12 6
77 13 96
77 14 80
77 15 65
77 16 35
77 17 59
77 18 55
77 19 85
77 20 45
77 21 38
77 22 13
77 23 11
77 24 89
77 25 100
77 26 60
77 27 34
77 28 23
77 29 42
77 30 52
77 31 81
77 32 52
77 33 39
77 34 64
77 35 7
77 36 52
77 37 82
77 38 9
77 39 57
77 40 74
77 41 57
77 42 86
77 43 54
77 44 40
77 45 87
77 46 88
77 47 26
77 48 69
77 49 26
77 50 94
77 51 63
77 52 22
77 53 45
77 54 63
77 55 54
77 56 22
77 57 89
77 58 59
77 59 48
77 60 60
77 61 40
77 62 81
77 63 96
77 64 11
77 65 59
77 66 18
77 67 98
77 68 69
77 69 65
77 70 36
77 71 55
77 72 61
77 73 27
77 74 39
77 75 56
77 76 26
77 77 8
77 78 58
77 79 100
77 80 3
77 81 43
77 82 37
77 83 45
77 84 14
77 85 61
77 86 91
77 87 30
77 88 33
77 89 41
77 90 13
77 91 21
77 92 12
77 93 96
77 94 5
77 95 39
77 96 6
77 97 36
77 98 94
77 99 45
77 100 95
78 1 73
78 2 38
78 3 24
78 4 80
78 5 59
78 6 36
78 7 56
78 8 4
78 9 15
78 10 24
78 11 46
78 12 67
78 13 90
78 14 32
78 15 79
78 16 43
78 17 63
78 18 46
78 19 29
78 20 37
78 21 55
78 22 80
78 23 5
78 24 72
78 25 52
78 26 1
78 27 33
78 28 22
78 29 69
78 30 28
78 31 83
78 32 35
78 33 56
78 34 79
78 35 89
78 36 78
78 37 28
78 38 46
78 39 18
78 40 40
78 41 36
78 42 48
78 43 53
78 44 39
78 45 46
78 46 83
78 47 97
78 48 68
78 49 14
78 50 46
78 51 69
78 52 62
78 53 1
78 54 62
78 55 80
78 56 35
78 57 50
78 58 94
78 59 96
78 60 62
78 61 44
78 62 53
78 63 3
78 64 16
78 65 98
78 66 37
78 67 99
78 68 46
78 69 30
78 70 66
78 71 17
78 72 28
78 73 39
78 74 55
78 75 30
78 76 33
78 77 35
78 78 35
78 79 90
78 80 23
78 81 3
78 82 52
78 83 70
78 84 41
78 85 19
78 86 53
78 87 53
78 88 17
78 89 10
78 90 67
78 91 46
78 92 79
78 93 7
78 94 31
78 95 58
78 96 83
78 97 100
78 98 14
78 99 11
78 100 48
79 1 90
79 2 80
79 3 42
79 4 41
79 5 89
79 6 78
79 7 3
79 8 18
79 9 95
79 10 13
79 11 65
79 12 73
79 13 15
79 14 33
79 15 84
79 16 35
79 17 95
79 18 31
79 19 74
79 20 40
79 21 60
79 22 2
79 23 10
79 24 87
79 25 22
79 26 89
79 27 15
79 28 31
79 29 49
79 30 38
79 31 50
79 32 62
79 33 72
79 34 100
79 35 94
79 36 78
79 37 75
79 38 44
79 39 79
79 40 16
79 41 17
79 42 60
79 43 25
79 44 81
79 45 28
79 46 59
79 47 48
79 48 52
79 49 85
79 50 10
79 51 28
79 52 45
79 53 29
79 54 27
79 55 72
79 56 40
79 57 24
79 58 65
79 59 26
79 60 73
79 61 53
79 62 17
79 63 23
79 64 7
79 65 75
79 66 80
79 67 62
79 68 67
79 69 90
79 70 30
79 71 76
79 72 51
79 73 14
79 74 8
79 75 88
79 76 65
79 77 83
79 78 50
79 79 42
79 80 63
79 81 4
79 82 71
79 83 21
79 84 55
79 85 57
79 86 52
79 87 58
79 88 87
79 89 42
79 90 39
79 91 79
79 92 99
79 93 39
79 94 84
79 95 36
79 96 23
79 97 35
79 98 59
79 99 56
79 100 59
80 1 87
80 2 39
80 3 99
80 4 25
80 5 20
80 6 10
80 7 56
80 8 89
80 9 45
80 10 15
80 11 47
80 12 81
80 13 90
80 14 59
80 15 29
80 16 61
80 17 6
80 18 68
80 19 53
80 20 6
80 21 57
80 22 83
80 23 51
80 24 99
80 25 23
80 26 57
80 27 81
80 28 39
80 29 85
80 30 6
80 31 96
80 32 42
80 33 36
80 34 73
80 35 35
80 36 52
80 37 96
80 38 62
80 39 61
80 40 78
80 41 82
80 42 47
80 43 56
80 44 8
80 45 94
80 46 69
80 47 86
80 48 7
80 49 46
80 50 79
80 51 46
80 52 1
80 53 35
80 54 19
80 55 81
80 56 54
80 57 71
80 58 7
80 59 44
80 60 11
80 61 100
80 62 83
80 63 39
80 64 32
80 65 69
80 66 75
80 67 89
80 68 11
80 69 59
80 70 51
80 71 63
80 72 65
80 73 2
80 74 35
80 75 34
80 76 89
80 77 50
80 78 45
80 79 84
80 80 79
80 81 15
80 82 42
80 83 28
80 84 21
80 85 18
80 86 80
80 87 48
80 88 94
80 89 26
80 90 67
80 91 46
80 92 27
80 93 100
80 94 39
80 95 53
80 96 25
80 97 50
80 98 8
80 99 90
80 100 74
81 1 51
81 2 84
81 3 90
81 4 91
81 5 87
81 6 5
81 7 98
81 8 31
81 9 70
81 10 47
81 11 85
81 12 75
81 13 39
81 14 27
81 15 27
81 16 73
81 17 49
81 18 90
81 19 44
81 20 49
81 21 97
81 22 57
81 23 63
81 24 8
81 25 60
81 26 47
81 27 59
81 28 43
81 29 78
81 30 63
81 31 7
81 32 45
81 33 13
81 34 76
81 35 87
81 36 6
81 37 21
81 38 83
81 39 16
81 40 65
81 41 93
81 42 17
81 43 65
81 44 65
81 45 48
81 46 47
81 47 42
81 48 62
81 49 86
81 50 32
81 51 21
81 52 88
81 53 35
81 54 8
81 55 21
81 56 60
81 57 46
81 58 16
81 59 14
81 60 82
81 61 48
81 62 27
81 63 31
81 64 50
81 65 7
81 66 60
81 67 47
81 68 80
81 69 72
81 70 68
81 71 46
81 72 82
81 73 38
81 74 19
81 75 22
81 76 85
81 77 88
81 78 29
81 79 11
81 80 37
81 81 91
81 82 12
81 83 72
81 84 50
81 85 53
81 86 73
81 87 69
81 88 82
81 89 56
81 90 37
81 91 38
81 92 10
81 93 47
81 94 50
81 95 82
81 96 76
81 97 7
81 98 75
81 99 32
81 100 83
82 1 88
82 2 79
82 3 35
82 4 69
82 5 21
82 6 92
82 7 73
82 8 37
82 9 51
82 10 86
82 11 53
82 12 8
82 13 30
82 14 7
82 15 60
82 16 82
82 17 1
82 18 53
82 19 88
82 20 54
82 21 23
82 22 20
82 23 10
82 24 39
82 25 26
82 26 9
82 27 73
82 28 65
82 29 74
82 30 16
82 31 26
82 32 55
82 33 79
82 34 40
82 35 16
82 36 42
82 37 65
82 38 29
82 39 60
82 40 51
82 41 12
82 42 83
82 43 76
82 44 56
82 45 33
82 46 27
82 47 32
82 48 11
82 49 52
82 50 29
82 51 26
82 52 93
82 53 19
82 54 50
82 55 26
82 56 79
82 57 90
82 58 41
82 59 86
82 60 53
82 61 57
82 62 8
82 63 55
82 64 85
82 65 99
82 66 63
82 67 70
82 68 40
82 69 73
82 70 88
82 71 99
82 72 7
82 73 20
82 74 72
82 75 62
82 76 78
82 77 16
82 78 25
82 79 58
82 80 37
82 81 97
82 82 61
82 83 22
82 84 94
82 85 12
82 86 91
82 87 95
82 88 40
82 89 55
82 90 57
82 91 80
82 92 78
82 93 93
82 94 40
82 95 90
82 96 23
82 97 3
82 98 60
82 99 26
82 100 21
83 1 10
83 2 26
83 3 21
83 4 81
83 5 8
83 6 52
83 7 9
83 8 89
83 9 33
83 10 3
83 11 69
83 12 50
83 13 15
83 14 92
83 15 24
83 16 64
83 17 68
83 18 83
83 19 100
83 20 88
83 21 53
83 22 8
83 23 16
83 24 29
83 25 75
83 26 37
83 27 97
83 28 61
83 29 23
83 30 38
83 31 7
83 32 75
83 33 86
83 34 90
83 35 37
83 36 95
83 37 57
83 38 26
83 39 95
83 40 83
83 41 97
83 42 97
83 43 94
83 44 82
83 45 52
83 46 8
83 47 89
83 48 73
83 49 35
83 50 10
83 51 93
83 52 93
83 53 93
83 54 12
83 55 69
83 56 11
83 57 59
83 58 35
83 59 55
83 60 37
83 61 49
83 62 71
83 63 87
83 64 58
83 65 20
83 66 78
83 67 49
83 68 75
83 69 48
83 70 83
83 71 27
83 72 7
83 73 78
83 74 93
83 75 75
83 76 5
83 77 2
83 78 3
83 79 65
83 80 68
83 81 84
83 82 86
83 83 69
83 84 46
83 85 32
83 86 62
83 87 57
83 88 41
83 89 54
83 90 66
83 91 46
83 92 66
83 93 43
83 94 32
83 95 90
83 96 90
83 97 88
83 98 65
83 99 44
83 100 25
84 1 20
84 2 33
84 3 14
84 4 67
84 5 3
84 6 29
84 7 83
84 8 16
84 9 64
84 10 70
84 11 73
84 12 34
84 13 9
84 14 25
84 15 95
84 16 78
84 17 21
84 18 40
84 19 8
84 20 21
84 21 37
84 22 20
84 23 7
84 24 35
84 25 67
84 26 10
84 27 20
84 28 87
84 29 12
84 30 2
84 31 93
84 32 61
84 33 86
84 34 71
84 35 54
84 36 59
84 37 65
84 38 36
84 39 48
84 40 93
84 41 78
84 42 52
84 43 54
84 44 8
84 45 82
84 46 77
84 47 78
84 48 82
84 49 4
84 50 41
84 51 47
84 52 56
84 53 38
84 54 67
84 55 21
84 56 95
84 57 74
84 58 51
84 59 14
84 60 36
84 61 35
84 62 83
84 63 28
84 64 76
84 65 4
84 66 23
84 67 67
84 68 5
84 69 9
84 70 19
84 71 44
84 72 32
84 73 38
84 74 37
84 75 79
84 76 7
84 77 86
84 78 80
84 79 66
84 80 9
84 81 19
84 82 67
84 83 19
84 84 18
84 85 12
84 86 57
84 87 66
84 88 14
84 89 61
84 90 76
84 91 46
84 92 83
84 93 94
84 94 79
84 95 34
84 96 56
84 97 63
84 98 2
84 99 71
84 100 93
85 1 13
85 2 1
85 3 82
85 4 98
85 5 66
85 6 77
85 7 1
85 8 97
85 9 90
85 10 1
85 11 66
85 12 35
85 13 50
85 14 65
85 15 1
85 16 60
85 17 76
85 18 49
85 19 67
85 20 27
85 21 11
85 22 100
85 23 63
85 24 48
85 25 3
85 26 43
85 27 56
85 28 96
85 29 84
85 30 82
85 31 5
85 32 18
85 33 71
85 34 94
85 35 75
85 36 60
85 37 2
85 38 30
85 39 70
85 40 84
85 41 25
85 42 22
85 43 46
85 44 71
85 45 72
85 46 36
85 47 62
85 48 36
85 49 41
85 50 55
85 51 57
85 52 20
85 53 31
85 54 75
85 55 29
85 56 8
85 57 59
85 58 13
85 59 88
85 60 80
85 61 58
85 62 20
85 63 78
85 64 70
85 65 12
85 66 75
85 67 25
85 68 31
85 69 98
85 70 76
85 71 20
85 72 78
85 73 71
85 74 56
85 75 90
85 76 82
85 77 38
85 78 40
85 79 57
85 80 96
85 81 16
85 82 83
85 83 7
85 84 11
85 85 29
85 86 66
85 87 90
85 88 28
85 89 7
85 90 41
85 91 81
85 92 20
85 93 49
85 94 19
85 95 77
85 96 97
85 97 77
85 98 40
85 99 29
85 100 59
86 1 58
86 2 55
86 3 95
86 4 100
86 5 73
86 6 65
86 7 63
86 8 83
86 9 3
86 10 71
86 11 52
86 12 59
86 13 93
86 14 23
86 15 54
86 16 47
86 17 71
86 18 90
86 19 90
86 20 3
86 21 99
86 22 12
86 23 50
86 24 59
86 25 12
86 26 50
86 27 58
86 28 56
86 29 4
86 30 19
86 31 79
86 32 30
86 33 59
86 34 33
86 35 12
86 36 55
86 37 22
86 38 83
86 39 26
86 40 76
86 41 10
86 42 31
86 43 66
86 44 58
86 45 12
86 46 18
86 47 78
86 48 48
86 49 90
86 50 14
86 51 10
86 52 12
86 53 97
86 54 40
86 55 87
86 56 61
86 57 72
86 58 58
86 59 23
86 60 57
86 61 57
86 62 82
86 63 42
86 64 12
86 65 98
86 66 1
86 67 88
86 68 66
86 69 2
86 70 34
86 71 92
86 72 15
86 73 85
86 74 43
86 75 95
86 76 84
86 77 33
86 78 49
86 79 18
86 80 53
86 81 74
86 82 99
86 83 57
86 84 10
86 85 72
86 86 75
86 87 53
86 88 33
86 89 22
86 90 87
86 91 61
86 92 61
86 93 61
86 94 74
86 95 10
86 96 26
86 97 66
86 98 33
86 99 39
86 100 50
87 1 90
87 2 100
87 3 27
87 4 36
87 5 49
87 6 72
87 7 100
87 8 81
87 9 9
87 10 65
87 11 30
87 12 97
87 13 38
87 14 40
87 15 28
87 16 64
87 17 99
87 18 51
87 19 33
87 20 98
87 21 94
87 22 88
87 23 4
87 24 70
87 25 55
87 26 3
87 27 8
87 28 58
87 29 91
87 30 52
87 31 35
87 32 35
87 33 21
87 34 60
87 35 99
87 36 38
87 37 14
87 38 40
87 39 63
87 40 10
87 41 47
87 42 78
87 43 3
87 44 64
87 45 53
87 46 96
87 47 17
87 48 48
87 49 54
87 50 21
87 51 7
87 52 43
87 53 33
87 54 95
87 55 32
87 56 17
87 57 60
87 58 18
87 59 5
87 60 97
87 61 42
87 62 8
87 63 43
87 64 17
87 65 96
87 66 44
87 67 20
87 68 23
87 69 86
87 70 3
87 71 12
87 72 26
87 73 42
87 74 86
87 75 91
87 76 4
87 77 44
87 78 80
87 79 13
87 80 77
87 81 14
87 82 91
87 83 18
87 84 23
87 85 20
87 86 93
87 87 37
87 88 66
87 89 58
87 90 89
87 91 40
87 92 45
87 93 88
87 94 96
87 95 95
87 96 29
87 97 91
87 98 55
87 99 41
87 100 17
88 1 17
88 2 88
88 3 72
88 4 83
88 5 4
88 6 29
88 7 21
88 8 11
88 9 23
88 10 60
88 11 69
88 12 50
88 13 86
88 14 78
88 15 44
88 16 83
88 17 94
88 18 65
88 19 21
88 20 53
88 21 66
88 22 65
88 23 50
88 24 52
88 25 81
88 26 24
88 27 73
88 28 65
88 29 68
88 30 71
88 31 67
88 32 28
88 33 15
88 34 56
88 35 67
88 36 32
88 37 8
88 38 9
88 39 39
88 40 16
88 41 39
88 42 92
88 43 45
88 44 43
88 45 93
88 46 100
88 47 66
88 48 9
88 49 25
88 50 55
88 51 93
88 52 97
88 53 36
88 54 25
88 55 97
88 56 30
88 57 93
88 58 63
88 59 97
88 60 87
88 61 71
88 62 93
88 63 64
88 64 72
88 65 5
88 66 70
88 67 81
88 68 73
88 69 77
88 70 93
88 71 41
88 72 70
88 73 74
88 74 67
88 75 49
88 76 31
88 77 81
88 78 94
88 79 4
88 80 2
88 81 42
88 82 54
88 83 52
88 84 53
88 85 6
88 86 13
88 87 7
88 88 1
88 89 89
88 90 54
88 91 97
88 92 91
88 93 67
88 94 73
88 95 47
88 96 43
88 97 23
88 98 96
88 99 68
88 100 18
89 1 59
89 2 49
89 3 15
89 4 78
89 5 8
89 6 93
89 7 73
89 8 7
89 9 13
89 10 79
89 11 25
89 12 76
89 13 48
89 14 21
89 15 31
89 16 7
89 17 97
89 18 70
89 19 21
89 20 64
89 21 77
89 22 57
89 23 95
89 24 42
89 25 94
89 26 7
89 27 88
89 28 66
89 29 94
89 30 35
89 31 23
89 32 97
89 33 76
89 34 90
89 35 51
89 36 81
89 37 16
89 38 47
89 39 72
89 40 34
89 41 67
89 42 85
89 43 76
89 44 66
89 45 88
89 46 100
89 47 95
89 48 19
89 49 58
89 50 73
89 51 24
89 52 46
89 53 68
89 54 57
89 55 50
89 56 33
89 57 26
89 58 24
89 59 76
89 60 11
89 61 94
89 62 80
89 63 45
89 64 22
89 65 72
89 66 44
89 67 21
89 68 44
89 69 34
89 70 31
89 71 7
89 72 51
89 73 19
89 74 62
89 75 64
89 76 12
89 77 1
89 78 9
89 79 25
89 80 100
89 81 15
89 82 24
89 83 19
89 84 100
89 85 67
89 86 56
89 87 83
89 88 64
89 89 48
89 90 43
89 91 16
89 92 27
89 93 70
89 94 24
89 95 83
89 96 29
89 97 85
89 98 9
89 99 52
89 100 57
90 1 90
90 2 13
90 3 85
90 4 28
90 5 7
90 6 96
90 7 27
90 8 98
90 9 31
90 10 50
90 11 100
90 12 93
90 13 15
90 14 67
90 15 63
90 16 57
90 17 55
90 18 28
90 19 86
90 20 84
90 21 37
90 22 15
90 23 70
90 24 58
90 25 15
90 26 35
90 27 68
90 28 42
90 29 4
90 30 5
90 31 26
90 32 77
90 33 44
90 34 31
90 35 93
90 36 54
90 37 94
90 38 37
90 39 52
90 40 12
90 41 59
90 42 83
90 43 93
90 44 38
90 45 57
90 46 75
90 47 17
90 48 1
90 49 12
90 50 66
90 51 32
90 52 91
90 53 71
90 54 26
90 55 51
90 56 82
90 57 19
90 58 32
90 59 77
90 60 22
90 61 3
90 62 85
90 63 69
90 64 100
90 65 15
90 66 18
90 67 63
90 68 58
90 69 93
90 70 87
90 71 74
90 72 2
90 73 81
90 74 35
90 75 38
90 76 87
90 77 11
90 78 80
90 79 9
90 80 66
90 81 38
90 82 77
90 83 39
90 84 81
90 85 68
90 86 53
90 87 23
90 88 89
90 89 42
90 90 6
90 91 87
90 92 12
90 93 79
90 94 79
90 95 68
90 96 35
90 97 73
90 98 66
90 99 45
90 100 82
91 1 59
91 2 23
91 3 93
91 4 100
91 5 6
91 6 28
91 7 72
91 8 63
91 9 1
91 10 6
91 11 84
91 12 87
91 13 79
91 14 63
91 15 81
91 16 67
91 17 57
91 18 100
91 19 51
91 20 1
91 21 20
91 22 71
91 23 34
91 24 89
91 25 63
91 26 18
91 27 91
91 28 20
91 29 27
91 30 26
91 31 68
91 32 35
91 33 76
91 34 89
91 35 6
91 36 61
91 37 14
91 38 21
91 39 48
91 40 70
91 41 96
91 42 71
91 43 92
91 44 23
91 45 91
91 46 39
91 47 2
91 48 77
91 49 82
91 50 43
91 51 15
91 52 43
91 53 38
91 54 50
91 55 25
91 56 53
91 57 89
91 58 51
91 59 30
91 60 1
91 61 11
91 62 9
91 63 40
91 64 52
91 65 61
91 66 69
91 67 36
91 68 92
91 69 4
91 70 97
91 71 96
91 72 19
91 73 70
91 74 93
91 75 19
91 76 7
91 77 61
91 78 58
91 79 30
91 80 36
91 81 57
91 82 4
91 83 45
91 84 55
91 85 81
91 86 33
91 87 35
91 88 75
91 89 40
91 90 40
91 91 99
91 92 50
91 93 81
91 94 7
91 95 81
91 96 61
91 97 30
91 98 37
91 99 6
91 100 75
92 1 84
92 2 22
92 3 18
92 4 38
92 5 93
92 6 11
92 7 16
92 8 17
92 9 27
92 10 49
92 11 8
92 12 88
92 13 87
92 14 9
92 15 87
92 16 91
92 17 22
92 18 96
92 19 21
92 20 57
92 21 3
92 22 56
92 23 64
92 24 24
92 25 3
92 26 73
92 27 49
92 28 95
92 29 89
92 30 23
92 31 4
92 32 67
92 33 39
92 34 85
92 35 48
92 36 91
92 37 32
92 38 47
92 39 26
92 40 74
92 41 100
92 42 25
92 43 6
92 44 15
92 45 29
92 46 66
92 47 55
92 48 89
92 49 79
92 50 74
92 51 99
92 52 43
92 53 34
92 54 6
92 55 35
92 56 18
92 57 27
92 58 81
92 59 92
92 60 47
92 61 96
92 62 15
92 63 6
92 64 51
92 65 100
92 66 26
92 67 48
92 68 35
92 69 23
92 70 46
92 71 9
92 72 1
92 73 83
92 74 79
92 75 96
92 76 98
92 77 38
92 78 23
92 79 22
92 80 39
92 81 23
92 82 19
92 83 12
92 84 78
92 85 100
92 86 70
92 87 13
92 88 99
92 89 43
92 90 81
92 91 90
92 92 59
92 93 91
92 94 21
92 95 96
92 96 27
92 97 75
92 98 28
92 99 68
92 100 21
93 1 70
93 2 21
93 3 6
93 4 5
93 5 48
93 6 85
93 7 60
93 8 66
93 9 76
93 10 60
93 11 52
93 12 7
93 13 32
93 14 5
93 15 74
93 16 11
93 17 50
93 18 57
93 19 14
93 20 38
93 21 48
93 22 38
93 23 62
93 24 1
93 25 5
93 26 99
93 27 23
93 28 29
93 29 22
93 30 46
93 31 66
93 32 42
93 33 45
93 34 96
93 35 49
93 36 16
93 37 47
93 38 92
93 39 8
93 40 51
93 41 52
93 42 79
93 43 90
93 44 96
93 45 43
93 46 76
93 47 10
93 48 93
93 49 69
93 50 59
93 51 60
93 52 30
93 53 50
93 54 46
93 55 36
93 56 19
93 57 16
93 58 10
93 59 50
93 60 54
93 61 2
93 62 3
93 63 40
93 64 16
93 65 89
93 66 98
93 67 52
93 68 14
93 69 7
93 70 6
93 71 44
93 72 27
93 73 96
93 74 20
93 75 63
93 76 86
93 77 40
93 78 33
93 79 38
93 80 45
93 81 32
93 82 72
93 83 5
93 84 89
93 85 82
93 86 21
93 87 39
93 88 23
93 89 27
93 90 12
93 91 79
93 92 39
93 93 7
93 94 57
93 95 81
93 96 55
93 97 97
93 98 27
93 99 17
93 100 52
94 1 83
94 2 46
94 3 77
94 4 45
94 5 4
94 6 64
94 7 45
94 8 52
94 9 69
94 10 57
94 11 49
94 12 92
94 13 63
94 14 61
94 15 97
94 16 67
94 17 13
94 18 83
94 19 93
94 20 45
94 21 100
94 22 5
94 23 82
94 24 92
94 25 51
94 26 4
94 27 44
94 28 71
94 29 10
94 30 13
94 31 80
94 32 37
94 33 47
94 34 58
94 35 76
94 36 3
94 37 11
94 38 63
94 39 19
94 40 71
94 41 96
94 42 10
94 43 25
94 44 18
94 45 22
94 46 100
94 47 7
94 48 82
94 49 42
94 50 17
94 51 19
94 52 76
94 53 66
94 54 12
94 55 36
94 56 49
94 57 28
94 58 2
94 59 89
94 60 78
94 61 49
94 62 94
94 63 62
94 64 91
94 65 72
94 66 99
94 67 89
94 68 18
94 69 82
94 70 25
94 71 33
94 72 28
94 73 79
94 74 19
94 75 68
94 76 21
94 77 49
94 78 14
94 79 11
94 80 76
94 81 83
94 82 8
94 83 10
94 84 66
94 85 97
94 86 83
94 87 73
94 88 20
94 89 3
94 90 71
94 91 50
94 92 49
94 93 78
94 94 55
94 95 4
94 96 74
94 97 92
94 98 23
94 99 67
94 100 25
95 1 9
95 2 46
95 3 48
95 4 15
95 5 94
95 6 75
95 7 46
95 8 61
95 9 1
95 10 40
95 11 51
95 12 36
95 13 89
95 14 19
95 15 39
95 16 39
95 17 35
95 18 33
95 19 50
95 20 90
95 21 36
95 22 93
95 23 18
95 24 28
95 25 65
95 26 85
95 27 18
95 28 90
95 29 37
95 30 32
95 31 43
95 32 23
95 33 73
95 34 84
95 35 63
95 36 86
95 37 100
95 38 58
95 39 42
95 40 36
95 41 77
95 42 45
95 43 96
95 44 32
95 45 66
95 46 53
95 47 7
95 48 24
95 49 59
95 50 27
95 51 57
95 52 13
95 53 97
95 54 20
95 55 89
95 56 19
95 57 93
95 58 95
95 59 77
95 60 27
95 61 4
95 62 59
95 63 100
95 64 74
95 65 83
95 66 22
95 67 30
95 68 59
95 69 7
95 70 91
95 71 69
95 72 89
95 73 46
95 74 35
95 75 49
95 76 15
95 77 6
95 78 61
95 79 65
95 80 17
95 81 41
95 82 13
95 83 85
95 84 42
95 85 48
95 86 43
95 87 52
95 88 13
95 89 85
95 90 94
95 91 74
95 92 9
95 93 71
95 94 60
95 95 45
95 96 51
95 97 49
95 98 88
95 99 49
95 100 47
96 1 6
96 2 70
96 3 85
96 4 5
96 5 17
96 6 61
96 7 8
96 8 33
96 9 59
96 10 20
96 11 45
96 12 67
96 13 74
96 14 8
96 15 25
96 16 5
96 17 36
96 18 81
96 19 19
96 20 39
96 21 25
96 22 11
96 23 32
96 24 37
96 25 28
96 26 58
96 27 11
96 28 98
96 29 100
96 30 69
96 31 56
96 32 23
96 33 3
96 34 48
96 35 80
96 36 41
96 37 80
96 38 88
96 39 7
96 40 82
96 41 12
96 42 3
96 43 5
96 44 62
96 45 3
96 46 4
96 47 42
96 48 77
96 49 2
96 50 51
96 51 87
96 52 59
96 53 21
96 54 80
96 55 65
96 56 43
96 57 72
96 58 88
96 59 85
96 60 77
96 61 66
96 62 57
96 63 22
96 64 41
96 65 12
96 66 56
96 67 69
96 68 1
96 69 78
96 70 62
96 71 2
96 72 15
96 73 90
96 74 58
96 75 84
96 76 71
96 77 17
96 78 8
96 79 19
96 80 91
96 81 84
96 82 83
96 83 58
96 84 4
96 85 82
96 86 33
96 87 46
96 88 87
96 89 87
96 90 9
96 91 40
96 92 87
96 93 59
96 94 83
96 95 54
96 96 55
96 97 47
96 98 50
96 99 13
96 100 48
97 1 4
97 2 34
97 3 67
97 4 25
97 5 6
97 6 17
97 7 24
97 8 69
97 9 48
97 10 16
97 11 9
97 12 43
97 13 68
97 14 16
97 15 20
97 16 61
97 17 83
97 18 77
97 19 33
97 20 11
97 21 30
97 22 76
97 23 67
97 24 78
97 25 12
97 26 82
97 27 14
97 28 64
97 29 66
97 30 33
97 31 1
97 32 33
97 33 36
97 34 72
97 35 78
97 36 85
97 37 23
97 38 84
97 39 49
97 40 28
97 41 54
97 42 28
97 43 96
97 44 83
97 45 63
97 46 47
97 47 40
97 48 51
97 49 90
97 50 38
97 51 78
97 52 65
97 53 40
97 54 63
97 55 42
97 56 60
97 57 1
97 58 37
97 59 100
97 60 4
97 61 26
97 62 47
97 63 4
97 64 51
97 65 92
97 66 69
97 67 87
97 68 28
97 69 62
97 70 35
97 71 6
97 72 4
97 73 78
97 74 46
97 75 20
97 76 76
97 77 26
97 78 64
97 79 43
97 80 68
97 81 97
97 82 22
97 83 50
97 84 80
97 85 85
97 86 84
97 87 21
97 88 16
97 89 78
97 90 35
97 91 42
97 92 44
97 93 38
97 94 24
97 95 65
97 96 1
97 97 44
97 98 77
97 99 70
97 100 5
98 1 21
98 2 36
98 3 71
98 4 39
98 5 98
98 6 18
98 7 96
98 8 51
98 9 90
98 10 3
98 11 18
98 12 75
98 13 85
98 14 2
98 15 68
98 16 9
98 17 22
98 18 53
98 19 62
98 20 37
98 21 18
98 22 66
98 23 70
98 24 54
98 25 53
98 26 95
98 27 77
98 28 49
98 29 92
98 30 36
98 31 66
98 32 96
98 33 69
98 34 92
98 35 73
98 36 70
98 37 73
98 38 6
98 39 55
98 40 92
98 41 55
98 42 96
98 43 22
98 44 19
98 45 43
98 46 15
98 47 6
98 48 20
98 49 12
98 50 31
98 51 15
98 52 56
98 53 51
98 54 22
98 55 69
98 56 28
98 57 14
98 58 85
98 59 66
98 60 86
98 61 1
98 62 25
98 63 5
98 64 15
98 65 23
98 66 63
98 67 90
98 68 83
98 69 73
98 70 86
98 71 14
98 72 35
98 73 68
98 74 95
98 75 27
98 76 50
98 77 40
98 78 64
98 79 99
98 80 74
98 81 65
98 82 26
98 83 23
98 84 98
98 85 26
98 86 58
98 87 18
98 88 17
98 89 84
98 90 10
98 91 40
98 92 29
98 93 82
98 94 52
98 95 17
98 96 6
98 97 58
98 98 18
98 99 69
98 100 45
99 1 37
99 2 25
99 3 44
99 4 38
99 5 96
99 6 95
99 7 81
99 8 1
99 9 6
99 10 12
99 11 97
99 12 37
99 13 34
99 14 32
99 15 28
99 16 67
99 17 34
99 18 19
99 19 87
99 20 18
99 21 22
99 22 82
99 23 93
99 24 91
99 25 2
99 26 67
99 27 94
99 28 45
99 29 32
99 30 70
99 31 39
99 32 5
99 33 54
99 34 36
99 35 66
99 36 90
99 37 28
99 38 4
99 39 27
99 40 69
99 41 55
99 42 7
99 43 39
99 44 43
99 45 26
99 46 77
99 47 89
99 48 100
99 49 51
99 50 94
99 51 30
99 52 58
99 53 94
99 54 70
99 55 18
99 56 71
99 57 57
99 58 14
99 59 85
99 60 12
99 61 17
99 62 4
99 63 86
99 64 34
99 65 26
99 66 31
99 67 48
99 68 51
99 69 98
99 70 49
99 71 74
99 72 66
99 73 100
99 74 9
99 75 38
99 76 22
99 77 27
99 78 58
99 79 8
99 80 23
99 81 60
99 82 5
99 83 71
99 84 44
99 85 56
99 86 80
99 87 32
99 88 70
99 89 55
99 90 95
99 91 80
99 92 36
99 93 34
99 94 25
99 95 92
99 96 9
99 97 98
99 98 31
99 99 100
99 100 84
100 1 3
100 2 83
100 3 86
100 4 23
100 5 95
100 6 19
100 7 26
100 8 91
100 9 87
100 10 56
100 11 4
100 12 48
100 13 1
100 14 86
100 15 72
100 16 6
100 17 88
100 18 2
100 19 38
100 20 30
100 21 46
100 22 98
100 23 17
100 24 32
100 25 25
100 26 14
100 27 79
100 28 20
100 29 24
100 30 89
100 31 39
100 32 83
100 33 70
100 34 65
100 35 14
100 36 46
100 37 86
100 38 33
100 39 46
100 40 80
100 41 53
100 42 16
100 43 67
100 44 36
100 45 89
100 46 12
100 47 1
100 48 26
100 49 58
100 50 6
100 51 95
100 52 22
100 53 48
100 54 15
100 55 98
100 56 10
100 57 4
100 58 60
100 59 95
100 60 73
100 61 2
100 62 7
100 63 22
100 64 58
100 65 20
100 66 70
100 67 90
100 68 93
100 69 49
100 70 95
100 71 74
100 72 12
100 73 84
100 74 48
100 75 83
100 76 42
100 77 42
100 78 60
100 79 48
100 80 96
100 81 2
100 82 15
100 83 30
100 84 7
100 85 7
100 86 50
100 87 100
100 88 69
100 89 55
100 90 54
100 91 4
100 92 37
100 93 61
100 94 94
100 95 30
100 96 59
100 97 77
100 98 86
100 99 24
100 100 52
