2 32
2 73
3 67
3 40
3 13
3 78
3 90
3 92
4 65
4 98
4 41
4 12
4 46
4 20
4 28
5 32
5 41
5 77
6 57
6 66
7 25
7 76
7 41
8 64
8 96
8 6
8 57
8 31
9 24
9 59
9 38
9 47
10 42
10 76
10 16
10 24
10 90
10 91
11 96
11 39
11 41
11 42
11 13
11 50
11 20
11 25
11 58
11 29
12 87
12 6
12 15
13 2
13 72
13 43
13 47
13 80
13 51
13 57
13 58
14 56
14 73
14 52
14 46
15 50
15 19
16 7
16 75
16 11
16 84
16 89
16 62
16 95
17 32
17 1
17 3
17 99
17 56
18 73
18 57
18 80
19 66
19 59
19 4
20 33
20 18
20 20
20 61
21 97
21 98
21 14
22 40
22 89
22 93
22 39
23 41
23 92
24 99
24 37
24 17
24 88
24 63
25 54
26 7
26 40
26 73
26 77
26 83
26 58
27 32
27 98
27 7
27 9
27 74
27 15
27 50
27 62
28 88
28 58
29 81
29 27
30 48
31 8
31 6
33 38
33 7
33 70
33 75
33 14
33 47
33 79
33 49
33 21
33 27
33 63
34 61
34 53
34 47
34 15
35 16
35 74
35 75
36 36
36 5
36 83
36 21
36 22
37 33
37 98
37 4
37 72
37 55
38 28
38 52
39 1
39 3
39 11
39 12
39 47
39 18
39 50
40 75
40 45
40 46
40 19
40 21
40 25
41 43
41 49
41 50
41 83
41 88
42 96
42 100
42 68
42 7
43 2
43 37
43 71
43 21
43 61
44 24
44 97
44 45
45 70
45 79
45 16
45 80
45 81
45 63
46 67
46 5
46 82
46 50
46 25
47 33
47 94
47 47
48 9
48 70
49 2
49 20
49 30
49 23
50 97
50 2
50 26
50 86
51 59
51 20
51 23
52 69
52 5
52 44
52 13
52 56
52 90
53 42
53 17
53 19
53 93
53 95
54 11
54 80
54 89
54 59
54 60
55 72
55 20
55 55
56 17
56 49
56 84
56 56
56 89
56 28
57 73
57 50
57 84
57 77
58 64
58 69
58 46
58 19
58 93
59 35
59 76
59 46
59 58
59 28
60 30
61 4
61 45
61 81
61 82
61 51
62 64
62 34
62 84
62 23
62 27
62 60
63 73
63 77
64 97
64 68
64 14
65 99
65 58
65 69
65 8
65 40
65 84
65 26
66 4
66 15
66 17
66 21
66 54
67 79
68 48
68 89
68 34
68 20
69 98
69 69
69 42
69 83
69 21
70 70
70 47
70 84
70 54
70 91
70 29
71 89
71 59
71 5
74 4
74 40
74 19
74 87
74 29
75 17
75 22
75 25
76 4
76 71
76 74
76 53
76 86
77 80
77 4
78 8
78 81
78 53
78 26
78 63
79 81
79 22
79 7
80 73
80 52
82 17
82 97
83 10
83 77
83 78
84 65
84 98
84 5
84 49
84 30
85 2
85 37
85 7
85 10
85 15
85 25
86 66
86 69
86 9
86 20
86 29
87 70
87 43
87 76
87 23
87 26
88 80
88 88
88 5
88 79
89 77
90 48
90 72
90 61
90 29
91 69
91 9
91 47
91 82
91 20
91 60
92 72
92 25
92 21
92 31
93 24
93 61
93 62
94 58
94 36
94 5
94 89
94 26
94 95
95 9
95 61
96 33
96 68
96 71
96 42
96 45
96 46
96 49
96 84
97 96
97 1
97 72
97 31
97 57
97 60
97 63
98 10
98 61
98 14
99 8
99 25
99 38
99 62
100 1
100 11
100 13
100 47
100 81
100 18
100 57
100 91
100 61
