1 1 -1
1 2 17
1 3 19
1 4 5
1 5 17
1 6 10
1 7 25
1 8 11
1 9 6
1 10 23
1 11 20
1 12 5
1 13 18
1 14 2
1 15 1
1 16 16
1 17 15
1 18 21
1 19 15
1 20 26
1 21 22
1 22 25
1 23 3
1 24 23
1 25 13
2 1 17
2 2 -1
2 3 21
2 4 12
2 5 26
2 6 16
2 7 9
2 8 6
2 9 12
2 10 17
2 11 10
2 12 13
2 13 20
2 14 16
2 15 17
2 16 5
2 17 21
2 18 17
2 19 12
2 20 25
2 21 10
2 22 9
2 23 18
2 24 8
2 25 5
3 1 19
3 2 21
3 3 -1
3 4 17
3 5 9
3 6 9
3 7 21
3 8 17
3 9 15
3 10 9
3 11 12
3 12 16
3 13 1
3 14 16
3 15 18
3 16 16
3 17 5
3 18 6
3 19 9
3 20 7
3 21 15
3 22 21
3 23 17
3 24 19
3 25 17
4 1 5
4 2 12
4 3 17
4 4 -1
4 5 18
4 6 8
4 7 20
4 8 6
4 9 2
4 10 19
4 11 15
4 12 1
4 13 16
4 14 4
4 15 4
4 16 11
4 17 14
4 18 17
4 19 11
4 20 24
4 21 17
4 22 20
4 23 6
4 24 18
4 25 8
5 1 17
5 2 26
5 3 9
5 4 18
5 5 -1
5 6 10
5 7 29
5 8 20
5 9 16
5 10 18
5 11 20
5 12 17
5 13 8
5 14 15
5 15 16
5 16 21
5 17 5
5 18 15
5 19 15
5 20 15
5 21 23
5 22 29
5 23 14
5 24 26
5 25 21
6 1 10
6 2 16
6 3 9
6 4 8
6 5 10
6 6 -1
6 7 20
6 8 10
6 9 6
6 10 14
6 11 12
6 12 7
6 13 7
6 14 7
6 15 9
6 16 12
6 17 6
6 18 11
6 19 7
6 20 16
6 21 15
6 22 20
6 23 8
6 24 18
6 25 11
7 1 25
7 2 9
7 3 21
7 4 20
7 5 29
7 6 20
7 7 -1
7 8 14
7 9 19
7 10 13
7 11 8
7 12 20
7 13 20
7 14 23
7 15 24
7 16 9
7 17 23
7 18 15
7 19 13
7 20 22
7 21 5
7 22 1
7 23 25
7 24 2
7 25 12
8 1 11
8 2 6
8 3 17
8 4 6
8 5 20
8 6 10
8 7 14
8 8 -1
8 9 6
8 10 16
8 11 10
8 12 6
8 13 16
8 14 10
8 15 10
8 16 5
8 17 16
8 18 15
8 19 8
8 20 22
8 21 11
8 22 14
8 23 12
8 24 12
8 25 2
9 1 6
9 2 12
9 3 15
9 4 2
9 5 16
9 6 6
9 7 19
9 8 6
9 9 -1
9 10 17
9 11 14
9 12 1
9 13 13
9 14 4
9 15 5
9 16 10
9 17 12
9 18 15
9 19 9
9 20 22
9 21 16
9 22 19
9 23 6
9 24 17
9 25 8
10 1 23
10 2 17
10 3 9
10 4 19
10 5 18
10 6 14
10 7 13
10 8 16
10 9 17
10 10 -1
10 11 6
10 12 19
10 13 9
10 14 21
10 15 22
10 16 12
10 17 13
10 18 3
10 19 8
10 20 9
10 21 8
10 22 14
10 23 22
10 24 12
10 25 15
11 1 20
11 2 10
11 3 12
11 4 15
11 5 20
11 6 12
11 7 8
11 8 10
11 9 14
11 10 6
11 11 -1
11 12 15
11 13 12
11 14 18
11 15 19
11 16 6
11 17 14
11 18 7
11 19 5
11 20 15
11 21 2
11 22 9
11 23 20
11 24 6
11 25 9
12 1 5
12 2 13
12 3 16
12 4 1
12 5 17
12 6 7
12 7 20
12 8 6
12 9 1
12 10 19
12 11 15
12 12 -1
12 13 15
12 14 3
12 15 4
12 16 11
12 17 13
12 18 17
12 19 11
12 20 23
12 21 17
12 22 20
12 23 5
12 24 18
12 25 8
13 1 18
13 2 20
13 3 1
13 4 16
13 5 8
13 6 7
13 7 20
13 8 16
13 9 13
13 10 9
13 11 12
13 12 15
13 13 -1
13 14 15
13 15 16
13 16 15
13 17 4
13 18 6
13 19 8
13 20 8
13 21 15
13 22 21
13 23 16
13 24 18
13 25 16
14 1 2
14 2 16
14 3 16
14 4 4
14 5 15
14 6 7
14 7 23
14 8 10
14 9 4
14 10 21
14 11 18
14 12 3
14 13 15
14 14 -1
14 15 1
14 16 14
14 17 13
14 18 18
14 19 13
14 20 24
14 21 20
14 22 24
14 23 2
14 24 21
14 25 12
15 1 1
15 2 17
15 3 18
15 4 4
15 5 16
15 6 9
15 7 24
15 8 10
15 9 5
15 10 22
15 11 19
15 12 4
15 13 16
15 14 1
15 15 -1
15 16 15
15 17 14
15 18 20
15 19 14
15 20 25
15 21 21
15 22 24
15 23 2
15 24 22
15 25 12
16 1 16
16 2 5
16 3 16
16 4 11
16 5 21
16 6 12
16 7 9
16 8 5
16 9 10
16 10 12
16 11 6
16 12 11
16 13 15
16 14 14
16 15 15
16 16 -1
16 17 16
16 18 12
16 19 7
16 20 20
16 21 6
16 22 9
16 23 16
16 24 7
16 25 3
17 1 15
17 2 21
17 3 5
17 4 14
17 5 5
17 6 6
17 7 23
17 8 16
17 9 12
17 10 13
17 11 14
17 12 13
17 13 4
17 14 13
17 15 14
17 16 16
17 17 -1
17 18 10
17 19 10
17 20 12
17 21 17
17 22 24
17 23 13
17 24 21
17 25 16
18 1 21
18 2 17
18 3 6
18 4 17
18 5 15
18 6 11
18 7 15
18 8 15
18 9 15
18 10 3
18 11 7
18 12 17
18 13 6
18 14 18
18 15 20
18 16 12
18 17 10
18 18 -1
18 19 6
18 20 8
18 21 9
18 22 16
18 23 20
18 24 13
18 25 14
19 1 15
19 2 12
19 3 9
19 4 11
19 5 15
19 6 7
19 7 13
19 8 8
19 9 9
19 10 8
19 11 5
19 12 11
19 13 8
19 14 13
19 15 14
19 16 7
19 17 10
19 18 6
19 19 -1
19 20 13
19 21 8
19 22 14
19 23 15
19 24 11
19 25 8
20 1 26
20 2 25
20 3 7
20 4 24
20 5 15
20 6 16
20 7 22
20 8 22
20 9 22
20 10 9
20 11 15
20 12 23
20 13 8
20 14 24
20 15 25
20 16 20
20 17 12
20 18 8
20 19 13
20 20 -1
20 21 17
20 22 23
20 23 25
20 24 21
20 25 22
21 1 22
21 2 10
21 3 15
21 4 17
21 5 23
21 6 15
21 7 5
21 8 11
21 9 16
21 10 8
21 11 2
21 12 17
21 13 15
21 14 20
21 15 21
21 16 6
21 17 17
21 18 9
21 19 8
21 20 17
21 21 -1
21 22 6
21 23 22
21 24 4
21 25 9
22 1 25
22 2 9
22 3 21
22 4 20
22 5 29
22 6 20
22 7 1
22 8 14
22 9 19
22 10 14
22 11 9
22 12 20
22 13 21
22 14 24
22 15 24
22 16 9
22 17 24
22 18 16
22 19 14
22 20 23
22 21 6
22 22 -1
22 23 26
22 24 2
22 25 12
23 1 3
23 2 18
23 3 17
23 4 6
23 5 14
23 6 8
23 7 25
23 8 12
23 9 6
23 10 22
23 11 20
23 12 5
23 13 16
23 14 2
23 15 2
23 16 16
23 17 13
23 18 20
23 19 15
23 20 25
23 21 22
23 22 26
23 23 -1
23 24 23
23 25 14
24 1 23
24 2 8
24 3 19
24 4 18
24 5 26
24 6 18
24 7 2
24 8 12
24 9 17
24 10 12
24 11 6
24 12 18
24 13 18
24 14 21
24 15 22
24 16 7
24 17 21
24 18 13
24 19 11
24 20 21
24 21 4
24 22 2
24 23 23
24 24 -1
24 25 10
25 1 13
25 2 5
25 3 17
25 4 8
25 5 21
25 6 11
25 7 12
25 8 2
25 9 8
25 10 15
25 11 9
25 12 8
25 13 16
25 14 12
25 15 12
25 16 3
25 17 16
25 18 14
25 19 8
25 20 22
25 21 9
25 22 12
25 23 14
25 24 10
25 25 -1
