1 1 -1
1 2 24
1 3 16
1 4 24
1 5 29
1 6 25
1 7 42
1 8 21
1 9 37
1 10 7
1 11 24
1 12 42
1 13 29
1 14 31
1 15 25
1 16 39
1 17 34
1 18 5
1 19 25
1 20 43
1 21 39
1 22 48
1 23 18
1 24 41
1 25 37
1 26 9
1 27 11
1 28 41
1 29 2
1 30 13
1 31 10
1 32 21
1 33 25
1 34 10
1 35 12
1 36 16
1 37 22
1 38 35
1 39 36
1 40 13
1 41 39
1 42 12
1 43 17
1 44 28
1 45 40
1 46 40
1 47 40
1 48 33
1 49 18
1 50 39
2 1 24
2 2 -1
2 3 25
2 4 27
2 5 34
2 6 34
2 7 40
2 8 4
2 9 15
2 10 26
2 11 23
2 12 31
2 13 5
2 14 14
2 15 13
2 16 48
2 17 40
2 18 29
2 19 22
2 20 32
2 21 42
2 22 46
2 23 7
2 24 39
2 25 30
2 26 30
2 27 13
2 28 41
2 29 22
2 30 22
2 31 30
2 32 3
2 33 29
2 34 13
2 35 26
2 36 9
2 37 2
2 38 15
2 39 17
2 40 12
2 41 42
2 42 36
2 43 24
2 44 16
2 45 47
2 46 35
2 47 29
2 48 41
2 49 32
2 50 41
3 1 16
3 2 25
3 3 -1
3 4 8
3 5 13
3 6 10
3 7 26
3 8 25
3 9 32
3 10 9
3 11 11
3 12 29
3 13 30
3 14 24
3 15 18
3 16 25
3 17 18
3 18 17
3 19 12
3 20 30
3 21 23
3 22 32
3 23 24
3 24 26
3 25 23
3 26 25
3 27 14
3 28 25
3 29 15
3 30 4
3 31 26
3 32 22
3 33 9
3 34 17
3 35 4
3 36 23
3 37 23
3 38 29
3 39 29
3 40 21
3 41 23
3 42 22
3 43 2
3 44 19
3 45 25
3 46 25
3 47 28
3 48 18
3 49 6
3 50 23
4 1 24
4 2 27
4 3 8
4 4 -1
4 5 7
4 6 8
4 7 18
4 8 28
4 9 29
4 10 18
4 11 5
4 12 22
4 13 30
4 14 21
4 15 16
4 16 21
4 17 13
4 18 25
4 19 6
4 20 22
4 21 16
4 22 24
4 23 28
4 24 17
4 25 15
4 26 33
4 27 19
4 28 17
4 29 23
4 30 10
4 31 34
4 32 23
4 33 2
4 34 22
4 35 13
4 36 28
4 37 25
4 38 25
4 39 25
4 40 26
4 41 16
4 42 30
4 43 7
4 44 15
4 45 20
4 46 16
4 47 21
4 48 13
4 49 12
4 50 16
5 1 29
5 2 34
5 3 13
5 4 7
5 5 -1
5 6 6
5 7 14
5 8 35
5 9 35
5 10 23
5 11 11
5 12 23
5 13 37
5 14 27
5 15 22
5 16 14
5 17 6
5 18 29
5 19 12
5 20 23
5 21 9
5 22 19
5 23 35
5 24 14
5 25 16
5 26 38
5 27 26
5 28 12
5 29 28
5 30 16
5 31 39
5 32 30
5 33 5
5 34 29
5 35 17
5 36 35
5 37 32
5 38 31
5 39 30
5 40 33
5 41 10
5 42 34
5 43 12
5 44 21
5 45 13
5 46 15
5 47 23
5 48 7
5 49 13
5 50 10
6 1 25
6 2 34
6 3 10
6 4 8
6 5 6
6 6 -1
6 7 21
6 8 34
6 9 38
6 10 18
6 11 13
6 12 29
6 13 38
6 14 29
6 15 24
6 16 15
6 17 8
6 18 24
6 19 15
6 20 29
6 21 14
6 22 25
6 23 33
6 24 20
6 25 22
6 26 33
6 27 24
6 28 18
6 29 24
6 30 14
6 31 35
6 32 30
6 33 7
6 34 27
6 35 12
6 36 33
6 37 32
6 38 34
6 39 33
6 40 31
6 41 15
6 42 28
6 43 10
6 44 24
6 45 15
6 46 21
6 47 28
6 48 8
6 49 7
6 50 16
7 1 42
7 2 40
7 3 26
7 4 18
7 5 14
7 6 21
7 7 -1
7 8 42
7 9 35
7 10 36
7 11 18
7 12 15
7 13 42
7 14 28
7 15 27
7 16 19
7 17 15
7 18 43
7 19 19
7 20 14
7 21 9
7 22 6
7 23 43
7 24 1
7 25 10
7 26 51
7 27 36
7 28 4
7 29 41
7 30 29
7 31 53
7 32 37
7 33 16
7 34 39
7 35 31
7 36 43
7 37 38
7 38 31
7 39 29
7 40 43
7 41 8
7 42 48
7 43 25
7 44 24
7 45 18
7 46 5
7 47 16
7 48 17
7 49 28
7 50 6
8 1 21
8 2 4
8 3 25
8 4 28
8 5 35
8 6 34
8 7 42
8 8 -1
8 9 19
8 10 24
8 11 25
8 12 34
8 13 9
8 14 18
8 15 16
8 16 49
8 17 41
8 18 26
8 19 24
8 20 35
8 21 44
8 22 49
8 23 3
8 24 41
8 25 33
8 26 26
8 27 12
8 28 43
8 29 19
8 30 21
8 31 26
8 32 5
8 33 30
8 34 10
8 35 25
8 36 5
8 37 5
8 38 20
8 39 22
8 40 8
8 41 44
8 42 33
8 43 24
8 44 19
8 45 48
8 46 38
8 47 32
8 48 41
8 49 31
8 50 43
9 1 37
9 2 15
9 3 32
9 4 29
9 5 35
9 6 38
9 7 35
9 8 19
9 9 -1
9 10 36
9 11 24
9 12 22
9 13 12
9 14 8
9 15 13
9 16 49
9 17 41
9 18 42
9 19 23
9 20 23
9 21 40
9 22 40
9 23 22
9 24 34
9 25 25
9 26 44
9 27 26
9 28 37
9 29 35
9 30 30
9 31 44
9 32 16
9 33 31
9 34 27
9 35 35
9 36 24
9 37 15
9 38 4
9 39 6
9 40 26
9 41 40
9 42 49
9 43 30
9 44 14
9 45 48
9 46 30
9 47 20
9 48 42
9 49 38
9 50 38
10 1 7
10 2 26
10 3 9
10 4 18
10 5 23
10 6 18
10 7 36
10 8 24
10 9 36
10 10 -1
10 11 20
10 12 38
10 13 31
10 14 30
10 15 24
10 16 32
10 17 27
10 18 7
10 19 20
10 20 39
10 21 32
10 22 42
10 23 21
10 24 36
10 25 33
10 26 15
10 27 12
10 28 34
10 29 7
10 30 8
10 31 17
10 32 22
10 33 19
10 34 13
10 35 5
10 36 20
10 37 24
10 38 34
10 39 35
10 40 17
10 41 33
10 42 13
10 43 11
10 44 26
10 45 33
10 46 35
10 47 37
10 48 26
10 49 11
10 50 33
11 1 24
11 2 23
11 3 11
11 4 5
11 5 11
11 6 13
11 7 18
11 8 25
11 9 24
11 10 20
11 11 -1
11 12 18
11 13 26
11 14 16
11 15 11
11 16 25
11 17 17
11 18 27
11 19 1
11 20 18
11 21 19
11 22 25
11 23 25
11 24 17
11 25 13
11 26 34
11 27 17
11 28 18
11 29 23
11 30 11
11 31 35
11 32 20
11 33 6
11 34 21
11 35 15
11 36 25
11 37 21
11 38 20
11 39 20
11 40 24
11 41 19
11 42 33
11 43 9
11 44 10
11 45 24
11 46 15
11 47 17
11 48 18
11 49 16
11 50 18
12 1 42
12 2 31
12 3 29
12 4 22
12 5 23
12 6 29
12 7 15
12 8 34
12 9 22
12 10 38
12 11 18
12 12 -1
12 13 31
12 14 17
12 15 19
12 16 34
12 17 27
12 18 45
12 19 18
12 20 1
12 21 23
12 22 19
12 23 36
12 24 14
12 25 7
12 26 51
12 27 33
12 28 19
12 29 40
12 30 30
12 31 52
12 32 29
12 33 22
12 34 36
12 35 34
12 36 37
12 37 30
12 38 18
12 39 16
12 40 38
12 41 22
12 42 51
12 43 27
12 44 15
12 45 32
12 46 10
12 47 2
12 48 29
12 49 34
12 50 20
13 1 29
13 2 5
13 3 30
13 4 30
13 5 37
13 6 38
13 7 42
13 8 9
13 9 12
13 10 31
13 11 26
13 12 31
13 13 -1
13 14 14
13 15 15
13 16 52
13 17 44
13 18 35
13 19 25
13 20 32
13 21 45
13 22 48
13 23 12
13 24 41
13 25 32
13 26 35
13 27 19
13 28 43
13 29 27
13 30 26
13 31 35
13 32 8
13 33 32
13 34 18
13 35 31
13 36 14
13 37 7
13 38 13
13 39 16
13 40 17
13 41 44
13 42 42
13 43 29
13 44 18
13 45 51
13 46 37
13 47 29
13 48 44
13 49 36
13 50 43
14 1 31
14 2 14
14 3 24
14 4 21
14 5 27
14 6 29
14 7 28
14 8 18
14 9 8
14 10 30
14 11 16
14 12 17
14 13 14
14 14 -1
14 15 6
14 16 41
14 17 33
14 18 36
14 19 14
14 20 18
14 21 32
14 22 34
14 23 20
14 24 27
14 25 18
14 26 39
14 27 20
14 28 30
14 29 29
14 30 22
14 31 40
14 32 13
14 33 22
14 34 22
14 35 27
14 36 22
14 37 13
14 38 4
14 39 5
14 40 23
14 41 32
14 42 43
14 43 22
14 44 5
14 45 39
14 46 23
14 47 14
14 48 34
14 49 30
14 50 30
15 1 25
15 2 13
15 3 18
15 4 16
15 5 22
15 6 24
15 7 27
15 8 16
15 9 13
15 10 24
15 11 11
15 12 19
15 13 15
15 14 6
15 15 -1
15 16 37
15 17 29
15 18 30
15 19 10
15 20 20
15 21 29
15 22 33
15 23 17
15 24 26
15 25 17
15 26 34
15 27 15
15 28 28
15 29 23
15 30 16
15 31 34
15 32 10
15 33 18
15 34 17
15 35 21
15 36 18
15 37 11
15 38 10
15 39 11
15 40 19
15 41 29
15 42 37
15 43 17
15 44 3
15 45 36
15 46 22
15 47 17
15 48 30
15 49 25
15 50 28
16 1 39
16 2 48
16 3 25
16 4 21
16 5 14
16 6 15
16 7 19
16 8 49
16 9 49
16 10 32
16 11 25
16 12 34
16 13 52
16 14 41
16 15 37
16 16 -1
16 17 8
16 18 38
16 19 26
16 20 33
16 21 10
16 22 21
16 23 48
16 24 20
16 25 27
16 26 47
16 27 39
16 28 15
16 29 39
16 30 29
16 31 49
16 32 44
16 33 19
16 34 42
16 35 27
16 36 48
16 37 46
16 38 45
16 39 44
16 40 46
16 41 11
16 42 40
16 43 25
16 44 35
16 45 2
16 46 23
16 47 34
16 48 7
16 49 21
16 50 13
17 1 34
17 2 40
17 3 18
17 4 13
17 5 6
17 6 8
17 7 15
17 8 41
17 9 41
17 10 27
17 11 17
17 12 27
17 13 44
17 14 33
17 15 29
17 16 8
17 17 -1
17 18 33
17 19 18
17 20 26
17 21 6
17 22 18
17 23 41
17 24 15
17 25 20
17 26 42
17 27 32
17 28 11
17 29 33
17 30 22
17 31 44
17 32 37
17 33 11
17 34 35
17 35 21
17 36 41
17 37 38
17 38 37
17 39 36
17 40 39
17 41 7
17 42 36
17 43 18
17 44 27
17 45 7
17 46 17
17 47 27
17 48 2
17 49 16
17 50 9
18 1 5
18 2 29
18 3 17
18 4 25
18 5 29
18 6 24
18 7 43
18 8 26
18 9 42
18 10 7
18 11 27
18 12 45
18 13 35
18 14 36
18 15 30
18 16 38
18 17 33
18 18 -1
18 19 27
18 20 46
18 21 39
18 22 49
18 23 24
18 24 43
18 25 40
18 26 9
18 27 16
18 28 41
18 29 7
18 30 15
18 31 11
18 32 26
18 33 26
18 34 16
18 35 12
18 36 22
18 37 28
18 38 40
18 39 41
18 40 18
18 41 40
18 42 7
18 43 18
18 44 32
18 45 39
18 46 42
18 47 44
18 48 32
18 49 17
18 50 40
19 1 25
19 2 22
19 3 12
19 4 6
19 5 12
19 6 15
19 7 19
19 8 24
19 9 23
19 10 20
19 11 1
19 12 18
19 13 25
19 14 14
19 15 10
19 16 26
19 17 18
19 18 27
19 19 -1
19 20 18
19 21 20
19 22 25
19 23 24
19 24 18
19 25 12
19 26 34
19 27 17
19 28 19
19 29 23
19 30 12
19 31 35
19 32 19
19 33 7
19 34 20
19 35 16
19 36 24
19 37 20
19 38 19
19 39 18
19 40 23
19 41 20
19 42 33
19 43 10
19 44 9
19 45 26
19 46 15
19 47 16
19 48 19
19 49 17
19 50 19
20 1 43
20 2 32
20 3 30
20 4 22
20 5 23
20 6 29
20 7 14
20 8 35
20 9 23
20 10 39
20 11 18
20 12 1
20 13 32
20 14 18
20 15 20
20 16 33
20 17 26
20 18 46
20 19 18
20 20 -1
20 21 23
20 22 18
20 23 37
20 24 14
20 25 7
20 26 52
20 27 34
20 28 18
20 29 41
20 30 30
20 31 53
20 32 30
20 33 22
20 34 36
20 35 34
20 36 38
20 37 30
20 38 19
20 39 17
20 40 38
20 41 22
20 42 52
20 43 28
20 44 16
20 45 31
20 46 10
20 47 3
20 48 28
20 49 34
20 50 20
21 1 39
21 2 42
21 3 23
21 4 16
21 5 9
21 6 14
21 7 9
21 8 44
21 9 40
21 10 32
21 11 19
21 12 23
21 13 45
21 14 32
21 15 29
21 16 10
21 17 6
21 18 39
21 19 20
21 20 23
21 21 -1
21 22 11
21 23 44
21 24 9
21 25 16
21 26 48
21 27 35
21 28 5
21 29 38
21 30 26
21 31 49
21 32 39
21 33 14
21 34 38
21 35 26
21 36 44
21 37 40
21 38 36
21 39 34
21 40 42
21 41 1
21 42 43
21 43 22
21 44 27
21 45 8
21 46 13
21 47 24
21 48 8
21 49 22
21 50 3
22 1 48
22 2 46
22 3 32
22 4 24
22 5 19
22 6 25
22 7 6
22 8 49
22 9 40
22 10 42
22 11 25
22 12 19
22 13 48
22 14 34
22 15 33
22 16 21
22 17 18
22 18 49
22 19 25
22 20 18
22 21 11
22 22 -1
22 23 49
22 24 7
22 25 16
22 26 57
22 27 42
22 28 7
22 29 47
22 30 35
22 31 59
22 32 43
22 33 22
22 34 46
22 35 36
22 36 50
22 37 44
22 38 36
22 39 34
22 40 49
22 41 10
22 42 53
22 43 31
22 44 30
22 45 19
22 46 11
22 47 21
22 48 20
22 49 33
22 50 9
23 1 18
23 2 7
23 3 24
23 4 28
23 5 35
23 6 33
23 7 43
23 8 3
23 9 22
23 10 21
23 11 25
23 12 36
23 13 12
23 14 20
23 15 17
23 16 48
23 17 41
23 18 24
23 19 24
23 20 37
23 21 44
23 22 49
23 23 -1
23 24 42
23 25 34
23 26 23
23 27 10
23 28 43
23 29 16
23 30 20
23 31 23
23 32 7
23 33 30
23 34 8
23 35 24
23 36 2
23 37 7
23 38 22
23 39 24
23 40 5
23 41 44
23 42 30
23 43 23
23 44 21
23 45 48
23 46 39
23 47 34
23 48 41
23 49 29
23 50 43
24 1 41
24 2 39
24 3 26
24 4 17
24 5 14
24 6 20
24 7 1
24 8 41
24 9 34
24 10 36
24 11 17
24 12 14
24 13 41
24 14 27
24 15 26
24 16 20
24 17 15
24 18 43
24 19 18
24 20 14
24 21 9
24 22 7
24 23 42
24 24 -1
24 25 9
24 26 50
24 27 35
24 28 4
24 29 40
24 30 28
24 31 52
24 32 36
24 33 16
24 34 38
24 35 30
24 36 43
24 37 37
24 38 30
24 39 28
24 40 42
24 41 8
24 42 48
24 43 24
24 44 23
24 45 18
24 46 4
24 47 15
24 48 17
24 49 27
24 50 6
25 1 37
25 2 30
25 3 23
25 4 15
25 5 16
25 6 22
25 7 10
25 8 33
25 9 25
25 10 33
25 11 13
25 12 7
25 13 32
25 14 18
25 15 17
25 16 27
25 17 20
25 18 40
25 19 12
25 20 7
25 21 16
25 22 16
25 23 34
25 24 9
25 25 -1
25 26 47
25 27 29
25 28 13
25 29 36
25 30 24
25 31 48
25 32 28
25 33 15
25 34 32
25 35 28
25 36 35
25 37 29
25 38 20
25 39 18
25 40 35
25 41 16
25 42 46
25 43 21
25 44 14
25 45 25
25 46 5
25 47 7
25 48 21
25 49 27
25 50 14
26 1 9
26 2 30
26 3 25
26 4 33
26 5 38
26 6 33
26 7 51
26 8 26
26 9 44
26 10 15
26 11 34
26 12 51
26 13 35
26 14 39
26 15 34
26 16 47
26 17 42
26 18 9
26 19 34
26 20 52
26 21 48
26 22 57
26 23 23
26 24 50
26 25 47
26 26 -1
26 27 18
26 28 50
26 29 10
26 30 22
26 31 2
26 32 28
26 33 34
26 34 17
26 35 21
26 36 21
26 37 29
26 38 42
26 39 44
26 40 18
26 41 48
26 42 11
26 43 26
26 44 37
26 45 48
26 46 49
26 47 49
26 48 41
26 49 26
26 50 48
27 1 11
27 2 13
27 3 14
27 4 19
27 5 26
27 6 24
27 7 36
27 8 12
27 9 26
27 10 12
27 11 17
27 12 33
27 13 19
27 14 20
27 15 15
27 16 39
27 17 32
27 18 16
27 19 17
27 20 34
27 21 35
27 22 42
27 23 10
27 24 35
27 25 29
27 26 18
27 27 -1
27 28 36
27 29 9
27 30 10
27 31 19
27 32 10
27 33 21
27 34 3
27 35 13
27 36 9
27 37 12
27 38 24
27 39 25
27 40 7
27 41 35
27 42 23
27 43 14
27 44 18
27 45 39
27 46 33
27 47 31
27 48 32
27 49 19
27 50 35
28 1 41
28 2 41
28 3 25
28 4 17
28 5 12
28 6 18
28 7 4
28 8 43
28 9 37
28 10 34
28 11 18
28 12 19
28 13 43
28 14 30
28 15 28
28 16 15
28 17 11
28 18 41
28 19 19
28 20 18
28 21 5
28 22 7
28 23 43
28 24 4
28 25 13
28 26 50
28 27 36
28 28 -1
28 29 39
28 30 27
28 31 51
28 32 38
28 33 15
28 34 39
28 35 29
28 36 43
28 37 39
28 38 33
28 39 31
28 40 42
28 41 4
28 42 46
28 43 23
28 44 25
28 45 13
28 46 8
28 47 19
28 48 13
28 49 25
28 50 2
29 1 2
29 2 22
29 3 15
29 4 23
29 5 28
29 6 24
29 7 41
29 8 19
29 9 35
29 10 7
29 11 23
29 12 40
29 13 27
29 14 29
29 15 23
29 16 39
29 17 33
29 18 7
29 19 23
29 20 41
29 21 38
29 22 47
29 23 16
29 24 40
29 25 36
29 26 10
29 27 9
29 28 39
29 29 -1
29 30 12
29 31 12
29 32 19
29 33 24
29 34 8
29 35 12
29 36 15
29 37 20
29 38 33
29 39 34
29 40 11
29 41 38
29 42 14
29 43 16
29 44 26
29 45 39
29 46 38
29 47 38
29 48 32
29 49 18
29 50 38
30 1 13
30 2 22
30 3 4
30 4 10
30 5 16
30 6 14
30 7 29
30 8 21
30 9 30
30 10 8
30 11 11
30 12 30
30 13 26
30 14 22
30 15 16
30 16 29
30 17 22
30 18 15
30 19 12
30 20 30
30 21 26
30 22 35
30 23 20
30 24 28
30 25 24
30 26 22
30 27 10
30 28 27
30 29 12
30 30 -1
30 31 24
30 32 18
30 33 12
30 34 13
30 35 5
30 36 19
30 37 19
30 38 26
30 39 27
30 40 17
30 41 26
30 42 21
30 43 4
30 44 18
30 45 29
30 46 26
30 47 28
30 48 22
30 49 10
30 50 26
31 1 10
31 2 30
31 3 26
31 4 34
31 5 39
31 6 35
31 7 53
31 8 26
31 9 44
31 10 17
31 11 35
31 12 52
31 13 35
31 14 40
31 15 34
31 16 49
31 17 44
31 18 11
31 19 35
31 20 53
31 21 49
31 22 59
31 23 23
31 24 52
31 25 48
31 26 2
31 27 19
31 28 51
31 29 12
31 30 24
31 31 -1
31 32 28
31 33 36
31 34 17
31 35 22
31 36 21
31 37 29
31 38 43
31 39 44
31 40 18
31 41 50
31 42 13
31 43 27
31 44 38
31 45 49
31 46 50
31 47 50
31 48 43
31 49 27
31 50 50
32 1 21
32 2 3
32 3 22
32 4 23
32 5 30
32 6 30
32 7 37
32 8 5
32 9 16
32 10 22
32 11 20
32 12 29
32 13 8
32 14 13
32 15 10
32 16 44
32 17 37
32 18 26
32 19 19
32 20 30
32 21 39
32 22 43
32 23 7
32 24 36
32 25 28
32 26 28
32 27 10
32 28 38
32 29 19
32 30 18
32 31 28
32 32 -1
32 33 25
32 34 11
32 35 23
32 36 8
32 37 1
32 38 15
32 39 17
32 40 10
32 41 39
32 42 33
32 43 21
32 44 14
32 45 44
32 46 32
32 47 27
32 48 37
32 49 28
32 50 38
33 1 25
33 2 29
33 3 9
33 4 2
33 5 5
33 6 7
33 7 16
33 8 30
33 9 31
33 10 19
33 11 6
33 12 22
33 13 32
33 14 22
33 15 18
33 16 19
33 17 11
33 18 26
33 19 7
33 20 22
33 21 14
33 22 22
33 23 30
33 24 16
33 25 15
33 26 34
33 27 21
33 28 15
33 29 24
33 30 12
33 31 36
33 32 25
33 33 -1
33 34 24
33 35 14
33 36 30
33 37 26
33 38 26
33 39 26
33 40 28
33 41 14
33 42 31
33 43 8
33 44 16
33 45 18
33 46 15
33 47 21
33 48 12
33 49 12
33 50 14
34 1 10
34 2 13
34 3 17
34 4 22
34 5 29
34 6 27
34 7 39
34 8 10
34 9 27
34 10 13
34 11 21
34 12 36
34 13 18
34 14 22
34 15 17
34 16 42
34 17 35
34 18 16
34 19 20
34 20 36
34 21 38
34 22 46
34 23 8
34 24 38
34 25 32
34 26 17
34 27 3
34 28 39
34 29 8
34 30 13
34 31 17
34 32 11
34 33 24
34 34 -1
34 35 16
34 36 7
34 37 12
34 38 25
34 39 27
34 40 4
34 41 39
34 42 23
34 43 17
34 44 20
34 45 42
34 46 36
34 47 34
34 48 35
34 49 22
34 50 38
35 1 12
35 2 26
35 3 4
35 4 13
35 5 17
35 6 12
35 7 31
35 8 25
35 9 35
35 10 5
35 11 15
35 12 34
35 13 31
35 14 27
35 15 21
35 16 27
35 17 21
35 18 12
35 19 16
35 20 34
35 21 26
35 22 36
35 23 24
35 24 30
35 25 28
35 26 21
35 27 13
35 28 29
35 29 12
35 30 5
35 31 22
35 32 23
35 33 14
35 34 16
35 35 -1
35 36 23
35 37 24
35 38 32
35 39 32
35 40 20
35 41 27
35 42 17
35 43 6
35 44 23
35 45 27
35 46 29
35 47 32
35 48 20
35 49 6
35 50 27
36 1 16
36 2 9
36 3 23
36 4 28
36 5 35
36 6 33
36 7 43
36 8 5
36 9 24
36 10 20
36 11 25
36 12 37
36 13 14
36 14 22
36 15 18
36 16 48
36 17 41
36 18 22
36 19 24
36 20 38
36 21 44
36 22 50
36 23 2
36 24 43
36 25 35
36 26 21
36 27 9
36 28 43
36 29 15
36 30 19
36 31 21
36 32 8
36 33 30
36 34 7
36 35 23
36 36 -1
36 37 8
36 38 24
36 39 26
36 40 3
36 41 44
36 42 29
36 43 23
36 44 22
36 45 48
36 46 39
36 47 35
36 48 41
36 49 29
36 50 43
37 1 22
37 2 2
37 3 23
37 4 25
37 5 32
37 6 32
37 7 38
37 8 5
37 9 15
37 10 24
37 11 21
37 12 30
37 13 7
37 14 13
37 15 11
37 16 46
37 17 38
37 18 28
37 19 20
37 20 30
37 21 40
37 22 44
37 23 7
37 24 37
37 25 29
37 26 29
37 27 12
37 28 39
37 29 20
37 30 19
37 31 29
37 32 1
37 33 26
37 34 12
37 35 24
37 36 8
37 37 -1
37 38 15
37 39 17
37 40 11
37 41 40
37 42 35
37 43 22
37 44 14
37 45 45
37 46 33
37 47 27
37 48 38
37 49 29
37 50 39
38 1 35
38 2 15
38 3 29
38 4 25
38 5 31
38 6 34
38 7 31
38 8 20
38 9 4
38 10 34
38 11 20
38 12 18
38 13 13
38 14 4
38 15 10
38 16 45
38 17 37
38 18 40
38 19 19
38 20 19
38 21 36
38 22 36
38 23 22
38 24 30
38 25 20
38 26 42
38 27 24
38 28 33
38 29 33
38 30 26
38 31 43
38 32 15
38 33 26
38 34 25
38 35 32
38 36 24
38 37 15
38 38 -1
38 39 2
38 40 26
38 41 35
38 42 47
38 43 27
38 44 10
38 45 43
38 46 25
38 47 16
38 48 38
38 49 35
38 50 34
39 1 36
39 2 17
39 3 29
39 4 25
39 5 30
39 6 33
39 7 29
39 8 22
39 9 6
39 10 35
39 11 20
39 12 16
39 13 16
39 14 5
39 15 11
39 16 44
39 17 36
39 18 41
39 19 18
39 20 17
39 21 34
39 22 34
39 23 24
39 24 28
39 25 18
39 26 44
39 27 25
39 28 31
39 29 34
39 30 27
39 31 44
39 32 17
39 33 26
39 34 27
39 35 32
39 36 26
39 37 17
39 38 2
39 39 -1
39 40 27
39 41 34
39 42 48
39 43 27
39 44 9
39 45 42
39 46 24
39 47 14
39 48 37
39 49 35
39 50 32
40 1 13
40 2 12
40 3 21
40 4 26
40 5 33
40 6 31
40 7 43
40 8 8
40 9 26
40 10 17
40 11 24
40 12 38
40 13 17
40 14 23
40 15 19
40 16 46
40 17 39
40 18 18
40 19 23
40 20 38
40 21 42
40 22 49
40 23 5
40 24 42
40 25 35
40 26 18
40 27 7
40 28 42
40 29 11
40 30 17
40 31 18
40 32 10
40 33 28
40 34 4
40 35 20
40 36 3
40 37 11
40 38 26
40 39 27
40 40 -1
40 41 42
40 42 25
40 43 21
40 44 22
40 45 46
40 46 39
40 47 36
40 48 39
40 49 26
40 50 42
41 1 39
41 2 42
41 3 23
41 4 16
41 5 10
41 6 15
41 7 8
41 8 44
41 9 40
41 10 33
41 11 19
41 12 22
41 13 44
41 14 32
41 15 29
41 16 11
41 17 7
41 18 40
41 19 20
41 20 22
41 21 1
41 22 10
41 23 44
41 24 8
41 25 16
41 26 48
41 27 35
41 28 4
41 29 38
41 30 26
41 31 50
41 32 39
41 33 14
41 34 39
41 35 27
41 36 44
41 37 40
41 38 35
41 39 34
41 40 42
41 41 -1
41 42 43
41 43 22
41 44 27
41 45 9
41 46 12
41 47 23
41 48 9
41 49 23
41 50 2
42 1 12
42 2 36
42 3 22
42 4 30
42 5 34
42 6 28
42 7 48
42 8 33
42 9 49
42 10 13
42 11 33
42 12 51
42 13 42
42 14 43
42 15 37
42 16 40
42 17 36
42 18 7
42 19 33
42 20 52
42 21 43
42 22 53
42 23 30
42 24 48
42 25 46
42 26 11
42 27 23
42 28 46
42 29 14
42 30 21
42 31 13
42 32 33
42 33 31
42 34 23
42 35 17
42 36 29
42 37 35
42 38 47
42 39 48
42 40 25
42 41 43
42 42 -1
42 43 24
42 44 39
42 45 41
42 46 47
42 47 50
42 48 35
42 49 20
42 50 44
43 1 17
43 2 24
43 3 2
43 4 7
43 5 12
43 6 10
43 7 25
43 8 24
43 9 30
43 10 11
43 11 9
43 12 27
43 13 29
43 14 22
43 15 17
43 16 25
43 17 18
43 18 18
43 19 10
43 20 28
43 21 22
43 22 31
43 23 23
43 24 24
43 25 21
43 26 26
43 27 14
43 28 23
43 29 16
43 30 4
43 31 27
43 32 21
43 33 8
43 34 17
43 35 6
43 36 23
43 37 22
43 38 27
43 39 27
43 40 21
43 41 22
43 42 24
43 43 -1
43 44 17
43 45 25
43 46 23
43 47 26
43 48 18
43 49 8
43 50 22
44 1 28
44 2 16
44 3 19
44 4 15
44 5 21
44 6 24
44 7 24
44 8 19
44 9 14
44 10 26
44 11 10
44 12 15
44 13 18
44 14 5
44 15 3
44 16 35
44 17 27
44 18 32
44 19 9
44 20 16
44 21 27
44 22 30
44 23 21
44 24 23
44 25 14
44 26 37
44 27 18
44 28 25
44 29 26
44 30 18
44 31 38
44 32 14
44 33 16
44 34 20
44 35 23
44 36 22
44 37 14
44 38 10
44 39 9
44 40 22
44 41 27
44 42 39
44 43 17
44 44 -1
44 45 34
44 46 19
44 47 13
44 48 28
44 49 25
44 50 25
45 1 40
45 2 47
45 3 25
45 4 20
45 5 13
45 6 15
45 7 18
45 8 48
45 9 48
45 10 33
45 11 24
45 12 32
45 13 51
45 14 39
45 15 36
45 16 2
45 17 7
45 18 39
45 19 26
45 20 31
45 21 8
45 22 19
45 23 48
45 24 18
45 25 25
45 26 48
45 27 39
45 28 13
45 29 39
45 30 29
45 31 49
45 32 44
45 33 18
45 34 42
45 35 27
45 36 48
45 37 45
45 38 43
45 39 42
45 40 46
45 41 9
45 42 41
45 43 25
45 44 34
45 45 -1
45 46 21
45 47 32
45 48 7
45 49 22
45 50 12
46 1 40
46 2 35
46 3 25
46 4 16
46 5 15
46 6 21
46 7 5
46 8 38
46 9 30
46 10 35
46 11 15
46 12 10
46 13 37
46 14 23
46 15 22
46 16 23
46 17 17
46 18 42
46 19 15
46 20 10
46 21 13
46 22 11
46 23 39
46 24 4
46 25 5
46 26 49
46 27 33
46 28 8
46 29 38
46 30 26
46 31 50
46 32 32
46 33 15
46 34 36
46 35 29
46 36 39
46 37 33
46 38 25
46 39 24
46 40 39
46 41 12
46 42 47
46 43 23
46 44 19
46 45 21
46 46 -1
46 47 11
46 48 19
46 49 27
46 50 10
47 1 40
47 2 29
47 3 28
47 4 21
47 5 23
47 6 28
47 7 16
47 8 32
47 9 20
47 10 37
47 11 17
47 12 2
47 13 29
47 14 14
47 15 17
47 16 34
47 17 27
47 18 44
47 19 16
47 20 3
47 21 24
47 22 21
47 23 34
47 24 15
47 25 7
47 26 49
47 27 31
47 28 19
47 29 38
47 30 28
47 31 50
47 32 27
47 33 21
47 34 34
47 35 32
47 36 35
47 37 27
47 38 16
47 39 14
47 40 36
47 41 23
47 42 50
47 43 26
47 44 13
47 45 32
47 46 11
47 47 -1
47 48 29
47 49 33
47 50 21
48 1 33
48 2 41
48 3 18
48 4 13
48 5 7
48 6 8
48 7 17
48 8 41
48 9 42
48 10 26
48 11 18
48 12 29
48 13 44
48 14 34
48 15 30
48 16 7
48 17 2
48 18 32
48 19 19
48 20 28
48 21 8
48 22 20
48 23 41
48 24 17
48 25 21
48 26 41
48 27 32
48 28 13
48 29 32
48 30 22
48 31 43
48 32 37
48 33 12
48 34 35
48 35 20
48 36 41
48 37 38
48 38 38
48 39 37
48 40 39
48 41 9
48 42 35
48 43 18
48 44 28
48 45 7
48 46 19
48 47 29
48 48 -1
48 49 15
48 50 11
49 1 18
49 2 32
49 3 6
49 4 12
49 5 13
49 6 7
49 7 28
49 8 31
49 9 38
49 10 11
49 11 16
49 12 34
49 13 36
49 14 30
49 15 25
49 16 21
49 17 16
49 18 17
49 19 17
49 20 34
49 21 22
49 22 33
49 23 29
49 24 27
49 25 27
49 26 26
49 27 19
49 28 25
49 29 18
49 30 10
49 31 27
49 32 28
49 33 12
49 34 22
49 35 6
49 36 29
49 37 29
49 38 35
49 39 35
49 40 26
49 41 23
49 42 20
49 43 8
49 44 25
49 45 22
49 46 27
49 47 33
49 48 15
49 49 -1
49 50 24
50 1 39
50 2 41
50 3 23
50 4 16
50 5 10
50 6 16
50 7 6
50 8 43
50 9 38
50 10 33
50 11 18
50 12 20
50 13 43
50 14 30
50 15 28
50 16 13
50 17 9
50 18 40
50 19 19
50 20 20
50 21 3
50 22 9
50 23 43
50 24 6
50 25 14
50 26 48
50 27 35
50 28 2
50 29 38
50 30 26
50 31 50
50 32 38
50 33 14
50 34 38
50 35 27
50 36 43
50 37 39
50 38 34
50 39 32
50 40 42
50 41 2
50 42 44
50 43 22
50 44 25
50 45 12
50 46 10
50 47 21
50 48 11
50 49 24
50 50 -1
