8 32
8 2
8 36
8 37
8 40
8 13
8 23
16 48
16 17
16 45
15 44
15 14
26 1
26 18
26 31
22 24
22 50
22 28
22 7
42 18
7 41
7 46
7 50
7 21
7 22
7 24
7 28
27 40
27 34
27 36
27 29
32 2
32 36
32 37
32 8
32 13
32 23
17 5
17 6
17 41
17 45
17 16
17 48
17 50
17 21
49 35
49 3
49 6
49 43
49 30
35 3
35 10
35 43
35 49
35 30
9 38
9 14
9 39
38 9
38 44
38 14
38 39
5 33
5 4
5 6
5 48
5 17
5 21
21 5
21 7
21 41
21 45
21 48
21 17
21 50
21 24
21 28
2 32
2 36
2 37
2 8
2 13
2 23
13 8
13 2
13 32
13 37
6 33
6 3
6 4
6 5
6 48
6 17
6 49
37 32
37 2
37 36
37 8
37 13
37 23
40 34
40 36
40 8
40 23
40 27
24 7
24 41
24 46
24 50
24 21
24 22
24 25
24 28
31 26
14 38
14 39
14 9
14 44
14 15
39 38
39 9
39 44
39 14
