1 1 -1
1 2 48
1 3 50
1 4 26
1 5 38
1 6 25
1 7 17
1 8 64
1 9 51
1 10 24
1 11 35
1 12 35
1 13 23
1 14 59
1 15 57
1 16 45
1 17 44
1 18 10
1 19 26
1 20 56
1 21 18
1 22 42
1 23 44
1 24 44
1 25 37
1 26 56
1 27 49
1 28 42
1 29 27
1 30 50
1 31 44
1 32 59
1 33 15
1 34 14
1 35 19
1 36 13
1 37 18
1 38 49
1 39 10
1 40 26
1 41 26
1 42 30
1 43 52
1 44 9
1 45 10
1 46 30
1 47 49
1 48 13
1 49 42
1 50 19
1 51 19
1 52 24
1 53 17
1 54 25
1 55 21
1 56 43
1 57 28
1 58 51
1 59 61
1 60 56
1 61 11
1 62 46
1 63 22
1 64 50
1 65 58
2 1 48
2 2 -1
2 3 16
2 4 34
2 5 34
2 6 32
2 7 37
2 8 17
2 9 38
2 10 45
2 11 13
2 12 44
2 13 27
2 14 14
2 15 24
2 16 9
2 17 13
2 18 40
2 19 30
2 20 8
2 21 53
2 22 45
2 23 12
2 24 52
2 25 42
2 26 20
2 27 5
2 28 49
2 29 22
2 30 25
2 31 9
2 32 12
2 33 35
2 34 41
2 35 30
2 36 51
2 37 35
2 38 36
2 39 50
2 40 23
2 41 37
2 42 42
2 43 18
2 44 46
2 45 53
2 46 33
2 47 7
2 48 50
2 49 32
2 50 50
2 51 32
2 52 47
2 53 46
2 54 43
2 55 41
2 56 17
2 57 21
2 58 13
2 59 18
2 60 31
2 61 59
2 62 35
2 63 34
2 64 35
2 65 11
3 1 50
3 2 16
3 3 -1
3 4 28
3 5 23
3 6 27
3 7 34
3 8 19
3 9 53
3 10 54
3 11 22
3 12 34
3 13 33
3 14 12
3 15 9
3 16 24
3 17 28
3 18 40
3 19 39
3 20 13
3 21 60
3 22 32
3 23 27
3 24 40
3 25 31
3 26 36
3 27 21
3 28 37
3 29 28
3 30 41
3 31 9
3 32 25
3 33 40
3 34 47
3 35 30
3 36 56
3 37 33
3 38 51
3 39 55
3 40 30
3 41 30
3 42 53
3 43 3
3 44 45
3 45 57
3 46 44
3 47 23
3 48 47
3 49 19
3 50 58
3 51 31
3 52 56
3 53 53
3 54 52
3 55 35
3 56 7
3 57 29
3 58 29
3 59 12
3 60 47
3 61 61
3 62 49
3 63 30
3 64 50
3 65 24
4 1 26
4 2 34
4 3 28
4 4 -1
4 5 12
4 6 2
4 7 8
4 8 46
4 9 56
4 10 40
4 11 25
4 12 13
4 13 23
4 14 39
4 15 33
4 16 36
4 17 37
4 18 15
4 19 31
4 20 38
4 21 41
4 22 18
4 23 37
4 24 23
4 25 13
4 26 49
4 27 37
4 28 21
4 29 22
4 30 48
4 31 26
4 32 46
4 33 24
4 34 30
4 35 10
4 36 36
4 37 8
4 38 53
4 39 34
4 40 24
4 41 3
4 42 43
4 43 29
4 44 18
4 45 35
4 46 38
4 47 38
4 48 20
4 49 16
4 50 41
4 51 9
4 52 42
4 53 37
4 54 40
4 55 7
4 56 21
4 57 24
4 58 43
4 59 40
4 60 56
4 61 37
4 62 50
4 63 4
4 64 53
4 65 45
5 1 38
5 2 34
5 3 23
5 4 12
5 5 -1
5 6 14
5 7 20
5 8 42
5 9 64
5 10 52
5 11 30
5 12 11
5 13 33
5 14 35
5 15 25
5 16 39
5 17 41
5 18 28
5 19 41
5 20 35
5 21 53
5 22 10
5 23 41
5 24 17
5 25 8
5 26 53
5 27 38
5 28 15
5 29 30
5 30 54
5 31 25
5 32 45
5 33 36
5 34 42
5 35 22
5 36 48
5 37 20
5 38 61
5 39 46
5 40 32
5 41 11
5 42 54
5 43 23
5 44 30
5 45 47
5 46 47
5 47 40
5 48 30
5 49 5
5 50 53
5 51 21
5 52 54
5 53 49
5 54 51
5 55 18
5 56 17
5 57 32
5 58 46
5 59 35
5 60 61
5 61 49
5 62 58
5 63 16
5 64 61
5 65 44
6 1 25
6 2 32
6 3 27
6 4 2
6 5 14
6 6 -1
6 7 7
6 8 44
6 9 53
6 10 38
6 11 22
6 12 16
6 13 21
6 14 38
6 15 33
6 16 33
6 17 34
6 18 14
6 19 28
6 20 36
6 21 39
6 22 21
6 23 34
6 24 26
6 25 16
6 26 47
6 27 35
6 28 23
6 29 19
6 30 46
6 31 24
6 32 44
6 33 22
6 34 28
6 35 8
6 36 34
6 37 6
6 38 50
6 39 32
6 40 21
6 41 6
6 42 41
6 43 28
6 44 18
6 45 33
6 46 35
6 47 35
6 48 20
6 49 17
6 50 39
6 51 7
6 52 40
6 53 35
6 54 37
6 55 9
6 56 20
6 57 21
6 58 40
6 59 39
6 60 53
6 61 36
6 62 48
6 63 2
6 64 50
6 65 43
7 1 17
7 2 37
7 3 34
7 4 8
7 5 20
7 6 7
7 7 -1
7 8 51
7 9 53
7 10 33
7 11 26
7 12 19
7 13 20
7 14 45
7 15 41
7 16 37
7 17 37
7 18 7
7 19 26
7 20 43
7 21 33
7 22 26
7 23 37
7 24 29
7 25 21
7 26 50
7 27 40
7 28 27
7 29 20
7 30 47
7 31 30
7 32 49
7 33 17
7 34 22
7 35 7
7 36 28
7 37 2
7 38 50
7 39 26
7 40 21
7 41 10
7 42 37
7 43 36
7 44 10
7 45 26
7 46 33
7 47 40
7 48 13
7 49 25
7 50 33
7 51 5
7 52 35
7 53 29
7 54 33
7 55 6
7 56 27
7 57 22
7 58 44
7 59 47
7 60 54
7 61 28
7 62 47
7 63 5
7 64 50
7 65 48
8 1 64
8 2 17
8 3 19
8 4 46
8 5 42
8 6 44
8 7 51
8 8 -1
8 9 51
8 10 62
8 11 30
8 12 53
8 13 43
8 14 7
8 15 20
8 16 24
8 17 28
8 18 55
8 19 47
8 20 8
8 21 70
8 22 51
8 23 27
8 24 58
8 25 50
8 26 29
8 27 18
8 28 56
8 29 38
8 30 38
8 31 20
8 32 14
8 33 52
8 34 58
8 35 45
8 36 67
8 37 49
8 38 49
8 39 67
8 40 40
8 41 48
8 42 59
8 43 19
8 44 61
8 45 69
8 46 50
8 47 21
8 48 64
8 49 38
8 50 68
8 51 47
8 52 64
8 53 63
8 54 60
8 55 53
8 56 25
8 57 38
8 58 24
8 59 8
8 60 42
8 61 75
8 62 49
8 63 47
8 64 48
8 65 14
9 1 51
9 2 38
9 3 53
9 4 56
9 5 64
9 6 53
9 7 53
9 8 51
9 9 -1
9 10 31
9 11 34
9 12 70
9 13 33
9 14 52
9 15 62
9 16 29
9 17 25
9 18 51
9 19 26
9 20 46
9 21 43
9 22 74
9 23 26
9 24 80
9 25 69
9 26 23
9 27 34
9 28 77
9 29 33
9 30 13
9 31 44
9 32 37
9 33 38
9 34 37
9 35 46
9 36 44
9 37 51
9 38 2
9 39 45
9 40 32
9 41 60
9 42 24
9 43 56
9 44 56
9 45 48
9 46 21
9 47 31
9 48 62
9 49 64
9 50 39
9 51 48
9 52 32
9 53 37
9 54 29
9 55 59
9 56 51
9 57 31
9 58 27
9 59 56
9 60 11
9 61 56
9 62 5
9 63 53
9 64 3
9 65 37
10 1 24
10 2 45
10 3 54
10 4 40
10 5 52
10 6 38
10 7 33
10 8 62
10 9 31
10 10 -1
10 11 32
10 12 53
10 13 20
10 14 59
10 15 62
10 16 38
10 17 35
10 18 28
10 19 15
10 20 54
10 21 12
10 22 59
10 23 36
10 24 63
10 25 54
10 26 43
10 27 43
10 28 61
10 29 25
10 30 34
10 31 45
10 32 52
10 33 16
10 34 11
10 35 30
10 36 13
10 37 33
10 38 29
10 39 15
10 40 23
10 41 43
10 42 7
10 43 56
10 44 31
10 45 18
10 46 13
10 47 41
10 48 36
10 49 55
10 50 8
10 51 31
10 52 2
10 53 6
10 54 2
10 55 39
10 56 48
10 57 25
10 58 42
10 59 62
10 60 38
10 61 25
10 62 26
10 63 36
10 64 30
10 65 51
11 1 35
11 2 13
11 3 22
11 4 25
11 5 30
11 6 22
11 7 26
11 8 30
11 9 34
11 10 32
11 11 -1
11 12 38
11 13 13
11 14 26
11 15 31
11 16 11
11 17 12
11 18 28
11 19 17
11 20 21
11 21 40
11 22 41
11 23 11
11 24 47
11 25 36
11 26 24
11 27 14
11 28 44
11 29 8
11 30 24
11 31 13
11 32 24
11 33 22
11 34 27
11 35 19
11 36 37
11 37 24
11 38 31
11 39 37
11 40 9
11 41 29
11 42 31
11 43 25
11 44 34
11 45 39
11 46 22
11 47 14
11 48 39
11 49 30
11 50 37
11 51 21
11 52 34
11 53 33
11 54 30
11 55 31
11 56 18
11 57 7
11 58 18
11 59 30
11 60 31
11 61 45
11 62 29
11 63 24
11 64 30
11 65 23
12 1 35
12 2 44
12 3 34
12 4 13
12 5 11
12 6 16
12 7 19
12 8 53
12 9 70
12 10 53
12 11 38
12 12 -1
12 13 37
12 14 46
12 15 36
12 16 47
12 17 49
12 18 26
12 19 44
12 20 46
12 21 52
12 22 7
12 23 49
12 24 10
12 25 3
12 26 61
12 27 48
12 28 7
12 29 36
12 30 61
12 31 35
12 32 56
12 33 37
12 34 42
12 35 24
12 36 47
12 37 20
12 38 67
12 39 45
12 40 37
12 41 10
12 42 56
12 43 34
12 44 26
12 45 45
12 46 51
12 47 49
12 48 24
12 49 15
12 50 52
12 51 22
12 52 55
12 53 49
12 54 53
12 55 14
12 56 28
12 57 38
12 58 55
12 59 46
12 60 69
12 61 44
12 62 64
12 63 17
12 64 67
12 65 55
13 1 23
13 2 27
13 3 33
13 4 23
13 5 33
13 6 21
13 7 20
13 8 43
13 9 33
13 10 20
13 11 13
13 12 37
13 13 -1
13 14 39
13 15 42
13 16 22
13 17 21
13 18 18
13 19 7
13 20 35
13 21 27
13 22 42
13 23 21
13 24 47
13 25 37
13 26 33
13 27 27
13 28 44
13 29 5
13 30 28
13 31 25
13 32 36
13 33 8
13 34 14
13 35 13
13 36 24
13 37 18
13 38 30
13 39 23
13 40 3
13 41 27
13 42 21
13 43 36
13 44 24
13 45 26
13 46 14
13 47 26
13 48 30
13 49 35
13 50 24
13 51 15
13 52 22
13 53 20
13 54 19
13 55 26
13 56 27
13 57 5
13 58 28
13 59 43
13 60 35
13 61 32
13 62 27
13 63 20
13 64 30
13 65 35
14 1 59
14 2 14
14 3 12
14 4 39
14 5 35
14 6 38
14 7 45
14 8 7
14 9 52
14 10 59
14 11 26
14 12 46
14 13 39
14 14 -1
14 15 14
14 16 23
14 17 27
14 18 50
14 19 43
14 20 6
14 21 66
14 22 44
14 23 26
14 24 51
14 25 43
14 26 31
14 27 18
14 28 49
14 29 34
14 30 39
14 31 15
14 32 17
14 33 48
14 34 53
14 35 39
14 36 63
14 37 43
14 38 50
14 39 62
14 40 36
14 41 41
14 42 56
14 43 12
14 44 55
14 45 65
14 46 47
14 47 21
14 48 58
14 49 31
14 50 64
14 51 41
14 52 61
14 53 60
14 54 57
14 55 47
14 56 18
14 57 34
14 58 25
14 59 4
14 60 43
14 61 70
14 62 49
14 63 40
14 64 49
14 65 16
15 1 57
15 2 24
15 3 9
15 4 33
15 5 25
15 6 33
15 7 41
15 8 20
15 9 62
15 10 62
15 11 31
15 12 36
15 13 42
15 14 14
15 15 -1
15 16 32
15 17 36
15 18 47
15 19 48
15 20 18
15 21 68
15 22 33
15 23 35
15 24 40
15 25 32
15 26 43
15 27 28
15 28 38
15 29 37
15 30 49
15 31 18
15 32 30
15 33 49
15 34 55
15 35 37
15 36 64
15 37 39
15 38 59
15 39 63
15 40 39
15 41 34
15 42 62
15 43 6
15 44 51
15 45 64
15 46 53
15 47 31
15 48 53
15 49 20
15 50 66
15 51 38
15 52 65
15 53 62
15 54 61
15 55 41
15 56 14
15 57 38
15 58 36
15 59 12
15 60 55
15 61 68
15 62 58
15 63 36
15 64 59
15 65 30
16 1 45
16 2 9
16 3 24
16 4 36
16 5 39
16 6 33
16 7 37
16 8 24
16 9 29
16 10 38
16 11 11
16 12 47
16 13 22
16 14 23
16 15 32
16 16 -1
16 17 4
16 18 39
16 19 23
16 20 17
16 21 47
16 22 50
16 23 3
16 24 56
16 25 46
16 26 13
16 27 5
16 28 54
16 29 18
16 30 17
16 31 16
16 32 14
16 33 31
16 34 35
16 35 30
16 36 45
16 37 35
16 38 27
16 39 45
16 40 18
16 41 39
16 42 34
16 43 27
16 44 45
16 45 48
16 46 25
16 47 3
16 48 50
16 49 38
16 50 44
16 51 32
16 52 40
16 53 40
16 54 36
16 55 41
16 56 23
16 57 16
16 58 7
16 59 27
16 60 23
16 61 55
16 62 26
16 63 34
16 64 26
16 65 13
17 1 44
17 2 13
17 3 28
17 4 37
17 5 41
17 6 34
17 7 37
17 8 28
17 9 25
17 10 35
17 11 12
17 12 49
17 13 21
17 14 27
17 15 36
17 16 4
17 17 -1
17 18 39
17 19 21
17 20 21
17 21 45
17 22 52
17 23 1
17 24 59
17 25 48
17 26 12
17 27 9
17 28 56
17 29 18
17 30 13
17 31 19
17 32 16
17 33 30
17 34 34
17 35 30
17 36 43
17 37 35
17 38 23
17 39 43
17 40 18
17 41 41
17 42 31
17 43 31
17 44 45
17 45 46
17 46 22
17 47 6
17 48 50
17 49 41
17 50 42
17 51 32
17 52 37
17 53 38
17 54 33
17 55 43
17 56 26
17 57 16
17 58 7
17 59 31
17 60 20
17 61 53
17 62 22
17 63 36
17 64 22
17 65 16
18 1 10
18 2 40
18 3 40
18 4 15
18 5 28
18 6 14
18 7 7
18 8 55
18 9 51
18 10 28
18 11 28
18 12 26
18 13 18
18 14 50
18 15 47
18 16 39
18 17 39
18 18 -1
18 19 24
18 20 47
18 21 26
18 22 33
18 23 39
18 24 35
18 25 28
18 26 51
18 27 42
18 28 33
18 29 21
18 30 46
18 31 35
18 32 52
18 33 13
18 34 17
18 35 10
18 36 21
18 37 8
18 38 48
18 39 19
18 40 21
18 41 17
18 42 32
18 43 42
18 44 6
18 45 19
18 46 30
18 47 42
18 48 11
18 49 32
18 50 26
18 51 9
18 52 29
18 53 23
18 54 28
18 55 12
18 56 33
18 57 23
18 58 46
18 59 52
18 60 53
18 61 21
18 62 45
18 63 12
18 64 48
18 65 51
19 1 26
19 2 30
19 3 39
19 4 31
19 5 41
19 6 28
19 7 26
19 8 47
19 9 26
19 10 15
19 11 17
19 12 44
19 13 7
19 14 43
19 15 48
19 16 23
19 17 21
19 18 24
19 19 -1
19 20 38
19 21 24
19 22 50
19 23 21
19 24 55
19 25 45
19 26 31
19 27 29
19 28 52
19 29 11
19 30 24
19 31 30
19 32 37
19 33 11
19 34 13
19 35 20
19 36 22
19 37 25
19 38 24
19 39 23
19 40 9
19 41 34
19 42 14
19 43 42
19 44 29
19 45 25
19 46 6
19 47 27
19 48 35
19 49 42
19 50 21
19 51 22
19 52 17
19 53 17
19 54 13
19 55 33
19 56 34
19 57 10
19 58 28
19 59 47
19 60 30
19 61 33
19 62 21
19 63 28
19 64 24
19 65 37
20 1 56
20 2 8
20 3 13
20 4 38
20 5 35
20 6 36
20 7 43
20 8 8
20 9 46
20 10 54
20 11 21
20 12 46
20 13 35
20 14 6
20 15 18
20 16 17
20 17 21
20 18 47
20 19 38
20 20 -1
20 21 62
20 22 45
20 23 20
20 24 53
20 25 43
20 26 25
20 27 12
20 28 50
20 29 30
20 30 33
20 31 12
20 32 12
20 33 43
20 34 49
20 35 37
20 36 59
20 37 41
20 38 44
20 39 58
20 40 31
20 41 41
20 42 51
20 43 15
20 44 52
20 45 61
20 46 42
20 47 15
20 48 56
20 49 32
20 50 59
20 51 38
20 52 56
20 53 55
20 54 52
20 55 45
20 56 18
20 57 29
20 58 19
20 59 10
20 60 37
20 61 66
20 62 43
20 63 39
20 64 43
20 65 11
21 1 18
21 2 53
21 3 60
21 4 41
21 5 53
21 6 39
21 7 33
21 8 70
21 9 43
21 10 12
21 11 40
21 12 52
21 13 27
21 14 66
21 15 68
21 16 47
21 17 45
21 18 26
21 19 24
21 20 62
21 21 -1
21 22 59
21 23 46
21 24 61
21 25 54
21 26 54
21 27 53
21 28 59
21 29 32
21 30 45
21 31 52
21 32 62
21 33 19
21 34 13
21 35 32
21 36 5
21 37 33
21 38 41
21 39 7
21 40 30
21 41 43
21 42 19
21 43 62
21 44 26
21 45 8
21 46 24
21 47 51
21 48 31
21 49 57
21 50 4
21 51 32
21 52 11
21 53 7
21 54 14
21 55 38
21 56 53
21 57 32
21 58 52
21 59 70
21 60 50
21 61 15
21 62 38
21 63 37
21 64 42
21 65 61
22 1 42
22 2 45
22 3 32
22 4 18
22 5 10
22 6 21
22 7 26
22 8 51
22 9 74
22 10 59
22 11 41
22 12 7
22 13 42
22 14 44
22 15 33
22 16 50
22 17 52
22 18 33
22 19 50
22 20 45
22 21 59
22 22 -1
22 23 51
22 24 7
22 25 5
22 26 63
22 27 49
22 28 5
22 29 40
22 30 65
22 31 35
22 32 56
22 33 43
22 34 48
22 35 29
22 36 54
22 37 26
22 38 71
22 39 52
22 40 42
22 41 16
22 42 62
22 43 32
22 44 33
22 45 52
22 46 56
22 47 51
22 48 31
22 49 13
22 50 59
22 51 28
22 52 61
22 53 55
22 54 59
22 55 21
22 56 28
22 57 42
22 58 56
22 59 44
22 60 72
22 61 52
22 62 68
22 63 22
22 64 71
22 65 55
23 1 44
23 2 12
23 3 27
23 4 37
23 5 41
23 6 34
23 7 37
23 8 27
23 9 26
23 10 36
23 11 11
23 12 49
23 13 21
23 14 26
23 15 35
23 16 3
23 17 1
23 18 39
23 19 21
23 20 20
23 21 46
23 22 51
23 23 -1
23 24 58
23 25 48
23 26 12
23 27 8
23 28 55
23 29 18
23 30 14
23 31 18
23 32 16
23 33 30
23 34 34
23 35 30
23 36 44
23 37 35
23 38 24
23 39 44
23 40 18
23 41 40
23 42 32
23 43 30
23 44 45
23 45 47
23 46 23
23 47 5
23 48 50
23 49 40
23 50 42
23 51 32
23 52 38
23 53 38
23 54 33
23 55 42
23 56 26
23 57 16
23 58 7
23 59 30
23 60 20
23 61 54
23 62 23
23 63 35
23 64 23
23 65 15
24 1 44
24 2 52
24 3 40
24 4 23
24 5 17
24 6 26
24 7 29
24 8 58
24 9 80
24 10 63
24 11 47
24 12 10
24 13 47
24 14 51
24 15 40
24 16 56
24 17 59
24 18 35
24 19 55
24 20 53
24 21 61
24 22 7
24 23 58
24 24 -1
24 25 10
24 26 70
24 27 56
24 28 2
24 29 46
24 30 71
24 31 42
24 32 63
24 33 47
24 34 52
24 35 34
24 36 56
24 37 30
24 38 77
24 39 54
24 40 47
24 41 20
24 42 67
24 43 39
24 44 35
24 45 54
24 46 61
24 47 58
24 48 32
24 49 20
24 50 62
24 51 32
24 52 65
24 53 58
24 54 63
24 55 23
24 56 35
24 57 48
24 58 63
24 59 51
24 60 78
24 61 53
24 62 74
24 63 27
24 64 77
24 65 62
25 1 37
25 2 42
25 3 31
25 4 13
25 5 8
25 6 16
25 7 21
25 8 50
25 9 69
25 10 54
25 11 36
25 12 3
25 13 37
25 14 43
25 15 32
25 16 46
25 17 48
25 18 28
25 19 45
25 20 43
25 21 54
25 22 5
25 23 48
25 24 10
25 25 -1
25 26 60
25 27 46
25 28 7
25 29 35
25 30 60
25 31 32
25 32 53
25 33 38
25 34 43
25 35 24
25 36 49
25 37 21
25 38 66
25 39 47
25 40 37
25 41 11
25 42 57
25 43 31
25 44 28
25 45 47
25 46 51
25 47 47
25 48 27
25 49 12
25 50 54
25 51 23
25 52 56
25 53 50
25 54 54
25 55 16
25 56 25
25 57 37
25 58 53
25 59 43
25 60 68
25 61 47
25 62 64
25 63 17
25 64 66
25 65 52
26 1 56
26 2 20
26 3 36
26 4 49
26 5 53
26 6 47
26 7 50
26 8 29
26 9 23
26 10 43
26 11 24
26 12 61
26 13 33
26 14 31
26 15 43
26 16 13
26 17 12
26 18 51
26 19 31
26 20 25
26 21 54
26 22 63
26 23 12
26 24 70
26 25 60
26 26 -1
26 27 15
26 28 67
26 29 30
26 30 10
26 31 29
26 32 15
26 33 41
26 34 44
26 35 42
26 36 53
26 37 48
26 38 21
26 39 54
26 40 30
26 41 53
26 42 38
26 43 38
26 44 57
26 45 57
26 46 30
26 47 12
26 48 62
26 49 51
26 50 50
26 51 45
26 52 45
26 53 47
26 54 41
26 55 55
26 56 36
26 57 28
26 58 7
26 59 34
26 60 13
26 61 64
26 62 22
26 63 48
26 64 20
26 65 15
27 1 49
27 2 5
27 3 21
27 4 37
27 5 38
27 6 35
27 7 40
27 8 18
27 9 34
27 10 43
27 11 14
27 12 48
27 13 27
27 14 18
27 15 28
27 16 5
27 17 9
27 18 42
27 19 29
27 20 12
27 21 53
27 22 49
27 23 8
27 24 56
27 25 46
27 26 15
27 27 -1
27 28 54
27 29 22
27 30 21
27 31 14
27 32 9
27 33 36
27 34 41
27 35 33
27 36 51
27 37 38
27 38 32
27 39 50
27 40 23
27 41 41
27 42 40
27 43 23
27 44 48
27 45 53
27 46 31
27 47 3
27 48 53
27 49 37
27 50 50
27 51 35
27 52 46
27 53 46
27 54 41
27 55 44
27 56 22
27 57 21
27 58 8
27 59 22
27 60 26
27 61 59
27 62 31
27 63 37
27 64 31
27 65 8
28 1 42
28 2 49
28 3 37
28 4 21
28 5 15
28 6 23
28 7 27
28 8 56
28 9 77
28 10 61
28 11 44
28 12 7
28 13 44
28 14 49
28 15 38
28 16 54
28 17 56
28 18 33
28 19 52
28 20 50
28 21 59
28 22 5
28 23 55
28 24 2
28 25 7
28 26 67
28 27 54
28 28 -1
28 29 43
28 30 68
28 31 40
28 32 61
28 33 44
28 34 50
28 35 31
28 36 54
28 37 27
28 38 74
28 39 52
28 40 45
28 41 17
28 42 64
28 43 37
28 44 33
28 45 52
28 46 59
28 47 55
28 48 30
28 49 18
28 50 60
28 51 29
28 52 62
28 53 56
28 54 60
28 55 21
28 56 32
28 57 45
28 58 61
28 59 49
28 60 75
28 61 51
28 62 71
28 63 24
28 64 74
28 65 60
29 1 27
29 2 22
29 3 28
29 4 22
29 5 30
29 6 19
29 7 20
29 8 38
29 9 33
29 10 25
29 11 8
29 12 36
29 13 5
29 14 34
29 15 37
29 16 18
29 17 18
29 18 21
29 19 11
29 20 30
29 21 32
29 22 40
29 23 18
29 24 46
29 25 35
29 26 30
29 27 22
29 28 43
29 29 -1
29 30 26
29 31 20
29 32 32
29 33 13
29 34 19
29 35 13
29 36 29
29 37 18
29 38 31
29 39 28
29 40 2
29 41 26
29 42 25
29 43 31
29 44 27
29 45 30
29 46 17
29 47 21
29 48 32
29 49 32
29 50 29
29 51 15
29 52 27
29 53 25
29 54 23
29 55 26
29 56 23
29 57 2
29 58 25
29 59 38
29 60 34
29 61 37
29 62 28
29 63 20
29 64 31
29 65 31
30 1 50
30 2 25
30 3 41
30 4 48
30 5 54
30 6 46
30 7 47
30 8 38
30 9 13
30 10 34
30 11 24
30 12 61
30 13 28
30 14 39
30 15 49
30 16 17
30 17 13
30 18 46
30 19 24
30 20 33
30 21 45
30 22 65
30 23 14
30 24 71
30 25 60
30 26 10
30 27 21
30 28 68
30 29 26
30 30 -1
30 31 33
30 32 24
30 33 35
30 34 37
30 35 40
30 36 45
30 37 45
30 38 11
30 39 46
30 40 26
30 41 52
30 42 28
30 43 44
30 44 52
30 45 49
30 46 21
30 47 18
30 48 58
30 49 54
30 50 42
30 51 42
30 52 35
30 53 39
30 54 31
30 55 53
30 56 40
30 57 24
30 58 14
30 59 43
30 60 7
30 61 57
30 62 11
30 63 46
30 64 10
30 65 24
31 1 44
31 2 9
31 3 9
31 4 26
31 5 25
31 6 24
31 7 30
31 8 20
31 9 44
31 10 45
31 11 13
31 12 35
31 13 25
31 14 15
31 15 18
31 16 16
31 17 19
31 18 35
31 19 30
31 20 12
31 21 52
31 22 35
31 23 18
31 24 42
31 25 32
31 26 29
31 27 14
31 28 40
31 29 20
31 30 33
31 31 -1
31 32 20
31 33 33
31 34 39
31 35 25
31 36 49
31 37 28
31 38 42
31 39 48
31 40 22
31 41 29
31 42 44
31 43 12
31 44 40
31 45 50
31 46 35
31 47 16
31 48 44
31 49 23
31 50 50
31 51 26
31 52 47
31 53 45
31 54 44
31 55 33
31 56 7
31 57 20
31 58 21
31 59 17
31 60 39
31 61 55
31 62 40
31 63 26
31 64 41
31 65 19
32 1 59
32 2 12
32 3 25
32 4 46
32 5 45
32 6 44
32 7 49
32 8 14
32 9 37
32 10 52
32 11 24
32 12 56
32 13 36
32 14 17
32 15 30
32 16 14
32 17 16
32 18 52
32 19 37
32 20 12
32 21 62
32 22 56
32 23 16
32 24 63
32 25 53
32 26 15
32 27 9
32 28 61
32 29 32
32 30 24
32 31 20
32 32 -1
32 33 45
32 34 50
32 35 42
32 36 60
32 37 47
32 38 36
32 39 60
32 40 33
32 41 49
32 42 48
32 43 26
32 44 58
32 45 62
32 46 39
32 47 10
32 48 62
32 49 43
32 50 59
32 51 44
32 52 54
32 53 55
32 54 50
32 55 53
32 56 28
32 57 30
32 58 11
32 59 20
32 60 28
32 61 69
32 62 36
32 63 46
32 64 34
32 65 1
33 1 15
33 2 35
33 3 40
33 4 24
33 5 36
33 6 22
33 7 17
33 8 52
33 9 38
33 10 16
33 11 22
33 12 37
33 13 8
33 14 48
33 15 49
33 16 31
33 17 30
33 18 13
33 19 11
33 20 43
33 21 19
33 22 43
33 23 30
33 24 47
33 25 38
33 26 41
33 27 36
33 28 44
33 29 13
33 30 35
33 31 33
33 32 45
33 33 -1
33 34 6
33 35 14
33 36 15
33 37 17
33 38 35
33 39 14
33 40 12
33 41 27
33 42 19
33 43 43
33 44 18
33 45 17
33 46 16
33 47 34
33 48 24
33 49 39
33 50 17
33 51 15
33 52 18
33 53 13
33 54 15
33 55 24
33 56 34
33 57 14
33 58 37
33 59 51
33 60 41
33 61 23
33 62 32
33 63 20
33 64 35
33 65 44
34 1 14
34 2 41
34 3 47
34 4 30
34 5 42
34 6 28
34 7 22
34 8 58
34 9 37
34 10 11
34 11 27
34 12 42
34 13 14
34 14 53
34 15 55
34 16 35
34 17 34
34 18 17
34 19 13
34 20 49
34 21 13
34 22 48
34 23 34
34 24 52
34 25 43
34 26 44
34 27 41
34 28 50
34 29 19
34 30 37
34 31 39
34 32 50
34 33 6
34 34 -1
34 35 20
34 36 10
34 37 22
34 38 35
34 39 9
34 40 17
34 41 32
34 42 16
34 43 49
34 44 20
34 45 12
34 46 16
34 47 39
34 48 26
34 49 45
34 50 11
34 51 21
34 52 12
34 53 7
34 54 11
34 55 28
34 56 40
34 57 19
34 58 41
34 59 57
34 60 43
34 61 20
34 62 32
34 63 26
34 64 35
34 65 49
35 1 19
35 2 30
35 3 30
35 4 10
35 5 22
35 6 8
35 7 7
35 8 45
35 9 46
35 10 30
35 11 19
35 12 24
35 13 13
35 14 39
35 15 37
35 16 30
35 17 30
35 18 10
35 19 20
35 20 37
35 21 32
35 22 29
35 23 30
35 24 34
35 25 24
35 26 42
35 27 33
35 28 31
35 29 13
35 30 40
35 31 25
35 32 42
35 33 14
35 34 20
35 35 -1
35 36 27
35 37 5
35 38 43
35 39 26
35 40 14
35 41 13
35 42 32
35 43 32
35 44 15
35 45 27
35 46 27
35 47 33
35 48 20
35 49 25
35 50 31
35 51 2
35 52 32
35 53 27
35 54 29
35 55 13
35 56 23
35 57 15
35 58 37
35 59 42
35 60 47
35 61 31
35 62 41
35 63 7
35 64 44
35 65 41
36 1 13
36 2 51
36 3 56
36 4 36
36 5 48
36 6 34
36 7 28
36 8 67
36 9 44
36 10 13
36 11 37
36 12 47
36 13 24
36 14 63
36 15 64
36 16 45
36 17 43
36 18 21
36 19 22
36 20 59
36 21 5
36 22 54
36 23 44
36 24 56
36 25 49
36 26 53
36 27 51
36 28 54
36 29 29
36 30 45
36 31 49
36 32 60
36 33 15
36 34 10
36 35 27
36 36 -1
36 37 28
36 38 42
36 39 2
36 40 27
36 41 38
36 42 20
36 43 58
36 44 21
36 45 4
36 46 24
36 47 49
36 48 26
36 49 52
36 50 7
36 51 27
36 52 13
36 53 7
36 54 15
36 55 33
36 56 49
36 57 29
36 58 50
36 59 66
36 60 51
36 61 12
36 62 39
36 63 32
36 64 43
36 65 59
37 1 18
37 2 35
37 3 33
37 4 8
37 5 20
37 6 6
37 7 2
37 8 49
37 9 51
37 10 33
37 11 24
37 12 20
37 13 18
37 14 43
37 15 39
37 16 35
37 17 35
37 18 8
37 19 25
37 20 41
37 21 33
37 22 26
37 23 35
37 24 30
37 25 21
37 26 48
37 27 38
37 28 27
37 29 18
37 30 45
37 31 28
37 32 47
37 33 17
37 34 22
37 35 5
37 36 28
37 37 -1
37 38 49
37 39 26
37 40 19
37 41 10
37 42 36
37 43 34
37 44 12
37 45 27
37 46 32
37 47 38
37 48 15
37 49 24
37 50 33
37 51 3
37 52 34
37 53 29
37 54 32
37 55 7
37 56 25
37 57 21
37 58 42
37 59 45
37 60 52
37 61 29
37 62 46
37 63 4
37 64 49
37 65 46
38 1 49
38 2 36
38 3 51
38 4 53
38 5 61
38 6 50
38 7 50
38 8 49
38 9 2
38 10 29
38 11 31
38 12 67
38 13 30
38 14 50
38 15 59
38 16 27
38 17 23
38 18 48
38 19 24
38 20 44
38 21 41
38 22 71
38 23 24
38 24 77
38 25 66
38 26 21
38 27 32
38 28 74
38 29 31
38 30 11
38 31 42
38 32 36
38 33 35
38 34 35
38 35 43
38 36 42
38 37 49
38 38 -1
38 39 43
38 40 29
38 41 57
38 42 22
38 43 54
38 44 53
38 45 46
38 46 18
38 47 29
38 48 59
38 49 61
38 50 37
38 51 46
38 52 30
38 53 35
38 54 27
38 55 56
38 56 49
38 57 29
38 58 25
38 59 54
38 60 11
38 61 54
38 62 3
38 63 50
38 64 1
38 65 35
39 1 10
39 2 50
39 3 55
39 4 34
39 5 46
39 6 32
39 7 26
39 8 67
39 9 45
39 10 15
39 11 37
39 12 45
39 13 23
39 14 62
39 15 63
39 16 45
39 17 43
39 18 19
39 19 23
39 20 58
39 21 7
39 22 52
39 23 44
39 24 54
39 25 47
39 26 54
39 27 50
39 28 52
39 29 28
39 30 46
39 31 48
39 32 60
39 33 14
39 34 9
39 35 26
39 36 2
39 37 26
39 38 43
39 39 -1
39 40 27
39 41 36
39 42 22
39 43 57
39 44 19
39 45 3
39 46 25
39 47 49
39 48 24
39 49 50
39 50 9
39 51 26
39 52 15
39 53 8
39 54 16
39 55 31
39 56 48
39 57 29
39 58 51
39 59 65
39 60 52
39 61 11
39 62 40
39 63 30
39 64 44
39 65 59
40 1 26
40 2 23
40 3 30
40 4 24
40 5 32
40 6 21
40 7 21
40 8 40
40 9 32
40 10 23
40 11 9
40 12 37
40 13 3
40 14 36
40 15 39
40 16 18
40 17 18
40 18 21
40 19 9
40 20 31
40 21 30
40 22 42
40 23 18
40 24 47
40 25 37
40 26 30
40 27 23
40 28 45
40 29 2
40 30 26
40 31 22
40 32 33
40 33 12
40 34 17
40 35 14
40 36 27
40 37 19
40 38 29
40 39 27
40 40 -1
40 41 27
40 42 23
40 43 33
40 44 27
40 45 29
40 46 15
40 47 22
40 48 32
40 49 34
40 50 28
40 51 16
40 52 25
40 53 23
40 54 21
40 55 27
40 56 25
40 57 2
40 58 25
40 59 39
40 60 33
40 61 36
40 62 26
40 63 21
40 64 29
40 65 32
41 1 26
41 2 37
41 3 30
41 4 3
41 5 11
41 6 6
41 7 10
41 8 48
41 9 60
41 10 43
41 11 29
41 12 10
41 13 27
41 14 41
41 15 34
41 16 39
41 17 41
41 18 17
41 19 34
41 20 41
41 21 43
41 22 16
41 23 40
41 24 20
41 25 11
41 26 53
41 27 41
41 28 17
41 29 26
41 30 52
41 31 29
41 32 49
41 33 27
41 34 32
41 35 13
41 36 38
41 37 10
41 38 57
41 39 36
41 40 27
41 41 -1
41 42 46
41 43 31
41 44 18
41 45 36
41 46 41
41 47 41
41 48 19
41 49 16
41 50 43
41 51 12
41 52 45
41 53 39
41 54 43
41 55 6
41 56 23
41 57 28
41 58 46
41 59 43
41 60 59
41 61 37
41 62 54
41 63 6
41 64 57
41 65 48
42 1 30
42 2 42
42 3 53
42 4 43
42 5 54
42 6 41
42 7 37
42 8 59
42 9 24
42 10 7
42 11 31
42 12 56
42 13 21
42 14 56
42 15 62
42 16 34
42 17 31
42 18 32
42 19 14
42 20 51
42 21 19
42 22 62
42 23 32
42 24 67
42 25 57
42 26 38
42 27 40
42 28 64
42 29 25
42 30 28
42 31 44
42 32 48
42 33 19
42 34 16
42 35 32
42 36 20
42 37 36
42 38 22
42 39 22
42 40 23
42 41 46
42 42 -1
42 43 56
42 44 36
42 45 25
42 46 8
42 47 38
42 48 42
42 49 56
42 50 15
42 51 34
42 52 8
42 53 13
42 54 5
42 55 43
42 56 48
42 57 24
42 58 37
42 59 60
42 60 32
42 61 32
42 62 19
42 63 39
42 64 23
42 65 47
43 1 52
43 2 18
43 3 3
43 4 29
43 5 23
43 6 28
43 7 36
43 8 19
43 9 56
43 10 56
43 11 25
43 12 34
43 13 36
43 14 12
43 15 6
43 16 27
43 17 31
43 18 42
43 19 42
43 20 15
43 21 62
43 22 32
43 23 30
43 24 39
43 25 31
43 26 38
43 27 23
43 28 37
43 29 31
43 30 44
43 31 12
43 32 26
43 33 43
43 34 49
43 35 32
43 36 58
43 37 34
43 38 54
43 39 57
43 40 33
43 41 31
43 42 56
43 43 -1
43 44 47
43 45 59
43 46 47
43 47 26
43 48 49
43 49 19
43 50 60
43 51 33
43 52 59
43 53 56
43 54 55
43 55 37
43 56 9
43 57 32
43 58 31
43 59 12
43 60 50
43 61 63
43 62 52
43 63 31
43 64 53
43 65 26
44 1 9
44 2 46
44 3 45
44 4 18
44 5 30
44 6 18
44 7 10
44 8 61
44 9 56
44 10 31
44 11 34
44 12 26
44 13 24
44 14 55
44 15 51
44 16 45
44 17 45
44 18 6
44 19 29
44 20 52
44 21 26
44 22 33
44 23 45
44 24 35
44 25 28
44 26 57
44 27 48
44 28 33
44 29 27
44 30 52
44 31 40
44 32 58
44 33 18
44 34 20
44 35 15
44 36 21
44 37 12
44 38 53
44 39 19
44 40 27
44 41 18
44 42 36
44 43 47
44 44 -1
44 45 19
44 46 34
44 47 48
44 48 5
44 49 34
44 50 28
44 51 14
44 52 32
44 53 25
44 54 31
44 55 12
44 56 38
44 57 29
44 58 52
44 59 57
44 60 59
44 61 18
44 62 50
44 63 15
44 64 54
44 65 57
45 1 10
45 2 53
45 3 57
45 4 35
45 5 47
45 6 33
45 7 26
45 8 69
45 9 48
45 10 18
45 11 39
45 12 45
45 13 26
45 14 65
45 15 64
45 16 48
45 17 46
45 18 19
45 19 25
45 20 61
45 21 8
45 22 52
45 23 47
45 24 54
45 25 47
45 26 57
45 27 53
45 28 52
45 29 30
45 30 49
45 31 50
45 32 62
45 33 17
45 34 12
45 35 27
45 36 4
45 37 27
45 38 46
45 39 3
45 40 29
45 41 36
45 42 25
45 43 59
45 44 19
45 45 -1
45 46 28
45 47 51
45 48 23
45 49 51
45 50 11
45 51 27
45 52 17
45 53 11
45 54 19
45 55 31
45 56 50
45 57 31
45 58 53
45 59 67
45 60 55
45 61 8
45 62 43
45 63 31
45 64 47
45 65 61
46 1 30
46 2 33
46 3 44
46 4 38
46 5 47
46 6 35
46 7 33
46 8 50
46 9 21
46 10 13
46 11 22
46 12 51
46 13 14
46 14 47
46 15 53
46 16 25
46 17 22
46 18 30
46 19 6
46 20 42
46 21 24
46 22 56
46 23 23
46 24 61
46 25 51
46 26 30
46 27 31
46 28 59
46 29 17
46 30 21
46 31 35
46 32 39
46 33 16
46 34 16
46 35 27
46 36 24
46 37 32
46 38 18
46 39 25
46 40 15
46 41 41
46 42 8
46 43 47
46 44 34
46 45 28
46 46 -1
46 47 29
46 48 40
46 49 49
46 50 20
46 51 29
46 52 15
46 53 17
46 54 10
46 55 39
46 56 40
46 57 16
46 58 29
46 59 51
46 60 27
46 61 36
46 62 15
46 63 34
46 64 19
46 65 38
47 1 49
47 2 7
47 3 23
47 4 38
47 5 40
47 6 35
47 7 40
47 8 21
47 9 31
47 10 41
47 11 14
47 12 49
47 13 26
47 14 21
47 15 31
47 16 3
47 17 6
47 18 42
47 19 27
47 20 15
47 21 51
47 22 51
47 23 5
47 24 58
47 25 47
47 26 12
47 27 3
47 28 55
47 29 21
47 30 18
47 31 16
47 32 10
47 33 34
47 34 39
47 35 33
47 36 49
47 37 38
47 38 29
47 39 49
47 40 22
47 41 41
47 42 38
47 43 26
47 44 48
47 45 51
47 46 29
47 47 -1
47 48 53
47 49 39
47 50 48
47 51 35
47 52 43
47 53 44
47 54 39
47 55 44
47 56 24
47 57 20
47 58 5
47 59 25
47 60 23
47 61 58
47 62 28
47 63 37
47 64 28
47 65 10
48 1 13
48 2 50
48 3 47
48 4 20
48 5 30
48 6 20
48 7 13
48 8 64
48 9 62
48 10 36
48 11 39
48 12 24
48 13 30
48 14 58
48 15 53
48 16 50
48 17 50
48 18 11
48 19 35
48 20 56
48 21 31
48 22 31
48 23 50
48 24 32
48 25 27
48 26 62
48 27 53
48 28 30
48 29 32
48 30 58
48 31 44
48 32 62
48 33 24
48 34 26
48 35 20
48 36 26
48 37 15
48 38 59
48 39 24
48 40 32
48 41 19
48 42 42
48 43 49
48 44 5
48 45 23
48 46 40
48 47 53
48 48 -1
48 49 35
48 50 33
48 51 18
48 52 37
48 53 30
48 54 37
48 55 12
48 56 40
48 57 34
48 58 57
48 59 60
48 60 65
48 61 21
48 62 56
48 63 17
48 64 59
48 65 61
49 1 42
49 2 32
49 3 19
49 4 16
49 5 5
49 6 17
49 7 25
49 8 38
49 9 64
49 10 55
49 11 30
49 12 15
49 13 35
49 14 31
49 15 20
49 16 38
49 17 41
49 18 32
49 19 42
49 20 32
49 21 57
49 22 13
49 23 40
49 24 20
49 25 12
49 26 51
49 27 37
49 28 18
49 29 32
49 30 54
49 31 23
49 32 43
49 33 39
49 34 45
49 35 25
49 36 52
49 37 24
49 38 61
49 39 50
49 40 34
49 41 16
49 42 56
49 43 19
49 44 34
49 45 51
49 46 49
49 47 39
49 48 35
49 49 -1
49 50 56
49 51 24
49 52 57
49 53 52
49 54 54
49 55 22
49 56 15
49 57 33
49 58 44
49 59 31
49 60 61
49 61 53
49 62 59
49 63 20
49 64 61
49 65 42
50 1 19
50 2 50
50 3 58
50 4 41
50 5 53
50 6 39
50 7 33
50 8 68
50 9 39
50 10 8
50 11 37
50 12 52
50 13 24
50 14 64
50 15 66
50 16 44
50 17 42
50 18 26
50 19 21
50 20 59
50 21 4
50 22 59
50 23 42
50 24 62
50 25 54
50 26 50
50 27 50
50 28 60
50 29 29
50 30 42
50 31 50
50 32 59
50 33 17
50 34 11
50 35 31
50 36 7
50 37 33
50 38 37
50 39 9
50 40 28
50 41 43
50 42 15
50 43 60
50 44 28
50 45 11
50 46 20
50 47 48
50 48 33
50 49 56
50 50 -1
50 51 32
50 52 7
50 53 4
50 54 10
50 55 38
50 56 52
50 57 30
50 58 49
50 59 67
50 60 46
50 61 18
50 62 34
50 63 37
50 64 38
50 65 58
51 1 19
51 2 32
51 3 31
51 4 9
51 5 21
51 6 7
51 7 5
51 8 47
51 9 48
51 10 31
51 11 21
51 12 22
51 13 15
51 14 41
51 15 38
51 16 32
51 17 32
51 18 9
51 19 22
51 20 38
51 21 32
51 22 28
51 23 32
51 24 32
51 25 23
51 26 45
51 27 35
51 28 29
51 29 15
51 30 42
51 31 26
51 32 44
51 33 15
51 34 21
51 35 2
51 36 27
51 37 3
51 38 46
51 39 26
51 40 16
51 41 12
51 42 34
51 43 33
51 44 14
51 45 27
51 46 29
51 47 35
51 48 18
51 49 24
51 50 32
51 51 -1
51 52 33
51 53 28
51 54 31
51 55 10
51 56 24
51 57 17
51 58 39
51 59 43
51 60 49
51 61 30
51 62 43
51 63 5
51 64 46
51 65 43
52 1 24
52 2 47
52 3 56
52 4 42
52 5 54
52 6 40
52 7 35
52 8 64
52 9 32
52 10 2
52 11 34
52 12 55
52 13 22
52 14 61
52 15 65
52 16 40
52 17 37
52 18 29
52 19 17
52 20 56
52 21 11
52 22 61
52 23 38
52 24 65
52 25 56
52 26 45
52 27 46
52 28 62
52 29 27
52 30 35
52 31 47
52 32 54
52 33 18
52 34 12
52 35 32
52 36 13
52 37 34
52 38 30
52 39 15
52 40 25
52 41 45
52 42 8
52 43 59
52 44 32
52 45 17
52 46 15
52 47 43
52 48 37
52 49 57
52 50 7
52 51 33
52 52 -1
52 53 7
52 54 4
52 55 41
52 56 50
52 57 27
52 58 44
52 59 64
52 60 40
52 61 25
52 62 27
52 63 38
52 64 31
52 65 53
53 1 17
53 2 46
53 3 53
53 4 37
53 5 49
53 6 35
53 7 29
53 8 63
53 9 37
53 10 6
53 11 33
53 12 49
53 13 20
53 14 60
53 15 62
53 16 40
53 17 38
53 18 23
53 19 17
53 20 55
53 21 7
53 22 55
53 23 38
53 24 58
53 25 50
53 26 47
53 27 46
53 28 56
53 29 25
53 30 39
53 31 45
53 32 55
53 33 13
53 34 7
53 35 27
53 36 7
53 37 29
53 38 35
53 39 8
53 40 23
53 41 39
53 42 13
53 43 56
53 44 25
53 45 11
53 46 17
53 47 44
53 48 30
53 49 52
53 50 4
53 51 28
53 52 7
53 53 -1
53 54 8
53 55 35
53 56 47
53 57 25
53 58 45
53 59 63
53 60 44
53 61 19
53 62 32
53 63 33
53 64 36
53 65 54
54 1 25
54 2 43
54 3 52
54 4 40
54 5 51
54 6 37
54 7 33
54 8 60
54 9 29
54 10 2
54 11 30
54 12 53
54 13 19
54 14 57
54 15 61
54 16 36
54 17 33
54 18 28
54 19 13
54 20 52
54 21 14
54 22 59
54 23 33
54 24 63
54 25 54
54 26 41
54 27 41
54 28 60
54 29 23
54 30 31
54 31 44
54 32 50
54 33 15
54 34 11
54 35 29
54 36 15
54 37 32
54 38 27
54 39 16
54 40 21
54 41 43
54 42 5
54 43 55
54 44 31
54 45 19
54 46 10
54 47 39
54 48 37
54 49 54
54 50 10
54 51 31
54 52 4
54 53 8
54 54 -1
54 55 39
54 56 47
54 57 23
54 58 39
54 59 60
54 60 36
54 61 27
54 62 24
54 63 36
54 64 28
54 65 49
55 1 21
55 2 41
55 3 35
55 4 7
55 5 18
55 6 9
55 7 6
55 8 53
55 9 59
55 10 39
55 11 31
55 12 14
55 13 26
55 14 47
55 15 41
55 16 41
55 17 43
55 18 12
55 19 33
55 20 45
55 21 38
55 22 21
55 23 42
55 24 23
55 25 16
55 26 55
55 27 44
55 28 21
55 29 26
55 30 53
55 31 33
55 32 53
55 33 24
55 34 28
55 35 13
55 36 33
55 37 7
55 38 56
55 39 31
55 40 27
55 41 6
55 42 43
55 43 37
55 44 12
55 45 31
55 46 39
55 47 44
55 48 12
55 49 22
55 50 38
55 51 10
55 52 41
55 53 35
55 54 39
55 55 -1
55 56 28
55 57 28
55 58 49
55 59 48
55 60 60
55 61 31
55 62 53
55 63 7
55 64 57
55 65 52
56 1 43
56 2 17
56 3 7
56 4 21
56 5 17
56 6 20
56 7 27
56 8 25
56 9 51
56 10 48
56 11 18
56 12 28
56 13 27
56 14 18
56 15 14
56 16 23
56 17 26
56 18 33
56 19 34
56 20 18
56 21 53
56 22 28
56 23 26
56 24 35
56 25 25
56 26 36
56 27 22
56 28 32
56 29 23
56 30 40
56 31 7
56 32 28
56 33 34
56 34 40
56 35 23
56 36 49
56 37 25
56 38 49
56 39 48
56 40 25
56 41 23
56 42 48
56 43 9
56 44 38
56 45 50
56 46 40
56 47 24
56 48 40
56 49 15
56 50 52
56 51 24
56 52 50
56 53 47
56 54 47
56 55 28
56 56 -1
56 57 24
56 58 29
56 59 19
56 60 46
56 61 54
56 62 47
56 63 22
56 64 48
56 65 27
57 1 28
57 2 21
57 3 29
57 4 24
57 5 32
57 6 21
57 7 22
57 8 38
57 9 31
57 10 25
57 11 7
57 12 38
57 13 5
57 14 34
57 15 38
57 16 16
57 17 16
57 18 23
57 19 10
57 20 29
57 21 32
57 22 42
57 23 16
57 24 48
57 25 37
57 26 28
57 27 21
57 28 45
57 29 2
57 30 24
57 31 20
57 32 30
57 33 14
57 34 19
57 35 15
57 36 29
57 37 21
57 38 29
57 39 29
57 40 2
57 41 28
57 42 24
57 43 32
57 44 29
57 45 31
57 46 16
57 47 20
57 48 34
57 49 33
57 50 30
57 51 17
57 52 27
57 53 25
57 54 23
57 55 28
57 56 24
57 57 -1
57 58 23
57 59 37
57 60 31
57 61 38
57 62 26
57 63 22
57 64 29
57 65 29
58 1 51
58 2 13
58 3 29
58 4 43
58 5 46
58 6 40
58 7 44
58 8 24
58 9 27
58 10 42
58 11 18
58 12 55
58 13 28
58 14 25
58 15 36
58 16 7
58 17 7
58 18 46
58 19 28
58 20 19
58 21 52
58 22 56
58 23 7
58 24 63
58 25 53
58 26 7
58 27 8
58 28 61
58 29 25
58 30 14
58 31 21
58 32 11
58 33 37
58 34 41
58 35 37
58 36 50
58 37 42
58 38 25
58 39 51
58 40 25
58 41 46
58 42 37
58 43 31
58 44 52
58 45 53
58 46 29
58 47 5
58 48 57
58 49 44
58 50 49
58 51 39
58 52 44
58 53 45
58 54 39
58 55 49
58 56 29
58 57 23
58 58 -1
58 59 29
58 60 18
58 61 61
58 62 25
58 63 42
58 64 24
58 65 10
59 1 61
59 2 18
59 3 12
59 4 40
59 5 35
59 6 39
59 7 47
59 8 8
59 9 56
59 10 62
59 11 30
59 12 46
59 13 43
59 14 4
59 15 12
59 16 27
59 17 31
59 18 52
59 19 47
59 20 10
59 21 70
59 22 44
59 23 30
59 24 51
59 25 43
59 26 34
59 27 22
59 28 49
59 29 38
59 30 43
59 31 17
59 32 20
59 33 51
59 34 57
59 35 42
59 36 66
59 37 45
59 38 54
59 39 65
59 40 39
59 41 43
59 42 60
59 43 12
59 44 57
59 45 67
59 46 51
59 47 25
59 48 60
59 49 31
59 50 67
59 51 43
59 52 64
59 53 63
59 54 60
59 55 48
59 56 19
59 57 37
59 58 29
59 59 -1
59 60 47
59 61 73
59 62 53
59 63 42
59 64 53
59 65 20
60 1 56
60 2 31
60 3 47
60 4 56
60 5 61
60 6 53
60 7 54
60 8 42
60 9 11
60 10 38
60 11 31
60 12 69
60 13 35
60 14 43
60 15 55
60 16 23
60 17 20
60 18 53
60 19 30
60 20 37
60 21 50
60 22 72
60 23 20
60 24 78
60 25 68
60 26 13
60 27 26
60 28 75
60 29 34
60 30 7
60 31 39
60 32 28
60 33 41
60 34 43
60 35 47
60 36 51
60 37 52
60 38 11
60 39 52
60 40 33
60 41 59
60 42 32
60 43 50
60 44 59
60 45 55
60 46 27
60 47 23
60 48 65
60 49 61
60 50 46
60 51 49
60 52 40
60 53 44
60 54 36
60 55 60
60 56 46
60 57 31
60 58 18
60 59 47
60 60 -1
60 61 63
60 62 13
60 63 53
60 64 10
60 65 28
61 1 11
61 2 59
61 3 61
61 4 37
61 5 49
61 6 36
61 7 28
61 8 75
61 9 56
61 10 25
61 11 45
61 12 44
61 13 32
61 14 70
61 15 68
61 16 55
61 17 53
61 18 21
61 19 33
61 20 66
61 21 15
61 22 52
61 23 54
61 24 53
61 25 47
61 26 64
61 27 59
61 28 51
61 29 37
61 30 57
61 31 55
61 32 69
61 33 23
61 34 20
61 35 31
61 36 12
61 37 29
61 38 54
61 39 11
61 40 36
61 41 37
61 42 32
61 43 63
61 44 18
61 45 8
61 46 36
61 47 58
61 48 21
61 49 53
61 50 18
61 51 30
61 52 25
61 53 19
61 54 27
61 55 31
61 56 54
61 57 38
61 58 61
61 59 73
61 60 63
61 61 -1
61 62 51
61 63 33
61 64 55
61 65 68
62 1 46
62 2 35
62 3 49
62 4 50
62 5 58
62 6 48
62 7 47
62 8 49
62 9 5
62 10 26
62 11 29
62 12 64
62 13 27
62 14 49
62 15 58
62 16 26
62 17 22
62 18 45
62 19 21
62 20 43
62 21 38
62 22 68
62 23 23
62 24 74
62 25 64
62 26 22
62 27 31
62 28 71
62 29 28
62 30 11
62 31 40
62 32 36
62 33 32
62 34 32
62 35 41
62 36 39
62 37 46
62 38 3
62 39 40
62 40 26
62 41 54
62 42 19
62 43 52
62 44 50
62 45 43
62 46 15
62 47 28
62 48 56
62 49 59
62 50 34
62 51 43
62 52 27
62 53 32
62 54 24
62 55 53
62 56 47
62 57 26
62 58 25
62 59 53
62 60 13
62 61 51
62 62 -1
62 63 48
62 64 4
62 65 35
63 1 22
63 2 34
63 3 30
63 4 4
63 5 16
63 6 2
63 7 5
63 8 47
63 9 53
63 10 36
63 11 24
63 12 17
63 13 20
63 14 40
63 15 36
63 16 34
63 17 36
63 18 12
63 19 28
63 20 39
63 21 37
63 22 22
63 23 35
63 24 27
63 25 17
63 26 48
63 27 37
63 28 24
63 29 20
63 30 46
63 31 26
63 32 46
63 33 20
63 34 26
63 35 7
63 36 32
63 37 4
63 38 50
63 39 30
63 40 21
63 41 6
63 42 39
63 43 31
63 44 15
63 45 31
63 46 34
63 47 37
63 48 17
63 49 20
63 50 37
63 51 5
63 52 38
63 53 33
63 54 36
63 55 7
63 56 22
63 57 22
63 58 42
63 59 42
63 60 53
63 61 33
63 62 48
63 63 -1
63 64 50
63 65 45
64 1 50
64 2 35
64 3 50
64 4 53
64 5 61
64 6 50
64 7 50
64 8 48
64 9 3
64 10 30
64 11 30
64 12 67
64 13 30
64 14 49
64 15 59
64 16 26
64 17 22
64 18 48
64 19 24
64 20 43
64 21 42
64 22 71
64 23 23
64 24 77
64 25 66
64 26 20
64 27 31
64 28 74
64 29 31
64 30 10
64 31 41
64 32 34
64 33 35
64 34 35
64 35 44
64 36 43
64 37 49
64 38 1
64 39 44
64 40 29
64 41 57
64 42 23
64 43 53
64 44 54
64 45 47
64 46 19
64 47 28
64 48 59
64 49 61
64 50 38
64 51 46
64 52 31
64 53 36
64 54 28
64 55 57
64 56 48
64 57 29
64 58 24
64 59 53
64 60 10
64 61 55
64 62 4
64 63 50
64 64 -1
64 65 34
65 1 58
65 2 11
65 3 24
65 4 45
65 5 44
65 6 43
65 7 48
65 8 14
65 9 37
65 10 51
65 11 23
65 12 55
65 13 35
65 14 16
65 15 30
65 16 13
65 17 16
65 18 51
65 19 37
65 20 11
65 21 61
65 22 55
65 23 15
65 24 62
65 25 52
65 26 15
65 27 8
65 28 60
65 29 31
65 30 24
65 31 19
65 32 1
65 33 44
65 34 49
65 35 41
65 36 59
65 37 46
65 38 35
65 39 59
65 40 32
65 41 48
65 42 47
65 43 26
65 44 57
65 45 61
65 46 38
65 47 10
65 48 61
65 49 42
65 50 58
65 51 43
65 52 53
65 53 54
65 54 49
65 55 52
65 56 27
65 57 29
65 58 10
65 59 20
65 60 28
65 61 68
65 62 35
65 63 45
65 64 34
65 65 -1
