6 35
6 4
6 37
6 7
6 41
6 51
6 55
6 63
17 2
17 58
17 11
17 47
17 16
17 23
17 26
17 27
12 5
12 41
12 22
12 24
12 25
12 28
3 43
3 14
3 15
3 56
3 59
3 31
31 2
31 3
31 43
31 20
31 56
26 47
26 17
26 23
26 58
26 60
26 30
46 42
46 19
46 54
60 64
60 38
60 9
60 26
60 30
38 64
38 9
38 30
38 60
38 62
13 33
13 40
13 19
13 57
13 29
14 3
14 8
14 43
14 20
14 59
33 40
33 34
33 19
33 13
7 35
7 4
7 37
7 6
7 41
7 44
7 18
7 51
7 55
7 63
65 32
65 2
65 47
65 20
65 58
65 27
2 32
2 65
2 47
2 16
2 17
2 20
2 23
2 27
2 31
57 40
57 11
57 13
57 19
57 29
64 38
64 9
64 62
64 60
64 30
53 34
53 36
53 39
53 10
53 45
53 50
53 52
53 21
53 54
23 2
23 58
23 11
23 47
23 16
23 17
23 26
23 27
49 25
49 5
28 24
28 25
28 12
28 22
30 64
30 38
30 26
30 60
30 62
19 33
19 40
19 13
19 46
19 57
19 29
47 32
47 65
47 2
47 58
47 16
47 17
47 23
47 26
47 27
21 36
21 39
21 10
21 45
21 50
21 52
21 53
43 3
43 14
43 15
43 56
43 59
43 31
51 35
51 4
51 37
51 6
51 7
51 41
51 18
51 55
51 63
39 1
39 34
39 36
39 45
39 50
39 21
39 53
39 61
37 35
37 4
37 6
37 7
37 41
37 44
37 18
37 51
37 55
37 63
15 43
15 3
15 59
44 1
44 37
44 7
44 48
44 18
44 55
36 1
36 34
36 39
36 45
36 50
36 21
36 53
36 61
4 35
4 37
4 5
4 6
4 7
4 41
4 51
4 55
4 63
55 4
55 37
55 6
55 7
55 41
55 44
55 48
55 18
55 51
55 63
18 1
18 35
18 37
18 7
18 44
18 48
18 51
18 55
18 63
56 43
56 3
56 31
25 5
25 41
25 12
25 49
25 22
25 24
25 28
41 4
41 5
41 6
41 7
41 37
41 12
41 51
41 55
41 25
41 63
48 18
48 44
48 55
63 35
63 4
63 37
63 6
63 7
63 41
63 18
63 51
63 55
35 4
35 37
35 6
35 7
35 18
35 51
35 63
62 38
62 9
62 64
62 30
9 62
9 64
9 60
9 38
50 34
50 36
50 39
50 10
50 45
50 52
50 21
50 53
50 54
52 34
52 10
52 42
52 50
52 21
52 53
52 54
61 1
61 36
61 45
61 39
54 34
54 10
54 42
54 46
54 50
54 52
54 53
22 5
22 12
22 24
22 25
22 28
27 32
27 65
27 2
27 47
27 16
27 17
27 20
27 23
27 58
11 40
11 16
11 17
11 23
11 57
11 29
29 40
29 11
29 13
29 19
29 57
24 25
24 12
24 28
24 22
40 33
40 11
40 13
40 19
40 57
40 29
20 32
20 65
20 2
20 8
20 59
20 14
20 27
20 31
58 32
58 65
58 47
58 16
58 17
58 23
58 26
58 27
