1 1 -1
1 2 14
1 3 8
1 4 12
1 5 16
1 6 15
1 7 14
1 8 13
1 9 13
1 10 14
1 11 12
1 12 8
1 13 12
1 14 12
1 15 2
2 1 14
2 2 -1
2 3 9
2 4 13
2 5 6
2 6 7
2 7 5
2 8 2
2 9 16
2 10 3
2 11 7
2 12 6
2 13 2
2 14 14
2 15 16
3 1 8
3 2 9
3 3 -1
3 4 5
3 5 7
3 6 6
3 7 5
3 8 9
3 9 7
3 10 7
3 11 11
3 12 6
3 13 7
3 14 6
3 15 9
4 1 12
4 2 13
4 3 5
4 4 -1
4 5 10
4 6 8
4 7 9
4 8 14
4 9 2
4 10 11
4 11 16
4 12 12
4 13 12
4 14 1
4 15 11
5 1 16
5 2 6
5 3 7
5 4 10
5 5 -1
5 6 2
5 7 2
5 8 8
5 9 12
5 10 3
5 11 13
5 12 10
5 13 7
5 14 11
5 15 16
6 1 15
6 2 7
6 3 6
6 4 8
6 5 2
6 6 -1
6 7 2
6 8 9
6 9 10
6 10 4
6 11 13
6 12 10
6 13 7
6 14 9
6 15 15
7 1 14
7 2 5
7 3 5
7 4 9
7 5 2
7 6 2
7 7 -1
7 8 7
7 9 11
7 10 2
7 11 11
7 12 8
7 13 5
7 14 10
7 15 14
8 1 13
8 2 2
8 3 9
8 4 14
8 5 8
8 6 9
8 7 7
8 8 -1
8 9 17
8 10 5
8 11 5
8 12 5
8 13 2
8 14 15
8 15 15
9 1 13
9 2 16
9 3 7
9 4 2
9 5 12
9 6 10
9 7 11
9 8 17
9 9 -1
9 10 13
9 11 19
9 12 14
9 13 14
9 14 1
9 15 12
10 1 14
10 2 3
10 3 7
10 4 11
10 5 3
10 6 4
10 7 2
10 8 5
10 9 13
10 10 -1
10 11 10
10 12 7
10 13 4
10 14 12
10 15 15
11 1 12
11 2 7
11 3 11
11 4 16
11 5 13
11 6 13
11 7 11
11 8 5
11 9 19
11 10 10
11 11 -1
11 12 5
11 13 6
11 14 17
11 15 14
12 1 8
12 2 6
12 3 6
12 4 12
12 5 10
12 6 10
12 7 8
12 8 5
12 9 14
12 10 7
12 11 5
12 12 -1
12 13 4
12 14 12
12 15 10
13 1 12
13 2 2
13 3 7
13 4 12
13 5 7
13 6 7
13 7 5
13 8 2
13 9 14
13 10 4
13 11 6
13 12 4
13 13 -1
13 14 13
13 15 13
14 1 12
14 2 14
14 3 6
14 4 1
14 5 11
14 6 9
14 7 10
14 8 15
14 9 1
14 10 12
14 11 17
14 12 12
14 13 13
14 14 -1
14 15 11
15 1 2
15 2 16
15 3 9
15 4 11
15 5 16
15 6 15
15 7 14
15 8 15
15 9 12
15 10 15
15 11 14
15 12 10
15 13 13
15 14 11
15 15 -1
