1 1 -1
1 2 20
1 3 7
1 4 14
1 5 15
1 6 30
1 7 11
1 8 29
1 9 8
1 10 20
1 11 25
1 12 26
1 13 36
1 14 39
1 15 15
1 16 24
1 17 26
1 18 5
1 19 4
1 20 5
1 21 17
1 22 23
1 23 29
1 24 23
1 25 32
1 26 26
1 27 33
1 28 6
1 29 13
1 30 34
1 31 12
1 32 26
1 33 29
1 34 28
1 35 10
1 36 12
2 1 20
2 2 -1
2 3 14
2 4 7
2 5 17
2 6 16
2 7 15
2 8 8
2 9 25
2 10 6
2 11 6
2 12 20
2 13 15
2 14 19
2 15 15
2 16 18
2 17 6
2 18 19
2 19 21
2 20 21
2 21 11
2 22 17
2 23 20
2 24 10
2 25 13
2 26 10
2 27 19
2 28 18
2 29 22
2 30 16
2 31 14
2 32 5
2 33 16
2 34 26
2 35 11
2 36 19
3 1 7
3 2 14
3 3 -1
3 4 9
3 5 10
3 6 27
3 7 5
3 8 22
3 9 14
3 10 13
3 11 19
3 12 25
3 13 30
3 14 34
3 15 14
3 16 23
3 17 20
3 18 8
3 19 10
3 20 10
3 21 10
3 22 16
3 23 28
3 24 16
3 25 27
3 26 19
3 27 30
3 28 9
3 29 16
3 30 29
3 31 5
3 32 20
3 33 26
3 34 29
3 35 8
3 36 14
4 1 14
4 2 7
4 3 9
4 4 -1
4 5 15
4 6 18
4 7 12
4 8 15
4 9 17
4 10 10
4 11 13
4 12 17
4 13 22
4 14 25
4 15 9
4 16 15
4 17 12
4 18 12
4 19 14
4 20 14
4 21 11
4 22 19
4 23 19
4 24 14
4 25 18
4 26 16
4 27 21
4 28 11
4 29 15
4 30 20
4 31 12
4 32 12
4 33 17
4 34 22
4 35 4
4 36 12
5 1 15
5 2 17
5 3 10
5 4 15
5 5 -1
5 6 33
5 7 5
5 8 22
5 9 24
5 10 12
5 11 18
5 12 33
5 13 31
5 14 36
5 15 23
5 16 31
5 17 23
5 18 18
5 19 19
5 20 20
5 21 6
5 22 8
5 23 35
5 24 12
5 25 30
5 26 16
5 27 36
5 28 19
5 29 26
5 30 33
5 31 4
5 32 21
5 33 32
5 34 38
5 35 16
5 36 24
6 1 30
6 2 16
6 3 27
6 4 18
6 5 33
6 6 -1
6 7 30
6 8 17
6 9 30
6 10 23
6 11 18
6 12 11
6 13 14
6 14 12
6 15 17
6 16 10
6 17 11
6 18 26
6 19 29
6 20 28
6 21 27
6 22 33
6 23 8
6 24 26
6 25 7
6 26 24
6 27 3
6 28 26
6 29 23
6 30 7
6 31 30
6 32 14
6 33 2
6 34 17
6 35 20
6 36 21
7 1 11
7 2 15
7 3 5
7 4 12
7 5 5
7 6 30
7 7 -1
7 8 22
7 9 19
7 10 12
7 11 18
7 12 29
7 13 30
7 14 34
7 15 19
7 16 27
7 17 21
7 18 13
7 19 14
7 20 15
7 21 6
7 22 12
7 23 31
7 24 13
7 25 28
7 26 17
7 27 33
7 28 14
7 29 21
7 30 31
7 31 1
7 32 20
7 33 29
7 34 33
7 35 12
7 36 19
8 1 29
8 2 8
8 3 22
8 4 15
8 5 22
8 6 17
8 7 22
8 8 -1
8 9 33
8 10 10
8 11 3
8 12 25
8 13 9
8 14 15
8 15 23
8 16 23
8 17 6
8 18 27
8 19 30
8 20 30
8 21 16
8 22 19
8 23 24
8 24 11
8 25 11
8 26 8
8 27 20
8 28 27
8 29 30
8 30 13
8 31 21
8 32 4
8 33 18
8 34 31
8 35 19
8 36 27
9 1 8
9 2 25
9 3 14
9 4 17
9 5 24
9 6 30
9 7 19
9 8 33
9 9 -1
9 10 27
9 11 30
9 12 22
9 13 38
9 14 40
9 15 13
9 16 21
9 17 29
9 18 6
9 19 4
9 20 4
9 21 24
9 22 31
9 23 26
9 24 30
9 25 33
9 26 33
9 27 32
9 28 6
9 29 8
9 30 35
9 31 20
9 32 30
9 33 28
9 34 23
9 35 13
9 36 8
10 1 20
10 2 6
10 3 13
10 4 10
10 5 12
10 6 23
10 7 12
10 8 10
10 9 27
10 10 -1
10 11 6
10 12 26
10 13 19
10 14 24
10 15 20
10 16 24
10 17 12
10 18 21
10 19 23
10 20 23
10 21 5
10 22 10
10 23 27
10 24 3
10 25 19
10 26 6
10 27 25
10 28 21
10 29 25
10 30 22
10 31 11
10 32 10
10 33 22
10 34 32
10 35 14
10 36 22
11 1 25
11 2 6
11 3 19
11 4 13
11 5 18
11 6 18
11 7 18
11 8 3
11 9 30
11 10 6
11 11 -1
11 12 25
11 13 12
11 14 18
11 15 21
11 16 23
11 17 7
11 18 25
11 19 27
11 20 27
11 21 12
11 22 16
11 23 24
11 24 8
11 25 13
11 26 5
11 27 21
11 28 24
11 29 28
11 30 16
11 31 17
11 32 4
11 33 19
11 34 31
11 35 17
11 36 25
12 1 26
12 2 20
12 3 25
12 4 17
12 5 33
12 6 11
12 7 29
12 8 25
12 9 22
12 10 26
12 11 25
12 12 -1
12 13 25
12 14 23
12 15 11
12 16 2
12 17 18
12 18 21
12 19 23
12 20 22
12 21 29
12 22 36
12 23 4
12 24 30
12 25 18
12 26 30
12 27 12
12 28 20
12 29 14
12 30 18
12 31 29
12 32 21
12 33 9
12 34 6
12 35 17
12 36 14
13 1 36
13 2 15
13 3 30
13 4 22
13 5 31
13 6 14
13 7 30
13 8 9
13 9 38
13 10 19
13 11 12
13 12 25
13 13 -1
13 14 6
13 15 26
13 16 24
13 17 10
13 18 33
13 19 36
13 20 36
13 21 25
13 22 28
13 23 22
13 24 20
13 25 7
13 26 17
13 27 15
13 28 33
13 29 33
13 30 8
13 31 30
13 32 10
13 33 16
13 34 31
13 35 25
13 36 31
14 1 39
14 2 19
14 3 34
14 4 25
14 5 36
14 6 12
14 7 34
14 8 15
14 9 40
14 10 24
14 11 18
14 12 23
14 13 6
14 14 -1
14 15 27
14 16 22
14 17 13
14 18 36
14 19 38
14 20 38
14 21 30
14 22 34
14 23 20
14 24 26
14 25 7
14 26 23
14 27 12
14 28 35
14 29 34
14 30 5
14 31 34
14 32 14
14 33 14
14 34 29
14 35 28
14 36 32
15 1 15
15 2 15
15 3 14
15 4 9
15 5 23
15 6 17
15 7 19
15 8 23
15 9 13
15 10 20
15 11 21
15 12 11
15 13 26
15 14 27
15 15 -1
15 16 9
15 17 17
15 18 10
15 19 13
15 20 12
15 21 20
15 22 28
15 23 14
15 24 23
15 25 20
15 26 25
15 27 19
15 28 9
15 29 7
15 30 22
15 31 19
15 32 19
15 33 15
15 34 14
15 35 7
15 36 5
16 1 24
16 2 18
16 3 23
16 4 15
16 5 31
16 6 10
16 7 27
16 8 23
16 9 21
16 10 24
16 11 23
16 12 2
16 13 24
16 14 22
16 15 9
16 16 -1
16 17 17
16 18 19
16 19 21
16 20 20
16 21 26
16 22 34
16 23 5
16 24 28
16 25 17
16 26 28
16 27 12
16 28 18
16 29 13
16 30 17
16 31 27
16 32 19
16 33 8
16 34 8
16 35 15
16 36 13
17 1 26
17 2 6
17 3 20
17 4 12
17 5 23
17 6 11
17 7 21
17 8 6
17 9 29
17 10 12
17 11 7
17 12 18
17 13 10
17 14 13
17 15 17
17 16 17
17 17 -1
17 18 23
17 19 26
17 20 26
17 21 17
17 22 22
17 23 17
17 24 14
17 25 7
17 26 13
17 27 14
17 28 23
17 29 24
17 30 10
17 31 21
17 32 2
17 33 12
17 34 25
17 35 15
17 36 21
18 1 5
18 2 19
18 3 8
18 4 12
18 5 18
18 6 26
18 7 13
18 8 27
18 9 6
18 10 21
18 11 25
18 12 21
18 13 33
18 14 36
18 15 10
18 16 19
18 17 23
18 18 -1
18 19 2
18 20 2
18 21 18
18 22 25
18 23 24
18 24 24
18 25 29
18 26 27
18 27 29
18 28 1
18 29 8
18 30 31
18 31 14
18 32 24
18 33 25
18 34 23
18 35 8
18 36 7
19 1 4
19 2 21
19 3 10
19 4 14
19 5 19
19 6 29
19 7 14
19 8 30
19 9 4
19 10 23
19 11 27
19 12 23
19 13 36
19 14 38
19 15 13
19 16 21
19 17 26
19 18 2
19 19 -1
19 20 1
19 21 20
19 22 26
19 23 27
19 24 26
19 25 31
19 26 29
19 27 32
19 28 3
19 29 10
19 30 33
19 31 15
19 32 27
19 33 27
19 34 25
19 35 10
19 36 9
20 1 5
20 2 21
20 3 10
20 4 14
20 5 20
20 6 28
20 7 15
20 8 30
20 9 4
20 10 23
20 11 27
20 12 22
20 13 36
20 14 38
20 15 12
20 16 20
20 17 26
20 18 2
20 19 1
20 20 -1
20 21 20
20 22 27
20 23 26
20 24 26
20 25 31
20 26 29
20 27 31
20 28 2
20 29 9
20 30 33
20 31 16
20 32 26
20 33 26
20 34 24
20 35 10
20 36 8
21 1 17
21 2 11
21 3 10
21 4 11
21 5 6
21 6 27
21 7 6
21 8 16
21 9 24
21 10 5
21 11 12
21 12 29
21 13 25
21 14 30
21 15 20
21 16 26
21 17 17
21 18 18
21 19 20
21 20 20
21 21 -1
21 22 7
21 23 30
21 24 6
21 25 24
21 26 10
21 27 30
21 28 18
21 29 25
21 30 27
21 31 5
21 32 15
21 33 26
21 34 34
21 35 13
21 36 21
22 1 23
22 2 17
22 3 16
22 4 19
22 5 8
22 6 33
22 7 12
22 8 19
22 9 31
22 10 10
22 11 16
22 12 36
22 13 28
22 14 34
22 15 28
22 16 34
22 17 22
22 18 25
22 19 26
22 20 27
22 21 7
22 22 -1
22 23 37
22 24 8
22 25 29
22 26 11
22 27 36
22 28 26
22 29 32
22 30 32
22 31 11
22 32 20
22 33 33
22 34 41
22 35 21
22 36 29
23 1 29
23 2 20
23 3 28
23 4 19
23 5 35
23 6 8
23 7 31
23 8 24
23 9 26
23 10 27
23 11 24
23 12 4
23 13 22
23 14 20
23 15 14
23 16 5
23 17 17
23 18 24
23 19 27
23 20 26
23 21 30
23 22 37
23 23 -1
23 24 30
23 25 15
23 26 30
23 27 8
23 28 23
23 29 18
23 30 15
23 31 31
23 32 20
23 33 6
23 34 9
23 35 20
23 36 18
24 1 23
24 2 10
24 3 16
24 4 14
24 5 12
24 6 26
24 7 13
24 8 11
24 9 30
24 10 3
24 11 8
24 12 30
24 13 20
24 14 26
24 15 23
24 16 28
24 17 14
24 18 24
24 19 26
24 20 26
24 21 6
24 22 8
24 23 30
24 24 -1
24 25 21
24 26 4
24 27 28
24 28 24
24 29 29
24 30 24
24 31 12
24 32 12
24 33 25
24 34 36
24 35 17
24 36 26
25 1 32
25 2 13
25 3 27
25 4 18
25 5 30
25 6 7
25 7 28
25 8 11
25 9 33
25 10 19
25 11 13
25 12 18
25 13 7
25 14 7
25 15 20
25 16 17
25 17 7
25 18 29
25 19 31
25 20 31
25 21 24
25 22 29
25 23 15
25 24 21
25 25 -1
25 26 18
25 27 9
25 28 28
25 29 27
25 30 3
25 31 28
25 32 9
25 33 9
25 34 24
25 35 21
25 36 25
26 1 26
26 2 10
26 3 19
26 4 16
26 5 16
26 6 24
26 7 17
26 8 8
26 9 33
26 10 6
26 11 5
26 12 30
26 13 17
26 14 23
26 15 25
26 16 28
26 17 13
26 18 27
26 19 29
26 20 29
26 21 10
26 22 11
26 23 30
26 24 4
26 25 18
26 26 -1
26 27 27
26 28 27
26 29 31
26 30 21
26 31 16
26 32 10
26 33 25
26 34 36
26 35 20
26 36 28
27 1 33
27 2 19
27 3 30
27 4 21
27 5 36
27 6 3
27 7 33
27 8 20
27 9 32
27 10 25
27 11 21
27 12 12
27 13 15
27 14 12
27 15 19
27 16 12
27 17 14
27 18 29
27 19 32
27 20 31
27 21 30
27 22 36
27 23 8
27 24 28
27 25 9
27 26 27
27 27 -1
27 28 28
27 29 25
27 30 7
27 31 33
27 32 17
27 33 4
27 34 17
27 35 23
27 36 24
28 1 6
28 2 18
28 3 9
28 4 11
28 5 19
28 6 26
28 7 14
28 8 27
28 9 6
28 10 21
28 11 24
28 12 20
28 13 33
28 14 35
28 15 9
28 16 18
28 17 23
28 18 1
28 19 3
28 20 2
28 21 18
28 22 26
28 23 23
28 24 24
28 25 28
28 26 27
28 27 28
28 28 -1
28 29 8
28 30 30
28 31 15
28 32 24
28 33 24
28 34 22
28 35 7
28 36 6
29 1 13
29 2 22
29 3 16
29 4 15
29 5 26
29 6 23
29 7 21
29 8 30
29 9 8
29 10 25
29 11 28
29 12 14
29 13 33
29 14 34
29 15 7
29 16 13
29 17 24
29 18 8
29 19 10
29 20 9
29 21 25
29 22 32
29 23 18
29 24 29
29 25 27
29 26 31
29 27 25
29 28 8
29 29 -1
29 30 29
29 31 22
29 32 26
29 33 21
29 34 15
29 35 11
29 36 3
30 1 34
30 2 16
30 3 29
30 4 20
30 5 33
30 6 7
30 7 31
30 8 13
30 9 35
30 10 22
30 11 16
30 12 18
30 13 8
30 14 5
30 15 22
30 16 17
30 17 10
30 18 31
30 19 33
30 20 33
30 21 27
30 22 32
30 23 15
30 24 24
30 25 3
30 26 21
30 27 7
30 28 30
30 29 29
30 30 -1
30 31 31
30 32 12
30 33 9
30 34 24
30 35 23
30 36 27
31 1 12
31 2 14
31 3 5
31 4 12
31 5 4
31 6 30
31 7 1
31 8 21
31 9 20
31 10 11
31 11 17
31 12 29
31 13 30
31 14 34
31 15 19
31 16 27
31 17 21
31 18 14
31 19 15
31 20 16
31 21 5
31 22 11
31 23 31
31 24 12
31 25 28
31 26 16
31 27 33
31 28 15
31 29 22
31 30 31
31 31 -1
31 32 20
31 33 29
31 34 34
31 35 12
31 36 19
32 1 26
32 2 5
32 3 20
32 4 12
32 5 21
32 6 14
32 7 20
32 8 4
32 9 30
32 10 10
32 11 4
32 12 21
32 13 10
32 14 14
32 15 19
32 16 19
32 17 2
32 18 24
32 19 27
32 20 26
32 21 15
32 22 20
32 23 20
32 24 12
32 25 9
32 26 10
32 27 17
32 28 24
32 29 26
32 30 12
32 31 20
32 32 -1
32 33 14
32 34 27
32 35 16
32 36 23
33 1 29
33 2 16
33 3 26
33 4 17
33 5 32
33 6 2
33 7 29
33 8 18
33 9 28
33 10 22
33 11 19
33 12 9
33 13 16
33 14 14
33 15 15
33 16 8
33 17 12
33 18 25
33 19 27
33 20 26
33 21 26
33 22 33
33 23 6
33 24 25
33 25 9
33 26 25
33 27 4
33 28 24
33 29 21
33 30 9
33 31 29
33 32 14
33 33 -1
33 34 15
33 35 18
33 36 19
34 1 28
34 2 26
34 3 29
34 4 22
34 5 38
34 6 17
34 7 33
34 8 31
34 9 23
34 10 32
34 11 31
34 12 6
34 13 31
34 14 29
34 15 14
34 16 8
34 17 25
34 18 23
34 19 25
34 20 24
34 21 34
34 22 41
34 23 9
34 24 36
34 25 24
34 26 36
34 27 17
34 28 22
34 29 15
34 30 24
34 31 34
34 32 27
34 33 15
34 34 -1
34 35 21
34 36 16
35 1 10
35 2 11
35 3 8
35 4 4
35 5 16
35 6 20
35 7 12
35 8 19
35 9 13
35 10 14
35 11 17
35 12 17
35 13 25
35 14 28
35 15 7
35 16 15
35 17 15
35 18 8
35 19 10
35 20 10
35 21 13
35 22 21
35 23 20
35 24 17
35 25 21
35 26 20
35 27 23
35 28 7
35 29 11
35 30 23
35 31 12
35 32 16
35 33 18
35 34 21
35 35 -1
35 36 8
36 1 12
36 2 19
36 3 14
36 4 12
36 5 24
36 6 21
36 7 19
36 8 27
36 9 8
36 10 22
36 11 25
36 12 14
36 13 31
36 14 32
36 15 5
36 16 13
36 17 21
36 18 7
36 19 9
36 20 8
36 21 21
36 22 29
36 23 18
36 24 26
36 25 25
36 26 28
36 27 24
36 28 6
36 29 3
36 30 27
36 31 19
36 32 23
36 33 19
36 34 16
36 35 8
36 36 -1
