1 1 -1
1 2 7
1 3 5
1 4 12
1 5 9
1 6 5
1 7 10
1 8 13
1 9 13
1 10 5
1 11 8
1 12 15
1 13 9
1 14 14
1 15 8
1 16 6
1 17 6
1 18 10
1 19 11
1 20 5
1 21 13
2 1 7
2 2 -1
2 3 2
2 4 18
2 5 14
2 6 11
2 7 3
2 8 12
2 9 13
2 10 11
2 11 15
2 12 11
2 13 5
2 14 18
2 15 2
2 16 13
2 17 8
2 18 7
2 19 12
2 20 11
2 21 18
3 1 5
3 2 2
3 3 -1
3 4 16
3 5 12
3 6 10
3 7 5
3 8 11
3 9 11
3 10 10
3 11 13
3 12 11
3 13 7
3 14 16
3 15 3
3 16 11
3 17 8
3 18 6
3 19 10
3 20 9
3 21 16
4 1 12
4 2 18
4 3 16
4 4 -1
4 5 4
4 6 12
4 7 21
4 8 17
4 9 13
4 10 11
4 11 5
4 12 21
4 13 22
4 14 5
4 15 19
4 16 11
4 17 18
4 18 18
4 19 11
4 20 7
4 21 1
5 1 9
5 2 14
5 3 12
5 4 4
5 5 -1
5 6 10
5 7 17
5 8 13
5 9 10
5 10 9
5 11 5
5 12 18
5 13 18
5 14 5
5 15 15
5 16 10
5 17 15
5 18 14
5 19 7
5 20 4
5 21 4
6 1 5
6 2 11
6 3 10
6 4 12
6 5 10
6 6 -1
6 7 14
6 8 18
6 9 17
6 10 1
6 11 7
6 12 20
6 13 12
6 14 16
6 15 13
6 16 2
6 17 6
6 18 15
6 19 15
6 20 7
6 21 13
7 1 10
7 2 3
7 3 5
7 4 21
7 5 17
7 6 14
7 7 -1
7 8 12
7 9 14
7 10 14
7 11 18
7 12 10
7 13 6
7 14 21
7 15 2
7 16 16
7 17 10
7 18 6
7 19 14
7 20 14
7 21 21
8 1 13
8 2 12
8 3 11
8 4 17
8 5 13
8 6 18
8 7 12
8 8 -1
8 9 4
8 10 18
8 11 17
8 12 5
8 13 17
8 14 14
8 15 10
8 16 19
8 17 19
8 18 5
8 19 6
8 20 13
8 21 17
9 1 13
9 2 13
9 3 11
9 4 13
9 5 10
9 6 17
9 7 14
9 8 4
9 9 -1
9 10 16
9 11 15
9 12 9
9 13 18
9 14 10
9 15 12
9 16 18
9 17 19
9 18 7
9 19 2
9 20 11
9 21 13
10 1 5
10 2 11
10 3 10
10 4 11
10 5 9
10 6 1
10 7 14
10 8 18
10 9 16
10 10 -1
10 11 5
10 12 20
10 13 13
10 14 14
10 15 13
10 16 1
10 17 7
10 18 15
10 19 14
10 20 6
10 21 12
11 1 8
11 2 15
11 3 13
11 4 5
11 5 5
11 6 7
11 7 18
11 8 17
11 9 15
11 10 5
11 11 -1
11 12 21
11 13 17
11 14 10
11 15 16
11 16 5
11 17 13
11 18 16
11 19 12
11 20 4
11 21 6
12 1 15
12 2 11
12 3 11
12 4 21
12 5 18
12 6 20
12 7 10
12 8 5
12 9 9
12 10 20
12 11 21
12 12 -1
12 13 16
12 14 19
12 15 9
12 16 21
12 17 19
12 18 5
12 19 11
12 20 16
12 21 21
13 1 9
13 2 5
13 3 7
13 4 22
13 5 18
13 6 12
13 7 6
13 8 17
13 9 18
13 10 13
13 11 17
13 12 16
13 13 -1
13 14 23
13 15 7
13 16 14
13 17 6
13 18 12
13 19 18
13 20 14
13 21 22
14 1 14
14 2 18
14 3 16
14 4 5
14 5 5
14 6 16
14 7 21
14 8 14
14 9 10
14 10 14
14 11 10
14 12 19
14 13 23
14 14 -1
14 15 18
14 16 15
14 17 20
14 18 16
14 19 8
14 20 9
14 21 4
15 1 8
15 2 2
15 3 3
15 4 19
15 5 15
15 6 13
15 7 2
15 8 10
15 9 12
15 10 13
15 11 16
15 12 9
15 13 7
15 14 18
15 15 -1
15 16 14
15 17 10
15 18 5
15 19 12
15 20 12
15 21 19
16 1 6
16 2 13
16 3 11
16 4 11
16 5 10
16 6 2
16 7 16
16 8 19
16 9 18
16 10 1
16 11 5
16 12 21
16 13 14
16 14 15
16 15 14
16 16 -1
16 17 8
16 18 16
16 19 15
16 20 7
16 21 12
17 1 6
17 2 8
17 3 8
17 4 18
17 5 15
17 6 6
17 7 10
17 8 19
17 9 19
17 10 7
17 11 13
17 12 19
17 13 6
17 14 20
17 15 10
17 16 8
17 17 -1
17 18 14
17 19 17
17 20 11
17 21 19
18 1 10
18 2 7
18 3 6
18 4 18
18 5 14
18 6 15
18 7 6
18 8 5
18 9 7
18 10 15
18 11 16
18 12 5
18 13 12
18 14 16
18 15 5
18 16 16
18 17 14
18 18 -1
18 19 8
18 20 12
18 21 18
19 1 11
19 2 12
19 3 10
19 4 11
19 5 7
19 6 15
19 7 14
19 8 6
19 9 2
19 10 14
19 11 12
19 12 11
19 13 18
19 14 8
19 15 12
19 16 15
19 17 17
19 18 8
19 19 -1
19 20 8
19 21 10
20 1 5
20 2 11
20 3 9
20 4 7
20 5 4
20 6 7
20 7 14
20 8 13
20 9 11
20 10 6
20 11 4
20 12 16
20 13 14
20 14 9
20 15 12
20 16 7
20 17 11
20 18 12
20 19 8
20 20 -1
20 21 8
21 1 13
21 2 18
21 3 16
21 4 1
21 5 4
21 6 13
21 7 21
21 8 17
21 9 13
21 10 12
21 11 6
21 12 21
21 13 22
21 14 4
21 15 19
21 16 12
21 17 19
21 18 18
21 19 10
21 20 8
21 21 -1
