1 1 -1
1 2 28
1 3 15
1 4 30
1 5 22
1 6 21
1 7 28
1 8 32
1 9 27
1 10 27
1 11 25
1 12 18
1 13 25
1 14 28
1 15 16
1 16 9
1 17 23
1 18 14
1 19 21
1 20 22
1 21 23
1 22 10
1 23 7
1 24 14
1 25 22
1 26 6
1 27 21
1 28 14
1 29 25
1 30 14
1 31 9
1 32 3
1 33 15
1 34 15
1 35 13
1 36 22
1 37 17
1 38 18
1 39 12
1 40 16
1 41 20
1 42 28
1 43 17
1 44 11
1 45 13
2 1 28
2 2 -1
2 3 21
2 4 31
2 5 38
2 6 49
2 7 20
2 8 33
2 9 3
2 10 10
2 11 53
2 12 42
2 13 6
2 14 25
2 15 40
2 16 29
2 17 38
2 18 14
2 19 47
2 20 30
2 21 41
2 22 38
2 23 22
2 24 19
2 25 21
2 26 31
2 27 14
2 28 20
2 29 13
2 30 43
2 31 22
2 32 29
2 33 13
2 34 27
2 35 42
2 36 23
2 37 45
2 38 38
2 39 39
2 40 26
2 41 33
2 42 2
2 43 45
2 44 38
2 45 42
3 1 15
3 2 21
3 3 -1
3 4 16
3 5 35
3 6 32
3 7 13
3 8 19
3 9 18
3 10 15
3 11 34
3 12 21
3 13 21
3 14 13
3 15 20
3 16 9
3 17 36
3 18 10
3 19 27
3 20 11
3 21 20
3 22 23
3 23 9
3 24 19
3 25 7
3 26 14
3 27 22
3 28 1
3 29 11
3 30 27
3 31 16
3 32 14
3 33 14
3 34 6
3 35 25
3 36 28
3 37 27
3 38 18
3 39 27
3 40 25
3 41 13
3 42 22
3 43 31
3 44 26
3 45 28
4 1 30
4 2 31
4 3 16
4 4 -1
4 5 51
4 6 41
4 7 11
4 8 2
4 9 28
4 10 21
4 11 41
4 12 27
4 13 33
4 14 6
4 15 27
4 16 21
4 17 52
4 18 25
4 19 32
4 20 9
4 21 20
4 22 35
4 23 25
4 24 35
4 25 10
4 26 26
4 27 37
4 28 17
4 29 18
4 30 38
4 31 33
4 32 27
4 33 30
4 34 14
4 35 36
4 36 44
4 37 37
4 38 21
4 39 40
4 40 41
4 41 13
4 42 33
4 43 42
4 44 39
4 45 40
5 1 22
5 2 38
5 3 35
5 4 51
5 5 -1
5 6 32
5 7 46
5 8 54
5 9 38
5 10 42
5 11 38
5 12 37
5 13 32
5 14 48
5 15 35
5 16 31
5 17 2
5 18 28
5 19 38
5 20 43
5 21 44
5 22 23
5 23 25
5 24 19
5 25 42
5 26 27
5 27 24
5 28 33
5 29 41
5 30 25
5 31 18
5 32 25
5 33 25
5 34 37
5 35 26
5 36 15
5 37 30
5 38 39
5 39 18
5 40 12
5 41 42
5 42 36
5 43 23
5 44 17
5 45 22
6 1 21
6 2 49
6 3 32
6 4 41
6 5 32
6 6 -1
6 7 44
6 8 43
6 9 48
6 10 46
6 11 6
6 12 14
6 13 46
6 14 42
6 15 14
6 16 22
6 17 34
6 18 35
6 19 10
6 20 32
6 21 23
6 22 11
6 23 27
6 24 35
6 25 38
6 26 18
6 27 42
6 28 31
6 29 43
6 30 7
6 31 30
6 32 20
6 33 36
6 34 28
6 35 7
6 36 40
6 37 4
6 38 20
6 39 14
6 40 33
6 41 28
6 42 49
6 43 9
6 44 15
6 45 10
7 1 28
7 2 20
7 3 13
7 4 11
7 5 46
7 6 44
7 7 -1
7 8 13
7 9 17
7 10 10
7 11 46
7 12 32
7 13 24
7 14 5
7 15 31
7 16 22
7 17 47
7 18 18
7 19 38
7 20 14
7 21 27
7 22 36
7 23 21
7 24 29
7 25 6
7 26 27
7 27 29
7 28 14
7 29 7
7 30 40
7 31 28
7 32 27
7 33 22
7 34 15
7 35 38
7 36 37
7 37 40
7 38 26
7 39 40
7 40 36
7 41 19
7 42 22
7 43 44
7 44 39
7 45 41
8 1 32
8 2 33
8 3 19
8 4 2
8 5 54
8 6 43
8 7 13
8 8 -1
8 9 30
8 10 23
8 11 43
8 12 29
8 13 36
8 14 8
8 15 29
8 16 24
8 17 55
8 18 28
8 19 34
8 20 11
8 21 21
8 22 37
8 23 28
8 24 38
8 25 13
8 26 29
8 27 40
8 28 20
8 29 20
8 30 41
8 31 36
8 32 30
8 33 32
8 34 17
8 35 38
8 36 47
8 37 39
8 38 23
8 39 43
8 40 44
8 41 15
8 42 35
8 43 45
8 44 42
8 45 42
9 1 27
9 2 3
9 3 18
9 4 28
9 5 38
9 6 48
9 7 17
9 8 30
9 9 -1
9 10 7
9 11 51
9 12 39
9 13 7
9 14 22
9 15 38
9 16 26
9 17 38
9 18 12
9 19 45
9 20 27
9 21 38
9 22 37
9 23 20
9 24 19
9 25 18
9 26 29
9 27 15
9 28 18
9 29 10
9 30 41
9 31 21
9 32 28
9 33 13
9 34 24
9 35 40
9 36 24
9 37 43
9 38 36
9 39 38
9 40 26
9 41 31
9 42 5
9 43 44
9 44 37
9 45 41
10 1 27
10 2 10
10 3 15
10 4 21
10 5 42
10 6 46
10 7 10
10 8 23
10 9 7
10 10 -1
10 11 49
10 12 36
10 13 15
10 14 15
10 15 35
10 16 24
10 17 43
10 18 14
10 19 42
10 20 22
10 21 34
10 22 37
10 23 20
10 24 23
10 25 12
10 26 28
10 27 21
10 28 15
10 29 3
10 30 41
10 31 24
10 32 27
10 33 16
10 34 20
10 35 39
10 36 30
10 37 42
10 38 32
10 39 39
10 40 30
10 41 26
10 42 13
10 43 44
10 44 38
10 45 41
11 1 25
11 2 53
11 3 34
11 4 41
11 5 38
11 6 6
11 7 46
11 8 43
11 9 51
11 10 49
11 11 -1
11 12 14
11 13 51
11 14 43
11 15 14
11 16 25
11 17 40
11 18 39
11 19 9
11 20 32
11 21 22
11 22 16
11 23 31
11 24 40
11 25 40
11 26 21
11 27 47
11 28 34
11 29 46
11 30 13
11 31 34
11 32 24
11 33 41
11 34 30
11 35 13
11 36 45
11 37 8
11 38 20
11 39 20
11 40 39
11 41 28
11 42 53
11 43 15
11 44 21
11 45 16
12 1 18
12 2 42
12 3 21
12 4 27
12 5 37
12 6 14
12 7 32
12 8 29
12 9 39
12 10 36
12 11 14
12 12 -1
12 13 40
12 14 29
12 15 2
12 16 13
12 17 39
12 18 28
12 19 5
12 20 18
12 21 8
12 22 13
12 23 21
12 24 32
12 25 26
12 26 12
12 27 38
12 28 21
12 29 33
12 30 14
12 31 27
12 32 15
12 33 31
12 34 16
12 35 12
12 36 40
12 37 11
12 38 6
12 39 20
12 40 34
12 41 14
12 42 42
12 43 19
12 44 20
12 45 17
13 1 25
13 2 6
13 3 21
13 4 33
13 5 32
13 6 46
13 7 24
13 8 36
13 9 7
13 10 15
13 11 51
13 12 40
13 13 -1
13 14 28
13 15 38
13 16 27
13 17 32
13 18 12
13 19 45
13 20 32
13 21 41
13 22 35
13 23 19
13 24 13
13 25 23
13 26 29
13 27 8
13 28 20
13 29 16
13 30 39
13 31 17
13 32 27
13 33 9
13 34 27
13 35 38
13 36 17
13 37 42
13 38 38
13 39 35
13 40 20
13 41 34
13 42 4
13 43 41
13 44 34
13 45 38
14 1 28
14 2 25
14 3 13
14 4 6
14 5 48
14 6 42
14 7 5
14 8 8
14 9 22
14 10 15
14 11 43
14 12 29
14 13 28
14 14 -1
14 15 28
14 16 21
14 17 49
14 18 21
14 19 35
14 20 11
14 21 23
14 22 35
14 23 22
14 24 31
14 25 6
14 26 26
14 27 32
14 28 14
14 29 12
14 30 39
14 31 30
14 32 26
14 33 25
14 34 14
14 35 37
14 36 40
14 37 38
14 38 23
14 39 39
14 40 38
14 41 15
14 42 27
14 43 43
14 44 39
14 45 40
15 1 16
15 2 40
15 3 20
15 4 27
15 5 35
15 6 14
15 7 31
15 8 29
15 9 38
15 10 35
15 11 14
15 12 2
15 13 38
15 14 28
15 15 -1
15 16 11
15 17 37
15 18 26
15 19 7
15 20 18
15 21 10
15 22 12
15 23 19
15 24 30
15 25 25
15 26 10
15 27 36
15 28 20
15 29 32
15 30 13
15 31 25
15 32 13
15 33 29
15 34 15
15 35 11
15 36 38
15 37 10
15 38 6
15 39 18
15 40 32
15 41 14
15 42 41
15 43 18
15 44 18
15 45 16
16 1 9
16 2 29
16 3 9
16 4 21
16 5 31
16 6 22
16 7 22
16 8 24
16 9 26
16 10 24
16 11 25
16 12 13
16 13 27
16 14 21
16 15 11
16 16 -1
16 17 32
16 18 15
16 19 18
16 20 13
16 21 15
16 22 14
16 23 9
16 24 21
16 25 16
16 26 5
16 27 26
16 28 9
16 29 21
16 30 18
16 31 16
16 32 6
16 33 18
16 34 7
16 35 16
16 36 29
16 37 18
16 38 11
16 39 18
16 40 24
16 41 11
16 42 29
16 43 22
16 44 18
16 45 19
17 1 23
17 2 38
17 3 36
17 4 52
17 5 2
17 6 34
17 7 47
17 8 55
17 9 38
17 10 43
17 11 40
17 12 39
17 13 32
17 14 49
17 15 37
17 16 32
17 17 -1
17 18 29
17 19 40
17 20 45
17 21 46
17 22 25
17 23 27
17 24 19
17 25 43
17 26 29
17 27 24
17 28 35
17 29 42
17 30 27
17 31 19
17 32 26
17 33 26
17 34 38
17 35 28
17 36 15
17 37 32
17 38 41
17 39 20
17 40 12
17 41 44
17 42 36
17 43 25
17 44 19
17 45 24
18 1 14
18 2 14
18 3 10
18 4 25
18 5 28
18 6 35
18 7 18
18 8 28
18 9 12
18 10 14
18 11 39
18 12 28
18 13 12
18 14 21
18 15 26
18 16 15
18 17 29
18 18 -1
18 19 33
18 20 21
18 21 29
18 22 24
18 23 7
18 24 10
18 25 15
18 26 17
18 27 12
18 28 9
18 29 12
18 30 29
18 31 10
18 32 15
18 33 4
18 34 16
18 35 28
18 36 19
18 37 31
18 38 26
18 39 26
18 40 17
18 41 23
18 42 14
18 43 31
18 44 25
18 45 28
19 1 21
19 2 47
19 3 27
19 4 32
19 5 38
19 6 10
19 7 38
19 8 34
19 9 45
19 10 42
19 11 9
19 12 5
19 13 45
19 14 35
19 15 7
19 16 18
19 17 40
19 18 33
19 19 -1
19 20 24
19 21 13
19 22 15
19 23 26
19 24 36
19 25 32
19 26 16
19 27 43
19 28 27
19 29 39
19 30 14
19 31 31
19 32 19
19 33 36
19 34 22
19 35 12
19 36 43
19 37 9
19 38 11
19 39 20
19 40 37
19 41 19
19 42 48
19 43 18
19 44 21
19 45 17
20 1 22
20 2 30
20 3 11
20 4 9
20 5 43
20 6 32
20 7 14
20 8 11
20 9 27
20 10 22
20 11 32
20 12 18
20 13 32
20 14 11
20 15 18
20 16 13
20 17 45
20 18 21
20 19 24
20 20 -1
20 21 12
20 22 26
20 23 18
20 24 30
20 25 10
20 26 17
20 27 33
20 28 12
20 29 18
20 30 29
20 31 26
20 32 19
20 33 25
20 34 6
20 35 27
20 36 39
20 37 28
20 38 12
20 39 31
20 40 35
20 41 4
20 42 32
20 43 33
20 44 31
20 45 31
21 1 23
21 2 41
21 3 20
21 4 20
21 5 44
21 6 23
21 7 27
21 8 21
21 9 38
21 10 34
21 11 22
21 12 8
21 13 41
21 14 23
21 15 10
21 16 15
21 17 46
21 18 29
21 19 13
21 20 12
21 21 -1
21 22 21
21 23 24
21 24 36
21 25 22
21 26 17
21 27 41
21 28 21
21 29 30
21 30 23
21 31 31
21 32 19
21 33 33
21 34 14
21 35 21
21 36 44
21 37 20
21 38 4
21 39 28
21 40 39
21 41 8
21 42 42
21 43 28
21 44 28
21 45 26
22 1 10
22 2 38
22 3 23
22 4 35
22 5 23
22 6 11
22 7 36
22 8 37
22 9 37
22 10 37
22 11 16
22 12 13
22 13 35
22 14 35
22 15 12
22 16 14
22 17 25
22 18 24
22 19 15
22 20 26
22 21 21
22 22 -1
22 23 17
22 24 23
22 25 30
22 26 9
22 27 30
22 28 22
22 29 34
22 30 4
22 31 18
22 32 9
22 33 25
22 34 21
22 35 3
22 36 29
22 37 7
22 38 17
22 39 6
22 40 22
22 41 23
22 42 38
22 43 8
22 44 6
22 45 5
23 1 7
23 2 22
23 3 9
23 4 25
23 5 25
23 6 27
23 7 21
23 8 28
23 9 20
23 10 20
23 11 31
23 12 21
23 13 19
23 14 22
23 15 19
23 16 9
23 17 27
23 18 7
23 19 26
23 20 18
23 21 24
23 22 17
23 23 -1
23 24 12
23 25 16
23 26 10
23 27 17
23 28 8
23 29 18
23 30 21
23 31 8
23 32 7
23 33 9
23 34 12
23 35 20
23 36 20
23 37 23
23 38 20
23 39 19
23 40 16
23 41 18
23 42 21
23 43 24
23 44 18
23 45 21
24 1 14
24 2 19
24 3 19
24 4 35
24 5 19
24 6 35
24 7 29
24 8 38
24 9 19
24 10 23
24 11 40
24 12 32
24 13 13
24 14 31
24 15 30
24 16 21
24 17 19
24 18 10
24 19 36
24 20 30
24 21 36
24 22 23
24 23 12
24 24 -1
24 25 25
24 26 20
24 27 7
24 28 18
24 29 22
24 30 27
24 31 5
24 32 17
24 33 6
24 34 24
24 35 27
24 36 8
24 37 31
24 38 32
24 39 22
24 40 7
24 41 31
24 42 17
24 43 29
24 44 21
24 45 26
25 1 22
25 2 21
25 3 7
25 4 10
25 5 42
25 6 38
25 7 6
25 8 13
25 9 18
25 10 12
25 11 40
25 12 26
25 13 23
25 14 6
25 15 25
25 16 16
25 17 43
25 18 15
25 19 32
25 20 10
25 21 22
25 22 30
25 23 16
25 24 25
25 25 -1
25 26 21
25 27 26
25 28 8
25 29 8
25 30 34
25 31 23
25 32 21
25 33 19
25 34 9
25 35 32
25 36 34
25 37 33
25 38 21
25 39 34
25 40 31
25 41 14
25 42 23
25 43 38
25 44 33
25 45 35
26 1 6
26 2 31
26 3 14
26 4 26
26 5 27
26 6 18
26 7 27
26 8 29
26 9 29
26 10 28
26 11 21
26 12 12
26 13 29
26 14 26
26 15 10
26 16 5
26 17 29
26 18 17
26 19 16
26 20 17
26 21 17
26 22 9
26 23 10
26 24 20
26 25 21
26 26 -1
26 27 26
26 28 13
26 29 25
26 30 13
26 31 15
26 32 3
26 33 19
26 34 12
26 35 11
26 36 28
26 37 13
26 38 12
26 39 13
26 40 22
26 41 15
26 42 31
26 43 17
26 44 13
26 45 14
27 1 21
27 2 14
27 3 22
27 4 37
27 5 24
27 6 42
27 7 29
27 8 40
27 9 15
27 10 21
27 11 47
27 12 38
27 13 8
27 14 32
27 15 36
27 16 26
27 17 24
27 18 12
27 19 43
27 20 33
27 21 41
27 22 30
27 23 17
27 24 7
27 25 26
27 26 26
27 27 -1
27 28 21
27 29 21
27 30 34
27 31 12
27 32 23
27 33 8
27 34 28
27 35 34
27 36 9
27 37 38
27 38 37
27 39 29
27 40 12
27 41 35
27 42 12
27 43 36
27 44 28
27 45 33
28 1 14
28 2 20
28 3 1
28 4 17
28 5 33
28 6 31
28 7 14
28 8 20
28 9 18
28 10 15
28 11 34
28 12 21
28 13 20
28 14 14
28 15 20
28 16 9
28 17 35
28 18 9
28 19 27
28 20 12
28 21 21
28 22 22
28 23 8
28 24 18
28 25 8
28 26 13
28 27 21
28 28 -1
28 29 12
28 30 26
28 31 15
28 32 13
28 33 13
28 34 7
28 35 25
28 36 27
28 37 27
28 38 18
28 39 26
28 40 24
28 41 14
28 42 21
28 43 30
28 44 25
28 45 27
29 1 25
29 2 13
29 3 11
29 4 18
29 5 41
29 6 43
29 7 7
29 8 20
29 9 10
29 10 3
29 11 46
29 12 33
29 13 16
29 14 12
29 15 32
29 16 21
29 17 42
29 18 12
29 19 39
29 20 18
29 21 30
29 22 34
29 23 18
29 24 22
29 25 8
29 26 25
29 27 21
29 28 12
29 29 -1
29 30 38
29 31 22
29 32 24
29 33 16
29 34 16
29 35 37
29 36 30
29 37 39
29 38 29
29 39 37
29 40 29
29 41 22
29 42 15
29 43 41
29 44 36
29 45 38
30 1 14
30 2 43
30 3 27
30 4 38
30 5 25
30 6 7
30 7 40
30 8 41
30 9 41
30 10 41
30 11 13
30 12 14
30 13 39
30 14 39
30 15 13
30 16 18
30 17 27
30 18 29
30 19 14
30 20 29
30 21 23
30 22 4
30 23 21
30 24 27
30 25 34
30 26 13
30 27 34
30 28 26
30 29 38
30 30 -1
30 31 22
30 32 13
30 33 29
30 34 25
30 35 2
30 36 32
30 37 5
30 38 19
30 39 7
30 40 26
30 41 26
30 42 42
30 43 4
30 44 8
30 45 3
31 1 9
31 2 22
31 3 16
31 4 33
31 5 18
31 6 30
31 7 28
31 8 36
31 9 21
31 10 24
31 11 34
31 12 27
31 13 17
31 14 30
31 15 25
31 16 16
31 17 19
31 18 10
31 19 31
31 20 26
31 21 31
31 22 18
31 23 8
31 24 5
31 25 23
31 26 15
31 27 12
31 28 15
31 29 22
31 30 22
31 31 -1
31 32 12
31 33 8
31 34 20
31 35 22
31 36 13
31 37 26
31 38 27
31 39 18
31 40 8
31 41 26
31 42 21
31 43 24
31 44 16
31 45 21
32 1 3
32 2 29
32 3 14
32 4 27
32 5 25
32 6 20
32 7 27
32 8 30
32 9 28
32 10 27
32 11 24
32 12 15
32 13 27
32 14 26
32 15 13
32 16 6
32 17 26
32 18 15
32 19 19
32 20 19
32 21 19
32 22 9
32 23 7
32 24 17
32 25 21
32 26 3
32 27 23
32 28 13
32 29 24
32 30 13
32 31 12
32 32 -1
32 33 17
32 34 13
32 35 12
32 36 25
32 37 15
32 38 15
32 39 13
32 40 19
32 41 17
32 42 29
32 43 17
32 44 12
32 45 14
33 1 15
33 2 13
33 3 14
33 4 30
33 5 25
33 6 36
33 7 22
33 8 32
33 9 13
33 10 16
33 11 41
33 12 31
33 13 9
33 14 25
33 15 29
33 16 18
33 17 26
33 18 4
33 19 36
33 20 25
33 21 33
33 22 25
33 23 9
33 24 6
33 25 19
33 26 19
33 27 8
33 28 13
33 29 16
33 30 29
33 31 8
33 32 17
33 33 -1
33 34 20
33 35 29
33 36 14
33 37 32
33 38 29
33 39 25
33 40 13
33 41 27
33 42 13
33 43 31
33 44 24
33 45 28
34 1 15
34 2 27
34 3 6
34 4 14
34 5 37
34 6 28
34 7 15
34 8 17
34 9 24
34 10 20
34 11 30
34 12 16
34 13 27
34 14 14
34 15 15
34 16 7
34 17 38
34 18 16
34 19 22
34 20 6
34 21 14
34 22 21
34 23 12
34 24 24
34 25 9
34 26 12
34 27 28
34 28 7
34 29 16
34 30 25
34 31 20
34 32 13
34 33 20
34 34 -1
34 35 23
34 36 33
34 37 24
34 38 12
34 39 26
34 40 29
34 41 7
34 42 28
34 43 29
34 44 25
34 45 26
35 1 13
35 2 42
35 3 25
35 4 36
35 5 26
35 6 7
35 7 38
35 8 38
35 9 40
35 10 39
35 11 13
35 12 12
35 13 38
35 14 37
35 15 11
35 16 16
35 17 28
35 18 28
35 19 12
35 20 27
35 21 21
35 22 3
35 23 20
35 24 27
35 25 32
35 26 11
35 27 34
35 28 25
35 29 37
35 30 2
35 31 22
35 32 12
35 33 29
35 34 23
35 35 -1
35 36 32
35 37 4
35 38 17
35 39 8
35 40 26
35 41 24
35 42 41
35 43 6
35 44 9
35 45 5
36 1 22
36 2 23
36 3 28
36 4 44
36 5 15
36 6 40
36 7 37
36 8 47
36 9 24
36 10 30
36 11 45
36 12 40
36 13 17
36 14 40
36 15 38
36 16 29
36 17 15
36 18 19
36 19 43
36 20 39
36 21 44
36 22 29
36 23 20
36 24 8
36 25 34
36 26 28
36 27 9
36 28 27
36 29 30
36 30 32
36 31 13
36 32 25
36 33 14
36 34 33
36 35 32
36 36 -1
36 37 37
36 38 40
36 39 26
36 40 6
36 41 39
36 42 21
36 43 32
36 44 25
36 45 30
37 1 17
37 2 45
37 3 27
37 4 37
37 5 30
37 6 4
37 7 40
37 8 39
37 9 43
37 10 42
37 11 8
37 12 11
37 13 42
37 14 38
37 15 10
37 16 18
37 17 32
37 18 31
37 19 9
37 20 28
37 21 20
37 22 7
37 23 23
37 24 31
37 25 33
37 26 13
37 27 38
37 28 27
37 29 39
37 30 5
37 31 26
37 32 15
37 33 32
37 34 24
37 35 4
37 36 37
37 37 -1
37 38 16
37 39 12
37 40 30
37 41 24
37 42 45
37 43 8
37 44 13
37 45 8
38 1 18
38 2 38
38 3 18
38 4 21
38 5 39
38 6 20
38 7 26
38 8 23
38 9 36
38 10 32
38 11 20
38 12 6
38 13 38
38 14 23
38 15 6
38 16 11
38 17 41
38 18 26
38 19 11
38 20 12
38 21 4
38 22 17
38 23 20
38 24 32
38 25 21
38 26 12
38 27 37
38 28 18
38 29 29
38 30 19
38 31 27
38 32 15
38 33 29
38 34 12
38 35 17
38 36 40
38 37 16
38 38 -1
38 39 24
38 40 34
38 41 8
38 42 39
38 43 24
38 44 24
38 45 22
39 1 12
39 2 39
39 3 27
39 4 40
39 5 18
39 6 14
39 7 40
39 8 43
39 9 38
39 10 39
39 11 20
39 12 20
39 13 35
39 14 39
39 15 18
39 16 18
39 17 20
39 18 26
39 19 20
39 20 31
39 21 28
39 22 6
39 23 19
39 24 22
39 25 34
39 26 13
39 27 29
39 28 26
39 29 37
39 30 7
39 31 18
39 32 13
39 33 25
39 34 26
39 35 8
39 36 26
39 37 12
39 38 24
39 39 -1
39 40 19
39 41 29
39 42 38
39 43 6
39 44 1
39 45 4
40 1 16
40 2 26
40 3 25
40 4 41
40 5 12
40 6 33
40 7 36
40 8 44
40 9 26
40 10 30
40 11 39
40 12 34
40 13 20
40 14 38
40 15 32
40 16 24
40 17 12
40 18 17
40 19 37
40 20 35
40 21 39
40 22 22
40 23 16
40 24 7
40 25 31
40 26 22
40 27 12
40 28 24
40 29 29
40 30 26
40 31 8
40 32 19
40 33 13
40 34 29
40 35 26
40 36 6
40 37 30
40 38 34
40 39 19
40 40 -1
40 41 35
40 42 24
40 43 26
40 44 18
40 45 23
41 1 20
41 2 33
41 3 13
41 4 13
41 5 42
41 6 28
41 7 19
41 8 15
41 9 31
41 10 26
41 11 28
41 12 14
41 13 34
41 14 15
41 15 14
41 16 11
41 17 44
41 18 23
41 19 19
41 20 4
41 21 8
41 22 23
41 23 18
41 24 31
41 25 14
41 26 15
41 27 35
41 28 14
41 29 22
41 30 26
41 31 26
41 32 17
41 33 27
41 34 7
41 35 24
41 36 39
41 37 24
41 38 8
41 39 29
41 40 35
41 41 -1
41 42 35
41 43 30
41 44 28
41 45 28
42 1 28
42 2 2
42 3 22
42 4 33
42 5 36
42 6 49
42 7 22
42 8 35
42 9 5
42 10 13
42 11 53
42 12 42
42 13 4
42 14 27
42 15 41
42 16 29
42 17 36
42 18 14
42 19 48
42 20 32
42 21 42
42 22 38
42 23 21
42 24 17
42 25 23
42 26 31
42 27 12
42 28 21
42 29 15
42 30 42
42 31 21
42 32 29
42 33 13
42 34 28
42 35 41
42 36 21
42 37 45
42 38 39
42 39 38
42 40 24
42 41 35
42 42 -1
42 43 44
42 44 37
42 45 41
43 1 17
43 2 45
43 3 31
43 4 42
43 5 23
43 6 9
43 7 44
43 8 45
43 9 44
43 10 44
43 11 15
43 12 19
43 13 41
43 14 43
43 15 18
43 16 22
43 17 25
43 18 31
43 19 18
43 20 33
43 21 28
43 22 8
43 23 24
43 24 29
43 25 38
43 26 17
43 27 36
43 28 30
43 29 41
43 30 4
43 31 24
43 32 17
43 33 31
43 34 29
43 35 6
43 36 32
43 37 8
43 38 24
43 39 6
43 40 26
43 41 30
43 42 44
43 43 -1
43 44 7
43 45 3
44 1 11
44 2 38
44 3 26
44 4 39
44 5 17
44 6 15
44 7 39
44 8 42
44 9 37
44 10 38
44 11 21
44 12 20
44 13 34
44 14 39
44 15 18
44 16 18
44 17 19
44 18 25
44 19 21
44 20 31
44 21 28
44 22 6
44 23 18
44 24 21
44 25 33
44 26 13
44 27 28
44 28 25
44 29 36
44 30 8
44 31 16
44 32 12
44 33 24
44 34 25
44 35 9
44 36 25
44 37 13
44 38 24
44 39 1
44 40 18
44 41 28
44 42 37
44 43 7
44 44 -1
44 45 5
45 1 13
45 2 42
45 3 28
45 4 40
45 5 22
45 6 10
45 7 41
45 8 42
45 9 41
45 10 41
45 11 16
45 12 17
45 13 38
45 14 40
45 15 16
45 16 19
45 17 24
45 18 28
45 19 17
45 20 31
45 21 26
45 22 5
45 23 21
45 24 26
45 25 35
45 26 14
45 27 33
45 28 27
45 29 38
45 30 3
45 31 21
45 32 14
45 33 28
45 34 26
45 35 5
45 36 30
45 37 8
45 38 22
45 39 4
45 40 23
45 41 28
45 42 41
45 43 3
45 44 5
45 45 -1
