1 1 -1
1 2 54
1 3 28
1 4 44
1 5 50
1 6 34
1 7 45
1 8 32
1 9 34
1 10 42
1 11 14
1 12 47
1 13 6
1 14 7
1 15 20
1 16 44
1 17 22
1 18 42
1 19 49
1 20 32
1 21 44
1 22 25
1 23 56
1 24 25
1 25 25
1 26 20
1 27 57
1 28 53
1 29 36
1 30 10
1 31 51
1 32 34
1 33 49
1 34 34
1 35 10
1 36 11
1 37 44
1 38 60
1 39 40
1 40 39
1 41 43
1 42 16
1 43 13
1 44 28
1 45 46
1 46 48
1 47 32
1 48 4
1 49 9
1 50 50
1 51 37
1 52 42
1 53 45
1 54 43
1 55 34
1 56 45
1 57 51
1 58 31
1 59 45
1 60 41
2 1 54
2 2 -1
2 3 27
2 4 30
2 5 9
2 6 51
2 7 61
2 8 51
2 9 36
2 10 26
2 11 56
2 12 24
2 13 60
2 14 55
2 15 46
2 16 10
2 17 47
2 18 22
2 19 27
2 20 45
2 21 43
2 22 28
2 23 14
2 24 54
2 25 30
2 26 52
2 27 11
2 28 34
2 29 27
2 30 44
2 31 20
2 32 36
2 33 10
2 34 19
2 35 43
2 36 47
2 37 15
2 38 12
2 39 19
2 40 43
2 41 35
2 42 48
2 43 55
2 44 28
2 45 26
2 46 11
2 47 23
2 48 50
2 49 47
2 50 5
2 51 17
2 52 17
2 53 11
2 54 24
2 55 59
2 56 24
2 57 28
2 58 44
2 59 9
2 60 50
3 1 28
3 2 27
3 3 -1
3 4 20
3 5 21
3 6 28
3 7 40
3 8 28
3 9 15
3 10 16
3 11 35
3 12 31
3 13 34
3 14 28
3 15 29
3 16 19
3 17 20
3 18 26
3 19 35
3 20 22
3 21 27
3 22 8
3 23 27
3 24 28
3 25 3
3 26 25
3 27 29
3 28 29
3 29 11
3 30 19
3 31 23
3 32 30
3 33 21
3 34 10
3 35 19
3 36 20
3 37 15
3 38 31
3 39 11
3 40 25
3 41 22
3 42 29
3 43 34
3 44 1
3 45 32
3 46 25
3 47 13
3 48 25
3 49 20
3 50 22
3 51 15
3 52 22
3 53 16
3 54 16
3 55 34
3 56 18
3 57 25
3 58 21
3 59 18
3 60 30
4 1 44
4 2 30
4 3 20
4 4 -1
4 5 21
4 6 24
4 7 31
4 8 25
4 9 10
4 10 4
4 11 54
4 12 46
4 13 49
4 14 41
4 15 49
4 16 29
4 17 26
4 18 42
4 19 50
4 20 18
4 21 12
4 22 28
4 23 20
4 24 31
4 25 21
4 26 31
4 27 25
4 28 9
4 29 9
4 30 37
4 31 13
4 32 49
4 33 20
4 34 25
4 35 36
4 36 33
4 37 15
4 38 26
4 39 13
4 40 14
4 41 4
4 42 49
4 43 53
4 44 19
4 45 48
4 46 36
4 47 31
4 48 42
4 49 35
4 50 25
4 51 30
4 52 36
4 53 20
4 54 6
4 55 32
4 56 6
4 57 8
4 58 18
4 59 24
4 60 20
5 1 50
5 2 9
5 3 21
5 4 21
5 5 -1
5 6 42
5 7 52
5 8 43
5 9 27
5 10 17
5 11 55
5 12 31
5 13 56
5 14 50
5 15 46
5 16 13
5 17 40
5 18 28
5 19 34
5 20 36
5 21 33
5 22 26
5 23 7
5 24 47
5 25 25
5 26 45
5 27 7
5 28 25
5 29 19
5 30 41
5 31 10
5 32 39
5 33 1
5 34 17
5 35 40
5 36 42
5 37 7
5 38 9
5 39 12
5 40 34
5 41 25
5 42 48
5 43 54
5 44 22
5 45 33
5 46 18
5 47 23
5 48 47
5 49 42
5 50 5
5 51 18
5 52 22
5 53 5
5 54 15
5 55 50
5 56 14
5 57 18
5 58 36
5 59 8
5 60 41
6 1 34
6 2 51
6 3 28
6 4 24
6 5 42
6 6 -1
6 7 12
6 8 2
6 9 15
6 10 26
6 11 48
6 12 60
6 13 36
6 14 27
6 15 48
6 16 46
6 17 12
6 18 54
6 19 63
6 20 6
6 21 15
6 22 34
6 23 44
6 24 10
6 25 26
6 26 14
6 27 48
6 28 29
6 29 24
6 30 32
6 31 37
6 32 55
6 33 41
6 34 38
6 35 32
6 36 23
6 37 36
6 38 50
6 39 31
6 40 10
6 41 20
6 42 46
6 43 47
6 44 27
6 45 60
6 46 53
6 47 41
6 48 34
6 49 26
6 50 46
6 51 43
6 52 50
6 53 40
6 54 28
6 55 8
6 56 30
6 57 31
6 58 7
6 59 43
6 60 8
7 1 45
7 2 61
7 3 40
7 4 31
7 5 52
7 6 12
7 7 -1
7 8 13
7 9 25
7 10 34
7 11 59
7 12 72
7 13 47
7 14 38
7 15 60
7 16 57
7 17 24
7 18 66
7 19 75
7 20 17
7 21 19
7 22 46
7 23 51
7 24 20
7 25 39
7 26 25
7 27 56
7 28 33
7 29 34
7 30 45
7 31 44
7 32 68
7 33 51
7 34 50
7 35 44
7 36 34
7 37 45
7 38 57
7 39 41
7 40 17
7 41 26
7 42 58
7 43 58
7 44 38
7 45 72
7 46 64
7 47 53
7 48 45
7 49 38
7 50 55
7 51 55
7 52 62
7 53 50
7 54 36
7 55 11
7 56 37
7 57 37
7 58 19
7 59 53
7 60 10
8 1 32
8 2 51
8 3 28
8 4 25
8 5 43
8 6 2
8 7 13
8 8 -1
8 9 16
8 10 27
8 11 46
8 12 59
8 13 34
8 14 25
8 15 46
8 16 46
8 17 10
8 18 53
8 19 63
8 20 7
8 21 17
8 22 33
8 23 45
8 24 8
8 25 26
8 26 12
8 27 49
8 28 30
8 29 24
8 30 31
8 31 38
8 32 54
8 33 42
8 34 38
8 35 30
8 36 21
8 37 36
8 38 51
8 39 32
8 40 12
8 41 21
8 42 44
8 43 45
8 44 26
8 45 60
8 46 53
8 47 41
8 48 32
8 49 24
8 50 46
8 51 43
8 52 50
8 53 40
8 54 29
8 55 7
8 56 31
8 57 32
8 58 7
8 59 43
8 60 10
9 1 34
9 2 36
9 3 15
9 4 10
9 5 27
9 6 15
9 7 25
9 8 16
9 9 -1
9 10 11
9 11 45
9 12 46
9 13 39
9 14 30
9 15 42
9 16 31
9 17 15
9 18 41
9 19 50
9 20 9
9 21 12
9 22 23
9 23 29
9 24 20
9 25 15
9 26 20
9 27 33
9 28 19
9 29 8
9 30 28
9 31 22
9 32 45
9 33 26
9 34 24
9 35 27
9 36 23
9 37 20
9 38 35
9 39 16
9 40 9
9 41 9
9 42 41
9 43 44
9 44 14
9 45 47
9 46 38
9 47 29
9 48 32
9 49 25
9 50 30
9 51 29
9 52 36
9 53 24
9 54 13
9 55 23
9 56 15
9 57 18
9 58 9
9 59 28
9 60 15
10 1 42
10 2 26
10 3 16
10 4 4
10 5 17
10 6 26
10 7 34
10 8 27
10 9 11
10 10 -1
10 11 51
10 12 42
10 13 48
10 14 39
10 15 45
10 16 25
10 17 26
10 18 37
10 19 46
10 20 20
10 21 16
10 22 24
10 23 18
10 24 31
10 25 18
10 26 31
10 27 22
10 28 13
10 29 5
10 30 34
10 31 11
10 32 45
10 33 16
10 34 21
10 35 34
10 36 31
10 37 11
10 38 24
10 39 8
10 40 17
10 41 8
10 42 45
10 43 50
10 44 15
10 45 43
10 46 32
10 47 27
10 48 40
10 49 33
10 50 21
10 51 25
10 52 32
10 53 16
10 54 2
10 55 34
10 56 4
10 57 9
10 58 20
10 59 20
10 60 23
11 1 14
11 2 56
11 3 35
11 4 54
11 5 55
11 6 48
11 7 59
11 8 46
11 9 45
11 10 51
11 11 -1
11 12 42
11 13 16
11 14 22
11 15 11
11 16 46
11 17 36
11 18 38
11 19 44
11 20 46
11 21 56
11 22 29
11 23 61
11 24 39
11 25 33
11 26 34
11 27 62
11 28 63
11 29 45
11 30 16
11 31 58
11 32 27
11 33 54
11 34 37
11 35 17
11 36 25
11 37 50
11 38 64
11 39 46
11 40 52
11 41 54
11 42 7
11 43 1
11 44 35
11 45 41
11 46 47
11 47 33
11 48 14
11 49 22
11 50 53
11 51 38
11 52 40
11 53 49
11 54 51
11 55 49
11 56 54
11 57 60
11 58 44
11 59 48
11 60 55
12 1 47
12 2 24
12 3 31
12 4 46
12 5 31
12 6 60
12 7 72
12 8 59
12 9 46
12 10 42
12 11 42
12 12 -1
12 13 53
12 14 51
12 15 31
12 16 18
12 17 51
12 18 5
12 19 3
12 20 54
12 21 57
12 22 26
12 23 38
12 24 58
12 25 33
12 26 54
12 27 35
12 28 54
12 29 39
12 30 37
12 31 40
12 32 16
12 33 31
12 34 22
12 35 38
12 36 46
12 37 32
12 38 36
12 39 33
12 40 56
12 41 50
12 42 35
12 43 42
12 44 33
12 45 2
12 46 13
12 47 18
12 48 43
12 49 44
12 50 26
12 51 17
12 52 10
12 53 27
12 54 40
12 55 66
12 56 41
12 57 48
12 58 53
12 59 23
12 60 62
13 1 6
13 2 60
13 3 34
13 4 49
13 5 56
13 6 36
13 7 47
13 8 34
13 9 39
13 10 48
13 11 16
13 12 53
13 13 -1
13 14 9
13 15 24
13 16 50
13 17 26
13 18 48
13 19 55
13 20 36
13 21 48
13 22 31
13 23 62
13 24 27
13 25 31
13 26 22
13 27 64
13 28 58
13 29 42
13 30 16
13 31 57
13 32 39
13 33 55
13 34 41
13 35 16
13 36 16
13 37 50
13 38 66
13 39 46
13 40 43
13 41 48
13 42 20
13 43 15
13 44 34
13 45 52
13 46 54
13 47 38
13 48 10
13 49 14
13 50 56
13 51 44
13 52 48
13 53 51
13 54 48
13 55 36
13 56 51
13 57 57
13 58 34
13 59 51
13 60 44
14 1 7
14 2 55
14 3 28
14 4 41
14 5 50
14 6 27
14 7 38
14 8 25
14 9 30
14 10 39
14 11 22
14 12 51
14 13 9
14 14 -1
14 15 26
14 16 46
14 17 16
14 18 46
14 19 54
14 20 27
14 21 39
14 22 27
14 23 55
14 24 18
14 25 25
14 26 13
14 27 57
14 28 49
14 29 34
14 30 13
14 31 49
14 32 40
14 33 49
14 34 36
14 35 13
14 36 8
14 37 43
14 38 59
14 39 38
14 40 34
14 41 39
14 42 23
14 43 21
14 44 27
14 45 51
14 46 51
14 47 35
14 48 9
14 49 8
14 50 50
14 51 40
14 52 45
14 53 45
14 54 40
14 55 27
14 56 43
14 57 48
14 58 25
14 59 46
14 60 35
15 1 20
15 2 46
15 3 29
15 4 49
15 5 46
15 6 48
15 7 60
15 8 46
15 9 42
15 10 45
15 11 11
15 12 31
15 13 24
15 14 26
15 15 -1
15 16 36
15 17 36
15 18 27
15 19 33
15 20 44
15 21 54
15 22 21
15 23 53
15 24 41
15 25 27
15 26 36
15 27 53
15 28 58
15 29 40
15 30 15
15 31 51
15 32 16
15 33 45
15 34 28
15 35 16
15 36 25
15 37 42
15 38 55
15 39 39
15 40 50
15 41 50
15 42 4
15 43 11
15 44 29
15 45 30
15 46 37
15 47 23
15 48 16
15 49 22
15 50 43
15 51 29
15 52 30
15 53 40
15 54 45
15 55 50
15 56 47
15 57 54
15 58 42
15 59 38
15 60 53
16 1 44
16 2 10
16 3 19
16 4 29
16 5 13
16 6 46
16 7 57
16 8 46
16 9 31
16 10 25
16 11 46
16 12 18
16 13 50
16 14 46
16 15 36
16 16 -1
16 17 40
16 18 15
16 19 21
16 20 40
16 21 41
16 22 19
16 23 20
16 24 47
16 25 22
16 26 44
16 27 18
16 28 35
16 29 23
16 30 34
16 31 22
16 32 27
16 33 13
16 34 10
16 35 34
16 36 39
16 37 14
16 38 20
16 39 16
16 40 40
16 41 33
16 42 38
16 43 45
16 44 20
16 45 20
16 46 7
16 47 13
16 48 40
16 49 38
16 50 8
16 51 7
16 52 9
16 53 9
16 54 23
16 55 53
16 56 23
16 57 29
16 58 39
16 59 5
16 60 47
17 1 22
17 2 47
17 3 20
17 4 26
17 5 40
17 6 12
17 7 24
17 8 10
17 9 15
17 10 26
17 11 36
17 12 51
17 13 26
17 14 16
17 15 36
17 16 40
17 17 -1
17 18 45
17 19 54
17 20 10
17 21 22
17 22 24
17 23 43
17 24 7
17 25 18
17 26 5
17 27 46
17 28 33
17 29 21
17 30 20
17 31 37
17 32 44
17 33 39
17 34 31
17 35 19
17 36 11
17 37 33
17 38 48
17 39 28
17 40 17
17 41 24
17 42 33
17 43 35
17 44 19
17 45 51
17 46 46
17 47 32
17 48 22
17 49 14
17 50 42
17 51 35
17 52 42
17 53 36
17 54 27
17 55 15
17 56 30
17 57 34
17 58 8
17 59 38
17 60 19
18 1 42
18 2 22
18 3 26
18 4 42
18 5 28
18 6 54
18 7 66
18 8 53
18 9 41
18 10 37
18 11 38
18 12 5
18 13 48
18 14 46
18 15 27
18 16 15
18 17 45
18 18 -1
18 19 9
18 20 48
18 21 52
18 22 21
18 23 35
18 24 53
18 25 27
18 26 48
18 27 32
18 28 49
18 29 34
18 30 32
18 31 37
18 32 14
18 33 28
18 34 16
18 35 32
18 36 40
18 37 28
18 38 34
18 39 28
18 40 50
18 41 45
18 42 31
18 43 38
18 44 27
18 45 6
18 46 11
18 47 12
18 48 38
18 49 38
18 50 23
18 51 12
18 52 6
18 53 24
18 54 36
18 55 60
18 56 37
18 57 43
18 58 47
18 59 20
18 60 56
19 1 49
19 2 27
19 3 35
19 4 50
19 5 34
19 6 63
19 7 75
19 8 63
19 9 50
19 10 46
19 11 44
19 12 3
19 13 55
19 14 54
19 15 33
19 16 21
19 17 54
19 18 9
19 19 -1
19 20 57
19 21 61
19 22 30
19 23 41
19 24 62
19 25 36
19 26 57
19 27 38
19 28 57
19 29 43
19 30 40
19 31 44
19 32 17
19 33 34
19 34 25
19 35 40
19 36 49
19 37 36
19 38 39
19 39 37
19 40 59
19 41 54
19 42 37
19 43 44
19 44 36
19 45 3
19 46 16
19 47 22
19 48 45
19 49 47
19 50 29
19 51 20
19 52 13
19 53 31
19 54 44
19 55 69
19 56 45
19 57 51
19 58 56
19 59 26
19 60 65
20 1 32
20 2 45
20 3 22
20 4 18
20 5 36
20 6 6
20 7 17
20 8 7
20 9 9
20 10 20
20 11 46
20 12 54
20 13 36
20 14 27
20 15 44
20 16 40
20 17 10
20 18 48
20 19 57
20 20 -1
20 21 12
20 22 28
20 23 38
20 24 13
20 25 21
20 26 15
20 27 42
20 28 24
20 29 17
20 30 30
20 31 31
20 32 51
20 33 35
20 34 32
20 35 29
20 36 21
20 37 29
20 38 44
20 39 25
20 40 7
20 41 15
20 42 43
20 43 45
20 44 21
20 45 55
20 46 47
20 47 36
20 48 32
20 49 24
20 50 39
20 51 37
20 52 44
20 53 33
20 54 22
20 55 14
20 56 24
20 57 26
20 58 2
20 59 37
20 60 9
21 1 44
21 2 43
21 3 27
21 4 12
21 5 33
21 6 15
21 7 19
21 8 17
21 9 12
21 10 16
21 11 56
21 12 57
21 13 48
21 14 39
21 15 54
21 16 41
21 17 22
21 18 52
21 19 61
21 20 12
21 21 -1
21 22 35
21 23 32
21 24 24
21 25 27
21 26 27
21 27 37
21 28 14
21 29 18
21 30 40
21 31 25
21 32 57
21 33 32
21 34 35
21 35 39
21 36 32
21 37 27
21 38 38
21 39 24
21 40 5
21 41 8
21 42 53
21 43 55
21 44 26
21 45 58
21 46 48
21 47 40
21 48 43
21 49 35
21 50 38
21 51 40
21 52 47
21 53 32
21 54 18
21 55 22
21 56 19
21 57 18
21 58 13
21 59 36
21 60 9
22 1 25
22 2 28
22 3 8
22 4 28
22 5 26
22 6 34
22 7 46
22 8 33
22 9 23
22 10 24
22 11 29
22 12 26
22 13 31
22 14 27
22 15 21
22 16 19
22 17 24
22 18 21
22 19 30
22 20 28
22 21 35
22 22 -1
22 23 32
22 24 31
22 25 7
22 26 27
22 27 33
22 28 37
22 29 19
22 30 15
22 31 30
22 32 22
22 33 25
22 34 9
22 35 14
22 36 20
22 37 21
22 38 35
22 39 17
22 40 32
22 41 30
22 42 22
22 43 28
22 44 9
22 45 27
22 46 24
22 47 8
22 48 21
22 49 19
22 50 25
22 51 13
22 52 18
22 53 20
22 54 23
22 55 39
22 56 26
22 57 33
22 58 27
22 59 20
22 60 37
23 1 56
23 2 14
23 3 27
23 4 20
23 5 7
23 6 44
23 7 51
23 8 45
23 9 29
23 10 18
23 11 61
23 12 38
23 13 62
23 14 55
23 15 53
23 16 20
23 17 43
23 18 35
23 19 41
23 20 38
23 21 32
23 22 32
23 23 -1
23 24 49
23 25 30
23 26 48
23 27 5
23 28 21
23 29 21
23 30 46
23 31 7
23 32 47
23 33 7
23 34 24
23 35 46
23 36 46
23 37 11
23 38 6
23 39 16
23 40 34
23 41 24
23 42 54
23 43 60
23 44 27
23 45 40
23 46 25
23 47 30
23 48 52
23 49 47
23 50 12
23 51 25
23 52 29
23 53 12
23 54 16
23 55 52
23 56 14
23 57 15
23 58 38
23 59 15
23 60 41
24 1 25
24 2 54
24 3 28
24 4 31
24 5 47
24 6 10
24 7 20
24 8 8
24 9 20
24 10 31
24 11 39
24 12 58
24 13 27
24 14 18
24 15 41
24 16 47
24 17 7
24 18 53
24 19 62
24 20 13
24 21 24
24 22 31
24 23 49
24 24 -1
24 25 26
24 26 5
24 27 53
24 28 37
24 29 28
24 30 26
24 31 42
24 32 51
24 33 46
24 34 38
24 35 25
24 36 15
24 37 40
24 38 55
24 39 35
24 40 19
24 41 28
24 42 39
24 43 38
24 44 27
24 45 59
24 46 54
24 47 40
24 48 25
24 49 18
24 50 49
24 51 43
24 52 50
24 53 43
24 54 33
24 55 9
24 56 35
24 57 39
24 58 12
24 59 45
24 60 18
25 1 25
25 2 30
25 3 3
25 4 21
25 5 25
25 6 26
25 7 39
25 8 26
25 9 15
25 10 18
25 11 33
25 12 33
25 13 31
25 14 25
25 15 27
25 16 22
25 17 18
25 18 27
25 19 36
25 20 21
25 21 27
25 22 7
25 23 30
25 24 26
25 25 -1
25 26 22
25 27 32
25 28 31
25 29 12
25 30 17
25 31 26
25 32 30
25 33 24
25 34 12
25 35 16
25 36 17
25 37 18
25 38 34
25 39 14
25 40 24
25 41 23
25 42 27
25 43 32
25 44 2
25 45 33
25 46 28
25 47 14
25 48 22
25 49 17
25 50 25
25 51 17
25 52 24
25 53 19
25 54 18
25 55 33
25 56 21
25 57 27
25 58 19
25 59 21
25 60 30
26 1 20
26 2 52
26 3 25
26 4 31
26 5 45
26 6 14
26 7 25
26 8 12
26 9 20
26 10 31
26 11 34
26 12 54
26 13 22
26 14 13
26 15 36
26 16 44
26 17 5
26 18 48
26 19 57
26 20 15
26 21 27
26 22 27
26 23 48
26 24 5
26 25 22
26 26 -1
26 27 51
26 28 39
26 29 26
26 30 21
26 31 42
26 32 46
26 33 44
26 34 35
26 35 20
26 36 10
26 37 38
26 38 53
26 39 33
26 40 22
26 41 29
26 42 33
26 43 33
26 44 24
26 45 54
26 46 50
26 47 36
26 48 20
26 49 13
26 50 47
26 51 39
26 52 46
26 53 41
26 54 32
26 55 14
26 56 35
26 57 39
26 58 13
26 59 43
26 60 22
27 1 57
27 2 11
27 3 29
27 4 25
27 5 7
27 6 48
27 7 56
27 8 49
27 9 33
27 10 22
27 11 62
27 12 35
27 13 64
27 14 57
27 15 53
27 16 18
27 17 46
27 18 32
27 19 38
27 20 42
27 21 37
27 22 33
27 23 5
27 24 53
27 25 32
27 26 51
27 27 -1
27 28 26
27 29 25
27 30 48
27 31 12
27 32 45
27 33 8
27 34 24
27 35 47
27 36 49
27 37 13
27 38 2
27 39 18
27 40 39
27 41 29
27 42 55
27 43 61
27 44 29
27 45 37
27 46 22
27 47 30
27 48 54
27 49 49
27 50 9
27 51 24
27 52 27
27 53 12
27 54 20
27 55 56
27 56 18
27 57 20
27 58 42
27 59 14
27 60 45
28 1 53
28 2 34
28 3 29
28 4 9
28 5 25
28 6 29
28 7 33
28 8 30
28 9 19
28 10 13
28 11 63
28 12 54
28 13 58
28 14 49
28 15 58
28 16 35
28 17 33
28 18 49
28 19 57
28 20 24
28 21 14
28 22 37
28 23 21
28 24 37
28 25 31
28 26 39
28 27 26
28 28 -1
28 29 18
28 30 47
28 31 14
28 32 58
28 33 24
28 34 34
28 35 46
28 36 42
28 37 21
28 38 27
28 39 21
28 40 18
28 41 9
28 42 58
28 43 62
28 44 28
28 45 55
28 46 42
28 47 40
28 48 51
28 49 44
28 50 30
28 51 37
28 52 43
28 53 26
28 54 14
28 55 36
28 56 12
28 57 6
28 58 25
28 59 30
28 60 23
29 1 36
29 2 27
29 3 11
29 4 9
29 5 19
29 6 24
29 7 34
29 8 24
29 9 8
29 10 5
29 11 45
29 12 39
29 13 42
29 14 34
29 15 40
29 16 23
29 17 21
29 18 34
29 19 43
29 20 17
29 21 18
29 22 19
29 23 21
29 24 28
29 25 12
29 26 26
29 27 25
29 28 18
29 29 -1
29 30 29
29 31 15
29 32 40
29 33 18
29 34 17
29 35 28
29 36 26
29 37 12
29 38 27
29 39 7
29 40 17
29 41 11
29 42 40
29 43 44
29 44 10
29 45 40
29 46 30
29 47 23
29 48 34
29 49 27
29 50 22
29 51 22
29 52 29
29 53 16
29 54 6
29 55 31
29 56 9
29 57 15
29 58 17
29 59 19
29 60 23
30 1 10
30 2 44
30 3 19
30 4 37
30 5 41
30 6 32
30 7 45
30 8 31
30 9 28
30 10 34
30 11 16
30 12 37
30 13 16
30 14 13
30 15 15
30 16 34
30 17 20
30 18 32
30 19 40
30 20 30
30 21 40
30 22 15
30 23 46
30 24 26
30 25 17
30 26 21
30 27 48
30 28 47
30 29 29
30 30 -1
30 31 43
30 32 26
30 33 40
30 34 24
30 35 1
30 36 10
30 37 35
30 38 50
30 39 31
30 40 36
30 41 37
30 42 13
30 43 15
30 44 19
30 45 37
30 46 38
30 47 22
30 48 6
30 49 7
30 50 40
30 51 27
30 52 32
30 53 35
30 54 35
30 55 35
30 56 38
30 57 44
30 58 28
30 59 35
30 60 39
31 1 51
31 2 20
31 3 23
31 4 13
31 5 10
31 6 37
31 7 44
31 8 38
31 9 22
31 10 11
31 11 58
31 12 40
31 13 57
31 14 49
31 15 51
31 16 22
31 17 37
31 18 37
31 19 44
31 20 31
31 21 25
31 22 30
31 23 7
31 24 42
31 25 26
31 26 42
31 27 12
31 28 14
31 29 15
31 30 43
31 31 -1
31 32 47
31 33 9
31 34 23
31 35 42
31 36 41
31 37 9
31 38 13
31 39 12
31 40 27
31 41 17
31 42 52
31 43 58
31 44 23
31 45 42
31 46 28
31 47 29
31 48 48
31 49 42
31 50 15
31 51 26
31 52 31
31 53 13
31 54 9
31 55 45
31 56 7
31 57 8
31 58 31
31 59 17
31 60 33
32 1 34
32 2 36
32 3 30
32 4 49
32 5 39
32 6 55
32 7 68
32 8 54
32 9 45
32 10 45
32 11 27
32 12 16
32 13 39
32 14 40
32 15 16
32 16 27
32 17 44
32 18 14
32 19 17
32 20 51
32 21 57
32 22 22
32 23 47
32 24 51
32 25 30
32 26 46
32 27 45
32 28 58
32 29 40
32 30 26
32 31 47
32 32 -1
32 33 39
32 34 24
32 35 27
32 36 36
32 37 38
32 38 47
32 39 37
32 40 54
32 41 51
32 42 20
32 43 27
32 44 31
32 45 14
32 46 25
32 47 18
32 48 30
32 49 34
32 50 35
32 51 21
32 52 18
32 53 34
32 54 44
32 55 60
32 56 46
32 57 53
32 58 49
32 59 31
32 60 59
33 1 49
33 2 10
33 3 21
33 4 20
33 5 1
33 6 41
33 7 51
33 8 42
33 9 26
33 10 16
33 11 54
33 12 31
33 13 55
33 14 49
33 15 45
33 16 13
33 17 39
33 18 28
33 19 34
33 20 35
33 21 32
33 22 25
33 23 7
33 24 46
33 25 24
33 26 44
33 27 8
33 28 24
33 29 18
33 30 40
33 31 9
33 32 39
33 33 -1
33 34 17
33 35 39
33 36 41
33 37 6
33 38 10
33 39 11
33 40 33
33 41 24
33 42 47
33 43 53
33 44 21
33 45 33
33 46 18
33 47 22
33 48 46
33 49 41
33 50 5
33 51 18
33 52 22
33 53 5
33 54 14
33 55 49
33 56 13
33 57 18
33 58 35
33 59 8
33 60 40
34 1 34
34 2 19
34 3 10
34 4 25
34 5 17
34 6 38
34 7 50
34 8 38
34 9 24
34 10 21
34 11 37
34 12 22
34 13 41
34 14 36
34 15 28
34 16 10
34 17 31
34 18 16
34 19 25
34 20 32
34 21 35
34 22 9
34 23 24
34 24 38
34 25 12
34 26 35
34 27 24
34 28 34
34 29 17
34 30 24
34 31 23
34 32 24
34 33 17
34 34 -1
34 35 24
34 36 29
34 37 14
34 38 26
34 39 13
34 40 34
34 41 29
34 42 30
34 43 36
34 44 11
34 45 23
34 46 15
34 47 6
34 48 31
34 49 28
34 50 15
34 51 5
34 52 12
34 53 12
34 54 20
34 55 45
34 56 22
34 57 29
34 58 31
34 59 10
34 60 40
35 1 10
35 2 43
35 3 19
35 4 36
35 5 40
35 6 32
35 7 44
35 8 30
35 9 27
35 10 34
35 11 17
35 12 38
35 13 16
35 14 13
35 15 16
35 16 34
35 17 19
35 18 32
35 19 40
35 20 29
35 21 39
35 22 14
35 23 46
35 24 25
35 25 16
35 26 20
35 27 47
35 28 46
35 29 28
35 30 1
35 31 42
35 32 27
35 33 39
35 34 24
35 35 -1
35 36 10
35 37 34
35 38 49
35 39 30
35 40 35
35 41 37
35 42 14
35 43 16
35 44 19
35 45 37
35 46 38
35 47 22
35 48 6
35 49 7
35 50 39
35 51 27
35 52 32
35 53 34
35 54 34
35 55 34
35 56 37
35 57 43
35 58 27
35 59 34
35 60 38
36 1 11
36 2 47
36 3 20
36 4 33
36 5 42
36 6 23
36 7 34
36 8 21
36 9 23
36 10 31
36 11 25
36 12 46
36 13 16
36 14 8
36 15 25
36 16 39
36 17 11
36 18 40
36 19 49
36 20 21
36 21 32
36 22 20
36 23 46
36 24 15
36 25 17
36 26 10
36 27 49
36 28 42
36 29 26
36 30 10
36 31 41
36 32 36
36 33 41
36 34 29
36 35 10
36 36 -1
36 37 35
36 38 51
36 39 30
36 40 28
36 41 32
36 42 23
36 43 24
36 44 19
36 45 46
36 46 44
36 47 28
36 48 11
36 49 3
36 50 42
36 51 33
36 52 38
36 53 37
36 54 32
36 55 25
36 56 35
36 57 41
36 58 19
36 59 38
36 60 30
37 1 44
37 2 15
37 3 15
37 4 15
37 5 7
37 6 36
37 7 45
37 8 36
37 9 20
37 10 11
37 11 50
37 12 32
37 13 50
37 14 43
37 15 42
37 16 14
37 17 33
37 18 28
37 19 36
37 20 29
37 21 27
37 22 21
37 23 11
37 24 40
37 25 18
37 26 38
37 27 13
37 28 21
37 29 12
37 30 35
37 31 9
37 32 38
37 33 6
37 34 14
37 35 34
37 36 35
37 37 -1
37 38 15
37 39 5
37 40 28
37 41 19
37 42 43
37 43 49
37 44 16
37 45 34
37 46 21
37 47 20
37 48 41
37 49 36
37 50 10
37 51 17
37 52 22
37 53 5
37 54 9
37 55 43
37 56 9
37 57 15
37 58 29
37 59 9
37 60 34
38 1 60
38 2 12
38 3 31
38 4 26
38 5 9
38 6 50
38 7 57
38 8 51
38 9 35
38 10 24
38 11 64
38 12 36
38 13 66
38 14 59
38 15 55
38 16 20
38 17 48
38 18 34
38 19 39
38 20 44
38 21 38
38 22 35
38 23 6
38 24 55
38 25 34
38 26 53
38 27 2
38 28 27
38 29 27
38 30 50
38 31 13
38 32 47
38 33 10
38 34 26
38 35 49
38 36 51
38 37 15
38 38 -1
38 39 20
38 40 40
38 41 31
38 42 57
38 43 63
38 44 31
38 45 38
38 46 23
38 47 32
38 48 56
38 49 51
38 50 11
38 51 26
38 52 28
38 53 15
38 54 22
38 55 58
38 56 20
38 57 21
38 58 44
38 59 16
38 60 47
39 1 40
39 2 19
39 3 11
39 4 13
39 5 12
39 6 31
39 7 41
39 8 32
39 9 16
39 10 8
39 11 46
39 12 33
39 13 46
39 14 38
39 15 39
39 16 16
39 17 28
39 18 28
39 19 37
39 20 25
39 21 24
39 22 17
39 23 16
39 24 35
39 25 14
39 26 33
39 27 18
39 28 21
39 29 7
39 30 31
39 31 12
39 32 37
39 33 11
39 34 13
39 35 30
39 36 30
39 37 5
39 38 20
39 39 -1
39 40 24
39 41 17
39 42 40
39 43 45
39 44 11
39 45 34
39 46 23
39 47 19
39 48 36
39 49 31
39 50 14
39 51 16
39 52 23
39 53 8
39 54 7
39 55 39
39 56 9
39 57 16
39 58 24
39 59 12
39 60 31
40 1 39
40 2 43
40 3 25
40 4 14
40 5 34
40 6 10
40 7 17
40 8 12
40 9 9
40 10 17
40 11 52
40 12 56
40 13 43
40 14 34
40 15 50
40 16 40
40 17 17
40 18 50
40 19 59
40 20 7
40 21 5
40 22 32
40 23 34
40 24 19
40 25 24
40 26 22
40 27 39
40 28 18
40 29 17
40 30 36
40 31 27
40 32 54
40 33 33
40 34 34
40 35 35
40 36 28
40 37 28
40 38 40
40 39 24
40 40 -1
40 41 10
40 42 49
40 43 51
40 44 23
40 45 57
40 46 47
40 47 38
40 48 38
40 49 30
40 50 38
40 51 39
40 52 46
40 53 32
40 54 19
40 55 18
40 56 20
40 57 21
40 58 8
40 59 36
40 60 6
41 1 43
41 2 35
41 3 22
41 4 4
41 5 25
41 6 20
41 7 26
41 8 21
41 9 9
41 10 8
41 11 54
41 12 50
41 13 48
41 14 39
41 15 50
41 16 33
41 17 24
41 18 45
41 19 54
41 20 15
41 21 8
41 22 30
41 23 24
41 24 28
41 25 23
41 26 29
41 27 29
41 28 9
41 29 11
41 30 37
41 31 17
41 32 51
41 33 24
41 34 29
41 35 37
41 36 32
41 37 19
41 38 31
41 39 17
41 40 10
41 41 -1
41 42 50
41 43 53
41 44 21
41 45 51
41 46 40
41 47 34
41 48 42
41 49 34
41 50 30
41 51 33
41 52 40
41 53 24
41 54 10
41 55 28
41 56 11
41 57 11
41 58 16
41 59 29
41 60 16
42 1 16
42 2 48
42 3 29
42 4 49
42 5 48
42 6 46
42 7 58
42 8 44
42 9 41
42 10 45
42 11 7
42 12 35
42 13 20
42 14 23
42 15 4
42 16 38
42 17 33
42 18 31
42 19 37
42 20 43
42 21 53
42 22 22
42 23 54
42 24 39
42 25 27
42 26 33
42 27 55
42 28 58
42 29 40
42 30 13
42 31 52
42 32 20
42 33 47
42 34 30
42 35 14
42 36 23
42 37 43
42 38 57
42 39 40
42 40 49
42 41 50
42 42 -1
42 43 7
42 44 30
42 45 34
42 46 40
42 47 25
42 48 13
42 49 20
42 50 46
42 51 31
42 52 33
42 53 42
42 54 45
42 55 48
42 56 48
42 57 55
42 58 41
42 59 41
42 60 52
43 1 13
43 2 55
43 3 34
43 4 53
43 5 54
43 6 47
43 7 58
43 8 45
43 9 44
43 10 50
43 11 1
43 12 42
43 13 15
43 14 21
43 15 11
43 16 45
43 17 35
43 18 38
43 19 44
43 20 45
43 21 55
43 22 28
43 23 60
43 24 38
43 25 32
43 26 33
43 27 61
43 28 62
43 29 44
43 30 15
43 31 58
43 32 27
43 33 53
43 34 36
43 35 16
43 36 24
43 37 49
43 38 63
43 39 45
43 40 51
43 41 53
43 42 7
43 43 -1
43 44 34
43 45 41
43 46 47
43 47 32
43 48 13
43 49 21
43 50 52
43 51 38
43 52 40
43 53 48
43 54 50
43 55 48
43 56 53
43 57 59
43 58 43
43 59 47
43 60 54
44 1 28
44 2 28
44 3 1
44 4 19
44 5 22
44 6 27
44 7 38
44 8 26
44 9 14
44 10 15
44 11 35
44 12 33
44 13 34
44 14 27
44 15 29
44 16 20
44 17 19
44 18 27
44 19 36
44 20 21
44 21 26
44 22 9
44 23 27
44 24 27
44 25 2
44 26 24
44 27 29
44 28 28
44 29 10
44 30 19
44 31 23
44 32 31
44 33 21
44 34 11
44 35 19
44 36 19
44 37 16
44 38 31
44 39 11
44 40 23
44 41 21
44 42 30
44 43 34
44 44 -1
44 45 33
44 46 26
44 47 15
44 48 25
44 49 20
44 50 23
44 51 16
44 52 23
44 53 17
44 54 15
44 55 33
44 56 18
44 57 25
44 58 19
44 59 19
44 60 29
45 1 46
45 2 26
45 3 32
45 4 48
45 5 33
45 6 60
45 7 72
45 8 60
45 9 47
45 10 43
45 11 41
45 12 2
45 13 52
45 14 51
45 15 30
45 16 20
45 17 51
45 18 6
45 19 3
45 20 55
45 21 58
45 22 27
45 23 40
45 24 59
45 25 33
45 26 54
45 27 37
45 28 55
45 29 40
45 30 37
45 31 42
45 32 14
45 33 33
45 34 23
45 35 37
45 36 46
45 37 34
45 38 38
45 39 34
45 40 57
45 41 51
45 42 34
45 43 41
45 44 33
45 45 -1
45 46 15
45 47 19
45 48 42
45 49 44
45 50 28
45 51 18
45 52 11
45 53 29
45 54 42
45 55 66
45 56 43
45 57 49
45 58 53
45 59 25
45 60 63
46 1 48
46 2 11
46 3 25
46 4 36
46 5 18
46 6 53
46 7 64
46 8 53
46 9 38
46 10 32
46 11 47
46 12 13
46 13 54
46 14 51
46 15 37
46 16 7
46 17 46
46 18 11
46 19 16
46 20 47
46 21 48
46 22 24
46 23 25
46 24 54
46 25 28
46 26 50
46 27 22
46 28 42
46 29 30
46 30 38
46 31 28
46 32 25
46 33 18
46 34 15
46 35 38
46 36 44
46 37 21
46 38 23
46 39 23
46 40 47
46 41 40
46 42 40
46 43 47
46 44 26
46 45 15
46 46 -1
46 47 16
46 48 44
46 49 43
46 50 13
46 51 11
46 52 7
46 53 16
46 54 30
46 55 60
46 56 30
46 57 36
46 58 46
46 59 11
46 60 54
47 1 32
47 2 23
47 3 13
47 4 31
47 5 23
47 6 41
47 7 53
47 8 41
47 9 29
47 10 27
47 11 33
47 12 18
47 13 38
47 14 35
47 15 23
47 16 13
47 17 32
47 18 12
47 19 22
47 20 36
47 21 40
47 22 8
47 23 30
47 24 40
47 25 14
47 26 36
47 27 30
47 28 40
47 29 23
47 30 22
47 31 29
47 32 18
47 33 22
47 34 6
47 35 22
47 36 28
47 37 20
47 38 32
47 39 19
47 40 38
47 41 34
47 42 25
47 43 32
47 44 15
47 45 19
47 46 16
47 47 -1
47 48 28
47 49 27
47 50 20
47 51 5
47 52 10
47 53 17
47 54 26
47 55 47
47 56 28
47 57 35
47 58 34
47 59 15
47 60 44
48 1 4
48 2 50
48 3 25
48 4 42
48 5 47
48 6 34
48 7 45
48 8 32
48 9 32
48 10 40
48 11 14
48 12 43
48 13 10
48 14 9
48 15 16
48 16 40
48 17 22
48 18 38
48 19 45
48 20 32
48 21 43
48 22 21
48 23 52
48 24 25
48 25 22
48 26 20
48 27 54
48 28 51
48 29 34
48 30 6
48 31 48
48 32 30
48 33 46
48 34 31
48 35 6
48 36 11
48 37 41
48 38 56
48 39 36
48 40 38
48 41 42
48 42 13
48 43 13
48 44 25
48 45 42
48 46 44
48 47 28
48 48 -1
48 49 8
48 50 46
48 51 33
48 52 38
48 53 41
48 54 40
48 55 35
48 56 43
48 57 49
48 58 30
48 59 41
48 60 41
49 1 9
49 2 47
49 3 20
49 4 35
49 5 42
49 6 26
49 7 38
49 8 24
49 9 25
49 10 33
49 11 22
49 12 44
49 13 14
49 14 8
49 15 22
49 16 38
49 17 14
49 18 38
49 19 47
49 20 24
49 21 35
49 22 19
49 23 47
49 24 18
49 25 17
49 26 13
49 27 49
49 28 44
49 29 27
49 30 7
49 31 42
49 32 34
49 33 41
49 34 28
49 35 7
49 36 3
49 37 36
49 38 51
49 39 31
49 40 30
49 41 34
49 42 20
49 43 21
49 44 20
49 45 44
49 46 43
49 47 27
49 48 8
49 49 -1
49 50 42
49 51 32
49 52 37
49 53 37
49 54 33
49 55 28
49 56 36
49 57 42
49 58 22
49 59 38
49 60 33
50 1 50
50 2 5
50 3 22
50 4 25
50 5 5
50 6 46
50 7 55
50 8 46
50 9 30
50 10 21
50 11 53
50 12 26
50 13 56
50 14 50
50 15 43
50 16 8
50 17 42
50 18 23
50 19 29
50 20 39
50 21 38
50 22 25
50 23 12
50 24 49
50 25 25
50 26 47
50 27 9
50 28 30
50 29 22
50 30 40
50 31 15
50 32 35
50 33 5
50 34 15
50 35 39
50 36 42
50 37 10
50 38 11
50 39 14
50 40 38
50 41 30
50 42 46
50 43 52
50 44 23
50 45 28
50 46 13
50 47 20
50 48 46
50 49 42
50 50 -1
50 51 15
50 52 17
50 53 6
50 54 19
50 55 53
50 56 19
50 57 23
50 58 39
50 59 5
50 60 45
51 1 37
51 2 17
51 3 15
51 4 30
51 5 18
51 6 43
51 7 55
51 8 43
51 9 29
51 10 25
51 11 38
51 12 17
51 13 44
51 14 40
51 15 29
51 16 7
51 17 35
51 18 12
51 19 20
51 20 37
51 21 40
51 22 13
51 23 25
51 24 43
51 25 17
51 26 39
51 27 24
51 28 37
51 29 22
51 30 27
51 31 26
51 32 21
51 33 18
51 34 5
51 35 27
51 36 33
51 37 17
51 38 26
51 39 16
51 40 39
51 41 33
51 42 31
51 43 38
51 44 16
51 45 18
51 46 11
51 47 5
51 48 33
51 49 32
51 50 15
51 51 -1
51 52 7
51 53 13
51 54 24
51 55 50
51 56 25
51 57 32
51 58 36
51 59 10
51 60 45
52 1 42
52 2 17
52 3 22
52 4 36
52 5 22
52 6 50
52 7 62
52 8 50
52 9 36
52 10 32
52 11 40
52 12 10
52 13 48
52 14 45
52 15 30
52 16 9
52 17 42
52 18 6
52 19 13
52 20 44
52 21 47
52 22 18
52 23 29
52 24 50
52 25 24
52 26 46
52 27 27
52 28 43
52 29 29
52 30 32
52 31 31
52 32 18
52 33 22
52 34 12
52 35 32
52 36 38
52 37 22
52 38 28
52 39 23
52 40 46
52 41 40
52 42 33
52 43 40
52 44 23
52 45 11
52 46 7
52 47 10
52 48 38
52 49 37
52 50 17
52 51 7
52 52 -1
52 53 18
52 54 30
52 55 57
52 56 31
52 57 38
52 58 43
52 59 14
52 60 52
53 1 45
53 2 11
53 3 16
53 4 20
53 5 5
53 6 40
53 7 50
53 8 40
53 9 24
53 10 16
53 11 49
53 12 27
53 13 51
53 14 45
53 15 40
53 16 9
53 17 36
53 18 24
53 19 31
53 20 33
53 21 32
53 22 20
53 23 12
53 24 43
53 25 19
53 26 41
53 27 12
53 28 26
53 29 16
53 30 35
53 31 13
53 32 34
53 33 5
53 34 12
53 35 34
53 36 37
53 37 5
53 38 15
53 39 8
53 40 32
53 41 24
53 42 42
53 43 48
53 44 17
53 45 29
53 46 16
53 47 17
53 48 41
53 49 37
53 50 6
53 51 13
53 52 18
53 53 -1
53 54 14
53 55 47
53 56 14
53 57 20
53 58 33
53 59 4
53 60 39
54 1 43
54 2 24
54 3 16
54 4 6
54 5 15
54 6 28
54 7 36
54 8 29
54 9 13
54 10 2
54 11 51
54 12 40
54 13 48
54 14 40
54 15 45
54 16 23
54 17 27
54 18 36
54 19 44
54 20 22
54 21 18
54 22 23
54 23 16
54 24 33
54 25 18
54 26 32
54 27 20
54 28 14
54 29 6
54 30 35
54 31 9
54 32 44
54 33 14
54 34 20
54 35 34
54 36 32
54 37 9
54 38 22
54 39 7
54 40 19
54 41 10
54 42 45
54 43 50
54 44 15
54 45 42
54 46 30
54 47 26
54 48 40
54 49 33
54 50 19
54 51 24
54 52 30
54 53 14
54 54 -1
54 55 36
54 56 2
54 57 9
54 58 22
54 59 18
54 60 26
55 1 34
55 2 59
55 3 34
55 4 32
55 5 50
55 6 8
55 7 11
55 8 7
55 9 23
55 10 34
55 11 49
55 12 66
55 13 36
55 14 27
55 15 50
55 16 53
55 17 15
55 18 60
55 19 69
55 20 14
55 21 22
55 22 39
55 23 52
55 24 9
55 25 33
55 26 14
55 27 56
55 28 36
55 29 31
55 30 35
55 31 45
55 32 60
55 33 49
55 34 45
55 35 34
55 36 25
55 37 43
55 38 58
55 39 39
55 40 18
55 41 28
55 42 48
55 43 48
55 44 33
55 45 66
55 46 60
55 47 47
55 48 35
55 49 28
55 50 53
55 51 50
55 52 57
55 53 47
55 54 36
55 55 -1
55 56 38
55 57 39
55 58 14
55 59 50
55 60 13
56 1 45
56 2 24
56 3 18
56 4 6
56 5 14
56 6 30
56 7 37
56 8 31
56 9 15
56 10 4
56 11 54
56 12 41
56 13 51
56 14 43
56 15 47
56 16 23
56 17 30
56 18 37
56 19 45
56 20 24
56 21 19
56 22 26
56 23 14
56 24 35
56 25 21
56 26 35
56 27 18
56 28 12
56 29 9
56 30 38
56 31 7
56 32 46
56 33 13
56 34 22
56 35 37
56 36 35
56 37 9
56 38 20
56 39 9
56 40 20
56 41 11
56 42 48
56 43 53
56 44 18
56 45 43
56 46 30
56 47 28
56 48 43
56 49 36
56 50 19
56 51 25
56 52 31
56 53 14
56 54 2
56 55 38
56 56 -1
56 57 7
56 58 24
56 59 18
56 60 27
57 1 51
57 2 28
57 3 25
57 4 8
57 5 18
57 6 31
57 7 37
57 8 32
57 9 18
57 10 9
57 11 60
57 12 48
57 13 57
57 14 48
57 15 54
57 16 29
57 17 34
57 18 43
57 19 51
57 20 26
57 21 18
57 22 33
57 23 15
57 24 39
57 25 27
57 26 39
57 27 20
57 28 6
57 29 15
57 30 44
57 31 8
57 32 53
57 33 18
57 34 29
57 35 43
57 36 41
57 37 15
57 38 21
57 39 16
57 40 21
57 41 11
57 42 55
57 43 59
57 44 25
57 45 49
57 46 36
57 47 35
57 48 49
57 49 42
57 50 23
57 51 32
57 52 38
57 53 20
57 54 9
57 55 39
57 56 7
57 57 -1
57 58 26
57 59 24
57 60 27
58 1 31
58 2 44
58 3 21
58 4 18
58 5 36
58 6 7
58 7 19
58 8 7
58 9 9
58 10 20
58 11 44
58 12 53
58 13 34
58 14 25
58 15 42
58 16 39
58 17 8
58 18 47
58 19 56
58 20 2
58 21 13
58 22 27
58 23 38
58 24 12
58 25 19
58 26 13
58 27 42
58 28 25
58 29 17
58 30 28
58 31 31
58 32 49
58 33 35
58 34 31
58 35 27
58 36 19
58 37 29
58 38 44
58 39 24
58 40 8
58 41 16
58 42 41
58 43 43
58 44 19
58 45 53
58 46 46
58 47 34
58 48 30
58 49 22
58 50 39
58 51 36
58 52 43
58 53 33
58 54 22
58 55 14
58 56 24
58 57 26
58 58 -1
58 59 36
58 60 11
59 1 45
59 2 9
59 3 18
59 4 24
59 5 8
59 6 43
59 7 53
59 8 43
59 9 28
59 10 20
59 11 48
59 12 23
59 13 51
59 14 46
59 15 38
59 16 5
59 17 38
59 18 20
59 19 26
59 20 37
59 21 36
59 22 20
59 23 15
59 24 45
59 25 21
59 26 43
59 27 14
59 28 30
59 29 19
59 30 35
59 31 17
59 32 31
59 33 8
59 34 10
59 35 34
59 36 38
59 37 9
59 38 16
59 39 12
59 40 36
59 41 29
59 42 41
59 43 47
59 44 19
59 45 25
59 46 11
59 47 15
59 48 41
59 49 38
59 50 5
59 51 10
59 52 14
59 53 4
59 54 18
59 55 50
59 56 18
59 57 24
59 58 36
59 59 -1
59 60 43
60 1 41
60 2 50
60 3 30
60 4 20
60 5 41
60 6 8
60 7 10
60 8 10
60 9 15
60 10 23
60 11 55
60 12 62
60 13 44
60 14 35
60 15 53
60 16 47
60 17 19
60 18 56
60 19 65
60 20 9
60 21 9
60 22 37
60 23 41
60 24 18
60 25 30
60 26 22
60 27 45
60 28 23
60 29 23
60 30 39
60 31 33
60 32 59
60 33 40
60 34 40
60 35 38
60 36 30
60 37 34
60 38 47
60 39 31
60 40 6
60 41 16
60 42 52
60 43 54
60 44 29
60 45 63
60 46 54
60 47 44
60 48 41
60 49 33
60 50 45
60 51 45
60 52 52
60 53 39
60 54 26
60 55 13
60 56 27
60 57 27
60 58 11
60 59 43
60 60 -1
