3 34
3 39
3 44
3 22
3 25
3 29
57 4
57 41
57 10
57 54
57 56
57 28
57 31
9 4
9 40
9 41
9 10
9 20
9 58
9 29
6 8
6 40
6 20
6 55
6 24
6 58
6 60
33 2
33 5
33 37
33 38
33 39
33 59
33 50
33 53
33 23
33 27
33 31
27 33
27 2
27 5
27 38
27 50
27 23
25 3
25 44
25 22
28 41
28 4
28 57
17 36
17 58
17 8
17 20
17 24
17 26
14 1
14 36
14 13
14 48
14 49
55 8
55 24
55 6
55 7
11 42
11 43
11 15
41 4
41 40
41 9
41 10
41 21
41 54
41 56
41 57
41 28
41 29
40 6
40 9
40 41
40 20
40 21
40 58
40 60
43 42
43 11
43 15
5 33
5 2
5 37
5 38
5 59
5 50
5 53
5 23
5 27
5 31
7 60
7 55
45 18
45 19
45 12
45 52
2 33
2 5
2 59
2 46
2 16
2 50
2 53
2 27
13 48
13 1
13 14
46 2
46 16
46 18
46 51
46 52
46 59
42 43
42 11
42 15
8 6
8 17
8 20
8 55
8 24
8 58
8 60
29 3
29 4
29 39
29 9
29 10
29 41
29 44
29 54
29 56
58 6
58 8
58 9
58 40
58 17
58 20
58 60
22 34
22 3
22 44
22 47
22 25
47 34
47 51
47 52
47 22
18 12
18 45
18 46
18 19
18 52
39 33
39 3
39 37
39 10
39 44
39 53
39 54
39 56
39 29
