23 64
23 70
23 73
23 10
23 43
23 52
23 53
23 23
23 25
23 60
23 61
23 31
17 6
17 70
17 43
17 79
17 17
17 20
17 26
17 60
79 6
79 70
79 43
79 79
79 17
79 20
79 26
79 60
11 64
11 1
11 38
11 7
11 8
11 11
11 51
11 22
11 54
11 24
11 57
11 29
37 32
37 2
37 37
37 73
37 75
37 46
37 15
37 48
37 18
37 52
37 55
37 25
37 61
37 31
6 66
6 3
6 4
6 6
6 79
6 17
6 20
6 56
6 26
6 60
77 40
77 74
77 76
77 77
77 21
77 59
15 32
15 2
15 37
15 73
15 75
15 15
15 48
15 18
15 55
15 25
35 35
35 29
35 62
80 1
80 40
80 41
80 42
80 16
80 80
80 63
