1 1 -1
1 2 21
1 3 14
1 4 16
1 5 37
1 6 28
1 7 12
1 8 26
1 9 37
1 10 21
1 11 36
1 12 23
1 13 11
1 14 3
1 15 20
1 16 28
1 17 34
1 18 32
1 19 22
1 20 3
1 21 10
1 22 17
1 23 35
1 24 29
1 25 38
1 26 36
1 27 33
1 28 20
1 29 37
1 30 22
1 31 10
1 32 17
1 33 24
1 34 22
1 35 17
1 36 30
1 37 31
1 38 11
1 39 14
1 40 12
1 41 30
1 42 16
1 43 42
1 44 29
1 45 35
1 46 17
1 47 13
1 48 22
1 49 25
1 50 30
1 51 33
1 52 11
1 53 28
1 54 8
1 55 29
2 1 21
2 2 -1
2 3 34
2 4 14
2 5 26
2 6 17
2 7 30
2 8 37
2 9 18
2 10 27
2 11 42
2 12 9
2 13 19
2 14 18
2 15 1
2 16 38
2 17 36
2 18 16
2 19 8
2 20 18
2 21 31
2 22 25
2 23 35
2 24 14
2 25 36
2 26 29
2 27 26
2 28 11
2 29 46
2 30 43
2 31 27
2 32 6
2 33 3
2 34 6
2 35 37
2 36 17
2 37 36
2 38 11
2 39 23
2 40 20
2 41 41
2 42 20
2 43 53
2 44 42
2 45 16
2 46 16
2 47 8
2 48 44
2 49 45
2 50 13
2 51 31
2 52 13
2 53 30
2 54 28
2 55 12
3 1 14
3 2 34
3 3 -1
3 4 23
3 5 41
3 6 34
3 7 5
3 8 18
3 9 45
3 10 18
3 11 29
3 12 32
3 13 25
3 14 17
3 15 33
3 16 20
3 17 30
3 18 40
3 19 31
3 20 16
3 21 13
3 22 15
3 23 32
3 24 43
3 25 35
3 26 37
3 27 35
3 28 28
3 29 28
3 30 12
3 31 7
3 32 28
3 33 36
3 34 35
3 35 3
3 36 37
3 37 25
3 38 23
3 39 14
3 40 15
3 41 20
3 42 18
3 43 31
3 44 17
3 45 43
3 46 31
3 47 26
3 48 16
3 49 11
3 50 39
3 51 32
3 52 25
3 53 25
3 54 16
3 55 37
4 1 16
4 2 14
4 3 23
4 4 -1
4 5 20
4 6 12
4 7 18
4 8 23
4 9 21
4 10 13
4 11 28
4 12 9
4 13 22
4 14 15
4 15 14
4 16 24
4 17 22
4 18 17
4 19 8
4 20 14
4 21 27
4 22 11
4 23 22
4 24 28
4 25 24
4 26 20
4 27 17
4 28 5
4 29 32
4 30 34
4 31 16
4 32 8
4 33 14
4 34 19
4 35 25
4 36 14
4 37 22
4 38 8
4 39 10
4 40 8
4 41 26
4 42 6
4 43 38
4 44 28
4 45 20
4 46 23
4 47 12
4 48 37
4 49 33
4 50 15
4 51 19
4 52 17
4 53 16
4 54 25
4 55 14
5 1 37
5 2 26
5 3 41
5 4 20
5 5 -1
5 6 9
5 7 36
5 8 32
5 9 13
5 10 23
5 11 29
5 12 17
5 13 41
5 14 35
5 15 27
5 16 31
5 17 21
5 18 11
5 19 18
5 20 34
5 21 47
5 22 25
5 23 18
5 24 39
5 25 17
5 26 7
5 27 7
5 28 17
5 29 35
5 30 53
5 31 34
5 32 24
5 33 23
5 34 32
5 35 43
5 36 9
5 37 25
5 38 27
5 39 26
5 40 26
5 41 34
5 42 22
5 43 42
5 44 38
5 45 14
5 46 41
5 47 30
5 48 56
5 49 49
5 50 13
5 51 14
5 52 35
5 53 19
5 54 46
5 55 14
6 1 28
6 2 17
6 3 34
6 4 12
6 5 9
6 6 -1
6 7 29
6 8 29
6 9 12
6 10 19
6 11 29
6 12 8
6 13 32
6 14 26
6 15 18
6 16 29
6 17 21
6 18 7
6 19 9
6 20 26
6 21 39
6 22 19
6 23 20
6 24 31
6 25 20
6 26 12
6 27 9
6 28 8
6 29 34
6 30 46
6 31 27
6 32 15
6 33 15
6 34 23
6 35 36
6 36 3
6 37 24
6 38 18
6 39 20
6 40 19
6 41 32
6 42 15
6 43 42
6 44 35
6 45 11
6 46 32
6 47 21
6 48 49
6 49 44
6 50 8
6 51 15
6 52 26
6 53 17
6 54 37
6 55 7
7 1 12
7 2 30
7 3 5
7 4 18
7 5 36
7 6 29
7 7 -1
7 8 15
7 9 40
7 10 13
7 11 26
7 12 27
7 13 24
7 14 15
7 15 29
7 16 17
7 17 25
7 18 35
7 19 26
7 20 14
7 21 16
7 22 10
7 23 27
7 24 40
7 25 31
7 26 32
7 27 30
7 28 23
7 29 25
7 30 17
7 31 3
7 32 24
7 33 32
7 34 32
7 35 7
7 36 32
7 37 22
7 38 19
7 39 9
7 40 10
7 41 18
7 42 13
7 43 30
7 44 16
7 45 38
7 46 30
7 47 23
7 48 20
7 49 15
7 50 34
7 51 27
7 52 23
7 53 21
7 54 17
7 55 33
8 1 26
8 2 37
8 3 18
8 4 23
8 5 32
8 6 29
8 7 15
8 8 -1
8 9 41
8 10 10
8 11 11
8 12 31
8 13 37
8 14 28
8 15 37
8 16 2
8 17 14
8 18 36
8 19 30
8 20 27
8 21 31
8 22 12
8 23 17
8 24 50
8 25 20
8 26 26
8 27 25
8 28 27
8 29 10
8 30 27
8 31 17
8 32 31
8 33 38
8 34 41
8 35 17
8 36 32
8 37 9
8 38 28
8 39 14
8 40 17
8 41 3
8 42 17
8 43 16
8 44 6
8 45 40
8 46 42
8 47 33
8 48 33
8 49 20
8 50 36
8 51 19
8 52 35
8 53 12
8 54 32
8 55 35
9 1 37
9 2 18
9 3 45
9 4 21
9 5 13
9 6 12
9 7 40
9 8 41
9 9 -1
9 10 31
9 11 40
9 12 13
9 13 37
9 14 34
9 15 20
9 16 41
9 17 32
9 18 5
9 19 15
9 20 34
9 21 47
9 22 31
9 23 30
9 24 29
9 25 30
9 26 20
9 27 18
9 28 17
9 29 46
9 30 56
9 31 38
9 32 20
9 33 15
9 34 24
9 35 47
9 36 9
9 37 35
9 38 25
9 39 31
9 40 30
9 41 44
9 42 26
9 43 53
9 44 47
9 45 2
9 46 34
9 47 26
9 48 58
9 49 55
9 50 6
9 51 26
9 52 31
9 53 29
9 54 45
9 55 7
10 1 21
10 2 27
10 3 18
10 4 13
10 5 23
10 6 19
10 7 13
10 8 10
10 9 31
10 10 -1
10 11 16
10 12 20
10 13 30
10 14 21
10 15 27
10 16 11
10 17 13
10 18 26
10 19 20
10 20 20
10 21 28
10 22 4
10 23 14
10 24 41
10 25 17
10 26 19
10 27 17
10 28 17
10 29 19
10 30 30
10 31 13
10 32 21
10 33 27
10 34 31
10 35 19
10 36 22
10 37 10
10 38 19
10 39 7
10 40 9
10 41 13
10 42 7
10 43 25
10 44 16
10 45 30
10 46 34
10 47 24
10 48 34
10 49 26
10 50 26
10 51 13
10 52 27
10 53 7
10 54 29
10 55 25
11 1 36
11 2 42
11 3 29
11 4 28
11 5 29
11 6 29
11 7 26
11 8 11
11 9 40
11 10 16
11 11 -1
11 12 34
11 13 46
11 14 37
11 15 42
11 16 9
11 17 8
11 18 36
11 19 34
11 20 36
11 21 42
11 22 19
11 23 11
11 24 56
11 25 13
11 26 22
11 27 22
11 28 31
11 29 6
11 30 38
11 31 27
11 32 36
11 33 42
11 34 47
11 35 28
11 36 32
11 37 5
11 38 35
11 39 22
11 40 25
11 41 10
11 42 23
11 43 13
11 44 14
11 45 40
11 46 50
11 47 40
11 48 44
11 49 31
11 50 37
11 51 15
11 52 43
11 53 12
11 54 43
11 55 37
12 1 23
12 2 9
12 3 32
12 4 9
12 5 17
12 6 8
12 7 27
12 8 31
12 9 13
12 10 20
12 11 34
12 12 -1
12 13 25
12 14 21
12 15 10
12 16 31
12 17 27
12 18 9
12 19 1
12 20 20
12 21 34
12 22 20
12 23 26
12 24 23
12 25 27
12 26 19
12 27 17
12 28 4
12 29 38
12 30 43
12 31 25
12 32 7
12 33 7
12 34 15
12 35 34
12 36 8
12 37 28
12 38 12
12 39 19
12 40 17
12 41 34
12 42 15
12 43 46
12 44 36
12 45 11
12 46 24
12 47 13
12 48 45
12 49 42
12 50 7
12 51 22
12 52 19
12 53 22
12 54 31
12 55 5
13 1 11
13 2 19
13 3 25
13 4 22
13 5 41
13 6 32
13 7 24
13 8 37
13 9 37
13 10 30
13 11 46
13 12 25
13 13 -1
13 14 9
13 15 17
13 16 39
13 17 43
13 18 34
13 19 23
13 20 10
13 21 16
13 22 26
13 23 43
13 24 21
13 25 46
13 26 42
13 27 39
13 28 23
13 29 48
13 30 30
13 31 21
13 32 17
13 33 22
13 34 16
13 35 28
13 36 33
13 37 41
13 38 14
13 39 23
13 40 21
13 41 41
13 42 24
13 43 53
13 44 40
13 45 35
13 46 7
13 47 11
13 48 29
13 49 35
13 50 31
13 51 41
13 52 5
13 53 36
13 54 12
13 55 30
14 1 3
14 2 18
14 3 17
14 4 15
14 5 35
14 6 26
14 7 15
14 8 28
14 9 34
14 10 21
14 11 37
14 12 21
14 13 9
14 14 -1
14 15 17
14 16 30
14 17 34
14 18 30
14 19 19
14 20 1
14 21 13
14 22 17
14 23 35
14 24 26
14 25 38
14 26 35
14 27 32
14 28 18
14 29 38
14 30 25
14 31 12
14 32 14
14 33 21
14 34 19
14 35 20
14 36 28
14 37 32
14 38 9
14 39 14
14 40 12
14 41 31
14 42 16
14 43 44
14 44 31
14 45 32
14 46 15
14 47 10
14 48 25
14 49 27
14 50 28
14 51 33
14 52 8
14 53 28
14 54 10
14 55 26
15 1 20
15 2 1
15 3 33
15 4 14
15 5 27
15 6 18
15 7 29
15 8 37
15 9 20
15 10 27
15 11 42
15 12 10
15 13 17
15 14 17
15 15 -1
15 16 38
15 17 36
15 18 17
15 19 9
15 20 17
15 21 30
15 22 25
15 23 35
15 24 14
15 25 37
15 26 30
15 27 27
15 28 11
15 29 46
15 30 42
15 31 26
15 32 5
15 33 5
15 34 5
15 35 36
15 36 18
15 37 36
15 38 10
15 39 22
15 40 20
15 41 40
15 42 20
15 43 53
15 44 42
15 45 17
15 46 14
15 47 7
15 48 43
15 49 44
15 50 14
15 51 31
15 52 12
15 53 30
15 54 27
15 55 13
16 1 28
16 2 38
16 3 20
16 4 24
16 5 31
16 6 29
16 7 17
16 8 2
16 9 41
16 10 11
16 11 9
16 12 31
16 13 39
16 14 30
16 15 38
16 16 -1
16 17 12
16 18 36
16 19 31
16 20 29
16 21 33
16 22 13
16 23 15
16 24 52
16 25 19
16 26 25
16 27 24
16 28 28
16 29 8
16 30 29
16 31 18
16 32 32
16 33 38
16 34 42
16 35 19
16 36 32
16 37 7
16 38 29
16 39 16
16 40 19
16 41 3
16 42 18
16 43 14
16 44 6
16 45 40
16 46 44
16 47 34
16 48 35
16 49 22
16 50 36
16 51 18
16 52 37
16 53 12
16 54 34
16 55 35
17 1 34
17 2 36
17 3 30
17 4 22
17 5 21
17 6 21
17 7 25
17 8 14
17 9 32
17 10 13
17 11 8
17 12 27
17 13 43
17 14 34
17 15 36
17 16 12
17 17 -1
17 18 28
17 19 27
17 20 33
17 21 41
17 22 17
17 23 3
17 24 50
17 25 6
17 26 14
17 27 14
17 28 24
17 29 14
17 30 41
17 31 26
17 32 31
17 33 35
17 34 41
17 35 30
17 36 24
17 37 5
17 38 30
17 39 20
17 40 22
17 41 15
17 42 18
17 43 21
17 44 19
17 45 32
17 46 46
17 47 35
17 48 46
17 49 34
17 50 30
17 51 7
17 52 39
17 53 6
17 54 42
17 55 29
18 1 32
18 2 16
18 3 40
18 4 17
18 5 11
18 6 7
18 7 35
18 8 36
18 9 5
18 10 26
18 11 36
18 12 9
18 13 34
18 14 30
18 15 17
18 16 36
18 17 28
18 18 -1
18 19 10
18 20 29
18 21 43
18 22 26
18 23 26
18 24 28
18 25 26
18 26 16
18 27 15
18 28 12
18 29 41
18 30 51
18 31 33
18 32 16
18 33 13
18 34 22
18 35 42
18 36 4
18 37 31
18 38 21
18 39 26
18 40 25
18 41 39
18 42 21
18 43 49
18 44 42
18 45 4
18 46 32
18 47 22
18 48 54
18 49 50
18 50 3
18 51 21
18 52 28
18 53 24
18 54 41
18 55 4
19 1 22
19 2 8
19 3 31
19 4 8
19 5 18
19 6 9
19 7 26
19 8 30
19 9 15
19 10 20
19 11 34
19 12 1
19 13 23
19 14 19
19 15 9
19 16 31
19 17 27
19 18 10
19 19 -1
19 20 19
19 21 32
19 22 19
19 23 26
19 24 23
19 25 27
19 26 20
19 27 17
19 28 3
19 29 38
19 30 42
19 31 23
19 32 6
19 33 7
19 34 14
19 35 33
19 36 9
19 37 28
19 38 10
19 39 18
19 40 16
19 41 34
19 42 14
19 43 45
19 44 36
19 45 13
19 46 23
19 47 12
19 48 43
19 49 41
19 50 8
19 51 22
19 52 18
19 53 22
19 54 30
19 55 7
20 1 3
20 2 18
20 3 16
20 4 14
20 5 34
20 6 26
20 7 14
20 8 27
20 9 34
20 10 20
20 11 36
20 12 20
20 13 10
20 14 1
20 15 17
20 16 29
20 17 33
20 18 29
20 19 19
20 20 -1
20 21 13
20 22 16
20 23 34
20 24 26
20 25 37
20 26 34
20 27 31
20 28 17
20 29 38
20 30 25
20 31 11
20 32 13
20 33 21
20 34 19
20 35 19
20 36 27
20 37 31
20 38 8
20 39 13
20 40 11
20 41 30
20 42 15
20 43 43
20 44 30
20 45 32
20 46 15
20 47 10
20 48 25
20 49 27
20 50 27
20 51 32
20 52 8
20 53 27
20 54 11
20 55 26
21 1 10
21 2 31
21 3 13
21 4 27
21 5 47
21 6 39
21 7 16
21 8 31
21 9 47
21 10 28
21 11 42
21 12 34
21 13 16
21 14 13
21 15 30
21 16 33
21 17 41
21 18 43
21 19 32
21 20 13
21 21 -1
21 22 24
21 23 42
21 24 37
21 25 46
21 26 45
21 27 42
21 28 31
21 29 41
21 30 14
21 31 15
21 32 27
21 33 34
21 34 30
21 35 16
21 36 41
21 37 38
21 38 22
21 39 22
21 40 21
21 41 33
21 42 25
21 43 45
21 44 31
21 45 45
21 46 23
21 47 22
21 48 13
21 49 21
21 50 41
21 51 42
21 52 19
21 53 35
21 54 4
21 55 39
22 1 17
22 2 25
22 3 15
22 4 11
22 5 25
22 6 19
22 7 10
22 8 12
22 9 31
22 10 4
22 11 19
22 12 20
22 13 26
22 14 17
22 15 25
22 16 13
22 17 17
22 18 26
22 19 19
22 20 16
22 21 24
22 22 -1
22 23 18
22 24 38
22 25 21
22 26 22
22 27 19
22 28 16
22 29 22
22 30 27
22 31 9
22 32 19
22 33 26
22 34 29
22 35 17
22 36 22
22 37 14
22 38 16
22 39 3
22 40 5
22 41 15
22 42 5
22 43 28
22 44 17
22 45 30
22 46 31
22 47 21
22 48 31
22 49 24
22 50 26
22 51 17
22 52 23
22 53 11
22 54 25
22 55 25
23 1 35
23 2 35
23 3 32
23 4 22
23 5 18
23 6 20
23 7 27
23 8 17
23 9 30
23 10 14
23 11 11
23 12 26
23 13 43
23 14 35
23 15 35
23 16 15
23 17 3
23 18 26
23 19 26
23 20 34
23 21 42
23 22 18
23 23 -1
23 24 49
23 25 3
23 26 11
23 27 11
23 28 23
23 29 17
23 30 43
23 31 27
23 32 30
23 33 34
23 34 40
23 35 32
23 36 22
23 37 8
23 38 30
23 39 21
23 40 23
23 41 18
23 42 19
23 43 24
23 44 22
23 45 30
23 46 46
23 47 35
23 48 48
23 49 37
23 50 28
23 51 4
23 52 39
23 53 7
23 54 43
23 55 27
24 1 29
24 2 14
24 3 43
24 4 28
24 5 39
24 6 31
24 7 40
24 8 50
24 9 29
24 10 41
24 11 56
24 12 23
24 13 21
24 14 26
24 15 14
24 16 52
24 17 50
24 18 28
24 19 23
24 20 26
24 21 37
24 22 38
24 23 49
24 24 -1
24 25 51
24 26 43
24 27 40
24 28 25
24 29 60
24 30 51
24 31 37
24 32 19
24 33 16
24 34 9
24 35 46
24 36 30
24 37 50
24 38 22
24 39 36
24 40 33
24 41 54
24 42 34
24 43 66
24 44 55
24 45 27
24 46 14
24 47 17
24 48 50
24 49 54
24 50 25
24 51 45
24 52 18
24 53 44
24 54 33
24 55 24
25 1 38
25 2 36
25 3 35
25 4 24
25 5 17
25 6 20
25 7 31
25 8 20
25 9 30
25 10 17
25 11 13
25 12 27
25 13 46
25 14 38
25 15 37
25 16 19
25 17 6
25 18 26
25 19 27
25 20 37
25 21 46
25 22 21
25 23 3
25 24 51
25 25 -1
25 26 9
25 27 11
25 28 25
25 29 19
25 30 47
25 31 31
25 32 32
25 33 35
25 34 42
25 35 36
25 36 22
25 37 11
25 38 32
25 39 24
25 40 26
25 41 21
25 42 22
25 43 26
25 44 25
25 45 30
25 46 48
25 47 37
25 48 51
25 49 41
25 50 28
25 51 5
25 52 41
25 53 10
25 54 46
25 55 28
26 1 36
26 2 29
26 3 37
26 4 20
26 5 7
26 6 12
26 7 32
26 8 26
26 9 20
26 10 19
26 11 22
26 12 19
26 13 42
26 14 35
26 15 30
26 16 25
26 17 14
26 18 16
26 19 20
26 20 34
26 21 45
26 22 22
26 23 11
26 24 43
26 25 9
26 26 -1
26 27 3
26 28 19
26 29 28
26 30 49
26 31 31
26 32 26
26 33 27
26 34 35
26 35 38
26 36 13
26 37 18
26 38 28
26 39 23
26 40 24
26 41 28
26 42 20
26 43 35
26 44 31
26 45 20
26 46 43
26 47 32
26 48 53
26 49 45
26 50 19
26 51 7
26 52 37
26 53 13
26 54 44
26 55 19
27 1 33
27 2 26
27 3 35
27 4 17
27 5 7
27 6 9
27 7 30
27 8 25
27 9 18
27 10 17
27 11 22
27 12 17
27 13 39
27 14 32
27 15 27
27 16 24
27 17 14
27 18 15
27 19 17
27 20 31
27 21 42
27 22 19
27 23 11
27 24 40
27 25 11
27 26 3
27 27 -1
27 28 16
27 29 28
27 30 47
27 31 29
27 32 23
27 33 24
27 34 32
27 35 36
27 36 11
27 37 18
27 38 25
27 39 21
27 40 21
27 41 27
27 42 17
27 43 35
27 44 31
27 45 18
27 46 40
27 47 29
27 48 51
27 49 43
27 50 16
27 51 7
27 52 34
27 53 12
27 54 42
27 55 17
28 1 20
28 2 11
28 3 28
28 4 5
28 5 17
28 6 8
28 7 23
28 8 27
28 9 17
28 10 17
28 11 31
28 12 4
28 13 23
28 14 18
28 15 11
28 16 28
28 17 24
28 18 12
28 19 3
28 20 17
28 21 31
28 22 16
28 23 23
28 24 25
28 25 25
28 26 19
28 27 16
28 28 -1
28 29 35
28 30 39
28 31 21
28 32 7
28 33 10
28 34 17
28 35 31
28 36 10
28 37 25
28 38 9
28 39 15
28 40 13
28 41 31
28 42 11
28 43 42
28 44 32
28 45 15
28 46 24
28 47 13
28 48 41
28 49 38
28 50 10
28 51 20
28 52 18
28 53 19
28 54 29
28 55 9
29 1 37
29 2 46
29 3 28
29 4 32
29 5 35
29 6 34
29 7 25
29 8 10
29 9 46
29 10 19
29 11 6
29 12 38
29 13 48
29 14 38
29 15 46
29 16 8
29 17 14
29 18 41
29 19 38
29 20 38
29 21 41
29 22 22
29 23 17
29 24 60
29 25 19
29 26 28
29 27 28
29 28 35
29 29 -1
29 30 36
29 31 27
29 32 40
29 33 46
29 34 50
29 35 27
29 36 37
29 37 10
29 38 38
29 39 25
29 40 27
29 41 8
29 42 26
29 43 7
29 44 11
29 45 45
29 46 53
29 47 43
29 48 42
29 49 28
29 50 42
29 51 21
29 52 45
29 53 17
29 54 43
29 55 42
30 1 22
30 2 43
30 3 12
30 4 34
30 5 53
30 6 46
30 7 17
30 8 27
30 9 56
30 10 30
30 11 38
30 12 43
30 13 30
30 14 25
30 15 42
30 16 29
30 17 41
30 18 51
30 19 42
30 20 25
30 21 14
30 22 27
30 23 43
30 24 51
30 25 47
30 26 49
30 27 47
30 28 39
30 29 36
30 30 -1
30 31 18
30 32 38
30 33 46
30 34 44
30 35 10
30 36 48
30 37 36
30 38 32
30 39 26
30 40 26
30 41 28
30 42 30
30 43 38
30 44 25
30 45 55
30 46 37
30 47 35
30 48 6
30 49 9
30 50 50
30 51 44
30 52 33
30 53 37
30 54 18
30 55 49
31 1 10
31 2 27
31 3 7
31 4 16
31 5 34
31 6 27
31 7 3
31 8 17
31 9 38
31 10 13
31 11 27
31 12 25
31 13 21
31 14 12
31 15 26
31 16 18
31 17 26
31 18 33
31 19 23
31 20 11
31 21 15
31 22 9
31 23 27
31 24 37
31 25 31
31 26 31
31 27 29
31 28 21
31 29 27
31 30 18
31 31 -1
31 32 21
31 33 29
31 34 29
31 35 10
31 36 30
31 37 23
31 38 16
31 39 7
31 40 8
31 41 20
31 42 12
31 43 32
31 44 19
31 45 36
31 46 27
31 47 19
31 48 21
31 49 18
31 50 31
31 51 27
31 52 20
31 53 20
31 54 16
31 55 30
32 1 17
32 2 6
32 3 28
32 4 8
32 5 24
32 6 15
32 7 24
32 8 31
32 9 20
32 10 21
32 11 36
32 12 7
32 13 17
32 14 14
32 15 5
32 16 32
32 17 31
32 18 16
32 19 6
32 20 13
32 21 27
32 22 19
32 23 30
32 24 19
32 25 32
32 26 26
32 27 23
32 28 7
32 29 40
32 30 38
32 31 21
32 32 -1
32 33 8
32 34 10
32 35 31
32 36 15
32 37 31
32 38 5
32 39 17
32 40 14
32 41 34
32 42 14
32 43 47
32 44 36
32 45 18
32 46 17
32 47 6
32 48 39
32 49 39
32 50 14
32 51 26
32 52 11
32 53 25
32 54 24
32 55 12
33 1 24
33 2 3
33 3 36
33 4 14
33 5 23
33 6 15
33 7 32
33 8 38
33 9 15
33 10 27
33 11 42
33 12 7
33 13 22
33 14 21
33 15 5
33 16 38
33 17 35
33 18 13
33 19 7
33 20 21
33 21 34
33 22 26
33 23 34
33 24 16
33 25 35
33 26 27
33 27 24
33 28 10
33 29 46
33 30 46
33 31 29
33 32 8
33 33 -1
33 34 9
33 35 39
33 36 14
33 37 36
33 38 13
33 39 24
33 40 22
33 41 41
33 42 21
33 43 53
33 44 43
33 45 13
33 46 19
33 47 12
33 48 47
33 49 47
33 50 10
33 51 30
33 52 16
33 53 29
33 54 31
33 55 9
34 1 22
34 2 6
34 3 35
34 4 19
34 5 32
34 6 23
34 7 32
34 8 41
34 9 24
34 10 31
34 11 47
34 12 15
34 13 16
34 14 19
34 15 5
34 16 42
34 17 41
34 18 22
34 19 14
34 20 19
34 21 30
34 22 29
34 23 40
34 24 9
34 25 42
34 26 35
34 27 32
34 28 17
34 29 50
34 30 44
34 31 29
34 32 10
34 33 9
34 34 -1
34 35 38
34 36 23
34 37 41
34 38 13
34 39 26
34 40 24
34 41 45
34 42 24
34 43 57
34 44 46
34 45 21
34 46 11
34 47 9
34 48 43
34 49 46
34 50 19
34 51 37
34 52 11
34 53 35
34 54 27
34 55 18
35 1 17
35 2 37
35 3 3
35 4 25
35 5 43
35 6 36
35 7 7
35 8 17
35 9 47
35 10 19
35 11 28
35 12 34
35 13 28
35 14 20
35 15 36
35 16 19
35 17 30
35 18 42
35 19 33
35 20 19
35 21 16
35 22 17
35 23 32
35 24 46
35 25 36
35 26 38
35 27 36
35 28 31
35 29 27
35 30 10
35 31 10
35 32 31
35 33 39
35 34 38
35 35 -1
35 36 39
35 37 26
35 38 26
35 39 16
35 40 17
35 41 19
35 42 21
35 43 29
35 44 16
35 45 46
35 46 34
35 47 29
35 48 15
35 49 8
35 50 41
35 51 33
35 52 28
35 53 26
35 54 19
35 55 40
36 1 30
36 2 17
36 3 37
36 4 14
36 5 9
36 6 3
36 7 32
36 8 32
36 9 9
36 10 22
36 11 32
36 12 8
36 13 33
36 14 28
36 15 18
36 16 32
36 17 24
36 18 4
36 19 9
36 20 27
36 21 41
36 22 22
36 23 22
36 24 30
36 25 22
36 26 13
36 27 11
36 28 10
36 29 37
36 30 48
36 31 30
36 32 15
36 33 14
36 34 23
36 35 39
36 36 -1
36 37 27
36 38 19
36 39 22
36 40 21
36 41 35
36 42 18
36 43 44
36 44 38
36 45 8
36 46 32
36 47 22
36 48 51
36 49 46
36 50 5
36 51 18
36 52 27
36 53 20
36 54 39
36 55 5
37 1 31
37 2 36
37 3 25
37 4 22
37 5 25
37 6 24
37 7 22
37 8 9
37 9 35
37 10 10
37 11 5
37 12 28
37 13 41
37 14 32
37 15 36
37 16 7
37 17 5
37 18 31
37 19 28
37 20 31
37 21 38
37 22 14
37 23 8
37 24 50
37 25 11
37 26 18
37 27 18
37 28 25
37 29 10
37 30 36
37 31 23
37 32 31
37 33 36
37 34 41
37 35 26
37 36 27
37 37 -1
37 38 29
37 39 17
37 40 20
37 41 10
37 42 17
37 43 17
37 44 14
37 45 35
37 46 45
37 47 34
37 48 41
37 49 30
37 50 32
37 51 11
37 52 38
37 53 6
37 54 39
37 55 31
38 1 11
38 2 11
38 3 23
38 4 8
38 5 27
38 6 18
38 7 19
38 8 28
38 9 25
38 10 19
38 11 35
38 12 12
38 13 14
38 14 9
38 15 10
38 16 29
38 17 30
38 18 21
38 19 10
38 20 8
38 21 22
38 22 16
38 23 30
38 24 22
38 25 32
38 26 28
38 27 25
38 28 9
38 29 38
38 30 32
38 31 16
38 32 5
38 33 13
38 34 13
38 35 26
38 36 19
38 37 29
38 38 -1
38 39 13
38 40 10
38 41 32
38 42 12
38 43 44
38 44 32
38 45 23
38 46 15
38 47 5
38 48 34
38 49 34
38 50 19
38 51 27
38 52 9
38 53 24
38 54 19
38 55 17
39 1 14
39 2 23
39 3 14
39 4 10
39 5 26
39 6 20
39 7 9
39 8 14
39 9 31
39 10 7
39 11 22
39 12 19
39 13 23
39 14 14
39 15 22
39 16 16
39 17 20
39 18 26
39 19 18
39 20 13
39 21 22
39 22 3
39 23 21
39 24 36
39 25 24
39 26 23
39 27 21
39 28 15
39 29 25
39 30 26
39 31 7
39 32 17
39 33 24
39 34 26
39 35 16
39 36 22
39 37 17
39 38 13
39 39 -1
39 40 2
39 41 18
39 42 4
39 43 31
39 44 19
39 45 29
39 46 28
39 47 18
39 48 29
39 49 24
39 50 25
39 51 19
39 52 20
39 53 14
39 54 22
39 55 24
40 1 12
40 2 20
40 3 15
40 4 8
40 5 26
40 6 19
40 7 10
40 8 17
40 9 30
40 10 9
40 11 25
40 12 17
40 13 21
40 14 12
40 15 20
40 16 19
40 17 22
40 18 25
40 19 16
40 20 11
40 21 21
40 22 5
40 23 23
40 24 33
40 25 26
40 26 24
40 27 21
40 28 13
40 29 27
40 30 26
40 31 8
40 32 14
40 33 22
40 34 24
40 35 17
40 36 21
40 37 20
40 38 10
40 39 2
40 40 -1
40 41 21
40 42 4
40 43 33
40 44 21
40 45 28
40 46 25
40 47 15
40 48 29
40 49 25
40 50 24
40 51 21
40 52 18
40 53 16
40 54 20
40 55 22
41 1 30
41 2 41
41 3 20
41 4 26
41 5 34
41 6 32
41 7 18
41 8 3
41 9 44
41 10 13
41 11 10
41 12 34
41 13 41
41 14 31
41 15 40
41 16 3
41 17 15
41 18 39
41 19 34
41 20 30
41 21 33
41 22 15
41 23 18
41 24 54
41 25 21
41 26 28
41 27 27
41 28 31
41 29 8
41 30 28
41 31 20
41 32 34
41 33 41
41 34 45
41 35 19
41 36 35
41 37 10
41 38 32
41 39 18
41 40 21
41 41 -1
41 42 20
41 43 12
41 44 4
41 45 43
41 46 46
41 47 36
41 48 34
41 49 21
41 50 39
41 51 21
41 52 38
41 53 15
41 54 35
41 55 38
42 1 16
42 2 20
42 3 18
42 4 6
42 5 22
42 6 15
42 7 13
42 8 17
42 9 26
42 10 7
42 11 23
42 12 15
42 13 24
42 14 16
42 15 20
42 16 18
42 17 18
42 18 21
42 19 14
42 20 15
42 21 25
42 22 5
42 23 19
42 24 34
42 25 22
42 26 20
42 27 17
42 28 11
42 29 26
42 30 30
42 31 12
42 32 14
42 33 21
42 34 24
42 35 21
42 36 18
42 37 17
42 38 12
42 39 4
42 40 4
42 41 20
42 42 -1
42 43 32
42 44 22
42 45 25
42 46 27
42 47 17
42 48 33
42 49 28
42 50 21
42 51 17
42 52 20
42 53 12
42 54 25
42 55 20
43 1 42
43 2 53
43 3 31
43 4 38
43 5 42
43 6 42
43 7 30
43 8 16
43 9 53
43 10 25
43 11 13
43 12 46
43 13 53
43 14 44
43 15 53
43 16 14
43 17 21
43 18 49
43 19 45
43 20 43
43 21 45
43 22 28
43 23 24
43 24 66
43 25 26
43 26 35
43 27 35
43 28 42
43 29 7
43 30 38
43 31 32
43 32 47
43 33 53
43 34 57
43 35 29
43 36 44
43 37 17
43 38 44
43 39 31
43 40 33
43 41 12
43 42 32
43 43 -1
43 44 13
43 45 53
43 46 58
43 47 49
43 48 44
43 49 29
43 50 49
43 51 28
43 52 51
43 53 24
43 54 47
43 55 49
44 1 29
44 2 42
44 3 17
44 4 28
44 5 38
44 6 35
44 7 16
44 8 6
44 9 47
44 10 16
44 11 14
44 12 36
44 13 40
44 14 31
44 15 42
44 16 6
44 17 19
44 18 42
44 19 36
44 20 30
44 21 31
44 22 17
44 23 22
44 24 55
44 25 25
44 26 31
44 27 31
44 28 32
44 29 11
44 30 25
44 31 19
44 32 36
44 33 43
44 34 46
44 35 16
44 36 38
44 37 14
44 38 32
44 39 19
44 40 21
44 41 4
44 42 22
44 43 13
44 44 -1
44 45 46
44 46 45
44 47 37
44 48 31
44 49 17
44 50 42
44 51 25
44 52 38
44 53 18
44 54 34
44 55 41
45 1 35
45 2 16
45 3 43
45 4 20
45 5 14
45 6 11
45 7 38
45 8 40
45 9 2
45 10 30
45 11 40
45 12 11
45 13 35
45 14 32
45 15 17
45 16 40
45 17 32
45 18 4
45 19 13
45 20 32
45 21 45
45 22 30
45 23 30
45 24 27
45 25 30
45 26 20
45 27 18
45 28 15
45 29 45
45 30 55
45 31 36
45 32 18
45 33 13
45 34 21
45 35 46
45 36 8
45 37 35
45 38 23
45 39 29
45 40 28
45 41 43
45 42 25
45 43 53
45 44 46
45 45 -1
45 46 32
45 47 24
45 48 56
45 49 53
45 50 4
45 51 25
45 52 29
45 53 28
45 54 43
45 55 5
46 1 17
46 2 16
46 3 31
46 4 23
46 5 41
46 6 32
46 7 30
46 8 42
46 9 34
46 10 34
46 11 50
46 12 24
46 13 7
46 14 15
46 15 14
46 16 44
46 17 46
46 18 32
46 19 23
46 20 15
46 21 23
46 22 31
46 23 46
46 24 14
46 25 48
46 26 43
46 27 40
46 28 24
46 29 53
46 30 37
46 31 27
46 32 17
46 33 19
46 34 11
46 35 34
46 36 32
46 37 45
46 38 15
46 39 28
46 40 25
46 41 46
46 42 27
46 43 58
46 44 45
46 45 32
46 46 -1
46 47 11
46 48 36
46 49 42
46 50 29
46 51 43
46 52 7
46 53 39
46 54 19
46 55 28
47 1 13
47 2 8
47 3 26
47 4 12
47 5 30
47 6 21
47 7 23
47 8 33
47 9 26
47 10 24
47 11 40
47 12 13
47 13 11
47 14 10
47 15 7
47 16 34
47 17 35
47 18 22
47 19 12
47 20 10
47 21 22
47 22 21
47 23 35
47 24 17
47 25 37
47 26 32
47 27 29
47 28 13
47 29 43
47 30 35
47 31 19
47 32 6
47 33 12
47 34 9
47 35 29
47 36 22
47 37 34
47 38 5
47 39 18
47 40 15
47 41 36
47 42 17
47 43 49
47 44 37
47 45 24
47 46 11
47 47 -1
47 48 35
47 49 37
47 50 20
47 51 32
47 52 5
47 53 29
47 54 19
47 55 18
48 1 22
48 2 44
48 3 16
48 4 37
48 5 56
48 6 49
48 7 20
48 8 33
48 9 58
48 10 34
48 11 44
48 12 45
48 13 29
48 14 25
48 15 43
48 16 35
48 17 46
48 18 54
48 19 43
48 20 25
48 21 13
48 22 31
48 23 48
48 24 50
48 25 51
48 26 53
48 27 51
48 28 41
48 29 42
48 30 6
48 31 21
48 32 39
48 33 47
48 34 43
48 35 15
48 36 51
48 37 41
48 38 34
48 39 29
48 40 29
48 41 34
48 42 33
48 43 44
48 44 31
48 45 56
48 46 36
48 47 35
48 48 -1
48 49 15
48 50 52
48 51 48
48 52 32
48 53 41
48 54 17
48 55 51
49 1 25
49 2 45
49 3 11
49 4 33
49 5 49
49 6 44
49 7 15
49 8 20
49 9 55
49 10 26
49 11 31
49 12 42
49 13 35
49 14 27
49 15 44
49 16 22
49 17 34
49 18 50
49 19 41
49 20 27
49 21 21
49 22 24
49 23 37
49 24 54
49 25 41
49 26 45
49 27 43
49 28 38
49 29 28
49 30 9
49 31 18
49 32 39
49 33 47
49 34 46
49 35 8
49 36 46
49 37 30
49 38 34
49 39 24
49 40 25
49 41 21
49 42 28
49 43 29
49 44 17
49 45 53
49 46 42
49 47 37
49 48 15
49 49 -1
49 50 49
49 51 38
49 52 36
49 53 31
49 54 25
49 55 48
50 1 30
50 2 13
50 3 39
50 4 15
50 5 13
50 6 8
50 7 34
50 8 36
50 9 6
50 10 26
50 11 37
50 12 7
50 13 31
50 14 28
50 15 14
50 16 36
50 17 30
50 18 3
50 19 8
50 20 27
50 21 41
50 22 26
50 23 28
50 24 25
50 25 28
50 26 19
50 27 16
50 28 10
50 29 42
50 30 50
50 31 31
50 32 14
50 33 10
50 34 19
50 35 41
50 36 5
50 37 32
50 38 19
50 39 25
50 40 24
50 41 39
50 42 21
50 43 49
50 44 42
50 45 4
50 46 29
50 47 20
50 48 52
50 49 49
50 50 -1
50 51 23
50 52 25
50 53 25
50 54 38
50 55 1
51 1 33
51 2 31
51 3 32
51 4 19
51 5 14
51 6 15
51 7 27
51 8 19
51 9 26
51 10 13
51 11 15
51 12 22
51 13 41
51 14 33
51 15 31
51 16 18
51 17 7
51 18 21
51 19 22
51 20 32
51 21 42
51 22 17
51 23 4
51 24 45
51 25 5
51 26 7
51 27 7
51 28 20
51 29 21
51 30 44
51 31 27
51 32 26
51 33 30
51 34 37
51 35 33
51 36 18
51 37 11
51 38 27
51 39 19
51 40 21
51 41 21
51 42 17
51 43 28
51 44 25
51 45 25
51 46 43
51 47 32
51 48 48
51 49 38
51 50 23
51 51 -1
51 52 36
51 53 7
51 54 41
51 55 23
52 1 11
52 2 13
52 3 25
52 4 17
52 5 35
52 6 26
52 7 23
52 8 35
52 9 31
52 10 27
52 11 43
52 12 19
52 13 5
52 14 8
52 15 12
52 16 37
52 17 39
52 18 28
52 19 18
52 20 8
52 21 19
52 22 23
52 23 39
52 24 18
52 25 41
52 26 37
52 27 34
52 28 18
52 29 45
52 30 33
52 31 20
52 32 11
52 33 16
52 34 11
52 35 28
52 36 27
52 37 38
52 38 9
52 39 20
52 40 18
52 41 38
52 42 20
52 43 51
52 44 38
52 45 29
52 46 7
52 47 5
52 48 32
52 49 36
52 50 25
52 51 36
52 52 -1
52 53 32
52 54 15
52 55 24
53 1 28
53 2 30
53 3 25
53 4 16
53 5 19
53 6 17
53 7 21
53 8 12
53 9 29
53 10 7
53 11 12
53 12 22
53 13 36
53 14 28
53 15 30
53 16 12
53 17 6
53 18 24
53 19 22
53 20 27
53 21 35
53 22 11
53 23 7
53 24 44
53 25 10
53 26 13
53 27 12
53 28 19
53 29 17
53 30 37
53 31 20
53 32 25
53 33 29
53 34 35
53 35 26
53 36 20
53 37 6
53 38 24
53 39 14
53 40 16
53 41 15
53 42 12
53 43 24
53 44 18
53 45 28
53 46 39
53 47 29
53 48 41
53 49 31
53 50 25
53 51 7
53 52 32
53 53 -1
53 54 36
53 55 25
54 1 8
54 2 28
54 3 16
54 4 25
54 5 46
54 6 37
54 7 17
54 8 32
54 9 45
54 10 29
54 11 43
54 12 31
54 13 12
54 14 10
54 15 27
54 16 34
54 17 42
54 18 41
54 19 30
54 20 11
54 21 4
54 22 25
54 23 43
54 24 33
54 25 46
54 26 44
54 27 42
54 28 29
54 29 43
54 30 18
54 31 16
54 32 24
54 33 31
54 34 27
54 35 19
54 36 39
54 37 39
54 38 19
54 39 22
54 40 20
54 41 35
54 42 25
54 43 47
54 44 34
54 45 43
54 46 19
54 47 19
54 48 17
54 49 25
54 50 38
54 51 41
54 52 15
54 53 36
54 54 -1
54 55 37
55 1 29
55 2 12
55 3 37
55 4 14
55 5 14
55 6 7
55 7 33
55 8 35
55 9 7
55 10 25
55 11 37
55 12 5
55 13 30
55 14 26
55 15 13
55 16 35
55 17 29
55 18 4
55 19 7
55 20 26
55 21 39
55 22 25
55 23 27
55 24 24
55 25 28
55 26 19
55 27 17
55 28 9
55 29 42
55 30 49
55 31 30
55 32 12
55 33 9
55 34 18
55 35 40
55 36 5
55 37 31
55 38 17
55 39 24
55 40 22
55 41 38
55 42 20
55 43 49
55 44 41
55 45 5
55 46 28
55 47 18
55 48 51
55 49 48
55 50 1
55 51 23
55 52 24
55 53 25
55 54 37
55 55 -1
