15 32
15 33
15 2
15 34
15 38
15 12
15 47
15 19
27 26
27 51
27 5
27 6
35 3
35 7
35 49
35 30
35 31
23 37
23 11
23 17
23 51
23 53
23 25
32 33
32 2
32 34
32 4
32 38
32 12
32 15
32 47
32 19
32 28
47 32
47 2
47 34
47 38
47 14
47 15
47 20
47 52
50 33
50 36
50 6
50 9
50 12
50 45
50 18
50 19
50 55
50 28
2 32
2 33
2 34
2 38
2 12
2 15
2 47
2 19
29 37
29 8
29 41
29 11
29 43
29 16
39 4
39 7
39 40
39 10
39 42
39 22
39 31
36 5
36 6
36 9
36 12
36 45
36 18
36 19
36 50
36 55
36 28
21 1
21 54
26 25
26 27
26 5
26 51
40 4
40 38
40 7
40 39
40 10
40 42
40 22
40 31
46 52
46 13
45 36
45 9
45 18
45 50
45 55
44 8
44 16
44 41
38 32
38 2
38 4
38 40
38 14
38 15
38 47
38 19
38 20
38 52
38 28
22 39
22 40
22 7
22 10
22 42
22 31
6 36
6 5
6 12
6 18
6 19
6 50
6 55
6 27
6 28
43 29
28 32
28 33
28 4
28 36
28 6
28 38
28 12
28 50
28 19
28 55
24 34
49 35
49 30
52 38
52 13
52 46
52 14
52 47
52 20
25 17
25 51
25 53
25 23
25 26
42 4
42 39
42 40
42 10
42 22
4 32
4 38
4 39
4 40
4 42
4 12
4 19
4 28
33 32
33 2
33 34
33 12
33 15
33 50
33 19
33 55
33 28
16 37
16 8
16 41
16 11
16 44
16 29
7 35
7 3
7 39
7 40
7 22
7 31
10 37
10 39
10 8
10 40
10 42
10 53
10 22
34 32
34 33
34 2
34 15
34 47
34 24
12 32
12 33
12 2
12 4
12 36
12 6
12 15
12 18
12 19
12 50
12 55
12 28
54 1
54 21
54 14
20 1
20 38
20 13
20 14
20 47
20 52
13 46
13 20
13 14
13 52
17 37
17 11
17 51
17 53
17 23
17 25
5 26
5 27
5 36
5 6
11 37
11 41
11 16
11 17
11 23
11 29
8 37
8 41
8 10
8 44
8 16
8 29
51 17
51 53
51 23
51 25
51 26
51 27
31 1
31 3
31 35
31 7
31 39
31 40
31 22
19 32
19 33
19 2
19 4
19 36
19 6
19 38
19 12
19 15
19 18
19 50
19 55
19 28
14 1
14 38
14 13
14 47
14 20
14 52
14 54
