1 1 -1
1 2 9
1 3 6
1 4 8
1 5 6
1 6 5
1 7 8
1 8 9
1 9 7
1 10 3
1 11 9
1 12 3
2 1 9
2 2 -1
2 3 10
2 4 9
2 5 3
2 6 6
2 7 11
2 8 2
2 9 6
2 10 6
2 11 4
2 12 6
3 1 6
3 2 10
3 3 -1
3 4 3
3 5 7
3 6 4
3 7 2
3 8 11
3 9 12
3 10 7
3 11 8
3 12 6
4 1 8
4 2 9
4 3 3
4 4 -1
4 5 6
4 6 4
4 7 3
4 8 10
4 9 12
4 10 8
4 11 5
4 12 7
5 1 6
5 2 3
5 3 7
5 4 6
5 5 -1
5 6 3
5 7 8
5 8 4
5 9 7
5 10 4
5 11 3
5 12 3
6 1 5
6 2 6
6 3 4
6 4 4
6 5 3
6 6 -1
6 7 5
6 8 7
6 9 8
6 10 4
6 11 4
6 12 3
7 1 8
7 2 11
7 3 2
7 4 3
7 5 8
7 6 5
7 7 -1
7 8 12
7 9 13
7 10 8
7 11 8
7 12 8
8 1 9
8 2 2
8 3 11
8 4 10
8 5 4
8 6 7
8 7 12
8 8 -1
8 9 5
8 10 6
8 11 6
8 12 6
9 1 7
9 2 6
9 3 12
9 4 12
9 5 7
9 6 8
9 7 13
9 8 5
9 9 -1
9 10 5
9 11 10
9 12 5
10 1 3
10 2 6
10 3 7
10 4 8
10 5 4
10 6 4
10 7 8
10 8 6
10 9 5
10 10 -1
10 11 7
10 12 1
11 1 9
11 2 4
11 3 8
11 4 5
11 5 3
11 6 4
11 7 8
11 8 6
11 9 10
11 10 7
11 11 -1
11 12 6
12 1 3
12 2 6
12 3 6
12 4 7
12 5 3
12 6 3
12 7 8
12 8 6
12 9 5
12 10 1
12 11 6
12 12 -1
