1 1 -1
1 2 6
1 3 13
1 4 16
1 5 12
1 6 5
1 7 23
1 8 23
1 9 17
1 10 18
1 11 14
1 12 25
1 13 14
1 14 16
1 15 7
1 16 9
1 17 13
1 18 17
1 19 12
1 20 25
1 21 14
1 22 7
1 23 27
1 24 10
1 25 18
1 26 25
1 27 11
2 1 6
2 2 -1
2 3 13
2 4 15
2 5 7
2 6 11
2 7 23
2 8 26
2 9 21
2 10 16
2 11 11
2 12 23
2 13 14
2 14 13
2 15 11
2 16 14
2 17 8
2 18 16
2 19 9
2 20 22
2 21 14
2 22 12
2 23 24
2 24 9
2 25 16
2 26 28
2 27 17
3 1 13
3 2 13
3 3 -1
3 4 3
3 5 11
3 6 17
3 7 10
3 8 15
3 9 11
3 10 6
3 11 6
3 12 12
3 13 1
3 14 9
3 15 9
3 16 12
3 17 13
3 18 5
3 19 6
3 20 13
3 21 2
3 22 12
3 23 15
3 24 5
3 25 7
3 26 16
3 27 17
4 1 16
4 2 15
4 3 3
4 4 -1
4 5 11
4 6 21
4 7 8
4 8 17
4 9 14
4 10 3
4 11 5
4 12 9
4 13 3
4 14 6
4 15 13
4 16 15
4 17 13
4 18 1
4 19 6
4 20 10
4 21 5
4 22 16
4 23 12
4 24 6
4 25 4
4 26 17
4 27 20
5 1 12
5 2 7
5 3 11
5 4 11
5 5 -1
5 6 17
5 7 19
5 8 26
5 9 21
5 10 11
5 11 6
5 12 18
5 13 12
5 14 7
5 15 15
5 16 18
5 17 2
5 18 11
5 19 5
5 20 16
5 21 13
5 22 17
5 23 17
5 24 6
5 25 11
5 26 27
5 27 22
6 1 5
6 2 11
6 3 17
6 4 21
6 5 17
6 6 -1
6 7 27
6 8 24
6 9 19
6 10 23
6 11 19
6 12 30
6 13 18
6 14 22
6 15 9
6 16 9
6 17 19
6 18 22
6 19 17
6 20 30
6 21 18
6 22 7
6 23 32
6 24 16
6 25 24
6 26 26
6 27 8
7 1 23
7 2 23
7 3 10
7 4 8
7 5 19
7 6 27
7 7 -1
7 8 14
7 9 13
7 10 8
7 11 13
7 12 7
7 13 9
7 14 13
7 15 18
7 16 20
7 17 21
7 18 7
7 19 14
7 20 10
7 21 9
7 22 21
7 23 12
7 24 14
7 25 9
7 26 14
7 27 25
8 1 23
8 2 26
8 3 15
8 4 17
8 5 26
8 6 24
8 7 14
8 8 -1
8 9 5
8 10 19
8 11 21
8 12 21
8 13 14
8 14 23
8 15 16
8 16 15
8 17 28
8 18 17
8 19 21
8 20 24
8 21 13
8 22 17
8 23 26
8 24 20
8 25 20
8 26 2
8 27 18
9 1 17
9 2 21
9 3 11
9 4 14
9 5 21
9 6 19
9 7 13
9 8 5
9 9 -1
9 10 17
9 11 17
9 12 20
9 13 11
9 14 20
9 15 10
9 16 10
9 17 24
9 18 15
9 19 17
9 20 22
9 21 9
9 22 12
9 23 24
9 24 15
9 25 18
9 26 7
9 27 13
10 1 18
10 2 16
10 3 6
10 4 3
10 5 11
10 6 23
10 7 8
10 8 19
10 9 17
10 10 -1
10 11 5
10 12 7
10 13 6
10 14 5
10 15 16
10 16 18
10 17 12
10 18 2
10 19 7
10 20 7
10 21 8
10 22 19
10 23 9
10 24 7
10 25 1
10 26 20
10 27 23
11 1 14
11 2 11
11 3 6
11 4 5
11 5 6
11 6 19
11 7 13
11 8 21
11 9 17
11 10 5
11 11 -1
11 12 12
11 13 6
11 14 3
11 15 13
11 16 16
11 17 8
11 18 5
11 19 2
11 20 11
11 21 8
11 22 16
11 23 13
11 24 3
11 25 5
11 26 22
11 27 21
12 1 25
12 2 23
12 3 12
12 4 9
12 5 18
12 6 30
12 7 7
12 8 21
12 9 20
12 10 7
12 11 12
12 12 -1
12 13 12
12 14 11
12 15 22
12 16 24
12 17 19
12 18 8
12 19 14
12 20 3
12 21 13
12 22 25
12 23 5
12 24 14
12 25 7
12 26 21
12 27 29
13 1 14
13 2 14
13 3 1
13 4 3
13 5 12
13 6 18
13 7 9
13 8 14
13 9 11
13 10 6
13 11 6
13 12 12
13 13 -1
13 14 9
13 15 10
13 16 12
13 17 14
13 18 4
13 19 7
13 20 13
13 21 2
13 22 13
13 23 15
13 24 5
13 25 7
13 26 15
13 27 17
14 1 16
14 2 13
14 3 9
14 4 6
14 5 7
14 6 22
14 7 13
14 8 23
14 9 20
14 10 5
14 11 3
14 12 11
14 13 9
14 14 -1
14 15 17
14 16 19
14 17 8
14 18 6
14 19 5
14 20 9
14 21 11
14 22 19
14 23 10
14 24 6
14 25 4
14 26 24
14 27 24
15 1 7
15 2 11
15 3 9
15 4 13
15 5 15
15 6 9
15 7 18
15 8 16
15 9 10
15 10 16
15 11 13
15 12 22
15 13 10
15 14 17
15 15 -1
15 16 3
15 17 17
15 18 14
15 19 12
15 20 23
15 21 9
15 22 2
15 23 25
15 24 10
15 25 17
15 26 18
15 27 7
16 1 9
16 2 14
16 3 12
16 4 15
16 5 18
16 6 9
16 7 20
16 8 15
16 9 10
16 10 18
16 11 16
16 12 24
16 13 12
16 14 19
16 15 3
16 16 -1
16 17 20
16 18 17
16 19 15
16 20 25
16 21 11
16 22 2
16 23 28
16 24 13
16 25 19
16 26 17
16 27 5
17 1 13
17 2 8
17 3 13
17 4 13
17 5 2
17 6 19
17 7 21
17 8 28
17 9 24
17 10 12
17 11 8
17 12 19
17 13 14
17 14 8
17 15 17
17 16 20
17 17 -1
17 18 13
17 19 7
17 20 17
17 21 15
17 22 19
17 23 18
17 24 8
17 25 12
17 26 29
17 27 24
18 1 17
18 2 16
18 3 5
18 4 1
18 5 11
18 6 22
18 7 7
18 8 17
18 9 15
18 10 2
18 11 5
18 12 8
18 13 4
18 14 6
18 15 14
18 16 17
18 17 13
18 18 -1
18 19 7
18 20 8
18 21 6
18 22 17
18 23 10
18 24 7
18 25 3
18 26 18
18 27 22
19 1 12
19 2 9
19 3 6
19 4 6
19 5 5
19 6 17
19 7 14
19 8 21
19 9 17
19 10 7
19 11 2
19 12 14
19 13 7
19 14 5
19 15 12
19 16 15
19 17 7
19 18 7
19 19 -1
19 20 13
19 21 8
19 22 14
19 23 15
19 24 2
19 25 7
19 26 22
19 27 19
20 1 25
20 2 22
20 3 13
20 4 10
20 5 16
20 6 30
20 7 10
20 8 24
20 9 22
20 10 7
20 11 11
20 12 3
20 13 13
20 14 9
20 15 23
20 16 25
20 17 17
20 18 8
20 19 13
20 20 -1
20 21 14
20 22 26
20 23 2
20 24 14
20 25 6
20 26 24
20 27 30
21 1 14
21 2 14
21 3 2
21 4 5
21 5 13
21 6 18
21 7 9
21 8 13
21 9 9
21 10 8
21 11 8
21 12 13
21 13 2
21 14 11
21 15 9
21 16 11
21 17 15
21 18 6
21 19 8
21 20 14
21 21 -1
21 22 12
21 23 17
21 24 7
21 25 9
21 26 14
21 27 16
22 1 7
22 2 12
22 3 12
22 4 16
22 5 17
22 6 7
22 7 21
22 8 17
22 9 12
22 10 19
22 11 16
22 12 25
22 13 13
22 14 19
22 15 2
22 16 2
22 17 19
22 18 17
22 19 14
22 20 26
22 21 12
22 22 -1
22 23 28
22 24 13
22 25 20
22 26 19
22 27 5
23 1 27
23 2 24
23 3 15
23 4 12
23 5 17
23 6 32
23 7 12
23 8 26
23 9 24
23 10 9
23 11 13
23 12 5
23 13 15
23 14 10
23 15 25
23 16 28
23 17 18
23 18 10
23 19 15
23 20 2
23 21 17
23 22 28
23 23 -1
23 24 16
23 25 8
23 26 26
23 27 33
24 1 10
24 2 9
24 3 5
24 4 6
24 5 6
24 6 16
24 7 14
24 8 20
24 9 15
24 10 7
24 11 3
24 12 14
24 13 5
24 14 6
24 15 10
24 16 13
24 17 8
24 18 7
24 19 2
24 20 14
24 21 7
24 22 13
24 23 16
24 24 -1
24 25 8
24 26 21
24 27 18
25 1 18
25 2 16
25 3 7
25 4 4
25 5 11
25 6 24
25 7 9
25 8 20
25 9 18
25 10 1
25 11 5
25 12 7
25 13 7
25 14 4
25 15 17
25 16 19
25 17 12
25 18 3
25 19 7
25 20 6
25 21 9
25 22 20
25 23 8
25 24 8
25 25 -1
25 26 21
25 27 24
26 1 25
26 2 28
26 3 16
26 4 17
26 5 27
26 6 26
26 7 14
26 8 2
26 9 7
26 10 20
26 11 22
26 12 21
26 13 15
26 14 24
26 15 18
26 16 17
26 17 29
26 18 18
26 19 22
26 20 24
26 21 14
26 22 19
26 23 26
26 24 21
26 25 21
26 26 -1
26 27 20
27 1 11
27 2 17
27 3 17
27 4 20
27 5 22
27 6 8
27 7 25
27 8 18
27 9 13
27 10 23
27 11 21
27 12 29
27 13 17
27 14 24
27 15 7
27 16 5
27 17 24
27 18 22
27 19 19
27 20 30
27 21 16
27 22 5
27 23 33
27 24 18
27 25 24
27 26 20
27 27 -1
