1 1 -1
1 2 4
1 3 12
1 4 7
1 5 8
1 6 10
1 7 6
1 8 15
1 9 5
1 10 4
1 11 9
1 12 7
1 13 11
1 14 10
1 15 9
2 1 4
2 2 -1
2 3 14
2 4 7
2 5 10
2 6 14
2 7 9
2 8 17
2 9 4
2 10 8
2 11 9
2 12 10
2 13 14
2 14 12
2 15 13
3 1 12
3 2 14
3 3 -1
3 4 10
3 5 4
3 6 12
3 7 5
3 8 3
3 9 11
3 10 12
3 11 10
3 12 5
3 13 1
3 14 3
3 15 5
4 1 7
4 2 7
4 3 10
4 4 -1
4 5 7
4 6 15
4 7 7
4 8 12
4 9 3
4 10 11
4 11 2
4 12 7
4 13 10
4 14 7
4 15 11
5 1 8
5 2 10
5 3 4
5 4 7
5 5 -1
5 6 10
5 7 2
5 8 7
5 9 7
5 10 9
5 11 7
5 12 1
5 13 3
5 14 3
5 15 4
6 1 10
6 2 14
6 3 12
6 4 15
6 5 10
6 6 -1
6 7 9
6 8 15
6 9 14
6 10 6
6 11 17
6 12 10
6 13 11
6 14 13
6 15 7
7 1 6
7 2 9
7 3 5
7 4 7
7 5 2
7 6 9
7 7 -1
7 8 8
7 9 7
7 10 7
7 11 8
7 12 1
7 13 5
7 14 5
7 15 4
8 1 15
8 2 17
8 3 3
8 4 12
8 5 7
8 6 15
8 7 8
8 8 -1
8 9 14
8 10 15
8 11 11
8 12 8
8 13 4
8 14 5
8 15 8
9 1 5
9 2 4
9 3 11
9 4 3
9 5 7
9 6 14
9 7 7
9 8 14
9 9 -1
9 10 9
9 11 5
9 12 7
9 13 11
9 14 9
9 15 11
10 1 4
10 2 8
10 3 12
10 4 11
10 5 9
10 6 6
10 7 7
10 8 15
10 9 9
10 10 -1
10 11 13
10 12 8
10 13 11
10 14 12
10 15 8
11 1 9
11 2 9
11 3 10
11 4 2
11 5 7
11 6 17
11 7 8
11 8 11
11 9 5
11 10 13
11 11 -1
11 12 7
11 13 10
11 14 7
11 15 11
12 1 7
12 2 10
12 3 5
12 4 7
12 5 1
12 6 10
12 7 1
12 8 8
12 9 7
12 10 8
12 11 7
12 12 -1
12 13 4
12 14 4
12 15 4
13 1 11
13 2 14
13 3 1
13 4 10
13 5 3
13 6 11
13 7 5
13 8 4
13 9 11
13 10 11
13 11 10
13 12 4
13 13 -1
13 14 3
13 15 4
14 1 10
14 2 12
14 3 3
14 4 7
14 5 3
14 6 13
14 7 5
14 8 5
14 9 9
14 10 12
14 11 7
14 12 4
14 13 3
14 14 -1
14 15 6
15 1 9
15 2 13
15 3 5
15 4 11
15 5 4
15 6 7
15 7 4
15 8 8
15 9 11
15 10 8
15 11 11
15 12 4
15 13 4
15 14 6
15 15 -1
