1 1 -1
1 2 12
1 3 13
1 4 10
1 5 13
1 6 8
1 7 12
1 8 10
1 9 4
1 10 15
1 11 16
1 12 13
1 13 3
1 14 13
1 15 17
1 16 12
1 17 4
1 18 17
1 19 11
1 20 11
1 21 9
1 22 6
1 23 8
1 24 11
1 25 10
2 1 12
2 2 -1
2 3 2
2 4 5
2 5 24
2 6 7
2 7 14
2 8 22
2 9 16
2 10 7
2 11 18
2 12 24
2 13 9
2 14 21
2 15 15
2 16 1
2 17 15
2 18 12
2 19 5
2 20 12
2 21 22
2 22 16
2 23 6
2 24 11
2 25 13
3 1 13
3 2 2
3 3 -1
3 4 7
3 5 26
3 6 8
3 7 14
3 8 23
3 9 18
3 10 5
3 11 18
3 12 25
3 13 11
3 14 21
3 15 14
3 16 2
3 17 17
3 18 11
3 19 6
3 20 14
3 21 23
3 22 17
3 23 8
3 24 11
3 25 13
4 1 10
4 2 5
4 3 7
4 4 -1
4 5 23
4 6 9
4 7 16
4 8 21
4 9 14
4 10 12
4 11 21
4 12 23
4 13 9
4 14 22
4 15 19
4 16 5
4 17 14
4 18 16
4 19 1
4 20 7
4 21 20
4 22 15
4 23 1
4 24 14
4 25 15
5 1 13
5 2 24
5 3 26
5 4 23
5 5 -1
5 6 18
5 7 17
5 8 3
5 9 8
5 10 25
5 11 19
5 12 2
5 13 14
5 14 10
5 15 23
5 16 25
5 17 9
5 18 25
5 19 24
5 20 22
5 21 4
5 22 8
5 23 21
5 24 19
5 25 16
6 1 8
6 2 7
6 3 8
6 4 9
6 5 18
6 6 -1
6 7 7
6 8 15
6 9 11
6 10 7
6 11 11
6 12 17
6 13 5
6 14 13
6 15 10
6 16 8
6 17 9
6 18 9
6 19 10
6 20 14
6 21 16
6 22 10
6 23 8
6 24 5
6 25 6
7 1 12
7 2 14
7 3 14
7 4 16
7 5 17
7 6 7
7 7 -1
7 8 14
7 9 13
7 10 10
7 11 4
7 12 15
7 13 9
7 14 9
7 15 6
7 16 15
7 17 11
7 18 8
7 19 17
7 20 21
7 21 17
7 22 10
7 23 16
7 24 3
7 25 1
8 1 10
8 2 22
8 3 23
8 4 21
8 5 3
8 6 15
8 7 14
8 8 -1
8 9 7
8 10 22
8 11 16
8 12 2
8 13 12
8 14 7
8 15 20
8 16 22
8 17 6
8 18 22
8 19 22
8 20 21
8 21 4
8 22 5
8 23 19
8 24 16
8 25 13
9 1 4
9 2 16
9 3 18
9 4 14
9 5 8
9 6 11
9 7 13
9 8 7
9 9 -1
9 10 18
9 11 17
9 12 9
9 13 6
9 14 11
9 15 19
9 16 17
9 17 2
9 18 20
9 19 15
9 20 14
9 21 5
9 22 4
9 23 13
9 24 14
9 25 12
10 1 15
10 2 7
10 3 5
10 4 12
10 5 25
10 6 7
10 7 10
10 8 22
10 9 18
10 10 -1
10 11 13
10 12 24
10 13 12
10 14 19
10 15 9
10 16 7
10 17 17
10 18 5
10 19 12
10 20 19
10 21 23
10 22 17
10 23 12
10 24 7
10 25 10
11 1 16
11 2 18
11 3 18
11 4 21
11 5 19
11 6 11
11 7 4
11 8 16
11 9 17
11 10 13
11 11 -1
11 12 17
11 13 14
11 14 9
11 15 5
11 16 19
11 17 14
11 18 9
11 19 21
11 20 26
11 21 19
11 22 13
11 23 20
11 24 7
11 25 5
12 1 13
12 2 24
12 3 25
12 4 23
12 5 2
12 6 17
12 7 15
12 8 2
12 9 9
12 10 24
12 11 17
12 12 -1
12 13 14
12 14 8
12 15 21
12 16 25
12 17 8
12 18 23
12 19 24
12 20 23
12 21 5
12 22 7
12 23 21
12 24 17
12 25 15
13 1 3
13 2 9
13 3 11
13 4 9
13 5 14
13 6 5
13 7 9
13 8 12
13 9 6
13 10 12
13 11 14
13 12 14
13 13 -1
13 14 13
13 15 14
13 16 10
13 17 5
13 18 14
13 19 10
13 20 12
13 21 12
13 22 6
13 23 8
13 24 8
13 25 8
14 1 13
14 2 21
14 3 21
14 4 22
14 5 10
14 6 13
14 7 9
14 8 7
14 9 11
14 10 19
14 11 9
14 12 8
14 13 13
14 14 -1
14 15 14
14 16 22
14 17 9
14 18 17
14 19 23
14 20 24
14 21 11
14 22 7
14 23 21
14 24 12
14 25 9
15 1 17
15 2 15
15 3 14
15 4 19
15 5 23
15 6 10
15 7 6
15 8 20
15 9 19
15 10 9
15 11 5
15 12 21
15 13 14
15 14 14
15 15 -1
15 16 16
15 17 17
15 18 4
15 19 19
15 20 25
15 21 23
15 22 16
15 23 19
15 24 5
15 25 7
16 1 12
16 2 1
16 3 2
16 4 5
16 5 25
16 6 8
16 7 15
16 8 22
16 9 17
16 10 7
16 11 19
16 12 25
16 13 10
16 14 22
16 15 16
16 16 -1
16 17 16
16 18 13
16 19 4
16 20 12
16 21 22
16 22 17
16 23 6
16 24 12
16 25 14
17 1 4
17 2 15
17 3 17
17 4 14
17 5 9
17 6 9
17 7 11
17 8 6
17 9 2
17 10 17
17 11 14
17 12 8
17 13 5
17 14 9
17 15 17
17 16 16
17 17 -1
17 18 18
17 19 15
17 20 15
17 21 6
17 22 2
17 23 13
17 24 12
17 25 10
18 1 17
18 2 12
18 3 11
18 4 16
18 5 25
18 6 9
18 7 8
18 8 22
18 9 20
18 10 5
18 11 9
18 12 23
18 13 14
18 14 17
18 15 4
18 16 13
18 17 18
18 18 -1
18 19 17
18 20 23
18 21 24
18 22 17
18 23 17
18 24 6
18 25 8
19 1 11
19 2 5
19 3 6
19 4 1
19 5 24
19 6 10
19 7 17
19 8 22
19 9 15
19 10 12
19 11 21
19 12 24
19 13 10
19 14 23
19 15 19
19 16 4
19 17 15
19 18 17
19 19 -1
19 20 8
19 21 21
19 22 17
19 23 2
19 24 14
19 25 16
20 1 11
20 2 12
20 3 14
20 4 7
20 5 22
20 6 14
20 7 21
20 8 21
20 9 14
20 10 19
20 11 26
20 12 23
20 13 12
20 14 24
20 15 25
20 16 12
20 17 15
20 18 23
20 19 8
20 20 -1
20 21 18
20 22 17
20 23 6
20 24 19
20 25 20
21 1 9
21 2 22
21 3 23
21 4 20
21 5 4
21 6 16
21 7 17
21 8 4
21 9 5
21 10 23
21 11 19
21 12 5
21 13 12
21 14 11
21 15 23
21 16 22
21 17 6
21 18 24
21 19 21
21 20 18
21 21 -1
21 22 7
21 23 18
21 24 18
21 25 16
22 1 6
22 2 16
22 3 17
22 4 15
22 5 8
22 6 10
22 7 10
22 8 5
22 9 4
22 10 17
22 11 13
22 12 7
22 13 6
22 14 7
22 15 16
22 16 17
22 17 2
22 18 17
22 19 17
22 20 17
22 21 7
22 22 -1
22 23 14
22 24 11
22 25 9
23 1 8
23 2 6
23 3 8
23 4 1
23 5 21
23 6 8
23 7 16
23 8 19
23 9 13
23 10 12
23 11 20
23 12 21
23 13 8
23 14 21
23 15 19
23 16 6
23 17 13
23 18 17
23 19 2
23 20 6
23 21 18
23 22 14
23 23 -1
23 24 13
23 25 14
24 1 11
24 2 11
24 3 11
24 4 14
24 5 19
24 6 5
24 7 3
24 8 16
24 9 14
24 10 7
24 11 7
24 12 17
24 13 8
24 14 12
24 15 5
24 16 12
24 17 12
24 18 6
24 19 14
24 20 19
24 21 18
24 22 11
24 23 13
24 24 -1
24 25 2
25 1 10
25 2 13
25 3 13
25 4 15
25 5 16
25 6 6
25 7 1
25 8 13
25 9 12
25 10 10
25 11 5
25 12 15
25 13 8
25 14 9
25 15 7
25 16 14
25 17 10
25 18 8
25 19 16
25 20 20
25 21 16
25 22 9
25 23 14
25 24 2
25 25 -1
