1 1 -1
1 2 72
1 3 47
1 4 37
1 5 70
1 6 41
1 7 87
1 8 60
1 9 38
1 10 50
1 11 55
1 12 32
1 13 41
1 14 59
1 15 33
1 16 59
1 17 67
1 18 18
1 19 9
1 20 64
1 21 52
1 22 21
1 23 34
1 24 45
1 25 29
1 26 53
1 27 48
1 28 60
1 29 27
1 30 54
1 31 27
1 32 48
1 33 70
1 34 41
1 35 59
1 36 25
1 37 35
1 38 44
1 39 56
1 40 14
1 41 37
1 42 58
1 43 6
1 44 71
1 45 58
1 46 36
1 47 3
1 48 49
1 49 50
1 50 79
1 51 71
1 52 67
1 53 51
1 54 30
1 55 37
1 56 45
1 57 56
1 58 45
1 59 6
1 60 24
1 61 55
1 62 52
1 63 54
1 64 76
1 65 52
1 66 65
1 67 52
1 68 48
1 69 42
1 70 83
2 1 72
2 2 -1
2 3 43
2 4 34
2 5 28
2 6 31
2 7 20
2 8 12
2 9 36
2 10 52
2 11 64
2 12 62
2 13 57
2 14 54
2 15 43
2 16 25
2 17 8
2 18 70
2 19 81
2 20 38
2 21 24
2 22 56
2 23 61
2 24 60
2 25 51
2 26 49
2 27 28
2 28 12
2 29 59
2 30 57
2 31 50
2 32 63
2 33 4
2 34 31
2 35 22
2 36 51
2 37 47
2 38 49
2 39 24
2 40 58
2 41 51
2 42 14
2 43 78
2 44 6
2 45 19
2 46 36
2 47 71
2 48 62
2 49 26
2 50 18
2 51 1
2 52 9
2 53 52
2 54 45
2 55 59
2 56 37
2 57 44
2 58 40
2 59 77
2 60 50
2 61 17
2 62 27
2 63 26
2 64 26
2 65 51
2 66 8
2 67 30
2 68 42
2 69 60
2 70 19
3 1 47
3 2 43
3 3 -1
3 4 28
3 5 59
3 6 32
3 7 63
3 8 35
3 9 17
3 10 63
3 11 74
3 12 58
3 13 60
3 14 70
3 15 40
3 16 18
3 17 43
3 18 55
3 19 54
3 20 62
3 21 19
3 22 43
3 23 58
3 24 65
3 25 46
3 26 62
3 27 39
3 28 37
3 29 52
3 30 69
3 31 43
3 32 69
3 33 39
3 34 28
3 35 21
3 36 22
3 37 47
3 38 56
3 39 44
3 40 38
3 41 52
3 42 33
3 43 53
3 44 38
3 45 23
3 46 30
3 47 48
3 48 69
3 49 17
3 50 59
3 51 41
3 52 44
3 53 64
3 54 19
3 55 59
3 56 7
3 57 61
3 58 49
3 59 49
3 60 38
3 61 31
3 62 43
3 63 44
3 64 62
3 65 63
3 66 35
3 67 12
3 68 53
3 69 63
3 70 61
4 1 37
4 2 34
4 3 28
4 4 -1
4 5 36
4 6 5
4 7 50
4 8 22
4 9 11
4 10 34
4 11 45
4 12 33
4 13 32
4 14 41
4 15 13
4 16 27
4 17 29
4 18 36
4 19 47
4 20 36
4 21 19
4 22 22
4 23 32
4 24 37
4 25 20
4 26 34
4 27 14
4 28 22
4 29 28
4 30 40
4 31 18
4 32 41
4 33 33
4 34 3
4 35 26
4 36 20
4 37 19
4 38 27
4 39 20
4 40 23
4 41 24
4 42 20
4 43 43
4 44 34
4 45 24
4 46 2
4 47 36
4 48 41
4 49 18
4 50 43
4 51 33
4 52 29
4 53 35
4 54 15
4 55 32
4 56 21
4 57 33
4 58 20
4 59 43
4 60 16
4 61 17
4 62 18
4 63 20
4 64 41
4 65 35
4 66 28
4 67 23
4 68 25
4 69 35
4 70 46
5 1 70
5 2 28
5 3 59
5 4 36
5 5 -1
5 6 31
5 7 25
5 8 26
5 9 46
5 10 31
5 11 41
5 12 48
5 13 39
5 14 29
5 15 36
5 16 47
5 17 21
5 18 60
5 19 79
5 20 12
5 21 41
5 22 49
5 23 46
5 24 40
5 25 41
5 26 26
5 27 22
5 28 24
5 29 48
5 30 34
5 31 42
5 32 42
5 33 31
5 34 34
5 35 43
5 36 57
5 37 36
5 38 31
5 39 16
5 40 56
5 41 37
5 42 27
5 43 74
5 44 33
5 45 40
5 46 36
5 47 68
5 48 41
5 49 43
5 50 16
5 51 28
5 52 19
5 53 31
5 54 51
5 55 43
5 56 52
5 57 21
5 58 25
5 59 76
5 60 45
5 61 29
5 62 18
5 63 16
5 64 6
5 65 28
5 66 30
5 67 48
5 68 24
5 69 41
5 70 20
6 1 41
6 2 31
6 3 32
6 4 5
6 5 31
6 6 -1
6 7 45
6 8 19
6 9 15
6 10 31
6 11 43
6 12 33
6 13 30
6 14 38
6 15 13
6 16 28
6 17 25
6 18 38
6 19 50
6 20 31
6 21 20
6 22 24
6 23 32
6 24 35
6 25 21
6 26 30
6 27 9
6 28 19
6 29 29
6 30 37
6 31 19
6 32 39
6 33 30
6 34 3
6 35 26
6 36 25
6 37 18
6 38 25
6 39 15
6 40 27
6 41 23
6 42 17
6 43 47
6 44 31
6 45 23
6 46 5
6 47 40
6 48 39
6 49 20
6 50 38
6 51 30
6 52 25
6 53 32
6 54 20
6 55 31
6 56 25
6 57 29
6 58 17
6 59 47
6 60 18
6 61 15
6 62 13
6 63 15
6 64 36
6 65 31
6 66 25
6 67 25
6 68 21
6 69 34
6 70 41
7 1 87
7 2 20
7 3 63
7 4 50
7 5 25
7 6 45
7 7 -1
7 8 29
7 9 55
7 10 56
7 11 66
7 12 71
7 13 63
7 14 54
7 15 55
7 16 45
7 17 21
7 18 81
7 19 96
7 20 37
7 21 44
7 22 68
7 23 69
7 24 65
7 25 62
7 26 51
7 27 39
7 28 28
7 29 69
7 30 59
7 31 62
7 32 67
7 33 24
7 34 46
7 35 42
7 36 69
7 37 57
7 38 55
7 39 32
7 40 73
7 41 59
7 42 31
7 43 92
7 44 26
7 45 40
7 46 50
7 47 86
7 48 66
7 49 46
7 50 9
7 51 21
7 52 20
7 53 55
7 54 62
7 55 66
7 56 56
7 57 46
7 58 47
7 59 93
7 60 63
7 61 34
7 62 36
7 63 34
7 64 19
7 65 53
7 66 27
7 67 50
7 68 47
7 69 65
7 70 5
8 1 60
8 2 12
8 3 35
8 4 22
8 5 26
8 6 19
8 7 29
8 8 -1
8 9 25
8 10 43
8 11 55
8 12 51
8 13 46
8 14 46
8 15 31
8 16 20
8 17 8
8 18 57
8 19 69
8 20 33
8 21 16
8 22 43
8 23 50
8 24 50
8 25 39
8 26 40
8 27 17
8 28 2
8 29 47
8 30 48
8 31 38
8 32 53
8 33 11
8 34 18
8 35 17
8 36 40
8 37 36
8 38 38
8 39 15
8 40 46
8 41 40
8 42 2
8 43 65
8 44 13
8 45 13
8 46 23
8 47 59
8 48 52
8 49 18
8 50 24
8 51 11
8 52 9
8 53 44
8 54 33
8 55 48
8 56 28
8 57 37
8 58 29
8 59 65
8 60 38
8 61 5
8 62 17
8 63 17
8 64 27
8 65 42
8 66 7
8 67 23
8 68 32
8 69 49
8 70 26
9 1 38
9 2 36
9 3 17
9 4 11
9 5 46
9 6 15
9 7 55
9 8 25
9 9 -1
9 10 46
9 11 57
9 12 42
9 13 43
9 14 53
9 15 23
9 16 21
9 17 34
9 18 42
9 19 47
9 20 47
9 21 14
9 22 28
9 23 42
9 24 48
9 25 30
9 26 45
9 27 24
9 28 26
9 29 36
9 30 52
9 31 26
9 32 52
9 33 33
9 34 12
9 35 20
9 36 14
9 37 30
9 38 39
9 39 30
9 40 26
9 41 35
9 42 23
9 43 44
9 44 34
9 45 20
9 46 13
9 47 38
9 48 52
9 49 12
9 50 49
9 51 35
9 52 34
9 53 47
9 54 8
9 55 42
9 56 10
9 57 45
9 58 32
9 59 42
9 60 23
9 61 20
9 62 28
9 63 30
9 64 49
9 65 46
9 66 29
9 67 15
9 68 36
9 69 46
9 70 51
10 1 50
10 2 52
10 3 63
10 4 34
10 5 31
10 6 31
10 7 56
10 8 43
10 9 46
10 10 -1
10 11 12
10 12 20
10 13 10
10 14 9
10 15 24
10 16 59
10 17 44
10 18 35
10 19 57
10 20 20
10 21 51
10 22 30
10 23 18
10 24 9
10 25 22
10 26 4
10 27 27
10 28 42
10 29 23
10 30 5
10 31 25
10 32 11
10 33 53
10 34 35
10 35 57
10 36 49
10 37 17
10 38 7
10 39 28
10 40 40
10 41 14
10 42 43
10 43 52
10 44 56
10 45 53
10 46 32
10 47 47
10 48 10
10 49 51
10 50 46
10 51 51
10 52 43
10 53 1
10 54 46
10 55 14
10 56 56
10 57 9
10 58 15
10 59 56
10 60 30
10 61 42
10 62 26
10 63 26
10 64 37
10 65 2
10 66 50
10 67 57
10 68 11
10 69 11
10 70 50
11 1 55
11 2 64
11 3 74
11 4 45
11 5 41
11 6 43
11 7 66
11 8 55
11 9 57
11 10 12
11 11 -1
11 12 23
11 13 15
11 14 12
11 15 34
11 16 71
11 17 56
11 18 38
11 19 61
11 20 29
11 21 63
11 22 36
11 23 21
11 24 10
11 25 29
11 26 15
11 27 39
11 28 54
11 29 28
11 30 7
11 31 33
11 32 7
11 33 65
11 34 46
11 35 69
11 36 59
11 37 27
11 38 18
11 39 40
11 40 46
11 41 22
11 42 55
11 43 56
11 44 68
11 45 65
11 46 43
11 47 52
11 48 6
11 49 63
11 50 57
11 51 63
11 52 55
11 53 11
11 54 56
11 55 18
11 56 67
11 57 20
11 58 26
11 59 61
11 60 38
11 61 54
11 62 38
11 63 38
11 64 47
11 65 13
11 66 62
11 67 69
11 68 23
11 69 13
11 70 61
12 1 32
12 2 62
12 3 58
12 4 33
12 5 48
12 6 33
12 7 71
12 8 51
12 9 42
12 10 20
12 11 23
12 12 -1
12 13 10
12 14 29
12 15 20
12 16 61
12 17 55
12 18 15
12 19 38
12 20 38
12 21 52
12 22 15
12 23 2
12 24 13
12 25 12
12 26 24
12 27 34
12 28 50
12 29 6
12 30 22
12 31 15
12 32 16
12 33 62
12 34 35
12 35 59
12 36 39
12 37 15
12 38 17
12 39 39
12 40 25
12 41 11
12 42 50
12 43 33
12 44 64
12 45 56
12 46 31
12 47 29
12 48 17
12 49 52
12 50 62
12 51 61
12 52 54
12 53 21
12 54 39
12 55 5
12 56 53
12 57 29
12 58 23
12 59 38
12 60 20
12 61 48
12 62 36
12 63 37
12 64 54
12 65 23
12 66 58
12 67 56
12 68 23
12 69 10
12 70 66
13 1 41
13 2 57
13 3 60
13 4 32
13 5 39
13 6 30
13 7 63
13 8 46
13 9 43
13 10 10
13 11 15
13 12 10
13 13 -1
13 14 18
13 15 19
13 16 59
13 17 49
13 18 25
13 19 48
13 20 29
13 21 50
13 22 21
13 23 8
13 24 5
13 25 14
13 26 14
13 27 29
13 28 45
13 29 14
13 30 13
13 31 18
13 32 9
13 33 57
13 34 34
13 35 57
13 36 43
13 37 12
13 38 8
13 39 33
13 40 31
13 41 7
13 42 45
13 43 42
13 44 59
13 45 54
13 46 30
13 47 38
13 48 9
13 49 51
13 50 54
13 51 56
13 52 48
13 53 11
13 54 42
13 55 4
13 56 54
13 57 19
13 58 17
13 59 47
13 60 23
13 61 44
13 62 30
13 63 31
13 64 46
13 65 13
13 66 53
13 67 56
13 68 15
13 69 3
13 70 58
14 1 59
14 2 54
14 3 70
14 4 41
14 5 29
14 6 38
14 7 54
14 8 46
14 9 53
14 10 9
14 11 12
14 12 29
14 13 18
14 14 -1
14 15 32
14 16 64
14 17 45
14 18 44
14 19 66
14 20 17
14 21 56
14 22 39
14 23 26
14 24 16
14 25 31
14 26 7
14 27 31
14 28 44
14 29 32
14 30 7
14 31 34
14 32 16
14 33 55
14 34 41
14 35 61
14 36 58
14 37 26
14 38 16
14 39 31
14 40 49
14 41 23
14 42 46
14 43 61
14 44 58
14 45 58
14 46 39
14 47 56
14 48 14
14 49 57
14 50 45
14 51 53
14 52 44
14 53 8
14 54 54
14 55 23
14 56 63
14 57 9
14 58 21
14 59 65
14 60 39
14 61 46
14 62 30
14 63 29
14 64 35
14 65 7
14 66 53
14 67 63
14 68 16
14 69 19
14 70 49
15 1 33
15 2 43
15 3 40
15 4 13
15 5 36
15 6 13
15 7 55
15 8 31
15 9 23
15 10 24
15 11 34
15 12 20
15 13 19
15 14 32
15 15 -1
15 16 40
15 17 37
15 18 26
15 19 42
15 20 32
15 21 32
15 22 12
15 23 19
15 24 24
15 25 8
15 26 24
15 27 16
15 28 31
15 29 16
15 30 29
15 31 6
15 32 29
15 33 42
15 34 15
15 35 39
15 36 25
15 37 7
15 38 16
15 39 23
15 40 19
15 41 12
15 42 30
15 43 37
15 44 44
15 45 36
15 46 10
15 47 31
15 48 29
15 49 31
15 50 47
15 51 42
15 52 36
15 53 25
15 54 22
15 55 19
15 56 34
15 57 26
15 58 13
15 59 39
15 60 8
15 61 28
15 62 19
15 63 21
15 64 42
15 65 25
15 66 38
15 67 36
15 68 17
15 69 22
15 70 51
16 1 59
16 2 25
16 3 18
16 4 27
16 5 47
16 6 28
16 7 45
16 8 20
16 9 21
16 10 59
16 11 71
16 12 61
16 13 59
16 14 64
16 15 40
16 16 -1
16 17 27
16 18 63
16 19 67
16 20 53
16 21 8
16 22 49
16 23 60
16 24 63
16 25 48
16 26 57
16 27 32
16 28 22
16 29 56
16 30 65
16 31 45
16 32 68
16 33 21
16 34 25
16 35 3
16 36 34
16 37 47
16 38 53
16 39 34
16 40 47
16 41 52
16 42 19
16 43 65
16 44 19
16 45 6
16 46 30
16 47 59
16 48 67
16 49 9
16 50 43
16 51 24
16 52 28
16 53 60
16 54 29
16 55 59
16 56 15
16 57 55
16 58 44
16 59 62
16 60 43
16 61 18
16 62 34
16 63 35
16 64 47
16 65 59
16 66 18
16 67 7
16 68 48
16 69 62
16 70 44
17 1 67
17 2 8
17 3 43
17 4 29
17 5 21
17 6 25
17 7 21
17 8 8
17 9 34
17 10 44
17 11 56
17 12 55
17 13 49
17 14 45
17 15 37
17 16 27
17 17 -1
17 18 63
17 19 76
17 20 30
17 21 24
17 22 49
17 23 53
17 24 52
17 25 44
17 26 41
17 27 20
17 28 7
17 29 52
17 30 49
17 31 43
17 32 55
17 33 10
17 34 26
17 35 24
17 36 48
17 37 40
17 38 41
17 39 16
17 40 53
17 41 43
17 42 10
17 43 72
17 44 12
17 45 21
17 46 30
17 47 66
17 48 54
17 49 26
17 50 16
17 51 7
17 52 1
17 53 44
17 54 41
17 55 51
17 56 36
17 57 36
17 58 32
17 59 72
17 60 44
17 61 13
17 62 19
17 63 18
17 64 20
17 65 42
17 66 9
17 67 31
17 68 34
17 69 52
17 70 18
18 1 18
18 2 70
18 3 55
18 4 36
18 5 60
18 6 38
18 7 81
18 8 57
18 9 42
18 10 35
18 11 38
18 12 15
18 13 25
18 14 44
18 15 26
18 16 63
18 17 63
18 18 -1
18 19 23
18 20 52
18 21 55
18 22 14
18 23 17
18 24 28
18 25 19
18 26 39
18 27 42
18 28 57
18 29 12
18 30 38
18 31 19
18 32 31
18 33 68
18 34 39
18 35 62
18 36 34
18 37 24
18 38 31
18 39 49
18 40 17
18 41 24
18 42 56
18 43 18
18 44 70
18 45 60
18 46 34
18 47 14
18 48 32
18 49 54
18 50 73
18 51 68
18 52 63
18 53 36
18 54 36
18 55 21
18 56 51
18 57 43
18 58 35
18 59 23
18 60 20
18 61 53
18 62 45
18 63 47
18 64 67
18 65 38
18 66 64
18 67 57
18 68 36
18 69 25
18 70 77
19 1 9
19 2 81
19 3 54
19 4 47
19 5 79
19 6 50
19 7 96
19 8 69
19 9 47
19 10 57
19 11 61
19 12 38
19 13 48
19 14 66
19 15 42
19 16 67
19 17 76
19 18 23
19 19 -1
19 20 72
19 21 61
19 22 30
19 23 40
19 24 51
19 25 38
19 26 61
19 27 58
19 28 69
19 29 34
19 30 61
19 31 36
19 32 54
19 33 79
19 34 50
19 35 67
19 36 33
19 37 43
19 38 52
19 39 65
19 40 23
19 41 44
19 42 67
19 43 5
19 44 80
19 45 67
19 46 46
19 47 10
19 48 55
19 49 59
19 50 89
19 51 80
19 52 76
19 53 58
19 54 38
19 55 43
19 56 53
19 57 64
19 58 54
19 59 5
19 60 33
19 61 64
19 62 61
19 63 63
19 64 85
19 65 60
19 66 74
19 67 60
19 68 56
19 69 48
19 70 92
20 1 64
20 2 38
20 3 62
20 4 36
20 5 12
20 6 31
20 7 37
20 8 33
20 9 47
20 10 20
20 11 29
20 12 38
20 13 29
20 14 17
20 15 32
20 16 53
20 17 30
20 18 52
20 19 72
20 20 -1
20 21 46
20 22 42
20 23 36
20 24 29
20 25 34
20 26 15
20 27 22
20 28 31
20 29 40
20 30 22
20 31 36
20 32 31
20 33 40
20 34 34
20 35 50
20 36 56
20 37 29
20 38 21
20 39 18
20 40 51
20 41 28
20 42 34
20 43 68
20 44 43
20 45 46
20 46 35
20 47 62
20 48 29
20 49 47
20 50 28
20 51 38
20 52 29
20 53 19
20 54 51
20 55 33
20 56 55
20 57 10
20 58 18
20 59 70
20 60 40
20 61 34
20 62 19
20 63 17
20 64 18
20 65 17
20 66 39
20 67 53
20 68 16
20 69 31
20 70 32
21 1 52
21 2 24
21 3 19
21 4 19
21 5 41
21 6 20
21 7 44
21 8 16
21 9 14
21 10 51
21 11 63
21 12 52
21 13 50
21 14 56
21 15 32
21 16 8
21 17 24
21 18 55
21 19 61
21 20 46
21 21 -1
21 22 41
21 23 52
21 24 55
21 25 40
21 26 49
21 27 24
21 28 18
21 29 47
21 30 57
21 31 37
21 32 59
21 33 21
21 34 17
21 35 7
21 36 28
21 37 38
21 38 44
21 39 27
21 40 40
21 41 43
21 42 14
21 43 58
21 44 20
21 45 5
21 46 21
21 47 52
21 48 59
21 49 2
21 50 40
21 51 23
21 52 25
21 53 52
21 54 22
21 55 51
21 56 12
21 57 47
21 58 36
21 59 56
21 60 35
21 61 12
21 62 27
21 63 28
21 64 43
21 65 51
21 66 16
21 67 7
21 68 40
21 69 54
21 70 41
22 1 21
22 2 56
22 3 43
22 4 22
22 5 49
22 6 24
22 7 68
22 8 43
22 9 28
22 10 30
22 11 36
22 12 15
22 13 21
22 14 39
22 15 12
22 16 49
22 17 49
22 18 14
22 19 30
22 20 42
22 21 41
22 22 -1
22 23 16
22 24 26
22 25 8
22 26 32
22 27 29
22 28 43
22 29 9
22 30 34
22 31 6
22 32 30
22 33 54
22 34 25
22 35 48
22 36 24
22 37 13
22 38 23
22 39 36
22 40 10
22 41 16
22 42 42
22 43 25
22 44 56
22 45 46
22 46 20
22 47 19
22 48 30
22 49 40
22 50 60
22 51 54
22 52 49
22 53 31
22 54 24
22 55 18
22 56 39
22 57 35
22 58 24
22 59 27
22 60 6
22 61 39
22 62 32
22 63 34
22 64 55
22 65 32
22 66 50
22 67 43
22 68 26
22 69 23
22 70 64
23 1 34
23 2 61
23 3 58
23 4 32
23 5 46
23 6 32
23 7 69
23 8 50
23 9 42
23 10 18
23 11 21
23 12 2
23 13 8
23 14 26
23 15 19
23 16 60
23 17 53
23 18 17
23 19 40
23 20 36
23 21 52
23 22 16
23 23 -1
23 24 11
23 25 12
23 26 22
23 27 33
23 28 49
23 29 7
23 30 20
23 31 15
23 32 14
23 33 61
23 34 35
23 35 58
23 36 40
23 37 14
23 38 15
23 39 38
23 40 26
23 41 10
23 42 49
23 43 35
23 44 63
23 45 56
23 46 30
23 47 31
23 48 15
23 49 51
23 50 60
23 51 60
23 52 52
23 53 19
23 54 39
23 55 3
23 56 53
23 57 26
23 58 22
23 59 40
23 60 20
23 61 47
23 62 34
23 63 36
23 64 53
23 65 21
23 66 57
23 67 56
23 68 21
23 69 8
23 70 64
24 1 45
24 2 60
24 3 65
24 4 37
24 5 40
24 6 35
24 7 65
24 8 50
24 9 48
24 10 9
24 11 10
24 12 13
24 13 5
24 14 16
24 15 24
24 16 63
24 17 52
24 18 28
24 19 51
24 20 29
24 21 55
24 22 26
24 23 11
24 24 -1
24 25 19
24 26 13
24 27 32
24 28 48
24 29 18
24 30 9
24 31 23
24 32 4
24 33 60
24 34 38
24 35 61
24 36 48
24 37 17
24 38 11
24 39 36
24 40 36
24 41 12
24 42 49
24 43 46
24 44 62
24 45 58
24 46 35
24 47 42
24 48 4
24 49 55
24 50 55
24 51 59
24 52 51
24 53 10
24 54 47
24 55 8
24 56 58
24 57 19
24 58 20
24 59 51
24 60 28
24 61 48
24 62 33
24 63 34
24 64 47
24 65 12
24 66 57
24 67 60
24 68 18
24 69 3
24 70 59
25 1 29
25 2 51
25 3 46
25 4 20
25 5 41
25 6 21
25 7 62
25 8 39
25 9 30
25 10 22
25 11 29
25 12 12
25 13 14
25 14 31
25 15 8
25 16 48
25 17 44
25 18 19
25 19 38
25 20 34
25 21 40
25 22 8
25 23 12
25 24 19
25 25 -1
25 26 24
25 27 23
25 28 39
25 29 8
25 30 26
25 31 3
25 32 23
25 33 50
25 34 23
25 35 46
25 36 29
25 37 5
25 38 15
25 39 30
25 40 18
25 41 8
25 42 38
25 43 33
25 44 52
25 45 44
25 46 18
25 47 27
25 48 24
25 49 39
25 50 53
25 51 50
25 52 44
25 53 23
25 54 27
25 55 12
25 56 40
25 57 26
25 58 16
25 59 36
25 60 8
25 61 36
25 62 26
25 63 28
25 64 48
25 65 24
25 66 46
25 67 44
25 68 18
25 69 17
25 70 57
26 1 53
26 2 49
26 3 62
26 4 34
26 5 26
26 6 30
26 7 51
26 8 40
26 9 45
26 10 4
26 11 15
26 12 24
26 13 14
26 14 7
26 15 24
26 16 57
26 17 41
26 18 39
26 19 61
26 20 15
26 21 49
26 22 32
26 23 22
26 24 13
26 25 24
26 26 -1
26 27 25
26 28 39
26 29 26
26 30 8
26 31 27
26 32 15
26 33 50
26 34 34
26 35 55
26 36 50
26 37 19
26 38 9
26 39 25
26 40 42
26 41 16
26 42 40
26 43 55
26 44 52
26 45 51
26 46 32
26 47 50
26 48 14
26 49 50
26 50 42
26 51 48
26 52 39
26 53 4
26 54 47
26 55 18
26 56 55
26 57 5
26 58 13
26 59 59
26 60 32
26 61 39
26 62 23
26 63 23
26 64 33
26 65 2
26 66 47
26 67 55
26 68 9
26 69 15
26 70 46
27 1 48
27 2 28
27 3 39
27 4 14
27 5 22
27 6 9
27 7 39
27 8 17
27 9 24
27 10 27
27 11 39
27 12 34
27 13 29
27 14 31
27 15 16
27 16 32
27 17 20
27 18 42
27 19 58
27 20 22
27 21 24
27 22 29
27 23 33
27 24 32
27 25 23
27 26 25
27 27 -1
27 28 16
27 29 31
27 30 32
27 31 23
27 32 36
27 33 28
27 34 12
27 35 30
27 36 34
27 37 19
27 38 21
27 39 7
27 40 34
27 41 23
27 42 16
27 43 53
27 44 30
27 45 26
27 46 13
27 47 47
27 48 36
27 49 25
27 50 31
27 51 27
27 52 20
27 53 27
27 54 29
27 55 31
27 56 32
27 57 22
27 58 12
27 59 54
27 60 24
27 61 15
27 62 4
27 63 6
27 64 27
27 65 26
27 66 24
27 67 31
27 68 16
27 69 32
27 70 34
28 1 60
28 2 12
28 3 37
28 4 22
28 5 24
28 6 19
28 7 28
28 8 2
28 9 26
28 10 42
28 11 54
28 12 50
28 13 45
28 14 44
28 15 31
28 16 22
28 17 7
28 18 57
28 19 69
28 20 31
28 21 18
28 22 43
28 23 49
28 24 48
28 25 39
28 26 39
28 27 16
28 28 -1
28 29 47
28 30 47
28 31 37
28 32 52
28 33 12
28 34 19
28 35 19
28 36 41
28 37 35
28 38 37
28 39 13
28 40 46
28 41 39
28 42 4
28 43 66
28 44 14
28 45 16
28 46 23
28 47 59
28 48 51
28 49 20
28 50 22
28 51 11
28 52 7
28 53 42
28 54 34
28 55 47
28 56 30
28 57 35
28 58 28
28 59 65
28 60 38
28 61 6
28 62 15
28 63 15
28 64 25
28 65 40
28 66 8
28 67 25
28 68 31
28 69 48
28 70 25
29 1 27
29 2 59
29 3 52
29 4 28
29 5 48
29 6 29
29 7 69
29 8 47
29 9 36
29 10 23
29 11 28
29 12 6
29 13 14
29 14 32
29 15 16
29 16 56
29 17 52
29 18 12
29 19 34
29 20 40
29 21 47
29 22 9
29 23 7
29 24 18
29 25 8
29 26 26
29 27 31
29 28 47
29 29 -1
29 30 27
29 31 10
29 32 21
29 33 58
29 34 31
29 35 54
29 36 33
29 37 12
29 38 18
29 39 37
29 40 18
29 41 11
29 42 46
29 43 29
29 44 60
29 45 52
29 46 26
29 47 24
29 48 22
29 49 47
29 50 61
29 51 58
29 52 51
29 53 24
29 54 33
29 55 10
29 56 47
29 57 30
29 58 22
29 59 33
29 60 13
29 61 44
29 62 34
29 63 35
29 64 54
29 65 26
29 66 54
29 67 51
29 68 24
29 69 15
29 70 65
30 1 54
30 2 57
30 3 69
30 4 40
30 5 34
30 6 37
30 7 59
30 8 48
30 9 52
30 10 5
30 11 7
30 12 22
30 13 13
30 14 7
30 15 29
30 16 65
30 17 49
30 18 38
30 19 61
30 20 22
30 21 57
30 22 34
30 23 20
30 24 9
30 25 26
30 26 8
30 27 32
30 28 47
30 29 27
30 30 -1
30 31 30
30 32 9
30 33 58
30 34 41
30 35 62
30 36 55
30 37 22
30 38 13
30 39 33
30 40 44
30 41 18
30 42 48
30 43 55
30 44 61
30 45 59
30 46 38
30 47 51
30 48 7
30 49 57
30 50 50
30 51 56
30 52 48
30 53 5
30 54 52
30 55 17
30 56 62
30 57 13
30 58 20
30 59 60
30 60 35
30 61 47
30 62 31
30 63 31
30 64 40
30 65 6
30 66 55
30 67 63
30 68 16
30 69 12
30 70 54
31 1 27
31 2 50
31 3 43
31 4 18
31 5 42
31 6 19
31 7 62
31 8 38
31 9 26
31 10 25
31 11 33
31 12 15
31 13 18
31 14 34
31 15 6
31 16 45
31 17 43
31 18 19
31 19 36
31 20 36
31 21 37
31 22 6
31 23 15
31 24 23
31 25 3
31 26 27
31 27 23
31 28 37
31 29 10
31 30 30
31 31 -1
31 32 27
31 33 49
31 34 21
31 35 44
31 36 25
31 37 8
31 38 18
31 39 30
31 40 15
31 41 11
31 42 36
31 43 31
31 44 50
31 45 42
31 46 16
31 47 25
31 48 27
31 49 36
31 50 54
31 51 49
31 52 43
31 53 26
31 54 24
31 55 16
31 56 37
31 57 29
31 58 17
31 59 34
31 60 5
31 61 34
31 62 26
31 63 28
31 64 48
31 65 27
31 66 44
31 67 41
31 68 20
31 69 20
31 70 57
32 1 48
32 2 63
32 3 69
32 4 41
32 5 42
32 6 39
32 7 67
32 8 53
32 9 52
32 10 11
32 11 7
32 12 16
32 13 9
32 14 16
32 15 29
32 16 68
32 17 55
32 18 31
32 19 54
32 20 31
32 21 59
32 22 30
32 23 14
32 24 4
32 25 23
32 26 15
32 27 36
32 28 52
32 29 21
32 30 9
32 31 27
32 32 -1
32 33 63
32 34 42
32 35 65
32 36 53
32 37 21
32 38 14
32 39 39
32 40 40
32 41 16
32 42 53
32 43 49
32 44 66
32 45 62
32 46 39
32 47 45
32 48 1
32 49 59
32 50 58
32 51 62
32 52 54
32 53 11
32 54 51
32 55 11
32 56 63
32 57 20
32 58 24
32 59 54
32 60 32
32 61 51
32 62 36
32 63 37
32 64 49
32 65 13
32 66 60
32 67 64
32 68 21
32 69 6
32 70 62
33 1 70
33 2 4
33 3 39
33 4 33
33 5 31
33 6 30
33 7 24
33 8 11
33 9 33
33 10 53
33 11 65
33 12 62
33 13 57
33 14 55
33 15 42
33 16 21
33 17 10
33 18 68
33 19 79
33 20 40
33 21 21
33 22 54
33 23 61
33 24 60
33 25 50
33 26 50
33 27 28
33 28 12
33 29 58
33 30 58
33 31 49
33 32 63
33 33 -1
33 34 29
33 35 18
33 36 48
33 37 47
33 38 49
33 39 24
33 40 56
33 41 51
33 42 12
33 43 76
33 44 2
33 45 16
33 46 34
33 47 69
33 48 63
33 49 23
33 50 22
33 51 3
33 52 11
33 53 53
33 54 42
33 55 59
33 56 33
33 57 46
33 58 40
33 59 75
33 60 49
33 61 15
33 62 27
33 63 26
33 64 29
33 65 52
33 66 5
33 67 26
33 68 42
33 69 60
33 70 23
34 1 41
34 2 31
34 3 28
34 4 3
34 5 34
34 6 3
34 7 46
34 8 18
34 9 12
34 10 35
34 11 46
34 12 35
34 13 34
34 14 41
34 15 15
34 16 25
34 17 26
34 18 39
34 19 50
34 20 34
34 21 17
34 22 25
34 23 35
34 24 38
34 25 23
34 26 34
34 27 12
34 28 19
34 29 31
34 30 41
34 31 21
34 32 42
34 33 29
34 34 -1
34 35 23
34 36 23
34 37 21
34 38 28
34 39 18
34 40 27
34 41 26
34 42 17
34 43 46
34 44 30
34 45 21
34 46 5
34 47 40
34 48 42
34 49 17
34 50 39
34 51 30
34 52 26
34 53 36
34 54 17
34 55 34
34 56 21
34 57 33
34 58 20
34 59 46
34 60 19
34 61 14
34 62 16
34 63 18
34 64 38
34 65 35
34 66 24
34 67 22
34 68 25
34 69 37
34 70 43
35 1 59
35 2 22
35 3 21
35 4 26
35 5 43
35 6 26
35 7 42
35 8 17
35 9 20
35 10 57
35 11 69
35 12 59
35 13 57
35 14 61
35 15 39
35 16 3
35 17 24
35 18 62
35 19 67
35 20 50
35 21 7
35 22 48
35 23 58
35 24 61
35 25 46
35 26 55
35 27 30
35 28 19
35 29 54
35 30 62
35 31 44
35 32 65
35 33 18
35 34 23
35 35 -1
35 36 34
35 37 45
35 38 51
35 39 31
35 40 46
35 41 49
35 42 16
35 43 65
35 44 17
35 45 3
35 46 28
35 47 59
35 48 65
35 49 8
35 50 40
35 51 21
35 52 25
35 53 57
35 54 29
35 55 57
35 56 16
35 57 52
35 58 42
35 59 63
35 60 42
35 61 15
35 62 31
35 63 32
35 64 44
35 65 56
35 66 15
35 67 8
35 68 46
35 69 60
35 70 41
36 1 25
36 2 51
36 3 22
36 4 20
36 5 57
36 6 25
36 7 69
36 8 40
36 9 14
36 10 49
36 11 59
36 12 39
36 13 43
36 14 58
36 15 25
36 16 34
36 17 48
36 18 34
36 19 33
36 20 56
36 21 28
36 22 24
36 23 40
36 24 48
36 25 29
36 26 50
36 27 34
36 28 41
36 29 33
36 30 55
36 31 25
36 32 53
36 33 48
36 34 23
36 35 34
36 36 -1
36 37 32
36 38 42
36 39 41
36 40 16
36 41 36
36 42 37
36 43 31
36 44 48
36 45 34
36 46 21
36 47 26
36 48 53
36 49 26
36 50 63
36 51 50
36 52 48
36 53 50
36 54 6
36 55 41
36 56 20
36 57 51
36 58 38
36 59 28
36 60 20
36 61 35
36 62 38
36 63 41
36 64 61
36 65 51
36 66 43
36 67 27
36 68 42
36 69 46
36 70 65
37 1 35
37 2 47
37 3 47
37 4 19
37 5 36
37 6 18
37 7 57
37 8 36
37 9 30
37 10 17
37 11 27
37 12 15
37 13 12
37 14 26
37 15 7
37 16 47
37 17 40
37 18 24
37 19 43
37 20 29
37 21 38
37 22 13
37 23 14
37 24 17
37 25 5
37 26 19
37 27 19
37 28 35
37 29 12
37 30 22
37 31 8
37 32 21
37 33 47
37 34 21
37 35 45
37 36 32
37 37 -1
37 38 10
37 39 25
37 40 23
37 41 5
37 42 35
37 43 38
37 44 49
37 45 42
37 46 17
37 47 33
37 48 21
37 49 38
37 50 48
37 51 46
37 52 39
37 53 18
37 54 29
37 55 12
37 56 41
37 57 21
37 58 10
37 59 41
37 60 13
37 61 33
37 62 21
37 63 23
37 64 42
37 65 19
37 66 43
37 67 43
37 68 13
37 69 15
37 70 52
38 1 44
38 2 49
38 3 56
38 4 27
38 5 31
38 6 25
38 7 55
38 8 38
38 9 39
38 10 7
38 11 18
38 12 17
38 13 8
38 14 16
38 15 16
38 16 53
38 17 41
38 18 31
38 19 52
38 20 21
38 21 44
38 22 23
38 23 15
38 24 11
38 25 15
38 26 9
38 27 21
38 28 37
38 29 18
38 30 13
38 31 18
38 32 14
38 33 49
38 34 28
38 35 51
38 36 42
38 37 10
38 38 -1
38 39 25
38 40 33
38 41 7
38 42 38
38 43 47
38 44 51
38 45 47
38 46 25
38 47 41
38 48 14
38 49 45
38 50 45
38 51 48
38 52 40
38 53 8
38 54 39
38 55 11
38 56 49
38 57 12
38 58 9
38 59 50
38 60 23
38 61 37
38 62 22
38 63 23
38 64 38
38 65 9
38 66 45
38 67 50
38 68 7
38 69 11
38 70 49
39 1 56
39 2 24
39 3 44
39 4 20
39 5 16
39 6 15
39 7 32
39 8 15
39 9 30
39 10 28
39 11 40
39 12 39
39 13 33
39 14 31
39 15 23
39 16 34
39 17 16
39 18 49
39 19 65
39 20 18
39 21 27
39 22 36
39 23 38
39 24 36
39 25 30
39 26 25
39 27 7
39 28 13
39 29 37
39 30 33
39 31 30
39 32 39
39 33 24
39 34 18
39 35 31
39 36 41
39 37 25
39 38 25
39 39 -1
39 40 42
39 41 27
39 42 15
39 43 60
39 44 27
39 45 27
39 46 20
39 47 54
39 48 38
39 49 28
39 50 24
39 51 23
39 52 15
39 53 29
39 54 35
39 55 35
39 56 37
39 57 21
39 58 16
39 59 62
39 60 31
39 61 15
39 62 3
39 63 2
39 64 20
39 65 27
39 66 21
39 67 34
39 68 18
39 69 36
39 70 27
40 1 14
40 2 58
40 3 38
40 4 23
40 5 56
40 6 27
40 7 73
40 8 46
40 9 26
40 10 40
40 11 46
40 12 25
40 13 31
40 14 49
40 15 19
40 16 47
40 17 53
40 18 17
40 19 23
40 20 51
40 21 40
40 22 10
40 23 26
40 24 36
40 25 18
40 26 42
40 27 34
40 28 46
40 29 18
40 30 44
40 31 15
40 32 40
40 33 56
40 34 27
40 35 46
40 36 16
40 37 23
40 38 33
40 39 42
40 40 -1
40 41 26
40 42 44
40 43 19
40 44 57
40 45 45
40 46 22
40 47 13
40 48 40
40 49 38
40 50 65
40 51 57
40 52 53
40 53 41
40 54 19
40 55 28
40 56 35
40 57 44
40 58 32
40 59 20
40 60 10
40 61 41
40 62 38
40 63 40
40 64 62
40 65 42
40 66 51
40 67 41
40 68 35
40 69 33
40 70 69
41 1 37
41 2 51
41 3 52
41 4 24
41 5 37
41 6 23
41 7 59
41 8 40
41 9 35
41 10 14
41 11 22
41 12 11
41 13 7
41 14 23
41 15 12
41 16 52
41 17 43
41 18 24
41 19 44
41 20 28
41 21 43
41 22 16
41 23 10
41 24 12
41 25 8
41 26 16
41 27 23
41 28 39
41 29 11
41 30 18
41 31 11
41 32 16
41 33 51
41 34 26
41 35 49
41 36 36
41 37 5
41 38 7
41 39 27
41 40 26
41 41 -1
41 42 39
41 43 39
41 44 53
41 45 47
41 46 22
41 47 34
41 48 17
41 49 43
41 50 50
41 51 50
41 52 42
41 53 15
41 54 34
41 55 8
41 56 46
41 57 19
41 58 12
41 59 43
41 60 16
41 61 37
41 62 24
41 63 25
41 64 43
41 65 16
41 66 47
41 67 48
41 68 12
41 69 10
41 70 54
42 1 58
42 2 14
42 3 33
42 4 20
42 5 27
42 6 17
42 7 31
42 8 2
42 9 23
42 10 43
42 11 55
42 12 50
42 13 45
42 14 46
42 15 30
42 16 19
42 17 10
42 18 56
42 19 67
42 20 34
42 21 14
42 22 42
42 23 49
42 24 49
42 25 38
42 26 40
42 27 16
42 28 4
42 29 46
42 30 48
42 31 36
42 32 53
42 33 12
42 34 17
42 35 16
42 36 37
42 37 35
42 38 38
42 39 15
42 40 44
42 41 39
42 42 -1
42 43 63
42 44 14
42 45 12
42 46 21
42 47 57
42 48 52
42 49 16
42 50 26
42 51 13
42 52 11
42 53 43
42 54 31
42 55 47
42 56 26
42 57 37
42 58 29
42 59 63
42 60 36
42 61 2
42 62 17
42 63 17
42 64 29
42 65 42
42 66 8
42 67 21
42 68 32
42 69 48
42 70 28
43 1 6
43 2 78
43 3 53
43 4 43
43 5 74
43 6 47
43 7 92
43 8 65
43 9 44
43 10 52
43 11 56
43 12 33
43 13 42
43 14 61
43 15 37
43 16 65
43 17 72
43 18 18
43 19 5
43 20 68
43 21 58
43 22 25
43 23 35
43 24 46
43 25 33
43 26 55
43 27 53
43 28 66
43 29 29
43 30 55
43 31 31
43 32 49
43 33 76
43 34 46
43 35 65
43 36 31
43 37 38
43 38 47
43 39 60
43 40 19
43 41 39
43 42 63
43 43 -1
43 44 76
43 45 64
43 46 42
43 47 6
43 48 50
43 49 56
43 50 84
43 51 76
43 52 72
43 53 53
43 54 36
43 55 38
43 56 51
43 57 59
43 58 49
43 59 6
43 60 29
43 61 61
43 62 57
43 63 59
43 64 80
43 65 55
43 66 71
43 67 58
43 68 51
43 69 43
43 70 88
44 1 71
44 2 6
44 3 38
44 4 34
44 5 33
44 6 31
44 7 26
44 8 13
44 9 34
44 10 56
44 11 68
44 12 64
44 13 59
44 14 58
44 15 44
44 16 19
44 17 12
44 18 70
44 19 80
44 20 43
44 21 20
44 22 56
44 23 63
44 24 62
44 25 52
44 26 52
44 27 30
44 28 14
44 29 60
44 30 61
44 31 50
44 32 66
44 33 2
44 34 30
44 35 17
44 36 48
44 37 49
44 38 51
44 39 27
44 40 57
44 41 53
44 42 14
44 43 76
44 44 -1
44 45 15
44 46 35
44 47 70
44 48 65
44 49 22
44 50 25
44 51 5
44 52 14
44 53 56
44 54 42
44 55 61
44 56 32
44 57 48
44 58 42
44 59 76
44 60 50
44 61 16
44 62 29
44 63 29
44 64 32
44 65 54
44 66 6
44 67 25
44 68 45
44 69 62
44 70 25
45 1 58
45 2 19
45 3 23
45 4 24
45 5 40
45 6 23
45 7 40
45 8 13
45 9 20
45 10 53
45 11 65
45 12 56
45 13 54
45 14 58
45 15 36
45 16 6
45 17 21
45 18 60
45 19 67
45 20 46
45 21 5
45 22 46
45 23 56
45 24 58
45 25 44
45 26 51
45 27 26
45 28 16
45 29 52
45 30 59
45 31 42
45 32 62
45 33 16
45 34 21
45 35 3
45 36 34
45 37 42
45 38 47
45 39 27
45 40 45
45 41 47
45 42 12
45 43 64
45 44 15
45 45 -1
45 46 26
45 47 58
45 48 62
45 49 7
45 50 37
45 51 18
45 52 22
45 53 54
45 54 28
45 55 55
45 56 17
45 57 48
45 58 38
45 59 62
45 60 40
45 61 12
45 62 28
45 63 29
45 64 41
45 65 53
45 66 12
45 67 10
45 68 42
45 69 57
45 70 38
46 1 36
46 2 36
46 3 30
46 4 2
46 5 36
46 6 5
46 7 50
46 8 23
46 9 13
46 10 32
46 11 43
46 12 31
46 13 30
46 14 39
46 15 10
46 16 30
46 17 30
46 18 34
46 19 46
46 20 35
46 21 21
46 22 20
46 23 30
46 24 35
46 25 18
46 26 32
46 27 13
46 28 23
46 29 26
46 30 38
46 31 16
46 32 39
46 33 34
46 34 5
46 35 28
46 36 21
46 37 17
46 38 25
46 39 20
46 40 22
46 41 22
46 42 21
46 43 42
46 44 35
46 45 26
46 46 -1
46 47 35
46 48 39
46 49 21
46 50 43
46 51 34
46 52 30
46 53 33
46 54 16
46 55 29
46 56 24
46 57 31
46 58 18
46 59 42
46 60 14
46 61 19
46 62 17
46 63 19
46 64 41
46 65 33
46 66 29
46 67 25
46 68 23
46 69 33
46 70 46
47 1 3
47 2 71
47 3 48
47 4 36
47 5 68
47 6 40
47 7 86
47 8 59
47 9 38
47 10 47
47 11 52
47 12 29
47 13 38
47 14 56
47 15 31
47 16 59
47 17 66
47 18 14
47 19 10
47 20 62
47 21 52
47 22 19
47 23 31
47 24 42
47 25 27
47 26 50
47 27 47
47 28 59
47 29 24
47 30 51
47 31 25
47 32 45
47 33 69
47 34 40
47 35 59
47 36 26
47 37 33
47 38 41
47 39 54
47 40 13
47 41 34
47 42 57
47 43 6
47 44 70
47 45 58
47 46 35
47 47 -1
47 48 46
47 49 50
47 50 78
47 51 70
47 52 66
47 53 48
47 54 30
47 55 34
47 56 46
47 57 54
47 58 43
47 59 9
47 60 22
47 61 54
47 62 50
47 63 53
47 64 74
47 65 50
47 66 64
47 67 52
47 68 46
47 69 39
47 70 82
48 1 49
48 2 62
48 3 69
48 4 41
48 5 41
48 6 39
48 7 66
48 8 52
48 9 52
48 10 10
48 11 6
48 12 17
48 13 9
48 14 14
48 15 29
48 16 67
48 17 54
48 18 32
48 19 55
48 20 29
48 21 59
48 22 30
48 23 15
48 24 4
48 25 24
48 26 14
48 27 36
48 28 51
48 29 22
48 30 7
48 31 27
48 32 1
48 33 63
48 34 42
48 35 65
48 36 53
48 37 21
48 38 14
48 39 38
48 40 40
48 41 17
48 42 52
48 43 50
48 44 65
48 45 62
48 46 39
48 47 46
48 48 -1
48 49 59
48 50 56
48 51 61
48 52 53
48 53 10
48 54 51
48 55 12
48 56 63
48 57 19
48 58 23
48 59 55
48 60 33
48 61 51
48 62 35
48 63 36
48 64 47
48 65 12
48 66 59
48 67 64
48 68 20
48 69 7
48 70 61
49 1 50
49 2 26
49 3 17
49 4 18
49 5 43
49 6 20
49 7 46
49 8 18
49 9 12
49 10 51
49 11 63
49 12 52
49 13 51
49 14 57
49 15 31
49 16 9
49 17 26
49 18 54
49 19 59
49 20 47
49 21 2
49 22 40
49 23 51
49 24 55
49 25 39
49 26 50
49 27 25
49 28 20
49 29 47
49 30 57
49 31 36
49 32 59
49 33 23
49 34 17
49 35 8
49 36 26
49 37 38
49 38 45
49 39 28
49 40 38
49 41 43
49 42 16
49 43 56
49 44 22
49 45 7
49 46 21
49 47 50
49 48 59
49 49 -1
49 50 42
49 51 25
49 52 27
49 53 52
49 54 21
49 55 51
49 56 10
49 57 48
49 58 36
49 59 55
49 60 34
49 61 14
49 62 28
49 63 29
49 64 45
49 65 51
49 66 18
49 67 5
49 68 41
49 69 54
49 70 44
50 1 79
50 2 18
50 3 59
50 4 43
50 5 16
50 6 38
50 7 9
50 8 24
50 9 49
50 10 46
50 11 57
50 12 62
50 13 54
50 14 45
50 15 47
50 16 43
50 17 16
50 18 73
50 19 89
50 20 28
50 21 40
50 22 60
50 23 60
50 24 55
50 25 53
50 26 42
50 27 31
50 28 22
50 29 61
50 30 50
50 31 54
50 32 58
50 33 22
50 34 39
50 35 40
50 36 63
50 37 48
50 38 45
50 39 24
50 40 65
50 41 50
50 42 26
50 43 84
50 44 25
50 45 37
50 46 43
50 47 78
50 48 56
50 49 42
50 50 -1
50 51 19
50 52 15
50 53 46
50 54 56
50 55 57
50 56 52
50 57 37
50 58 38
50 59 85
50 60 55
50 61 29
50 62 27
50 63 25
50 64 10
50 65 44
50 66 25
50 67 47
50 68 38
50 69 56
50 70 4
51 1 71
51 2 1
51 3 41
51 4 33
51 5 28
51 6 30
51 7 21
51 8 11
51 9 35
51 10 51
51 11 63
51 12 61
51 13 56
51 14 53
51 15 42
51 16 24
51 17 7
51 18 68
51 19 80
51 20 38
51 21 23
51 22 54
51 23 60
51 24 59
51 25 50
51 26 48
51 27 27
51 28 11
51 29 58
51 30 56
51 31 49
51 32 62
51 33 3
51 34 30
51 35 21
51 36 50
51 37 46
51 38 48
51 39 23
51 40 57
51 41 50
51 42 13
51 43 76
51 44 5
51 45 18
51 46 34
51 47 70
51 48 61
51 49 25
51 50 19
51 51 -1
51 52 8
51 53 52
51 54 43
51 55 58
51 56 35
51 57 44
51 58 39
51 59 76
51 60 49
51 61 15
51 62 26
51 63 25
51 64 26
51 65 50
51 66 6
51 67 29
51 68 41
51 69 59
51 70 20
52 1 67
52 2 9
52 3 44
52 4 29
52 5 19
52 6 25
52 7 20
52 8 9
52 9 34
52 10 43
52 11 55
52 12 54
52 13 48
52 14 44
52 15 36
52 16 28
52 17 1
52 18 63
52 19 76
52 20 29
52 21 25
52 22 49
52 23 52
52 24 51
52 25 44
52 26 39
52 27 20
52 28 7
52 29 51
52 30 48
52 31 43
52 32 54
52 33 11
52 34 26
52 35 25
52 36 48
52 37 39
52 38 40
52 39 15
52 40 53
52 41 42
52 42 11
52 43 72
52 44 14
52 45 22
52 46 30
52 47 66
52 48 53
52 49 27
52 50 15
52 51 8
52 52 -1
52 53 43
52 54 42
52 55 50
52 56 37
52 57 35
52 58 31
52 59 72
52 60 44
52 61 13
52 62 18
52 63 17
52 64 19
52 65 41
52 66 11
52 67 32
52 68 33
52 69 51
52 70 17
53 1 51
53 2 52
53 3 64
53 4 35
53 5 31
53 6 32
53 7 55
53 8 44
53 9 47
53 10 1
53 11 11
53 12 21
53 13 11
53 14 8
53 15 25
53 16 60
53 17 44
53 18 36
53 19 58
53 20 19
53 21 52
53 22 31
53 23 19
53 24 10
53 25 23
53 26 4
53 27 27
53 28 42
53 29 24
53 30 5
53 31 26
53 32 11
53 33 53
53 34 36
53 35 57
53 36 50
53 37 18
53 38 8
53 39 29
53 40 41
53 41 15
53 42 43
53 43 53
53 44 56
53 45 54
53 46 33
53 47 48
53 48 10
53 49 52
53 50 46
53 51 52
53 52 43
53 53 -1
53 54 47
53 55 15
53 56 57
53 57 9
53 58 15
53 59 57
53 60 31
53 61 42
53 62 26
53 63 27
53 64 37
53 65 2
53 66 50
53 67 58
53 68 11
53 69 12
53 70 50
54 1 30
54 2 45
54 3 19
54 4 15
54 5 51
54 6 20
54 7 62
54 8 33
54 9 8
54 10 46
54 11 56
54 12 39
54 13 42
54 14 54
54 15 22
54 16 29
54 17 41
54 18 36
54 19 38
54 20 51
54 21 22
54 22 24
54 23 39
54 24 47
54 25 27
54 26 47
54 27 29
54 28 34
54 29 33
54 30 52
54 31 24
54 32 51
54 33 42
54 34 17
54 35 29
54 36 6
54 37 29
54 38 39
54 39 35
54 40 19
54 41 34
54 42 31
54 43 36
54 44 42
54 45 28
54 46 16
54 47 30
54 48 51
54 49 21
54 50 56
54 51 43
54 52 42
54 53 47
54 54 -1
54 55 40
54 56 16
54 57 47
54 58 34
54 59 34
54 60 19
54 61 28
54 62 33
54 63 35
54 64 56
54 65 47
54 66 37
54 67 22
54 68 38
54 69 44
54 70 59
55 1 37
55 2 59
55 3 59
55 4 32
55 5 43
55 6 31
55 7 66
55 8 48
55 9 42
55 10 14
55 11 18
55 12 5
55 13 4
55 14 23
55 15 19
55 16 59
55 17 51
55 18 21
55 19 43
55 20 33
55 21 51
55 22 18
55 23 3
55 24 8
55 25 12
55 26 18
55 27 31
55 28 47
55 29 10
55 30 17
55 31 16
55 32 11
55 33 59
55 34 34
55 35 57
55 36 41
55 37 12
55 38 11
55 39 35
55 40 28
55 41 8
55 42 47
55 43 38
55 44 61
55 45 55
55 46 29
55 47 34
55 48 12
55 49 51
55 50 57
55 51 58
55 52 50
55 53 15
55 54 40
55 55 -1
55 56 53
55 57 23
55 58 19
55 59 43
55 60 21
55 61 45
55 62 32
55 63 33
55 64 49
55 65 17
55 66 55
55 67 55
55 68 18
55 69 5
55 70 61
56 1 45
56 2 37
56 3 7
56 4 21
56 5 52
56 6 25
56 7 56
56 8 28
56 9 10
56 10 56
56 11 67
56 12 53
56 13 54
56 14 63
56 15 34
56 16 15
56 17 36
56 18 51
56 19 53
56 20 55
56 21 12
56 22 39
56 23 53
56 24 58
56 25 40
56 26 55
56 27 32
56 28 30
56 29 47
56 30 62
56 31 37
56 32 63
56 33 33
56 34 21
56 35 16
56 36 20
56 37 41
56 38 49
56 39 37
56 40 35
56 41 46
56 42 26
56 43 51
56 44 32
56 45 17
56 46 24
56 47 46
56 48 63
56 49 10
56 50 52
56 51 35
56 52 37
56 53 57
56 54 16
56 55 53
56 56 -1
56 57 54
56 58 42
56 59 48
56 60 33
56 61 24
56 62 36
56 63 37
56 64 55
56 65 57
56 66 29
56 67 7
56 68 46
56 69 57
56 70 54
57 1 56
57 2 44
57 3 61
57 4 33
57 5 21
57 6 29
57 7 46
57 8 37
57 9 45
57 10 9
57 11 20
57 12 29
57 13 19
57 14 9
57 15 26
57 16 55
57 17 36
57 18 43
57 19 64
57 20 10
57 21 47
57 22 35
57 23 26
57 24 19
57 25 26
57 26 5
57 27 22
57 28 35
57 29 30
57 30 13
57 31 29
57 32 20
57 33 46
57 34 33
57 35 52
57 36 51
57 37 21
57 38 12
57 39 21
57 40 44
57 41 19
57 42 37
57 43 59
57 44 48
57 45 48
57 46 31
57 47 54
57 48 19
57 49 48
57 50 37
57 51 44
57 52 35
57 53 9
57 54 47
57 55 23
57 56 54
57 57 -1
57 58 13
57 59 62
57 60 34
57 61 37
57 62 20
57 63 20
57 64 28
57 65 7
57 66 43
57 67 54
57 68 9
57 69 20
57 70 41
58 1 45
58 2 40
58 3 49
58 4 20
58 5 25
58 6 17
58 7 47
58 8 29
58 9 32
58 10 15
58 11 26
58 12 23
58 13 17
58 14 21
58 15 13
58 16 44
58 17 32
58 18 35
58 19 54
58 20 18
58 21 36
58 22 24
58 23 22
58 24 20
58 25 16
58 26 13
58 27 12
58 28 28
58 29 22
58 30 20
58 31 17
58 32 24
58 33 40
58 34 20
58 35 42
58 36 38
58 37 10
58 38 9
58 39 16
58 40 32
58 41 12
58 42 29
58 43 49
58 44 42
58 45 38
58 46 18
58 47 43
58 48 23
58 49 36
58 50 38
58 51 39
58 52 31
58 53 15
58 54 34
58 55 19
58 56 42
58 57 13
58 58 -1
58 59 51
58 60 21
58 61 27
58 62 13
58 63 14
58 64 31
58 65 14
58 66 36
58 67 42
58 68 4
58 69 20
58 70 42
59 1 6
59 2 77
59 3 49
59 4 43
59 5 76
59 6 47
59 7 93
59 8 65
59 9 42
59 10 56
59 11 61
59 12 38
59 13 47
59 14 65
59 15 39
59 16 62
59 17 72
59 18 23
59 19 5
59 20 70
59 21 56
59 22 27
59 23 40
59 24 51
59 25 36
59 26 59
59 27 54
59 28 65
59 29 33
59 30 60
59 31 34
59 32 54
59 33 75
59 34 46
59 35 63
59 36 28
59 37 41
59 38 50
59 39 62
59 40 20
59 41 43
59 42 63
59 43 6
59 44 76
59 45 62
59 46 42
59 47 9
59 48 55
59 49 55
59 50 85
59 51 76
59 52 72
59 53 57
59 54 34
59 55 43
59 56 48
59 57 62
59 58 51
59 59 -1
59 60 30
59 61 60
59 62 58
59 63 60
59 64 82
59 65 59
59 66 70
59 67 55
59 68 54
59 69 48
59 70 89
60 1 24
60 2 50
60 3 38
60 4 16
60 5 45
60 6 18
60 7 63
60 8 38
60 9 23
60 10 30
60 11 38
60 12 20
60 13 23
60 14 39
60 15 8
60 16 43
60 17 44
60 18 20
60 19 33
60 20 40
60 21 35
60 22 6
60 23 20
60 24 28
60 25 8
60 26 32
60 27 24
60 28 38
60 29 13
60 30 35
60 31 5
60 32 32
60 33 49
60 34 19
60 35 42
60 36 20
60 37 13
60 38 23
60 39 31
60 40 10
60 41 16
60 42 36
60 43 29
60 44 50
60 45 40
60 46 14
60 47 22
60 48 33
60 49 34
60 50 55
60 51 49
60 52 44
60 53 31
60 54 19
60 55 21
60 56 33
60 57 34
60 58 21
60 59 30
60 60 -1
60 61 33
60 62 28
60 63 30
60 64 51
60 65 32
60 66 44
60 67 37
60 68 25
60 69 26
60 70 59
61 1 55
61 2 17
61 3 31
61 4 17
61 5 29
61 6 15
61 7 34
61 8 5
61 9 20
61 10 42
61 11 54
61 12 48
61 13 44
61 14 46
61 15 28
61 16 18
61 17 13
61 18 53
61 19 64
61 20 34
61 21 12
61 22 39
61 23 47
61 24 48
61 25 36
61 26 39
61 27 15
61 28 6
61 29 44
61 30 47
61 31 34
61 32 51
61 33 15
61 34 14
61 35 15
61 36 35
61 37 33
61 38 37
61 39 15
61 40 41
61 41 37
61 42 2
61 43 61
61 44 16
61 45 12
61 46 19
61 47 54
61 48 51
61 49 14
61 50 29
61 51 15
61 52 13
61 53 42
61 54 28
61 55 45
61 56 24
61 57 37
61 58 27
61 59 60
61 60 33
61 61 -1
61 62 16
61 63 16
61 64 31
61 65 41
61 66 10
61 67 19
61 68 31
61 69 47
61 70 31
62 1 52
62 2 27
62 3 43
62 4 18
62 5 18
62 6 13
62 7 36
62 8 17
62 9 28
62 10 26
62 11 38
62 12 36
62 13 30
62 14 30
62 15 19
62 16 34
62 17 19
62 18 45
62 19 61
62 20 19
62 21 27
62 22 32
62 23 34
62 24 33
62 25 26
62 26 23
62 27 4
62 28 15
62 29 34
62 30 31
62 31 26
62 32 36
62 33 27
62 34 16
62 35 31
62 36 38
62 37 21
62 38 22
62 39 3
62 40 38
62 41 24
62 42 17
62 43 57
62 44 29
62 45 28
62 46 17
62 47 50
62 48 35
62 49 28
62 50 27
62 51 26
62 52 18
62 53 26
62 54 33
62 55 32
62 56 36
62 57 20
62 58 13
62 59 58
62 60 28
62 61 16
62 62 -1
62 63 2
62 64 23
62 65 25
62 66 24
62 67 34
62 68 15
62 69 33
62 70 31
63 1 54
63 2 26
63 3 44
63 4 20
63 5 16
63 6 15
63 7 34
63 8 17
63 9 30
63 10 26
63 11 38
63 12 37
63 13 31
63 14 29
63 15 21
63 16 35
63 17 18
63 18 47
63 19 63
63 20 17
63 21 28
63 22 34
63 23 36
63 24 34
63 25 28
63 26 23
63 27 6
63 28 15
63 29 35
63 30 31
63 31 28
63 32 37
63 33 26
63 34 18
63 35 32
63 36 41
63 37 23
63 38 23
63 39 2
63 40 40
63 41 25
63 42 17
63 43 59
63 44 29
63 45 29
63 46 19
63 47 53
63 48 36
63 49 29
63 50 25
63 51 25
63 52 17
63 53 27
63 54 35
63 55 33
63 56 37
63 57 20
63 58 14
63 59 60
63 60 30
63 61 16
63 62 2
63 63 -1
63 64 21
63 65 25
63 66 23
63 67 35
63 68 16
63 69 34
63 70 29
64 1 76
64 2 26
64 3 62
64 4 41
64 5 6
64 6 36
64 7 19
64 8 27
64 9 49
64 10 37
64 11 47
64 12 54
64 13 46
64 14 35
64 15 42
64 16 47
64 17 20
64 18 67
64 19 85
64 20 18
64 21 43
64 22 55
64 23 53
64 24 47
64 25 48
64 26 33
64 27 27
64 28 25
64 29 54
64 30 40
64 31 48
64 32 49
64 33 29
64 34 38
64 35 44
64 36 61
64 37 42
64 38 38
64 39 20
64 40 62
64 41 43
64 42 29
64 43 80
64 44 32
64 45 41
64 46 41
64 47 74
64 48 47
64 49 45
64 50 10
64 51 26
64 52 19
64 53 37
64 54 56
64 55 49
64 56 55
64 57 28
64 58 31
64 59 82
64 60 51
64 61 31
64 62 23
64 63 21
64 64 -1
64 65 35
64 66 30
64 67 50
64 68 31
64 69 48
64 70 14
65 1 52
65 2 51
65 3 63
65 4 35
65 5 28
65 6 31
65 7 53
65 8 42
65 9 46
65 10 2
65 11 13
65 12 23
65 13 13
65 14 7
65 15 25
65 16 59
65 17 42
65 18 38
65 19 60
65 20 17
65 21 51
65 22 32
65 23 21
65 24 12
65 25 24
65 26 2
65 27 26
65 28 40
65 29 26
65 30 6
65 31 27
65 32 13
65 33 52
65 34 35
65 35 56
65 36 51
65 37 19
65 38 9
65 39 27
65 40 42
65 41 16
65 42 42
65 43 55
65 44 54
65 45 53
65 46 33
65 47 50
65 48 12
65 49 51
65 50 44
65 51 50
65 52 41
65 53 2
65 54 47
65 55 17
65 56 57
65 57 7
65 58 14
65 59 59
65 60 32
65 61 41
65 62 25
65 63 25
65 64 35
65 65 -1
65 66 49
65 67 57
65 68 10
65 69 14
65 70 48
66 1 65
66 2 8
66 3 35
66 4 28
66 5 30
66 6 25
66 7 27
66 8 7
66 9 29
66 10 50
66 11 62
66 12 58
66 13 53
66 14 53
66 15 38
66 16 18
66 17 9
66 18 64
66 19 74
66 20 39
66 21 16
66 22 50
66 23 57
66 24 57
66 25 46
66 26 47
66 27 24
66 28 8
66 29 54
66 30 55
66 31 44
66 32 60
66 33 5
66 34 24
66 35 15
66 36 43
66 37 43
66 38 45
66 39 21
66 40 51
66 41 47
66 42 8
66 43 71
66 44 6
66 45 12
66 46 29
66 47 64
66 48 59
66 49 18
66 50 25
66 51 6
66 52 11
66 53 50
66 54 37
66 55 55
66 56 29
66 57 43
66 58 36
66 59 70
66 60 44
66 61 10
66 62 24
66 63 23
66 64 30
66 65 49
66 66 -1
66 67 22
66 68 39
66 69 56
66 70 26
67 1 52
67 2 30
67 3 12
67 4 23
67 5 48
67 6 25
67 7 50
67 8 23
67 9 15
67 10 57
67 11 69
67 12 56
67 13 56
67 14 63
67 15 36
67 16 7
67 17 31
67 18 57
67 19 60
67 20 53
67 21 7
67 22 43
67 23 56
67 24 60
67 25 44
67 26 55
67 27 31
67 28 25
67 29 51
67 30 63
67 31 41
67 32 64
67 33 26
67 34 22
67 35 8
67 36 27
67 37 43
67 38 50
67 39 34
67 40 41
67 41 48
67 42 21
67 43 58
67 44 25
67 45 10
67 46 25
67 47 52
67 48 64
67 49 5
67 50 47
67 51 29
67 52 32
67 53 58
67 54 22
67 55 55
67 56 7
67 57 54
67 58 42
67 59 55
67 60 37
67 61 19
67 62 34
67 63 35
67 64 50
67 65 57
67 66 22
67 67 -1
67 68 46
67 69 59
67 70 48
68 1 48
68 2 42
68 3 53
68 4 25
68 5 24
68 6 21
68 7 47
68 8 32
68 9 36
68 10 11
68 11 23
68 12 23
68 13 15
68 14 16
68 15 17
68 16 48
68 17 34
68 18 36
68 19 56
68 20 16
68 21 40
68 22 26
68 23 21
68 24 18
68 25 18
68 26 9
68 27 16
68 28 31
68 29 24
68 30 16
68 31 20
68 32 21
68 33 42
68 34 25
68 35 46
68 36 42
68 37 13
68 38 7
68 39 18
68 40 35
68 41 12
68 42 32
68 43 51
68 44 45
68 45 42
68 46 23
68 47 46
68 48 20
68 49 41
68 50 38
68 51 41
68 52 33
68 53 11
68 54 38
68 55 18
68 56 46
68 57 9
68 58 4
68 59 54
68 60 25
68 61 31
68 62 15
68 63 16
68 64 31
68 65 10
68 66 39
68 67 46
68 68 -1
68 69 18
68 70 42
69 1 42
69 2 60
69 3 63
69 4 35
69 5 41
69 6 34
69 7 65
69 8 49
69 9 46
69 10 11
69 11 13
69 12 10
69 13 3
69 14 19
69 15 22
69 16 62
69 17 52
69 18 25
69 19 48
69 20 31
69 21 54
69 22 23
69 23 8
69 24 3
69 25 17
69 26 15
69 27 32
69 28 48
69 29 15
69 30 12
69 31 20
69 32 6
69 33 60
69 34 37
69 35 60
69 36 46
69 37 15
69 38 11
69 39 36
69 40 33
69 41 10
69 42 48
69 43 43
69 44 62
69 45 57
69 46 33
69 47 39
69 48 7
69 49 54
69 50 56
69 51 59
69 52 51
69 53 12
69 54 44
69 55 5
69 56 57
69 57 20
69 58 20
69 59 48
69 60 26
69 61 47
69 62 33
69 63 34
69 64 48
69 65 14
69 66 56
69 67 59
69 68 18
69 69 -1
69 70 60
70 1 83
70 2 19
70 3 61
70 4 46
70 5 20
70 6 41
70 7 5
70 8 26
70 9 51
70 10 50
70 11 61
70 12 66
70 13 58
70 14 49
70 15 51
70 16 44
70 17 18
70 18 77
70 19 92
70 20 32
70 21 41
70 22 64
70 23 64
70 24 59
70 25 57
70 26 46
70 27 34
70 28 25
70 29 65
70 30 54
70 31 57
70 32 62
70 33 23
70 34 43
70 35 41
70 36 65
70 37 52
70 38 49
70 39 27
70 40 69
70 41 54
70 42 28
70 43 88
70 44 25
70 45 38
70 46 46
70 47 82
70 48 61
70 49 44
70 50 4
70 51 20
70 52 17
70 53 50
70 54 59
70 55 61
70 56 54
70 57 41
70 58 42
70 59 89
70 60 59
70 61 31
70 62 31
70 63 29
70 64 14
70 65 48
70 66 26
70 67 48
70 68 42
70 69 60
70 70 -1
