24 32
24 65
24 69
24 38
24 41
24 10
24 11
24 12
24 13
24 48
24 53
24 55
24 23
24 26
24 30
69 32
69 38
69 41
69 10
69 11
69 12
69 13
69 48
69 53
69 55
69 23
69 24
69 30
19 1
19 43
19 59
19 47
61 66
61 8
61 42
61 45
61 17
61 52
61 21
61 28
4 34
4 6
4 9
4 46
4 15
26 65
26 68
26 38
26 10
26 14
26 53
26 24
26 57
26 58
26 30
33 2
33 66
33 8
33 42
33 44
33 17
33 51
33 52
33 28
27 34
27 6
27 39
27 46
27 58
27 62
27 63
17 33
17 2
17 66
17 8
17 42
17 44
17 51
17 52
17 28
17 61
62 6
62 39
62 58
62 27
62 63
45 66
45 35
45 67
45 8
45 42
45 16
45 49
45 21
45 61
42 33
42 66
42 8
42 45
42 17
42 51
42 52
42 28
42 61
52 33
52 2
52 66
52 8
52 42
52 17
52 51
52 28
52 61
3 56
3 67
57 65
57 58
57 68
57 38
57 10
57 14
57 20
57 53
57 26
57 30
51 33
51 2
51 66
51 8
51 42
51 44
51 17
51 52
51 28
11 32
11 65
11 69
11 10
11 14
11 48
11 53
11 24
11 30
36 54
14 65
14 10
14 11
14 53
14 57
14 26
14 30
12 69
12 41
12 13
12 55
12 23
12 24
12 25
12 29
23 69
23 41
23 12
23 13
23 55
23 24
23 25
23 29
10 32
10 65
10 68
10 69
10 38
10 11
10 13
10 14
10 48
10 53
10 24
10 57
10 26
10 30
30 32
30 65
30 69
30 38
30 10
30 11
30 13
30 14
30 48
30 53
30 24
30 57
30 26
20 57
20 5
37 68
37 38
37 41
37 13
37 15
37 22
37 55
37 25
37 58
37 60
37 29
37 31
65 32
65 68
65 38
65 10
65 11
65 13
65 14
65 48
65 53
65 24
65 57
65 26
65 30
2 33
2 66
2 8
2 44
2 17
2 51
2 52
2 28
64 50
64 5
28 33
28 2
28 66
28 39
28 8
28 42
28 17
28 51
28 52
28 61
66 33
66 2
66 8
66 42
66 44
66 45
66 17
66 51
66 52
66 28
66 61
16 67
16 35
16 45
16 49
16 21
55 32
55 37
55 38
55 69
55 41
55 12
55 13
55 48
55 23
55 24
55 25
55 29
40 60
40 22
40 47
7 50
7 70
67 35
67 3
67 45
67 16
67 49
67 21
67 56
