1 1 -1
1 2 12
1 3 5
1 4 20
1 5 13
1 6 2
1 7 6
1 8 3
1 9 13
1 10 10
1 11 10
1 12 18
1 13 17
1 14 12
1 15 11
1 16 14
1 17 14
1 18 20
1 19 12
1 20 7
1 21 7
1 22 14
1 23 13
2 1 12
2 2 -1
2 3 17
2 4 12
2 5 3
2 6 10
2 7 9
2 8 15
2 9 3
2 10 6
2 11 3
2 12 17
2 13 23
2 14 4
2 15 16
2 16 8
2 17 19
2 18 12
2 19 2
2 20 6
2 21 5
2 22 6
2 23 1
3 1 5
3 2 17
3 3 -1
3 4 23
3 5 18
3 6 7
3 7 9
3 8 5
3 9 17
3 10 13
3 11 15
3 12 18
3 13 15
3 14 16
3 15 10
3 16 19
3 17 13
3 18 22
3 19 17
3 20 12
3 21 12
3 22 18
3 23 17
4 1 20
4 2 12
4 3 23
4 4 -1
4 5 9
4 6 18
4 7 14
4 8 24
4 9 9
4 10 10
4 11 15
4 12 11
4 13 21
4 14 8
4 15 16
4 16 20
4 17 18
4 18 1
4 19 14
4 20 17
4 21 14
4 22 6
4 23 11
5 1 13
5 2 3
5 3 18
5 4 9
5 5 -1
5 6 11
5 7 9
5 8 17
5 9 1
5 10 5
5 11 6
5 12 14
5 13 21
5 14 2
5 15 15
5 16 11
5 17 18
5 18 9
5 19 5
5 20 8
5 21 6
5 22 3
5 23 2
6 1 2
6 2 10
6 3 7
6 4 18
6 5 11
6 6 -1
6 7 5
6 8 5
6 9 10
6 10 8
6 11 8
6 12 17
6 13 18
6 14 10
6 15 11
6 16 13
6 17 14
6 18 18
6 19 10
6 20 5
6 21 5
6 22 12
6 23 10
7 1 6
7 2 9
7 3 9
7 4 14
7 5 9
7 6 5
7 7 -1
7 8 10
7 9 8
7 10 4
7 11 8
7 12 12
7 13 14
7 14 7
7 15 7
7 16 14
7 17 11
7 18 13
7 19 9
7 20 7
7 21 5
7 22 8
7 23 9
8 1 3
8 2 15
8 3 5
8 4 24
8 5 17
8 6 5
8 7 10
8 8 -1
8 9 16
8 10 14
8 11 12
8 12 21
8 13 19
8 14 16
8 15 14
8 16 16
8 17 17
8 18 23
8 19 14
8 20 9
8 21 10
8 22 18
8 23 16
9 1 13
9 2 3
9 3 17
9 4 9
9 5 1
9 6 10
9 7 8
9 8 16
9 9 -1
9 10 4
9 11 6
9 12 14
9 13 21
9 14 1
9 15 14
9 16 11
9 17 17
9 18 9
9 19 5
9 20 8
9 21 5
9 22 3
9 23 2
10 1 10
10 2 6
10 3 13
10 4 10
10 5 5
10 6 8
10 7 4
10 8 14
10 9 4
10 10 -1
10 11 7
10 12 11
10 13 17
10 14 3
10 15 10
10 16 13
10 17 13
10 18 9
10 19 7
10 20 8
10 21 5
10 22 4
10 23 5
11 1 10
11 2 3
11 3 15
11 4 15
11 5 6
11 6 8
11 7 8
11 8 12
11 9 6
11 10 7
11 11 -1
11 12 18
11 13 23
11 14 7
11 15 16
11 16 6
11 17 19
11 18 15
11 19 2
11 20 3
11 21 3
11 22 9
11 23 4
12 1 18
12 2 17
12 3 18
12 4 11
12 5 14
12 6 17
12 7 12
12 8 21
12 9 14
12 10 11
12 11 18
12 12 -1
12 13 10
12 14 12
12 15 8
12 16 25
12 17 8
12 18 10
12 19 18
12 20 18
12 21 15
12 22 12
12 23 16
13 1 17
13 2 23
13 3 15
13 4 21
13 5 21
13 6 18
13 7 14
13 8 19
13 9 21
13 10 17
13 11 23
13 12 10
13 13 -1
13 14 19
13 15 7
13 16 29
13 17 3
13 18 20
13 19 24
13 20 21
13 21 19
13 22 19
13 23 22
14 1 12
14 2 4
14 3 16
14 4 8
14 5 2
14 6 10
14 7 7
14 8 16
14 9 1
14 10 3
14 11 7
14 12 12
14 13 19
14 14 -1
14 15 13
14 16 12
14 17 16
14 18 8
14 19 6
14 20 8
14 21 5
14 22 2
14 23 3
15 1 11
15 2 16
15 3 10
15 4 16
15 5 15
15 6 11
15 7 7
15 8 14
15 9 14
15 10 10
15 11 16
15 12 8
15 13 7
15 14 13
15 15 -1
15 16 22
15 17 3
15 18 15
15 19 17
15 20 14
15 21 12
15 22 14
15 23 16
16 1 14
16 2 8
16 3 19
16 4 20
16 5 11
16 6 13
16 7 14
16 8 16
16 9 11
16 10 13
16 11 6
16 12 25
16 13 29
16 14 12
16 15 22
16 16 -1
16 17 26
16 18 20
16 19 6
16 20 8
16 21 9
16 22 14
16 23 9
17 1 14
17 2 19
17 3 13
17 4 18
17 5 18
17 6 14
17 7 11
17 8 17
17 9 17
17 10 13
17 11 19
17 12 8
17 13 3
17 14 16
17 15 3
17 16 26
17 17 -1
17 18 17
17 19 20
17 20 18
17 21 16
17 22 16
17 23 19
18 1 20
18 2 12
18 3 22
18 4 1
18 5 9
18 6 18
18 7 13
18 8 23
18 9 9
18 10 9
18 11 15
18 12 10
18 13 20
18 14 8
18 15 15
18 16 20
18 17 17
18 18 -1
18 19 14
18 20 16
18 21 13
18 22 6
18 23 11
19 1 12
19 2 2
19 3 17
19 4 14
19 5 5
19 6 10
19 7 9
19 8 14
19 9 5
19 10 7
19 11 2
19 12 18
19 13 24
19 14 6
19 15 17
19 16 6
19 17 20
19 18 14
19 19 -1
19 20 5
19 21 5
19 22 8
19 23 3
20 1 7
20 2 6
20 3 12
20 4 17
20 5 8
20 6 5
20 7 7
20 8 9
20 9 8
20 10 8
20 11 3
20 12 18
20 13 21
20 14 8
20 15 14
20 16 8
20 17 18
20 18 16
20 19 5
20 20 -1
20 21 3
20 22 10
20 23 7
21 1 7
21 2 5
21 3 12
21 4 14
21 5 6
21 6 5
21 7 5
21 8 10
21 9 5
21 10 5
21 11 3
21 12 15
21 13 19
21 14 5
21 15 12
21 16 9
21 17 16
21 18 13
21 19 5
21 20 3
21 21 -1
21 22 8
21 23 5
22 1 14
22 2 6
22 3 18
22 4 6
22 5 3
22 6 12
22 7 8
22 8 18
22 9 3
22 10 4
22 11 9
22 12 12
22 13 19
22 14 2
22 15 14
22 16 14
22 17 16
22 18 6
22 19 8
22 20 10
22 21 8
22 22 -1
22 23 5
23 1 13
23 2 1
23 3 17
23 4 11
23 5 2
23 6 10
23 7 9
23 8 16
23 9 2
23 10 5
23 11 4
23 12 16
23 13 22
23 14 3
23 15 16
23 16 9
23 17 19
23 18 11
23 19 3
23 20 7
23 21 5
23 22 5
23 23 -1
