1 1 -1
1 2 84
1 3 65
1 4 7
1 5 37
1 6 44
1 7 66
1 8 30
1 9 37
1 10 29
1 11 24
1 12 48
1 13 39
1 14 36
1 15 35
1 16 59
1 17 40
1 18 34
1 19 47
1 20 4
1 21 49
1 22 45
1 23 59
1 24 42
1 25 18
1 26 37
1 27 54
1 28 5
1 29 37
1 30 15
1 31 18
1 32 36
1 33 43
1 34 49
1 35 53
1 36 19
1 37 73
1 38 42
1 39 55
1 40 53
1 41 63
1 42 40
1 43 62
1 44 24
1 45 29
1 46 52
1 47 49
1 48 42
1 49 60
1 50 69
1 51 40
1 52 58
1 53 48
1 54 72
1 55 43
1 56 52
1 57 46
1 58 70
1 59 83
1 60 13
1 61 39
1 62 17
1 63 70
1 64 9
1 65 21
1 66 50
1 67 43
1 68 74
1 69 8
1 70 45
2 1 84
2 2 -1
2 3 18
2 4 82
2 5 50
2 6 60
2 7 41
2 8 53
2 9 57
2 10 57
2 11 71
2 12 62
2 13 48
2 14 49
2 15 54
2 16 32
2 17 47
2 18 57
2 19 63
2 20 80
2 21 37
2 22 42
2 23 66
2 24 54
2 25 73
2 26 61
2 27 65
2 28 79
2 29 70
2 30 70
2 31 68
2 32 59
2 33 46
2 34 47
2 35 33
2 36 65
2 37 16
2 38 59
2 39 45
2 40 38
2 41 54
2 42 50
2 43 57
2 44 60
2 45 68
2 46 39
2 47 45
2 48 54
2 49 25
2 50 15
2 51 55
2 52 26
2 53 63
2 54 22
2 55 41
2 56 51
2 57 42
2 58 24
2 59 4
2 60 72
2 61 47
2 62 66
2 63 33
2 64 80
2 65 63
2 66 47
2 67 64
2 68 10
2 69 77
2 70 68
3 1 65
3 2 18
3 3 -1
3 4 64
3 5 32
3 6 44
3 7 30
3 8 35
3 9 42
3 10 40
3 11 53
3 12 47
3 13 32
3 14 32
3 15 36
3 16 21
3 17 31
3 18 41
3 19 48
3 20 62
3 21 19
3 22 24
3 23 52
3 24 37
3 25 55
3 26 43
3 27 54
3 28 60
3 29 53
3 30 53
3 31 50
3 32 42
3 33 31
3 34 34
3 35 15
3 36 47
3 37 14
3 38 46
3 39 34
3 40 23
3 41 42
3 42 34
3 43 44
3 44 42
3 45 50
3 46 26
3 47 29
3 48 40
3 49 7
3 50 7
3 51 41
3 52 7
3 53 51
3 54 15
3 55 22
3 56 37
3 57 24
3 58 20
3 59 17
3 60 53
3 61 30
3 62 48
3 63 24
3 64 61
3 65 45
3 66 35
3 67 48
3 68 8
3 69 59
3 70 52
4 1 7
4 2 82
4 3 64
4 4 -1
4 5 34
4 6 38
4 7 62
4 8 29
4 9 41
4 10 30
4 11 18
4 12 42
4 13 41
4 14 36
4 15 31
4 16 60
4 17 42
4 18 37
4 19 41
4 20 5
4 21 47
4 22 42
4 23 53
4 24 37
4 25 12
4 26 31
4 27 58
4 28 7
4 29 30
4 30 19
4 31 22
4 32 30
4 33 44
4 34 51
4 35 50
4 36 21
4 37 72
4 38 46
4 39 58
4 40 50
4 41 57
4 42 42
4 43 56
4 44 21
4 45 23
4 46 54
4 47 44
4 48 45
4 49 58
4 50 68
4 51 43
4 52 56
4 53 52
4 54 69
4 55 41
4 56 47
4 57 43
4 58 70
4 59 81
4 60 10
4 61 40
4 62 17
4 63 66
4 64 3
4 65 19
4 66 52
4 67 37
4 68 72
4 69 5
4 70 39
5 1 37
5 2 50
5 3 32
5 4 34
5 5 -1
5 6 17
5 7 30
5 8 10
5 9 35
5 10 25
5 11 21
5 12 22
5 13 26
5 14 21
5 15 4
5 16 37
5 17 27
5 18 31
5 19 22
5 20 33
5 21 13
5 22 8
5 23 33
5 24 10
5 25 23
5 26 13
5 27 55
5 28 32
5 29 23
5 30 30
5 31 29
5 32 11
5 33 29
5 34 38
5 35 17
5 36 25
5 37 44
5 38 41
5 39 42
5 40 16
5 41 30
5 42 29
5 43 30
5 44 13
5 45 18
5 46 34
5 47 12
5 48 36
5 49 25
5 50 38
5 51 36
5 52 25
5 53 49
5 54 35
5 55 13
5 56 18
5 57 9
5 58 45
5 59 48
5 60 24
5 61 24
5 62 22
5 63 32
5 64 31
5 65 16
5 66 39
5 67 20
5 68 40
5 69 29
5 70 25
6 1 44
6 2 60
6 3 44
6 4 38
6 5 17
6 6 -1
6 7 27
6 8 26
6 9 52
6 10 41
6 11 20
6 12 5
6 13 43
6 14 39
6 15 14
6 16 53
6 17 44
6 18 48
6 19 5
6 20 40
6 21 26
6 22 21
6 23 17
6 24 7
6 25 26
6 26 7
6 27 72
6 28 40
6 29 11
6 30 42
6 31 42
6 32 8
6 33 47
6 34 55
6 35 29
6 36 38
6 37 58
6 38 58
6 39 60
6 40 21
6 41 19
6 42 47
6 43 18
6 44 25
6 45 15
6 46 52
6 47 15
6 48 54
6 49 37
6 50 51
6 51 53
6 52 39
6 53 66
6 54 40
6 55 29
6 56 10
6 57 21
6 58 60
6 59 57
6 60 31
6 61 41
6 62 33
6 63 33
6 64 35
6 65 27
6 66 56
6 67 4
6 68 50
6 69 36
6 70 8
7 1 66
7 2 41
7 3 30
7 4 62
7 5 30
7 6 27
7 7 -1
7 8 40
7 9 60
7 10 52
7 11 45
7 12 26
7 13 49
7 14 47
7 15 31
7 16 49
7 17 50
7 18 57
7 19 27
7 20 62
7 21 23
7 22 24
7 23 25
7 24 25
7 25 50
7 26 31
7 27 77
7 28 62
7 29 38
7 30 60
7 31 59
7 32 31
7 33 51
7 34 57
7 35 23
7 36 55
7 37 45
7 38 66
7 39 60
7 40 15
7 41 13
7 42 53
7 43 16
7 44 43
7 45 40
7 46 51
7 47 18
7 48 60
7 49 26
7 50 38
7 51 60
7 52 30
7 53 73
7 54 19
7 55 32
7 56 16
7 57 23
7 58 50
7 59 37
7 60 53
7 61 47
7 62 52
7 63 8
7 64 59
7 65 46
7 66 59
7 67 30
7 68 31
7 69 58
7 70 32
8 1 30
8 2 53
8 3 35
8 4 29
8 5 10
8 6 26
8 7 40
8 8 -1
8 9 25
8 10 14
8 11 22
8 12 31
8 13 18
8 14 13
8 15 12
8 16 33
8 17 18
8 18 21
8 19 31
8 20 27
8 21 19
8 22 16
8 23 43
8 24 20
8 25 21
8 26 20
8 27 45
8 28 25
8 29 29
8 30 20
8 31 19
8 32 18
8 33 21
8 34 30
8 35 22
8 36 15
8 37 44
8 38 31
8 39 35
8 40 25
8 41 40
8 42 21
8 43 41
8 44 7
8 45 21
8 46 29
8 47 22
8 48 27
8 49 29
8 50 39
8 51 26
8 52 27
8 53 39
8 54 41
8 55 12
8 56 29
8 57 17
8 58 43
8 59 52
8 60 18
8 61 16
8 62 13
8 63 41
8 64 26
8 65 10
8 66 31
8 67 29
8 68 43
8 69 24
8 70 33
9 1 37
9 2 57
9 3 42
9 4 41
9 5 35
9 6 52
9 7 60
9 8 25
9 9 -1
9 10 12
9 11 44
9 12 57
9 13 11
9 14 13
9 15 37
9 16 26
9 17 11
9 18 4
9 19 57
9 20 36
9 21 37
9 22 37
9 23 68
9 24 46
9 25 40
9 26 46
9 27 20
9 28 34
9 29 53
9 30 22
9 31 19
9 32 44
9 33 11
9 34 12
9 35 38
9 36 20
9 37 42
9 38 6
9 39 18
9 40 45
9 41 64
9 42 8
9 43 65
9 44 29
9 45 45
9 46 18
9 47 45
9 48 4
9 49 40
9 50 42
9 51 2
9 52 36
9 53 14
9 54 55
9 55 27
9 56 53
9 57 38
9 58 37
9 59 58
9 60 33
9 61 13
9 62 25
9 63 59
9 64 40
9 65 29
9 66 13
9 67 54
9 68 50
9 69 36
9 70 59
10 1 29
10 2 57
10 3 40
10 4 30
10 5 25
10 6 41
10 7 52
10 8 14
10 9 12
10 10 -1
10 11 31
10 12 46
10 13 10
10 14 8
10 15 26
10 16 30
10 17 11
10 18 7
10 19 46
10 20 26
10 21 30
10 22 28
10 23 57
10 24 35
10 25 28
10 26 34
10 27 32
10 28 24
10 29 41
10 30 13
10 31 10
10 32 32
10 33 14
10 34 21
10 35 32
10 36 9
10 37 45
10 38 18
10 39 27
10 40 37
10 41 55
10 42 11
10 43 55
10 44 17
10 45 33
10 46 23
10 47 36
10 48 15
10 49 36
10 50 42
10 51 13
10 52 33
10 53 26
10 54 50
10 55 21
10 56 43
10 57 29
10 58 41
10 59 57
10 60 22
10 61 11
10 62 14
10 63 53
10 64 29
10 65 17
10 66 22
10 67 43
10 68 49
10 69 25
10 70 47
11 1 24
11 2 71
11 3 53
11 4 18
11 5 21
11 6 20
11 7 45
11 8 22
11 9 44
11 10 31
11 11 -1
11 12 24
11 13 39
11 14 34
11 15 17
11 16 55
11 17 40
11 18 39
11 19 23
11 20 20
11 21 34
11 22 29
11 23 35
11 24 20
11 25 6
11 26 13
11 27 63
11 28 21
11 29 13
11 30 26
11 31 28
11 32 13
11 33 43
11 34 51
11 35 38
11 36 25
11 37 64
11 38 50
11 39 57
11 40 35
11 41 39
11 42 41
11 43 38
11 44 15
11 45 5
11 46 51
11 47 29
11 48 47
11 49 46
11 50 59
11 51 45
11 52 46
11 53 57
11 54 55
11 55 32
11 56 29
11 57 30
11 58 64
11 59 69
11 60 13
11 61 38
11 62 19
11 63 50
11 64 15
11 65 14
11 66 52
11 67 19
11 68 61
11 69 16
11 70 21
12 1 48
12 2 62
12 3 47
12 4 42
12 5 22
12 6 5
12 7 26
12 8 31
12 9 57
12 10 46
12 11 24
12 12 -1
12 13 48
12 14 44
12 15 19
12 16 57
12 17 49
12 18 53
12 19 1
12 20 44
12 21 29
12 22 25
12 23 12
12 24 11
12 25 30
12 26 12
12 27 77
12 28 44
12 29 13
12 30 47
12 31 47
12 32 13
12 33 51
12 34 60
12 35 32
12 36 43
12 37 61
12 38 63
12 39 64
12 40 24
12 41 16
12 42 52
12 43 14
12 44 30
12 45 19
12 46 56
12 47 18
12 48 58
12 49 40
12 50 54
12 51 58
12 52 42
12 53 71
12 54 41
12 55 34
12 56 10
12 57 24
12 58 63
12 59 59
12 60 35
12 61 46
12 62 38
12 63 33
12 64 39
12 65 32
12 66 61
12 67 5
12 68 51
12 69 40
12 70 5
13 1 39
13 2 48
13 3 32
13 4 41
13 5 26
13 6 43
13 7 49
13 8 18
13 9 11
13 10 10
13 11 39
13 12 48
13 13 -1
13 14 5
13 15 29
13 16 19
13 17 1
13 18 9
13 19 48
13 20 37
13 21 26
13 22 26
13 23 59
13 24 37
13 25 37
13 26 38
13 27 29
13 28 35
13 29 47
13 30 24
13 31 21
13 32 36
13 33 4
13 34 12
13 35 26
13 36 20
13 37 34
13 38 16
13 39 18
13 40 34
13 41 54
13 42 3
13 43 55
13 44 24
13 45 39
13 46 13
13 47 35
13 48 10
13 49 29
13 50 32
13 51 10
13 52 25
13 53 23
13 54 44
13 55 17
13 56 43
13 57 27
13 58 30
13 59 48
13 60 31
13 61 2
13 62 23
13 63 48
13 64 39
13 65 25
13 66 13
13 67 46
13 68 40
13 69 35
13 70 51
14 1 36
14 2 49
14 3 32
14 4 36
14 5 21
14 6 39
14 7 47
14 8 13
14 9 13
14 10 8
14 11 34
14 12 44
14 13 5
14 14 -1
14 15 24
14 16 23
14 17 6
14 18 10
14 19 44
14 20 33
14 21 23
14 22 23
14 23 55
14 24 32
14 25 32
14 26 33
14 27 33
14 28 31
14 29 42
14 30 21
14 31 18
14 32 31
14 33 9
14 34 17
14 35 25
14 36 16
14 37 37
14 38 20
14 39 23
14 40 31
14 41 50
14 42 8
14 43 51
14 44 19
14 45 34
14 46 17
14 47 31
14 48 14
14 49 28
14 50 34
14 51 14
14 52 25
14 53 27
14 54 43
14 55 14
14 56 40
14 57 24
14 58 34
14 59 49
14 60 26
14 61 4
14 62 19
14 63 46
14 64 34
14 65 20
14 66 18
14 67 41
14 68 41
14 69 31
14 70 46
15 1 35
15 2 54
15 3 36
15 4 31
15 5 4
15 6 14
15 7 31
15 8 12
15 9 37
15 10 26
15 11 17
15 12 19
15 13 29
15 14 24
15 15 -1
15 16 41
15 17 30
15 18 33
15 19 19
15 20 31
15 21 17
15 22 12
15 23 31
15 24 8
15 25 20
15 26 9
15 27 57
15 28 30
15 29 19
15 30 29
15 31 29
15 32 7
15 33 32
15 34 41
15 35 21
15 36 25
15 37 48
15 38 43
15 39 46
15 40 18
15 41 29
15 42 32
15 43 29
15 44 12
15 45 13
15 46 38
15 47 13
15 48 39
15 49 29
15 50 42
15 51 38
15 52 29
15 53 51
15 54 38
15 55 17
15 56 18
15 57 12
15 58 49
15 59 52
15 60 21
15 61 27
15 62 21
15 63 34
15 64 28
15 65 15
15 66 42
15 67 17
15 68 44
15 69 27
15 70 21
16 1 59
16 2 32
16 3 21
16 4 60
16 5 37
16 6 53
16 7 49
16 8 33
16 9 26
16 10 30
16 11 55
16 12 57
16 13 19
16 14 23
16 15 41
16 16 -1
16 17 18
16 18 26
16 19 58
16 20 56
16 21 29
16 22 32
16 23 66
16 24 46
16 25 54
16 26 50
16 27 33
16 28 54
16 29 60
16 30 43
16 31 40
16 32 48
16 33 16
16 34 14
16 35 27
16 36 39
16 37 17
16 38 27
16 39 13
16 40 36
16 41 58
16 42 19
16 43 60
16 44 40
16 45 54
16 46 7
16 47 40
16 48 22
16 49 23
16 50 18
16 51 24
16 52 19
16 53 31
16 54 36
16 55 24
16 56 50
16 57 33
16 58 11
16 59 34
16 60 49
16 61 19
16 62 42
16 63 45
16 64 57
16 65 42
16 66 15
16 67 57
16 68 28
16 69 54
16 70 61
17 1 40
17 2 47
17 3 31
17 4 42
17 5 27
17 6 44
17 7 50
17 8 18
17 9 11
17 10 11
17 11 40
17 12 49
17 13 1
17 14 6
17 15 30
17 16 18
17 17 -1
17 18 9
17 19 49
17 20 38
17 21 26
17 22 27
17 23 60
17 24 37
17 25 38
17 26 39
17 27 28
17 28 36
17 29 48
17 30 25
17 31 22
17 32 37
17 33 3
17 34 11
17 35 27
17 36 21
17 37 34
17 38 16
17 39 17
17 40 34
17 41 55
17 42 3
17 43 56
17 44 25
17 45 40
17 46 12
17 47 35
17 48 10
17 49 29
17 50 32
17 51 10
17 52 25
17 53 23
17 54 44
17 55 17
17 56 44
17 57 28
17 58 29
17 59 48
17 60 32
17 61 2
17 62 24
17 63 48
17 64 40
17 65 26
17 66 12
17 67 47
17 68 40
17 69 36
17 70 51
18 1 34
18 2 57
18 3 41
18 4 37
18 5 31
18 6 48
18 7 57
18 8 21
18 9 4
18 10 7
18 11 39
18 12 53
18 13 9
18 14 10
18 15 33
18 16 26
18 17 9
18 18 -1
18 19 53
18 20 32
18 21 33
18 22 33
18 23 64
18 24 41
18 25 35
18 26 41
18 27 24
18 28 30
18 29 49
18 30 18
18 31 15
18 32 39
18 33 10
18 34 15
18 35 35
18 36 16
18 37 43
18 38 10
18 39 21
18 40 42
18 41 60
18 42 7
18 43 61
18 44 25
18 45 40
18 46 19
18 47 41
18 48 8
18 49 38
18 50 41
18 51 6
18 52 34
18 53 18
18 54 53
18 55 24
18 56 49
18 57 34
18 58 38
18 59 57
18 60 29
18 61 11
18 62 21
18 63 56
18 64 36
18 65 24
18 66 15
18 67 50
18 68 50
18 69 32
18 70 54
19 1 47
19 2 63
19 3 48
19 4 41
19 5 22
19 6 5
19 7 27
19 8 31
19 9 57
19 10 46
19 11 23
19 12 1
19 13 48
19 14 44
19 15 19
19 16 58
19 17 49
19 18 53
19 19 -1
19 20 43
19 21 30
19 22 25
19 23 12
19 24 12
19 25 29
19 26 11
19 27 77
19 28 43
19 29 11
19 30 46
19 31 47
19 32 13
19 33 52
19 34 60
19 35 33
19 36 43
19 37 62
19 38 63
19 39 65
19 40 25
19 41 17
19 42 52
19 43 15
19 44 29
19 45 18
19 46 56
19 47 19
19 48 59
19 49 41
19 50 55
19 51 58
19 52 43
19 53 71
19 54 43
19 55 34
19 56 12
19 57 25
19 58 64
19 59 60
19 60 35
19 61 46
19 62 38
19 63 34
19 64 38
19 65 31
19 66 61
19 67 4
19 68 53
19 69 39
19 70 4
20 1 4
20 2 80
20 3 62
20 4 5
20 5 33
20 6 40
20 7 62
20 8 27
20 9 36
20 10 26
20 11 20
20 12 44
20 13 37
20 14 33
20 15 31
20 16 56
20 17 38
20 18 32
20 19 43
20 20 -1
20 21 45
20 22 41
20 23 55
20 24 38
20 25 14
20 26 33
20 27 53
20 28 2
20 29 33
20 30 14
20 31 17
20 32 32
20 33 40
20 34 47
20 35 49
20 36 17
20 37 70
20 38 41
20 39 53
20 40 49
20 41 59
20 42 37
20 43 58
20 44 20
20 45 25
20 46 50
20 47 44
20 48 40
20 49 56
20 50 65
20 51 38
20 52 54
20 53 47
20 54 68
20 55 39
20 56 48
20 57 42
20 58 67
20 59 79
20 60 9
20 61 37
20 62 14
20 63 66
20 64 6
20 65 17
20 66 48
20 67 39
20 68 70
20 69 4
20 70 42
21 1 49
21 2 37
21 3 19
21 4 47
21 5 13
21 6 26
21 7 23
21 8 19
21 9 37
21 10 30
21 11 34
21 12 29
21 13 26
21 14 23
21 15 17
21 16 29
21 17 26
21 18 33
21 19 30
21 20 45
21 21 -1
21 22 5
21 23 37
21 24 19
21 25 36
21 26 24
21 27 54
21 28 44
21 29 34
21 30 39
21 31 37
21 32 23
21 33 27
21 34 34
21 35 3
21 36 33
21 37 32
21 38 42
21 39 38
21 40 8
21 41 29
21 42 29
21 43 31
21 44 25
21 45 31
21 46 29
21 47 11
21 48 36
21 49 12
21 50 25
21 51 36
21 52 13
21 53 49
21 54 22
21 55 9
21 56 21
21 57 5
21 58 34
21 59 35
21 60 36
21 61 23
21 62 32
21 63 23
21 64 44
21 65 28
21 66 36
21 67 30
21 68 26
21 69 42
21 70 34
22 1 45
22 2 42
22 3 24
22 4 42
22 5 8
22 6 21
22 7 24
22 8 16
22 9 37
22 10 28
22 11 29
22 12 25
22 13 26
22 14 23
22 15 12
22 16 32
22 17 27
22 18 33
22 19 25
22 20 41
22 21 5
22 22 -1
22 23 34
22 24 14
22 25 31
22 26 19
22 27 55
22 28 40
22 29 29
22 30 36
22 31 35
22 32 17
22 33 29
22 34 36
22 35 8
22 36 31
22 37 37
22 38 43
22 39 40
22 40 9
22 41 27
22 42 30
22 43 29
22 44 21
22 45 25
22 46 31
22 47 8
22 48 37
22 49 17
22 50 30
22 51 37
22 52 18
22 53 50
22 54 26
22 55 9
22 56 17
22 57 1
22 58 39
22 59 40
22 60 32
22 61 24
22 62 29
22 63 25
22 64 39
22 65 24
22 66 38
22 67 25
22 68 31
22 69 38
22 70 29
23 1 59
23 2 66
23 3 52
23 4 53
23 5 33
23 6 17
23 7 25
23 8 43
23 9 68
23 10 57
23 11 35
23 12 12
23 13 59
23 14 55
23 15 31
23 16 66
23 17 60
23 18 64
23 19 12
23 20 55
23 21 37
23 22 34
23 23 -1
23 24 22
23 25 41
23 26 24
23 27 88
23 28 56
23 29 23
23 30 59
23 31 59
23 32 25
23 33 62
23 34 70
23 35 39
23 36 55
23 37 67
23 38 75
23 39 74
23 40 30
23 41 12
23 42 62
23 43 9
23 44 42
23 45 30
23 46 66
23 47 25
23 48 70
23 49 46
23 50 60
23 51 69
23 52 49
23 53 82
23 54 44
23 55 43
23 56 16
23 57 33
23 58 71
23 59 62
23 60 47
23 61 57
23 62 50
23 63 33
23 64 50
23 65 44
23 66 72
23 67 16
23 68 56
23 69 51
23 70 14
24 1 42
24 2 54
24 3 37
24 4 37
24 5 10
24 6 7
24 7 25
24 8 20
24 9 46
24 10 35
24 11 20
24 12 11
24 13 37
24 14 32
24 15 8
24 16 46
24 17 37
24 18 41
24 19 12
24 20 38
24 21 19
24 22 14
24 23 22
24 24 -1
24 25 25
24 26 7
24 27 65
24 28 38
24 29 16
24 30 38
24 31 37
24 32 6
24 33 40
24 34 48
24 35 22
24 36 33
24 37 51
24 38 52
24 39 53
24 40 16
24 41 21
24 42 40
24 43 20
24 44 20
24 45 15
24 46 44
24 47 9
24 48 47
24 49 30
24 50 44
24 51 46
24 52 32
24 53 60
24 54 35
24 55 22
24 56 10
24 57 14
24 58 53
24 59 51
24 60 29
24 61 35
24 62 29
24 63 30
24 64 34
24 65 23
24 66 49
24 67 11
24 68 44
24 69 34
24 70 15
25 1 18
25 2 73
25 3 55
25 4 12
25 5 23
25 6 26
25 7 50
25 8 21
25 9 40
25 10 28
25 11 6
25 12 30
25 13 37
25 14 32
25 15 20
25 16 54
25 17 38
25 18 35
25 19 29
25 20 14
25 21 36
25 22 31
25 23 41
25 24 25
25 25 -1
25 26 19
25 27 59
25 28 14
25 29 19
25 30 21
25 31 23
25 32 18
25 33 41
25 34 49
25 35 40
25 36 20
25 37 65
25 38 46
25 39 55
25 40 38
25 41 45
25 42 39
25 43 44
25 44 13
25 45 11
25 46 49
25 47 33
25 48 43
25 49 48
25 50 60
25 51 41
25 52 47
25 53 53
25 54 58
25 55 33
25 56 34
25 57 32
25 58 64
25 59 71
25 60 7
25 61 36
25 62 14
25 63 54
25 64 9
25 65 12
25 66 50
25 67 25
25 68 63
25 69 10
25 70 27
26 1 37
26 2 61
26 3 43
26 4 31
26 5 13
26 6 7
26 7 31
26 8 20
26 9 46
26 10 34
26 11 13
26 12 12
26 13 38
26 14 33
26 15 9
26 16 50
26 17 39
26 18 41
26 19 11
26 20 33
26 21 24
26 22 19
26 23 24
26 24 7
26 25 19
26 26 -1
26 27 66
26 28 33
26 29 10
26 30 34
26 31 35
26 32 2
26 33 42
26 34 50
26 35 28
26 36 31
26 37 56
26 38 52
26 39 55
26 40 23
26 41 26
26 42 41
26 43 25
26 44 18
26 45 8
26 46 47
26 47 16
26 48 48
26 49 36
26 50 50
26 51 47
26 52 37
26 53 60
26 54 42
26 55 26
26 56 15
26 57 19
26 58 58
26 59 58
26 60 24
26 61 36
26 62 26
26 63 37
26 64 28
26 65 20
26 66 51
26 67 8
26 68 50
26 69 29
26 70 12
27 1 54
27 2 65
27 3 54
27 4 58
27 5 55
27 6 72
27 7 77
27 8 45
27 9 20
27 10 32
27 11 63
27 12 77
27 13 29
27 14 33
27 15 57
27 16 33
27 17 28
27 18 24
27 19 77
27 20 53
27 21 54
27 22 55
27 23 88
27 24 65
27 25 59
27 26 66
27 27 -1
27 28 51
27 29 74
27 30 39
27 31 37
27 32 64
27 33 26
27 34 20
27 35 54
27 36 39
27 37 49
27 38 13
27 39 20
27 40 62
27 41 83
27 42 25
27 43 84
27 44 49
27 45 65
27 46 27
27 47 64
27 48 18
27 49 54
27 50 51
27 51 19
27 52 49
27 53 6
27 54 68
27 55 45
27 56 73
27 57 56
27 58 41
27 59 67
27 60 52
27 61 31
27 62 44
27 63 75
27 64 58
27 65 49
27 66 18
27 67 74
27 68 61
27 69 54
27 70 79
28 1 5
28 2 79
28 3 60
28 4 7
28 5 32
28 6 40
28 7 62
28 8 25
28 9 34
28 10 24
28 11 21
28 12 44
28 13 35
28 14 31
28 15 30
28 16 54
28 17 36
28 18 30
28 19 43
28 20 2
28 21 44
28 22 40
28 23 56
28 24 38
28 25 14
28 26 33
28 27 51
28 28 -1
28 29 34
28 30 12
28 31 15
28 32 32
28 33 39
28 34 45
28 35 48
28 36 15
28 37 68
28 38 39
28 39 51
28 40 49
28 41 59
28 42 36
28 43 58
28 44 19
28 45 25
28 46 48
28 47 44
28 48 38
28 49 55
28 50 64
28 51 36
28 52 53
28 53 45
28 54 67
28 55 38
28 56 48
28 57 41
28 58 65
28 59 78
28 60 9
28 61 35
28 62 12
28 63 65
28 64 7
28 65 16
28 66 46
28 67 39
28 68 69
28 69 4
28 70 42
29 1 37
29 2 70
29 3 53
29 4 30
29 5 23
29 6 11
29 7 38
29 8 29
29 9 53
29 10 41
29 11 13
29 12 13
29 13 47
29 14 42
29 15 19
29 16 60
29 17 48
29 18 49
29 19 11
29 20 33
29 21 34
29 22 29
29 23 23
29 24 16
29 25 19
29 26 10
29 27 74
29 28 34
29 29 -1
29 30 39
29 31 40
29 32 12
29 33 50
29 34 59
29 35 38
29 36 36
29 37 66
29 38 60
29 39 64
29 40 32
29 41 29
29 42 50
29 43 27
29 44 24
29 45 9
29 46 57
29 47 25
29 48 56
29 49 46
29 50 60
29 51 55
29 52 47
29 53 67
29 54 51
29 55 36
29 56 21
29 57 29
29 58 68
29 59 68
29 60 26
29 61 45
29 62 31
29 63 44
29 64 27
29 65 25
29 66 60
29 67 8
29 68 60
29 69 29
29 70 9
30 1 15
30 2 70
30 3 53
30 4 19
30 5 30
30 6 42
30 7 60
30 8 20
30 9 22
30 10 13
30 11 26
30 12 47
30 13 24
30 14 21
30 15 29
30 16 43
30 17 25
30 18 18
30 19 46
30 20 14
30 21 39
30 22 36
30 23 59
30 24 38
30 25 21
30 26 34
30 27 39
30 28 12
30 29 39
30 30 -1
30 31 3
30 32 33
30 33 27
30 34 33
30 35 42
30 36 5
30 37 58
30 38 27
30 39 39
30 40 45
30 41 59
30 42 24
30 43 58
30 44 17
30 45 30
30 46 37
30 47 42
30 48 26
30 49 47
30 50 55
30 51 24
30 52 45
30 53 33
30 54 61
30 55 31
30 56 47
30 57 37
30 58 55
30 59 70
30 60 13
30 61 24
30 62 8
30 63 61
30 64 18
30 65 14
30 66 34
30 67 42
30 68 61
30 69 14
30 70 46
31 1 18
31 2 68
31 3 50
31 4 22
31 5 29
31 6 42
31 7 59
31 8 19
31 9 19
31 10 10
31 11 28
31 12 47
31 13 21
31 14 18
31 15 29
31 16 40
31 17 22
31 18 15
31 19 47
31 20 17
31 21 37
31 22 35
31 23 59
31 24 37
31 25 23
31 26 35
31 27 37
31 28 15
31 29 40
31 30 3
31 31 -1
31 32 33
31 33 24
31 34 30
31 35 40
31 36 4
31 37 55
31 38 24
31 39 36
31 40 44
31 41 58
31 42 21
31 43 58
31 44 17
31 45 31
31 46 34
31 47 41
31 48 23
31 49 45
31 50 52
31 51 21
31 52 42
31 53 30
31 54 59
31 55 29
31 56 47
31 57 36
31 58 52
31 59 67
31 60 15
31 61 21
31 62 9
31 63 60
31 64 21
31 65 15
31 66 31
31 67 43
31 68 59
31 69 17
31 70 47
32 1 36
32 2 59
32 3 42
32 4 30
32 5 11
32 6 8
32 7 31
32 8 18
32 9 44
32 10 32
32 11 13
32 12 13
32 13 36
32 14 31
32 15 7
32 16 48
32 17 37
32 18 39
32 19 13
32 20 32
32 21 23
32 22 17
32 23 25
32 24 6
32 25 18
32 26 2
32 27 64
32 28 32
32 29 12
32 30 33
32 31 33
32 32 -1
32 33 39
32 34 48
32 35 26
32 36 29
32 37 54
32 38 50
32 39 53
32 40 22
32 41 27
32 42 39
32 43 26
32 44 16
32 45 9
32 46 45
32 47 15
32 48 46
32 49 35
32 50 48
32 51 45
32 52 35
32 53 58
32 54 41
32 55 24
32 56 16
32 57 18
32 58 56
32 59 57
32 60 23
32 61 34
32 62 24
32 63 36
32 64 27
32 65 18
32 66 49
32 67 10
32 68 49
32 69 28
32 70 15
33 1 43
33 2 46
33 3 31
33 4 44
33 5 29
33 6 47
33 7 51
33 8 21
33 9 11
33 10 14
33 11 43
33 12 51
33 13 4
33 14 9
33 15 32
33 16 16
33 17 3
33 18 10
33 19 52
33 20 40
33 21 27
33 22 29
33 23 62
33 24 40
33 25 41
33 26 42
33 27 26
33 28 39
33 29 50
33 30 27
33 31 24
33 32 39
33 33 -1
33 34 8
33 35 28
33 36 23
33 37 32
33 38 15
33 39 14
33 40 36
33 41 56
33 42 3
33 43 58
33 44 28
33 45 43
33 46 9
33 47 37
33 48 9
33 49 29
33 50 31
33 51 10
33 52 25
33 53 21
33 54 44
33 55 19
33 56 46
33 57 29
33 58 27
33 59 47
33 60 35
33 61 5
33 62 27
33 63 49
33 64 43
33 65 29
33 66 9
33 67 50
33 68 39
33 69 39
33 70 54
34 1 49
34 2 47
34 3 34
34 4 51
34 5 38
34 6 55
34 7 57
34 8 30
34 9 12
34 10 21
34 11 51
34 12 60
34 13 12
34 14 17
34 15 41
34 16 14
34 17 11
34 18 15
34 19 60
34 20 47
34 21 34
34 22 36
34 23 70
34 24 48
34 25 49
34 26 50
34 27 20
34 28 45
34 29 59
34 30 33
34 31 30
34 32 48
34 33 8
34 34 -1
34 35 34
34 36 30
34 37 31
34 38 13
34 39 6
34 40 43
34 41 64
34 42 10
34 43 65
34 44 36
34 45 51
34 46 8
34 47 45
34 48 8
34 49 33
34 50 32
34 51 10
34 52 29
34 53 17
34 54 48
34 55 26
34 56 54
34 57 37
34 58 25
34 59 48
34 60 43
34 61 13
34 62 35
34 63 55
34 64 50
34 65 37
34 66 1
34 67 58
34 68 42
34 69 46
34 70 63
35 1 53
35 2 33
35 3 15
35 4 50
35 5 17
35 6 29
35 7 23
35 8 22
35 9 38
35 10 32
35 11 38
35 12 32
35 13 26
35 14 25
35 15 21
35 16 27
35 17 27
35 18 35
35 19 33
35 20 49
35 21 3
35 22 8
35 23 39
35 24 22
35 25 40
35 26 28
35 27 54
35 28 48
35 29 38
35 30 42
35 31 40
35 32 26
35 33 28
35 34 34
35 35 -1
35 36 36
35 37 29
35 38 43
35 39 37
35 40 9
35 41 30
35 42 30
35 43 32
35 44 28
35 45 34
35 46 28
35 47 14
35 48 37
35 49 8
35 50 22
35 51 37
35 52 10
35 53 50
35 54 19
35 55 11
35 56 23
35 57 8
35 58 31
35 59 31
35 60 40
35 61 24
35 62 35
35 63 21
35 64 47
35 65 31
35 66 36
35 67 33
35 68 23
35 69 45
35 70 37
36 1 19
36 2 65
36 3 47
36 4 21
36 5 25
36 6 38
36 7 55
36 8 15
36 9 20
36 10 9
36 11 25
36 12 43
36 13 20
36 14 16
36 15 25
36 16 39
36 17 21
36 18 16
36 19 43
36 20 17
36 21 33
36 22 31
36 23 55
36 24 33
36 25 20
36 26 31
36 27 39
36 28 15
36 29 36
36 30 5
36 31 4
36 32 29
36 33 23
36 34 30
36 35 36
36 36 -1
36 37 53
36 38 25
36 39 36
36 40 40
36 41 54
36 42 20
36 43 54
36 44 13
36 45 27
36 46 33
36 47 37
36 48 24
36 49 42
36 50 50
36 51 22
36 52 39
36 53 32
36 54 55
36 55 26
36 56 43
36 57 32
36 58 50
36 59 64
36 60 13
36 61 20
36 62 5
36 63 56
36 64 20
36 65 11
36 66 31
36 67 39
36 68 56
36 69 16
36 70 43
37 1 73
37 2 16
37 3 14
37 4 72
37 5 44
37 6 58
37 7 45
37 8 44
37 9 42
37 10 45
37 11 64
37 12 61
37 13 34
37 14 37
37 15 48
37 16 17
37 17 34
37 18 43
37 19 62
37 20 70
37 21 32
37 22 37
37 23 67
37 24 51
37 25 65
37 26 56
37 27 49
37 28 68
37 29 66
37 30 58
37 31 55
37 32 54
37 33 32
37 34 31
37 35 29
37 36 53
37 37 -1
37 38 44
37 39 29
37 40 37
37 41 56
37 42 36
37 43 59
37 44 51
37 45 62
37 46 24
37 47 43
37 48 39
37 49 21
37 50 7
37 51 41
37 52 19
37 53 47
37 54 27
37 55 32
37 56 51
37 57 37
37 58 8
37 59 18
37 60 62
37 61 33
37 62 55
37 63 38
37 64 70
37 65 54
37 66 32
37 67 62
37 68 15
37 69 67
37 70 66
38 1 42
38 2 59
38 3 46
38 4 46
38 5 41
38 6 58
38 7 66
38 8 31
38 9 6
38 10 18
38 11 50
38 12 63
38 13 16
38 14 20
38 15 43
38 16 27
38 17 16
38 18 10
38 19 63
38 20 41
38 21 42
38 22 43
38 23 75
38 24 52
38 25 46
38 26 52
38 27 13
38 28 39
38 29 60
38 30 27
38 31 24
38 32 50
38 33 15
38 34 13
38 35 43
38 36 25
38 37 44
38 38 -1
38 39 17
38 40 50
38 41 70
38 42 13
38 43 71
38 44 35
38 45 51
38 46 20
38 47 51
38 48 6
38 49 44
38 50 44
38 51 5
38 52 40
38 53 7
38 54 59
38 55 33
38 56 60
38 57 43
38 58 38
38 59 61
38 60 39
38 61 18
38 62 31
38 63 64
38 64 45
38 65 35
38 66 12
38 67 61
38 68 54
38 69 41
38 70 65
39 1 55
39 2 45
39 3 34
39 4 58
39 5 42
39 6 60
39 7 60
39 8 35
39 9 18
39 10 27
39 11 57
39 12 64
39 13 18
39 14 23
39 15 46
39 16 13
39 17 17
39 18 21
39 19 65
39 20 53
39 21 38
39 22 40
39 23 74
39 24 53
39 25 55
39 26 55
39 27 20
39 28 51
39 29 64
39 30 39
39 31 36
39 32 53
39 33 14
39 34 6
39 35 37
39 36 36
39 37 29
39 38 17
39 39 -1
39 40 46
39 41 67
39 42 16
39 43 69
39 44 42
39 45 57
39 46 9
39 47 49
39 48 13
39 49 35
39 50 31
39 51 16
39 52 30
39 53 18
39 54 49
39 55 31
39 56 58
39 57 41
39 58 21
39 59 47
39 60 49
39 61 19
39 62 41
39 63 56
39 64 56
39 65 43
39 66 5
39 67 63
39 68 41
39 69 52
39 70 68
40 1 53
40 2 38
40 3 23
40 4 50
40 5 16
40 6 21
40 7 15
40 8 25
40 9 45
40 10 37
40 11 35
40 12 24
40 13 34
40 14 31
40 15 18
40 16 36
40 17 34
40 18 42
40 19 25
40 20 49
40 21 8
40 22 9
40 23 30
40 24 16
40 25 38
40 26 23
40 27 62
40 28 49
40 29 32
40 30 45
40 31 44
40 32 22
40 33 36
40 34 43
40 35 9
40 36 40
40 37 37
40 38 50
40 39 46
40 40 -1
40 41 21
40 42 38
40 43 23
40 44 29
40 45 31
40 46 37
40 47 6
40 48 45
40 49 16
40 50 30
40 51 45
40 52 18
40 53 58
40 54 19
40 55 17
40 56 14
40 57 8
40 58 40
40 59 35
40 60 40
40 61 32
40 62 37
40 63 16
40 64 47
40 65 32
40 66 44
40 67 25
40 68 28
40 69 46
40 70 29
41 1 63
41 2 54
41 3 42
41 4 57
41 5 30
41 6 19
41 7 13
41 8 40
41 9 64
41 10 55
41 11 39
41 12 16
41 13 54
41 14 50
41 15 29
41 16 58
41 17 55
41 18 60
41 19 17
41 20 59
41 21 29
41 22 27
41 23 12
41 24 21
41 25 45
41 26 26
41 27 83
41 28 59
41 29 29
41 30 59
41 31 58
41 32 27
41 33 56
41 34 64
41 35 30
41 36 54
41 37 56
41 38 70
41 39 67
41 40 21
41 41 -1
41 42 58
41 43 3
41 44 41
41 45 34
41 46 58
41 47 19
41 48 65
41 49 36
41 50 49
41 51 64
41 52 39
41 53 78
41 54 32
41 55 37
41 56 11
41 57 27
41 58 61
41 59 50
41 60 50
41 61 52
41 62 50
41 63 21
41 64 54
41 65 44
41 66 65
41 67 21
41 68 44
41 69 55
41 70 21
42 1 40
42 2 50
42 3 34
42 4 42
42 5 29
42 6 47
42 7 53
42 8 21
42 9 8
42 10 11
42 11 41
42 12 52
42 13 3
42 14 8
42 15 32
42 16 19
42 17 3
42 18 7
42 19 52
42 20 37
42 21 29
42 22 30
42 23 62
42 24 40
42 25 39
42 26 41
42 27 25
42 28 36
42 29 50
42 30 24
42 31 21
42 32 39
42 33 3
42 34 10
42 35 30
42 36 20
42 37 36
42 38 13
42 39 16
42 40 38
42 41 58
42 42 -1
42 43 59
42 44 26
42 45 42
42 46 12
42 47 38
42 48 7
42 49 32
42 50 34
42 51 7
42 52 28
42 53 20
42 54 47
42 55 20
42 56 47
42 57 31
42 58 31
42 59 50
42 60 33
42 61 5
42 62 25
42 63 51
42 64 40
42 65 27
42 66 11
42 67 49
42 68 43
42 69 36
42 70 54
43 1 62
43 2 57
43 3 44
43 4 56
43 5 30
43 6 18
43 7 16
43 8 41
43 9 65
43 10 55
43 11 38
43 12 14
43 13 55
43 14 51
43 15 29
43 16 60
43 17 56
43 18 61
43 19 15
43 20 58
43 21 31
43 22 29
43 23 9
43 24 20
43 25 44
43 26 25
43 27 84
43 28 58
43 29 27
43 30 58
43 31 58
43 32 26
43 33 58
43 34 65
43 35 32
43 36 54
43 37 59
43 38 71
43 39 69
43 40 23
43 41 3
43 42 59
43 43 -1
43 44 41
43 45 33
43 46 60
43 47 20
43 48 66
43 49 38
43 50 51
43 51 65
43 52 42
43 53 79
43 54 35
43 55 38
43 56 11
43 57 28
43 58 63
43 59 53
43 60 49
43 61 53
43 62 50
43 63 24
43 64 53
43 65 44
43 66 67
43 67 19
43 68 47
43 69 54
43 70 19
44 1 24
44 2 60
44 3 42
44 4 21
44 5 13
44 6 25
44 7 43
44 8 7
44 9 29
44 10 17
44 11 15
44 12 30
44 13 24
44 14 19
44 15 12
44 16 40
44 17 25
44 18 25
44 19 29
44 20 20
44 21 25
44 22 21
44 23 42
44 24 20
44 25 13
44 26 18
44 27 49
44 28 19
44 29 24
44 30 17
44 31 17
44 32 16
44 33 28
44 34 36
44 35 28
44 36 13
44 37 51
44 38 35
44 39 42
44 40 29
44 41 41
44 42 26
44 43 41
44 44 -1
44 45 15
44 46 36
44 47 25
44 48 32
44 49 36
44 50 46
44 51 30
44 52 34
44 53 43
44 54 47
44 55 20
44 56 30
44 57 21
44 58 50
44 59 59
44 60 11
44 61 23
44 62 9
44 63 45
44 64 19
44 65 3
44 66 37
44 67 26
44 68 50
44 69 17
44 70 30
45 1 29
45 2 68
45 3 50
45 4 23
45 5 18
45 6 15
45 7 40
45 8 21
45 9 45
45 10 33
45 11 5
45 12 19
45 13 39
45 14 34
45 15 13
45 16 54
45 17 40
45 18 40
45 19 18
45 20 25
45 21 31
45 22 25
45 23 30
45 24 15
45 25 11
45 26 8
45 27 65
45 28 25
45 29 9
45 30 30
45 31 31
45 32 9
45 33 43
45 34 51
45 35 34
45 36 27
45 37 62
45 38 51
45 39 57
45 40 31
45 41 34
45 42 42
45 43 33
45 44 15
45 45 -1
45 46 50
45 47 24
45 48 47
45 49 43
45 50 56
45 51 46
45 52 43
45 53 59
45 54 50
45 55 30
45 56 24
45 57 26
45 58 62
45 59 66
45 60 17
45 61 37
45 62 21
45 63 45
45 64 20
45 65 16
45 66 52
45 67 14
45 68 57
45 69 21
45 70 17
46 1 52
46 2 39
46 3 26
46 4 54
46 5 34
46 6 52
46 7 51
46 8 29
46 9 18
46 10 23
46 11 51
46 12 56
46 13 13
46 14 17
46 15 38
46 16 7
46 17 12
46 18 19
46 19 56
46 20 50
46 21 29
46 22 31
46 23 66
46 24 44
46 25 49
46 26 47
46 27 27
46 28 48
46 29 57
46 30 37
46 31 34
46 32 45
46 33 9
46 34 8
46 35 28
46 36 33
46 37 24
46 38 20
46 39 9
46 40 37
46 41 58
46 42 12
46 43 60
46 44 36
46 45 50
46 46 -1
46 47 40
46 48 15
46 49 26
46 50 24
46 51 17
46 52 21
46 53 25
46 54 40
46 55 22
46 56 49
46 57 32
46 58 18
46 59 40
46 60 44
46 61 13
46 62 36
46 63 47
46 64 52
46 65 37
46 66 9
46 67 55
46 68 34
46 69 48
46 70 59
47 1 49
47 2 45
47 3 29
47 4 44
47 5 12
47 6 15
47 7 18
47 8 22
47 9 45
47 10 36
47 11 29
47 12 18
47 13 35
47 14 31
47 15 13
47 16 40
47 17 35
47 18 41
47 19 19
47 20 44
47 21 11
47 22 8
47 23 25
47 24 9
47 25 33
47 26 16
47 27 64
47 28 44
47 29 25
47 30 42
47 31 41
47 32 15
47 33 37
47 34 45
47 35 14
47 36 37
47 37 43
47 38 51
47 39 49
47 40 6
47 41 19
47 42 38
47 43 20
47 44 25
47 45 24
47 46 40
47 47 -1
47 48 45
47 49 22
47 50 36
47 51 45
47 52 24
47 53 58
47 54 26
47 55 18
47 56 9
47 57 7
47 58 45
47 59 42
47 60 35
47 61 32
47 62 34
47 63 21
47 64 41
47 65 28
47 66 46
47 67 19
47 68 34
47 69 41
47 70 23
48 1 42
48 2 54
48 3 40
48 4 45
48 5 36
48 6 54
48 7 60
48 8 27
48 9 4
48 10 15
48 11 47
48 12 58
48 13 10
48 14 14
48 15 39
48 16 22
48 17 10
48 18 8
48 19 59
48 20 40
48 21 36
48 22 37
48 23 70
48 24 47
48 25 43
48 26 48
48 27 18
48 28 38
48 29 56
48 30 26
48 31 23
48 32 46
48 33 9
48 34 8
48 35 37
48 36 24
48 37 39
48 38 6
48 39 13
48 40 45
48 41 65
48 42 7
48 43 66
48 44 32
48 45 47
48 46 15
48 47 45
48 48 -1
48 49 38
48 50 39
48 51 2
48 52 34
48 53 13
48 54 53
48 55 27
48 56 54
48 57 38
48 58 33
48 59 55
48 60 37
48 61 13
48 62 29
48 63 58
48 64 44
48 65 32
48 66 8
48 67 56
48 68 48
48 69 40
48 70 61
49 1 60
49 2 25
49 3 7
49 4 58
49 5 25
49 6 37
49 7 26
49 8 29
49 9 40
49 10 36
49 11 46
49 12 40
49 13 29
49 14 28
49 15 29
49 16 23
49 17 29
49 18 38
49 19 41
49 20 56
49 21 12
49 22 17
49 23 46
49 24 30
49 25 48
49 26 36
49 27 54
49 28 55
49 29 46
49 30 47
49 31 45
49 32 35
49 33 29
49 34 33
49 35 8
49 36 42
49 37 21
49 38 44
49 39 35
49 40 16
49 41 36
49 42 32
49 43 38
49 44 36
49 45 43
49 46 26
49 47 22
49 48 38
49 49 -1
49 50 14
49 51 39
49 52 4
49 53 50
49 54 15
49 55 16
49 56 30
49 57 17
49 58 25
49 59 23
49 60 47
49 61 27
49 62 42
49 63 21
49 64 55
49 65 38
49 66 35
49 67 41
49 68 14
49 69 53
49 70 45
50 1 69
50 2 15
50 3 7
50 4 68
50 5 38
50 6 51
50 7 38
50 8 39
50 9 42
50 10 42
50 11 59
50 12 54
50 13 32
50 14 34
50 15 42
50 16 18
50 17 32
50 18 41
50 19 55
50 20 65
50 21 25
50 22 30
50 23 60
50 24 44
50 25 60
50 26 50
50 27 51
50 28 64
50 29 60
50 30 55
50 31 52
50 32 48
50 33 31
50 34 32
50 35 22
50 36 50
50 37 7
50 38 44
50 39 31
50 40 30
50 41 49
50 42 34
50 43 51
50 44 46
50 45 56
50 46 24
50 47 36
50 48 39
50 49 14
50 50 -1
50 51 40
50 52 12
50 53 49
50 54 21
50 55 26
50 56 44
50 57 30
50 58 13
50 59 16
50 60 57
50 61 31
50 62 51
50 63 31
50 64 65
50 65 49
50 66 33
50 67 55
50 68 10
50 69 63
50 70 59
51 1 40
51 2 55
51 3 41
51 4 43
51 5 36
51 6 53
51 7 60
51 8 26
51 9 2
51 10 13
51 11 45
51 12 58
51 13 10
51 14 14
51 15 38
51 16 24
51 17 10
51 18 6
51 19 58
51 20 38
51 21 36
51 22 37
51 23 69
51 24 46
51 25 41
51 26 47
51 27 19
51 28 36
51 29 55
51 30 24
51 31 21
51 32 45
51 33 10
51 34 10
51 35 37
51 36 22
51 37 41
51 38 5
51 39 16
51 40 45
51 41 64
51 42 7
51 43 65
51 44 30
51 45 46
51 46 17
51 47 45
51 48 2
51 49 39
51 50 40
51 51 -1
51 52 35
51 53 13
51 54 54
51 55 27
51 56 54
51 57 38
51 58 35
51 59 56
51 60 35
51 61 13
51 62 27
51 63 58
51 64 42
51 65 30
51 66 10
51 67 55
51 68 49
51 69 38
51 70 60
52 1 58
52 2 26
52 3 7
52 4 56
52 5 25
52 6 39
52 7 30
52 8 27
52 9 36
52 10 33
52 11 46
52 12 42
52 13 25
52 14 25
52 15 29
52 16 19
52 17 25
52 18 34
52 19 43
52 20 54
52 21 13
52 22 18
52 23 49
52 24 32
52 25 47
52 26 37
52 27 49
52 28 53
52 29 47
52 30 45
52 31 42
52 32 35
52 33 25
52 34 29
52 35 10
52 36 39
52 37 19
52 38 40
52 39 30
52 40 18
52 41 39
52 42 28
52 43 42
52 44 34
52 45 43
52 46 21
52 47 24
52 48 34
52 49 4
52 50 12
52 51 35
52 52 -1
52 53 46
52 54 19
52 55 14
52 56 32
52 57 18
52 58 21
52 59 25
52 60 46
52 61 23
52 62 40
52 63 26
52 64 53
52 65 37
52 66 30
52 67 43
52 68 16
52 69 51
52 70 47
53 1 48
53 2 63
53 3 51
53 4 52
53 5 49
53 6 66
53 7 73
53 8 39
53 9 14
53 10 26
53 11 57
53 12 71
53 13 23
53 14 27
53 15 51
53 16 31
53 17 23
53 18 18
53 19 71
53 20 47
53 21 49
53 22 50
53 23 82
53 24 60
53 25 53
53 26 60
53 27 6
53 28 45
53 29 67
53 30 33
53 31 30
53 32 58
53 33 21
53 34 17
53 35 50
53 36 32
53 37 47
53 38 7
53 39 18
53 40 58
53 41 78
53 42 20
53 43 79
53 44 43
53 45 59
53 46 25
53 47 58
53 48 13
53 49 50
53 50 49
53 51 13
53 52 46
53 53 -1
53 54 65
53 55 40
53 56 67
53 57 51
53 58 40
53 59 65
53 60 46
53 61 26
53 62 38
53 63 71
53 64 51
53 65 42
53 66 16
53 67 68
53 68 59
53 69 47
53 70 73
54 1 72
54 2 22
54 3 15
54 4 69
54 5 35
54 6 40
54 7 19
54 8 41
54 9 55
54 10 50
54 11 55
54 12 41
54 13 44
54 14 43
54 15 38
54 16 36
54 17 44
54 18 53
54 19 43
54 20 68
54 21 22
54 22 26
54 23 44
54 24 35
54 25 58
54 26 42
54 27 68
54 28 67
54 29 51
54 30 61
54 31 59
54 32 41
54 33 44
54 34 48
54 35 19
54 36 55
54 37 27
54 38 59
54 39 49
54 40 19
54 41 32
54 42 47
54 43 35
54 44 47
54 45 50
54 46 40
54 47 26
54 48 53
54 49 15
54 50 21
54 51 54
54 52 19
54 53 65
54 54 -1
54 55 30
54 56 31
54 57 25
54 58 34
54 59 18
54 60 58
54 61 42
54 62 55
54 63 11
54 64 66
54 65 50
54 66 49
54 67 44
54 68 13
54 69 64
54 70 47
55 1 43
55 2 41
55 3 22
55 4 41
55 5 13
55 6 29
55 7 32
55 8 12
55 9 27
55 10 21
55 11 32
55 12 34
55 13 17
55 14 14
55 15 17
55 16 24
55 17 17
55 18 24
55 19 34
55 20 39
55 21 9
55 22 9
55 23 43
55 24 22
55 25 33
55 26 26
55 27 45
55 28 38
55 29 36
55 30 31
55 31 29
55 32 24
55 33 19
55 34 26
55 35 11
55 36 26
55 37 32
55 38 33
55 39 31
55 40 17
55 41 37
55 42 20
55 43 38
55 44 20
55 45 30
55 46 22
55 47 18
55 48 27
55 49 16
55 50 26
55 51 27
55 52 14
55 53 40
55 54 30
55 55 -1
55 56 27
55 57 10
55 58 32
55 59 39
55 60 31
55 61 14
55 62 25
55 63 32
55 64 39
55 65 22
55 66 28
55 67 33
55 68 31
55 69 36
55 70 37
56 1 52
56 2 51
56 3 37
56 4 47
56 5 18
56 6 10
56 7 16
56 8 29
56 9 53
56 10 43
56 11 29
56 12 10
56 13 43
56 14 40
56 15 18
56 16 50
56 17 44
56 18 49
56 19 12
56 20 48
56 21 21
56 22 17
56 23 16
56 24 10
56 25 34
56 26 15
56 27 73
56 28 48
56 29 21
56 30 47
56 31 47
56 32 16
56 33 46
56 34 54
56 35 23
56 36 43
56 37 51
56 38 60
56 39 58
56 40 14
56 41 11
56 42 47
56 43 11
56 44 30
56 45 24
56 46 49
56 47 9
56 48 54
56 49 30
56 50 44
56 51 54
56 52 32
56 53 67
56 54 31
56 55 27
56 56 -1
56 57 17
56 58 54
56 59 48
56 60 39
56 61 41
56 62 39
56 63 22
56 64 43
56 65 33
56 66 55
56 67 14
56 68 41
56 69 44
56 70 16
57 1 46
57 2 42
57 3 24
57 4 43
57 5 9
57 6 21
57 7 23
57 8 17
57 9 38
57 10 29
57 11 30
57 12 24
57 13 27
57 14 24
57 15 12
57 16 33
57 17 28
57 18 34
57 19 25
57 20 42
57 21 5
57 22 1
57 23 33
57 24 14
57 25 32
57 26 19
57 27 56
57 28 41
57 29 29
57 30 37
57 31 36
57 32 18
57 33 29
57 34 37
57 35 8
57 36 32
57 37 37
57 38 43
57 39 41
57 40 8
57 41 27
57 42 31
57 43 28
57 44 21
57 45 26
57 46 32
57 47 7
57 48 38
57 49 17
57 50 30
57 51 38
57 52 18
57 53 51
57 54 25
57 55 10
57 56 17
57 57 -1
57 58 39
57 59 39
57 60 33
57 61 25
57 62 30
57 63 24
57 64 40
57 65 25
57 66 38
57 67 25
57 68 31
57 69 38
57 70 29
58 1 70
58 2 24
58 3 20
58 4 70
58 5 45
58 6 60
58 7 50
58 8 43
58 9 37
58 10 41
58 11 64
58 12 63
58 13 30
58 14 34
58 15 49
58 16 11
58 17 29
58 18 38
58 19 64
58 20 67
58 21 34
58 22 39
58 23 71
58 24 53
58 25 64
58 26 58
58 27 41
58 28 65
58 29 68
58 30 55
58 31 52
58 32 56
58 33 27
58 34 25
58 35 31
58 36 50
58 37 8
58 38 38
58 39 21
58 40 40
58 41 61
58 42 31
58 43 63
58 44 50
58 45 62
58 46 18
58 47 45
58 48 33
58 49 25
58 50 13
58 51 35
58 52 21
58 53 40
58 54 34
58 55 32
58 56 54
58 57 39
58 58 -1
58 59 26
58 60 60
58 61 30
58 62 53
58 63 44
58 64 68
58 65 52
58 66 25
58 67 64
58 68 23
58 69 65
58 70 68
59 1 83
59 2 4
59 3 17
59 4 81
59 5 48
59 6 57
59 7 37
59 8 52
59 9 58
59 10 57
59 11 69
59 12 59
59 13 48
59 14 49
59 15 52
59 16 34
59 17 48
59 18 57
59 19 60
59 20 79
59 21 35
59 22 40
59 23 62
59 24 51
59 25 71
59 26 58
59 27 67
59 28 78
59 29 68
59 30 70
59 31 67
59 32 57
59 33 47
59 34 48
59 35 31
59 36 64
59 37 18
59 38 61
59 39 47
59 40 35
59 41 50
59 42 50
59 43 53
59 44 59
59 45 66
59 46 40
59 47 42
59 48 55
59 49 23
59 50 16
59 51 56
59 52 25
59 53 65
59 54 18
59 55 39
59 56 48
59 57 39
59 58 26
59 59 -1
59 60 70
59 61 47
59 62 65
59 63 29
59 64 78
59 65 62
59 66 49
59 67 61
59 68 8
59 69 76
59 70 64
60 1 13
60 2 72
60 3 53
60 4 10
60 5 24
60 6 31
60 7 53
60 8 18
60 9 33
60 10 22
60 11 13
60 12 35
60 13 31
60 14 26
60 15 21
60 16 49
60 17 32
60 18 29
60 19 35
60 20 9
60 21 36
60 22 32
60 23 47
60 24 29
60 25 7
60 26 24
60 27 52
60 28 9
60 29 26
60 30 13
60 31 15
60 32 23
60 33 35
60 34 43
60 35 40
60 36 13
60 37 62
60 38 39
60 39 49
60 40 40
60 41 50
60 42 33
60 43 49
60 44 11
60 45 17
60 46 44
60 47 35
60 48 37
60 49 47
60 50 57
60 51 35
60 52 46
60 53 46
60 54 58
60 55 31
60 56 39
60 57 33
60 58 60
60 59 70
60 60 -1
60 61 31
60 62 8
60 63 56
60 64 8
60 65 8
60 66 44
60 67 31
60 68 62
60 69 5
60 70 34
61 1 39
61 2 47
61 3 30
61 4 40
61 5 24
61 6 41
61 7 47
61 8 16
61 9 13
61 10 11
61 11 38
61 12 46
61 13 2
61 14 4
61 15 27
61 16 19
61 17 2
61 18 11
61 19 46
61 20 37
61 21 23
61 22 24
61 23 57
61 24 35
61 25 36
61 26 36
61 27 31
61 28 35
61 29 45
61 30 24
61 31 21
61 32 34
61 33 5
61 34 13
61 35 24
61 36 20
61 37 33
61 38 18
61 39 19
61 40 32
61 41 52
61 42 5
61 43 53
61 44 23
61 45 37
61 46 13
61 47 32
61 48 13
61 49 27
61 50 31
61 51 13
61 52 23
61 53 26
61 54 42
61 55 14
61 56 41
61 57 25
61 58 30
61 59 47
61 60 31
61 61 -1
61 62 23
61 63 46
61 64 38
61 65 24
61 66 15
61 67 44
61 68 39
61 69 35
61 70 49
62 1 17
62 2 66
62 3 48
62 4 17
62 5 22
62 6 33
62 7 52
62 8 13
62 9 25
62 10 14
62 11 19
62 12 38
62 13 23
62 14 19
62 15 21
62 16 42
62 17 24
62 18 21
62 19 38
62 20 14
62 21 32
62 22 29
62 23 50
62 24 29
62 25 14
62 26 26
62 27 44
62 28 12
62 29 31
62 30 8
62 31 9
62 32 24
62 33 27
62 34 35
62 35 35
62 36 5
62 37 55
62 38 31
62 39 41
62 40 37
62 41 50
62 42 25
62 43 50
62 44 9
62 45 21
62 46 36
62 47 34
62 48 29
62 49 42
62 50 51
62 51 27
62 52 40
62 53 38
62 54 55
62 55 25
62 56 39
62 57 30
62 58 53
62 59 65
62 60 8
62 61 23
62 62 -1
62 63 54
62 64 15
62 65 6
62 66 36
62 67 34
62 68 57
62 69 12
62 70 38
63 1 70
63 2 33
63 3 24
63 4 66
63 5 32
63 6 33
63 7 8
63 8 41
63 9 59
63 10 53
63 11 50
63 12 33
63 13 48
63 14 46
63 15 34
63 16 45
63 17 48
63 18 56
63 19 34
63 20 66
63 21 23
63 22 25
63 23 33
63 24 30
63 25 54
63 26 37
63 27 75
63 28 65
63 29 44
63 30 61
63 31 60
63 32 36
63 33 49
63 34 55
63 35 21
63 36 56
63 37 38
63 38 64
63 39 56
63 40 16
63 41 21
63 42 51
63 43 24
63 44 45
63 45 45
63 46 47
63 47 21
63 48 58
63 49 21
63 50 31
63 51 58
63 52 26
63 53 71
63 54 11
63 55 32
63 56 22
63 57 24
63 58 44
63 59 29
63 60 56
63 61 46
63 62 54
63 63 -1
63 64 63
63 65 49
63 66 56
63 67 37
63 68 24
63 69 62
63 70 39
64 1 9
64 2 80
64 3 61
64 4 3
64 5 31
64 6 35
64 7 59
64 8 26
64 9 40
64 10 29
64 11 15
64 12 39
64 13 39
64 14 34
64 15 28
64 16 57
64 17 40
64 18 36
64 19 38
64 20 6
64 21 44
64 22 39
64 23 50
64 24 34
64 25 9
64 26 28
64 27 58
64 28 7
64 29 27
64 30 18
64 31 21
64 32 27
64 33 43
64 34 50
64 35 47
64 36 20
64 37 70
64 38 45
64 39 56
64 40 47
64 41 54
64 42 40
64 43 53
64 44 19
64 45 20
64 46 52
64 47 41
64 48 44
64 49 55
64 50 65
64 51 42
64 52 53
64 53 51
64 54 66
64 55 39
64 56 43
64 57 40
64 58 68
64 59 78
64 60 8
64 61 38
64 62 15
64 63 63
64 64 -1
64 65 16
64 66 51
64 67 34
64 68 70
64 69 4
64 70 36
65 1 21
65 2 63
65 3 45
65 4 19
65 5 16
65 6 27
65 7 46
65 8 10
65 9 29
65 10 17
65 11 14
65 12 32
65 13 25
65 14 20
65 15 15
65 16 42
65 17 26
65 18 24
65 19 31
65 20 17
65 21 28
65 22 24
65 23 44
65 24 23
65 25 12
65 26 20
65 27 49
65 28 16
65 29 25
65 30 14
65 31 15
65 32 18
65 33 29
65 34 37
65 35 31
65 36 11
65 37 54
65 38 35
65 39 43
65 40 32
65 41 44
65 42 27
65 43 44
65 44 3
65 45 16
65 46 37
65 47 28
65 48 32
65 49 38
65 50 49
65 51 30
65 52 37
65 53 42
65 54 50
65 55 22
65 56 33
65 57 25
65 58 52
65 59 62
65 60 8
65 61 24
65 62 6
65 63 49
65 64 16
65 65 -1
65 66 38
65 67 28
65 68 53
65 69 14
65 70 32
66 1 50
66 2 47
66 3 35
66 4 52
66 5 39
66 6 56
66 7 59
66 8 31
66 9 13
66 10 22
66 11 52
66 12 61
66 13 13
66 14 18
66 15 42
66 16 15
66 17 12
66 18 15
66 19 61
66 20 48
66 21 36
66 22 38
66 23 72
66 24 49
66 25 50
66 26 51
66 27 18
66 28 46
66 29 60
66 30 34
66 31 31
66 32 49
66 33 9
66 34 1
66 35 36
66 36 31
66 37 32
66 38 12
66 39 5
66 40 44
66 41 65
66 42 11
66 43 67
66 44 37
66 45 52
66 46 9
66 47 46
66 48 8
66 49 35
66 50 33
66 51 10
66 52 30
66 53 16
66 54 49
66 55 28
66 56 55
66 57 38
66 58 25
66 59 49
66 60 44
66 61 15
66 62 36
66 63 56
66 64 51
66 65 38
66 66 -1
66 67 59
66 68 43
66 69 47
66 70 64
67 1 43
67 2 64
67 3 48
67 4 37
67 5 20
67 6 4
67 7 30
67 8 29
67 9 54
67 10 43
67 11 19
67 12 5
67 13 46
67 14 41
67 15 17
67 16 57
67 17 47
67 18 50
67 19 4
67 20 39
67 21 30
67 22 25
67 23 16
67 24 11
67 25 25
67 26 8
67 27 74
67 28 39
67 29 8
67 30 42
67 31 43
67 32 10
67 33 50
67 34 58
67 35 33
67 36 39
67 37 62
67 38 61
67 39 63
67 40 25
67 41 21
67 42 49
67 43 19
67 44 26
67 45 14
67 46 55
67 47 19
67 48 56
67 49 41
67 50 55
67 51 55
67 52 43
67 53 68
67 54 44
67 55 33
67 56 14
67 57 25
67 58 64
67 59 61
67 60 31
67 61 44
67 62 34
67 63 37
67 64 34
67 65 28
67 66 59
67 67 -1
67 68 54
67 69 35
67 70 4
68 1 74
68 2 10
68 3 8
68 4 72
68 5 40
68 6 50
68 7 31
68 8 43
68 9 50
68 10 49
68 11 61
68 12 51
68 13 40
68 14 41
68 15 44
68 16 28
68 17 40
68 18 50
68 19 53
68 20 70
68 21 26
68 22 31
68 23 56
68 24 44
68 25 63
68 26 50
68 27 61
68 28 69
68 29 60
68 30 61
68 31 59
68 32 49
68 33 39
68 34 42
68 35 23
68 36 56
68 37 15
68 38 54
68 39 41
68 40 28
68 41 44
68 42 43
68 43 47
68 44 50
68 45 57
68 46 34
68 47 34
68 48 48
68 49 14
68 50 10
68 51 49
68 52 16
68 53 59
68 54 13
68 55 31
68 56 41
68 57 31
68 58 23
68 59 8
68 60 62
68 61 39
68 62 57
68 63 24
68 64 70
68 65 53
68 66 43
68 67 54
68 68 -1
68 69 67
68 70 57
69 1 8
69 2 77
69 3 59
69 4 5
69 5 29
69 6 36
69 7 58
69 8 24
69 9 36
69 10 25
69 11 16
69 12 40
69 13 35
69 14 31
69 15 27
69 16 54
69 17 36
69 18 32
69 19 39
69 20 4
69 21 42
69 22 38
69 23 51
69 24 34
69 25 10
69 26 29
69 27 54
69 28 4
69 29 29
69 30 14
69 31 17
69 32 28
69 33 39
69 34 46
69 35 45
69 36 16
69 37 67
69 38 41
69 39 52
69 40 46
69 41 55
69 42 36
69 43 54
69 44 17
69 45 21
69 46 48
69 47 41
69 48 40
69 49 53
69 50 63
69 51 38
69 52 51
69 53 47
69 54 64
69 55 36
69 56 44
69 57 38
69 58 65
69 59 76
69 60 5
69 61 35
69 62 12
69 63 62
69 64 4
69 65 14
69 66 47
69 67 35
69 68 67
69 69 -1
69 70 38
70 1 45
70 2 68
70 3 52
70 4 39
70 5 25
70 6 8
70 7 32
70 8 33
70 9 59
70 10 47
70 11 21
70 12 5
70 13 51
70 14 46
70 15 21
70 16 61
70 17 51
70 18 54
70 19 4
70 20 42
70 21 34
70 22 29
70 23 14
70 24 15
70 25 27
70 26 12
70 27 79
70 28 42
70 29 9
70 30 46
70 31 47
70 32 15
70 33 54
70 34 63
70 35 37
70 36 43
70 37 66
70 38 65
70 39 68
70 40 29
70 41 21
70 42 54
70 43 19
70 44 30
70 45 17
70 46 59
70 47 23
70 48 61
70 49 45
70 50 59
70 51 60
70 52 47
70 53 73
70 54 47
70 55 37
70 56 16
70 57 29
70 58 68
70 59 64
70 60 34
70 61 49
70 62 38
70 63 39
70 64 36
70 65 32
70 66 64
70 67 4
70 68 57
70 69 38
70 70 -1
