1 1 0.0
1 2 7.0
1 3 3.605551275463989
1 4 3.1622776601683795
1 5 7.0710678118654755
1 6 1.0
1 7 7.0
1 8 5.0
1 9 4.0
1 10 8.0
1 11 9.219544457292887
2 1 7.0
2 2 0.0
2 3 5.830951894845301
2 4 4.123105625617661
2 5 10.63014581273465
2 6 7.0710678118654755
2 7 9.899494936611665
2 8 4.242640687119285
2 9 3.0
2 10 10.63014581273465
2 11 7.0710678118654755
3 1 3.605551275463989
3 2 5.830951894845301
3 3 0.0
3 4 4.123105625617661
3 5 5.0
3 6 2.8284271247461903
3 7 4.47213595499958
3 8 2.0
3 9 3.605551275463989
3 10 5.385164807134504
3 11 5.656854249492381
4 1 3.1622776601683795
4 2 4.123105625617661
4 3 4.123105625617661
4 4 0.0
4 5 8.94427190999916
4 6 3.605551275463989
4 7 8.54400374531753
4 8 4.123105625617661
4 9 1.4142135623730951
4 10 9.486832980505138
4 11 8.54400374531753
5 1 7.0710678118654755
5 2 10.63014581273465
5 3 5.0
5 4 8.94427190999916
5 5 0.0
5 6 6.082762530298219
5 7 1.0
5 8 6.4031242374328485
5 9 8.602325267042627
5 10 1.4142135623730951
5 11 7.0
6 1 1.0
6 2 7.0710678118654755
6 3 2.8284271247461903
6 4 3.605551275463989
6 5 6.082762530298219
6 6 0.0
6 7 6.0
6 8 4.47213595499958
6 9 4.123105625617661
6 10 7.0
6 11 8.48528137423857
7 1 7.0
7 2 9.899494936611665
7 3 4.47213595499958
7 4 8.54400374531753
7 5 1.0
7 6 6.0
7 7 0.0
7 8 5.656854249492381
7 9 8.06225774829855
7 10 1.0
7 11 6.0
8 1 5.0
8 2 4.242640687119285
8 3 2.0
8 4 4.123105625617661
8 5 6.4031242374328485
8 6 4.47213595499958
8 7 5.656854249492381
8 8 0.0
8 9 3.0
8 10 6.4031242374328485
8 11 4.47213595499958
9 1 4.0
9 2 3.0
9 3 3.605551275463989
9 4 1.4142135623730951
9 5 8.602325267042627
9 6 4.123105625617661
9 7 8.06225774829855
9 8 3.0
9 9 0.0
9 10 8.94427190999916
9 11 7.280109889280518
10 1 8.0
10 2 10.63014581273465
10 3 5.385164807134504
10 4 9.486832980505138
10 5 1.4142135623730951
10 6 7.0
10 7 1.0
10 8 6.4031242374328485
10 9 8.94427190999916
10 10 0.0
10 11 6.082762530298219
11 1 9.219544457292887
11 2 7.0710678118654755
11 3 5.656854249492381
11 4 8.54400374531753
11 5 7.0
11 6 8.48528137423857
11 7 6.0
11 8 4.47213595499958
11 9 7.280109889280518
11 10 6.082762530298219
11 11 0.0
