1 1 -1
1 2 11
1 3 11
1 4 7
1 5 6
1 6 4
1 7 8
1 8 8
1 9 4
1 10 5
1 11 2
1 12 15
1 13 8
1 14 7
1 15 13
1 16 11
1 17 12
1 18 14
1 19 10
1 20 12
2 1 11
2 2 -1
2 3 16
2 4 16
2 5 15
2 6 6
2 7 14
2 8 18
2 9 11
2 10 12
2 11 12
2 12 5
2 13 18
2 14 5
2 15 10
2 16 9
2 17 2
2 18 3
2 19 8
2 20 11
3 1 11
3 2 16
3 3 -1
3 4 17
3 5 6
3 6 12
3 7 3
3 8 7
3 9 7
3 10 17
3 11 9
3 12 18
3 13 18
3 14 16
3 15 23
3 16 22
3 17 16
3 18 18
3 19 9
3 20 23
4 1 7
4 2 16
4 3 17
4 4 -1
4 5 11
4 6 10
4 7 14
4 8 11
4 9 11
4 10 5
4 11 8
4 12 22
4 13 1
4 14 11
4 15 14
4 16 13
4 17 18
4 18 20
4 19 17
4 20 13
5 1 6
5 2 15
5 3 6
5 4 11
5 5 -1
5 6 9
5 7 3
5 8 3
5 9 4
5 10 12
5 11 4
5 12 18
5 13 12
5 14 12
5 15 19
5 16 17
5 17 15
5 18 17
5 19 10
5 20 18
6 1 4
6 2 6
6 3 12
6 4 10
6 5 9
6 6 -1
6 7 9
6 8 12
6 9 5
6 10 7
6 11 6
6 12 11
6 13 12
6 14 3
6 15 10
6 16 9
6 17 7
6 18 10
6 19 8
6 20 10
7 1 8
7 2 14
7 3 3
7 4 14
7 5 3
7 6 9
7 7 -1
7 8 5
7 9 4
7 10 13
7 11 6
7 12 16
7 13 15
7 14 13
7 15 20
7 16 18
7 17 14
7 18 16
7 19 7
7 20 19
8 1 8
8 2 18
8 3 7
8 4 11
8 5 3
8 6 12
8 7 5
8 8 -1
8 9 7
8 10 13
8 11 6
8 12 21
8 13 12
8 14 15
8 15 21
8 16 20
8 17 18
8 18 20
8 19 13
8 20 21
9 1 4
9 2 11
9 3 7
9 4 11
9 5 4
9 6 5
9 7 4
9 8 7
9 9 -1
9 10 9
9 11 3
9 12 14
9 13 12
9 14 8
9 15 15
9 16 14
9 17 11
9 18 13
9 19 7
9 20 15
10 1 5
10 2 12
10 3 17
10 4 5
10 5 12
10 6 7
10 7 13
10 8 13
10 9 9
10 10 -1
10 11 7
10 12 17
10 13 6
10 14 6
10 15 9
10 16 8
10 17 13
10 18 15
10 19 15
10 20 8
11 1 2
11 2 12
11 3 9
11 4 8
11 5 4
11 6 6
11 7 6
11 8 6
11 9 3
11 10 7
11 11 -1
11 12 16
11 13 9
11 14 9
11 15 15
11 16 13
11 17 13
11 18 15
11 19 10
11 20 14
12 1 15
12 2 5
12 3 18
12 4 22
12 5 18
12 6 11
12 7 16
12 8 21
12 9 14
12 10 17
12 11 16
12 12 -1
12 13 23
12 14 11
12 15 15
12 16 14
12 17 3
12 18 2
12 19 9
12 20 16
13 1 8
13 2 18
13 3 18
13 4 1
13 5 12
13 6 12
13 7 15
13 8 12
13 9 12
13 10 6
13 11 9
13 12 23
13 13 -1
13 14 12
13 15 15
13 16 14
13 17 19
13 18 21
13 19 18
13 20 14
14 1 7
14 2 5
14 3 16
14 4 11
14 5 12
14 6 3
14 7 13
14 8 15
14 9 8
14 10 6
14 11 9
14 12 11
14 13 12
14 14 -1
14 15 7
14 16 5
14 17 7
14 18 9
14 19 10
14 20 7
15 1 13
15 2 10
15 3 23
15 4 14
15 5 19
15 6 10
15 7 20
15 8 21
15 9 15
15 10 9
15 11 15
15 12 15
15 13 15
15 14 7
15 15 -1
15 16 1
15 17 12
15 18 13
15 19 17
15 20 1
16 1 11
16 2 9
16 3 22
16 4 13
16 5 17
16 6 9
16 7 18
16 8 20
16 9 14
16 10 8
16 11 13
16 12 14
16 13 14
16 14 5
16 15 1
16 16 -1
16 17 11
16 18 12
16 19 16
16 20 2
17 1 12
17 2 2
17 3 16
17 4 18
17 5 15
17 6 7
17 7 14
17 8 18
17 9 11
17 10 13
17 11 13
17 12 3
17 13 19
17 14 7
17 15 12
17 16 11
17 17 -1
17 18 2
17 19 7
17 20 13
18 1 14
18 2 3
18 3 18
18 4 20
18 5 17
18 6 10
18 7 16
18 8 20
18 9 13
18 10 15
18 11 15
18 12 2
18 13 21
18 14 9
18 15 13
18 16 12
18 17 2
18 18 -1
18 19 9
18 20 14
19 1 10
19 2 8
19 3 9
19 4 17
19 5 10
19 6 8
19 7 7
19 8 13
19 9 7
19 10 15
19 11 10
19 12 9
19 13 18
19 14 10
19 15 17
19 16 16
19 17 7
19 18 9
19 19 -1
19 20 17
20 1 12
20 2 11
20 3 23
20 4 13
20 5 18
20 6 10
20 7 19
20 8 21
20 9 15
20 10 8
20 11 14
20 12 16
20 13 14
20 14 7
20 15 1
20 16 2
20 17 13
20 18 14
20 19 17
20 20 -1
