1 1 1
1 2 45
1 3 57
1 4 32
1 5 49
1 6 7
1 7 25
1 8 61
1 9 70
1 10 28
1 11 48
1 12 11
1 13 57
1 14 70
1 15 79
1 16 83
1 17 54
1 18 70
1 19 15
1 20 29
1 21 100
1 22 24
1 23 86
1 24 98
1 25 20
1 26 10
1 27 53
1 28 52
1 29 52
1 30 88
1 31 56
1 32 11
1 33 45
1 34 54
1 35 44
1 36 35
1 37 48
1 38 16
1 39 97
1 40 11
1 41 88
1 42 14
1 43 32
1 44 13
1 45 92
1 46 19
1 47 97
1 48 34
1 49 49
1 50 1
2 1 78
2 2 72
2 3 7
2 4 17
2 5 98
2 6 39
2 7 90
2 8 28
2 9 55
2 10 93
2 11 17
2 12 84
2 13 16
2 14 19
2 15 87
2 16 9
2 17 81
2 18 66
2 19 26
2 20 2
2 21 93
2 22 21
2 23 75
2 24 58
2 25 16
2 26 1
2 27 12
2 28 68
2 29 88
2 30 15
2 31 30
2 32 80
2 33 53
2 34 9
2 35 75
2 36 38
2 37 56
2 38 35
2 39 3
2 40 94
2 41 58
2 42 4
2 43 3
2 44 18
2 45 9
2 46 70
2 47 9
2 48 13
2 49 43
2 50 50
3 1 79
3 2 98
3 3 99
3 4 68
3 5 67
3 6 32
3 7 100
3 8 90
3 9 9
3 10 25
3 11 36
3 12 98
3 13 38
3 14 47
3 15 23
3 16 99
3 17 11
3 18 48
3 19 77
3 20 34
3 21 4
3 22 48
3 23 25
3 24 58
3 25 90
3 26 23
3 27 72
3 28 91
3 29 35
3 30 90
3 31 27
3 32 68
3 33 13
3 34 61
3 35 4
3 36 18
3 37 89
3 38 19
3 39 74
3 40 34
3 41 24
3 42 76
3 43 50
3 44 91
3 45 13
3 46 39
3 47 94
3 48 17
3 49 12
3 50 91
4 1 36
4 2 45
4 3 11
4 4 28
4 5 62
4 6 98
4 7 10
4 8 1
4 9 45
4 10 27
4 11 36
4 12 71
4 13 9
4 14 62
4 15 2
4 16 95
4 17 36
4 18 99
4 19 4
4 20 69
4 21 66
4 22 82
4 23 19
4 24 77
4 25 80
4 26 83
4 27 83
4 28 29
4 29 48
4 30 73
4 31 76
4 32 49
4 33 22
4 34 91
4 35 77
4 36 28
4 37 43
4 38 87
4 39 29
4 40 86
4 41 44
4 42 3
4 43 56
4 44 10
4 45 61
4 46 20
4 47 88
4 48 80
4 49 18
4 50 41
5 1 90
5 2 25
5 3 24
5 4 33
5 5 19
5 6 57
5 7 67
5 8 21
5 9 85
5 10 23
5 11 44
5 12 21
5 13 88
5 14 30
5 15 32
5 16 10
5 17 35
5 18 20
5 19 7
5 20 70
5 21 91
5 22 85
5 23 76
5 24 49
5 25 91
5 26 17
5 27 99
5 28 51
5 29 56
5 30 22
5 31 58
5 32 53
5 33 53
5 34 58
5 35 47
5 36 75
5 37 53
5 38 59
5 39 37
5 40 58
5 41 25
5 42 36
5 43 16
5 44 21
5 45 19
5 46 90
5 47 92
5 48 8
5 49 42
5 50 75
6 1 32
6 2 88
6 3 89
6 4 86
6 5 76
6 6 69
6 7 50
6 8 88
6 9 14
6 10 18
6 11 41
6 12 60
6 13 43
6 14 9
6 15 22
6 16 43
6 17 10
6 18 49
6 19 65
6 20 71
6 21 99
6 22 72
6 23 81
6 24 12
6 25 3
6 26 71
6 27 59
6 28 50
6 29 14
6 30 78
6 31 19
6 32 95
6 33 100
6 34 7
6 35 38
6 36 73
6 37 89
6 38 92
6 39 9
6 40 91
6 41 71
6 42 51
6 43 79
6 44 26
6 45 46
6 46 99
6 47 57
6 48 8
6 49 68
6 50 14
7 1 70
7 2 33
7 3 59
7 4 19
7 5 1
7 6 62
7 7 76
7 8 46
7 9 19
7 10 86
7 11 78
7 12 100
7 13 46
7 14 69
7 15 13
7 16 72
7 17 76
7 18 89
7 19 26
7 20 92
7 21 7
7 22 69
7 23 15
7 24 17
7 25 70
7 26 85
7 27 8
7 28 66
7 29 16
7 30 74
7 31 45
7 32 58
7 33 33
7 34 7
7 35 64
7 36 6
7 37 95
7 38 2
7 39 59
7 40 43
7 41 56
7 42 74
7 43 45
7 44 81
7 45 26
7 46 18
7 47 34
7 48 3
7 49 54
7 50 77
8 1 49
8 2 71
8 3 74
8 4 93
8 5 39
8 6 46
8 7 57
8 8 43
8 9 85
8 10 98
8 11 64
8 12 3
8 13 34
8 14 59
8 15 96
8 16 93
8 17 60
8 18 85
8 19 92
8 20 18
8 21 33
8 22 76
8 23 42
8 24 29
8 25 74
8 26 73
8 27 11
8 28 55
8 29 30
8 30 100
8 31 80
8 32 89
8 33 96
8 34 13
8 35 38
8 36 60
8 37 60
8 38 26
8 39 76
8 40 46
8 41 89
8 42 3
8 43 4
8 44 21
8 45 72
8 46 9
8 47 41
8 48 88
8 49 13
8 50 72
9 1 84
9 2 47
9 3 100
9 4 34
9 5 34
9 6 91
9 7 65
9 8 42
9 9 3
9 10 2
9 11 46
9 12 60
9 13 85
9 14 79
9 15 13
9 16 35
9 17 32
9 18 3
9 19 26
9 20 49
9 21 23
9 22 81
9 23 92
9 24 96
9 25 16
9 26 18
9 27 16
9 28 47
9 29 61
9 30 55
9 31 39
9 32 95
9 33 38
9 34 42
9 35 34
9 36 33
9 37 80
9 38 20
9 39 77
9 40 33
9 41 11
9 42 37
9 43 69
9 44 17
9 45 99
9 46 12
9 47 45
9 48 58
9 49 41
9 50 39
10 1 5
10 2 96
10 3 60
10 4 6
10 5 54
10 6 6
10 7 69
10 8 45
10 9 27
10 10 51
10 11 7
10 12 77
10 13 32
10 14 22
10 15 47
10 16 21
10 17 96
10 18 47
10 19 96
10 20 62
10 21 59
10 22 61
10 23 23
10 24 51
10 25 95
10 26 78
10 27 35
10 28 75
10 29 11
10 30 47
10 31 79
10 32 16
10 33 8
10 34 68
10 35 54
10 36 27
10 37 89
10 38 22
10 39 79
10 40 86
10 41 86
10 42 45
10 43 30
10 44 38
10 45 98
10 46 90
10 47 63
10 48 35
10 49 94
10 50 30
11 1 85
11 2 65
11 3 74
11 4 49
11 5 31
11 6 55
11 7 10
11 8 22
11 9 99
11 10 40
11 11 52
11 12 90
11 13 85
11 14 7
11 15 55
11 16 2
11 17 37
11 18 23
11 19 71
11 20 62
11 21 32
11 22 30
11 23 52
11 24 74
11 25 11
11 26 82
11 27 51
11 28 2
11 29 9
11 30 37
11 31 17
11 32 15
11 33 10
11 34 75
11 35 100
11 36 84
11 37 85
11 38 60
11 39 2
11 40 62
11 41 8
11 42 22
11 43 5
11 44 47
11 45 7
11 46 33
11 47 75
11 48 17
11 49 92
11 50 62
12 1 64
12 2 61
12 3 54
12 4 88
12 5 70
12 6 18
12 7 87
12 8 19
12 9 57
12 10 86
12 11 38
12 12 19
12 13 47
12 14 45
12 15 57
12 16 33
12 17 30
12 18 98
12 19 89
12 20 69
12 21 45
12 22 33
12 23 14
12 24 55
12 25 50
12 26 54
12 27 56
12 28 69
12 29 51
12 30 96
12 31 12
12 32 18
12 33 37
12 34 26
12 35 91
12 36 31
12 37 78
12 38 96
12 39 79
12 40 74
12 41 63
12 42 11
12 43 51
12 44 47
12 45 29
12 46 13
12 47 66
12 48 9
12 49 3
12 50 60
13 1 9
13 2 39
13 3 38
13 4 8
13 5 44
13 6 47
13 7 74
13 8 57
13 9 27
13 10 61
13 11 16
13 12 6
13 13 12
13 14 2
13 15 62
13 16 43
13 17 22
13 18 47
13 19 36
13 20 58
13 21 69
13 22 41
13 23 78
13 24 5
13 25 82
13 26 49
13 27 41
13 28 62
13 29 23
13 30 74
13 31 93
13 32 41
13 33 89
13 34 59
13 35 47
13 36 20
13 37 85
13 38 36
13 39 4
13 40 80
13 41 40
13 42 17
13 43 63
13 44 51
13 45 38
13 46 23
13 47 7
13 48 79
13 49 94
13 50 91
14 1 18
14 2 89
14 3 23
14 4 58
14 5 60
14 6 7
14 7 36
14 8 65
14 9 36
14 10 99
14 11 75
14 12 10
14 13 66
14 14 82
14 15 1
14 16 63
14 17 67
14 18 29
14 19 5
14 20 16
14 21 94
14 22 65
14 23 60
14 24 31
14 25 53
14 26 89
14 27 100
14 28 31
14 29 76
14 30 26
14 31 55
14 32 7
14 33 76
14 34 42
14 35 30
14 36 91
14 37 31
14 38 91
14 39 45
14 40 72
14 41 80
14 42 81
14 43 71
14 44 63
14 45 6
14 46 28
14 47 13
14 48 3
14 49 16
14 50 13
15 1 2
15 2 25
15 3 86
15 4 49
15 5 98
15 6 40
15 7 21
15 8 6
15 9 45
15 10 96
15 11 26
15 12 31
15 13 87
15 14 13
15 15 77
15 16 75
15 17 14
15 18 80
15 19 6
15 20 94
15 21 35
15 22 54
15 23 53
15 24 84
15 25 73
15 26 24
15 27 97
15 28 10
15 29 17
15 30 56
15 31 26
15 32 84
15 33 30
15 34 33
15 35 49
15 36 22
15 37 44
15 38 82
15 39 85
15 40 56
15 41 35
15 42 44
15 43 20
15 44 31
15 45 31
15 46 37
15 47 66
15 48 97
15 49 90
15 50 41
16 1 21
16 2 5
16 3 3
16 4 91
16 5 63
16 6 48
16 7 59
16 8 36
16 9 21
16 10 9
16 11 2
16 12 89
16 13 55
16 14 21
16 15 78
16 16 54
16 17 96
16 18 8
16 19 43
16 20 18
16 21 70
16 22 44
16 23 87
16 24 5
16 25 41
16 26 47
16 27 32
16 28 19
16 29 80
16 30 58
16 31 97
16 32 41
16 33 89
16 34 94
16 35 38
16 36 55
16 37 10
16 38 12
16 39 48
16 40 30
16 41 26
16 42 24
16 43 64
16 44 41
16 45 43
16 46 97
16 47 76
16 48 81
16 49 57
16 50 94
17 1 19
17 2 85
17 3 20
17 4 59
17 5 34
17 6 54
17 7 95
17 8 59
17 9 48
17 10 97
17 11 20
17 12 36
17 13 44
17 14 70
17 15 59
17 16 43
17 17 36
17 18 44
17 19 91
17 20 33
17 21 83
17 22 67
17 23 69
17 24 64
17 25 69
17 26 93
17 27 21
17 28 39
17 29 79
17 30 57
17 31 53
17 32 61
17 33 87
17 34 79
17 35 34
17 36 28
17 37 55
17 38 5
17 39 44
17 40 45
17 41 7
17 42 24
17 43 91
17 44 12
17 45 32
17 46 37
17 47 74
17 48 24
17 49 59
17 50 57
18 1 82
18 2 41
18 3 76
18 4 79
18 5 7
18 6 86
18 7 35
18 8 75
18 9 33
18 10 2
18 11 15
18 12 46
18 13 90
18 14 85
18 15 99
18 16 4
18 17 89
18 18 42
18 19 1
18 20 70
18 21 26
18 22 25
18 23 11
18 24 97
18 25 12
18 26 74
18 27 1
18 28 71
18 29 67
18 30 14
18 31 95
18 32 83
18 33 73
18 34 4
18 35 65
18 36 100
18 37 26
18 38 23
18 39 81
18 40 24
18 41 43
18 42 87
18 43 82
18 44 94
18 45 66
18 46 1
18 47 40
18 48 55
18 49 89
18 50 74
19 1 11
19 2 52
19 3 58
19 4 20
19 5 58
19 6 64
19 7 33
19 8 57
19 9 41
19 10 35
19 11 14
19 12 14
19 13 86
19 14 68
19 15 80
19 16 45
19 17 1
19 18 60
19 19 86
19 20 45
19 21 39
19 22 67
19 23 48
19 24 1
19 25 23
19 26 16
19 27 28
19 28 20
19 29 49
19 30 43
19 31 45
19 32 68
19 33 90
19 34 10
19 35 23
19 36 87
19 37 21
19 38 49
19 39 32
19 40 69
19 41 29
19 42 14
19 43 74
19 44 15
19 45 22
19 46 77
19 47 15
19 48 57
19 49 27
19 50 71
20 1 100
20 2 37
20 3 84
20 4 65
20 5 14
20 6 10
20 7 11
20 8 71
20 9 86
20 10 78
20 11 12
20 12 22
20 13 44
20 14 70
20 15 44
20 16 94
20 17 96
20 18 80
20 19 50
20 20 56
20 21 48
20 22 59
20 23 91
20 24 25
20 25 6
20 26 75
20 27 90
20 28 99
20 29 22
20 30 15
20 31 12
20 32 79
20 33 22
20 34 63
20 35 68
20 36 100
20 37 35
20 38 56
20 39 15
20 40 77
20 41 31
20 42 80
20 43 95
20 44 79
20 45 77
20 46 19
20 47 28
20 48 12
20 49 42
20 50 14
21 1 57
21 2 14
21 3 100
21 4 45
21 5 63
21 6 75
21 7 76
21 8 43
21 9 68
21 10 11
21 11 26
21 12 60
21 13 10
21 14 33
21 15 4
21 16 67
21 17 18
21 18 88
21 19 90
21 20 39
21 21 35
21 22 88
21 23 20
21 24 2
21 25 30
21 26 35
21 27 20
21 28 95
21 29 48
21 30 26
21 31 37
21 32 18
21 33 60
21 34 60
21 35 47
21 36 84
21 37 74
21 38 72
21 39 57
21 40 96
21 41 15
21 42 95
21 43 46
21 44 94
21 45 10
21 46 61
21 47 28
21 48 86
21 49 21
21 50 15
22 1 79
22 2 12
22 3 57
22 4 94
22 5 20
22 6 27
22 7 32
22 8 85
22 9 16
22 10 86
22 11 96
22 12 61
22 13 14
22 14 75
22 15 41
22 16 73
22 17 58
22 18 75
22 19 95
22 20 4
22 21 5
22 22 18
22 23 34
22 24 95
22 25 89
22 26 28
22 27 43
22 28 59
22 29 95
22 30 87
22 31 57
22 32 67
22 33 69
22 34 42
22 35 12
22 36 93
22 37 59
22 38 88
22 39 35
22 40 88
22 41 72
22 42 69
22 43 67
22 44 77
22 45 9
22 46 74
22 47 82
22 48 36
22 49 16
22 50 61
23 1 99
23 2 15
23 3 4
23 4 70
23 5 31
23 6 22
23 7 51
23 8 37
23 9 18
23 10 77
23 11 80
23 12 77
23 13 14
23 14 46
23 15 50
23 16 32
23 17 68
23 18 11
23 19 69
23 20 17
23 21 31
23 22 65
23 23 19
23 24 66
23 25 2
23 26 73
23 27 92
23 28 87
23 29 95
23 30 30
23 31 49
23 32 72
23 33 66
23 34 7
23 35 97
23 36 83
23 37 69
23 38 58
23 39 45
23 40 28
23 41 29
23 42 13
23 43 55
23 44 51
23 45 17
23 46 84
23 47 3
23 48 57
23 49 72
23 50 5
24 1 98
24 2 20
24 3 85
24 4 43
24 5 36
24 6 1
24 7 55
24 8 47
24 9 24
24 10 89
24 11 34
24 12 78
24 13 32
24 14 7
24 15 1
24 16 62
24 17 58
24 18 100
24 19 41
24 20 17
24 21 75
24 22 89
24 23 2
24 24 9
24 25 32
24 26 98
24 27 58
24 28 1
24 29 17
24 30 15
24 31 39
24 32 52
24 33 20
24 34 73
24 35 87
24 36 85
24 37 21
24 38 76
24 39 56
24 40 21
24 41 38
24 42 85
24 43 56
24 44 25
24 45 4
24 46 92
24 47 62
24 48 24
24 49 69
24 50 66
25 1 35
25 2 71
25 3 53
25 4 100
25 5 94
25 6 17
25 7 97
25 8 76
25 9 47
25 10 26
25 11 74
25 12 80
25 13 31
25 14 57
25 15 2
25 16 12
25 17 58
25 18 64
25 19 41
25 20 23
25 21 5
25 22 66
25 23 76
25 24 32
25 25 3
25 26 7
25 27 15
25 28 33
25 29 11
25 30 47
25 31 92
25 32 72
25 33 98
25 34 35
25 35 76
25 36 73
25 37 43
25 38 10
25 39 96
25 40 84
25 41 100
25 42 49
25 43 27
25 44 24
25 45 58
25 46 20
25 47 43
25 48 93
25 49 7
25 50 60
26 1 10
26 2 92
26 3 44
26 4 43
26 5 92
26 6 100
26 7 85
26 8 76
26 9 50
26 10 95
26 11 85
26 12 76
26 13 31
26 14 30
26 15 41
26 16 95
26 17 44
26 18 86
26 19 89
26 20 90
26 21 16
26 22 3
26 23 36
26 24 27
26 25 18
26 26 94
26 27 70
26 28 69
26 29 96
26 30 29
26 31 54
26 32 92
26 33 64
26 34 45
26 35 47
26 36 55
26 37 36
26 38 11
26 39 77
26 40 6
26 41 59
26 42 5
26 43 40
26 44 18
26 45 96
26 46 3
26 47 89
26 48 83
26 49 91
26 50 6
27 1 34
27 2 52
27 3 39
27 4 27
27 5 4
27 6 56
27 7 96
27 8 10
27 9 10
27 10 37
27 11 49
27 12 99
27 13 48
27 14 50
27 15 74
27 16 38
27 17 64
27 18 62
27 19 52
27 20 30
27 21 22
27 22 23
27 23 42
27 24 67
27 25 93
27 26 68
27 27 45
27 28 18
27 29 84
27 30 47
27 31 59
27 32 96
27 33 55
27 34 47
27 35 94
27 36 44
27 37 28
27 38 9
27 39 17
27 40 14
27 41 74
27 42 46
27 43 40
27 44 18
27 45 83
27 46 88
27 47 18
27 48 19
27 49 76
27 50 77
28 1 41
28 2 36
28 3 51
28 4 10
28 5 56
28 6 9
28 7 60
28 8 66
28 9 35
28 10 87
28 11 73
28 12 18
28 13 41
28 14 5
28 15 28
28 16 22
28 17 34
28 18 27
28 19 5
28 20 15
28 21 31
28 22 100
28 23 4
28 24 66
28 25 79
28 26 6
28 27 28
28 28 33
28 29 38
28 30 47
28 31 12
28 32 35
28 33 12
28 34 57
28 35 78
28 36 90
28 37 79
28 38 38
28 39 43
28 40 66
28 41 67
28 42 61
28 43 19
28 44 80
28 45 91
28 46 90
28 47 38
28 48 19
28 49 97
28 50 59
29 1 75
29 2 51
29 3 37
29 4 6
29 5 78
29 6 9
29 7 18
29 8 29
29 9 69
29 10 54
29 11 37
29 12 1
29 13 49
29 14 62
29 15 1
29 16 3
29 17 18
29 18 12
29 19 17
29 20 56
29 21 18
29 22 36
29 23 31
29 24 68
29 25 89
29 26 73
29 27 2
29 28 40
29 29 26
29 30 10
29 31 12
29 32 97
29 33 81
29 34 82
29 35 87
29 36 37
29 37 18
29 38 91
29 39 20
29 40 25
29 41 25
29 42 15
29 43 6
29 44 55
29 45 47
29 46 11
29 47 12
29 48 36
29 49 52
29 50 75
30 1 64
30 2 25
30 3 46
30 4 27
30 5 81
30 6 100
30 7 24
30 8 90
30 9 62
30 10 44
30 11 52
30 12 42
30 13 28
30 14 56
30 15 64
30 16 21
30 17 9
30 18 3
30 19 89
30 20 76
30 21 26
30 22 31
30 23 27
30 24 74
30 25 77
30 26 16
30 27 79
30 28 46
30 29 42
30 30 63
30 31 31
30 32 6
30 33 67
30 34 43
30 35 36
30 36 42
30 37 89
30 38 11
30 39 69
30 40 91
30 41 53
30 42 69
30 43 65
30 44 12
30 45 40
30 46 95
30 47 15
30 48 5
30 49 40
30 50 51
31 1 44
31 2 26
31 3 64
31 4 67
31 5 95
31 6 14
31 7 5
31 8 25
31 9 51
31 10 25
31 11 47
31 12 58
31 13 18
31 14 58
31 15 94
31 16 43
31 17 19
31 18 15
31 19 79
31 20 94
31 21 88
31 22 97
31 23 21
31 24 86
31 25 54
31 26 93
31 27 35
31 28 53
31 29 76
31 30 32
31 31 51
31 32 56
31 33 30
31 34 80
31 35 31
31 36 46
31 37 93
31 38 61
31 39 71
31 40 29
31 41 19
31 42 20
31 43 44
31 44 61
31 45 49
31 46 11
31 47 12
31 48 20
31 49 75
31 50 100
32 1 1
32 2 17
32 3 5
32 4 23
32 5 18
32 6 63
32 7 34
32 8 92
32 9 95
32 10 22
32 11 66
32 12 50
32 13 66
32 14 32
32 15 38
32 16 55
32 17 17
32 18 63
32 19 74
32 20 48
32 21 80
32 22 20
32 23 11
32 24 14
32 25 6
32 26 97
32 27 65
32 28 13
32 29 38
32 30 78
32 31 69
32 32 66
32 33 80
32 34 87
32 35 97
32 36 9
32 37 100
32 38 5
32 39 12
32 40 79
32 41 2
32 42 7
32 43 62
32 44 59
32 45 91
32 46 63
32 47 97
32 48 91
32 49 41
32 50 20
33 1 78
33 2 25
33 3 27
33 4 74
33 5 37
33 6 36
33 7 77
33 8 43
33 9 99
33 10 37
33 11 89
33 12 51
33 13 99
33 14 55
33 15 77
33 16 21
33 17 32
33 18 7
33 19 14
33 20 51
33 21 5
33 22 87
33 23 65
33 24 67
33 25 24
33 26 6
33 27 85
33 28 99
33 29 3
33 30 31
33 31 44
33 32 81
33 33 47
33 34 53
33 35 43
33 36 80
33 37 31
33 38 44
33 39 26
33 40 78
33 41 13
33 42 98
33 43 93
33 44 91
33 45 76
33 46 84
33 47 40
33 48 49
33 49 18
33 50 46
34 1 23
34 2 43
34 3 7
34 4 84
34 5 97
34 6 80
34 7 39
34 8 21
34 9 84
34 10 59
34 11 35
34 12 93
34 13 44
34 14 55
34 15 4
34 16 9
34 17 20
34 18 37
34 19 79
34 20 24
34 21 55
34 22 45
34 23 19
34 24 69
34 25 98
34 26 50
34 27 12
34 28 8
34 29 25
34 30 56
34 31 53
34 32 59
34 33 49
34 34 81
34 35 15
34 36 49
34 37 77
34 38 61
34 39 96
34 40 33
34 41 64
34 42 52
34 43 49
34 44 51
34 45 1
34 46 66
34 47 6
34 48 44
34 49 81
34 50 20
35 1 47
35 2 48
35 3 76
35 4 42
35 5 32
35 6 68
35 7 1
35 8 41
35 9 4
35 10 49
35 11 50
35 12 41
35 13 32
35 14 61
35 15 100
35 16 22
35 17 51
35 18 62
35 19 95
35 20 47
35 21 17
35 22 65
35 23 81
35 24 34
35 25 83
35 26 56
35 27 39
35 28 36
35 29 38
35 30 75
35 31 47
35 32 1
35 33 31
35 34 84
35 35 98
35 36 74
35 37 14
35 38 37
35 39 12
35 40 96
35 41 19
35 42 48
35 43 92
35 44 19
35 45 5
35 46 46
35 47 68
35 48 92
35 49 59
35 50 20
36 1 30
36 2 84
36 3 54
36 4 45
36 5 24
36 6 29
36 7 94
36 8 7
36 9 47
36 10 77
36 11 36
36 12 40
36 13 70
36 14 18
36 15 77
36 16 64
36 17 28
36 18 73
36 19 9
36 20 35
36 21 33
36 22 94
36 23 84
36 24 27
36 25 54
36 26 37
36 27 38
36 28 4
36 29 13
36 30 78
36 31 17
36 32 24
36 33 12
36 34 19
36 35 12
36 36 73
36 37 76
36 38 94
36 39 54
36 40 24
36 41 46
36 42 81
36 43 45
36 44 21
36 45 45
36 46 55
36 47 68
36 48 26
36 49 25
36 50 81
37 1 27
37 2 45
37 3 5
37 4 16
37 5 70
37 6 21
37 7 94
37 8 94
37 9 24
37 10 98
37 11 39
37 12 38
37 13 97
37 14 99
37 15 26
37 16 97
37 17 25
37 18 100
37 19 98
37 20 5
37 21 35
37 22 74
37 23 79
37 24 26
37 25 31
37 26 53
37 27 4
37 28 42
37 29 37
37 30 16
37 31 42
37 32 19
37 33 45
37 34 99
37 35 56
37 36 45
37 37 16
37 38 96
37 39 92
37 40 33
37 41 33
37 42 68
37 43 93
37 44 80
37 45 54
37 46 17
37 47 45
37 48 85
37 49 38
37 50 15
38 1 69
38 2 41
38 3 73
38 4 26
38 5 42
38 6 34
38 7 56
38 8 81
38 9 97
38 10 68
38 11 80
38 12 75
38 13 86
38 14 29
38 15 24
38 16 90
38 17 39
38 18 34
38 19 100
38 20 52
38 21 50
38 22 33
38 23 68
38 24 32
38 25 15
38 26 25
38 27 10
38 28 15
38 29 35
38 30 56
38 31 64
38 32 1
38 33 80
38 34 64
38 35 18
38 36 27
38 37 71
38 38 19
38 39 64
38 40 82
38 41 76
38 42 71
38 43 45
38 44 52
38 45 50
38 46 69
38 47 33
38 48 20
38 49 72
38 50 88
39 1 68
39 2 69
39 3 90
39 4 98
39 5 79
39 6 39
39 7 98
39 8 23
39 9 27
39 10 65
39 11 41
39 12 89
39 13 33
39 14 29
39 15 47
39 16 10
39 17 85
39 18 90
39 19 53
39 20 12
39 21 29
39 22 47
39 23 42
39 24 39
39 25 67
39 26 71
39 27 24
39 28 9
39 29 40
39 30 87
39 31 60
39 32 19
39 33 11
39 34 63
39 35 95
39 36 43
39 37 72
39 38 78
39 39 48
39 40 99
39 41 84
39 42 18
39 43 25
39 44 68
39 45 56
39 46 31
39 47 22
39 48 22
39 49 82
39 50 46
40 1 79
40 2 56
40 3 50
40 4 63
40 5 26
40 6 85
40 7 66
40 8 50
40 9 43
40 10 70
40 11 35
40 12 72
40 13 52
40 14 97
40 15 88
40 16 35
40 17 12
40 18 42
40 19 60
40 20 16
40 21 34
40 22 98
40 23 8
40 24 32
40 25 53
40 26 98
40 27 94
40 28 13
40 29 99
40 30 44
40 31 96
40 32 90
40 33 46
40 34 1
40 35 83
40 36 88
40 37 34
40 38 74
40 39 55
40 40 86
40 41 14
40 42 68
40 43 15
40 44 83
40 45 33
40 46 26
40 47 37
40 48 18
40 49 92
40 50 36
41 1 52
41 2 53
41 3 92
41 4 77
41 5 27
41 6 25
41 7 99
41 8 41
41 9 74
41 10 86
41 11 19
41 12 86
41 13 50
41 14 21
41 15 83
41 16 59
41 17 22
41 18 81
41 19 35
41 20 19
41 21 99
41 22 33
41 23 27
41 24 29
41 25 43
41 26 8
41 27 4
41 28 84
41 29 67
41 30 72
41 31 78
41 32 49
41 33 50
41 34 55
41 35 14
41 36 86
41 37 63
41 38 67
41 39 94
41 40 80
41 41 50
41 42 68
41 43 16
41 44 58
41 45 11
41 46 67
41 47 43
41 48 26
41 49 37
41 50 21
42 1 74
42 2 71
42 3 31
42 4 49
42 5 10
42 6 19
42 7 78
42 8 71
42 9 2
42 10 4
42 11 1
42 12 9
42 13 56
42 14 47
42 15 43
42 16 24
42 17 25
42 18 63
42 19 72
42 20 75
42 21 31
42 22 16
42 23 5
42 24 86
42 25 55
42 26 16
42 27 38
42 28 61
42 29 66
42 30 78
42 31 45
42 32 31
42 33 93
42 34 65
42 35 78
42 36 4
42 37 87
42 38 11
42 39 4
42 40 69
42 41 98
42 42 3
42 43 25
42 44 97
42 45 37
42 46 57
42 47 41
42 48 48
42 49 69
42 50 72
43 1 53
43 2 64
43 3 8
43 4 91
43 5 18
43 6 49
43 7 63
43 8 51
43 9 76
43 10 95
43 11 17
43 12 81
43 13 93
43 14 41
43 15 8
43 16 52
43 17 93
43 18 58
43 19 88
43 20 18
43 21 30
43 22 31
43 23 86
43 24 57
43 25 9
43 26 4
43 27 15
43 28 9
43 29 44
43 30 6
43 31 59
43 32 55
43 33 27
43 34 12
43 35 100
43 36 43
43 37 85
43 38 63
43 39 99
43 40 13
43 41 57
43 42 8
43 43 65
43 44 25
43 45 6
43 46 59
43 47 36
43 48 32
43 49 64
43 50 86
44 1 38
44 2 17
44 3 85
44 4 63
44 5 28
44 6 68
44 7 58
44 8 23
44 9 59
44 10 46
44 11 16
44 12 50
44 13 34
44 14 72
44 15 24
44 16 20
44 17 80
44 18 40
44 19 17
44 20 63
44 21 54
44 22 53
44 23 4
44 24 88
44 25 19
44 26 63
44 27 17
44 28 67
44 29 89
44 30 66
44 31 88
44 32 80
44 33 98
44 34 5
44 35 77
44 36 59
44 37 69
44 38 50
44 39 14
44 40 92
44 41 20
44 42 47
44 43 22
44 44 49
44 45 87
44 46 97
44 47 9
44 48 58
44 49 90
44 50 13
45 1 90
45 2 63
45 3 42
45 4 63
45 5 73
45 6 72
45 7 51
45 8 51
45 9 77
45 10 40
45 11 100
45 12 23
45 13 26
45 14 46
45 15 47
45 16 68
45 17 17
45 18 66
45 19 87
45 20 31
45 21 53
45 22 59
45 23 100
45 24 1
45 25 66
45 26 1
45 27 46
45 28 63
45 29 59
45 30 71
45 31 45
45 32 82
45 33 40
45 34 79
45 35 34
45 36 4
45 37 46
45 38 56
45 39 91
45 40 40
45 41 85
45 42 22
45 43 26
45 44 89
45 45 4
45 46 71
45 47 75
45 48 28
45 49 31
45 50 57
46 1 71
46 2 31
46 3 99
46 4 34
46 5 35
46 6 45
46 7 17
46 8 53
46 9 57
46 10 10
46 11 15
46 12 47
46 13 77
46 14 97
46 15 69
46 16 50
46 17 48
46 18 1
46 19 95
46 20 21
46 21 51
46 22 34
46 23 45
46 24 23
46 25 90
46 26 64
46 27 87
46 28 19
46 29 2
46 30 61
46 31 34
46 32 10
46 33 47
46 34 42
46 35 96
46 36 30
46 37 58
46 38 92
46 39 68
46 40 93
46 41 76
46 42 29
46 43 72
46 44 96
46 45 97
46 46 44
46 47 40
46 48 20
46 49 70
46 50 15
47 1 6
47 2 66
47 3 45
47 4 41
47 5 6
47 6 40
47 7 37
47 8 15
47 9 92
47 10 85
47 11 64
47 12 60
47 13 100
47 14 22
47 15 60
47 16 51
47 17 92
47 18 99
47 19 63
47 20 94
47 21 46
47 22 9
47 23 26
47 24 21
47 25 3
47 26 42
47 27 43
47 28 91
47 29 76
47 30 60
47 31 39
47 32 24
47 33 40
47 34 2
47 35 63
47 36 80
47 37 71
47 38 39
47 39 11
47 40 45
47 41 52
47 42 66
47 43 92
47 44 18
47 45 56
47 46 17
47 47 59
47 48 49
47 49 97
47 50 89
48 1 26
48 2 30
48 3 27
48 4 93
48 5 97
48 6 94
48 7 86
48 8 77
48 9 89
48 10 85
48 11 21
48 12 85
48 13 59
48 14 28
48 15 49
48 16 51
48 17 33
48 18 94
48 19 2
48 20 100
48 21 87
48 22 83
48 23 44
48 24 31
48 25 76
48 26 92
48 27 71
48 28 4
48 29 15
48 30 73
48 31 42
48 32 47
48 33 65
48 34 50
48 35 2
48 36 71
48 37 14
48 38 75
48 39 85
48 40 23
48 41 28
48 42 13
48 43 96
48 44 37
48 45 78
48 46 21
48 47 55
48 48 7
48 49 100
48 50 6
49 1 45
49 2 37
49 3 12
49 4 56
49 5 19
49 6 20
49 7 35
49 8 1
49 9 100
49 10 75
49 11 14
49 12 5
49 13 76
49 14 72
49 15 75
49 16 50
49 17 79
49 18 37
49 19 31
49 20 99
49 21 1
49 22 83
49 23 82
49 24 88
49 25 1
49 26 53
49 27 85
49 28 97
49 29 47
49 30 55
49 31 25
49 32 96
49 33 76
49 34 19
49 35 97
49 36 95
49 37 13
49 38 88
49 39 79
49 40 38
49 41 51
49 42 71
49 43 32
49 44 72
49 45 42
49 46 38
49 47 73
49 48 76
49 49 20
49 50 57
50 1 48
50 2 59
50 3 84
50 4 29
50 5 86
50 6 90
50 7 52
50 8 95
50 9 50
50 10 42
50 11 40
50 12 28
50 13 34
50 14 13
50 15 77
50 16 39
50 17 26
50 18 12
50 19 30
50 20 72
50 21 3
50 22 32
50 23 31
50 24 44
50 25 89
50 26 14
50 27 44
50 28 91
50 29 23
50 30 44
50 31 7
50 32 3
50 33 99
50 34 30
50 35 55
50 36 5
50 37 43
50 38 38
50 39 25
50 40 32
50 41 8
50 42 21
50 43 46
50 44 22
50 45 55
50 46 88
50 47 10
50 48 37
50 49 3
50 50 48
