1 1 -1
1 2 17
1 3 17
1 4 17
1 5 4
1 6 14
1 7 20
1 8 13
1 9 21
1 10 10
1 11 13
1 12 16
1 13 25
1 14 23
1 15 9
1 16 3
1 17 8
1 18 10
1 19 8
1 20 17
1 21 14
1 22 7
1 23 5
1 24 24
1 25 13
1 26 18
1 27 20
1 28 23
1 29 9
1 30 27
1 31 24
1 32 21
1 33 17
1 34 6
1 35 10
2 1 17
2 2 -1
2 3 34
2 4 33
2 5 16
2 6 31
2 7 29
2 8 30
2 9 27
2 10 27
2 11 25
2 12 31
2 13 29
2 14 28
2 15 8
2 16 19
2 17 17
2 18 10
2 19 21
2 20 9
2 21 31
2 22 13
2 23 14
2 24 29
2 25 30
2 26 33
2 27 35
2 28 26
2 29 26
2 30 39
2 31 16
2 32 19
2 33 9
2 34 23
2 35 7
3 1 17
3 2 34
3 3 -1
3 4 5
3 5 19
3 6 9
3 7 20
3 8 4
3 9 23
3 10 9
3 11 13
3 12 14
3 13 28
3 14 25
3 15 26
3 16 16
3 17 21
3 18 27
3 19 18
3 20 32
3 21 3
3 22 22
3 23 20
3 24 26
3 25 6
3 26 7
3 27 9
3 28 28
3 29 8
3 30 18
3 31 37
3 32 31
3 33 34
3 34 11
3 35 27
4 1 17
4 2 33
4 3 5
4 4 -1
4 5 20
4 6 14
4 7 15
4 8 6
4 9 18
4 10 13
4 11 9
4 12 19
4 13 23
4 14 20
4 15 25
4 16 17
4 17 23
4 18 28
4 19 20
4 20 30
4 21 5
4 22 20
4 23 18
4 24 21
4 25 10
4 26 2
4 27 4
4 28 23
4 29 10
4 30 13
4 31 33
4 32 27
4 33 34
4 34 12
4 35 26
5 1 4
5 2 16
5 3 19
5 4 20
5 5 -1
5 6 15
5 7 24
5 8 15
5 9 25
5 10 11
5 11 17
5 12 15
5 13 29
5 14 27
5 15 10
5 16 3
5 17 4
5 18 8
5 19 5
5 20 19
5 21 17
5 22 10
5 23 9
5 24 28
5 25 14
5 26 21
5 27 24
5 28 27
5 29 11
5 30 31
5 31 26
5 32 25
5 33 14
5 34 8
5 35 10
6 1 14
6 2 31
6 3 9
6 4 14
6 5 15
6 6 -1
6 7 26
6 8 8
6 9 29
6 10 4
6 11 18
6 12 5
6 13 34
6 14 31
6 15 24
6 16 12
6 17 15
6 18 23
6 19 11
6 20 32
6 21 9
6 22 21
6 23 19
6 24 32
6 25 4
6 26 16
6 27 18
6 28 33
6 29 7
6 30 27
6 31 38
6 32 34
6 33 29
6 34 9
6 35 24
7 1 20
7 2 29
7 3 20
7 4 15
7 5 24
7 6 26
7 7 -1
7 8 19
7 9 3
7 10 23
7 11 8
7 12 31
7 13 7
7 14 5
7 15 22
7 16 23
7 17 28
7 18 29
7 19 28
7 20 21
7 21 18
7 22 16
7 23 16
7 24 5
7 25 22
7 26 14
7 27 13
7 28 8
7 29 19
7 30 12
7 31 22
7 32 15
7 33 34
7 34 20
7 35 23
8 1 13
8 2 30
8 3 4
8 4 6
8 5 15
8 6 8
8 7 19
8 8 -1
8 9 21
8 10 6
8 11 11
8 12 13
8 13 26
8 14 23
8 15 22
8 16 12
8 17 17
8 18 23
8 19 14
8 20 28
8 21 1
8 22 18
8 23 16
8 24 24
8 25 4
8 26 8
8 27 10
8 28 26
8 29 4
8 30 19
8 31 33
8 32 28
8 33 30
8 34 7
8 35 23
9 1 21
9 2 27
9 3 23
9 4 18
9 5 25
9 6 29
9 7 3
9 8 21
9 9 -1
9 10 25
9 11 10
9 12 33
9 13 5
9 14 2
9 15 21
9 16 24
9 17 29
9 18 28
9 19 29
9 20 20
9 21 21
9 22 16
9 23 16
9 24 3
9 25 25
9 26 17
9 27 17
9 28 5
9 29 21
9 30 15
9 31 19
9 32 12
9 33 34
9 34 21
9 35 22
10 1 10
10 2 27
10 3 9
10 4 13
10 5 11
10 6 4
10 7 23
10 8 6
10 9 25
10 10 -1
10 11 15
10 12 7
10 13 30
10 14 27
10 15 19
10 16 8
10 17 12
10 18 19
10 19 8
10 20 27
10 21 8
10 22 17
10 23 15
10 24 28
10 25 3
10 26 14
10 27 17
10 28 29
10 29 4
10 30 25
10 31 33
10 32 30
10 33 25
10 34 5
10 35 20
11 1 13
11 2 25
11 3 13
11 4 9
11 5 17
11 6 18
11 7 8
11 8 11
11 9 10
11 10 15
11 11 -1
11 12 23
11 13 15
11 14 12
11 15 18
11 16 15
11 17 21
11 18 23
11 19 20
11 20 21
11 21 11
11 22 12
11 23 11
11 24 13
11 25 14
11 26 9
11 27 10
11 28 14
11 29 11
11 30 14
11 31 24
11 32 18
11 33 29
11 34 12
11 35 19
12 1 16
12 2 31
12 3 14
12 4 19
12 5 15
12 6 5
12 7 31
12 8 13
12 9 33
12 10 7
12 11 23
12 12 -1
12 13 38
12 14 35
12 15 25
12 16 13
12 17 14
12 18 22
12 19 10
12 20 33
12 21 14
12 22 24
12 23 21
12 24 36
12 25 9
12 26 21
12 27 23
12 28 37
12 29 11
12 30 32
12 31 40
12 32 37
12 33 28
12 34 12
12 35 25
13 1 25
13 2 29
13 3 28
13 4 23
13 5 29
13 6 34
13 7 7
13 8 26
13 9 5
13 10 30
13 11 15
13 12 38
13 13 -1
13 14 2
13 15 24
13 16 28
13 17 33
13 18 31
13 19 33
13 20 20
13 21 26
13 22 19
13 23 20
13 24 2
13 25 30
13 26 22
13 27 21
13 28 2
13 29 26
13 30 18
13 31 18
13 32 10
13 33 36
13 34 26
13 35 25
14 1 23
14 2 28
14 3 25
14 4 20
14 5 27
14 6 31
14 7 5
14 8 23
14 9 2
14 10 27
14 11 12
14 12 35
14 13 2
14 14 -1
14 15 22
14 16 26
14 17 31
14 18 30
14 19 31
14 20 20
14 21 23
14 22 17
14 23 18
14 24 1
14 25 27
14 26 19
14 27 18
14 28 4
14 29 23
14 30 16
14 31 19
14 32 11
14 33 35
14 34 23
14 35 24
15 1 9
15 2 8
15 3 26
15 4 25
15 5 10
15 6 24
15 7 22
15 8 22
15 9 21
15 10 19
15 11 18
15 12 25
15 13 24
15 14 22
15 15 -1
15 16 12
15 17 12
15 18 8
15 19 15
15 20 9
15 21 23
15 22 5
15 23 6
15 24 23
15 25 22
15 26 25
15 27 27
15 28 21
15 29 18
15 30 32
15 31 16
15 32 17
15 33 12
15 34 15
15 35 1
16 1 3
16 2 19
16 3 16
16 4 17
16 5 3
16 6 12
16 7 23
16 8 12
16 9 24
16 10 8
16 11 15
16 12 13
16 13 28
16 14 26
16 15 12
16 16 -1
16 17 5
16 18 11
16 19 5
16 20 20
16 21 13
16 22 11
16 23 9
16 24 27
16 25 11
16 26 19
16 27 21
16 28 26
16 29 8
16 30 28
16 31 27
16 32 25
16 33 18
16 34 5
16 35 12
17 1 8
17 2 17
17 3 21
17 4 23
17 5 4
17 6 15
17 7 28
17 8 17
17 9 29
17 10 12
17 11 21
17 12 14
17 13 33
17 14 31
17 15 12
17 16 5
17 17 -1
17 18 8
17 19 4
17 20 22
17 21 19
17 22 14
17 23 13
17 24 32
17 25 15
17 26 24
17 27 27
17 28 31
17 29 13
17 30 34
17 31 29
17 32 28
17 33 14
17 34 10
17 35 12
18 1 10
18 2 10
18 3 27
18 4 28
18 5 8
18 6 23
18 7 29
18 8 23
18 9 28
18 10 19
18 11 23
18 12 22
18 13 31
18 14 30
18 15 8
18 16 11
18 17 8
18 18 -1
18 19 12
18 20 16
18 21 25
18 22 12
18 23 12
18 24 31
18 25 22
18 26 29
18 27 31
18 28 29
18 29 19
18 30 37
18 31 23
18 32 25
18 33 6
18 34 16
18 35 7
19 1 8
19 2 21
19 3 18
19 4 20
19 5 5
19 6 11
19 7 28
19 8 14
19 9 29
19 10 8
19 11 20
19 12 10
19 13 33
19 14 31
19 15 15
19 16 5
19 17 4
19 18 12
19 19 -1
19 20 24
19 21 16
19 22 16
19 23 14
19 24 32
19 25 12
19 26 22
19 27 24
19 28 31
19 29 10
19 30 32
19 31 31
19 32 30
19 33 18
19 34 8
19 35 15
20 1 17
20 2 9
20 3 32
20 4 30
20 5 19
20 6 32
20 7 21
20 8 28
20 9 20
20 10 27
20 11 21
20 12 33
20 13 20
20 14 20
20 15 9
20 16 20
20 17 22
20 18 16
20 19 24
20 20 -1
20 21 29
20 22 10
20 23 12
20 24 21
20 25 29
20 26 30
20 27 31
20 28 17
20 29 25
20 30 33
20 31 7
20 32 10
20 33 18
20 34 22
20 35 9
21 1 14
21 2 31
21 3 3
21 4 5
21 5 17
21 6 9
21 7 18
21 8 1
21 9 21
21 10 8
21 11 11
21 12 14
21 13 26
21 14 23
21 15 23
21 16 13
21 17 19
21 18 25
21 19 16
21 20 29
21 21 -1
21 22 19
21 23 17
21 24 24
21 25 5
21 26 7
21 27 9
21 28 26
21 29 5
21 30 18
21 31 34
21 32 29
21 33 31
21 34 8
21 35 24
22 1 7
22 2 13
22 3 22
22 4 20
22 5 10
22 6 21
22 7 16
22 8 18
22 9 16
22 10 17
22 11 12
22 12 24
22 13 19
22 14 17
22 15 5
22 16 11
22 17 14
22 18 12
22 19 16
22 20 10
22 21 19
22 22 -1
22 23 2
22 24 18
22 25 19
22 26 20
22 27 22
22 28 17
22 29 14
22 30 26
22 31 16
22 32 14
22 33 18
22 34 12
22 35 7
23 1 5
23 2 14
23 3 20
23 4 18
23 5 9
23 6 19
23 7 16
23 8 16
23 9 16
23 10 15
23 11 11
23 12 21
23 13 20
23 14 18
23 15 6
23 16 9
23 17 13
23 18 12
23 19 14
23 20 12
23 21 17
23 22 2
23 23 -1
23 24 19
23 25 17
23 26 18
23 27 20
23 28 18
23 29 12
23 30 25
23 31 18
23 32 16
23 33 18
23 34 10
23 35 8
24 1 24
24 2 29
24 3 26
24 4 21
24 5 28
24 6 32
24 7 5
24 8 24
24 9 3
24 10 28
24 11 13
24 12 36
24 13 2
24 14 1
24 15 23
24 16 27
24 17 32
24 18 31
24 19 32
24 20 21
24 21 24
24 22 18
24 23 19
24 24 -1
24 25 28
24 26 19
24 27 19
24 28 4
24 29 24
24 30 16
24 31 19
24 32 12
24 33 36
24 34 24
24 35 25
25 1 13
25 2 30
25 3 6
25 4 10
25 5 14
25 6 4
25 7 22
25 8 4
25 9 25
25 10 3
25 11 14
25 12 9
25 13 30
25 14 27
25 15 22
25 16 11
25 17 15
25 18 22
25 19 12
25 20 29
25 21 5
25 22 19
25 23 17
25 24 28
25 25 -1
25 26 12
25 27 14
25 28 29
25 29 4
25 30 23
25 31 35
25 32 31
25 33 29
25 34 7
25 35 23
26 1 18
26 2 33
26 3 7
26 4 2
26 5 21
26 6 16
26 7 14
26 8 8
26 9 17
26 10 14
26 11 9
26 12 21
26 13 22
26 14 19
26 15 25
26 16 19
26 17 24
26 18 29
26 19 22
26 20 30
26 21 7
26 22 20
26 23 18
26 24 19
26 25 12
26 26 -1
26 27 2
26 28 22
26 29 11
26 30 11
26 31 33
26 32 27
26 33 36
26 34 14
26 35 26
27 1 20
27 2 35
27 3 9
27 4 4
27 5 24
27 6 18
27 7 13
27 8 10
27 9 17
27 10 17
27 11 10
27 12 23
27 13 21
27 14 18
27 15 27
27 16 21
27 17 27
27 18 31
27 19 24
27 20 31
27 21 9
27 22 22
27 23 20
27 24 19
27 25 14
27 26 2
27 27 -1
27 28 22
27 29 13
27 30 9
27 31 34
27 32 27
27 33 38
27 34 16
27 35 28
28 1 23
28 2 26
28 3 28
28 4 23
28 5 27
28 6 33
28 7 8
28 8 26
28 9 5
28 10 29
28 11 14
28 12 37
28 13 2
28 14 4
28 15 21
28 16 26
28 17 31
28 18 29
28 19 31
28 20 17
28 21 26
28 22 17
28 23 18
28 24 4
28 25 29
28 26 22
28 27 22
28 28 -1
28 29 25
28 30 20
28 31 15
28 32 8
28 33 33
28 34 25
28 35 22
29 1 9
29 2 26
29 3 8
29 4 10
29 5 11
29 6 7
29 7 19
29 8 4
29 9 21
29 10 4
29 11 11
29 12 11
29 13 26
29 14 23
29 15 18
29 16 8
29 17 13
29 18 19
29 19 10
29 20 25
29 21 5
29 22 14
29 23 12
29 24 24
29 25 4
29 26 11
29 27 13
29 28 25
29 29 -1
29 30 22
29 31 30
29 32 26
29 33 26
29 34 3
29 35 19
30 1 27
30 2 39
30 3 18
30 4 13
30 5 31
30 6 27
30 7 12
30 8 19
30 9 15
30 10 25
30 11 14
30 12 32
30 13 18
30 14 16
30 15 32
30 16 28
30 17 34
30 18 37
30 19 32
30 20 33
30 21 18
30 22 26
30 23 25
30 24 16
30 25 23
30 26 11
30 27 9
30 28 20
30 29 22
30 30 -1
30 31 34
30 32 27
30 33 43
30 34 24
30 35 33
31 1 24
31 2 16
31 3 37
31 4 33
31 5 26
31 6 38
31 7 22
31 8 33
31 9 19
31 10 33
31 11 24
31 12 40
31 13 18
31 14 19
31 15 16
31 16 27
31 17 29
31 18 23
31 19 31
31 20 7
31 21 34
31 22 16
31 23 18
31 24 19
31 25 35
31 26 33
31 27 34
31 28 15
31 29 30
31 30 34
31 31 -1
31 32 7
31 33 25
31 34 28
31 35 17
32 1 21
32 2 19
32 3 31
32 4 27
32 5 25
32 6 34
32 7 15
32 8 28
32 9 12
32 10 30
32 11 18
32 12 37
32 13 10
32 14 11
32 15 17
32 16 25
32 17 28
32 18 25
32 19 30
32 20 10
32 21 29
32 22 14
32 23 16
32 24 12
32 25 31
32 26 27
32 27 27
32 28 8
32 29 26
32 30 27
32 31 7
32 32 -1
32 33 28
32 34 25
32 35 18
33 1 17
33 2 9
33 3 34
33 4 34
33 5 14
33 6 29
33 7 34
33 8 30
33 9 34
33 10 25
33 11 29
33 12 28
33 13 36
33 14 35
33 15 12
33 16 18
33 17 14
33 18 6
33 19 18
33 20 18
33 21 31
33 22 18
33 23 18
33 24 36
33 25 29
33 26 36
33 27 38
33 28 33
33 29 26
33 30 43
33 31 25
33 32 28
33 33 -1
33 34 22
33 35 11
34 1 6
34 2 23
34 3 11
34 4 12
34 5 8
34 6 9
34 7 20
34 8 7
34 9 21
34 10 5
34 11 12
34 12 12
34 13 26
34 14 23
34 15 15
34 16 5
34 17 10
34 18 16
34 19 8
34 20 22
34 21 8
34 22 12
34 23 10
34 24 24
34 25 7
34 26 14
34 27 16
34 28 25
34 29 3
34 30 24
34 31 28
34 32 25
34 33 22
34 34 -1
34 35 16
35 1 10
35 2 7
35 3 27
35 4 26
35 5 10
35 6 24
35 7 23
35 8 23
35 9 22
35 10 20
35 11 19
35 12 25
35 13 25
35 14 24
35 15 1
35 16 12
35 17 12
35 18 7
35 19 15
35 20 9
35 21 24
35 22 7
35 23 8
35 24 25
35 25 23
35 26 26
35 27 28
35 28 22
35 29 19
35 30 33
35 31 17
35 32 18
35 33 11
35 34 16
35 35 -1
