1 1 -1
1 2 21
1 3 23
1 4 11
1 5 12
1 6 7
1 7 24
1 8 27
1 9 27
1 10 18
1 11 34
1 12 23
1 13 19
1 14 14
1 15 9
1 16 12
1 17 23
1 18 20
1 19 31
1 20 26
1 21 39
1 22 18
1 23 12
1 24 10
1 25 16
1 26 9
1 27 12
1 28 28
1 29 8
1 30 10
1 31 9
1 32 8
1 33 29
1 34 6
2 1 21
2 2 -1
2 3 12
2 4 17
2 5 10
2 6 13
2 7 15
2 8 19
2 9 8
2 10 11
2 11 13
2 12 4
2 13 3
2 14 17
2 15 19
2 16 9
2 17 17
2 18 11
2 19 17
2 20 14
2 21 18
2 22 7
2 23 12
2 24 10
2 25 8
2 26 21
2 27 17
2 28 19
2 29 22
2 30 10
2 31 12
2 32 16
2 33 19
2 34 18
3 1 23
3 2 12
3 3 -1
3 4 13
3 5 18
3 6 17
3 7 3
3 8 6
3 9 10
3 10 23
3 11 20
3 12 16
3 13 14
3 14 11
3 15 16
3 16 16
3 17 5
3 18 23
3 19 8
3 20 3
3 21 22
3 22 19
3 23 21
3 24 15
3 25 18
3 26 18
3 27 13
3 28 32
3 29 20
3 30 17
3 31 14
3 32 23
3 33 6
3 34 24
4 1 11
4 2 17
4 3 13
4 4 -1
4 5 14
4 6 8
4 7 13
4 8 16
4 9 20
4 10 21
4 11 29
4 12 21
4 13 17
4 14 3
4 15 2
4 16 12
4 17 12
4 18 22
4 19 21
4 20 16
4 21 34
4 22 19
4 23 16
4 24 9
4 25 17
4 26 4
4 27 1
4 28 31
4 29 6
4 30 12
4 31 6
4 32 14
4 33 18
4 34 14
5 1 12
5 2 10
5 3 18
5 4 14
5 5 -1
5 6 6
5 7 21
5 8 24
5 9 18
5 10 7
5 11 23
5 12 12
5 13 8
5 14 15
5 15 15
5 16 2
5 17 21
5 18 9
5 19 26
5 20 21
5 21 28
5 22 6
5 23 2
5 24 5
5 25 4
5 26 16
5 27 14
5 28 17
5 29 17
5 30 2
5 31 8
5 32 5
5 33 25
5 34 7
6 1 7
6 2 13
6 3 17
6 4 8
6 5 6
6 6 -1
6 7 18
6 8 21
6 9 19
6 10 13
6 11 26
6 12 16
6 13 11
6 14 10
6 15 9
6 16 5
6 17 17
6 18 15
6 19 25
6 20 20
6 21 31
6 22 12
6 23 7
6 24 2
6 25 10
6 26 10
6 27 9
6 28 23
6 29 11
6 30 4
6 31 3
6 32 6
6 33 23
6 34 7
7 1 24
7 2 15
7 3 3
7 4 13
7 5 21
7 6 18
7 7 -1
7 8 3
7 9 13
7 10 25
7 11 23
7 12 19
7 13 17
7 14 10
7 15 16
7 16 18
7 17 2
7 18 26
7 19 8
7 20 3
7 21 25
7 22 21
7 23 23
7 24 16
7 25 21
7 26 17
7 27 12
7 28 35
7 29 19
7 30 19
7 31 15
7 32 24
7 33 5
7 34 25
8 1 27
8 2 19
8 3 6
8 4 16
8 5 24
8 6 21
8 7 3
8 8 -1
8 9 15
8 10 29
8 11 25
8 12 23
8 13 21
8 14 13
8 15 18
8 16 22
8 17 4
8 18 29
8 19 8
8 20 5
8 21 27
8 22 25
8 23 26
8 24 20
8 25 25
8 26 19
8 27 15
8 28 38
8 29 21
8 30 22
8 31 18
8 32 28
8 33 2
8 34 28
9 1 27
9 2 8
9 3 10
9 4 20
9 5 18
9 6 19
9 7 13
9 8 15
9 9 -1
9 10 19
9 11 10
9 12 9
9 13 11
9 14 19
9 15 23
9 16 16
9 17 15
9 18 18
9 19 11
9 20 10
9 21 13
9 22 15
9 23 20
9 24 17
9 25 16
9 26 25
9 27 20
9 28 26
9 29 27
9 30 18
9 31 17
9 32 24
9 33 14
9 34 25
10 1 18
10 2 11
10 3 23
10 4 21
10 5 7
10 6 13
10 7 25
10 8 29
10 9 19
10 10 -1
10 11 21
10 12 10
10 13 8
10 14 22
10 15 22
10 16 8
10 17 26
10 18 2
10 19 29
10 20 25
10 21 26
10 22 4
10 23 6
10 24 11
10 25 4
10 26 23
10 27 21
10 28 10
10 29 24
10 30 9
10 31 14
10 32 10
10 33 29
10 34 13
11 1 34
11 2 13
11 3 20
11 4 29
11 5 23
11 6 26
11 7 23
11 8 25
11 9 10
11 10 21
11 11 -1
11 12 11
11 13 15
11 14 28
11 15 32
11 16 22
11 17 25
11 18 19
11 19 19
11 20 20
11 21 5
11 22 17
11 23 24
11 24 24
11 25 19
11 26 34
11 27 29
11 28 24
11 29 35
11 30 24
11 31 25
11 32 29
11 33 23
11 34 31
12 1 23
12 2 4
12 3 16
12 4 21
12 5 12
12 6 16
12 7 19
12 8 23
12 9 9
12 10 10
12 11 11
12 12 -1
12 13 4
12 14 21
12 15 23
12 16 11
12 17 21
12 18 9
12 19 20
12 20 18
12 21 17
12 22 6
12 23 13
12 24 13
12 25 8
12 26 24
12 27 21
12 28 16
12 29 26
12 30 12
12 31 15
12 32 17
12 33 22
12 34 19
13 1 19
13 2 3
13 3 14
13 4 17
13 5 8
13 6 11
13 7 17
13 8 21
13 9 11
13 10 8
13 11 15
13 12 4
13 13 -1
13 14 17
13 15 19
13 16 7
13 17 18
13 18 8
13 19 20
13 20 17
13 21 20
13 22 4
13 23 9
13 24 8
13 25 5
13 26 20
13 27 17
13 28 17
13 29 21
13 30 8
13 31 11
13 32 13
13 33 21
13 34 15
14 1 14
14 2 17
14 3 11
14 4 3
14 5 15
14 6 10
14 7 10
14 8 13
14 9 19
14 10 22
14 11 28
14 12 21
14 13 17
14 14 -1
14 15 5
14 16 13
14 17 9
14 18 23
14 19 19
14 20 13
14 21 32
14 22 19
14 23 17
14 24 10
14 25 18
14 26 6
14 27 2
14 28 33
14 29 8
14 30 13
14 31 7
14 32 17
14 33 15
14 34 17
15 1 9
15 2 19
15 3 16
15 4 2
15 5 15
15 6 9
15 7 16
15 8 18
15 9 23
15 10 22
15 11 32
15 12 23
15 13 19
15 14 5
15 15 -1
15 16 14
15 17 14
15 18 24
15 19 24
15 20 19
15 21 36
15 22 21
15 23 17
15 24 11
15 25 19
15 26 1
15 27 3
15 28 33
15 29 3
15 30 13
15 31 8
15 32 15
15 33 20
15 34 14
16 1 12
16 2 9
16 3 16
16 4 12
16 5 2
16 6 5
16 7 18
16 8 22
16 9 16
16 10 8
16 11 22
16 12 11
16 13 7
16 14 13
16 15 14
16 16 -1
16 17 18
16 18 10
16 19 24
16 20 19
16 21 27
16 22 7
16 23 4
16 24 3
16 25 5
16 26 15
16 27 13
16 28 19
16 29 16
16 30 1
16 31 6
16 32 7
16 33 23
16 34 8
17 1 23
17 2 17
17 3 5
17 4 12
17 5 21
17 6 17
17 7 2
17 8 4
17 9 15
17 10 26
17 11 25
17 12 21
17 13 18
17 14 9
17 15 14
17 16 18
17 17 -1
17 18 26
17 19 10
17 20 5
17 21 27
17 22 22
17 23 23
17 24 16
17 25 21
17 26 15
17 27 11
17 28 36
17 29 18
17 30 19
17 31 14
17 32 24
17 33 6
17 34 24
18 1 20
18 2 11
18 3 23
18 4 22
18 5 9
18 6 15
18 7 26
18 8 29
18 9 18
18 10 2
18 11 19
18 12 9
18 13 8
18 14 23
18 15 24
18 16 10
18 17 26
18 18 -1
18 19 29
18 20 25
18 21 25
18 22 4
18 23 8
18 24 13
18 25 5
18 26 25
18 27 23
18 28 9
18 29 26
18 30 11
18 31 16
18 32 13
18 33 30
18 34 15
19 1 31
19 2 17
19 3 8
19 4 21
19 5 26
19 6 25
19 7 8
19 8 8
19 9 11
19 10 29
19 11 19
19 12 20
19 13 20
19 14 19
19 15 24
19 16 24
19 17 10
19 18 29
19 19 -1
19 20 5
19 21 20
19 22 25
19 23 28
19 24 23
19 25 25
19 26 25
19 27 21
19 28 37
19 29 28
19 30 25
19 31 22
19 32 31
19 33 5
19 34 32
20 1 26
20 2 14
20 3 3
20 4 16
20 5 21
20 6 20
20 7 3
20 8 5
20 9 10
20 10 25
20 11 20
20 12 18
20 13 17
20 14 13
20 15 19
20 16 19
20 17 5
20 18 25
20 19 5
20 20 -1
20 21 22
20 22 21
20 23 24
20 24 18
20 25 21
20 26 20
20 27 15
20 28 34
20 29 22
20 30 20
20 31 17
20 32 26
20 33 4
20 34 27
21 1 39
21 2 18
21 3 22
21 4 34
21 5 28
21 6 31
21 7 25
21 8 27
21 9 13
21 10 26
21 11 5
21 12 17
21 13 20
21 14 32
21 15 36
21 16 27
21 17 27
21 18 25
21 19 20
21 20 22
21 21 -1
21 22 23
21 23 30
21 24 29
21 25 25
21 26 38
21 27 33
21 28 29
21 29 40
21 30 29
21 31 30
21 32 34
21 33 25
21 34 36
22 1 18
22 2 7
22 3 19
22 4 19
22 5 6
22 6 12
22 7 21
22 8 25
22 9 15
22 10 4
22 11 17
22 12 6
22 13 4
22 14 19
22 15 21
22 16 7
22 17 22
22 18 4
22 19 25
22 20 21
22 21 23
22 22 -1
22 23 7
22 24 10
22 25 2
22 26 22
22 27 19
22 28 13
22 29 23
22 30 8
22 31 13
22 32 12
22 33 25
22 34 14
23 1 12
23 2 12
23 3 21
23 4 16
23 5 2
23 6 7
23 7 23
23 8 26
23 9 20
23 10 6
23 11 24
23 12 13
23 13 9
23 14 17
23 15 17
23 16 4
23 17 23
23 18 8
23 19 28
23 20 24
23 21 30
23 22 7
23 23 -1
23 24 7
23 25 5
23 26 17
23 27 16
23 28 16
23 29 18
23 30 4
23 31 10
23 32 5
23 33 27
23 34 7
24 1 10
24 2 10
24 3 15
24 4 9
24 5 5
24 6 2
24 7 16
24 8 20
24 9 17
24 10 11
24 11 24
24 12 13
24 13 8
24 14 10
24 15 11
24 16 3
24 17 16
24 18 13
24 19 23
24 20 18
24 21 29
24 22 10
24 23 7
24 24 -1
24 25 8
24 26 12
24 27 9
24 28 22
24 29 13
24 30 2
24 31 3
24 32 8
24 33 21
24 34 9
25 1 16
25 2 8
25 3 18
25 4 17
25 5 4
25 6 10
25 7 21
25 8 25
25 9 16
25 10 4
25 11 19
25 12 8
25 13 5
25 14 18
25 15 19
25 16 5
25 17 21
25 18 5
25 19 25
25 20 21
25 21 25
25 22 2
25 23 5
25 24 8
25 25 -1
25 26 20
25 27 17
25 28 14
25 29 21
25 30 6
25 31 11
25 32 9
25 33 25
25 34 12
26 1 9
26 2 21
26 3 18
26 4 4
26 5 16
26 6 10
26 7 17
26 8 19
26 9 25
26 10 23
26 11 34
26 12 24
26 13 20
26 14 6
26 15 1
26 16 15
26 17 15
26 18 25
26 19 25
26 20 20
26 21 38
26 22 22
26 23 17
26 24 12
26 25 20
26 26 -1
26 27 5
26 28 33
26 29 2
26 30 14
26 31 9
26 32 15
26 33 22
26 34 14
27 1 12
27 2 17
27 3 13
27 4 1
27 5 14
27 6 9
27 7 12
27 8 15
27 9 20
27 10 21
27 11 29
27 12 21
27 13 17
27 14 2
27 15 3
27 16 13
27 17 11
27 18 23
27 19 21
27 20 15
27 21 33
27 22 19
27 23 16
27 24 9
27 25 17
27 26 5
27 27 -1
27 28 32
27 29 7
27 30 12
27 31 6
27 32 15
27 33 17
27 34 15
28 1 28
28 2 19
28 3 32
28 4 31
28 5 17
28 6 23
28 7 35
28 8 38
28 9 26
28 10 10
28 11 24
28 12 16
28 13 17
28 14 33
28 15 33
28 16 19
28 17 36
28 18 9
28 19 37
28 20 34
28 21 29
28 22 13
28 23 16
28 24 22
28 25 14
28 26 33
28 27 32
28 28 -1
28 29 34
28 30 19
28 31 25
28 32 20
28 33 38
28 34 22
29 1 8
29 2 22
29 3 20
29 4 6
29 5 17
29 6 11
29 7 19
29 8 21
29 9 27
29 10 24
29 11 35
29 12 26
29 13 21
29 14 8
29 15 3
29 16 16
29 17 18
29 18 26
29 19 28
29 20 22
29 21 40
29 22 23
29 23 18
29 24 13
29 25 21
29 26 2
29 27 7
29 28 34
29 29 -1
29 30 15
29 31 10
29 32 15
29 33 24
29 34 13
30 1 10
30 2 10
30 3 17
30 4 12
30 5 2
30 6 4
30 7 19
30 8 22
30 9 18
30 10 9
30 11 24
30 12 12
30 13 8
30 14 13
30 15 13
30 16 1
30 17 19
30 18 11
30 19 25
30 20 20
30 21 29
30 22 8
30 23 4
30 24 2
30 25 6
30 26 14
30 27 12
30 28 19
30 29 15
30 30 -1
30 31 5
30 32 6
30 33 24
30 34 7
31 1 9
31 2 12
31 3 14
31 4 6
31 5 8
31 6 3
31 7 15
31 8 18
31 9 17
31 10 14
31 11 25
31 12 15
31 13 11
31 14 7
31 15 8
31 16 6
31 17 14
31 18 16
31 19 22
31 20 17
31 21 30
31 22 13
31 23 10
31 24 3
31 25 11
31 26 9
31 27 6
31 28 25
31 29 10
31 30 5
31 31 -1
31 32 9
31 33 20
31 34 10
32 1 8
32 2 16
32 3 23
32 4 14
32 5 5
32 6 6
32 7 24
32 8 28
32 9 24
32 10 10
32 11 29
32 12 17
32 13 13
32 14 17
32 15 15
32 16 7
32 17 24
32 18 13
32 19 31
32 20 26
32 21 34
32 22 12
32 23 5
32 24 8
32 25 9
32 26 15
32 27 15
32 28 20
32 29 15
32 30 6
32 31 9
32 32 -1
32 33 29
32 34 2
33 1 29
33 2 19
33 3 6
33 4 18
33 5 25
33 6 23
33 7 5
33 8 2
33 9 14
33 10 29
33 11 23
33 12 22
33 13 21
33 14 15
33 15 20
33 16 23
33 17 6
33 18 30
33 19 5
33 20 4
33 21 25
33 22 25
33 23 27
33 24 21
33 25 25
33 26 22
33 27 17
33 28 38
33 29 24
33 30 24
33 31 20
33 32 29
33 33 -1
33 34 30
34 1 6
34 2 18
34 3 24
34 4 14
34 5 7
34 6 7
34 7 25
34 8 28
34 9 25
34 10 13
34 11 31
34 12 19
34 13 15
34 14 17
34 15 14
34 16 8
34 17 24
34 18 15
34 19 32
34 20 27
34 21 36
34 22 14
34 23 7
34 24 9
34 25 12
34 26 14
34 27 15
34 28 22
34 29 13
34 30 7
34 31 10
34 32 2
34 33 30
34 34 -1
