1 1 -1
1 2 5
1 3 12
1 4 15
1 5 5
1 6 5
1 7 12
1 8 12
1 9 7
1 10 7
1 11 8
1 12 5
1 13 5
1 14 1
1 15 7
2 1 5
2 2 -1
2 3 8
2 4 12
2 5 5
2 6 5
2 7 7
2 8 9
2 9 5
2 10 2
2 11 5
2 12 2
2 13 1
2 14 6
2 15 7
3 1 12
3 2 8
3 3 -1
3 4 5
3 5 13
3 6 12
3 7 9
3 8 3
3 9 11
3 10 6
3 11 4
3 12 9
3 13 7
3 14 13
3 15 7
4 1 15
4 2 12
4 3 5
4 4 -1
4 5 17
4 6 17
4 7 14
4 8 2
4 9 16
4 10 10
4 11 6
4 12 13
4 13 11
4 14 16
4 15 8
5 1 5
5 2 5
5 3 13
5 4 17
5 5 -1
5 6 1
5 7 10
5 8 14
5 9 4
5 10 7
5 11 11
5 12 4
5 13 6
5 14 5
5 15 11
6 1 5
6 2 5
6 3 12
6 4 17
6 5 1
6 6 -1
6 7 9
6 8 14
6 9 3
6 10 6
6 11 10
6 12 3
6 13 5
6 14 5
6 15 11
7 1 12
7 2 7
7 3 9
7 4 14
7 5 10
7 6 9
7 7 -1
7 8 12
7 9 6
7 10 6
7 11 10
7 12 6
7 13 8
7 14 13
7 15 13
8 1 12
8 2 9
8 3 3
8 4 2
8 5 14
8 6 14
8 7 12
8 8 -1
8 9 13
8 10 8
8 11 3
8 12 10
8 13 8
8 14 13
8 15 6
9 1 7
9 2 5
9 3 11
9 4 16
9 5 4
9 6 3
9 7 6
9 8 13
9 9 -1
9 10 5
9 11 10
9 12 3
9 13 6
9 14 8
9 15 12
10 1 7
10 2 2
10 3 6
10 4 10
10 5 7
10 6 6
10 7 6
10 8 8
10 9 5
10 10 -1
10 11 5
10 12 2
10 13 2
10 14 8
10 15 7
11 1 8
11 2 5
11 3 4
11 4 6
11 5 11
11 6 10
11 7 10
11 8 3
11 9 10
11 10 5
11 11 -1
11 12 7
11 13 5
11 14 9
11 15 3
12 1 5
12 2 2
12 3 9
12 4 13
12 5 4
12 6 3
12 7 6
12 8 10
12 9 3
12 10 2
12 11 7
12 12 -1
12 13 3
12 14 6
12 15 9
13 1 5
13 2 1
13 3 7
13 4 11
13 5 6
13 6 5
13 7 8
13 8 8
13 9 6
13 10 2
13 11 5
13 12 3
13 13 -1
13 14 6
13 15 6
14 1 1
14 2 6
14 3 13
14 4 16
14 5 5
14 6 5
14 7 13
14 8 13
14 9 8
14 10 8
14 11 9
14 12 6
14 13 6
14 14 -1
14 15 8
15 1 7
15 2 7
15 3 7
15 4 8
15 5 11
15 6 11
15 7 13
15 8 6
15 9 12
15 10 7
15 11 3
15 12 9
15 13 6
15 14 8
15 15 -1
