2 2
24 6
24 18
24 23
24 24
24 29
10 8
10 10
10 15
15 8
15 10
15 4
15 15
7 7
14 21
14 14
23 24
23 29
23 6
23 23
4 16
4 4
4 15
19 5
19 9
19 11
19 17
19 19
19 20
19 27
25 25
25 3
25 13
25 30
6 24
6 29
6 6
6 23
12 28
12 12
12 5
8 8
8 10
8 15
13 25
13 3
13 13
27 9
27 11
27 17
27 19
27 20
27 27
20 5
20 9
20 11
20 17
20 19
20 20
20 27
20 28
16 16
16 4
17 5
17 9
17 11
17 17
17 19
17 20
17 27
17 28
29 24
29 29
29 6
29 23
5 5
5 9
5 12
5 17
5 19
5 20
5 28
30 25
30 3
30 30
3 25
3 3
3 13
3 30
11 9
11 11
11 17
11 19
11 20
11 27
18 24
18 18
