1 1 -1
1 2 7
1 3 42
1 4 40
1 5 31
1 6 44
1 7 15
1 8 23
1 9 48
1 10 49
1 11 21
1 12 43
1 13 53
1 14 13
1 15 58
1 16 37
1 17 15
1 18 50
1 19 31
1 20 22
1 21 41
1 22 32
1 23 59
1 24 42
1 25 63
1 26 58
1 27 56
1 28 18
1 29 43
1 30 45
1 31 53
1 32 37
1 33 24
1 34 21
1 35 32
1 36 30
1 37 18
1 38 32
1 39 26
1 40 21
1 41 26
1 42 39
1 43 18
1 44 58
1 45 47
1 46 57
1 47 42
1 48 43
1 49 66
1 50 29
1 51 46
1 52 25
1 53 57
1 54 31
1 55 13
1 56 17
1 57 38
1 58 58
2 1 7
2 2 -1
2 3 49
2 4 39
2 5 30
2 6 46
2 7 10
2 8 21
2 9 51
2 10 47
2 11 28
2 12 49
2 13 53
2 14 20
2 15 62
2 16 44
2 17 20
2 18 54
2 19 37
2 20 29
2 21 48
2 22 39
2 23 62
2 24 43
2 25 66
2 26 56
2 27 57
2 28 17
2 29 46
2 30 52
2 31 55
2 32 35
2 33 27
2 34 28
2 35 31
2 36 35
2 37 24
2 38 31
2 39 22
2 40 20
2 41 33
2 42 38
2 43 21
2 44 61
2 45 53
2 46 56
2 47 47
2 48 48
2 49 70
2 50 34
2 51 49
2 52 24
2 53 62
2 54 33
2 55 10
2 56 16
2 57 36
2 58 61
3 1 42
3 2 49
3 3 -1
3 4 48
3 5 47
3 6 39
3 7 52
3 8 50
3 9 32
3 10 63
3 11 20
3 12 5
3 13 55
3 14 29
3 15 31
3 16 8
3 17 29
3 18 27
3 19 14
3 20 20
3 21 3
3 22 14
3 23 44
3 24 44
3 25 40
3 26 68
3 27 49
3 28 47
3 29 34
3 30 13
3 31 48
3 32 55
3 33 32
3 34 23
3 35 52
3 36 21
3 37 25
3 38 50
3 39 55
3 40 44
3 41 19
3 42 49
3 43 35
3 44 44
3 45 5
3 46 63
3 47 13
3 48 22
3 49 38
3 50 24
3 51 36
3 52 43
3 53 26
3 54 36
3 55 48
3 56 45
3 57 58
3 58 36
4 1 40
4 2 39
4 3 48
4 4 -1
4 5 9
4 6 14
4 7 31
4 8 20
4 9 25
4 10 14
4 11 39
4 12 45
4 13 13
4 14 38
4 15 38
4 16 50
4 17 32
4 18 32
4 19 35
4 20 36
4 21 45
4 22 49
4 23 28
4 24 7
4 25 37
4 26 20
4 27 19
4 28 23
4 29 18
4 30 60
4 31 17
4 32 10
4 33 20
4 34 45
4 35 11
4 36 28
4 37 34
4 38 10
4 39 22
4 40 19
4 41 48
4 42 2
4 43 22
4 44 27
4 45 50
4 46 17
4 47 37
4 48 30
4 49 44
4 50 24
4 51 20
4 52 15
4 53 42
4 54 12
4 55 30
4 56 23
4 57 13
4 58 32
5 1 31
5 2 30
5 3 47
5 4 9
5 5 -1
5 6 20
5 7 21
5 8 11
5 9 29
5 10 19
5 11 33
5 12 44
5 13 22
5 14 31
5 15 42
5 16 47
5 17 26
5 18 35
5 19 32
5 20 31
5 21 44
5 22 45
5 23 36
5 24 14
5 25 43
5 26 27
5 27 28
5 28 13
5 29 22
5 30 56
5 31 26
5 32 8
5 33 15
5 34 39
5 35 5
5 36 26
5 37 28
5 38 3
5 39 13
5 40 10
5 41 42
5 42 8
5 43 15
5 44 34
5 45 49
5 46 26
5 47 37
5 48 32
5 49 49
5 50 22
5 51 25
5 52 6
5 53 45
5 54 11
5 55 20
5 56 14
5 57 11
5 58 38
6 1 44
6 2 46
6 3 39
6 4 14
6 5 20
6 6 -1
6 7 40
6 8 31
6 9 11
6 10 26
6 11 36
6 12 35
6 13 15
6 14 39
6 15 24
6 16 43
6 17 33
6 18 18
6 19 28
6 20 33
6 21 36
6 22 44
6 23 16
6 24 7
6 25 23
6 26 30
6 27 12
6 28 31
6 29 5
6 30 52
6 31 10
6 32 24
6 33 20
6 34 43
6 35 24
6 36 22
6 37 33
6 38 22
6 39 33
6 40 27
6 41 44
6 42 16
6 43 25
6 44 14
6 45 40
6 46 24
6 47 26
6 48 18
6 49 30
6 50 19
6 51 6
6 52 23
6 53 28
6 54 13
6 55 38
6 56 31
6 57 27
6 58 18
7 1 15
7 2 10
7 3 52
7 4 31
7 5 21
7 6 40
7 7 -1
7 8 11
7 9 47
7 10 37
7 11 32
7 12 51
7 13 44
7 14 25
7 15 59
7 16 48
7 17 23
7 18 51
7 19 38
7 20 32
7 21 50
7 22 44
7 23 56
7 24 36
7 25 62
7 26 46
7 27 50
7 28 8
7 29 41
7 30 57
7 31 48
7 32 25
7 33 23
7 34 34
7 35 21
7 36 34
7 37 27
7 38 21
7 39 12
7 40 12
7 41 38
7 42 29
7 43 18
7 44 55
7 45 56
7 46 46
7 47 47
7 48 46
7 49 67
7 50 32
7 51 44
7 52 17
7 53 60
7 54 27
7 55 4
7 56 9
7 57 26
7 58 57
8 1 23
8 2 21
8 3 50
8 4 20
8 5 11
8 6 31
8 7 11
8 8 -1
8 9 39
8 10 26
8 11 34
8 12 49
8 13 33
8 14 29
8 15 52
8 16 49
8 17 24
8 18 44
8 19 36
8 20 32
8 21 48
8 22 46
8 23 47
8 24 26
8 25 54
8 26 35
8 27 40
8 28 5
8 29 32
8 30 58
8 31 37
8 32 14
8 33 19
8 34 37
8 35 10
8 36 31
8 37 28
8 38 10
8 39 4
8 40 6
8 41 41
8 42 18
8 43 15
8 44 46
8 45 54
8 46 35
8 47 44
8 48 40
8 49 59
8 50 28
8 51 36
8 52 8
8 53 54
8 54 19
8 55 11
8 56 7
8 57 15
8 58 49
9 1 48
9 2 51
9 3 32
9 4 25
9 5 29
9 6 11
9 7 47
9 8 39
9 9 -1
9 10 37
9 11 35
9 12 27
9 13 25
9 14 40
9 15 13
9 16 38
9 17 34
9 18 7
9 19 25
9 20 32
9 21 29
9 22 40
9 23 13
9 24 18
9 25 14
9 26 40
9 27 17
9 28 39
9 29 7
9 30 46
9 31 16
9 32 35
9 33 24
9 34 42
9 35 34
9 36 20
9 37 33
9 38 32
9 39 42
9 40 35
9 41 42
9 42 27
9 43 30
9 44 12
9 45 32
9 46 34
9 47 19
9 48 9
9 49 20
9 50 19
9 51 5
9 52 31
9 53 17
9 54 20
9 55 44
9 56 38
9 57 38
9 58 9
10 1 49
10 2 47
10 3 63
10 4 14
10 5 19
10 6 26
10 7 37
10 8 26
10 9 37
10 10 -1
10 11 52
10 12 59
10 13 15
10 14 51
10 15 50
10 16 65
10 17 45
10 18 45
10 19 49
10 20 50
10 21 59
10 22 63
10 23 37
10 24 19
10 25 47
10 26 9
10 27 26
10 28 30
10 29 31
10 30 74
10 31 25
10 32 12
10 33 33
10 34 58
10 35 16
10 36 42
10 37 47
10 38 17
10 39 25
10 40 28
10 41 61
10 42 13
10 43 34
10 44 36
10 45 65
10 46 11
10 47 51
10 48 44
10 49 55
10 50 39
10 51 32
10 52 25
10 53 54
10 54 26
10 55 37
10 56 31
10 57 11
10 58 44
11 1 21
11 2 28
11 3 20
11 4 39
11 5 33
11 6 36
11 7 32
11 8 34
11 9 35
11 10 52
11 11 -1
11 12 21
11 13 49
11 14 8
11 15 41
11 16 16
11 17 9
11 18 34
11 19 11
11 20 3
11 21 20
11 22 12
11 23 48
11 24 38
11 25 48
11 26 60
11 27 48
11 28 29
11 29 33
11 30 25
11 31 46
11 32 42
11 33 19
11 34 7
11 35 38
11 36 15
11 37 5
11 38 36
11 39 38
11 40 28
11 41 8
11 42 39
11 43 19
11 44 47
11 45 25
11 46 56
11 47 22
11 48 27
11 49 49
11 50 17
11 51 36
11 52 29
11 53 38
11 54 26
11 55 28
11 56 27
11 57 45
11 58 43
12 1 43
12 2 49
12 3 5
12 4 45
12 5 44
12 6 35
12 7 51
12 8 49
12 9 27
12 10 59
12 11 21
12 12 -1
12 13 50
12 14 30
12 15 26
12 16 13
12 17 29
12 18 22
12 19 13
12 20 20
12 21 2
12 22 17
12 23 39
12 24 40
12 25 35
12 26 64
12 27 44
12 28 46
12 29 30
12 30 18
12 31 43
12 32 52
12 33 30
12 34 26
12 35 49
12 36 18
12 37 25
12 38 47
12 39 53
12 40 43
12 41 22
12 42 46
12 43 34
12 44 39
12 45 5
12 46 59
12 47 8
12 48 18
12 49 33
12 50 21
12 51 31
12 52 41
12 53 21
12 54 33
12 55 47
12 56 44
12 57 55
12 58 31
13 1 53
13 2 53
13 3 55
13 4 13
13 5 22
13 6 15
13 7 44
13 8 33
13 9 25
13 10 15
13 11 49
13 12 50
13 13 -1
13 14 50
13 15 36
13 16 59
13 17 44
13 18 32
13 19 43
13 20 47
13 21 51
13 22 59
13 23 22
13 24 11
13 25 32
13 26 15
13 27 11
13 28 36
13 29 20
13 30 67
13 31 10
13 32 21
13 33 31
13 34 56
13 35 23
13 36 36
13 37 45
13 38 22
13 39 34
13 40 32
13 41 58
13 42 14
13 43 35
13 44 21
13 45 55
13 46 8
13 47 42
13 48 33
13 49 40
13 50 33
13 51 20
13 52 28
13 53 41
13 54 23
13 55 43
13 56 36
13 57 22
13 58 29
14 1 13
14 2 20
14 3 29
14 4 38
14 5 31
14 6 39
14 7 25
14 8 29
14 9 40
14 10 51
14 11 8
14 12 30
14 13 50
14 14 -1
14 15 47
14 16 24
14 17 6
14 18 40
14 19 19
14 20 10
14 21 28
14 22 19
14 23 52
14 24 39
14 25 54
14 26 59
14 27 51
14 28 24
14 29 36
14 30 32
14 31 49
14 32 39
14 33 19
14 34 8
14 35 35
14 36 20
14 37 6
14 38 34
14 39 32
14 40 24
14 41 13
14 42 38
14 43 16
14 44 51
14 45 34
14 46 56
14 47 30
14 48 33
14 49 56
14 50 20
14 51 39
14 52 26
14 53 46
14 54 27
14 55 21
14 56 22
14 57 42
14 58 49
15 1 58
15 2 62
15 3 31
15 4 38
15 5 42
15 6 24
15 7 59
15 8 52
15 9 13
15 10 50
15 11 41
15 12 26
15 13 36
15 14 47
15 15 -1
15 16 39
15 17 43
15 18 7
15 19 29
15 20 38
15 21 28
15 22 42
15 23 17
15 24 31
15 25 9
15 26 51
15 27 26
15 28 51
15 29 20
15 30 44
15 31 26
15 32 48
15 33 35
15 34 47
15 35 47
15 36 27
15 37 41
15 38 45
15 39 55
15 40 47
15 41 45
15 42 40
15 43 41
15 44 17
15 45 28
15 46 45
15 47 19
15 48 14
15 49 8
15 50 28
15 51 18
15 52 43
15 53 6
15 54 32
15 55 56
15 56 50
15 57 51
15 58 7
16 1 37
16 2 44
16 3 8
16 4 50
16 5 47
16 6 43
16 7 48
16 8 49
16 9 38
16 10 65
16 11 16
16 12 13
16 13 59
16 14 24
16 15 39
16 16 -1
16 17 25
16 18 34
16 19 15
16 20 16
16 21 11
16 22 5
16 23 51
16 24 47
16 25 48
16 26 71
16 27 54
16 28 45
16 29 39
16 30 9
16 31 53
16 32 56
16 33 32
16 34 16
16 35 52
16 36 22
16 37 21
16 38 50
16 39 53
16 40 43
16 41 12
16 42 51
16 43 34
16 44 50
16 45 13
16 46 67
16 47 20
16 48 28
16 49 46
16 50 26
16 51 41
16 52 43
16 53 34
16 54 38
16 55 44
16 56 43
16 57 59
16 58 44
17 1 15
17 2 20
17 3 29
17 4 32
17 5 26
17 6 33
17 7 23
17 8 24
17 9 34
17 10 45
17 11 9
17 12 29
17 13 44
17 14 6
17 15 43
17 16 25
17 17 -1
17 18 35
17 19 16
17 20 9
17 21 27
17 22 21
17 23 47
17 24 33
17 25 49
17 26 53
17 27 45
17 28 20
17 29 30
17 30 34
17 31 43
17 32 34
17 33 13
17 34 13
17 35 29
17 36 15
17 37 4
17 38 28
17 39 28
17 40 19
17 41 17
17 42 32
17 43 10
17 44 45
17 45 33
17 46 50
17 47 27
17 48 29
17 49 52
17 50 15
17 51 34
17 52 20
17 53 42
17 54 21
17 55 19
17 56 17
17 57 36
17 58 44
18 1 50
18 2 54
18 3 27
18 4 32
18 5 35
18 6 18
18 7 51
18 8 44
18 9 7
18 10 45
18 11 34
18 12 22
18 13 32
18 14 40
18 15 7
18 16 34
18 17 35
18 18 -1
18 19 22
18 20 31
18 21 23
18 22 37
18 23 17
18 24 25
18 25 14
18 26 47
18 27 24
18 28 43
18 29 14
18 30 40
18 31 23
18 32 42
18 33 28
18 34 40
18 35 40
18 36 20
18 37 33
18 38 38
18 39 48
18 40 39
18 41 39
18 42 34
18 43 33
18 44 17
18 45 25
18 46 41
18 47 14
18 48 6
18 49 16
18 50 20
18 51 12
18 52 36
18 53 10
18 54 25
18 55 48
18 56 42
18 57 45
18 58 10
19 1 31
19 2 37
19 3 14
19 4 35
19 5 32
19 6 28
19 7 38
19 8 36
19 9 25
19 10 49
19 11 11
19 12 13
19 13 43
19 14 19
19 15 29
19 16 15
19 17 16
19 18 22
19 19 -1
19 20 9
19 21 12
19 22 15
19 23 38
19 24 32
19 25 37
19 26 55
19 27 39
19 28 33
19 29 24
19 30 24
19 31 38
19 32 41
19 33 18
19 34 18
19 35 37
19 36 7
19 37 13
19 38 35
19 39 40
19 40 30
19 41 17
19 42 36
19 43 21
19 44 37
19 45 18
19 46 51
19 47 11
19 48 16
19 49 38
19 50 10
19 51 26
19 52 29
19 53 27
19 54 22
19 55 34
19 56 31
19 57 44
19 58 32
20 1 22
20 2 29
20 3 20
20 4 36
20 5 31
20 6 33
20 7 32
20 8 32
20 9 32
20 10 50
20 11 3
20 12 20
20 13 47
20 14 10
20 15 38
20 16 16
20 17 9
20 18 31
20 19 9
20 20 -1
20 21 18
20 22 13
20 23 45
20 24 35
20 25 45
20 26 57
20 27 45
20 28 28
20 29 30
20 30 26
20 31 43
20 32 40
20 33 17
20 34 10
20 35 36
20 36 12
20 37 5
20 38 34
20 39 36
20 40 26
20 41 11
20 42 37
20 43 17
20 44 44
20 45 24
20 46 54
20 47 20
20 48 24
20 49 47
20 50 14
20 51 33
20 52 27
20 53 36
20 54 24
20 55 28
20 56 26
20 57 43
20 58 40
21 1 41
21 2 48
21 3 3
21 4 45
21 5 44
21 6 36
21 7 50
21 8 48
21 9 29
21 10 59
21 11 20
21 12 2
21 13 51
21 14 28
21 15 28
21 16 11
21 17 27
21 18 23
21 19 12
21 20 18
21 21 -1
21 22 15
21 23 41
21 24 41
21 25 37
21 26 65
21 27 45
21 28 45
21 29 31
21 30 17
21 31 44
21 32 52
21 33 29
21 34 24
21 35 49
21 36 18
21 37 23
21 38 47
21 39 52
21 40 42
21 41 20
21 42 46
21 43 33
21 44 40
21 45 6
21 46 60
21 47 9
21 48 19
21 49 35
21 50 21
21 51 32
21 52 41
21 53 23
21 54 33
21 55 46
21 56 43
21 57 55
21 58 33
22 1 32
22 2 39
22 3 14
22 4 49
22 5 45
22 6 44
22 7 44
22 8 46
22 9 40
22 10 63
22 11 12
22 12 17
22 13 59
22 14 19
22 15 42
22 16 5
22 17 21
22 18 37
22 19 15
22 20 13
22 21 15
22 22 -1
22 23 53
22 24 47
22 25 51
22 26 70
22 27 55
22 28 41
22 29 40
22 30 13
22 31 54
22 32 53
22 33 30
22 34 11
22 35 49
22 36 22
22 37 17
22 38 48
22 39 50
22 40 40
22 41 6
22 42 50
22 43 31
22 44 52
22 45 19
22 46 66
22 47 23
22 48 31
22 49 50
22 50 25
22 51 42
22 52 40
22 53 38
22 54 37
22 55 40
22 56 39
22 57 56
22 58 47
23 1 59
23 2 62
23 3 44
23 4 28
23 5 36
23 6 16
23 7 56
23 8 47
23 9 13
23 10 37
23 11 48
23 12 39
23 13 22
23 14 52
23 15 17
23 16 51
23 17 47
23 18 17
23 19 38
23 20 45
23 21 41
23 22 53
23 23 -1
23 24 21
23 25 10
23 26 37
23 27 11
23 28 48
23 29 16
23 30 58
23 31 12
23 32 39
23 33 35
23 34 55
23 35 39
23 36 33
23 37 46
23 38 38
23 39 49
23 40 43
23 41 55
23 42 30
23 43 41
23 44 1
23 45 43
23 46 30
23 47 31
23 48 22
23 49 18
23 50 31
23 51 13
23 52 39
23 53 23
23 54 29
23 55 54
23 56 47
23 57 41
23 58 9
24 1 42
24 2 43
24 3 44
24 4 7
24 5 14
24 6 7
24 7 36
24 8 26
24 9 18
24 10 19
24 11 38
24 12 40
24 13 11
24 14 39
24 15 31
24 16 47
24 17 33
24 18 25
24 19 32
24 20 35
24 21 41
24 22 47
24 23 21
24 24 -1
24 25 29
24 26 24
24 27 13
24 28 27
24 29 11
24 30 56
24 31 11
24 32 18
24 33 20
24 34 44
24 35 18
24 36 25
24 37 33
24 38 16
24 39 28
24 40 23
24 41 46
24 42 9
24 43 24
24 44 20
24 45 45
24 46 19
24 47 32
24 48 24
24 49 36
24 50 21
24 51 13
24 52 19
24 53 35
24 54 12
24 55 34
24 56 27
24 57 20
24 58 25
25 1 63
25 2 66
25 3 40
25 4 37
25 5 43
25 6 23
25 7 62
25 8 54
25 9 14
25 10 47
25 11 48
25 12 35
25 13 32
25 14 54
25 15 9
25 16 48
25 17 49
25 18 14
25 19 37
25 20 45
25 21 37
25 22 51
25 23 10
25 24 29
25 25 -1
25 26 47
25 27 21
25 28 54
25 29 21
25 30 53
25 31 22
25 32 47
25 33 39
25 34 55
25 35 47
25 36 34
25 37 47
25 38 45
25 39 56
25 40 49
25 41 53
25 42 39
25 43 45
25 44 11
25 45 38
25 46 40
25 47 28
25 48 20
25 49 8
25 50 33
25 51 18
25 52 45
25 53 15
25 54 34
25 55 59
25 56 53
25 57 50
25 58 5
26 1 58
26 2 56
26 3 68
26 4 20
26 5 27
26 6 30
26 7 46
26 8 35
26 9 40
26 10 9
26 11 60
26 12 64
26 13 15
26 14 59
26 15 51
26 16 71
26 17 53
26 18 47
26 19 55
26 20 57
26 21 65
26 22 70
26 23 37
26 24 24
26 25 47
26 26 -1
26 27 26
26 28 39
26 29 34
26 30 80
26 31 25
26 32 21
26 33 40
26 34 66
26 35 25
26 36 48
26 37 55
26 38 25
26 39 34
26 40 36
26 41 68
26 42 20
26 43 42
26 44 36
26 45 70
26 46 7
26 47 56
26 48 48
26 49 55
26 50 45
26 51 35
26 52 33
26 53 57
26 54 33
26 55 46
26 56 40
26 57 20
26 58 44
27 1 56
27 2 57
27 3 49
27 4 19
27 5 28
27 6 12
27 7 50
27 8 40
27 9 17
27 10 26
27 11 48
27 12 44
27 13 11
27 14 51
27 15 26
27 16 54
27 17 45
27 18 24
27 19 39
27 20 45
27 21 45
27 22 55
27 23 11
27 24 13
27 25 21
27 26 26
27 27 -1
27 28 41
27 29 15
27 30 62
27 31 2
27 32 30
27 33 32
27 34 55
27 35 31
27 36 33
27 37 45
27 38 29
27 39 41
27 40 37
27 41 56
27 42 21
27 43 37
27 44 10
27 45 49
27 46 19
27 47 36
27 48 26
27 49 29
27 50 31
27 51 13
27 52 33
27 53 32
27 54 24
27 55 48
27 56 41
27 57 31
27 58 18
28 1 18
28 2 17
28 3 47
28 4 23
28 5 13
28 6 31
28 7 8
28 8 5
28 9 39
28 10 30
28 11 29
28 12 46
28 13 36
28 14 24
28 15 51
28 16 45
28 17 20
28 18 43
28 19 33
28 20 28
28 21 45
28 22 41
28 23 48
28 24 27
28 25 54
28 26 39
28 27 41
28 28 -1
28 29 32
28 30 54
28 31 39
28 32 18
28 33 16
28 34 33
28 35 14
28 36 28
28 37 23
28 38 14
28 39 8
28 40 4
28 41 37
28 42 21
28 43 12
28 44 46
28 45 51
28 46 39
28 47 41
28 48 38
28 49 59
28 50 25
28 51 36
28 52 8
28 53 52
28 54 19
28 55 7
28 56 2
28 57 19
28 58 49
29 1 43
29 2 46
29 3 34
29 4 18
29 5 22
29 6 5
29 7 41
29 8 32
29 9 7
29 10 31
29 11 33
29 12 30
29 13 20
29 14 36
29 15 20
29 16 39
29 17 30
29 18 14
29 19 24
29 20 30
29 21 31
29 22 40
29 23 16
29 24 11
29 25 21
29 26 34
29 27 15
29 28 32
29 29 -1
29 30 47
29 31 13
29 32 28
29 33 19
29 34 40
29 35 26
29 36 18
29 37 30
29 38 25
29 39 35
29 40 28
29 41 40
29 42 20
29 43 24
29 44 15
29 45 35
29 46 29
29 47 21
29 48 13
29 49 27
29 50 16
29 51 3
29 52 24
29 53 24
29 54 13
29 55 38
29 56 31
29 57 31
29 58 16
30 1 45
30 2 52
30 3 13
30 4 60
30 5 56
30 6 52
30 7 57
30 8 58
30 9 46
30 10 74
30 11 25
30 12 18
30 13 67
30 14 32
30 15 44
30 16 9
30 17 34
30 18 40
30 19 24
30 20 26
30 21 17
30 22 13
30 23 58
30 24 56
30 25 53
30 26 80
30 27 62
30 28 54
30 29 47
30 30 -1
30 31 61
30 32 65
30 33 41
30 34 24
30 35 61
30 36 31
30 37 30
30 38 59
30 39 62
30 40 52
30 41 19
30 42 60
30 43 43
30 44 57
30 45 16
30 46 75
30 47 26
30 48 36
30 49 51
30 50 35
30 51 49
30 52 52
30 53 39
30 54 47
30 55 53
30 56 52
30 57 68
30 58 50
31 1 53
31 2 55
31 3 48
31 4 17
31 5 26
31 6 10
31 7 48
31 8 37
31 9 16
31 10 25
31 11 46
31 12 43
31 13 10
31 14 49
31 15 26
31 16 53
31 17 43
31 18 23
31 19 38
31 20 43
31 21 44
31 22 54
31 23 12
31 24 11
31 25 22
31 26 25
31 27 2
31 28 39
31 29 13
31 30 61
31 31 -1
31 32 28
31 33 30
31 34 53
31 35 29
31 36 32
31 37 43
31 38 27
31 39 39
31 40 35
31 41 54
31 42 19
31 43 34
31 44 11
31 45 48
31 46 18
31 47 35
31 48 25
31 49 30
31 50 29
31 51 12
31 52 30
31 53 32
31 54 22
31 55 46
31 56 39
31 57 30
31 58 19
32 1 37
32 2 35
32 3 55
32 4 10
32 5 8
32 6 24
32 7 25
32 8 14
32 9 35
32 10 12
32 11 42
32 12 52
32 13 21
32 14 39
32 15 48
32 16 56
32 17 34
32 18 42
32 19 41
32 20 40
32 21 52
32 22 53
32 23 39
32 24 18
32 25 47
32 26 21
32 27 30
32 28 18
32 29 28
32 30 65
32 31 28
32 32 -1
32 33 23
32 34 47
32 35 4
32 36 34
32 37 36
32 38 5
32 39 13
32 40 16
32 41 50
32 42 8
32 43 23
32 44 38
32 45 57
32 46 21
32 47 45
32 48 39
32 49 54
32 50 30
32 51 30
32 52 13
32 53 52
32 54 18
32 55 25
32 56 19
32 57 3
32 58 43
33 1 24
33 2 27
33 3 32
33 4 20
33 5 15
33 6 20
33 7 23
33 8 19
33 9 24
33 10 33
33 11 19
33 12 30
33 13 31
33 14 19
33 15 35
33 16 32
33 17 13
33 18 28
33 19 18
33 20 17
33 21 29
33 22 30
33 23 35
33 24 20
33 25 39
33 26 40
33 27 32
33 28 16
33 29 19
33 30 41
33 31 30
33 32 23
33 33 -1
33 34 25
33 35 19
33 36 12
33 37 14
33 38 18
33 39 23
33 40 13
33 41 28
33 42 20
33 43 5
33 44 34
33 45 35
33 46 37
33 47 25
33 48 22
33 49 44
33 50 9
33 51 22
33 52 11
33 53 36
33 54 8
33 55 20
33 56 14
33 57 26
33 58 34
34 1 21
34 2 28
34 3 23
34 4 45
34 5 39
34 6 43
34 7 34
34 8 37
34 9 42
34 10 58
34 11 7
34 12 26
34 13 56
34 14 8
34 15 47
34 16 16
34 17 13
34 18 40
34 19 18
34 20 10
34 21 24
34 22 11
34 23 55
34 24 44
34 25 55
34 26 66
34 27 55
34 28 33
34 29 40
34 30 24
34 31 53
34 32 47
34 33 25
34 34 -1
34 35 43
34 36 22
34 37 11
34 38 42
34 39 41
34 40 32
34 41 5
34 42 45
34 43 24
34 44 54
34 45 28
34 46 63
34 47 28
34 48 34
34 49 55
34 50 24
34 51 43
34 52 34
34 53 44
34 54 33
34 55 30
34 56 30
34 57 50
34 58 50
35 1 32
35 2 31
35 3 52
35 4 11
35 5 5
35 6 24
35 7 21
35 8 10
35 9 34
35 10 16
35 11 38
35 12 49
35 13 23
35 14 35
35 15 47
35 16 52
35 17 29
35 18 40
35 19 37
35 20 36
35 21 49
35 22 49
35 23 39
35 24 18
35 25 47
35 26 25
35 27 31
35 28 14
35 29 26
35 30 61
35 31 29
35 32 4
35 33 19
35 34 43
35 35 -1
35 36 31
35 37 32
35 38 2
35 39 10
35 40 11
35 41 46
35 42 9
35 43 19
35 44 38
35 45 54
35 46 25
35 47 42
35 48 37
35 49 54
35 50 27
35 51 29
35 52 9
35 53 50
35 54 16
35 55 21
35 56 15
35 57 7
35 58 43
36 1 30
36 2 35
36 3 21
36 4 28
36 5 26
36 6 22
36 7 34
36 8 31
36 9 20
36 10 42
36 11 15
36 12 18
36 13 36
36 14 20
36 15 27
36 16 22
36 17 15
36 18 20
36 19 7
36 20 12
36 21 18
36 22 22
36 23 33
36 24 25
36 25 34
36 26 48
36 27 33
36 28 28
36 29 18
36 30 31
36 31 32
36 32 34
36 33 12
36 34 22
36 35 31
36 36 -1
36 37 13
36 38 29
36 39 35
36 40 25
36 41 22
36 42 29
36 43 16
36 44 32
36 45 23
36 46 44
36 47 13
36 48 13
36 49 36
36 50 3
36 51 21
36 52 23
36 53 27
36 54 15
36 55 30
36 56 26
36 57 37
36 58 29
37 1 18
37 2 24
37 3 25
37 4 34
37 5 28
37 6 33
37 7 27
37 8 28
37 9 33
37 10 47
37 11 5
37 12 25
37 13 45
37 14 6
37 15 41
37 16 21
37 17 4
37 18 33
37 19 13
37 20 5
37 21 23
37 22 17
37 23 46
37 24 33
37 25 47
37 26 55
37 27 45
37 28 23
37 29 30
37 30 30
37 31 43
37 32 36
37 33 14
37 34 11
37 35 32
37 36 13
37 37 -1
37 38 31
37 39 32
37 40 22
37 41 14
37 42 34
37 43 13
37 44 44
37 45 29
37 46 52
37 47 24
37 48 26
37 49 49
37 50 14
37 51 33
37 52 23
37 53 39
37 54 22
37 55 23
37 56 21
37 57 39
37 58 42
38 1 32
38 2 31
38 3 50
38 4 10
38 5 3
38 6 22
38 7 21
38 8 10
38 9 32
38 10 17
38 11 36
38 12 47
38 13 22
38 14 34
38 15 45
38 16 50
38 17 28
38 18 38
38 19 35
38 20 34
38 21 47
38 22 48
38 23 38
38 24 16
38 25 45
38 26 25
38 27 29
38 28 14
38 29 25
38 30 59
38 31 27
38 32 5
38 33 18
38 34 42
38 35 2
38 36 29
38 37 31
38 38 -1
38 39 12
38 40 11
38 41 45
38 42 8
38 43 17
38 44 36
38 45 52
38 46 25
38 47 40
38 48 35
38 49 52
38 50 25
38 51 27
38 52 8
38 53 48
38 54 14
38 55 21
38 56 15
38 57 8
38 58 41
39 1 26
39 2 22
39 3 55
39 4 22
39 5 13
39 6 33
39 7 12
39 8 4
39 9 42
39 10 25
39 11 38
39 12 53
39 13 34
39 14 32
39 15 55
39 16 53
39 17 28
39 18 48
39 19 40
39 20 36
39 21 52
39 22 50
39 23 49
39 24 28
39 25 56
39 26 34
39 27 41
39 28 8
39 29 35
39 30 62
39 31 39
39 32 13
39 33 23
39 34 41
39 35 10
39 36 35
39 37 32
39 38 12
39 39 -1
39 40 10
39 41 45
39 42 20
39 43 19
39 44 48
39 45 58
39 46 35
39 47 48
39 48 43
39 49 63
39 50 32
39 51 38
39 52 12
39 53 57
39 54 23
39 55 13
39 56 10
39 57 14
39 58 52
40 1 21
40 2 20
40 3 44
40 4 19
40 5 10
40 6 27
40 7 12
40 8 6
40 9 35
40 10 28
40 11 28
40 12 43
40 13 32
40 14 24
40 15 47
40 16 43
40 17 19
40 18 39
40 19 30
40 20 26
40 21 42
40 22 40
40 23 43
40 24 23
40 25 49
40 26 36
40 27 37
40 28 4
40 29 28
40 30 52
40 31 35
40 32 16
40 33 13
40 34 32
40 35 11
40 36 25
40 37 22
40 38 11
40 39 10
40 40 -1
40 41 36
40 42 18
40 43 9
40 44 42
40 45 48
40 46 36
40 47 38
40 48 34
40 49 55
40 50 22
40 51 31
40 52 4
40 53 49
40 54 15
40 55 10
40 56 4
40 57 18
40 58 45
41 1 26
41 2 33
41 3 19
41 4 48
41 5 42
41 6 44
41 7 38
41 8 41
41 9 42
41 10 61
41 11 8
41 12 22
41 13 58
41 14 13
41 15 45
41 16 12
41 17 17
41 18 39
41 19 17
41 20 11
41 21 20
41 22 6
41 23 55
41 24 46
41 25 53
41 26 68
41 27 56
41 28 37
41 29 40
41 30 19
41 31 54
41 32 50
41 33 28
41 34 5
41 35 46
41 36 22
41 37 14
41 38 45
41 39 45
41 40 36
41 41 -1
41 42 48
41 43 27
41 44 54
41 45 24
41 46 65
41 47 26
41 48 33
41 49 54
41 50 25
41 51 43
41 52 37
41 53 42
41 54 35
41 55 35
41 56 34
41 57 53
41 58 49
42 1 39
42 2 38
42 3 49
42 4 2
42 5 8
42 6 16
42 7 29
42 8 18
42 9 27
42 10 13
42 11 39
42 12 46
42 13 14
42 14 38
42 15 40
42 16 51
42 17 32
42 18 34
42 19 36
42 20 37
42 21 46
42 22 50
42 23 30
42 24 9
42 25 39
42 26 20
42 27 21
42 28 21
42 29 20
42 30 60
42 31 19
42 32 8
42 33 20
42 34 45
42 35 9
42 36 29
42 37 34
42 38 8
42 39 20
42 40 18
42 41 48
42 42 -1
42 43 22
42 44 29
42 45 51
42 46 18
42 47 39
42 48 31
42 49 46
42 50 25
42 51 22
42 52 14
42 53 44
42 54 13
42 55 28
42 56 22
42 57 11
42 58 35
43 1 18
43 2 21
43 3 35
43 4 22
43 5 15
43 6 25
43 7 18
43 8 15
43 9 30
43 10 34
43 11 19
43 12 34
43 13 35
43 14 16
43 15 41
43 16 34
43 17 10
43 18 33
43 19 21
43 20 17
43 21 33
43 22 31
43 23 41
43 24 24
43 25 45
43 26 42
43 27 37
43 28 12
43 29 24
43 30 43
43 31 34
43 32 23
43 33 5
43 34 24
43 35 19
43 36 16
43 37 13
43 38 17
43 39 19
43 40 9
43 41 27
43 42 22
43 43 -1
43 44 39
43 45 39
43 46 40
43 47 29
43 48 27
43 49 49
43 50 13
43 51 28
43 52 9
43 53 42
43 54 12
43 55 14
43 56 10
43 57 26
43 58 40
44 1 58
44 2 61
44 3 44
44 4 27
44 5 34
44 6 14
44 7 55
44 8 46
44 9 12
44 10 36
44 11 47
44 12 39
44 13 21
44 14 51
44 15 17
44 16 50
44 17 45
44 18 17
44 19 37
44 20 44
44 21 40
44 22 52
44 23 1
44 24 20
44 25 11
44 26 36
44 27 10
44 28 46
44 29 15
44 30 57
44 31 11
44 32 38
44 33 34
44 34 54
44 35 38
44 36 32
44 37 44
44 38 36
44 39 48
44 40 42
44 41 54
44 42 29
44 43 39
44 44 -1
44 45 42
44 46 29
44 47 30
44 48 21
44 49 19
44 50 30
44 51 11
44 52 38
44 53 23
44 54 28
44 55 52
44 56 46
44 57 40
44 58 9
45 1 47
45 2 53
45 3 5
45 4 50
45 5 49
45 6 40
45 7 56
45 8 54
45 9 32
45 10 65
45 11 25
45 12 5
45 13 55
45 14 34
45 15 28
45 16 13
45 17 33
45 18 25
45 19 18
45 20 24
45 21 6
45 22 19
45 23 43
45 24 45
45 25 38
45 26 70
45 27 49
45 28 51
45 29 35
45 30 16
45 31 48
45 32 57
45 33 35
45 34 28
45 35 54
45 36 23
45 37 29
45 38 52
45 39 58
45 40 48
45 41 24
45 42 51
45 43 39
45 44 42
45 45 -1
45 46 64
45 47 13
45 48 22
45 49 35
45 50 27
45 51 36
45 52 47
45 53 23
45 54 39
45 55 52
45 56 49
45 57 61
45 58 35
46 1 57
46 2 56
46 3 63
46 4 17
46 5 26
46 6 24
46 7 46
46 8 35
46 9 34
46 10 11
46 11 56
46 12 59
46 13 8
46 14 56
46 15 45
46 16 67
46 17 50
46 18 41
46 19 51
46 20 54
46 21 60
46 22 66
46 23 30
46 24 19
46 25 40
46 26 7
46 27 19
46 28 39
46 29 29
46 30 75
46 31 18
46 32 21
46 33 37
46 34 63
46 35 25
46 36 44
46 37 52
46 38 25
46 39 35
46 40 36
46 41 65
46 42 18
46 43 40
46 44 29
46 45 64
46 46 -1
46 47 51
46 48 42
46 49 48
46 50 41
46 51 29
46 52 32
46 53 50
46 54 29
46 55 46
46 56 40
46 57 21
46 58 38
47 1 42
47 2 47
47 3 13
47 4 37
47 5 37
47 6 26
47 7 47
47 8 44
47 9 19
47 10 51
47 11 22
47 12 8
47 13 42
47 14 30
47 15 19
47 16 20
47 17 27
47 18 14
47 19 11
47 20 20
47 21 9
47 22 23
47 23 31
47 24 32
47 25 28
47 26 56
47 27 36
47 28 41
47 29 21
47 30 26
47 31 35
47 32 45
47 33 25
47 34 28
47 35 42
47 36 13
47 37 24
47 38 40
47 39 48
47 40 38
47 41 26
47 42 39
47 43 29
47 44 30
47 45 13
47 46 51
47 47 -1
47 48 9
47 49 27
47 50 16
47 51 22
47 52 36
47 53 16
47 54 26
47 55 43
47 56 39
47 57 48
47 58 24
48 1 43
48 2 48
48 3 22
48 4 30
48 5 32
48 6 18
48 7 46
48 8 40
48 9 9
48 10 44
48 11 27
48 12 18
48 13 33
48 14 33
48 15 14
48 16 28
48 17 29
48 18 6
48 19 16
48 20 24
48 21 19
48 22 31
48 23 22
48 24 24
48 25 20
48 26 48
48 27 26
48 28 38
48 29 13
48 30 36
48 31 25
48 32 39
48 33 22
48 34 34
48 35 37
48 36 13
48 37 26
48 38 35
48 39 43
48 40 34
48 41 33
48 42 31
48 43 27
48 44 21
48 45 22
48 46 42
48 47 9
48 48 -1
48 49 22
48 50 14
48 51 13
48 52 31
48 53 14
48 54 21
48 55 42
48 56 37
48 57 42
48 58 16
49 1 66
49 2 70
49 3 38
49 4 44
49 5 49
49 6 30
49 7 67
49 8 59
49 9 20
49 10 55
49 11 49
49 12 33
49 13 40
49 14 56
49 15 8
49 16 46
49 17 52
49 18 16
49 19 38
49 20 47
49 21 35
49 22 50
49 23 18
49 24 36
49 25 8
49 26 55
49 27 29
49 28 59
49 29 27
49 30 51
49 31 30
49 32 54
49 33 44
49 34 55
49 35 54
49 36 36
49 37 49
49 38 52
49 39 63
49 40 55
49 41 54
49 42 46
49 43 49
49 44 19
49 45 35
49 46 48
49 47 27
49 48 22
49 49 -1
49 50 36
49 51 24
49 52 51
49 53 12
49 54 40
49 55 64
49 56 58
49 57 57
49 58 11
50 1 29
50 2 34
50 3 24
50 4 24
50 5 22
50 6 19
50 7 32
50 8 28
50 9 19
50 10 39
50 11 17
50 12 21
50 13 33
50 14 20
50 15 28
50 16 26
50 17 15
50 18 20
50 19 10
50 20 14
50 21 21
50 22 25
50 23 31
50 24 21
50 25 33
50 26 45
50 27 31
50 28 25
50 29 16
50 30 35
50 31 29
50 32 30
50 33 9
50 34 24
50 35 27
50 36 3
50 37 14
50 38 25
50 39 32
50 40 22
50 41 25
50 42 25
50 43 13
50 44 30
50 45 27
50 46 41
50 47 16
50 48 14
50 49 36
50 50 -1
50 51 19
50 52 20
50 53 28
50 54 12
50 55 28
50 56 23
50 57 34
50 58 28
51 1 46
51 2 49
51 3 36
51 4 20
51 5 25
51 6 6
51 7 44
51 8 36
51 9 5
51 10 32
51 11 36
51 12 31
51 13 20
51 14 39
51 15 18
51 16 41
51 17 34
51 18 12
51 19 26
51 20 33
51 21 32
51 22 42
51 23 13
51 24 13
51 25 18
51 26 35
51 27 13
51 28 36
51 29 3
51 30 49
51 31 12
51 32 30
51 33 22
51 34 43
51 35 29
51 36 21
51 37 33
51 38 27
51 39 38
51 40 31
51 41 43
51 42 22
51 43 28
51 44 11
51 45 36
51 46 29
51 47 22
51 48 13
51 49 24
51 50 19
51 51 -1
51 52 27
51 53 22
51 54 16
51 55 41
51 56 35
51 57 33
51 58 13
52 1 25
52 2 24
52 3 43
52 4 15
52 5 6
52 6 23
52 7 17
52 8 8
52 9 31
52 10 25
52 11 29
52 12 41
52 13 28
52 14 26
52 15 43
52 16 43
52 17 20
52 18 36
52 19 29
52 20 27
52 21 41
52 22 40
52 23 39
52 24 19
52 25 45
52 26 33
52 27 33
52 28 8
52 29 24
52 30 52
52 31 30
52 32 13
52 33 11
52 34 34
52 35 9
52 36 23
52 37 23
52 38 8
52 39 12
52 40 4
52 41 37
52 42 14
52 43 9
52 44 38
52 45 47
52 46 32
52 47 36
52 48 31
52 49 51
52 50 20
52 51 27
52 52 -1
52 53 45
52 54 11
52 55 15
52 56 8
52 57 16
52 58 41
53 1 57
53 2 62
53 3 26
53 4 42
53 5 45
53 6 28
53 7 60
53 8 54
53 9 17
53 10 54
53 11 38
53 12 21
53 13 41
53 14 46
53 15 6
53 16 34
53 17 42
53 18 10
53 19 27
53 20 36
53 21 23
53 22 38
53 23 23
53 24 35
53 25 15
53 26 57
53 27 32
53 28 52
53 29 24
53 30 39
53 31 32
53 32 52
53 33 36
53 34 44
53 35 50
53 36 27
53 37 39
53 38 48
53 39 57
53 40 49
53 41 42
53 42 44
53 43 42
53 44 23
53 45 23
53 46 50
53 47 16
53 48 14
53 49 12
53 50 28
53 51 22
53 52 45
53 53 -1
53 54 34
53 55 56
53 56 51
53 57 55
53 58 14
54 1 31
54 2 33
54 3 36
54 4 12
54 5 11
54 6 13
54 7 27
54 8 19
54 9 20
54 10 26
54 11 26
54 12 33
54 13 23
54 14 27
54 15 32
54 16 38
54 17 21
54 18 25
54 19 22
54 20 24
54 21 33
54 22 37
54 23 29
54 24 12
54 25 34
54 26 33
54 27 24
54 28 19
54 29 13
54 30 47
54 31 22
54 32 18
54 33 8
54 34 33
54 35 16
54 36 15
54 37 22
54 38 14
54 39 23
54 40 15
54 41 35
54 42 13
54 43 12
54 44 28
54 45 39
54 46 29
54 47 26
54 48 21
54 49 40
54 50 12
54 51 16
54 52 11
54 53 34
54 54 -1
54 55 24
54 56 18
54 57 22
54 58 30
55 1 13
55 2 10
55 3 48
55 4 30
55 5 20
55 6 38
55 7 4
55 8 11
55 9 44
55 10 37
55 11 28
55 12 47
55 13 43
55 14 21
55 15 56
55 16 44
55 17 19
55 18 48
55 19 34
55 20 28
55 21 46
55 22 40
55 23 54
55 24 34
55 25 59
55 26 46
55 27 48
55 28 7
55 29 38
55 30 53
55 31 46
55 32 25
55 33 20
55 34 30
55 35 21
55 36 30
55 37 23
55 38 21
55 39 13
55 40 10
55 41 35
55 42 28
55 43 14
55 44 52
55 45 52
55 46 46
55 47 43
55 48 42
55 49 64
55 50 28
55 51 41
55 52 15
55 53 56
55 54 24
55 55 -1
55 56 6
55 57 26
55 58 54
56 1 17
56 2 16
56 3 45
56 4 23
56 5 14
56 6 31
56 7 9
56 8 7
56 9 38
56 10 31
56 11 27
56 12 44
56 13 36
56 14 22
56 15 50
56 16 43
56 17 17
56 18 42
56 19 31
56 20 26
56 21 43
56 22 39
56 23 47
56 24 27
56 25 53
56 26 40
56 27 41
56 28 2
56 29 31
56 30 52
56 31 39
56 32 19
56 33 14
56 34 30
56 35 15
56 36 26
56 37 21
56 38 15
56 39 10
56 40 4
56 41 34
56 42 22
56 43 10
56 44 46
56 45 49
56 46 40
56 47 39
56 48 37
56 49 58
56 50 23
56 51 35
56 52 8
56 53 51
56 54 18
56 55 6
56 56 -1
56 57 21
56 58 48
57 1 38
57 2 36
57 3 58
57 4 13
57 5 11
57 6 27
57 7 26
57 8 15
57 9 38
57 10 11
57 11 45
57 12 55
57 13 22
57 14 42
57 15 51
57 16 59
57 17 36
57 18 45
57 19 44
57 20 43
57 21 55
57 22 56
57 23 41
57 24 20
57 25 50
57 26 20
57 27 31
57 28 19
57 29 31
57 30 68
57 31 30
57 32 3
57 33 26
57 34 50
57 35 7
57 36 37
57 37 39
57 38 8
57 39 14
57 40 18
57 41 53
57 42 11
57 43 26
57 44 40
57 45 61
57 46 21
57 47 48
57 48 42
57 49 57
57 50 34
57 51 33
57 52 16
57 53 55
57 54 22
57 55 26
57 56 21
57 57 -1
57 58 46
58 1 58
58 2 61
58 3 36
58 4 32
58 5 38
58 6 18
58 7 57
58 8 49
58 9 9
58 10 44
58 11 43
58 12 31
58 13 29
58 14 49
58 15 7
58 16 44
58 17 44
58 18 10
58 19 32
58 20 40
58 21 33
58 22 47
58 23 9
58 24 25
58 25 5
58 26 44
58 27 18
58 28 49
58 29 16
58 30 50
58 31 19
58 32 43
58 33 34
58 34 50
58 35 43
58 36 29
58 37 42
58 38 41
58 39 52
58 40 45
58 41 49
58 42 35
58 43 40
58 44 9
58 45 35
58 46 38
58 47 24
58 48 16
58 49 11
58 50 28
58 51 13
58 52 41
58 53 14
58 54 30
58 55 54
58 56 48
58 57 46
58 58 -1
