13 46
13 31
16 3
16 22
16 30
29 9
29 51
29 6
54 33
48 9
48 18
48 47
39 35
39 8
39 40
39 56
39 28
46 26
46 13
57 32
57 35
57 38
14 34
14 37
14 11
14 17
14 20
22 16
22 41
38 32
38 35
38 4
38 5
38 8
38 42
38 52
38 57
10 26
36 50
36 19
47 48
47 12
47 21
34 41
34 11
34 20
34 14
26 10
26 46
42 32
42 35
42 4
42 5
42 38
42 24
35 32
35 5
35 38
35 39
35 8
35 42
35 52
35 57
6 24
6 51
6 29
6 31
37 17
37 11
37 20
37 14
27 31
27 44
27 23
30 16
21 3
21 12
21 45
21 47
8 35
8 38
8 39
8 40
8 52
8 56
8 28
32 35
32 4
32 5
32 38
32 42
32 57
9 48
9 18
9 51
9 58
9 29
5 32
5 35
5 4
5 38
5 40
5 42
5 52
11 34
11 37
11 41
11 14
11 17
11 20
33 50
33 43
33 54
