1 1 0.0
1 2 45.27692569068709
1 3 44.10215414239989
1 4 22.20360331117452
1 5 31.0
1 6 2.0
1 7 19.1049731745428
1 8 30.01666203960727
1 9 43.41658669218482
1 10 44.40720662234904
1 11 16.76305461424021
1 12 3.605551275463989
1 13 35.11409973215888
1 14 38.27531841800928
1 15 3.0
1 16 46.66904755831214
1 17 15.811388300841896
1 18 34.36568055487916
1 19 23.600847442411894
1 20 42.20189569201838
1 21 44.553338819890925
1 22 28.653097563788805
1 23 49.09175083453431
1 24 49.9799959983992
1 25 48.373546489791295
1 26 5.385164807134504
1 27 14.142135623730951
1 28 39.0
1 29 3.605551275463989
1 30 20.396078054371138
1 31 51.62363799656123
1 32 21.0
1 33 34.655446902326915
1 34 49.24428900898052
1 35 40.311288741492746
1 36 32.69556544854363
1 37 8.602325267042627
1 38 21.095023109728988
1 39 30.4138126514911
1 40 22.360679774997898
1 41 41.036569057366385
1 42 44.204072210600685
1 43 59.665735560705194
1 44 50.80354318352215
1 45 6.4031242374328485
1 46 22.825424421026653
1 47 44.28317965096906
1 48 42.04759208325728
1 49 43.46262762420146
1 50 12.529964086141668
2 1 45.27692569068709
2 2 0.0
2 3 8.06225774829855
2 4 49.92995093127971
2 5 57.62811813689564
2 6 43.289721643826724
2 7 52.773099207835045
2 8 16.15549442140351
2 9 26.92582403567252
2 10 32.28002478313795
2 11 45.17742799230607
2 12 42.579337712087536
2 13 50.32891812864648
2 14 20.12461179749811
2 15 45.044422518220834
2 16 39.84971769034255
2 17 32.2490309931942
2 18 14.866068747318506
2 19 32.202484376209235
2 20 31.953090617340916
2 21 2.23606797749979
2 22 27.586228448267445
2 23 32.2490309931942
2 24 22.090722034374522
2 25 29.154759474226502
2 26 48.05205510693585
2 27 38.07886552931954
2 28 7.810249675906654
2 29 42.1070065428546
2 30 48.02082881417188
2 31 42.95346318982906
2 32 24.515301344262525
2 33 36.61966684720111
2 34 25.0
2 35 22.47220505424423
2 36 47.4236228055175
2 37 40.049968789001575
2 38 53.71219600798314
2 39 15.0
2 40 49.09175083453431
2 41 36.24913792078372
2 42 33.52610922848042
2 43 43.01162633521314
2 44 35.22782990761707
2 45 40.01249804748511
2 46 42.20189569201838
2 47 1.0
2 48 50.774009099144415
2 49 22.561028345356956
2 50 35.73513677041127
3 1 44.10215414239989
3 2 8.06225774829855
3 3 0.0
3 4 45.18849411078001
3 5 52.15361924162119
3 6 42.1070065428546
3 7 48.703182647543684
3 8 14.142135623730951
3 9 18.973665961010276
3 10 24.351591323771842
3 11 41.10960958218893
3 12 41.012193308819754
3 13 43.86342439892262
3 14 12.806248474865697
3 15 44.40720662234904
3 16 31.953090617340916
3 17 33.24154027718932
3 18 10.198039027185569
3 19 27.313000567495326
3 20 24.166091947189145
3 21 10.0
3 22 21.95449840010015
3 23 24.186773244895647
3 24 14.317821063276353
3 25 21.095023109728988
3 26 46.04345773288535
3 27 34.713109915419565
3 28 5.830951894845301
3 29 41.30375285612676
3 30 43.46262762420146
3 31 34.92849839314596
3 32 23.194827009486403
3 33 29.732137494637012
3 34 17.029386365926403
3 35 14.7648230602334
3 36 41.10960958218893
3 37 40.26164427839479
3 38 49.39635614091387
3 39 16.1245154965971
3 40 44.28317965096906
3 41 28.653097563788805
3 42 25.632011235952593
3 43 35.05709628591621
3 44 27.16615541441225
3 45 39.6232255123179
3 46 37.12142238654117
3 47 8.0
3 48 43.60045871318328
3 49 14.560219778561036
3 50 33.13608305156178
4 1 22.20360331117452
4 2 49.92995093127971
4 3 45.18849411078001
4 4 0.0
4 5 9.486832980505138
4 6 22.02271554554524
4 7 5.830951894845301
4 8 34.20526275297414
4 9 35.014282800023196
4 10 33.24154027718932
4 11 6.324555320336759
4 12 20.0
4 13 14.212670403551895
4 14 34.20526275297414
4 15 25.179356624028344
4 16 31.953090617340916
4 17 32.57299494980466
4 18 35.35533905932738
4 19 17.88854381999832
4 20 31.144823004794873
4 21 50.21951811795888
4 22 23.40939982143925
4 23 38.3275357934736
4 24 44.28317965096906
4 25 39.05124837953327
4 26 17.72004514666935
4 27 13.892443989449804
4 28 42.190046219457976
4 29 24.0
4 30 2.23606797749979
4 31 36.24913792078372
4 32 28.42534080710379
4 33 21.213203435596427
4 34 42.04759208325728
4 35 34.52535300326414
4 36 12.806248474865697
4 37 29.068883707497267
4 38 5.0990195135927845
4 39 38.18376618407357
4 40 1.0
4 41 27.65863337187866
4 42 32.38826948140329
4 43 45.880278987817846
4 44 38.8329756778952
4 45 26.076809620810597
4 46 8.246211251235321
4 47 49.09175083453431
4 48 21.93171219946131
4 49 37.33630940518894
4 50 17.88854381999832
5 1 31.0
5 2 57.62811813689564
5 3 52.15361924162119
5 4 9.486832980505138
5 5 0.0
5 6 31.064449134018133
5 7 12.165525060596439
5 8 42.42640687119285
5 9 39.293765408777
5 10 36.345563690772494
5 11 15.811388300841896
5 12 29.154759474226502
5 13 12.165525060596439
5 14 40.24922359499622
5 15 34.0
5 16 33.06055050963308
5 17 42.05948168962618
5 18 42.80186911806539
5 19 25.495097567963924
5 20 34.52535300326414
5 21 58.137767414994535
5 22 30.23243291566195
5 23 41.19465984809196
5 24 49.040799340956916
5 25 42.579337712087536
5 26 26.076809620810597
5 27 23.259406699226016
5 28 49.8196748283246
5 29 33.13608305156178
5 30 11.704699910719626
5 31 36.49657518178932
5 32 37.44329045369811
5 33 24.73863375370596
5 34 46.32493928760188
5 35 39.92492955535426
5 36 13.038404810405298
5 37 38.3275357934736
5 38 10.198039027185569
5 39 46.861498055439924
5 40 9.848857801796104
5 41 30.14962686336267
5 42 35.22782990761707
5 43 46.52956049652737
5 44 41.012193308819754
5 45 35.35533905932738
5 46 15.556349186104045
5 47 56.85068161420758
5 48 19.313207915827967
5 49 42.37924020083418
5 50 27.313000567495326
6 1 2.0
6 2 43.289721643826724
6 3 42.1070065428546
6 4 22.02271554554524
6 5 31.064449134018133
6 6 0.0
6 7 19.4164878389476
6 8 28.0178514522438
6 9 41.677331968349414
6 10 42.80186911806539
6 11 16.278820596099706
6 12 2.23606797749979
6 13 34.48187929913333
6 14 36.40054944640259
6 15 3.605551275463989
6 16 45.27692569068709
6 17 14.212670403551895
6 18 32.38826948140329
6 19 22.02271554554524
6 20 40.607881008493905
6 21 42.579337712087536
6 22 26.92582403567252
6 23 47.43416490252569
6 24 48.104053883222775
6 25 46.647615158762406
6 26 6.4031242374328485
6 27 12.806248474865697
6 28 37.0
6 29 2.23606797749979
6 30 20.09975124224178
6 31 50.24937810560445
6 32 19.0
6 33 33.301651610693426
6 34 47.4236228055175
6 35 38.48376280978771
6 36 31.953090617340916
6 37 7.615773105863909
6 38 21.37755832643195
6 39 28.442925306655784
6 40 22.090722034374522
6 41 39.59797974644666
6 42 42.638011210655684
6 43 58.137767414994535
6 44 49.20365840057018
6 45 5.0
6 46 21.93171219946131
6 47 42.2965719651132
6 48 41.23105625617661
6 49 41.6293165929973
6 50 10.816653826391969
7 1 19.1049731745428
7 2 52.773099207835045
7 3 48.703182647543684
7 4 5.830951894845301
7 5 12.165525060596439
7 6 19.4164878389476
7 7 0.0
7 8 36.71511950137164
7 9 40.049968789001575
7 10 38.63935817272331
7 11 7.615773105863909
7 12 17.72004514666935
7 13 19.79898987322333
7 14 38.47076812334269
7 15 22.090722034374522
7 16 37.69615364994153
7 17 31.76476034853718
7 18 38.62641583165593
7 19 21.587033144922902
7 20 36.49657518178932
7 21 52.839379254491625
7 22 27.459060435491963
7 23 43.73785545725808
7 24 49.040799340956916
7 25 44.28317965096906
7 26 14.0
7 27 15.0
7 28 45.18849411078001
7 29 21.587033144922902
7 30 6.082762530298219
7 31 42.04759208325728
7 32 29.832867780352597
7 33 26.68332812825267
7 34 47.01063709417264
7 35 39.11521443121589
7 36 18.601075237738275
7 37 26.92582403567252
7 38 2.0
7 39 40.0
7 40 6.708203932499369
7 41 33.24154027718932
7 42 37.8549864614954
7 43 51.62363799656123
7 44 44.384682042344295
7 45 24.041630560342615
7 46 13.038404810405298
7 47 51.884487084291386
7 48 27.586228448267445
7 49 42.04759208325728
7 50 18.384776310850235
8 1 30.01666203960727
8 2 16.15549442140351
8 3 14.142135623730951
8 4 34.20526275297414
8 5 42.42640687119285
8 6 28.0178514522438
8 7 36.71511950137164
8 8 0.0
8 9 21.540659228538015
8 10 25.709920264364882
8 11 29.154759474226502
8 12 27.018512172212592
8 13 36.71511950137164
8 14 13.416407864998739
8 15 30.265491900843113
8 16 32.14031735997639
8 17 19.72308292331602
8 18 5.656854249492381
8 19 17.029386365926403
8 20 24.331050121192877
8 21 16.1245154965971
8 22 13.92838827718412
8 23 28.231188426986208
8 24 23.345235059857504
8 25 25.942243542145693
8 26 32.2490309931942
8 27 21.93171219946131
8 28 9.055385138137417
8 29 27.16615541441225
8 30 32.202484376209235
8 31 36.49657518178932
8 32 9.055385138137417
8 33 24.73863375370596
8 34 24.20743687382041
8 35 16.55294535724685
8 36 33.61547262794322
8 37 26.248809496813376
8 38 37.73592452822641
8 39 6.0
8 40 33.421549934136806
8 41 27.0
8 42 26.476404589747453
8 43 40.311288741492746
8 44 31.016124838541646
8 45 25.495097567963924
8 46 26.870057685088806
8 47 15.231546211727817
8 48 38.897300677553446
8 49 18.867962264113206
8 50 19.6468827043885
9 1 43.41658669218482
9 2 26.92582403567252
9 3 18.973665961010276
9 4 35.014282800023196
9 5 39.293765408777
9 6 41.677331968349414
9 7 40.049968789001575
9 8 21.540659228538015
9 9 0.0
9 10 5.385164807134504
9 11 33.37663853655727
9 12 39.824615503479755
9 13 28.635642126552707
9 14 8.246211251235321
9 15 44.94441010848846
9 16 13.0
9 17 39.05124837953327
9 18 16.492422502470642
9 19 20.248456731316587
9 20 5.656854249492381
9 21 28.635642126552707
9 22 14.7648230602334
9 23 6.708203932499369
9 24 9.848857801796104
9 25 5.0
9 26 43.08131845707603
9 27 30.083217912982647
9 28 21.02379604162864
9 29 41.88078318274385
9 30 34.0147027033899
9 31 16.1245154965971
9 32 27.018512172212592
9 33 14.560219778561036
9 34 7.0710678118654755
9 35 5.0990195135927845
9 36 26.570660511172846
9 37 43.278170016764804
9 38 40.0
9 39 27.202941017470888
9 40 34.0147027033899
9 41 10.63014581273465
9 42 6.708203932499369
9 43 18.788294228055936
9 44 9.486832980505138
9 45 41.400483088968905
9 46 27.018512172212592
9 47 26.68332812825267
9 48 26.248809496813376
9 49 4.47213595499958
9 50 30.886890422961002
10 1 44.40720662234904
10 2 32.28002478313795
10 3 24.351591323771842
10 4 33.24154027718932
10 5 36.345563690772494
10 6 42.80186911806539
10 7 38.63935817272331
10 8 25.709920264364882
10 9 5.385164807134504
10 10 0.0
10 11 32.57299494980466
10 12 40.80441152620633
10 13 25.0
10 14 13.0
10 15 46.22769732530488
10 16 7.615773105863909
10 17 41.88078318274385
10 18 21.095023109728988
10 19 20.808652046684813
10 20 2.23606797749979
10 21 33.95585369269929
10 22 16.278820596099706
10 23 5.0990195135927845
10 24 14.212670403551895
10 25 6.324555320336759
10 26 43.41658669218482
10 27 30.528675044947494
10 28 26.1725046566048
10 29 43.278170016764804
10 30 32.55764119219941
10 31 11.0
10 32 30.01666203960727
10 33 12.041594578792296
10 34 10.816653826391969
10 35 10.04987562112089
10 36 23.345235059857504
10 37 45.27692569068709
10 38 38.3275357934736
10 39 31.575306807693888
10 40 32.2490309931942
10 41 6.324555320336759
10 42 1.4142135623730951
10 43 15.620499351813308
10 44 6.4031242374328485
10 45 43.139309220245984
10 46 25.709920264364882
10 47 32.01562118716424
10 48 21.633307652783937
10 49 9.848857801796104
10 50 32.01562118716424
11 1 16.76305461424021
11 2 45.17742799230607
11 3 41.10960958218893
11 4 6.324555320336759
11 5 15.811388300841896
11 6 16.278820596099706
11 7 7.615773105863909
11 8 29.154759474226502
11 9 33.37663853655727
11 10 32.57299494980466
11 11 0.0
11 12 14.142135623730951
11 13 18.384776310850235
11 14 31.144823004794873
11 15 19.6468827043885
11 16 32.7566787083184
11 17 26.248809496813376
11 18 31.016124838541646
11 19 14.142135623730951
11 20 30.364452901377952
11 21 45.27692569068709
11 22 20.09975124224178
11 23 37.64306044943742
11 24 42.01190307520001
11 25 37.8549864614954
11 26 13.038404810405298
11 27 7.810249675906654
11 28 37.57658845611187
11 29 18.110770276274835
11 30 4.123105625617661
11 31 37.44329045369811
11 32 22.627416997969522
11 33 21.02379604162864
11 34 40.19950248448356
11 35 32.0
11 36 16.1245154965971
11 37 23.0
11 38 8.602325267042627
11 39 32.64965543462902
11 40 6.082762530298219
11 41 27.730849247724095
11 42 31.953090617340916
11 43 46.52956049652737
11 44 38.62641583165593
11 45 20.0
11 46 7.211102550927978
11 47 44.294469180700204
11 48 25.553864678361276
11 49 35.014282800023196
11 50 11.661903789690601
12 1 3.605551275463989
12 2 42.579337712087536
12 3 41.012193308819754
12 4 20.0
12 5 29.154759474226502
12 6 2.23606797749979
12 7 17.72004514666935
12 8 27.018512172212592
12 9 39.824615503479755
12 10 40.80441152620633
12 11 14.142135623730951
12 12 0.0
12 13 32.28002478313795
12 14 34.785054261852174
12 15 5.830951894845301
12 16 43.139309220245984
12 17 14.866068747318506
12 18 31.144823004794873
12 19 20.0
12 20 38.600518131237564
12 21 41.97618372363071
12 22 25.059928172283335
12 23 45.48626166217664
12 24 46.486557196677836
12 25 44.77722635447622
12 26 5.830951894845301
12 27 10.63014581273465
12 28 36.05551275463989
12 29 4.0
12 30 18.027756377319946
12 31 48.104053883222775
12 32 18.110770276274835
12 33 31.144823004794873
12 34 45.69463863518345
12 35 36.76955262170047
12 36 29.732137494637012
12 37 9.219544457292887
12 38 19.6468827043885
12 39 27.892651361962706
12 40 20.024984394500787
12 41 37.48332962798263
12 42 40.607881008493905
12 43 56.08029957123981
12 44 47.20169488482379
12 45 6.324555320336759
12 46 19.697715603592208
12 47 41.593268686170845
12 48 39.0
12 49 39.92492955535426
12 50 8.94427190999916
13 1 35.11409973215888
13 2 50.32891812864648
13 3 43.86342439892262
13 4 14.212670403551895
13 5 12.165525060596439
13 6 34.48187929913333
13 7 19.79898987322333
13 8 36.71511950137164
13 9 28.635642126552707
13 10 25.0
13 11 18.384776310850235
13 12 32.28002478313795
13 13 0.0
13 14 31.240998703626616
13 15 37.94733192202055
13 16 21.0
13 17 42.01190307520001
13 18 35.608987629529715
13 19 20.248456731316587
13 20 23.40939982143925
13 21 51.22499389946279
13 22 23.021728866442675
13 23 29.614185789921695
13 24 38.48376280978771
13 25 31.32091952673165
13 26 31.304951684997057
13 27 23.08679276123039
13 28 42.638011210655684
13 29 36.138621999185304
13 30 15.264337522473747
13 31 24.331050121192877
13 32 34.20526275297414
13 33 14.422205101855956
13 34 35.4682957019364
13 35 30.23243291566195
13 36 3.1622776601683795
13 37 40.607881008493905
13 38 18.439088914585774
13 39 42.04759208325728
13 40 13.601470508735444
13 41 18.681541692269406
13 42 23.769728648009426
13 43 34.36568055487916
13 44 29.154759474226502
13 45 37.656340767525464
13 46 13.038404810405298
13 47 49.678969393496885
13 48 7.810249675906654
13 49 32.2490309931942
13 50 27.018512172212592
14 1 38.27531841800928
14 2 20.12461179749811
14 3 12.806248474865697
14 4 34.20526275297414
14 5 40.24922359499622
14 6 36.40054944640259
14 7 38.47076812334269
14 8 13.416407864998739
14 9 8.246211251235321
14 10 13.0
14 11 31.144823004794873
14 12 34.785054261852174
14 13 31.240998703626616
14 14 0.0
14 15 39.395431207184416
14 16 20.223748416156685
14 17 31.827660925679098
14 18 8.246211251235321
14 19 17.029386365926403
14 20 12.165525060596439
14 21 21.540659228538015
14 22 11.045361017187261
14 23 14.866068747318506
14 24 11.704699910719626
14 25 12.529964086141668
14 26 38.8329756778952
14 27 26.1725046566048
14 28 13.341664064126334
14 29 36.24913792078372
14 30 32.7566787083184
14 31 24.0
14 32 19.849433241279208
14 33 16.97056274847714
14 34 11.40175425099138
14 35 3.1622776601683795
14 36 28.600699292150182
14 37 36.89173349139343
14 38 38.8329756778952
14 39 18.973665961010276
14 40 33.24154027718932
14 41 16.15549442140351
14 42 14.035668847618199
14 43 26.92582403567252
14 44 17.72004514666935
14 45 35.35533905932738
14 46 25.96150997149434
14 47 19.697715603592208
14 48 30.805843601498726
14 49 5.656854249492381
14 50 25.96150997149434
15 1 3.0
15 2 45.044422518220834
15 3 44.40720662234904
15 4 25.179356624028344
15 5 34.0
15 6 3.605551275463989
15 7 22.090722034374522
15 8 30.265491900843113
15 9 44.94441010848846
15 10 46.22769732530488
15 11 19.6468827043885
15 12 5.830951894845301
15 13 37.94733192202055
15 14 39.395431207184416
15 15 0.0
15 16 48.83646178829912
15 17 14.317821063276353
15 18 34.92849839314596
15 19 25.495097567963924
15 20 44.04543109109048
15 21 44.181444068749045
15 22 30.23243291566195
15 23 50.80354318352215
15 24 51.07837115648854
15 25 49.92995093127971
15 26 8.246211251235321
15 27 16.401219466856727
15 28 39.11521443121589
15 29 3.1622776601683795
15 30 23.345235059857504
15 31 53.81449618829484
15 32 21.213203435596427
15 33 36.87817782917155
15 34 50.53711507397311
15 35 41.593268686170845
15 36 35.4682957019364
15 37 6.4031242374328485
15 38 24.08318915758459
15 39 30.066592756745816
15 40 25.317977802344327
15 41 43.139309220245984
15 42 46.09772228646444
15 43 61.61980201201558
15 44 52.630789467763066
15 45 5.0990195135927845
15 46 25.495097567963924
15 47 44.04543109109048
15 48 44.77722635447622
15 49 44.721359549995796
15 50 14.212670403551895
16 1 46.66904755831214
16 2 39.84971769034255
16 3 31.953090617340916
16 4 31.953090617340916
16 5 33.06055050963308
16 6 45.27692569068709
16 7 37.69615364994153
16 8 32.14031735997639
16 9 13.0
16 10 7.615773105863909
16 11 32.7566787083184
16 12 43.139309220245984
16 13 21.0
16 14 20.223748416156685
16 15 48.83646178829912
16 16 0.0
16 17 46.51881339845203
16 18 28.0178514522438
16 19 23.600847442411894
16 20 8.06225774829855
16 21 41.48493702538308
16 22 20.615528128088304
16 23 10.0
16 24 21.2602916254693
16 25 12.727922061357855
16 26 44.82186966202994
16 27 32.526911934581186
16 28 33.54101966249684
16 29 46.09772228646444
16 30 31.78049716414141
16 31 5.0
16 32 35.11409973215888
16 33 12.041594578792296
16 34 17.69180601295413
16 35 17.46424919657298
16 36 20.223748416156685
16 37 48.82622246293481
16 38 37.0
16 39 38.118237105091836
16 40 31.016124838541646
16 41 5.830951894845301
16 42 6.324555320336759
16 43 13.92838827718412
16 44 8.54400374531753
16 45 46.400431032480725
16 46 25.553864678361276
16 47 39.56008088970496
16 48 15.811388300841896
16 49 17.46424919657298
16 50 34.828149534535996
17 1 15.811388300841896
17 2 32.2490309931942
17 3 33.24154027718932
17 4 32.57299494980466
17 5 42.05948168962618
17 6 14.212670403551895
17 7 31.76476034853718
17 8 19.72308292331602
17 9 39.05124837953327
17 10 41.88078318274385
17 11 26.248809496813376
17 12 14.866068747318506
17 13 42.01190307520001
17 14 31.827660925679098
17 15 14.317821063276353
17 16 46.51881339845203
17 17 0.0
17 18 25.238858928247925
17 19 23.769728648009426
17 20 39.96248240537617
17 21 31.064449134018133
17 22 25.942243542145693
17 23 45.60701700396552
17 24 42.80186911806539
17 25 43.93176527297759
17 26 20.518284528683193
17 27 19.235384061671343
17 28 27.51363298439521
17 29 12.206555615733702
17 30 30.364452901377952
17 31 51.42956348249516
17 32 12.041594578792296
17 33 35.73513677041127
17 34 43.18564576337837
17 35 34.655446902326915
17 36 39.0
17 37 8.246211251235321
17 38 33.54101966249684
17 39 17.46424919657298
17 40 32.28002478313795
17 41 40.718546143004666
17 42 42.190046219457976
17 43 57.42821606144492
17 44 48.010415536631214
17 45 9.433981132056603
17 46 29.068883707497267
17 47 31.25699921617557
17 48 47.265209192385896
17 49 37.48332962798263
17 50 15.132745950421556
18 1 34.36568055487916
18 2 14.866068747318506
18 3 10.198039027185569
18 4 35.35533905932738
18 5 42.80186911806539
18 6 32.38826948140329
18 7 38.62641583165593
18 8 5.656854249492381
18 9 16.492422502470642
18 10 21.095023109728988
18 11 31.016124838541646
18 12 31.144823004794873
18 13 35.608987629529715
18 14 8.246211251235321
18 15 34.92849839314596
18 16 28.0178514522438
18 17 25.238858928247925
18 18 0.0
18 19 17.4928556845359
18 20 20.0
18 21 15.620499351813308
18 22 12.727922061357855
18 23 23.08679276123039
18 24 17.69180601295413
18 25 20.615528128088304
18 26 36.0
18 27 24.515301344262525
18 28 7.0710678118654755
18 29 31.78049716414141
18 30 33.54101966249684
18 31 32.0624390837628
18 32 13.92838827718412
18 33 22.360679774997898
18 34 18.601075237738275
18 35 11.40175425099138
18 36 32.64965543462902
18 37 31.38470965295043
18 38 39.395431207184416
18 39 10.770329614269007
18 40 34.48187929913333
18 41 23.345235059857504
18 42 22.02271554554524
18 43 35.11409973215888
18 44 25.96150997149434
18 45 30.364452901377952
18 46 27.459060435491963
18 47 14.142135623730951
18 48 36.6742416417845
18 49 13.416407864998739
18 50 23.021728866442675
19 1 23.600847442411894
19 2 32.202484376209235
19 3 27.313000567495326
19 4 17.88854381999832
19 5 25.495097567963924
19 6 22.02271554554524
19 7 21.587033144922902
19 8 17.029386365926403
19 9 20.248456731316587
19 10 20.808652046684813
19 11 14.142135623730951
19 12 20.0
19 13 20.248456731316587
19 14 17.029386365926403
19 15 25.495097567963924
19 16 23.600847442411894
19 17 23.769728648009426
19 18 17.4928556845359
19 19 0.0
19 20 18.601075237738275
19 21 32.64965543462902
19 22 6.0
19 23 25.553864678361276
19 24 28.160255680657446
19 25 25.079872407968907
19 26 22.847319317591726
19 27 9.848857801796104
19 28 24.413111231467404
19 29 22.627416997969522
19 30 16.15549442140351
19 31 28.600699292150182
19 32 14.142135623730951
19 33 12.083045973594572
19 34 26.68332812825267
19 35 18.110770276274835
19 36 17.08800749063506
19 37 25.238858928247925
19 38 22.135943621178654
19 39 21.95449840010015
19 40 17.0
19 41 17.804493814764857
19 42 20.615528128088304
19 43 36.124783736376884
19 44 27.202941017470888
19 45 22.80350850198276
19 46 10.0
19 47 31.400636936215164
19 48 24.020824298928627
19 49 21.213203435596427
19 50 11.313708498984761
20 1 42.20189569201838
20 2 31.953090617340916
20 3 24.166091947189145
20 4 31.144823004794873
20 5 34.52535300326414
20 6 40.607881008493905
20 7 36.49657518178932
20 8 24.331050121192877
20 9 5.656854249492381
20 10 2.23606797749979
20 11 30.364452901377952
20 12 38.600518131237564
20 13 23.40939982143925
20 14 12.165525060596439
20 15 44.04543109109048
20 16 8.06225774829855
20 17 39.96248240537617
20 18 20.0
20 19 18.601075237738275
20 20 0.0
20 21 33.52610922848042
20 22 14.212670403551895
20 23 7.280109889280518
20 24 15.264337522473747
20 25 8.06225774829855
20 26 41.182520563948
20 27 28.30194339616981
20 28 25.495097567963924
20 29 41.10960958218893
20 30 30.4138126514911
20 31 12.165525060596439
20 32 28.178005607210743
20 33 10.0
20 34 12.083045973594572
20 35 9.486832980505138
20 36 21.587033144922902
20 37 43.18564576337837
20 38 36.22154055254967
20 39 30.265491900843113
20 40 30.14962686336267
20 41 5.0
20 42 2.23606797749979
20 43 17.69180601295413
20 44 8.602325267042627
20 45 41.012193308819754
20 46 23.53720459187964
20 47 31.622776601683793
20 48 20.615528128088304
20 49 10.0
20 50 29.832867780352597
21 1 44.553338819890925
21 2 2.23606797749979
21 3 10.0
21 4 50.21951811795888
21 5 58.137767414994535
21 6 42.579337712087536
21 7 52.839379254491625
21 8 16.1245154965971
21 9 28.635642126552707
21 10 33.95585369269929
21 11 45.27692569068709
21 12 41.97618372363071
21 13 51.22499389946279
21 14 21.540659228538015
21 15 44.181444068749045
21 16 41.48493702538308
21 17 31.064449134018133
21 18 15.620499351813308
21 19 32.64965543462902
21 20 33.52610922848042
21 21 0.0
21 22 28.319604517012593
21 23 34.132096331752024
21 24 24.186773244895647
21 25 31.064449134018133
21 26 47.53945729601885
21 27 38.01315561749642
21 28 8.602325267042627
21 29 41.30375285612676
21 30 48.25971404805462
21 31 44.721359549995796
21 32 24.041630560342615
21 33 37.73592452822641
21 34 27.018512172212592
21 35 24.041630560342615
21 36 48.27007354458868
21 37 39.0
21 38 53.85164807134504
21 39 14.142135623730951
21 40 49.4064773081425
21 41 37.69615364994153
21 42 35.17101079013795
21 43 45.044422518220834
21 44 37.12142238654117
21 45 39.11521443121589
21 46 42.638011210655684
21 47 2.0
21 48 51.97114584074513
21 49 24.331050121192877
21 50 35.4682957019364
22 1 28.653097563788805
22 2 27.586228448267445
22 3 21.95449840010015
22 4 23.40939982143925
22 5 30.23243291566195
22 6 26.92582403567252
22 7 27.459060435491963
22 8 13.92838827718412
22 9 14.7648230602334
22 10 16.278820596099706
22 11 20.09975124224178
22 12 25.059928172283335
22 13 23.021728866442675
22 14 11.045361017187261
22 15 30.23243291566195
22 16 20.615528128088304
22 17 25.942243542145693
22 18 12.727922061357855
22 19 6.0
22 20 14.212670403551895
22 21 28.319604517012593
22 22 0.0
22 23 20.615528128088304
22 24 22.20360331117452
22 25 19.72308292331602
22 26 28.460498941515414
22 27 15.524174696260024
22 28 19.79898987322333
22 29 27.202941017470888
22 30 21.840329667841555
22 31 25.495097567963924
22 32 14.560219778561036
22 33 11.045361017187261
22 34 20.8806130178211
22 35 12.165525060596439
22 36 20.0
22 37 29.0
22 38 27.892651361962706
22 39 19.6468827043885
22 40 22.47220505424423
22 41 14.866068747318506
22 42 16.401219466856727
22 43 31.89043743820395
22 44 22.627416997969522
22 45 26.90724809414742
22 46 15.231546211727817
22 47 26.870057685088806
22 48 25.0
22 49 15.297058540778355
22 50 16.1245154965971
23 1 49.09175083453431
23 2 32.2490309931942
23 3 24.186773244895647
23 4 38.3275357934736
23 5 41.19465984809196
23 6 47.43416490252569
23 7 43.73785545725808
23 8 28.231188426986208
23 9 6.708203932499369
23 10 5.0990195135927845
23 11 37.64306044943742
23 12 45.48626166217664
23 13 29.614185789921695
23 14 14.866068747318506
23 15 50.80354318352215
23 16 10.0
23 17 45.60701700396552
23 18 23.08679276123039
23 19 25.553864678361276
23 20 7.280109889280518
23 21 34.132096331752024
23 22 20.615528128088304
23 23 0.0
23 24 11.661903789690601
23 25 3.1622776601683795
23 26 48.30113870293329
23 27 35.35533905932738
23 28 27.073972741361768
23 29 47.80167361086848
23 30 37.656340767525464
23 31 11.180339887498949
23 32 33.60059523282288
23 33 17.11724276862369
23 34 8.06225774829855
23 35 11.704699910719626
23 36 28.160255680657446
23 37 49.51767361255979
23 38 43.41658669218482
23 39 33.83784863137726
23 40 37.33630940518894
23 41 11.045361017187261
23 42 6.0
23 43 12.083045973594572
23 44 3.0
23 45 47.50789408087881
23 46 30.805843601498726
23 47 32.14031735997639
23 48 25.495097567963924
23 49 10.04987562112089
23 50 36.61966684720111
24 1 49.9799959983992
24 2 22.090722034374522
24 3 14.317821063276353
24 4 44.28317965096906
24 5 49.040799340956916
24 6 48.104053883222775
24 7 49.040799340956916
24 8 23.345235059857504
24 9 9.848857801796104
24 10 14.212670403551895
24 11 42.01190307520001
24 12 46.486557196677836
24 13 38.48376280978771
24 14 11.704699910719626
24 15 51.07837115648854
24 16 21.2602916254693
24 17 42.80186911806539
24 18 17.69180601295413
24 19 28.160255680657446
24 20 15.264337522473747
24 21 24.186773244895647
24 22 22.20360331117452
24 23 11.661903789690601
24 24 0.0
24 25 8.602325267042627
24 26 50.44799302251776
24 27 37.656340767525464
24 28 18.788294228055936
24 29 47.92702786528704
24 30 43.104524124504614
24 31 22.825424421026653
24 32 31.064449134018133
24 33 24.351591323771842
24 34 3.605551275463989
24 35 10.04987562112089
24 36 36.40054944640259
24 37 48.373546489791295
24 38 49.16299421312742
24 39 27.80287754891569
24 40 43.289721643826724
24 41 20.248456731316587
24 42 15.620499351813308
24 43 21.02379604162864
24 44 14.317821063276353
24 45 46.95742752749558
24 46 36.124783736376884
24 47 22.20360331117452
24 48 35.805027579936315
24 49 7.0
24 50 37.64306044943742
25 1 48.373546489791295
25 2 29.154759474226502
25 3 21.095023109728988
25 4 39.05124837953327
25 5 42.579337712087536
25 6 46.647615158762406
25 7 44.28317965096906
25 8 25.942243542145693
25 9 5.0
25 10 6.324555320336759
25 11 37.8549864614954
25 12 44.77722635447622
25 13 31.32091952673165
25 14 12.529964086141668
25 15 49.92995093127971
25 16 12.727922061357855
25 17 43.93176527297759
25 18 20.615528128088304
25 19 25.079872407968907
25 20 8.06225774829855
25 21 31.064449134018133
25 22 19.72308292331602
25 23 3.1622776601683795
25 24 8.602325267042627
25 25 0.0
25 26 47.92702786528704
25 27 34.92849839314596
25 28 24.186773244895647
25 29 46.87216658103186
25 30 38.2099463490856
25 31 14.317821063276353
25 32 31.89043743820395
25 33 18.027756377319946
25 34 5.0
25 35 9.433981132056603
25 36 29.614185789921695
25 37 48.27007354458868
25 38 44.10215414239989
25 39 31.38470965295043
25 40 38.05259518088089
25 41 12.649110640673518
25 42 7.615773105863909
25 43 14.560219778561036
25 44 6.082762530298219
25 45 46.400431032480725
25 46 31.25699921617557
25 47 29.068883707497267
25 48 27.784887978899608
25 49 7.280109889280518
25 50 35.84689665786984
26 1 5.385164807134504
26 2 48.05205510693585
26 3 46.04345773288535
26 4 17.72004514666935
26 5 26.076809620810597
26 6 6.4031242374328485
26 7 14.0
26 8 32.2490309931942
26 9 43.08131845707603
26 10 43.41658669218482
26 11 13.038404810405298
26 12 5.830951894845301
26 13 31.304951684997057
26 14 38.8329756778952
26 15 8.246211251235321
26 16 44.82186966202994
26 17 20.518284528683193
26 18 36.0
26 19 22.847319317591726
26 20 41.182520563948
26 21 47.53945729601885
26 22 28.460498941515414
26 23 48.30113870293329
26 24 50.44799302251776
26 25 47.92702786528704
26 26 0.0
26 27 13.0
26 28 41.30375285612676
26 29 8.602325267042627
26 30 16.15549442140351
26 31 49.678969393496885
26 32 23.53720459187964
26 33 32.802438933713454
26 34 49.33558553417604
26 35 40.52159917870962
26 36 29.154759474226502
26 37 13.892443989449804
26 38 16.0
26 39 33.52610922848042
26 40 18.027756377319946
26 41 39.408120990476064
26 42 43.04648650006177
26 43 58.249463516842795
26 44 49.73932046178355
26 45 11.40175425099138
26 46 19.849433241279208
26 47 47.07440918375928
26 48 38.58756276314948
26 49 43.68065933568311
26 50 13.038404810405298
27 1 14.142135623730951
27 2 38.07886552931954
27 3 34.713109915419565
27 4 13.892443989449804
27 5 23.259406699226016
27 6 12.806248474865697
27 7 15.0
27 8 21.93171219946131
27 9 30.083217912982647
27 10 30.528675044947494
27 11 7.810249675906654
27 12 10.63014581273465
27 13 23.08679276123039
27 14 26.1725046566048
27 15 16.401219466856727
27 16 32.526911934581186
27 17 19.235384061671343
27 18 24.515301344262525
27 19 9.848857801796104
27 20 28.30194339616981
27 21 38.01315561749642
27 22 15.524174696260024
27 23 35.35533905932738
27 24 37.656340767525464
27 25 34.92849839314596
27 26 13.0
27 27 0.0
27 28 30.675723300355934
27 29 13.892443989449804
27 30 11.661903789690601
27 31 37.48332962798263
27 32 14.866068747318506
27 33 20.518284528683193
27 34 36.40054944640259
27 35 27.65863337187866
27 36 20.223748416156685
27 37 17.72004514666935
27 38 16.278820596099706
27 39 25.0
27 40 13.416407864998739
27 41 26.90724809414742
27 42 30.23243291566195
27 43 45.60701700396552
27 44 36.89173349139343
27 45 14.866068747318506
27 46 10.04987562112089
27 47 37.16180835212409
27 48 29.120439557122072
27 49 30.805843601498726
27 50 4.123105625617661
28 1 39.0
28 2 7.810249675906654
28 3 5.830951894845301
28 4 42.190046219457976
28 5 49.8196748283246
28 6 37.0
28 7 45.18849411078001
28 8 9.055385138137417
28 9 21.02379604162864
28 10 26.1725046566048
28 11 37.57658845611187
28 12 36.05551275463989
28 13 42.638011210655684
28 14 13.341664064126334
28 15 39.11521443121589
28 16 33.54101966249684
28 17 27.51363298439521
28 18 7.0710678118654755
28 19 24.413111231467404
28 20 25.495097567963924
28 21 8.602325267042627
28 22 19.79898987322333
28 23 27.073972741361768
28 24 18.788294228055936
28 25 24.186773244895647
28 26 41.30375285612676
28 27 30.675723300355934
28 28 0.0
28 29 36.05551275463989
28 30 40.311288741492746
28 31 37.12142238654117
28 32 18.0
28 33 29.154759474226502
28 34 20.8806130178211
28 35 16.1245154965971
28 36 39.698866482558415
28 37 34.713109915419565
28 38 46.06517122512408
28 39 10.295630140987
28 40 41.340053217188775
28 41 29.410882339705484
28 42 27.294688127912362
28 43 38.63935817272331
28 44 30.066592756745816
28 45 34.23448553724738
28 46 34.40930106817051
28 47 7.0710678118654755
28 48 43.41658669218482
28 49 17.029386365926403
28 50 28.635642126552707
29 1 3.605551275463989
29 2 42.1070065428546
29 3 41.30375285612676
29 4 24.0
29 5 33.13608305156178
29 6 2.23606797749979
29 7 21.587033144922902
29 8 27.16615541441225
29 9 41.88078318274385
29 10 43.278170016764804
29 11 18.110770276274835
29 12 4.0
29 13 36.138621999185304
29 14 36.24913792078372
29 15 3.1622776601683795
29 16 46.09772228646444
29 17 12.206555615733702
29 18 31.78049716414141
29 19 22.627416997969522
29 20 41.10960958218893
29 21 41.30375285612676
29 22 27.202941017470888
29 23 47.80167361086848
29 24 47.92702786528704
29 25 46.87216658103186
29 26 8.602325267042627
29 27 13.892443989449804
29 28 36.05551275463989
29 29 0.0
29 30 22.02271554554524
29 31 51.088159097779204
29 32 18.110770276274835
29 33 34.20526275297414
29 34 47.41307836451879
29 35 38.47076812334269
29 36 33.52610922848042
29 37 5.385164807134504
29 38 23.53720459187964
29 39 27.16615541441225
29 40 24.020824298928627
29 41 40.36087214122113
29 42 43.18564576337837
29 43 58.728187440104094
29 44 49.678969393496885
29 45 2.8284271247461903
29 46 23.40939982143925
29 47 41.10960958218893
29 48 42.720018726587654
29 49 41.593268686170845
29 50 11.313708498984761
30 1 20.396078054371138
30 2 48.02082881417188
30 3 43.46262762420146
30 4 2.23606797749979
30 5 11.704699910719626
30 6 20.09975124224178
30 7 6.082762530298219
30 8 32.202484376209235
30 9 34.0147027033899
30 10 32.55764119219941
30 11 4.123105625617661
30 12 18.027756377319946
30 13 15.264337522473747
30 14 32.7566787083184
30 15 23.345235059857504
30 16 31.78049716414141
30 17 30.364452901377952
30 18 33.54101966249684
30 19 16.15549442140351
30 20 30.4138126514911
30 21 48.25971404805462
30 22 21.840329667841555
30 23 37.656340767525464
30 24 43.104524124504614
30 25 38.2099463490856
30 26 16.15549442140351
30 27 11.661903789690601
30 28 40.311288741492746
30 29 22.02271554554524
30 30 0.0
30 31 36.235341863986875
30 32 26.248809496813376
30 33 20.615528128088304
30 34 41.0
30 35 33.24154027718932
30 36 13.45362404707371
30 37 27.018512172212592
30 38 6.082762530298219
30 39 36.069377593742864
30 40 2.0
30 41 27.202941017470888
30 42 31.78049716414141
30 43 45.69463863518345
30 44 38.3275357934736
30 45 24.020824298928627
30 46 7.0
30 47 47.16990566028302
30 48 22.80350850198276
30 49 36.124783736376884
30 50 15.652475842498529
31 1 51.62363799656123
31 2 42.95346318982906
31 3 34.92849839314596
31 4 36.24913792078372
31 5 36.49657518178932
31 6 50.24937810560445
31 7 42.04759208325728
31 8 36.49657518178932
31 9 16.1245154965971
31 10 11.0
31 11 37.44329045369811
31 12 48.104053883222775
31 13 24.331050121192877
31 14 24.0
31 15 53.81449618829484
31 16 5.0
31 17 51.42956348249516
31 18 32.0624390837628
31 19 28.600699292150182
31 20 12.165525060596439
31 21 44.721359549995796
31 22 25.495097567963924
31 23 11.180339887498949
31 24 22.825424421026653
31 25 14.317821063276353
31 26 49.678969393496885
31 27 37.48332962798263
31 28 37.12142238654117
31 29 51.088159097779204
31 30 36.235341863986875
31 31 0.0
31 32 39.92492955535426
31 33 16.97056274847714
31 34 19.235384061671343
31 35 21.02379604162864
31 36 24.041630560342615
31 37 53.823786563191554
31 38 41.23105625617661
31 39 42.42640687119285
31 40 35.34119409414458
31 41 10.816653826391969
31 42 10.04987562112089
31 43 10.04987562112089
31 44 8.602325267042627
31 45 51.40038910358559
31 46 30.23243291566195
31 47 42.7551166528639
31 48 18.027756377319946
31 49 20.396078054371138
31 50 39.824615503479755
32 1 21.0
32 2 24.515301344262525
32 3 23.194827009486403
32 4 28.42534080710379
32 5 37.44329045369811
32 6 19.0
32 7 29.832867780352597
32 8 9.055385138137417
32 9 27.018512172212592
32 10 30.01666203960727
32 11 22.627416997969522
32 12 18.110770276274835
32 13 34.20526275297414
32 14 19.849433241279208
32 15 21.213203435596427
32 16 35.11409973215888
32 17 12.041594578792296
32 18 13.92838827718412
32 19 14.142135623730951
32 20 28.178005607210743
32 21 24.041630560342615
32 22 14.560219778561036
32 23 33.60059523282288
32 24 31.064449134018133
32 25 31.89043743820395
32 26 23.53720459187964
32 27 14.866068747318506
32 28 18.0
32 29 18.110770276274835
32 30 26.248809496813376
32 31 39.92492955535426
32 32 0.0
32 33 25.179356624028344
32 34 31.240998703626616
32 35 22.627416997969522
32 36 31.04834939252005
32 37 17.46424919657298
32 38 31.144823004794873
32 39 10.295630140987
32 40 27.80287754891569
32 41 29.410882339705484
32 42 30.4138126514911
32 43 45.48626166217664
32 44 36.05551275463989
32 45 16.492422502470642
32 46 22.360679774997898
32 47 23.53720459187964
32 48 38.118237105091836
32 49 25.495097567963924
32 50 11.661903789690601
33 1 34.655446902326915
33 2 36.61966684720111
33 3 29.732137494637012
33 4 21.213203435596427
33 5 24.73863375370596
33 6 33.301651610693426
33 7 26.68332812825267
33 8 24.73863375370596
33 9 14.560219778561036
33 10 12.041594578792296
33 11 21.02379604162864
33 12 31.144823004794873
33 13 14.422205101855956
33 14 16.97056274847714
33 15 36.87817782917155
33 16 12.041594578792296
33 17 35.73513677041127
33 18 22.360679774997898
33 19 12.083045973594572
33 20 10.0
33 21 37.73592452822641
33 22 11.045361017187261
33 23 17.11724276862369
33 24 24.351591323771842
33 25 18.027756377319946
33 26 32.802438933713454
33 27 20.518284528683193
33 28 29.154759474226502
33 29 34.20526275297414
33 30 20.615528128088304
33 31 16.97056274847714
33 32 25.179356624028344
33 33 0.0
33 34 21.587033144922902
33 35 15.811388300841896
33 36 12.083045973594572
33 37 37.21558813185679
33 38 26.30589287593181
33 39 30.59411708155671
33 40 20.223748416156685
33 41 6.708203932499369
33 42 11.180339887498949
33 43 25.553864678361276
33 44 17.72004514666935
33 45 34.66987164671943
33 46 13.92838827718412
33 47 36.05551275463989
33 48 14.317821063276353
33 49 17.88854381999832
33 50 23.021728866442675
34 1 49.24428900898052
34 2 25.0
34 3 17.029386365926403
34 4 42.04759208325728
34 5 46.32493928760188
34 6 47.4236228055175
34 7 47.01063709417264
34 8 24.20743687382041
34 9 7.0710678118654755
34 10 10.816653826391969
34 11 40.19950248448356
34 12 45.69463863518345
34 13 35.4682957019364
34 14 11.40175425099138
34 15 50.53711507397311
34 16 17.69180601295413
34 17 43.18564576337837
34 18 18.601075237738275
34 19 26.68332812825267
34 20 12.083045973594572
34 21 27.018512172212592
34 22 20.8806130178211
34 23 8.06225774829855
34 24 3.605551275463989
34 25 5.0
34 26 49.33558553417604
34 27 36.40054944640259
34 28 20.8806130178211
34 29 47.41307836451879
34 30 41.0
34 31 19.235384061671343
34 32 31.240998703626616
34 33 21.587033144922902
34 34 0.0
34 35 8.94427190999916
34 36 33.52610922848042
34 37 48.25971404805462
34 38 47.01063709417264
34 39 29.154759474226502
34 40 41.048751503547585
34 41 17.0
34 42 12.206555615733702
34 43 18.027756377319946
34 44 10.770329614269007
34 45 46.647615158762406
34 46 34.0
34 47 25.019992006393608
34 48 32.449961479175904
34 49 5.830951894845301
34 50 36.76955262170047
35 1 40.311288741492746
35 2 22.47220505424423
35 3 14.7648230602334
35 4 34.52535300326414
35 5 39.92492955535426
35 6 38.48376280978771
35 7 39.11521443121589
35 8 16.55294535724685
35 9 5.0990195135927845
35 10 10.04987562112089
35 11 32.0
35 12 36.76955262170047
35 13 30.23243291566195
35 14 3.1622776601683795
35 15 41.593268686170845
35 16 17.46424919657298
35 17 34.655446902326915
35 18 11.40175425099138
35 19 18.110770276274835
35 20 9.486832980505138
35 21 24.041630560342615
35 22 12.165525060596439
35 23 11.704699910719626
35 24 10.04987562112089
35 25 9.433981132056603
35 26 40.52159917870962
35 27 27.65863337187866
35 28 16.1245154965971
35 29 38.47076812334269
35 30 33.24154027718932
35 31 21.02379604162864
35 32 22.627416997969522
35 33 15.811388300841896
35 34 8.94427190999916
35 35 0.0
35 36 27.784887978899608
35 37 39.408120990476064
35 38 39.319206502675
35 39 22.135943621178654
35 40 33.54101966249684
35 41 13.892443989449804
35 42 11.180339887498949
35 43 23.769728648009426
35 44 14.560219778561036
35 45 37.73592452822641
35 46 26.30589287593181
35 47 22.135943621178654
35 48 29.068883707497267
35 49 3.1622776601683795
35 50 27.85677655436824
36 1 32.69556544854363
36 2 47.4236228055175
36 3 41.10960958218893
36 4 12.806248474865697
36 5 13.038404810405298
36 6 31.953090617340916
36 7 18.601075237738275
36 8 33.61547262794322
36 9 26.570660511172846
36 10 23.345235059857504
36 11 16.1245154965971
36 12 29.732137494637012
36 13 3.1622776601683795
36 14 28.600699292150182
36 15 35.4682957019364
36 16 20.223748416156685
36 17 39.0
36 18 32.64965543462902
36 19 17.08800749063506
36 20 21.587033144922902
36 21 48.27007354458868
36 22 20.0
36 23 28.160255680657446
36 24 36.40054944640259
36 25 29.614185789921695
36 26 29.154759474226502
36 27 20.223748416156685
36 28 39.698866482558415
36 29 33.52610922848042
36 30 13.45362404707371
36 31 24.041630560342615
36 32 31.04834939252005
36 33 12.083045973594572
36 34 33.52610922848042
36 35 27.784887978899608
36 36 0.0
36 37 37.8549864614954
36 38 17.4928556845359
36 39 38.91015291668744
36 40 12.041594578792296
36 41 17.11724276862369
36 42 22.20360331117452
36 43 33.95585369269929
36 44 28.0
36 45 34.92849839314596
36 46 10.198039027185569
36 47 46.75467891024384
36 48 9.433981132056603
36 49 29.966648127543394
36 50 24.08318915758459
37 1 8.602325267042627
37 2 40.049968789001575
37 3 40.26164427839479
37 4 29.068883707497267
37 5 38.3275357934736
37 6 7.615773105863909
37 7 26.92582403567252
37 8 26.248809496813376
37 9 43.278170016764804
37 10 45.27692569068709
37 11 23.0
37 12 9.219544457292887
37 13 40.607881008493905
37 14 36.89173349139343
37 15 6.4031242374328485
37 16 48.82622246293481
37 17 8.246211251235321
37 18 31.38470965295043
37 19 25.238858928247925
37 20 43.18564576337837
37 21 39.0
37 22 29.0
37 23 49.51767361255979
37 24 48.373546489791295
37 25 48.27007354458868
37 26 13.892443989449804
37 27 17.72004514666935
37 28 34.713109915419565
37 29 5.385164807134504
37 30 27.018512172212592
37 31 53.823786563191554
37 32 17.46424919657298
37 33 37.21558813185679
37 34 48.25971404805462
37 35 39.408120990476064
37 36 37.8549864614954
37 37 0.0
37 38 28.861739379323623
37 39 25.079872407968907
37 40 29.017236257093817
37 41 43.01162633521314
37 42 45.34313619501854
37 43 60.876925020897694
37 44 51.62363799656123
37 45 3.0
37 46 27.65863337187866
37 47 39.05124837953327
37 48 46.84015371452148
37 49 42.43819034784589
37 50 14.317821063276353
38 1 21.095023109728988
38 2 53.71219600798314
38 3 49.39635614091387
38 4 5.0990195135927845
38 5 10.198039027185569
38 6 21.37755832643195
38 7 2.0
38 8 37.73592452822641
38 9 40.0
38 10 38.3275357934736
38 11 8.602325267042627
38 12 19.6468827043885
38 13 18.439088914585774
38 14 38.8329756778952
38 15 24.08318915758459
38 16 37.0
38 17 33.54101966249684
38 18 39.395431207184416
38 19 22.135943621178654
38 20 36.22154055254967
38 21 53.85164807134504
38 22 27.892651361962706
38 23 43.41658669218482
38 24 49.16299421312742
38 25 44.10215414239989
38 26 16.0
38 27 16.278820596099706
38 28 46.06517122512408
38 29 23.53720459187964
38 30 6.082762530298219
38 31 41.23105625617661
38 32 31.144823004794873
38 33 26.30589287593181
38 34 47.01063709417264
38 35 39.319206502675
38 36 17.4928556845359
38 37 28.861739379323623
38 38 0.0
38 39 41.23105625617661
38 40 6.082762530298219
38 41 32.7566787083184
38 42 37.48332962798263
38 43 50.92150822589606
38 44 43.93176527297759
38 45 25.96150997149434
38 46 13.038404810405298
38 47 52.839379254491625
38 48 26.248809496813376
38 49 42.190046219457976
38 50 19.849433241279208
39 1 30.4138126514911
39 2 15.0
39 3 16.1245154965971
39 4 38.18376618407357
39 5 46.861498055439924
39 6 28.442925306655784
39 7 40.0
39 8 6.0
39 9 27.202941017470888
39 10 31.575306807693888
39 11 32.64965543462902
39 12 27.892651361962706
39 13 42.04759208325728
39 14 18.973665961010276
39 15 30.066592756745816
39 16 38.118237105091836
39 17 17.46424919657298
39 18 10.770329614269007
39 19 21.95449840010015
39 20 30.265491900843113
39 21 14.142135623730951
39 22 19.6468827043885
39 23 33.83784863137726
39 24 27.80287754891569
39 25 31.38470965295043
39 26 33.52610922848042
39 27 25.0
39 28 10.295630140987
39 29 27.16615541441225
39 30 36.069377593742864
39 31 42.42640687119285
39 32 10.295630140987
39 33 30.59411708155671
39 34 29.154759474226502
39 35 22.135943621178654
39 36 38.91015291668744
39 37 25.079872407968907
39 38 41.23105625617661
39 39 0.0
39 40 37.48332962798263
39 41 33.0
39 42 32.38826948140329
39 43 45.880278987817846
39 44 36.68787265568828
39 45 25.019992006393608
39 46 31.400636936215164
39 47 14.0
39 48 44.64302857109943
39 49 24.166091947189145
39 50 21.95449840010015
40 1 22.360679774997898
40 2 49.09175083453431
40 3 44.28317965096906
40 4 1.0
40 5 9.848857801796104
40 6 22.090722034374522
40 7 6.708203932499369
40 8 33.421549934136806
40 9 34.0147027033899
40 10 32.2490309931942
40 11 6.082762530298219
40 12 20.024984394500787
40 13 13.601470508735444
40 14 33.24154027718932
40 15 25.317977802344327
40 16 31.016124838541646
40 17 32.28002478313795
40 18 34.48187929913333
40 19 17.0
40 20 30.14962686336267
40 21 49.4064773081425
40 22 22.47220505424423
40 23 37.33630940518894
40 24 43.289721643826724
40 25 38.05259518088089
40 26 18.027756377319946
40 27 13.416407864998739
40 28 41.340053217188775
40 29 24.020824298928627
40 30 2.0
40 31 35.34119409414458
40 32 27.80287754891569
40 33 20.223748416156685
40 34 41.048751503547585
40 35 33.54101966249684
40 36 12.041594578792296
40 37 29.017236257093817
40 38 6.082762530298219
40 39 37.48332962798263
40 40 0.0
40 41 26.68332812825267
40 42 31.400636936215164
40 43 44.94441010848846
40 44 37.8549864614954
40 45 26.019223662515376
40 46 7.280109889280518
40 47 48.25971404805462
40 48 21.2602916254693
40 49 36.345563690772494
40 50 17.46424919657298
41 1 41.036569057366385
41 2 36.24913792078372
41 3 28.653097563788805
41 4 27.65863337187866
41 5 30.14962686336267
41 6 39.59797974644666
41 7 33.24154027718932
41 8 27.0
41 9 10.63014581273465
41 10 6.324555320336759
41 11 27.730849247724095
41 12 37.48332962798263
41 13 18.681541692269406
41 14 16.15549442140351
41 15 43.139309220245984
41 16 5.830951894845301
41 17 40.718546143004666
41 18 23.345235059857504
41 19 17.804493814764857
41 20 5.0
41 21 37.69615364994153
41 22 14.866068747318506
41 23 11.045361017187261
41 24 20.248456731316587
41 25 12.649110640673518
41 26 39.408120990476064
41 27 26.90724809414742
41 28 29.410882339705484
41 29 40.36087214122113
41 30 27.202941017470888
41 31 10.816653826391969
41 32 29.410882339705484
41 33 6.708203932499369
41 34 17.0
41 35 13.892443989449804
41 36 17.11724276862369
41 37 43.01162633521314
41 38 32.7566787083184
41 39 33.0
41 40 26.68332812825267
41 41 0.0
41 42 5.0990195135927845
41 43 18.867962264113206
41 44 11.180339887498949
41 45 40.607881008493905
41 46 20.615528128088304
41 47 35.84689665786984
41 48 15.620499351813308
41 49 14.866068747318506
41 50 29.068883707497267
42 1 44.204072210600685
42 2 33.52610922848042
42 3 25.632011235952593
42 4 32.38826948140329
42 5 35.22782990761707
42 6 42.638011210655684
42 7 37.8549864614954
42 8 26.476404589747453
42 9 6.708203932499369
42 10 1.4142135623730951
42 11 31.953090617340916
42 12 40.607881008493905
42 13 23.769728648009426
42 14 14.035668847618199
42 15 46.09772228646444
42 16 6.324555320336759
42 17 42.190046219457976
42 18 22.02271554554524
42 19 20.615528128088304
42 20 2.23606797749979
42 21 35.17101079013795
42 22 16.401219466856727
42 23 6.0
42 24 15.620499351813308
42 25 7.615773105863909
42 26 43.04648650006177
42 27 30.23243291566195
42 28 27.294688127912362
42 29 43.18564576337837
42 30 31.78049716414141
42 31 10.04987562112089
42 32 30.4138126514911
42 33 11.180339887498949
42 34 12.206555615733702
42 35 11.180339887498949
42 36 22.20360331117452
42 37 45.34313619501854
42 38 37.48332962798263
42 39 32.38826948140329
42 40 31.400636936215164
42 41 5.0990195135927845
42 42 0.0
42 43 15.556349186104045
42 44 6.708203932499369
42 45 43.139309220245984
42 46 25.0
42 47 33.24154027718932
42 48 20.248456731316587
42 49 11.180339887498949
42 50 31.89043743820395
43 1 59.665735560705194
43 2 43.01162633521314
43 3 35.05709628591621
43 4 45.880278987817846
43 5 46.52956049652737
43 6 58.137767414994535
43 7 51.62363799656123
43 8 40.311288741492746
43 9 18.788294228055936
43 10 15.620499351813308
43 11 46.52956049652737
43 12 56.08029957123981
43 13 34.36568055487916
43 14 26.92582403567252
43 15 61.61980201201558
43 16 13.92838827718412
43 17 57.42821606144492
43 18 35.11409973215888
43 19 36.124783736376884
43 20 17.69180601295413
43 21 45.044422518220834
43 22 31.89043743820395
43 23 12.083045973594572
43 24 21.02379604162864
43 25 14.560219778561036
43 26 58.249463516842795
43 27 45.60701700396552
43 28 38.63935817272331
43 29 58.728187440104094
43 30 45.69463863518345
43 31 10.04987562112089
43 32 45.48626166217664
43 33 25.553864678361276
43 34 18.027756377319946
43 35 23.769728648009426
43 36 33.95585369269929
43 37 60.876925020897694
43 38 50.92150822589606
43 39 45.880278987817846
43 40 44.94441010848846
43 41 18.867962264113206
43 42 15.556349186104045
43 43 0.0
43 44 9.433981132056603
43 45 58.69412236331676
43 46 39.35733730830886
43 47 43.04648650006177
43 48 28.0
43 49 21.840329667841555
43 50 47.4236228055175
44 1 50.80354318352215
44 2 35.22782990761707
44 3 27.16615541441225
44 4 38.8329756778952
44 5 41.012193308819754
44 6 49.20365840057018
44 7 44.384682042344295
44 8 31.016124838541646
44 9 9.486832980505138
44 10 6.4031242374328485
44 11 38.62641583165593
44 12 47.20169488482379
44 13 29.154759474226502
44 14 17.72004514666935
44 15 52.630789467763066
44 16 8.54400374531753
44 17 48.010415536631214
44 18 25.96150997149434
44 19 27.202941017470888
44 20 8.602325267042627
44 21 37.12142238654117
44 22 22.627416997969522
44 23 3.0
44 24 14.317821063276353
44 25 6.082762530298219
44 26 49.73932046178355
44 27 36.89173349139343
44 28 30.066592756745816
44 29 49.678969393496885
44 30 38.3275357934736
44 31 8.602325267042627
44 32 36.05551275463989
44 33 17.72004514666935
44 34 10.770329614269007
44 35 14.560219778561036
44 36 28.0
44 37 51.62363799656123
44 38 43.93176527297759
44 39 36.68787265568828
44 40 37.8549864614954
44 41 11.180339887498949
44 42 6.708203932499369
44 43 9.433981132056603
44 44 0.0
44 45 49.51767361255979
44 46 31.622776601683793
44 47 35.12833614050059
44 48 24.351591323771842
44 49 13.038404810405298
44 50 38.41874542459709
45 1 6.4031242374328485
45 2 40.01249804748511
45 3 39.6232255123179
45 4 26.076809620810597
45 5 35.35533905932738
45 6 5.0
45 7 24.041630560342615
45 8 25.495097567963924
45 9 41.400483088968905
45 10 43.139309220245984
45 11 20.0
45 12 6.324555320336759
45 13 37.656340767525464
45 14 35.35533905932738
45 15 5.0990195135927845
45 16 46.400431032480725
45 17 9.433981132056603
45 18 30.364452901377952
45 19 22.80350850198276
45 20 41.012193308819754
45 21 39.11521443121589
45 22 26.90724809414742
45 23 47.50789408087881
45 24 46.95742752749558
45 25 46.400431032480725
45 26 11.40175425099138
45 27 14.866068747318506
45 28 34.23448553724738
45 29 2.8284271247461903
45 30 24.020824298928627
45 31 51.40038910358559
45 32 16.492422502470642
45 33 34.66987164671943
45 34 46.647615158762406
45 35 37.73592452822641
45 36 34.92849839314596
45 37 3.0
45 38 25.96150997149434
45 39 25.019992006393608
45 40 26.019223662515376
45 41 40.607881008493905
45 42 43.139309220245984
45 43 58.69412236331676
45 44 49.51767361255979
45 45 0.0
45 46 24.73863375370596
45 47 39.01281840626232
45 48 43.965895873961216
45 49 40.8166632639171
45 50 11.661903789690601
46 1 22.825424421026653
46 2 42.20189569201838
46 3 37.12142238654117
46 4 8.246211251235321
46 5 15.556349186104045
46 6 21.93171219946131
46 7 13.038404810405298
46 8 26.870057685088806
46 9 27.018512172212592
46 10 25.709920264364882
46 11 7.211102550927978
46 12 19.697715603592208
46 13 13.038404810405298
46 14 25.96150997149434
46 15 25.495097567963924
46 16 25.553864678361276
46 17 29.068883707497267
46 18 27.459060435491963
46 19 10.0
46 20 23.53720459187964
46 21 42.638011210655684
46 22 15.231546211727817
46 23 30.805843601498726
46 24 36.124783736376884
46 25 31.25699921617557
46 26 19.849433241279208
46 27 10.04987562112089
46 28 34.40930106817051
46 29 23.40939982143925
46 30 7.0
46 31 30.23243291566195
46 32 22.360679774997898
46 33 13.92838827718412
46 34 34.0
46 35 26.30589287593181
46 36 10.198039027185569
46 37 27.65863337187866
46 38 13.038404810405298
46 39 31.400636936215164
46 40 7.280109889280518
46 41 20.615528128088304
46 42 25.0
46 43 39.35733730830886
46 44 31.622776601683793
46 45 24.73863375370596
46 46 0.0
46 47 41.400483088968905
46 48 19.313207915827967
46 49 29.154759474226502
46 50 14.0
47 1 44.28317965096906
47 2 1.0
47 3 8.0
47 4 49.09175083453431
47 5 56.85068161420758
47 6 42.2965719651132
47 7 51.884487084291386
47 8 15.231546211727817
47 9 26.68332812825267
47 10 32.01562118716424
47 11 44.294469180700204
47 12 41.593268686170845
47 13 49.678969393496885
47 14 19.697715603592208
47 15 44.04543109109048
47 16 39.56008088970496
47 17 31.25699921617557
47 18 14.142135623730951
47 19 31.400636936215164
47 20 31.622776601683793
47 21 2.0
47 22 26.870057685088806
47 23 32.14031735997639
47 24 22.20360331117452
47 25 29.068883707497267
47 26 47.07440918375928
47 27 37.16180835212409
47 28 7.0710678118654755
47 29 41.10960958218893
47 30 47.16990566028302
47 31 42.7551166528639
47 32 23.53720459187964
47 33 36.05551275463989
47 34 25.019992006393608
47 35 22.135943621178654
47 36 46.75467891024384
47 37 39.05124837953327
47 38 52.839379254491625
47 39 14.0
47 40 48.25971404805462
47 41 35.84689665786984
47 42 33.24154027718932
47 43 43.04648650006177
47 44 35.12833614050059
47 45 39.01281840626232
47 46 41.400483088968905
47 47 0.0
47 48 50.24937810560445
47 49 22.360679774997898
47 50 34.785054261852174
48 1 42.04759208325728
48 2 50.774009099144415
48 3 43.60045871318328
48 4 21.93171219946131
48 5 19.313207915827967
48 6 41.23105625617661
48 7 27.586228448267445
48 8 38.897300677553446
48 9 26.248809496813376
48 10 21.633307652783937
48 11 25.553864678361276
48 12 39.0
48 13 7.810249675906654
48 14 30.805843601498726
48 15 44.77722635447622
48 16 15.811388300841896
48 17 47.265209192385896
48 18 36.6742416417845
48 19 24.020824298928627
48 20 20.615528128088304
48 21 51.97114584074513
48 22 25.0
48 23 25.495097567963924
48 24 35.805027579936315
48 25 27.784887978899608
48 26 38.58756276314948
48 27 29.120439557122072
48 28 43.41658669218482
48 29 42.720018726587654
48 30 22.80350850198276
48 31 18.027756377319946
48 32 38.118237105091836
48 33 14.317821063276353
48 34 32.449961479175904
48 35 29.068883707497267
48 36 9.433981132056603
48 37 46.84015371452148
48 38 26.248809496813376
48 39 44.64302857109943
48 40 21.2602916254693
48 41 15.620499351813308
48 42 20.248456731316587
48 43 28.0
48 44 24.351591323771842
48 45 43.965895873961216
48 46 19.313207915827967
48 47 50.24937810560445
48 48 0.0
48 49 30.4138126514911
48 50 32.7566787083184
49 1 43.46262762420146
49 2 22.561028345356956
49 3 14.560219778561036
49 4 37.33630940518894
49 5 42.37924020083418
49 6 41.6293165929973
49 7 42.04759208325728
49 8 18.867962264113206
49 9 4.47213595499958
49 10 9.848857801796104
49 11 35.014282800023196
49 12 39.92492955535426
49 13 32.2490309931942
49 14 5.656854249492381
49 15 44.721359549995796
49 16 17.46424919657298
49 17 37.48332962798263
49 18 13.416407864998739
49 19 21.213203435596427
49 20 10.0
49 21 24.331050121192877
49 22 15.297058540778355
49 23 10.04987562112089
49 24 7.0
49 25 7.280109889280518
49 26 43.68065933568311
49 27 30.805843601498726
49 28 17.029386365926403
49 29 41.593268686170845
49 30 36.124783736376884
49 31 20.396078054371138
49 32 25.495097567963924
49 33 17.88854381999832
49 34 5.830951894845301
49 35 3.1622776601683795
49 36 29.966648127543394
49 37 42.43819034784589
49 38 42.190046219457976
49 39 24.166091947189145
49 40 36.345563690772494
49 41 14.866068747318506
49 42 11.180339887498949
49 43 21.840329667841555
49 44 13.038404810405298
49 45 40.8166632639171
49 46 29.154759474226502
49 47 22.360679774997898
49 48 30.4138126514911
49 49 0.0
49 50 31.016124838541646
50 1 12.529964086141668
50 2 35.73513677041127
50 3 33.13608305156178
50 4 17.88854381999832
50 5 27.313000567495326
50 6 10.816653826391969
50 7 18.384776310850235
50 8 19.6468827043885
50 9 30.886890422961002
50 10 32.01562118716424
50 11 11.661903789690601
50 12 8.94427190999916
50 13 27.018512172212592
50 14 25.96150997149434
50 15 14.212670403551895
50 16 34.828149534535996
50 17 15.132745950421556
50 18 23.021728866442675
50 19 11.313708498984761
50 20 29.832867780352597
50 21 35.4682957019364
50 22 16.1245154965971
50 23 36.61966684720111
50 24 37.64306044943742
50 25 35.84689665786984
50 26 13.038404810405298
50 27 4.123105625617661
50 28 28.635642126552707
50 29 11.313708498984761
50 30 15.652475842498529
50 31 39.824615503479755
50 32 11.661903789690601
50 33 23.021728866442675
50 34 36.76955262170047
50 35 27.85677655436824
50 36 24.08318915758459
50 37 14.317821063276353
50 38 19.849433241279208
50 39 21.95449840010015
50 40 17.46424919657298
50 41 29.068883707497267
50 42 31.89043743820395
50 43 47.4236228055175
50 44 38.41874542459709
50 45 11.661903789690601
50 46 14.0
50 47 34.785054261852174
50 48 32.7566787083184
50 49 31.016124838541646
50 50 0.0
