1 1 -1
1 2 9
1 3 13
1 4 5
1 5 18
1 6 11
1 7 12
1 8 9
1 9 9
1 10 14
1 11 11
1 12 15
1 13 10
1 14 10
1 15 1
1 16 17
1 17 12
1 18 15
2 1 9
2 2 -1
2 3 6
2 4 8
2 5 9
2 6 7
2 7 6
2 8 13
2 9 11
2 10 5
2 11 10
2 12 6
2 13 9
2 14 1
2 15 9
2 16 10
2 17 10
2 18 6
3 1 13
3 2 6
3 3 -1
3 4 15
3 5 6
3 6 3
3 7 11
3 8 13
3 9 10
3 10 4
3 11 7
3 12 6
3 13 7
3 14 6
3 15 13
3 16 4
3 17 6
3 18 5
4 1 5
4 2 8
4 3 15
4 4 -1
4 5 17
4 6 14
4 7 9
4 8 14
4 9 14
4 10 13
4 11 15
4 12 14
4 13 14
4 14 9
4 15 4
4 16 19
4 17 16
4 18 14
5 1 18
5 2 9
5 3 6
5 4 17
5 5 -1
5 6 10
5 7 10
5 8 20
5 9 16
5 10 4
5 11 14
5 12 3
5 13 13
5 14 8
5 15 18
5 16 8
5 17 12
5 18 3
6 1 11
6 2 7
6 3 3
6 4 14
6 5 10
6 6 -1
6 7 13
6 8 10
6 9 6
6 10 7
6 11 4
6 12 9
6 13 3
6 14 8
6 15 12
6 16 5
6 17 3
6 18 8
7 1 12
7 2 6
7 3 11
7 4 9
7 5 10
7 6 13
7 7 -1
7 8 18
7 9 17
7 10 8
7 11 16
7 12 7
7 13 15
7 14 5
7 15 11
7 16 15
7 17 16
7 18 7
8 1 9
8 2 13
8 3 13
8 4 14
8 5 20
8 6 10
8 7 18
8 8 -1
8 9 4
8 10 16
8 11 7
8 12 18
8 13 7
8 14 14
8 15 10
8 16 15
8 17 9
8 18 18
9 1 9
9 2 11
9 3 10
9 4 14
9 5 16
9 6 6
9 7 17
9 8 4
9 9 -1
9 10 13
9 11 3
9 12 15
9 13 3
9 14 12
9 15 10
9 16 11
9 17 5
9 18 14
10 1 14
10 2 5
10 3 4
10 4 13
10 5 4
10 6 7
10 7 8
10 8 16
10 9 13
10 10 -1
10 11 11
10 12 2
10 13 10
10 14 4
10 15 14
10 16 8
10 17 10
10 18 1
11 1 11
11 2 10
11 3 7
11 4 15
11 5 14
11 6 4
11 7 16
11 8 7
11 9 3
11 10 11
11 11 -1
11 12 13
11 13 1
11 14 11
11 15 12
11 16 8
11 17 2
11 18 12
12 1 15
12 2 6
12 3 6
12 4 14
12 5 3
12 6 9
12 7 7
12 8 18
12 9 15
12 10 2
12 11 13
12 12 -1
12 13 12
12 14 5
12 15 15
12 16 10
12 17 12
12 18 1
13 1 10
13 2 9
13 3 7
13 4 14
13 5 13
13 6 3
13 7 15
13 8 7
13 9 3
13 10 10
13 11 1
13 12 12
13 13 -1
13 14 10
13 15 11
13 16 8
13 17 2
13 18 12
14 1 10
14 2 1
14 3 6
14 4 9
14 5 8
14 6 8
14 7 5
14 8 14
14 9 12
14 10 4
14 11 11
14 12 5
14 13 10
14 14 -1
14 15 10
14 16 11
14 17 11
14 18 5
15 1 1
15 2 9
15 3 13
15 4 4
15 5 18
15 6 12
15 7 11
15 8 10
15 9 10
15 10 14
15 11 12
15 12 15
15 13 11
15 14 10
15 15 -1
15 16 17
15 17 13
15 18 15
16 1 17
16 2 10
16 3 4
16 4 19
16 5 8
16 6 5
16 7 15
16 8 15
16 9 11
16 10 8
16 11 8
16 12 10
16 13 8
16 14 11
16 15 17
16 16 -1
16 17 6
16 18 9
17 1 12
17 2 10
17 3 6
17 4 16
17 5 12
17 6 3
17 7 16
17 8 9
17 9 5
17 10 10
17 11 2
17 12 12
17 13 2
17 14 11
17 15 13
17 16 6
17 17 -1
17 18 11
18 1 15
18 2 6
18 3 5
18 4 14
18 5 3
18 6 8
18 7 7
18 8 18
18 9 14
18 10 1
18 11 12
18 12 1
18 13 12
18 14 5
18 15 15
18 16 9
18 17 11
18 18 -1
