1 1 0.0
1 2 5.0
1 3 8.48528137423857
1 4 7.211102550927978
1 5 4.123105625617661
1 6 10.0
1 7 10.63014581273465
1 8 6.082762530298219
1 9 8.54400374531753
1 10 4.0
1 11 4.123105625617661
1 12 5.830951894845301
2 1 5.0
2 2 0.0
2 3 13.45362404707371
2 4 9.0
2 5 8.246211251235321
2 6 15.0
2 7 15.556349186104045
2 8 10.770329614269007
2 9 13.416407864998739
2 10 8.54400374531753
2 11 8.94427190999916
2 12 10.816653826391969
3 1 8.48528137423857
3 2 13.45362404707371
3 3 0.0
3 4 10.0
3 5 7.280109889280518
3 6 2.0
3 7 2.23606797749979
3 8 5.0
3 9 3.605551275463989
3 10 6.324555320336759
3 11 5.385164807134504
3 12 3.1622776601683795
4 1 7.211102550927978
4 2 9.0
4 3 10.0
4 4 0.0
4 5 10.63014581273465
4 6 12.0
4 7 11.180339887498949
4 8 11.180339887498949
4 9 12.36931687685298
4 10 10.0
4 11 9.433981132056603
4 12 9.486832980505138
5 1 4.123105625617661
5 2 8.246211251235321
5 3 7.280109889280518
5 4 10.63014581273465
5 5 0.0
5 6 8.06225774829855
5 7 9.486832980505138
5 8 2.8284271247461903
5 9 5.656854249492381
5 10 1.0
5 11 2.0
5 12 4.123105625617661
6 1 10.0
6 2 15.0
6 3 2.0
6 4 12.0
6 5 8.06225774829855
6 6 0.0
6 7 2.23606797749979
6 8 5.385164807134504
6 9 3.0
6 10 7.211102550927978
6 11 6.4031242374328485
6 12 4.242640687119285
7 1 10.63014581273465
7 2 15.556349186104045
7 3 2.23606797749979
7 4 11.180339887498949
7 5 9.486832980505138
7 6 2.23606797749979
7 7 0.0
7 8 7.0710678118654755
7 9 5.0990195135927845
7 10 8.54400374531753
7 11 7.615773105863909
7 12 5.385164807134504
8 1 6.082762530298219
8 2 10.770329614269007
8 3 5.0
8 4 11.180339887498949
8 5 2.8284271247461903
8 6 5.385164807134504
8 7 7.0710678118654755
8 8 0.0
8 9 2.8284271247461903
8 10 2.23606797749979
8 11 2.0
8 12 2.23606797749979
9 1 8.54400374531753
9 2 13.416407864998739
9 3 3.605551275463989
9 4 12.36931687685298
9 5 5.656854249492381
9 6 3.0
9 7 5.0990195135927845
9 8 2.8284271247461903
9 9 0.0
9 10 5.0
9 11 4.47213595499958
9 12 3.0
10 1 4.0
10 2 8.54400374531753
10 3 6.324555320336759
10 4 10.0
10 5 1.0
10 6 7.211102550927978
10 7 8.54400374531753
10 8 2.23606797749979
10 9 5.0
10 10 0.0
10 11 1.0
10 12 3.1622776601683795
11 1 4.123105625617661
11 2 8.94427190999916
11 3 5.385164807134504
11 4 9.433981132056603
11 5 2.0
11 6 6.4031242374328485
11 7 7.615773105863909
11 8 2.0
11 9 4.47213595499958
11 10 1.0
11 11 0.0
11 12 2.23606797749979
12 1 5.830951894845301
12 2 10.816653826391969
12 3 3.1622776601683795
12 4 9.486832980505138
12 5 4.123105625617661
12 6 4.242640687119285
12 7 5.385164807134504
12 8 2.23606797749979
12 9 3.0
12 10 3.1622776601683795
12 11 2.23606797749979
12 12 0.0
