1 1 -1
1 2 17
1 3 15
1 4 9
1 5 19
1 6 9
1 7 16
1 8 12
1 9 7
1 10 21
1 11 15
1 12 18
1 13 6
1 14 25
1 15 25
1 16 13
1 17 5
1 18 11
1 19 23
1 20 4
1 21 9
1 22 22
1 23 17
1 24 19
2 1 17
2 2 -1
2 3 1
2 4 9
2 5 4
2 6 17
2 7 14
2 8 5
2 9 10
2 10 5
2 11 15
2 12 11
2 13 18
2 14 12
2 15 13
2 16 3
2 17 12
2 18 16
2 19 11
2 20 21
2 21 8
2 22 23
2 23 2
2 24 6
3 1 15
3 2 1
3 3 -1
3 4 7
3 5 5
3 6 16
3 7 14
3 8 4
3 9 9
3 10 6
3 11 15
3 12 11
3 13 17
3 14 13
3 15 14
3 16 2
3 17 11
3 18 15
3 19 12
3 20 19
3 21 7
3 22 23
3 23 2
3 24 7
4 1 9
4 2 9
4 3 7
4 4 -1
4 5 12
4 6 13
4 7 16
4 8 7
4 9 5
4 10 13
4 11 16
4 12 16
4 13 13
4 14 19
4 15 20
4 16 5
4 17 6
4 18 14
4 19 18
4 20 13
4 21 6
4 22 24
4 23 8
4 24 13
5 1 19
5 2 4
5 3 5
5 4 12
5 5 -1
5 6 17
5 7 12
5 8 6
5 9 12
5 10 6
5 11 14
5 12 8
5 13 18
5 14 8
5 15 9
5 16 6
5 17 14
5 18 16
5 19 7
5 20 23
5 21 9
5 22 21
5 23 6
5 24 2
6 1 9
6 2 17
6 3 16
6 4 13
6 5 17
6 6 -1
6 7 8
6 8 12
6 9 8
6 10 22
6 11 6
6 12 12
6 13 3
6 14 20
6 15 20
6 16 14
6 17 7
6 18 2
6 19 18
6 20 10
6 21 9
6 22 13
6 23 18
6 24 15
7 1 16
7 2 14
7 3 14
7 4 16
7 5 12
7 6 8
7 7 -1
7 8 10
7 9 11
7 10 18
7 11 2
7 12 5
7 13 11
7 14 12
7 15 13
7 16 13
7 17 12
7 18 6
7 19 11
7 20 18
7 21 9
7 22 9
7 23 16
7 24 10
8 1 12
8 2 5
8 3 4
8 4 7
8 5 6
8 6 12
8 7 10
8 8 -1
8 9 5
8 10 10
8 11 11
8 12 9
8 13 13
8 14 13
8 15 13
8 16 2
8 17 8
8 18 11
8 19 11
8 20 16
8 21 3
8 22 19
8 23 6
8 24 6
9 1 7
9 2 10
9 3 9
9 4 5
9 5 12
9 6 8
9 7 11
9 8 5
9 9 -1
9 10 15
9 11 10
9 12 12
9 13 8
9 14 18
9 15 18
9 16 7
9 17 2
9 18 8
9 19 16
9 20 10
9 21 2
9 22 19
9 23 11
9 24 12
10 1 21
10 2 5
10 3 6
10 4 13
10 5 6
10 6 22
10 7 18
10 8 10
10 9 15
10 10 -1
10 11 20
10 12 15
10 13 23
10 14 13
10 15 13
10 16 8
10 17 17
10 18 21
10 19 12
10 20 25
10 21 13
10 22 27
10 23 4
10 24 9
11 1 15
11 2 15
11 3 15
11 4 16
11 5 14
11 6 6
11 7 2
11 8 11
11 9 10
11 10 20
11 11 -1
11 12 7
11 13 9
11 14 14
11 15 15
11 16 14
11 17 11
11 18 4
11 19 13
11 20 16
11 21 10
11 22 8
11 23 17
11 24 12
12 1 18
12 2 11
12 3 11
12 4 16
12 5 8
12 6 12
12 7 5
12 8 9
12 9 12
12 10 15
12 11 7
12 12 -1
12 13 15
12 14 7
12 15 8
12 16 11
12 17 13
12 18 10
12 19 6
12 20 21
12 21 10
12 22 13
12 23 13
12 24 5
13 1 6
13 2 18
13 3 17
13 4 13
13 5 18
13 6 3
13 7 11
13 8 13
13 9 8
13 10 23
13 11 9
13 12 15
13 13 -1
13 14 22
13 15 23
13 16 15
13 17 6
13 18 5
13 19 21
13 20 7
13 21 10
13 22 16
13 23 19
13 24 17
14 1 25
14 2 12
14 3 13
14 4 19
14 5 8
14 6 20
14 7 12
14 8 13
14 9 18
14 10 13
14 11 14
14 12 7
14 13 22
14 14 -1
14 15 1
14 16 14
14 17 20
14 18 18
14 19 1
14 20 28
14 21 15
14 22 19
14 23 14
14 24 6
15 1 25
15 2 13
15 3 14
15 4 20
15 5 9
15 6 20
15 7 13
15 8 13
15 9 18
15 10 13
15 11 15
15 12 8
15 13 23
15 14 1
15 15 -1
15 16 15
15 17 20
15 18 18
15 19 2
15 20 29
15 21 16
15 22 19
15 23 15
15 24 7
16 1 13
16 2 3
16 3 2
16 4 5
16 5 6
16 6 14
16 7 13
16 8 2
16 9 7
16 10 8
16 11 14
16 12 11
16 13 15
16 14 14
16 15 15
16 16 -1
16 17 9
16 18 13
16 19 13
16 20 17
16 21 5
16 22 22
16 23 4
16 24 8
17 1 5
17 2 12
17 3 11
17 4 6
17 5 14
17 6 7
17 7 12
17 8 8
17 9 2
17 10 17
17 11 11
17 12 13
17 13 6
17 14 20
17 15 20
17 16 9
17 17 -1
17 18 8
17 19 18
17 20 8
17 21 5
17 22 19
17 23 13
17 24 14
18 1 11
18 2 16
18 3 15
18 4 14
18 5 16
18 6 2
18 7 6
18 8 11
18 9 8
18 10 21
18 11 4
18 12 10
18 13 5
18 14 18
18 15 18
18 16 13
18 17 8
18 18 -1
18 19 17
18 20 12
18 21 8
18 22 11
18 23 17
18 24 14
19 1 23
19 2 11
19 3 12
19 4 18
19 5 7
19 6 18
19 7 11
19 8 11
19 9 16
19 10 12
19 11 13
19 12 6
19 13 21
19 14 1
19 15 2
19 16 13
19 17 18
19 18 17
19 19 -1
19 20 26
19 21 13
19 22 18
19 23 13
19 24 5
20 1 4
20 2 21
20 3 19
20 4 13
20 5 23
20 6 10
20 7 18
20 8 16
20 9 10
20 10 25
20 11 16
20 12 21
20 13 7
20 14 28
20 15 29
20 16 17
20 17 8
20 18 12
20 19 26
20 20 -1
20 21 13
20 22 23
20 23 21
20 24 22
21 1 9
21 2 8
21 3 7
21 4 6
21 5 9
21 6 9
21 7 9
21 8 3
21 9 2
21 10 13
21 11 10
21 12 10
21 13 10
21 14 15
21 15 16
21 16 5
21 17 5
21 18 8
21 19 13
21 20 13
21 21 -1
21 22 18
21 23 9
21 24 9
22 1 22
22 2 23
22 3 23
22 4 24
22 5 21
22 6 13
22 7 9
22 8 19
22 9 19
22 10 27
22 11 8
22 12 13
22 13 16
22 14 19
22 15 19
22 16 22
22 17 19
22 18 11
22 19 18
22 20 23
22 21 18
22 22 -1
22 23 25
22 24 18
23 1 17
23 2 2
23 3 2
23 4 8
23 5 6
23 6 18
23 7 16
23 8 6
23 9 11
23 10 4
23 11 17
23 12 13
23 13 19
23 14 14
23 15 15
23 16 4
23 17 13
23 18 17
23 19 13
23 20 21
23 21 9
23 22 25
23 23 -1
23 24 8
24 1 19
24 2 6
24 3 7
24 4 13
24 5 2
24 6 15
24 7 10
24 8 6
24 9 12
24 10 9
24 11 12
24 12 5
24 13 17
24 14 6
24 15 7
24 16 8
24 17 14
24 18 14
24 19 5
24 20 22
24 21 9
24 22 18
24 23 8
24 24 -1
