1 1 -1
1 2 10
1 3 9
1 4 9
1 5 10
1 6 8
1 7 6
1 8 9
1 9 7
1 10 6
1 11 3
1 12 8
1 13 10
1 14 10
1 15 6
1 16 3
1 17 5
1 18 10
1 19 9
2 1 10
2 2 -1
2 3 12
2 4 20
2 5 18
2 6 18
2 7 4
2 8 20
2 9 7
2 10 16
2 11 13
2 12 18
2 13 2
2 14 19
2 15 5
2 16 12
2 17 7
2 18 20
2 19 19
3 1 9
3 2 12
3 3 -1
3 4 15
3 5 7
3 6 15
3 7 9
3 8 14
3 9 14
3 10 15
3 11 8
3 12 12
3 13 9
3 14 8
3 15 7
3 16 12
3 17 6
3 18 18
3 19 11
4 1 9
4 2 20
4 3 15
4 4 -1
4 5 10
4 6 3
4 7 16
4 8 1
4 9 16
4 10 6
4 11 7
4 12 3
4 13 19
4 14 10
4 15 16
4 16 9
4 17 14
4 18 5
4 19 5
5 1 10
5 2 18
5 3 7
5 4 10
5 5 -1
5 6 12
5 7 14
5 8 9
5 9 17
5 10 13
5 11 7
5 12 7
5 13 16
5 14 1
5 15 13
5 16 12
5 17 11
5 18 15
5 19 5
6 1 8
6 2 18
6 3 15
6 4 3
6 5 12
6 6 -1
6 7 14
6 8 4
6 9 13
6 10 3
6 11 7
6 12 5
6 13 18
6 14 12
6 15 14
6 16 6
6 17 13
6 18 3
6 19 7
7 1 6
7 2 4
7 3 9
7 4 16
7 5 14
7 6 14
7 7 -1
7 8 15
7 9 5
7 10 12
7 11 9
7 12 14
7 13 4
7 14 15
7 15 2
7 16 7
7 17 3
7 18 16
7 19 15
8 1 9
8 2 20
8 3 14
8 4 1
8 5 9
8 6 4
8 7 15
8 8 -1
8 9 16
8 10 6
8 11 7
8 12 2
8 13 19
8 14 9
8 15 15
8 16 9
8 17 13
8 18 6
8 19 4
9 1 7
9 2 7
9 3 14
9 4 16
9 5 17
9 6 13
9 7 5
9 8 16
9 9 -1
9 10 10
9 11 10
9 12 15
9 13 9
9 14 18
9 15 7
9 16 7
9 17 8
9 18 14
9 19 16
10 1 6
10 2 16
10 3 15
10 4 6
10 5 13
10 6 3
10 7 12
10 8 6
10 9 10
10 10 -1
10 11 7
10 12 7
10 13 16
10 14 13
10 15 12
10 16 4
10 17 11
10 18 4
10 19 9
11 1 3
11 2 13
11 3 8
11 4 7
11 5 7
11 6 7
11 7 9
11 8 7
11 9 10
11 10 7
11 11 -1
11 12 5
11 13 12
11 14 7
11 15 8
11 16 5
11 17 6
11 18 10
11 19 6
12 1 8
12 2 18
12 3 12
12 4 3
12 5 7
12 6 5
12 7 14
12 8 2
12 9 15
12 10 7
12 11 5
12 12 -1
12 13 17
12 14 7
12 15 13
12 16 8
12 17 12
12 18 8
12 19 2
13 1 10
13 2 2
13 3 9
13 4 19
13 5 16
13 6 18
13 7 4
13 8 19
13 9 9
13 10 16
13 11 12
13 12 17
13 13 -1
13 14 17
13 15 3
13 16 12
13 17 5
13 18 20
13 19 17
14 1 10
14 2 19
14 3 8
14 4 10
14 5 1
14 6 12
14 7 15
14 8 9
14 9 18
14 10 13
14 11 7
14 12 7
14 13 17
14 14 -1
14 15 14
14 16 12
14 17 12
14 18 15
14 19 5
15 1 6
15 2 5
15 3 7
15 4 16
15 5 13
15 6 14
15 7 2
15 8 15
15 9 7
15 10 12
15 11 8
15 12 13
15 13 3
15 14 14
15 15 -1
15 16 8
15 17 2
15 18 17
15 19 14
16 1 3
16 2 12
16 3 12
16 4 9
16 5 12
16 6 6
16 7 7
16 8 9
16 9 7
16 10 4
16 11 5
16 12 8
16 13 12
16 14 12
16 15 8
16 16 -1
16 17 7
16 18 8
16 19 9
17 1 5
17 2 7
17 3 6
17 4 14
17 5 11
17 6 13
17 7 3
17 8 13
17 9 8
17 10 11
17 11 6
17 12 12
17 13 5
17 14 12
17 15 2
17 16 7
17 17 -1
17 18 15
17 19 12
18 1 10
18 2 20
18 3 18
18 4 5
18 5 15
18 6 3
18 7 16
18 8 6
18 9 14
18 10 4
18 11 10
18 12 8
18 13 20
18 14 15
18 15 17
18 16 8
18 17 15
18 18 -1
18 19 10
19 1 9
19 2 19
19 3 11
19 4 5
19 5 5
19 6 7
19 7 15
19 8 4
19 9 16
19 10 9
19 11 6
19 12 2
19 13 17
19 14 5
19 15 14
19 16 9
19 17 12
19 18 10
19 19 -1
