1 1 -1
1 2 5
1 3 13
1 4 9
1 5 1
1 6 5
1 7 5
1 8 12
1 9 14
1 10 8
1 11 13
1 12 8
1 13 4
1 14 12
1 15 8
1 16 10
1 17 10
1 18 7
1 19 12
1 20 13
1 21 12
1 22 13
1 23 5
1 24 13
1 25 12
2 1 5
2 2 -1
2 3 9
2 4 4
2 5 4
2 6 7
2 7 7
2 8 12
2 9 19
2 10 8
2 11 16
2 12 5
2 13 6
2 14 7
2 15 5
2 16 7
2 17 14
2 18 3
2 19 14
2 20 18
2 21 11
2 22 15
2 23 10
2 24 15
2 25 17
3 1 13
3 2 9
3 3 -1
3 4 5
3 5 12
3 6 16
3 7 11
3 8 12
3 9 25
3 10 7
3 11 18
3 12 13
3 13 15
3 14 4
3 15 12
3 16 4
3 17 23
3 18 8
3 19 15
3 20 24
3 21 9
3 22 24
3 23 18
3 24 15
3 25 25
4 1 9
4 2 4
4 3 5
4 4 -1
4 5 8
4 6 11
4 7 10
4 8 14
4 9 23
4 10 9
4 11 18
4 12 7
4 13 10
4 14 3
4 15 6
4 16 6
4 17 18
4 18 3
4 19 16
4 20 22
4 21 12
4 22 19
4 23 14
4 24 17
4 25 21
5 1 1
5 2 4
5 3 12
5 4 8
5 5 -1
5 6 6
5 7 4
5 8 11
5 9 14
5 10 8
5 11 13
5 12 8
5 13 5
5 14 11
5 15 8
5 16 9
5 17 11
5 18 7
5 19 11
5 20 14
5 21 11
5 22 13
5 23 6
5 24 13
5 25 13
6 1 5
6 2 7
6 3 16
6 4 11
6 5 6
6 6 -1
6 7 10
6 8 17
6 9 17
6 10 14
6 11 18
6 12 5
6 13 1
6 14 14
6 15 5
6 16 14
6 17 7
6 18 8
6 19 17
6 20 17
6 21 17
6 22 8
6 23 7
6 24 19
6 25 12
7 1 5
7 2 7
7 3 11
7 4 10
7 5 4
7 6 10
7 7 -1
7 8 7
7 9 13
7 10 5
7 11 9
7 12 12
7 13 9
7 14 12
7 15 12
7 16 7
7 17 15
7 18 10
7 19 7
7 20 12
7 21 7
7 22 17
7 23 8
7 24 8
7 25 15
8 1 12
8 2 12
8 3 12
8 4 14
8 5 11
8 6 17
8 7 7
8 8 -1
8 9 17
8 10 5
8 11 7
8 12 18
8 13 16
8 14 15
8 15 18
8 16 8
8 17 22
8 18 15
8 19 3
8 20 15
8 21 2
8 22 24
8 23 14
8 24 3
8 25 20
9 1 14
9 2 19
9 3 25
9 4 23
9 5 14
9 6 17
9 7 13
9 8 17
9 9 -1
9 10 18
9 11 11
9 12 21
9 13 16
9 14 26
9 15 21
9 16 21
9 17 15
9 18 22
9 19 14
9 20 2
9 21 19
9 22 18
9 23 9
9 24 16
9 25 7
10 1 8
10 2 8
10 3 7
10 4 9
10 5 8
10 6 14
10 7 5
10 8 5
10 9 18
10 10 -1
10 11 10
10 12 13
10 13 12
10 14 10
10 15 13
10 16 3
10 17 19
10 18 10
10 19 7
10 20 17
10 21 3
10 22 21
10 23 13
10 24 8
10 25 20
11 1 13
11 2 16
11 3 18
11 4 18
11 5 13
11 6 18
11 7 9
11 8 7
11 9 11
11 10 10
11 11 -1
11 12 21
11 13 17
11 14 21
11 15 21
11 16 14
11 17 20
11 18 19
11 19 3
11 20 9
11 21 10
11 22 23
11 23 13
11 24 5
11 25 16
12 1 8
12 2 5
12 3 13
12 4 7
12 5 8
12 6 5
12 7 12
12 8 18
12 9 21
12 10 13
12 11 21
12 12 -1
12 13 5
12 14 10
12 15 1
12 16 12
12 17 11
12 18 4
12 19 19
12 20 21
12 21 17
12 22 12
12 23 11
12 24 20
12 25 17
13 1 4
13 2 6
13 3 15
13 4 10
13 5 5
13 6 1
13 7 9
13 8 16
13 9 16
13 10 12
13 11 17
13 12 5
13 13 -1
13 14 13
13 15 5
13 16 13
13 17 8
13 18 7
13 19 16
13 20 16
13 21 16
13 22 9
13 23 6
13 24 18
13 25 12
14 1 12
14 2 7
14 3 4
14 4 3
14 5 11
14 6 14
14 7 12
14 8 15
14 9 26
14 10 10
14 11 21
14 12 10
14 13 13
14 14 -1
14 15 9
14 16 7
14 17 21
14 18 6
14 19 18
14 20 25
14 21 13
14 22 22
14 23 17
14 24 18
14 25 25
15 1 8
15 2 5
15 3 12
15 4 6
15 5 8
15 6 5
15 7 12
15 8 18
15 9 21
15 10 13
15 11 21
15 12 1
15 13 5
15 14 9
15 15 -1
15 16 12
15 17 12
15 18 3
15 19 19
15 20 21
15 21 17
15 22 13
15 23 12
15 24 20
15 25 18
16 1 10
16 2 7
16 3 4
16 4 6
16 5 9
16 6 14
16 7 7
16 8 8
16 9 21
16 10 3
16 11 14
16 12 12
16 13 13
16 14 7
16 15 12
16 16 -1
16 17 20
16 18 8
16 19 11
16 20 20
16 21 6
16 22 22
16 23 15
16 24 11
16 25 22
17 1 10
17 2 14
17 3 23
17 4 18
17 5 11
17 6 7
17 7 15
17 8 22
17 9 15
17 10 19
17 11 20
17 12 11
17 13 8
17 14 21
17 15 12
17 16 20
17 17 -1
17 18 15
17 19 21
17 20 16
17 21 22
17 22 3
17 23 7
17 24 23
17 25 8
18 1 7
18 2 3
18 3 8
18 4 3
18 5 7
18 6 8
18 7 10
18 8 15
18 9 22
18 10 10
18 11 19
18 12 4
18 13 7
18 14 6
18 15 3
18 16 8
18 17 15
18 18 -1
18 19 17
18 20 21
18 21 13
18 22 16
18 23 12
18 24 18
18 25 19
19 1 12
19 2 14
19 3 15
19 4 16
19 5 11
19 6 17
19 7 7
19 8 3
19 9 14
19 10 7
19 11 3
19 12 19
19 13 16
19 14 18
19 15 19
19 16 11
19 17 21
19 18 17
19 19 -1
19 20 12
19 21 6
19 22 24
19 23 13
19 24 2
19 25 18
20 1 13
20 2 18
20 3 24
20 4 22
20 5 14
20 6 17
20 7 12
20 8 15
20 9 2
20 10 17
20 11 9
20 12 21
20 13 16
20 14 25
20 15 21
20 16 20
20 17 16
20 18 21
20 19 12
20 20 -1
20 21 17
20 22 19
20 23 10
20 24 14
20 25 9
21 1 12
21 2 11
21 3 9
21 4 12
21 5 11
21 6 17
21 7 7
21 8 2
21 9 19
21 10 3
21 11 10
21 12 17
21 13 16
21 14 13
21 15 17
21 16 6
21 17 22
21 18 13
21 19 6
21 20 17
21 21 -1
21 22 25
21 23 15
21 24 5
21 25 22
22 1 13
22 2 15
22 3 24
22 4 19
22 5 13
22 6 8
22 7 17
22 8 24
22 9 18
22 10 21
22 11 23
22 12 12
22 13 9
22 14 22
22 15 13
22 16 22
22 17 3
22 18 16
22 19 24
22 20 19
22 21 25
22 22 -1
22 23 10
22 24 26
22 25 11
23 1 5
23 2 10
23 3 18
23 4 14
23 5 6
23 6 7
23 7 8
23 8 14
23 9 9
23 10 13
23 11 13
23 12 11
23 13 6
23 14 17
23 15 12
23 16 15
23 17 7
23 18 12
23 19 13
23 20 10
23 21 15
23 22 10
23 23 -1
23 24 15
23 25 7
24 1 13
24 2 15
24 3 15
24 4 17
24 5 13
24 6 19
24 7 8
24 8 3
24 9 16
24 10 8
24 11 5
24 12 20
24 13 18
24 14 18
24 15 20
24 16 11
24 17 23
24 18 18
24 19 2
24 20 14
24 21 5
24 22 26
24 23 15
24 24 -1
24 25 20
25 1 12
25 2 17
25 3 25
25 4 21
25 5 13
25 6 12
25 7 15
25 8 20
25 9 7
25 10 20
25 11 16
25 12 17
25 13 12
25 14 25
25 15 18
25 16 22
25 17 8
25 18 19
25 19 18
25 20 9
25 21 22
25 22 11
25 23 7
25 24 20
25 25 -1
