1 1 -1
1 2 41
1 3 51
1 4 40
1 5 20
1 6 29
1 7 31
1 8 48
1 9 31
1 10 48
1 11 47
1 12 45
1 13 25
1 14 18
1 15 7
1 16 15
1 17 39
1 18 9
1 19 30
1 20 15
1 21 10
1 22 46
1 23 18
1 24 11
1 25 41
1 26 19
1 27 34
1 28 19
1 29 37
1 30 19
1 31 48
1 32 40
1 33 21
1 34 45
1 35 15
1 36 10
1 37 18
1 38 51
1 39 21
1 40 38
1 41 8
1 42 9
1 43 41
1 44 44
1 45 33
1 46 43
1 47 21
1 48 17
1 49 37
1 50 9
1 51 51
1 52 30
1 53 40
1 54 25
1 55 14
2 1 41
2 2 -1
2 3 41
2 4 4
2 5 44
2 6 19
2 7 16
2 8 18
2 9 14
2 10 8
2 11 15
2 12 44
2 13 59
2 14 31
2 15 48
2 16 26
2 17 39
2 18 46
2 19 30
2 20 41
2 21 35
2 22 27
2 23 24
2 24 31
2 25 8
2 26 39
2 27 44
2 28 21
2 29 26
2 30 42
2 31 8
2 32 48
2 33 54
2 34 35
2 35 49
2 36 45
2 37 22
2 38 33
2 39 50
2 40 5
2 41 33
2 42 40
2 43 1
2 44 47
2 45 37
2 46 46
2 47 30
2 48 45
2 49 37
2 50 38
2 51 13
2 52 37
2 53 3
2 54 30
2 55 27
3 1 51
3 2 41
3 3 -1
3 4 45
3 5 35
3 6 53
3 7 29
3 8 25
3 9 48
3 10 49
3 11 28
3 12 9
3 13 49
3 14 32
3 15 53
3 16 40
3 17 12
3 18 47
3 19 20
3 20 37
3 21 40
3 22 14
3 23 45
3 24 42
3 25 49
3 26 33
3 27 21
3 28 41
3 29 17
3 30 34
3 31 39
3 32 18
3 33 46
3 34 6
3 35 45
3 36 46
3 37 42
3 38 9
3 39 40
3 40 44
3 41 47
3 42 57
3 43 42
3 44 13
3 45 17
3 46 13
3 47 57
3 48 39
3 49 13
3 50 42
3 51 36
3 52 21
3 53 38
3 54 60
3 55 45
4 1 40
4 2 4
4 3 45
4 4 -1
4 5 45
4 6 16
4 7 18
4 8 23
4 9 11
4 10 7
4 11 20
4 12 47
4 13 59
4 14 32
4 15 47
4 16 26
4 17 42
4 18 45
4 19 32
4 20 42
4 21 34
4 22 31
4 23 22
4 24 30
4 25 4
4 26 40
4 27 46
4 28 20
4 29 29
4 30 43
4 31 12
4 32 50
4 33 54
4 34 38
4 35 49
4 36 45
4 37 21
4 38 37
4 39 50
4 40 2
4 41 32
4 42 38
4 43 2
4 44 50
4 45 39
4 46 49
4 47 27
4 48 46
4 49 40
4 50 38
4 51 17
4 52 39
4 53 6
4 54 27
4 55 25
5 1 20
5 2 44
5 3 35
5 4 45
5 5 -1
5 6 41
5 7 29
5 8 42
5 9 40
5 10 53
5 11 43
5 12 27
5 13 15
5 14 13
5 15 19
5 16 21
5 17 23
5 18 13
5 19 18
5 20 5
5 21 14
5 22 35
5 23 28
5 24 19
5 25 48
5 26 5
5 27 15
5 28 27
5 29 27
5 30 2
5 31 48
5 32 20
5 33 11
5 34 32
5 35 10
5 36 12
5 37 26
5 38 39
5 39 5
5 40 43
5 41 22
5 42 29
5 43 45
5 44 25
5 45 18
5 46 25
5 47 38
5 48 4
5 49 22
5 50 12
5 51 50
5 52 14
5 53 42
5 54 42
5 55 26
6 1 29
6 2 19
6 3 53
6 4 16
6 5 41
6 6 -1
6 7 24
6 8 36
6 9 5
6 10 22
6 11 33
6 12 52
6 13 53
6 14 30
6 15 37
6 16 20
6 17 47
6 18 37
6 19 36
6 20 37
6 21 28
6 22 42
6 23 13
6 24 23
6 25 15
6 26 37
6 27 48
6 28 15
6 29 36
6 30 39
6 31 28
6 32 53
6 33 48
6 34 47
6 35 42
6 36 37
6 37 15
6 38 48
6 39 46
6 40 14
6 41 22
6 42 25
6 43 18
6 44 54
6 45 42
6 46 53
6 47 11
6 48 41
6 49 44
6 50 31
6 51 32
6 52 41
6 53 21
6 54 11
6 55 16
7 1 31
7 2 16
7 3 29
7 4 18
7 5 29
7 6 24
7 7 -1
7 8 17
7 9 19
7 10 25
7 11 16
7 12 29
7 13 44
7 14 16
7 15 36
7 16 16
7 17 24
7 18 32
7 19 14
7 20 26
7 21 21
7 22 18
7 23 17
7 24 20
7 25 22
7 26 24
7 27 27
7 28 14
7 29 12
7 30 26
7 31 19
7 32 32
7 33 39
7 34 22
7 35 35
7 36 32
7 37 15
7 38 24
7 39 34
7 40 17
7 41 24
7 42 33
7 43 17
7 44 32
7 45 21
7 46 31
7 47 29
7 48 30
7 49 22
7 50 25
7 51 21
7 52 21
7 53 13
7 54 31
7 55 19
8 1 48
8 2 18
8 3 25
8 4 23
8 5 42
8 6 36
8 7 17
8 8 -1
8 9 30
8 10 25
8 11 3
8 12 30
8 13 58
8 14 32
8 15 53
8 16 33
8 17 27
8 18 49
8 19 23
8 20 41
8 21 38
8 22 11
8 23 34
8 24 37
8 25 26
8 26 38
8 27 35
8 28 30
8 29 15
8 30 40
8 31 14
8 32 37
8 33 53
8 34 19
8 35 50
8 36 48
8 37 31
8 38 16
8 39 48
8 40 23
8 41 41
8 42 50
8 43 20
8 44 34
8 45 28
8 46 33
8 47 44
8 48 45
8 49 26
8 50 41
8 51 11
8 52 30
8 53 16
8 54 46
8 55 36
9 1 31
9 2 14
9 3 48
9 4 11
9 5 40
9 6 5
9 7 19
9 8 30
9 9 -1
9 10 17
9 11 28
9 12 48
9 13 53
9 14 27
9 15 38
9 16 19
9 17 42
9 18 37
9 19 32
9 20 36
9 21 27
9 22 36
9 23 13
9 24 23
9 25 10
9 26 35
9 27 45
9 28 13
9 29 31
9 30 38
9 31 22
9 32 50
9 33 48
9 34 42
9 35 42
9 36 37
9 37 13
9 38 43
9 39 45
9 40 9
9 41 23
9 42 28
9 43 13
9 44 50
9 45 39
9 46 49
9 47 16
9 48 40
9 49 40
9 50 31
9 51 27
9 52 38
9 53 15
9 54 16
9 55 16
10 1 48
10 2 8
10 3 49
10 4 7
10 5 53
10 6 22
10 7 25
10 8 25
10 9 17
10 10 -1
10 11 21
10 12 52
10 13 67
10 14 40
10 15 55
10 16 34
10 17 47
10 18 53
10 19 39
10 20 49
10 21 42
10 22 35
10 23 30
10 24 38
10 25 7
10 26 48
10 27 52
10 28 28
10 29 34
10 30 50
10 31 11
10 32 56
10 33 62
10 34 43
10 35 57
10 36 53
10 37 29
10 38 40
10 39 58
10 40 10
10 41 39
10 42 45
10 43 8
10 44 55
10 45 45
10 46 54
10 47 33
10 48 53
10 49 45
10 50 46
10 51 15
10 52 46
10 53 11
10 54 33
10 55 33
11 1 47
11 2 15
11 3 28
11 4 20
11 5 43
11 6 33
11 7 16
11 8 3
11 9 28
11 10 21
11 11 -1
11 12 32
11 13 58
11 14 31
11 15 52
11 16 32
11 17 29
11 18 48
11 19 24
11 20 41
11 21 37
11 22 14
11 23 32
11 24 36
11 25 23
11 26 38
11 27 37
11 28 29
11 29 17
11 30 41
11 31 11
11 32 39
11 33 54
11 34 22
11 35 50
11 36 48
11 37 30
11 38 19
11 39 48
11 40 20
11 41 40
11 42 49
11 43 17
11 44 36
11 45 29
11 46 35
11 47 42
11 48 45
11 49 28
11 50 41
11 51 8
11 52 31
11 53 13
11 54 43
11 55 35
12 1 45
12 2 44
12 3 9
12 4 47
12 5 27
12 6 52
12 7 29
12 8 30
12 9 48
12 10 52
12 11 32
12 12 -1
12 13 40
12 14 27
12 15 46
12 16 36
12 17 5
12 18 40
12 19 17
12 20 30
12 21 34
12 22 19
12 23 42
12 24 37
12 25 51
12 26 26
12 27 12
12 28 39
12 29 18
12 30 27
12 31 43
12 32 9
12 33 37
12 34 10
12 35 37
12 36 38
12 37 39
12 38 17
12 39 31
12 40 46
12 41 42
12 42 52
12 43 45
12 44 4
12 45 11
12 46 3
12 47 54
12 48 31
12 49 8
12 50 35
12 51 41
12 52 15
12 53 41
12 54 58
12 55 42
13 1 25
13 2 59
13 3 49
13 4 59
13 5 15
13 6 53
13 7 44
13 8 58
13 9 53
13 10 67
13 11 58
13 12 40
13 13 -1
13 14 27
13 15 19
13 16 33
13 17 37
13 18 16
13 19 34
13 20 17
13 21 25
13 22 51
13 23 39
13 24 30
13 25 62
13 26 20
13 27 28
13 28 39
13 29 43
13 30 17
13 31 64
13 32 31
13 33 5
13 34 46
13 35 10
13 36 15
13 37 39
13 38 53
13 39 9
13 40 57
13 41 31
13 42 34
13 43 59
13 44 37
13 45 32
13 46 37
13 47 46
13 48 13
13 49 36
13 50 21
13 51 65
13 52 28
13 53 57
13 54 50
13 55 36
14 1 18
14 2 31
14 3 32
14 4 32
14 5 13
14 6 30
14 7 16
14 8 32
14 9 27
14 10 40
14 11 31
14 12 27
14 13 27
14 14 -1
14 15 22
14 16 10
14 17 21
14 18 17
14 19 12
14 20 10
14 21 7
14 22 28
14 23 17
14 24 10
14 25 35
14 26 8
14 27 19
14 28 15
14 29 19
14 30 10
14 31 36
14 32 25
14 33 22
14 34 27
14 35 18
14 36 16
14 37 15
14 38 32
14 39 18
14 40 30
14 41 14
14 42 24
14 43 32
14 44 28
14 45 16
14 46 27
14 47 28
14 48 14
14 49 19
14 50 10
14 51 38
14 52 13
14 53 29
14 54 32
14 55 15
15 1 7
15 2 48
15 3 53
15 4 47
15 5 19
15 6 37
15 7 36
15 8 53
15 9 38
15 10 55
15 11 52
15 12 46
15 13 19
15 14 22
15 15 -1
15 16 21
15 17 41
15 18 5
15 19 33
15 20 15
15 21 15
15 22 50
15 23 25
15 24 17
15 25 49
15 26 19
15 27 34
15 28 26
15 29 41
15 30 18
15 31 55
15 32 40
15 33 15
15 34 48
15 35 10
15 36 7
15 37 26
15 38 54
15 39 18
15 40 45
15 41 15
15 42 15
15 43 48
15 44 44
15 45 35
15 46 44
15 47 29
15 48 14
15 49 39
15 50 12
15 51 57
15 52 31
15 53 47
15 54 32
15 55 22
16 1 15
16 2 26
16 3 40
16 4 26
16 5 21
16 6 20
16 7 16
16 8 33
16 9 19
16 10 34
16 11 32
16 12 36
16 13 33
16 14 10
16 15 21
16 16 -1
16 17 30
16 18 19
16 19 19
16 20 17
16 21 8
16 22 32
16 23 7
16 24 4
16 25 28
16 26 17
16 27 29
16 28 5
16 29 24
16 30 19
16 31 33
16 32 35
16 33 28
16 34 34
16 35 23
16 36 19
16 37 5
16 38 38
16 39 26
16 40 24
16 41 8
16 42 18
16 43 26
16 44 37
16 45 25
16 46 36
16 47 18
16 48 21
16 49 28
16 50 12
16 51 36
16 52 22
16 53 25
16 54 22
16 55 5
17 1 39
17 2 39
17 3 12
17 4 42
17 5 23
17 6 47
17 7 24
17 8 27
17 9 42
17 10 47
17 11 29
17 12 5
17 13 37
17 14 21
17 15 41
17 16 30
17 17 -1
17 18 35
17 19 11
17 20 25
17 21 29
17 22 16
17 23 36
17 24 31
17 25 46
17 26 21
17 27 9
17 28 33
17 29 13
17 30 22
17 31 39
17 32 10
17 33 34
17 34 9
17 35 33
17 36 34
17 37 34
17 38 17
17 39 28
17 40 41
17 41 36
17 42 46
17 43 40
17 44 8
17 45 5
17 46 7
17 47 48
17 48 27
17 49 2
17 50 30
17 51 38
17 52 9
17 53 36
17 54 52
17 55 36
18 1 9
18 2 46
18 3 47
18 4 45
18 5 13
18 6 37
18 7 32
18 8 49
18 9 37
18 10 53
18 11 48
18 12 40
18 13 16
18 14 17
18 15 5
18 16 19
18 17 35
18 18 -1
18 19 28
18 20 9
18 21 11
18 22 45
18 23 24
18 24 14
18 25 47
18 26 13
18 27 28
18 28 24
18 29 36
18 30 13
18 31 51
18 32 34
18 33 12
18 34 42
18 35 6
18 36 1
18 37 24
18 38 49
18 39 13
18 40 43
18 41 14
18 42 18
18 43 45
18 44 39
18 45 29
18 46 38
18 47 30
18 48 9
18 49 33
18 50 7
18 51 54
18 52 25
18 53 44
18 54 33
18 55 20
19 1 30
19 2 30
19 3 20
19 4 32
19 5 18
19 6 36
19 7 14
19 8 23
19 9 32
19 10 39
19 11 24
19 12 17
19 13 34
19 14 12
19 15 33
19 16 19
19 17 11
19 18 28
19 19 -1
19 20 19
19 21 19
19 22 17
19 23 25
19 24 21
19 25 36
19 26 15
19 27 13
19 28 22
19 29 8
19 30 17
19 31 32
19 32 18
19 33 30
19 34 15
19 35 28
19 36 27
19 37 22
19 38 21
19 39 24
19 40 31
19 41 26
19 42 36
19 43 31
19 44 18
19 45 7
19 46 17
19 47 37
19 48 22
19 49 8
19 50 21
19 51 32
19 52 7
19 53 27
19 54 41
19 55 25
20 1 15
20 2 41
20 3 37
20 4 42
20 5 5
20 6 37
20 7 26
20 8 41
20 9 36
20 10 49
20 11 41
20 12 30
20 13 17
20 14 10
20 15 15
20 16 17
20 17 25
20 18 9
20 19 19
20 20 -1
20 21 9
20 22 36
20 23 23
20 24 14
20 25 44
20 26 4
20 27 19
20 28 22
20 29 27
20 30 3
20 31 46
20 32 24
20 33 12
20 34 33
20 35 9
20 36 8
20 37 22
20 38 40
20 39 8
20 40 40
20 41 17
20 42 24
20 43 41
20 44 29
20 45 19
20 46 28
20 47 33
20 48 4
20 49 24
20 50 7
20 51 48
20 52 15
20 53 39
20 54 37
20 55 21
21 1 10
21 2 35
21 3 40
21 4 34
21 5 14
21 6 28
21 7 21
21 8 38
21 9 27
21 10 42
21 11 37
21 12 34
21 13 25
21 14 7
21 15 15
21 16 8
21 17 29
21 18 11
21 19 19
21 20 9
21 21 -1
21 22 35
21 23 14
21 24 5
21 25 36
21 26 10
21 27 25
21 28 14
21 29 26
21 30 12
21 31 40
21 32 31
21 33 20
21 34 34
21 35 14
21 36 10
21 37 13
21 38 40
21 39 17
21 40 32
21 41 8
21 42 17
21 43 34
21 44 34
21 45 23
21 46 33
21 47 24
21 48 12
21 49 27
21 50 3
21 51 43
21 52 19
21 53 33
21 54 28
21 55 12
22 1 46
22 2 27
22 3 14
22 4 31
22 5 35
22 6 42
22 7 18
22 8 11
22 9 36
22 10 35
22 11 14
22 12 19
22 13 51
22 14 28
22 15 50
22 16 32
22 17 16
22 18 45
22 19 17
22 20 36
22 21 35
22 22 -1
22 23 36
22 24 35
22 25 35
22 26 32
22 27 25
22 28 32
22 29 9
22 30 34
22 31 25
22 32 26
22 33 47
22 34 8
22 35 45
22 36 44
22 37 33
22 38 6
22 39 41
22 40 31
22 41 40
22 42 50
22 43 29
22 44 23
22 45 19
22 46 22
22 47 47
22 48 39
22 49 16
22 50 38
22 51 22
22 52 22
22 53 25
22 54 50
22 55 37
23 1 18
23 2 24
23 3 45
23 4 22
23 5 28
23 6 13
23 7 17
23 8 34
23 9 13
23 10 30
23 11 32
23 12 42
23 13 39
23 14 17
23 15 25
23 16 7
23 17 36
23 18 24
23 19 25
23 20 23
23 21 14
23 22 36
23 23 -1
23 24 9
23 25 23
23 26 24
23 27 36
23 28 3
23 29 28
23 30 26
23 31 31
23 32 41
23 33 34
23 34 38
23 35 29
23 36 24
23 37 2
23 38 42
23 39 32
23 40 20
23 41 10
23 42 17
23 43 23
23 44 43
23 45 31
23 46 42
23 47 12
23 48 27
23 49 34
23 50 17
23 51 35
23 52 29
23 53 23
23 54 15
23 55 3
24 1 11
24 2 31
24 3 42
24 4 30
24 5 19
24 6 23
24 7 20
24 8 37
24 9 23
24 10 38
24 11 36
24 12 37
24 13 30
24 14 10
24 15 17
24 16 4
24 17 31
24 18 14
24 19 21
24 20 14
24 21 5
24 22 35
24 23 9
24 24 -1
24 25 32
24 26 15
24 27 29
24 28 9
24 29 26
24 30 17
24 31 37
24 32 34
24 33 25
24 34 36
24 35 19
24 36 14
24 37 9
24 38 41
24 39 22
24 40 28
24 41 5
24 42 15
24 43 31
24 44 38
24 45 26
24 46 37
24 47 19
24 48 17
24 49 29
24 50 8
24 51 40
24 52 23
24 53 29
24 54 23
24 55 7
25 1 41
25 2 8
25 3 49
25 4 4
25 5 48
25 6 15
25 7 22
25 8 26
25 9 10
25 10 7
25 11 23
25 12 51
25 13 62
25 14 35
25 15 49
25 16 28
25 17 46
25 18 47
25 19 36
25 20 44
25 21 36
25 22 35
25 23 23
25 24 32
25 25 -1
25 26 43
25 27 50
25 28 22
25 29 33
25 30 46
25 31 15
25 32 54
25 33 57
25 34 42
25 35 51
25 36 47
25 37 23
25 38 41
25 39 53
25 40 5
25 41 33
25 42 39
25 43 6
25 44 54
25 45 43
25 46 53
25 47 26
25 48 48
25 49 44
25 50 40
25 51 20
25 52 43
25 53 10
25 54 26
25 55 27
26 1 19
26 2 39
26 3 33
26 4 40
26 5 5
26 6 37
26 7 24
26 8 38
26 9 35
26 10 48
26 11 38
26 12 26
26 13 20
26 14 8
26 15 19
26 16 17
26 17 21
26 18 13
26 19 15
26 20 4
26 21 10
26 22 32
26 23 24
26 24 15
26 25 43
26 26 -1
26 27 15
26 28 22
26 29 23
26 30 2
26 31 43
26 32 21
26 33 15
26 34 29
26 35 13
26 36 12
26 37 22
26 38 36
26 39 10
26 40 38
26 41 18
26 42 27
26 43 40
26 44 25
26 45 15
26 46 25
26 47 34
26 48 7
26 49 19
26 50 10
26 51 45
26 52 11
26 53 37
26 54 38
26 55 22
27 1 34
27 2 44
27 3 21
27 4 46
27 5 15
27 6 48
27 7 27
27 8 35
27 9 45
27 10 52
27 11 37
27 12 12
27 13 28
27 14 19
27 15 34
27 16 29
27 17 9
27 18 28
27 19 13
27 20 19
27 21 25
27 22 25
27 23 36
27 24 29
27 25 50
27 26 15
27 27 -1
27 28 33
27 29 20
27 30 15
27 31 45
27 32 5
27 33 25
27 34 19
27 35 26
27 36 27
27 37 33
27 38 26
27 39 19
27 40 44
27 41 33
27 42 42
27 43 44
27 44 10
27 45 7
27 46 9
27 47 47
27 48 20
27 49 9
27 50 25
27 51 45
27 52 7
27 53 41
27 54 51
27 55 35
28 1 19
28 2 21
28 3 41
28 4 20
28 5 27
28 6 15
28 7 14
28 8 30
28 9 13
28 10 28
28 11 29
28 12 39
28 13 39
28 14 15
28 15 26
28 16 5
28 17 33
28 18 24
28 19 22
28 20 22
28 21 14
28 22 32
28 23 3
28 24 9
28 25 22
28 26 22
28 27 33
28 28 -1
28 29 24
28 30 25
28 31 28
28 32 39
28 33 34
28 34 35
28 35 29
28 36 24
28 37 1
28 38 38
28 39 31
28 40 18
28 41 11
28 42 20
28 43 21
28 44 40
28 45 28
28 46 39
28 47 15
28 48 26
28 49 31
28 50 17
28 51 32
28 52 26
28 53 20
28 54 18
28 55 6
29 1 37
29 2 26
29 3 17
29 4 29
29 5 27
29 6 36
29 7 12
29 8 15
29 9 31
29 10 34
29 11 17
29 12 18
29 13 43
29 14 19
29 15 41
29 16 24
29 17 13
29 18 36
29 19 8
29 20 27
29 21 26
29 22 9
29 23 28
29 24 26
29 25 33
29 26 23
29 27 20
29 28 24
29 29 -1
29 30 25
29 31 26
29 32 22
29 33 38
29 34 10
29 35 36
29 36 35
29 37 25
29 38 14
29 39 33
29 40 28
29 41 31
29 42 42
29 43 27
29 44 21
29 45 12
29 46 20
29 47 40
29 48 30
29 49 11
29 50 29
29 51 25
29 52 15
29 53 23
29 54 43
29 55 29
30 1 19
30 2 42
30 3 34
30 4 43
30 5 2
30 6 39
30 7 26
30 8 40
30 9 38
30 10 50
30 11 41
30 12 27
30 13 17
30 14 10
30 15 18
30 16 19
30 17 22
30 18 13
30 19 17
30 20 3
30 21 12
30 22 34
30 23 26
30 24 17
30 25 46
30 26 2
30 27 15
30 28 25
30 29 25
30 30 -1
30 31 46
30 32 21
30 33 13
30 34 31
30 35 11
30 36 11
30 37 24
30 38 38
30 39 7
30 40 41
30 41 20
30 42 28
30 43 42
30 44 26
30 45 17
30 46 25
30 47 36
30 48 5
30 49 21
30 50 10
30 51 48
30 52 13
30 53 40
30 54 40
30 55 24
31 1 48
31 2 8
31 3 39
31 4 12
31 5 48
31 6 28
31 7 19
31 8 14
31 9 22
31 10 11
31 11 11
31 12 43
31 13 64
31 14 36
31 15 55
31 16 33
31 17 39
31 18 51
31 19 32
31 20 46
31 21 40
31 22 25
31 23 31
31 24 37
31 25 15
31 26 43
31 27 45
31 28 28
31 29 26
31 30 46
31 31 -1
31 32 48
31 33 59
31 34 33
31 35 54
31 36 51
31 37 29
31 38 30
31 39 54
31 40 13
31 41 40
31 42 48
31 43 9
31 44 46
31 45 38
31 46 45
31 47 38
31 48 50
31 49 37
31 50 44
31 51 5
31 52 39
31 53 8
31 54 39
31 55 34
32 1 40
32 2 48
32 3 18
32 4 50
32 5 20
32 6 53
32 7 32
32 8 37
32 9 50
32 10 56
32 11 39
32 12 9
32 13 31
32 14 25
32 15 40
32 16 35
32 17 10
32 18 34
32 19 18
32 20 24
32 21 31
32 22 26
32 23 41
32 24 34
32 25 54
32 26 21
32 27 5
32 28 39
32 29 22
32 30 21
32 31 48
32 32 -1
32 33 29
32 34 19
32 35 30
32 36 32
32 37 39
32 38 26
32 39 23
32 40 49
32 41 39
32 42 48
32 43 49
32 44 6
32 45 11
32 46 6
32 47 53
32 48 25
32 49 11
32 50 31
32 51 47
32 52 12
32 53 45
32 54 57
32 55 40
33 1 21
33 2 54
33 3 46
33 4 54
33 5 11
33 6 48
33 7 39
33 8 53
33 9 48
33 10 62
33 11 54
33 12 37
33 13 5
33 14 22
33 15 15
33 16 28
33 17 34
33 18 12
33 19 30
33 20 12
33 21 20
33 22 47
33 23 34
33 24 25
33 25 57
33 26 15
33 27 25
33 28 34
33 29 38
33 30 13
33 31 59
33 32 29
33 33 -1
33 34 43
33 35 6
33 36 11
33 37 34
33 38 50
33 39 6
33 40 52
33 41 26
33 42 30
33 43 54
33 44 35
33 45 29
33 46 34
33 47 41
33 48 8
33 49 33
33 50 17
33 51 60
33 52 25
33 53 52
33 54 45
33 55 31
34 1 45
34 2 35
34 3 6
34 4 38
34 5 32
34 6 47
34 7 22
34 8 19
34 9 42
34 10 43
34 11 22
34 12 10
34 13 46
34 14 27
34 15 48
34 16 34
34 17 9
34 18 42
34 19 15
34 20 33
34 21 34
34 22 8
34 23 38
34 24 36
34 25 42
34 26 29
34 27 19
34 28 35
34 29 10
34 30 31
34 31 33
34 32 19
34 33 43
34 34 -1
34 35 42
34 36 41
34 37 36
34 38 7
34 39 37
34 40 38
34 41 41
34 42 51
34 43 36
34 44 15
34 45 14
34 46 14
34 47 50
34 48 36
34 49 10
34 50 37
34 51 31
34 52 18
34 53 32
34 54 54
34 55 39
35 1 15
35 2 49
35 3 45
35 4 49
35 5 10
35 6 42
35 7 35
35 8 50
35 9 42
35 10 57
35 11 50
35 12 37
35 13 10
35 14 18
35 15 10
35 16 23
35 17 33
35 18 6
35 19 28
35 20 9
35 21 14
35 22 45
35 23 29
35 24 19
35 25 51
35 26 13
35 27 26
35 28 29
35 29 36
35 30 11
35 31 54
35 32 30
35 33 6
35 34 42
35 35 -1
35 36 5
35 37 28
35 38 49
35 39 7
35 40 47
35 41 20
35 42 24
35 43 49
35 44 36
35 45 28
35 46 35
35 47 35
35 48 6
35 49 32
35 50 11
35 51 56
35 52 24
35 53 47
35 54 39
35 55 25
36 1 10
36 2 45
36 3 46
36 4 45
36 5 12
36 6 37
36 7 32
36 8 48
36 9 37
36 10 53
36 11 48
36 12 38
36 13 15
36 14 16
36 15 7
36 16 19
36 17 34
36 18 1
36 19 27
36 20 8
36 21 10
36 22 44
36 23 24
36 24 14
36 25 47
36 26 12
36 27 27
36 28 24
36 29 35
36 30 11
36 31 51
36 32 32
36 33 11
36 34 41
36 35 5
36 36 -1
36 37 24
36 38 48
36 39 11
36 40 43
36 41 15
36 42 19
36 43 45
36 44 37
36 45 28
36 46 37
36 47 30
36 48 7
36 49 32
36 50 7
36 51 53
36 52 24
36 53 44
36 54 34
36 55 21
37 1 18
37 2 22
37 3 42
37 4 21
37 5 26
37 6 15
37 7 15
37 8 31
37 9 13
37 10 29
37 11 30
37 12 39
37 13 39
37 14 15
37 15 26
37 16 5
37 17 34
37 18 24
37 19 22
37 20 22
37 21 13
37 22 33
37 23 2
37 24 9
37 25 23
37 26 22
37 27 33
37 28 1
37 29 25
37 30 24
37 31 29
37 32 39
37 33 34
37 34 36
37 35 28
37 36 24
37 37 -1
37 38 39
37 39 31
37 40 19
37 41 10
37 42 19
37 43 22
37 44 41
37 45 29
37 46 40
37 47 15
37 48 26
37 49 31
37 50 17
37 51 33
37 52 26
37 53 21
37 54 18
37 55 5
38 1 51
38 2 33
38 3 9
38 4 37
38 5 39
38 6 48
38 7 24
38 8 16
38 9 43
38 10 40
38 11 19
38 12 17
38 13 53
38 14 32
38 15 54
38 16 38
38 17 17
38 18 49
38 19 21
38 20 40
38 21 40
38 22 6
38 23 42
38 24 41
38 25 41
38 26 36
38 27 26
38 28 38
38 29 14
38 30 38
38 31 30
38 32 26
38 33 50
38 34 7
38 35 49
38 36 48
38 37 39
38 38 -1
38 39 44
38 40 37
38 41 46
38 42 56
38 43 35
38 44 21
38 45 21
38 46 21
38 47 53
38 48 43
38 49 17
38 50 42
38 51 27
38 52 25
38 53 31
38 54 56
38 55 43
39 1 21
39 2 50
39 3 40
39 4 50
39 5 5
39 6 46
39 7 34
39 8 48
39 9 45
39 10 58
39 11 48
39 12 31
39 13 9
39 14 18
39 15 18
39 16 26
39 17 28
39 18 13
39 19 24
39 20 8
39 21 17
39 22 41
39 23 32
39 24 22
39 25 53
39 26 10
39 27 19
39 28 31
39 29 33
39 30 7
39 31 54
39 32 23
39 33 6
39 34 37
39 35 7
39 36 11
39 37 31
39 38 44
39 39 -1
39 40 48
39 41 25
39 42 30
39 43 50
39 44 29
39 45 23
39 46 29
39 47 41
39 48 5
39 49 27
39 50 15
39 51 55
39 52 19
39 53 48
39 54 45
39 55 29
40 1 38
40 2 5
40 3 44
40 4 2
40 5 43
40 6 14
40 7 17
40 8 23
40 9 9
40 10 10
40 11 20
40 12 46
40 13 57
40 14 30
40 15 45
40 16 24
40 17 41
40 18 43
40 19 31
40 20 40
40 21 32
40 22 31
40 23 20
40 24 28
40 25 5
40 26 38
40 27 44
40 28 18
40 29 28
40 30 41
40 31 13
40 32 49
40 33 52
40 34 38
40 35 47
40 36 43
40 37 19
40 38 37
40 39 48
40 40 -1
40 41 30
40 42 36
40 43 4
40 44 49
40 45 38
40 46 48
40 47 25
40 48 44
40 49 39
40 50 36
40 51 18
40 52 38
40 53 7
40 54 25
40 55 23
41 1 8
41 2 33
41 3 47
41 4 32
41 5 22
41 6 22
41 7 24
41 8 41
41 9 23
41 10 39
41 11 40
41 12 42
41 13 31
41 14 14
41 15 15
41 16 8
41 17 36
41 18 14
41 19 26
41 20 17
41 21 8
41 22 40
41 23 10
41 24 5
41 25 33
41 26 18
41 27 33
41 28 11
41 29 31
41 30 20
41 31 40
41 32 39
41 33 26
41 34 41
41 35 20
41 36 15
41 37 10
41 38 46
41 39 25
41 40 30
41 41 -1
41 42 10
41 43 33
41 44 42
41 45 31
41 46 42
41 47 16
41 48 20
41 49 34
41 50 10
41 51 43
41 52 27
41 53 32
41 54 20
41 55 6
42 1 9
42 2 40
42 3 57
42 4 38
42 5 29
42 6 25
42 7 33
42 8 50
42 9 28
42 10 45
42 11 49
42 12 52
42 13 34
42 14 24
42 15 15
42 16 18
42 17 46
42 18 18
42 19 36
42 20 24
42 21 17
42 22 50
42 23 17
42 24 15
42 25 39
42 26 27
42 27 42
42 28 20
42 29 42
42 30 28
42 31 48
42 32 48
42 33 30
42 34 51
42 35 24
42 36 19
42 37 19
42 38 56
42 39 30
42 40 36
42 41 10
42 42 -1
42 43 40
42 44 52
42 45 41
42 46 51
42 47 14
42 48 26
42 49 44
42 50 17
42 51 52
42 52 37
42 53 40
42 54 18
42 55 14
43 1 41
43 2 1
43 3 42
43 4 2
43 5 45
43 6 18
43 7 17
43 8 20
43 9 13
43 10 8
43 11 17
43 12 45
43 13 59
43 14 32
43 15 48
43 16 26
43 17 40
43 18 45
43 19 31
43 20 41
43 21 34
43 22 29
43 23 23
43 24 31
43 25 6
43 26 40
43 27 44
43 28 21
43 29 27
43 30 42
43 31 9
43 32 49
43 33 54
43 34 36
43 35 49
43 36 45
43 37 22
43 38 35
43 39 50
43 40 4
43 41 33
43 42 40
43 43 -1
43 44 48
43 45 38
43 46 47
43 47 29
43 48 46
43 49 38
43 50 38
43 51 14
43 52 38
43 53 4
43 54 29
43 55 26
44 1 44
44 2 47
44 3 13
44 4 50
44 5 25
44 6 54
44 7 32
44 8 34
44 9 50
44 10 55
44 11 36
44 12 4
44 13 37
44 14 28
44 15 44
44 16 37
44 17 8
44 18 39
44 19 18
44 20 29
44 21 34
44 22 23
44 23 43
44 24 38
44 25 54
44 26 25
44 27 10
44 28 40
44 29 21
44 30 26
44 31 46
44 32 6
44 33 35
44 34 15
44 35 36
44 36 37
44 37 41
44 38 21
44 39 29
44 40 49
44 41 42
44 42 52
44 43 48
44 44 -1
44 45 12
44 46 1
44 47 55
44 48 30
44 49 10
44 50 35
44 51 45
44 52 15
44 53 44
44 54 59
44 55 43
45 1 33
45 2 37
45 3 17
45 4 39
45 5 18
45 6 42
45 7 21
45 8 28
45 9 39
45 10 45
45 11 29
45 12 11
45 13 32
45 14 16
45 15 35
45 16 25
45 17 5
45 18 29
45 19 7
45 20 19
45 21 23
45 22 19
45 23 31
45 24 26
45 25 43
45 26 15
45 27 7
45 28 28
45 29 12
45 30 17
45 31 38
45 32 11
45 33 29
45 34 14
45 35 28
45 36 28
45 37 29
45 38 21
45 39 23
45 40 38
45 41 31
45 42 41
45 43 38
45 44 12
45 45 -1
45 46 11
45 47 43
45 48 22
45 49 4
45 50 24
45 51 38
45 52 4
45 53 34
45 54 47
45 55 31
46 1 43
46 2 46
46 3 13
46 4 49
46 5 25
46 6 53
46 7 31
46 8 33
46 9 49
46 10 54
46 11 35
46 12 3
46 13 37
46 14 27
46 15 44
46 16 36
46 17 7
46 18 38
46 19 17
46 20 28
46 21 33
46 22 22
46 23 42
46 24 37
46 25 53
46 26 25
46 27 9
46 28 39
46 29 20
46 30 25
46 31 45
46 32 6
46 33 34
46 34 14
46 35 35
46 36 37
46 37 40
46 38 21
46 39 29
46 40 48
46 41 42
46 42 51
46 43 47
46 44 1
46 45 11
46 46 -1
46 47 55
46 48 29
46 49 9
46 50 34
46 51 44
46 52 14
46 53 43
46 54 58
46 55 42
47 1 21
47 2 30
47 3 57
47 4 27
47 5 38
47 6 11
47 7 29
47 8 44
47 9 16
47 10 33
47 11 42
47 12 54
47 13 46
47 14 28
47 15 29
47 16 18
47 17 48
47 18 30
47 19 37
47 20 33
47 21 24
47 22 47
47 23 12
47 24 19
47 25 26
47 26 34
47 27 47
47 28 15
47 29 40
47 30 36
47 31 38
47 32 53
47 33 41
47 34 50
47 35 35
47 36 30
47 37 15
47 38 53
47 39 41
47 40 25
47 41 16
47 42 14
47 43 29
47 44 55
47 45 43
47 46 55
47 47 -1
47 48 36
47 49 46
47 50 26
47 51 42
47 52 41
47 53 30
47 54 4
47 55 12
48 1 17
48 2 45
48 3 39
48 4 46
48 5 4
48 6 41
48 7 30
48 8 45
48 9 40
48 10 53
48 11 45
48 12 31
48 13 13
48 14 14
48 15 14
48 16 21
48 17 27
48 18 9
48 19 22
48 20 4
48 21 12
48 22 39
48 23 27
48 24 17
48 25 48
48 26 7
48 27 20
48 28 26
48 29 30
48 30 5
48 31 50
48 32 25
48 33 8
48 34 36
48 35 6
48 36 7
48 37 26
48 38 43
48 39 5
48 40 44
48 41 20
48 42 26
48 43 46
48 44 30
48 45 22
48 46 29
48 47 36
48 48 -1
48 49 26
48 50 10
48 51 52
48 52 18
48 53 43
48 54 40
48 55 24
49 1 37
49 2 37
49 3 13
49 4 40
49 5 22
49 6 44
49 7 22
49 8 26
49 9 40
49 10 45
49 11 28
49 12 8
49 13 36
49 14 19
49 15 39
49 16 28
49 17 2
49 18 33
49 19 8
49 20 24
49 21 27
49 22 16
49 23 34
49 24 29
49 25 44
49 26 19
49 27 9
49 28 31
49 29 11
49 30 21
49 31 37
49 32 11
49 33 33
49 34 10
49 35 32
49 36 32
49 37 31
49 38 17
49 39 27
49 40 39
49 41 34
49 42 44
49 43 38
49 44 10
49 45 4
49 46 9
49 47 46
49 48 26
49 49 -1
49 50 28
49 51 36
49 52 8
49 53 34
49 54 50
49 55 34
50 1 9
50 2 38
50 3 42
50 4 38
50 5 12
50 6 31
50 7 25
50 8 41
50 9 31
50 10 46
50 11 41
50 12 35
50 13 21
50 14 10
50 15 12
50 16 12
50 17 30
50 18 7
50 19 21
50 20 7
50 21 3
50 22 38
50 23 17
50 24 8
50 25 40
50 26 10
50 27 25
50 28 17
50 29 29
50 30 10
50 31 44
50 32 31
50 33 17
50 34 37
50 35 11
50 36 7
50 37 17
50 38 42
50 39 15
50 40 36
50 41 10
50 42 17
50 43 38
50 44 35
50 45 24
50 46 34
50 47 26
50 48 10
50 49 28
50 50 -1
50 51 46
50 52 20
50 53 36
50 54 30
50 55 14
51 1 51
51 2 13
51 3 36
51 4 17
51 5 50
51 6 32
51 7 21
51 8 11
51 9 27
51 10 15
51 11 8
51 12 41
51 13 65
51 14 38
51 15 57
51 16 36
51 17 38
51 18 54
51 19 32
51 20 48
51 21 43
51 22 22
51 23 35
51 24 40
51 25 20
51 26 45
51 27 45
51 28 32
51 29 25
51 30 48
51 31 5
51 32 47
51 33 60
51 34 31
51 35 56
51 36 53
51 37 33
51 38 27
51 39 55
51 40 18
51 41 43
51 42 52
51 43 14
51 44 45
51 45 38
51 46 44
51 47 42
51 48 52
51 49 36
51 50 46
51 51 -1
51 52 39
51 53 12
51 54 43
51 55 38
52 1 30
52 2 37
52 3 21
52 4 39
52 5 14
52 6 41
52 7 21
52 8 30
52 9 38
52 10 46
52 11 31
52 12 15
52 13 28
52 14 13
52 15 31
52 16 22
52 17 9
52 18 25
52 19 7
52 20 15
52 21 19
52 22 22
52 23 29
52 24 23
52 25 43
52 26 11
52 27 7
52 28 26
52 29 15
52 30 13
52 31 39
52 32 12
52 33 25
52 34 18
52 35 24
52 36 24
52 37 26
52 38 25
52 39 19
52 40 38
52 41 27
52 42 37
52 43 38
52 44 15
52 45 4
52 46 14
52 47 41
52 48 18
52 49 8
52 50 20
52 51 39
52 52 -1
52 53 34
52 54 44
52 55 28
53 1 40
53 2 3
53 3 38
53 4 6
53 5 42
53 6 21
53 7 13
53 8 16
53 9 15
53 10 11
53 11 13
53 12 41
53 13 57
53 14 29
53 15 47
53 16 25
53 17 36
53 18 44
53 19 27
53 20 39
53 21 33
53 22 25
53 23 23
53 24 29
53 25 10
53 26 37
53 27 41
53 28 20
53 29 23
53 30 40
53 31 8
53 32 45
53 33 52
53 34 32
53 35 47
53 36 44
53 37 21
53 38 31
53 39 48
53 40 7
53 41 32
53 42 40
53 43 4
53 44 44
53 45 34
53 46 43
53 47 30
53 48 43
53 49 34
53 50 36
53 51 12
53 52 34
53 53 -1
53 54 31
53 55 26
54 1 25
54 2 30
54 3 60
54 4 27
54 5 42
54 6 11
54 7 31
54 8 46
54 9 16
54 10 33
54 11 43
54 12 58
54 13 50
54 14 32
54 15 32
54 16 22
54 17 52
54 18 33
54 19 41
54 20 37
54 21 28
54 22 50
54 23 15
54 24 23
54 25 26
54 26 38
54 27 51
54 28 18
54 29 43
54 30 40
54 31 39
54 32 57
54 33 45
54 34 54
54 35 39
54 36 34
54 37 18
54 38 56
54 39 45
54 40 25
54 41 20
54 42 18
54 43 29
54 44 59
54 45 47
54 46 58
54 47 4
54 48 40
54 49 50
54 50 30
54 51 43
54 52 44
54 53 31
54 54 -1
54 55 16
55 1 14
55 2 27
55 3 45
55 4 25
55 5 26
55 6 16
55 7 19
55 8 36
55 9 16
55 10 33
55 11 35
55 12 42
55 13 36
55 14 15
55 15 22
55 16 5
55 17 36
55 18 20
55 19 25
55 20 21
55 21 12
55 22 37
55 23 3
55 24 7
55 25 27
55 26 22
55 27 35
55 28 6
55 29 29
55 30 24
55 31 34
55 32 40
55 33 31
55 34 39
55 35 25
55 36 21
55 37 5
55 38 43
55 39 29
55 40 23
55 41 6
55 42 14
55 43 26
55 44 43
55 45 31
55 46 42
55 47 12
55 48 24
55 49 34
55 50 14
55 51 38
55 52 28
55 53 26
55 54 16
55 55 -1
