53 2
53 4
53 40
53 43
53 25
53 31
32 12
32 44
32 46
32 17
32 27
41 1
41 37
41 42
41 16
41 50
41 21
41 55
41 23
41 24
43 2
43 4
43 40
43 10
43 53
43 25
43 31
33 48
33 35
33 13
33 39
25 2
25 4
25 40
25 9
25 10
25 43
25 53
6 9
48 33
48 35
48 36
48 5
48 39
48 18
48 50
48 20
48 26
48 30
24 37
24 41
24 14
24 16
24 50
24 21
24 55
24 23
24 28
5 35
5 39
5 48
5 20
5 26
5 30
29 34
29 19
29 22
27 32
27 44
27 45
27 46
27 17
27 49
27 52
39 33
39 35
39 5
39 13
39 48
39 20
39 26
39 30
11 8
11 51
19 49
19 45
19 52
19 29
30 5
30 39
30 14
30 48
30 50
30 20
30 26
16 37
16 41
16 14
16 21
16 55
16 23
16 24
16 28
44 32
44 12
44 46
44 17
44 49
44 27
45 17
45 49
45 19
45 52
45 27
49 34
49 12
49 44
49 45
49 46
49 17
49 19
49 52
49 27
