1 1 -1
1 2 9
1 3 9
1 4 14
1 5 15
1 6 10
1 7 10
1 8 9
1 9 14
1 10 5
1 11 10
1 12 12
1 13 12
1 14 6
1 15 5
1 16 12
2 1 9
2 2 -1
2 3 16
2 4 12
2 5 11
2 6 1
2 7 8
2 8 1
2 9 12
2 10 4
2 11 4
2 12 15
2 13 3
2 14 10
2 15 6
2 16 10
3 1 9
3 2 16
3 3 -1
3 4 13
3 5 15
3 6 17
3 7 11
3 8 15
3 9 14
3 10 14
3 11 14
3 12 6
3 13 17
3 14 5
3 15 14
3 16 13
4 1 14
4 2 12
4 3 13
4 4 -1
4 5 2
4 6 12
4 7 4
4 8 11
4 9 1
4 10 13
4 11 8
4 12 7
4 13 10
4 14 8
4 15 15
4 16 2
5 1 15
5 2 11
5 3 15
5 4 2
5 5 -1
5 6 11
5 7 5
5 8 10
5 9 1
5 10 13
5 11 7
5 12 9
5 13 9
5 14 10
5 15 15
5 16 2
6 1 10
6 2 1
6 3 17
6 4 12
6 5 11
6 6 -1
6 7 8
6 8 1
6 9 12
6 10 5
6 11 4
6 12 15
6 13 2
6 14 11
6 15 7
6 16 10
7 1 10
7 2 8
7 3 11
7 4 4
7 5 5
7 6 8
7 7 -1
7 8 7
7 9 5
7 10 9
7 11 4
7 12 7
7 13 7
7 14 6
7 15 11
7 16 2
8 1 9
8 2 1
8 3 15
8 4 11
8 5 10
8 6 1
8 7 7
8 8 -1
8 9 11
8 10 4
8 11 3
8 12 14
8 13 3
8 14 9
8 15 6
8 16 9
9 1 14
9 2 12
9 3 14
9 4 1
9 5 1
9 6 12
9 7 5
9 8 11
9 9 -1
9 10 14
9 11 8
9 12 8
9 13 10
9 14 9
9 15 16
9 16 2
10 1 5
10 2 4
10 3 14
10 4 13
10 5 13
10 6 5
10 7 9
10 8 4
10 9 14
10 10 -1
10 11 7
10 12 15
10 13 7
10 14 9
10 15 2
10 16 12
11 1 10
11 2 4
11 3 14
11 4 8
11 5 7
11 6 4
11 7 4
11 8 3
11 9 8
11 10 7
11 11 -1
11 12 12
11 13 2
11 14 8
11 15 9
11 16 6
12 1 12
12 2 15
12 3 6
12 4 7
12 5 9
12 6 15
12 7 7
12 8 14
12 9 8
12 10 15
12 11 12
12 12 -1
12 13 15
12 14 6
12 15 16
12 16 8
13 1 12
13 2 3
13 3 17
13 4 10
13 5 9
13 6 2
13 7 7
13 8 3
13 9 10
13 10 7
13 11 2
13 12 15
13 13 -1
13 14 11
13 15 9
13 16 8
14 1 6
14 2 10
14 3 5
14 4 8
14 5 10
14 6 11
14 7 6
14 8 9
14 9 9
14 10 9
14 11 8
14 12 6
14 13 11
14 14 -1
14 15 10
14 16 8
15 1 5
15 2 6
15 3 14
15 4 15
15 5 15
15 6 7
15 7 11
15 8 6
15 9 16
15 10 2
15 11 9
15 12 16
15 13 9
15 14 10
15 15 -1
15 16 13
16 1 12
16 2 10
16 3 13
16 4 2
16 5 2
16 6 10
16 7 2
16 8 9
16 9 2
16 10 12
16 11 6
16 12 8
16 13 8
16 14 8
16 15 13
16 16 -1
