1 1 -1
1 2 13
1 3 12
1 4 12
1 5 17
1 6 5
1 7 14
1 8 9
1 9 17
1 10 7
1 11 13
1 12 16
1 13 5
1 14 18
1 15 8
1 16 4
1 17 13
1 18 7
2 1 13
2 2 -1
2 3 4
2 4 8
2 5 10
2 6 12
2 7 2
2 8 14
2 9 5
2 10 11
2 11 1
2 12 4
2 13 8
2 14 9
2 15 15
2 16 9
2 17 9
2 18 17
3 1 12
3 2 4
3 3 -1
3 4 11
3 5 14
3 6 12
3 7 6
3 8 15
3 9 9
3 10 8
3 11 3
3 12 8
3 13 7
3 14 13
3 15 16
3 16 8
3 17 12
3 18 17
4 1 12
4 2 8
4 3 11
4 4 -1
4 5 4
4 6 8
4 7 6
4 8 8
4 9 6
4 10 14
4 11 9
4 12 6
4 13 9
4 14 6
4 15 8
4 16 9
4 17 1
4 18 12
5 1 17
5 2 10
5 3 14
5 4 4
5 5 -1
5 6 12
5 7 8
5 8 11
5 9 6
5 10 19
5 11 11
5 12 7
5 13 13
5 14 2
5 15 12
5 16 13
5 17 4
5 18 16
6 1 5
6 2 12
6 3 12
6 4 8
6 5 12
6 6 -1
6 7 11
6 8 4
6 9 13
6 10 11
6 11 12
6 12 13
6 13 6
6 14 14
6 15 4
6 16 5
6 17 8
6 18 5
7 1 14
7 2 2
7 3 6
7 4 6
7 5 8
7 6 11
7 7 -1
7 8 13
7 9 3
7 10 13
7 11 3
7 12 2
7 13 9
7 14 7
7 15 14
7 16 10
7 17 7
7 18 16
8 1 9
8 2 14
8 3 15
8 4 8
8 5 11
8 6 4
8 7 13
8 8 -1
8 9 14
8 10 15
8 11 15
8 12 14
8 13 10
8 14 13
8 15 1
8 16 9
8 17 7
8 18 5
9 1 17
9 2 5
9 3 9
9 4 6
9 5 6
9 6 13
9 7 3
9 8 14
9 9 -1
9 10 16
9 11 6
9 12 1
9 13 12
9 14 4
9 15 15
9 16 13
9 17 7
9 18 18
10 1 7
10 2 11
10 3 8
10 4 14
10 5 19
10 6 11
10 7 13
10 8 15
10 9 16
10 10 -1
10 11 11
10 12 15
10 13 5
10 14 19
10 15 15
10 16 6
10 17 15
10 18 14
11 1 13
11 2 1
11 3 3
11 4 9
11 5 11
11 6 12
11 7 3
11 8 15
11 9 6
11 10 11
11 11 -1
11 12 5
11 13 8
11 14 10
11 15 15
11 16 9
11 17 10
11 18 17
12 1 16
12 2 4
12 3 8
12 4 6
12 5 7
12 6 13
12 7 2
12 8 14
12 9 1
12 10 15
12 11 5
12 12 -1
12 13 11
12 14 5
12 15 15
12 16 12
12 17 7
12 18 17
13 1 5
13 2 8
13 3 7
13 4 9
13 5 13
13 6 6
13 7 9
13 8 10
13 9 12
13 10 5
13 11 8
13 12 11
13 13 -1
13 14 14
13 15 10
13 16 1
13 17 9
13 18 10
14 1 18
14 2 9
14 3 13
14 4 6
14 5 2
14 6 14
14 7 7
14 8 13
14 9 4
14 10 19
14 11 10
14 12 5
14 13 14
14 14 -1
14 15 14
14 16 14
14 17 6
14 18 18
15 1 8
15 2 15
15 3 16
15 4 8
15 5 12
15 6 4
15 7 14
15 8 1
15 9 15
15 10 15
15 11 15
15 12 15
15 13 10
15 14 14
15 15 -1
15 16 9
15 17 8
15 18 4
16 1 4
16 2 9
16 3 8
16 4 9
16 5 13
16 6 5
16 7 10
16 8 9
16 9 13
16 10 6
16 11 9
16 12 12
16 13 1
16 14 14
16 15 9
16 16 -1
16 17 10
16 18 8
17 1 13
17 2 9
17 3 12
17 4 1
17 5 4
17 6 8
17 7 7
17 8 7
17 9 7
17 10 15
17 11 10
17 12 7
17 13 9
17 14 6
17 15 8
17 16 10
17 17 -1
17 18 12
18 1 7
18 2 17
18 3 17
18 4 12
18 5 16
18 6 5
18 7 16
18 8 5
18 9 18
18 10 14
18 11 17
18 12 17
18 13 10
18 14 18
18 15 4
18 16 8
18 17 12
18 18 -1
