1 1 -1
1 2 28
1 3 21
1 4 34
1 5 19
1 6 15
1 7 11
1 8 22
1 9 21
1 10 30
1 11 34
1 12 12
1 13 13
1 14 33
1 15 30
1 16 17
1 17 29
1 18 22
1 19 32
1 20 31
1 21 29
1 22 33
1 23 38
1 24 26
1 25 20
1 26 20
1 27 8
1 28 13
1 29 36
1 30 35
1 31 30
1 32 20
1 33 17
1 34 7
1 35 5
1 36 29
1 37 32
1 38 41
1 39 16
1 40 15
1 41 11
1 42 35
1 43 21
1 44 22
1 45 7
1 46 18
2 1 28
2 2 -1
2 3 25
2 4 38
2 5 42
2 6 26
2 7 34
2 8 7
2 9 9
2 10 33
2 11 26
2 12 20
2 13 19
2 14 48
2 15 27
2 16 24
2 17 36
2 18 43
2 19 52
2 20 46
2 21 4
2 22 53
2 23 43
2 24 2
2 25 8
2 26 15
2 27 24
2 28 15
2 29 45
2 30 23
2 31 20
2 32 11
2 33 13
2 34 22
2 35 30
2 36 16
2 37 49
2 38 34
2 39 26
2 40 42
2 41 17
2 42 14
2 43 31
2 44 43
2 45 22
2 46 41
3 1 21
3 2 25
3 3 -1
3 4 15
3 5 20
3 6 5
3 7 32
3 8 24
3 9 26
3 10 10
3 11 14
3 12 25
3 13 10
3 14 22
3 15 9
3 16 3
3 17 11
3 18 20
3 19 27
3 20 21
3 21 22
3 22 28
3 23 20
3 24 23
3 25 20
3 26 10
3 27 24
3 28 18
3 29 20
3 30 17
3 31 13
3 32 14
3 33 23
3 34 21
3 35 26
3 36 14
3 37 24
3 38 20
3 39 5
3 40 24
3 41 19
3 42 21
3 43 5
3 44 21
3 45 21
3 46 20
4 1 34
4 2 38
4 3 15
4 4 -1
4 5 24
4 6 19
4 7 46
4 8 39
4 9 41
4 10 5
4 11 16
4 12 40
4 13 25
4 14 16
4 15 11
4 16 18
4 17 5
4 18 22
4 19 24
4 20 16
4 21 35
4 22 24
4 23 5
4 24 37
4 25 35
4 26 24
4 27 39
4 28 33
4 29 7
4 30 20
4 31 20
4 32 29
4 33 38
4 34 35
4 35 39
4 36 23
4 37 19
4 38 15
4 39 18
4 40 31
4 41 34
4 42 30
4 43 12
4 44 23
4 45 36
4 46 25
5 1 19
5 2 42
5 3 20
5 4 24
5 5 -1
5 6 16
5 7 29
5 8 38
5 9 38
5 10 23
5 11 34
5 12 30
5 13 22
5 14 15
5 15 28
5 16 19
5 17 19
5 18 3
5 19 13
5 20 13
5 21 40
5 22 14
5 23 26
5 24 39
5 25 34
5 26 28
5 27 27
5 28 28
5 29 22
5 30 37
5 31 33
5 32 30
5 33 33
5 34 25
5 35 24
5 36 34
5 37 13
5 38 37
5 39 16
5 40 7
5 41 28
5 42 42
5 43 16
5 44 3
5 45 26
5 46 1
6 1 15
6 2 26
6 3 5
6 4 19
6 5 16
6 6 -1
6 7 27
6 8 23
6 9 24
6 10 15
6 11 20
6 12 21
6 13 7
6 14 22
6 15 15
6 16 3
6 17 14
6 18 17
6 19 26
6 20 21
6 21 24
6 22 27
6 23 23
6 24 24
6 25 19
6 26 11
6 27 19
6 28 15
6 29 23
6 30 22
6 31 18
6 32 14
6 33 20
6 34 16
6 35 20
6 36 18
6 37 23
6 38 26
6 39 1
6 40 19
6 41 16
6 42 25
6 43 7
6 44 18
6 45 17
6 46 16
7 1 11
7 2 34
7 3 32
7 4 46
7 5 29
7 6 27
7 7 -1
7 8 27
7 9 25
7 10 42
7 11 45
7 12 14
7 13 24
7 14 43
7 15 41
7 16 29
7 17 40
7 18 32
7 19 42
7 20 41
7 21 35
7 22 43
7 23 50
7 24 32
7 25 26
7 26 30
7 27 10
7 28 20
7 29 48
7 30 46
7 31 41
7 32 28
7 33 21
7 34 13
7 35 6
7 36 38
7 37 42
7 38 53
7 39 28
7 40 23
7 41 18
7 42 44
7 43 33
7 44 32
7 45 13
7 46 28
8 1 22
8 2 7
8 3 24
8 4 39
8 5 38
8 6 23
8 7 27
8 8 -1
8 9 2
8 10 34
8 11 29
8 12 13
8 13 16
8 14 46
8 15 29
8 16 22
8 17 35
8 18 39
8 19 49
8 20 44
8 21 10
8 22 50
8 23 44
8 24 5
8 25 4
8 26 15
8 27 17
8 28 10
8 29 45
8 30 27
8 31 23
8 32 10
8 33 6
8 34 15
8 35 23
8 36 19
8 37 47
8 38 37
8 39 24
8 40 37
8 41 11
8 42 20
8 43 29
8 44 40
8 45 15
8 46 37
9 1 21
9 2 9
9 3 26
9 4 41
9 5 38
9 6 24
9 7 25
9 8 2
9 9 -1
9 10 36
9 11 31
9 12 11
9 13 17
9 14 47
9 15 31
9 16 23
9 17 37
9 18 40
9 19 50
9 20 45
9 21 12
9 22 51
9 23 46
9 24 8
9 25 6
9 26 17
9 27 15
9 28 10
9 29 46
9 30 29
9 31 25
9 32 12
9 33 5
9 34 14
9 35 21
9 36 21
9 37 47
9 38 40
9 39 25
9 40 36
9 41 10
9 42 23
9 43 31
9 44 40
9 45 14
9 46 37
10 1 30
10 2 33
10 3 10
10 4 5
10 5 23
10 6 15
10 7 42
10 8 34
10 9 36
10 10 -1
10 11 12
10 12 35
10 13 20
10 14 18
10 15 7
10 16 13
10 17 5
10 18 22
10 19 25
10 20 18
10 21 30
10 22 26
10 23 10
10 24 32
10 25 30
10 26 19
10 27 34
10 28 28
10 29 12
10 30 16
10 31 15
10 32 24
10 33 33
10 34 31
10 35 36
10 36 18
10 37 21
10 38 14
10 39 14
10 40 29
10 41 29
10 42 25
10 43 9
10 44 23
10 45 32
10 46 24
11 1 34
11 2 26
11 3 14
11 4 16
11 5 34
11 6 20
11 7 45
11 8 29
11 9 31
11 10 12
11 11 -1
11 12 35
11 13 21
11 14 31
11 15 6
11 16 17
11 17 17
11 18 33
11 19 38
11 20 30
11 21 22
11 22 38
11 23 20
11 24 25
11 25 25
11 26 15
11 27 36
11 28 27
11 29 24
11 30 4
11 31 6
11 32 20
11 33 30
11 34 32
11 35 39
11 36 10
11 37 33
11 38 8
11 39 19
11 40 38
11 41 29
11 42 14
11 43 18
11 44 34
11 45 33
11 46 34
12 1 12
12 2 20
12 3 25
12 4 40
12 5 30
12 6 21
12 7 14
12 8 13
12 9 11
12 10 35
12 11 35
12 12 -1
12 13 14
12 14 42
12 15 32
12 16 21
12 17 35
12 18 33
12 19 43
12 20 40
12 21 21
12 22 44
12 23 44
12 24 18
12 25 12
12 26 19
12 27 4
12 28 7
12 29 44
12 30 34
12 31 29
12 32 15
12 33 7
12 34 5
12 35 10
12 36 26
12 37 42
12 38 43
12 39 22
12 40 27
12 41 5
12 42 30
12 43 28
12 44 33
12 45 4
12 46 29
13 1 13
13 2 19
13 3 10
13 4 25
13 5 22
13 6 7
13 7 24
13 8 16
13 9 17
13 10 20
13 11 21
13 12 14
13 13 -1
13 14 30
13 15 18
13 16 7
13 17 21
13 18 24
13 19 33
13 20 28
13 21 17
13 22 34
13 23 30
13 24 17
13 25 12
13 26 7
13 27 15
13 28 8
13 29 30
13 30 21
13 31 17
13 32 8
13 33 13
13 34 11
13 35 18
13 36 15
13 37 30
13 38 29
13 39 8
13 40 23
13 41 9
13 42 22
13 43 14
13 44 24
13 45 12
13 46 22
14 1 33
14 2 48
14 3 22
14 4 16
14 5 15
14 6 22
14 7 43
14 8 46
14 9 47
14 10 18
14 11 31
14 12 42
14 13 30
14 14 -1
14 15 25
14 16 24
14 17 13
14 18 12
14 19 8
14 20 2
14 21 45
14 22 8
14 23 15
14 24 46
14 25 42
14 26 33
14 27 40
14 28 37
14 29 10
14 30 35
14 31 33
14 32 37
14 33 43
14 34 37
14 35 38
14 36 36
14 37 3
14 38 31
14 39 21
14 40 22
14 41 38
14 42 43
14 43 17
14 44 12
14 45 38
14 46 16
15 1 30
15 2 27
15 3 9
15 4 11
15 5 28
15 6 15
15 7 41
15 8 29
15 9 31
15 10 7
15 11 6
15 12 32
15 13 18
15 14 25
15 15 -1
15 16 12
15 17 11
15 18 27
15 19 32
15 20 24
15 21 23
15 22 32
15 23 16
15 24 26
15 25 25
15 26 14
15 27 33
15 28 25
15 29 19
15 30 9
15 31 8
15 32 19
15 33 29
15 34 29
15 35 35
15 36 12
15 37 27
15 38 11
15 39 14
15 40 32
15 41 26
15 42 18
15 43 12
15 44 28
15 45 30
15 46 28
16 1 17
16 2 24
16 3 3
16 4 18
16 5 19
16 6 3
16 7 29
16 8 22
16 9 23
16 10 13
16 11 17
16 12 21
16 13 7
16 14 24
16 15 12
16 16 -1
16 17 14
16 18 19
16 19 28
16 20 22
16 21 21
16 22 29
16 23 23
16 24 22
16 25 18
16 26 9
16 27 21
16 28 15
16 29 23
16 30 19
16 31 15
16 32 13
16 33 20
16 34 17
16 35 22
16 36 15
16 37 25
16 38 24
16 39 3
16 40 22
16 41 16
16 42 22
16 43 7
16 44 20
16 45 18
16 46 18
17 1 29
17 2 36
17 3 11
17 4 5
17 5 19
17 6 14
17 7 40
17 8 35
17 9 37
17 10 5
17 11 17
17 12 35
17 13 21
17 14 13
17 15 11
17 16 14
17 17 -1
17 18 17
17 19 20
17 20 13
17 21 33
17 22 21
17 23 9
17 24 34
17 25 31
17 26 21
17 27 34
17 28 29
17 29 9
17 30 21
17 31 19
17 32 25
17 33 34
17 34 30
17 35 34
17 36 22
17 37 16
17 38 19
17 39 13
17 40 25
17 41 30
17 42 29
17 43 7
17 44 18
17 45 31
17 46 19
18 1 22
18 2 43
18 3 20
18 4 22
18 5 3
18 6 17
18 7 32
18 8 39
18 9 40
18 10 22
18 11 33
18 12 33
18 13 24
18 14 12
18 15 27
18 16 19
18 17 17
18 18 -1
18 19 10
18 20 10
18 21 41
18 22 11
18 23 23
18 24 41
18 25 36
18 26 28
18 27 30
18 28 30
18 29 19
18 30 36
18 31 33
18 32 31
18 33 35
18 34 27
18 35 27
18 36 34
18 37 10
18 38 36
18 39 16
18 40 10
18 41 30
18 42 42
18 43 15
18 44 1
18 45 28
18 46 4
19 1 32
19 2 52
19 3 27
19 4 24
19 5 13
19 6 26
19 7 42
19 8 49
19 9 50
19 10 25
19 11 38
19 12 43
19 13 33
19 14 8
19 15 32
19 16 28
19 17 20
19 18 10
19 19 -1
19 20 8
19 21 50
19 22 1
19 23 23
19 24 50
19 25 45
19 26 37
19 27 40
19 28 40
19 29 18
19 30 42
19 31 39
19 32 41
19 33 45
19 34 38
19 35 37
19 36 41
19 37 5
19 38 39
19 39 25
19 40 19
19 41 40
19 42 49
19 43 22
19 44 10
19 45 39
19 46 14
20 1 31
20 2 46
20 3 21
20 4 16
20 5 13
20 6 21
20 7 41
20 8 44
20 9 45
20 10 18
20 11 30
20 12 40
20 13 28
20 14 2
20 15 24
20 16 22
20 17 13
20 18 10
20 19 8
20 20 -1
20 21 44
20 22 8
20 23 15
20 24 44
20 25 40
20 26 31
20 27 38
20 28 36
20 29 10
20 30 34
20 31 32
20 32 35
20 33 41
20 34 35
20 35 36
20 36 34
20 37 3
20 38 31
20 39 20
20 40 20
20 41 36
20 42 42
20 43 15
20 44 10
20 45 36
20 46 14
21 1 29
21 2 4
21 3 22
21 4 35
21 5 40
21 6 24
21 7 35
21 8 10
21 9 12
21 10 30
21 11 22
21 12 21
21 13 17
21 14 45
21 15 23
21 16 21
21 17 33
21 18 41
21 19 50
21 20 44
21 21 -1
21 22 50
21 23 40
21 24 4
21 25 9
21 26 12
21 27 25
21 28 16
21 29 42
21 30 19
21 31 16
21 32 9
21 33 14
21 34 23
21 35 31
21 36 12
21 37 46
21 38 30
21 39 24
21 40 41
21 41 18
21 42 10
21 43 28
21 44 42
21 45 23
21 46 39
22 1 33
22 2 53
22 3 28
22 4 24
22 5 14
22 6 27
22 7 43
22 8 50
22 9 51
22 10 26
22 11 38
22 12 44
22 13 34
22 14 8
22 15 32
22 16 29
22 17 21
22 18 11
22 19 1
22 20 8
22 21 50
22 22 -1
22 23 23
22 24 51
22 25 46
22 26 38
22 27 41
22 28 41
22 29 18
22 30 42
22 31 40
22 32 41
22 33 46
22 34 39
22 35 38
22 36 42
22 37 5
22 38 39
22 39 26
22 40 20
22 41 41
22 42 49
22 43 22
22 44 11
22 45 40
22 46 15
23 1 38
23 2 43
23 3 20
23 4 5
23 5 26
23 6 23
23 7 50
23 8 44
23 9 46
23 10 10
23 11 20
23 12 44
23 13 30
23 14 15
23 15 16
23 16 23
23 17 9
23 18 23
23 19 23
23 20 15
23 21 40
23 22 23
23 23 -1
23 24 42
23 25 40
23 26 29
23 27 43
23 28 38
23 29 5
23 30 24
23 31 25
23 32 34
23 33 43
23 34 40
23 35 43
23 36 28
23 37 18
23 38 17
23 39 22
23 40 33
23 41 39
23 42 34
23 43 16
23 44 24
23 45 41
23 46 27
24 1 26
24 2 2
24 3 23
24 4 37
24 5 39
24 6 24
24 7 32
24 8 5
24 9 8
24 10 32
24 11 25
24 12 18
24 13 17
24 14 46
24 15 26
24 16 22
24 17 34
24 18 41
24 19 50
24 20 44
24 21 4
24 22 51
24 23 42
24 24 -1
24 25 6
24 26 13
24 27 22
24 28 13
24 29 43
24 30 22
24 31 19
24 32 9
24 33 11
24 34 20
24 35 28
24 36 15
24 37 47
24 38 33
24 39 24
24 40 39
24 41 15
24 42 15
24 43 29
24 44 41
24 45 20
24 46 39
25 1 20
25 2 8
25 3 20
25 4 35
25 5 34
25 6 19
25 7 26
25 8 4
25 9 6
25 10 30
25 11 25
25 12 12
25 13 12
25 14 42
25 15 25
25 16 18
25 17 31
25 18 36
25 19 45
25 20 40
25 21 9
25 22 46
25 23 40
25 24 6
25 25 -1
25 26 11
25 27 16
25 28 7
25 29 41
25 30 24
25 31 19
25 32 6
25 33 5
25 34 14
25 35 22
25 36 16
25 37 43
25 38 34
25 39 20
25 40 34
25 41 9
25 42 18
25 43 25
25 44 36
25 45 14
25 46 33
26 1 20
26 2 15
26 3 10
26 4 24
26 5 28
26 6 11
26 7 30
26 8 15
26 9 17
26 10 19
26 11 15
26 12 19
26 13 7
26 14 33
26 15 14
26 16 9
26 17 21
26 18 28
26 19 37
26 20 31
26 21 12
26 22 38
26 23 29
26 24 13
26 25 11
26 26 -1
26 27 20
26 28 11
26 29 30
26 30 15
26 31 10
26 32 5
26 33 14
26 34 17
26 35 24
26 36 8
26 37 34
26 38 24
26 39 12
26 40 29
26 41 13
26 42 15
26 43 15
26 44 29
26 45 17
26 46 27
27 1 8
27 2 24
27 3 24
27 4 39
27 5 27
27 6 19
27 7 10
27 8 17
27 9 15
27 10 34
27 11 36
27 12 4
27 13 15
27 14 40
27 15 33
27 16 21
27 17 34
27 18 30
27 19 40
27 20 38
27 21 25
27 22 41
27 23 43
27 24 22
27 25 16
27 26 20
27 27 -1
27 28 9
27 29 42
27 30 36
27 31 31
27 32 17
27 33 11
27 34 3
27 35 6
27 36 28
27 37 39
27 38 44
27 39 20
27 40 23
27 41 7
27 42 33
27 43 26
27 44 30
27 45 2
27 46 26
28 1 13
28 2 15
28 3 18
28 4 33
28 5 28
28 6 15
28 7 20
28 8 10
28 9 10
28 10 28
28 11 27
28 12 7
28 13 8
28 14 37
28 15 25
28 16 15
28 17 29
28 18 30
28 19 40
28 20 36
28 21 16
28 22 41
28 23 38
28 24 13
28 25 7
28 26 11
28 27 9
28 28 -1
28 29 38
28 30 26
28 31 21
28 32 8
28 33 5
28 34 7
28 35 15
28 36 19
28 37 38
28 38 35
28 39 16
28 40 27
28 41 2
28 42 23
28 43 22
28 44 30
28 45 7
28 46 27
29 1 36
29 2 45
29 3 20
29 4 7
29 5 22
29 6 23
29 7 48
29 8 45
29 9 46
29 10 12
29 11 24
29 12 44
29 13 30
29 14 10
29 15 19
29 16 23
29 17 9
29 18 19
29 19 18
29 20 10
29 21 42
29 22 18
29 23 5
29 24 43
29 25 41
29 26 30
29 27 42
29 28 38
29 29 -1
29 30 28
29 31 27
29 32 35
29 33 43
29 34 39
29 35 42
29 36 31
29 37 13
29 38 22
29 39 22
29 40 29
29 41 39
29 42 37
29 43 16
29 44 20
29 45 40
29 46 23
30 1 35
30 2 23
30 3 17
30 4 20
30 5 37
30 6 22
30 7 46
30 8 27
30 9 29
30 10 16
30 11 4
30 12 34
30 13 21
30 14 35
30 15 9
30 16 19
30 17 21
30 18 36
30 19 42
30 20 34
30 21 19
30 22 42
30 23 24
30 24 22
30 25 24
30 26 15
30 27 36
30 28 26
30 29 28
30 30 -1
30 31 5
30 32 19
30 33 29
30 34 32
30 35 39
30 36 8
30 37 37
30 38 11
30 39 22
30 40 41
30 41 29
30 42 10
30 43 21
30 44 37
30 45 33
30 46 37
31 1 30
31 2 20
31 3 13
31 4 20
31 5 33
31 6 18
31 7 41
31 8 23
31 9 25
31 10 15
31 11 6
31 12 29
31 13 17
31 14 33
31 15 8
31 16 15
31 17 19
31 18 33
31 19 39
31 20 32
31 21 16
31 22 40
31 23 25
31 24 19
31 25 19
31 26 10
31 27 31
31 28 21
31 29 27
31 30 5
31 31 -1
31 32 14
31 33 24
31 34 27
31 35 34
31 36 4
31 37 35
31 38 14
31 39 18
31 40 37
31 41 24
31 42 9
31 43 18
31 44 34
31 45 28
31 46 33
32 1 20
32 2 11
32 3 14
32 4 29
32 5 30
32 6 14
32 7 28
32 8 10
32 9 12
32 10 24
32 11 20
32 12 15
32 13 8
32 14 37
32 15 19
32 16 13
32 17 25
32 18 31
32 19 41
32 20 35
32 21 9
32 22 41
32 23 34
32 24 9
32 25 6
32 26 5
32 27 17
32 28 8
32 29 35
32 30 19
32 31 14
32 32 -1
32 33 10
32 34 14
32 35 22
32 36 11
32 37 38
32 38 28
32 39 15
32 40 31
32 41 10
32 42 15
32 43 20
32 44 32
32 45 15
32 46 30
33 1 17
33 2 13
33 3 23
33 4 38
33 5 33
33 6 20
33 7 21
33 8 6
33 9 5
33 10 33
33 11 30
33 12 7
33 13 13
33 14 43
33 15 29
33 16 20
33 17 34
33 18 35
33 19 45
33 20 41
33 21 14
33 22 46
33 23 43
33 24 11
33 25 5
33 26 14
33 27 11
33 28 5
33 29 43
33 30 29
33 31 24
33 32 10
33 33 -1
33 34 9
33 35 17
33 36 21
33 37 43
33 38 38
33 39 21
33 40 31
33 41 5
33 42 24
33 43 27
33 44 36
33 45 9
33 46 32
34 1 7
34 2 22
34 3 21
34 4 35
34 5 25
34 6 16
34 7 13
34 8 15
34 9 14
34 10 31
34 11 32
34 12 5
34 13 11
34 14 37
34 15 29
34 16 17
34 17 30
34 18 27
34 19 38
34 20 35
34 21 23
34 22 39
34 23 40
34 24 20
34 25 14
34 26 17
34 27 3
34 28 7
34 29 39
34 30 32
34 31 27
34 32 14
34 33 9
34 34 -1
34 35 8
34 36 25
34 37 36
34 38 40
34 39 17
34 40 22
34 41 5
34 42 30
34 43 23
34 44 28
34 45 1
34 46 24
35 1 5
35 2 30
35 3 26
35 4 39
35 5 24
35 6 20
35 7 6
35 8 23
35 9 21
35 10 36
35 11 39
35 12 10
35 13 18
35 14 38
35 15 35
35 16 22
35 17 34
35 18 27
35 19 37
35 20 36
35 21 31
35 22 38
35 23 43
35 24 28
35 25 22
35 26 24
35 27 6
35 28 15
35 29 42
35 30 39
35 31 34
35 32 22
35 33 17
35 34 8
35 35 -1
35 36 33
35 37 37
35 38 46
35 39 21
35 40 19
35 41 13
35 42 38
35 43 27
35 44 27
35 45 8
35 46 23
36 1 29
36 2 16
36 3 14
36 4 23
36 5 34
36 6 18
36 7 38
36 8 19
36 9 21
36 10 18
36 11 10
36 12 26
36 13 15
36 14 36
36 15 12
36 16 15
36 17 22
36 18 34
36 19 41
36 20 34
36 21 12
36 22 42
36 23 28
36 24 15
36 25 16
36 26 8
36 27 28
36 28 19
36 29 31
36 30 8
36 31 4
36 32 11
36 33 21
36 34 25
36 35 33
36 36 -1
36 37 37
36 38 18
36 39 18
36 40 37
36 41 21
36 42 7
36 43 19
36 44 35
36 45 26
36 46 34
37 1 32
37 2 49
37 3 24
37 4 19
37 5 13
37 6 23
37 7 42
37 8 47
37 9 47
37 10 21
37 11 33
37 12 42
37 13 30
37 14 3
37 15 27
37 16 25
37 17 16
37 18 10
37 19 5
37 20 3
37 21 46
37 22 5
37 23 18
37 24 47
37 25 43
37 26 34
37 27 39
37 28 38
37 29 13
37 30 37
37 31 35
37 32 38
37 33 43
37 34 36
37 35 37
37 36 37
37 37 -1
37 38 34
37 39 22
37 40 20
37 41 38
37 42 45
37 43 18
37 44 10
37 45 37
37 46 14
38 1 41
38 2 34
38 3 20
38 4 15
38 5 37
38 6 26
38 7 53
38 8 37
38 9 40
38 10 14
38 11 8
38 12 43
38 13 29
38 14 31
38 15 11
38 16 24
38 17 19
38 18 36
38 19 39
38 20 31
38 21 30
38 22 39
38 23 17
38 24 33
38 25 34
38 26 24
38 27 44
38 28 35
38 29 22
38 30 11
38 31 14
38 32 28
38 33 38
38 34 40
38 35 46
38 36 18
38 37 34
38 38 -1
38 39 26
38 40 43
38 41 37
38 42 21
38 43 22
38 44 37
38 45 41
38 46 38
39 1 16
39 2 26
39 3 5
39 4 18
39 5 16
39 6 1
39 7 28
39 8 24
39 9 25
39 10 14
39 11 19
39 12 22
39 13 8
39 14 21
39 15 14
39 16 3
39 17 13
39 18 16
39 19 25
39 20 20
39 21 24
39 22 26
39 23 22
39 24 24
39 25 20
39 26 12
39 27 20
39 28 16
39 29 22
39 30 22
39 31 18
39 32 15
39 33 21
39 34 17
39 35 21
39 36 18
39 37 22
39 38 26
39 39 -1
39 40 19
39 41 17
39 42 25
39 43 6
39 44 17
39 45 18
39 46 15
40 1 15
40 2 42
40 3 24
40 4 31
40 5 7
40 6 19
40 7 23
40 8 37
40 9 36
40 10 29
40 11 38
40 12 27
40 13 23
40 14 22
40 15 32
40 16 22
40 17 25
40 18 10
40 19 19
40 20 20
40 21 41
40 22 20
40 23 33
40 24 39
40 25 34
40 26 29
40 27 23
40 28 27
40 29 29
40 30 41
40 31 37
40 32 31
40 33 31
40 34 22
40 35 19
40 36 37
40 37 20
40 38 43
40 39 19
40 40 -1
40 41 26
40 42 44
40 43 20
40 44 9
40 45 23
40 46 6
41 1 11
41 2 17
41 3 19
41 4 34
41 5 28
41 6 16
41 7 18
41 8 11
41 9 10
41 10 29
41 11 29
41 12 5
41 13 9
41 14 38
41 15 26
41 16 16
41 17 30
41 18 30
41 19 40
41 20 36
41 21 18
41 22 41
41 23 39
41 24 15
41 25 9
41 26 13
41 27 7
41 28 2
41 29 39
41 30 29
41 31 24
41 32 10
41 33 5
41 34 5
41 35 13
41 36 21
41 37 38
41 38 37
41 39 17
41 40 26
41 41 -1
41 42 26
41 43 23
41 44 30
41 45 5
41 46 27
42 1 35
42 2 14
42 3 21
42 4 30
42 5 42
42 6 25
42 7 44
42 8 20
42 9 23
42 10 25
42 11 14
42 12 30
42 13 22
42 14 43
42 15 18
42 16 22
42 17 29
42 18 42
42 19 49
42 20 42
42 21 10
42 22 49
42 23 34
42 24 15
42 25 18
42 26 15
42 27 33
42 28 23
42 29 37
42 30 10
42 31 9
42 32 15
42 33 24
42 34 30
42 35 38
42 36 7
42 37 45
42 38 21
42 39 25
42 40 44
42 41 26
42 42 -1
42 43 27
42 44 43
42 45 31
42 46 41
43 1 21
43 2 31
43 3 5
43 4 12
43 5 16
43 6 7
43 7 33
43 8 29
43 9 31
43 10 9
43 11 18
43 12 28
43 13 14
43 14 17
43 15 12
43 16 7
43 17 7
43 18 15
43 19 22
43 20 15
43 21 28
43 22 22
43 23 16
43 24 29
43 25 25
43 26 15
43 27 26
43 28 22
43 29 16
43 30 21
43 31 18
43 32 20
43 33 27
43 34 23
43 35 27
43 36 19
43 37 18
43 38 22
43 39 6
43 40 20
43 41 23
43 42 27
43 43 -1
43 44 16
43 45 24
43 46 16
44 1 22
44 2 43
44 3 21
44 4 23
44 5 3
44 6 18
44 7 32
44 8 40
44 9 40
44 10 23
44 11 34
44 12 33
44 13 24
44 14 12
44 15 28
44 16 20
44 17 18
44 18 1
44 19 10
44 20 10
44 21 42
44 22 11
44 23 24
44 24 41
44 25 36
44 26 29
44 27 30
44 28 30
44 29 20
44 30 37
44 31 34
44 32 32
44 33 36
44 34 28
44 35 27
44 36 35
44 37 10
44 38 37
44 39 17
44 40 9
44 41 30
44 42 43
44 43 16
44 44 -1
44 45 29
44 46 4
45 1 7
45 2 22
45 3 21
45 4 36
45 5 26
45 6 17
45 7 13
45 8 15
45 9 14
45 10 32
45 11 33
45 12 4
45 13 12
45 14 38
45 15 30
45 16 18
45 17 31
45 18 28
45 19 39
45 20 36
45 21 23
45 22 40
45 23 41
45 24 20
45 25 14
45 26 17
45 27 2
45 28 7
45 29 40
45 30 33
45 31 28
45 32 15
45 33 9
45 34 1
45 35 8
45 36 26
45 37 37
45 38 41
45 39 18
45 40 23
45 41 5
45 42 31
45 43 24
45 44 29
45 45 -1
45 46 25
46 1 18
46 2 41
46 3 20
46 4 25
46 5 1
46 6 16
46 7 28
46 8 37
46 9 37
46 10 24
46 11 34
46 12 29
46 13 22
46 14 16
46 15 28
46 16 18
46 17 19
46 18 4
46 19 14
46 20 14
46 21 39
46 22 15
46 23 27
46 24 39
46 25 33
46 26 27
46 27 26
46 28 27
46 29 23
46 30 37
46 31 33
46 32 30
46 33 32
46 34 24
46 35 23
46 36 34
46 37 14
46 38 38
46 39 15
46 40 6
46 41 27
46 42 41
46 43 16
46 44 4
46 45 25
46 46 -1
