25 32
25 33
25 2
25 8
25 9
25 24
25 28
40 5
40 46
29 4
29 23
42 36
13 32
13 6
13 39
13 16
13 26
13 28
5 40
5 18
5 44
5 46
43 3
43 6
43 39
43 16
43 17
11 38
11 31
11 30
11 15
3 16
3 43
3 6
3 39
44 18
44 5
44 46
27 1
27 34
27 35
27 41
27 12
27 45
39 3
39 6
39 43
39 13
39 16
23 4
23 29
17 10
17 43
17 4
12 33
12 34
12 41
12 45
12 27
12 28
9 8
9 24
9 25
9 33
35 1
35 34
35 7
35 45
35 27
7 35
19 20
19 37
19 14
19 22
31 11
31 36
31 30
31 15
14 19
14 20
14 37
14 22
33 8
33 9
33 41
33 12
33 25
33 28
45 1
45 34
45 35
45 41
45 12
45 27
45 28
