1 1 -1
1 2 11
1 3 16
1 4 4
1 5 14
1 6 10
1 7 13
1 8 23
1 9 16
1 10 14
1 11 14
1 12 17
1 13 20
1 14 15
1 15 5
1 16 23
1 17 21
1 18 24
1 19 22
1 20 16
1 21 6
1 22 18
1 23 12
1 24 13
1 25 24
1 26 5
1 27 21
1 28 14
2 1 11
2 2 -1
2 3 14
2 4 15
2 5 5
2 6 19
2 7 10
2 8 25
2 9 5
2 10 11
2 11 23
2 12 6
2 13 18
2 14 15
2 15 16
2 16 20
2 17 17
2 18 22
2 19 26
2 20 5
2 21 5
2 22 16
2 23 16
2 24 12
2 25 28
2 26 8
2 27 22
2 28 3
3 1 16
3 2 14
3 3 -1
3 4 19
3 5 10
3 6 16
3 7 4
3 8 12
3 9 14
3 10 3
3 11 18
3 12 13
3 13 4
3 14 3
3 15 19
3 16 6
3 17 5
3 18 8
3 19 15
3 20 16
3 21 11
3 22 2
3 23 9
3 24 2
3 25 17
3 26 11
3 27 8
3 28 13
4 1 4
4 2 15
4 3 19
4 4 -1
4 5 18
4 6 8
4 7 16
4 8 23
4 9 20
4 10 17
4 11 12
4 12 21
4 13 23
4 14 17
4 15 1
4 16 25
4 17 24
4 18 27
4 19 22
4 20 20
4 21 10
4 22 20
4 23 13
4 24 16
4 25 24
4 26 8
4 27 23
4 28 18
5 1 14
5 2 5
5 3 10
5 4 18
5 5 -1
5 6 20
5 7 7
5 8 23
5 9 3
5 10 8
5 11 23
5 12 3
5 13 14
5 14 13
5 15 19
5 16 16
5 17 13
5 18 18
5 19 24
5 20 5
5 21 8
5 22 12
5 23 15
5 24 10
5 25 27
5 26 10
5 27 19
5 28 3
6 1 10
6 2 19
6 3 16
6 4 8
6 5 20
6 6 -1
6 7 16
6 8 17
6 9 23
6 10 16
6 11 4
6 12 23
6 13 20
6 14 14
6 15 8
6 16 21
6 17 22
6 18 23
6 19 14
6 20 24
6 21 13
6 22 17
6 23 8
6 24 14
6 25 16
6 26 11
6 27 17
6 28 21
7 1 13
7 2 10
7 3 4
7 4 16
7 5 7
7 6 16
7 7 -1
7 8 16
7 9 10
7 10 1
7 11 18
7 12 9
7 13 8
7 14 5
7 15 17
7 16 10
7 17 8
7 18 12
7 19 17
7 20 12
7 21 8
7 22 6
7 23 9
7 24 2
7 25 19
7 26 8
7 27 12
7 28 9
8 1 23
8 2 25
8 3 12
8 4 23
8 5 23
8 6 17
8 7 16
8 8 -1
8 9 26
8 10 15
8 11 14
8 12 25
8 13 11
8 14 10
8 15 24
8 16 11
8 17 14
8 18 11
8 19 4
8 20 28
8 21 21
8 22 11
8 23 11
8 24 13
8 25 5
8 26 20
8 27 4
8 28 25
9 1 16
9 2 5
9 3 14
9 4 20
9 5 3
9 6 23
9 7 10
9 8 26
9 9 -1
9 10 11
9 11 26
9 12 2
9 13 17
9 14 16
9 15 21
9 16 19
9 17 16
9 18 21
9 19 28
9 20 2
9 21 10
9 22 16
9 23 19
9 24 13
9 25 30
9 26 12
9 27 23
9 28 2
10 1 14
10 2 11
10 3 3
10 4 17
10 5 8
10 6 16
10 7 1
10 8 15
10 9 11
10 10 -1
10 11 18
10 12 10
10 13 7
10 14 5
10 15 18
10 16 9
10 17 7
10 18 11
10 19 16
10 20 13
10 21 8
10 22 5
10 23 9
10 24 2
10 25 19
10 26 9
10 27 11
10 28 10
11 1 14
11 2 23
11 3 18
11 4 12
11 5 23
11 6 4
11 7 18
11 8 14
11 9 26
11 10 18
11 11 -1
11 12 26
11 13 20
11 14 15
11 15 12
11 16 22
11 17 23
11 18 22
11 19 11
11 20 27
11 21 17
11 22 18
11 23 9
11 24 16
11 25 13
11 26 15
11 27 16
11 28 25
12 1 17
12 2 6
12 3 13
12 4 21
12 5 3
12 6 23
12 7 9
12 8 25
12 9 2
12 10 10
12 11 26
12 12 -1
12 13 15
12 14 15
12 15 22
12 16 17
12 17 14
12 18 19
12 19 27
12 20 4
12 21 11
12 22 14
12 23 18
12 24 12
12 25 29
12 26 13
12 27 21
12 28 3
13 1 20
13 2 18
13 3 4
13 4 23
13 5 14
13 6 20
13 7 8
13 8 11
13 9 17
13 10 7
13 11 20
13 12 15
13 13 -1
13 14 5
13 15 24
13 16 2
13 17 3
13 18 4
13 19 14
13 20 19
13 21 16
13 22 2
13 23 12
13 24 7
13 25 16
13 26 16
13 27 7
13 28 17
14 1 15
14 2 15
14 3 3
14 4 17
14 5 13
14 6 14
14 7 5
14 8 10
14 9 16
14 10 5
14 11 15
14 12 15
14 13 5
14 14 -1
14 15 18
14 16 7
14 17 8
14 18 9
14 19 12
14 20 18
14 21 12
14 22 3
14 23 6
14 24 3
14 25 14
14 26 11
14 27 7
14 28 15
15 1 5
15 2 16
15 3 19
15 4 1
15 5 19
15 6 8
15 7 17
15 8 24
15 9 21
15 10 18
15 11 12
15 12 22
15 13 24
15 14 18
15 15 -1
15 16 26
15 17 25
15 18 27
15 19 22
15 20 21
15 21 11
15 22 21
15 23 13
15 24 17
15 25 24
15 26 9
15 27 23
15 28 19
16 1 23
16 2 20
16 3 6
16 4 25
16 5 16
16 6 21
16 7 10
16 8 11
16 9 19
16 10 9
16 11 22
16 12 17
16 13 2
16 14 7
16 15 26
16 16 -1
16 17 3
16 18 2
16 19 15
16 20 21
16 21 18
16 22 5
16 23 13
16 24 9
16 25 16
16 26 18
16 27 7
16 28 19
17 1 21
17 2 17
17 3 5
17 4 24
17 5 13
17 6 22
17 7 8
17 8 14
17 9 16
17 10 7
17 11 23
17 12 14
17 13 3
17 14 8
17 15 25
17 16 3
17 17 -1
17 18 5
17 19 18
17 20 18
17 21 16
17 22 5
17 23 14
17 24 8
17 25 19
17 26 17
17 27 10
17 28 16
18 1 24
18 2 22
18 3 8
18 4 27
18 5 18
18 6 23
18 7 12
18 8 11
18 9 21
18 10 11
18 11 22
18 12 19
18 13 4
18 14 9
18 15 27
18 16 2
18 17 5
18 18 -1
18 19 15
18 20 23
18 21 20
18 22 6
18 23 15
18 24 11
18 25 16
18 26 20
18 27 7
18 28 21
19 1 22
19 2 26
19 3 15
19 4 22
19 5 24
19 6 14
19 7 17
19 8 4
19 9 28
19 10 16
19 11 11
19 12 27
19 13 14
19 14 12
19 15 22
19 16 15
19 17 18
19 18 15
19 19 -1
19 20 30
19 21 21
19 22 13
19 23 10
19 24 14
19 25 2
19 26 19
19 27 8
19 28 27
20 1 16
20 2 5
20 3 16
20 4 20
20 5 5
20 6 24
20 7 12
20 8 28
20 9 2
20 10 13
20 11 27
20 12 4
20 13 19
20 14 18
20 15 21
20 16 21
20 17 18
20 18 23
20 19 30
20 20 -1
20 21 10
20 22 18
20 23 20
20 24 15
20 25 32
20 26 13
20 27 25
20 28 2
21 1 6
21 2 5
21 3 11
21 4 10
21 5 8
21 6 13
21 7 8
21 8 21
21 9 10
21 10 8
21 11 17
21 12 11
21 13 16
21 14 12
21 15 11
21 16 18
21 17 16
21 18 20
21 19 21
21 20 10
21 21 -1
21 22 13
21 23 11
21 24 9
21 25 23
21 26 2
21 27 19
21 28 8
22 1 18
22 2 16
22 3 2
22 4 20
22 5 12
22 6 17
22 7 6
22 8 11
22 9 16
22 10 5
22 11 18
22 12 14
22 13 2
22 14 3
22 15 21
22 16 5
22 17 5
22 18 6
22 19 13
22 20 18
22 21 13
22 22 -1
22 23 9
22 24 4
22 25 15
22 26 13
22 27 7
22 28 15
23 1 12
23 2 16
23 3 9
23 4 13
23 5 15
23 6 8
23 7 9
23 8 11
23 9 19
23 10 9
23 11 9
23 12 18
23 13 12
23 14 6
23 15 13
23 16 13
23 17 14
23 18 15
23 19 10
23 20 20
23 21 11
23 22 9
23 23 -1
23 24 7
23 25 12
23 26 9
23 27 10
23 28 17
24 1 13
24 2 12
24 3 2
24 4 16
24 5 10
24 6 14
24 7 2
24 8 13
24 9 13
24 10 2
24 11 16
24 12 12
24 13 7
24 14 3
24 15 17
24 16 9
24 17 8
24 18 11
24 19 14
24 20 15
24 21 9
24 22 4
24 23 7
24 24 -1
24 25 17
24 26 8
24 27 10
24 28 12
25 1 24
25 2 28
25 3 17
25 4 24
25 5 27
25 6 16
25 7 19
25 8 5
25 9 30
25 10 19
25 11 13
25 12 29
25 13 16
25 14 14
25 15 24
25 16 16
25 17 19
25 18 16
25 19 2
25 20 32
25 21 23
25 22 15
25 23 12
25 24 17
25 25 -1
25 26 22
25 27 9
25 28 29
26 1 5
26 2 8
26 3 11
26 4 8
26 5 10
26 6 11
26 7 8
26 8 20
26 9 12
26 10 9
26 11 15
26 12 13
26 13 16
26 14 11
26 15 9
26 16 18
26 17 17
26 18 20
26 19 19
26 20 13
26 21 2
26 22 13
26 23 9
26 24 8
26 25 22
26 26 -1
26 27 18
26 28 10
27 1 21
27 2 22
27 3 8
27 4 23
27 5 19
27 6 17
27 7 12
27 8 4
27 9 23
27 10 11
27 11 16
27 12 21
27 13 7
27 14 7
27 15 23
27 16 7
27 17 10
27 18 7
27 19 8
27 20 25
27 21 19
27 22 7
27 23 10
27 24 10
27 25 9
27 26 18
27 27 -1
27 28 22
28 1 14
28 2 3
28 3 13
28 4 18
28 5 3
28 6 21
28 7 9
28 8 25
28 9 2
28 10 10
28 11 25
28 12 3
28 13 17
28 14 15
28 15 19
28 16 19
28 17 16
28 18 21
28 19 27
28 20 2
28 21 8
28 22 15
28 23 17
28 24 12
28 25 29
28 26 10
28 27 22
28 28 -1
