1 1 -1
1 2 13
1 3 13
1 4 8
1 5 2
1 6 9
1 7 8
1 8 10
1 9 12
1 10 9
1 11 8
1 12 10
1 13 14
1 14 8
1 15 9
2 1 13
2 2 -1
2 3 13
2 4 17
2 5 11
2 6 17
2 7 4
2 8 15
2 9 9
2 10 14
2 11 5
2 12 11
2 13 8
2 14 8
2 15 3
3 1 13
3 2 13
3 3 -1
3 4 10
3 5 12
3 6 9
3 7 11
3 8 5
3 9 4
3 10 6
3 11 9
3 12 3
3 13 5
3 14 5
3 15 11
4 1 8
4 2 17
4 3 10
4 4 -1
4 5 8
4 6 1
4 7 13
4 8 5
4 9 11
4 10 4
4 11 11
4 12 7
4 13 13
4 14 8
4 15 13
5 1 2
5 2 11
5 3 12
5 4 8
5 5 -1
5 6 9
5 7 6
5 8 9
5 9 10
5 10 8
5 11 6
5 12 8
5 13 12
5 14 6
5 15 7
6 1 9
6 2 17
6 3 9
6 4 1
6 5 9
6 6 -1
6 7 13
6 8 4
6 9 11
6 10 3
6 11 11
6 12 6
6 13 13
6 14 8
6 15 13
7 1 8
7 2 4
7 3 11
7 4 13
7 5 6
7 6 13
7 7 -1
7 8 12
7 9 8
7 10 11
7 11 2
7 12 9
7 13 8
7 14 6
7 15 1
8 1 10
8 2 15
8 3 5
8 4 5
8 5 9
8 6 4
8 7 12
8 8 -1
8 9 7
8 10 1
8 11 10
8 12 3
8 13 10
8 14 6
8 15 12
9 1 12
9 2 9
9 3 4
9 4 11
9 5 10
9 6 11
9 7 8
9 8 7
9 9 -1
9 10 8
9 11 6
9 12 4
9 13 2
9 14 4
9 15 7
10 1 9
10 2 14
10 3 6
10 4 4
10 5 8
10 6 3
10 7 11
10 8 1
10 9 8
10 10 -1
10 11 9
10 12 3
10 13 10
10 14 5
10 15 11
11 1 8
11 2 5
11 3 9
11 4 11
11 5 6
11 6 11
11 7 2
11 8 10
11 9 6
11 10 9
11 11 -1
11 12 7
11 13 7
11 14 4
11 15 2
12 1 10
12 2 11
12 3 3
12 4 7
12 5 8
12 6 6
12 7 9
12 8 3
12 9 4
12 10 3
12 11 7
12 12 -1
12 13 6
12 14 3
12 15 9
13 1 14
13 2 8
13 3 5
13 4 13
13 5 12
13 6 13
13 7 8
13 8 10
13 9 2
13 10 10
13 11 7
13 12 6
13 13 -1
13 14 6
13 15 7
14 1 8
14 2 8
14 3 5
14 4 8
14 5 6
14 6 8
14 7 6
14 8 6
14 9 4
14 10 5
14 11 4
14 12 3
14 13 6
14 14 -1
14 15 6
15 1 9
15 2 3
15 3 11
15 4 13
15 5 7
15 6 13
15 7 1
15 8 12
15 9 7
15 10 11
15 11 2
15 12 9
15 13 7
15 14 6
15 15 -1
