1 1 -1
1 2 23
1 3 10
1 4 21
1 5 6
1 6 13
1 7 29
1 8 11
1 9 18
1 10 11
1 11 8
1 12 27
1 13 16
1 14 23
1 15 12
1 16 19
1 17 10
1 18 16
1 19 20
1 20 15
1 21 17
1 22 5
1 23 22
1 24 24
1 25 11
1 26 12
1 27 22
1 28 15
1 29 25
1 30 3
1 31 8
1 32 19
1 33 7
1 34 13
2 1 23
2 2 -1
2 3 18
2 4 5
2 5 28
2 6 19
2 7 31
2 8 28
2 9 24
2 10 14
2 11 32
2 12 22
2 13 12
2 14 32
2 15 23
2 16 34
2 17 20
2 18 13
2 19 36
2 20 8
2 21 7
2 22 27
2 23 9
2 24 4
2 25 29
2 26 12
2 27 17
2 28 26
2 29 12
2 30 21
2 31 17
2 32 6
2 33 29
2 34 16
3 1 10
3 2 18
3 3 -1
3 4 14
3 5 16
3 6 2
3 7 20
3 8 9
3 9 8
3 10 4
3 11 17
3 12 16
3 13 18
3 14 16
3 15 5
3 16 16
3 17 2
3 18 6
3 19 17
3 20 10
3 21 14
3 22 16
3 23 13
3 24 17
3 25 11
3 26 12
3 27 12
3 28 9
3 29 15
3 30 8
3 31 13
3 32 12
3 33 12
3 34 16
4 1 21
4 2 5
4 3 14
4 4 -1
4 5 27
4 6 15
4 7 26
4 8 24
4 9 19
4 10 11
4 11 30
4 12 17
4 13 14
4 14 27
4 15 19
4 16 30
4 17 16
4 18 9
4 19 32
4 20 7
4 21 8
4 22 26
4 23 4
4 24 2
4 25 26
4 26 12
4 27 12
4 28 22
4 29 8
4 30 18
4 31 17
4 32 2
4 33 26
4 34 17
5 1 6
5 2 28
5 3 16
5 4 27
5 5 -1
5 6 19
5 7 35
5 8 15
5 9 23
5 10 17
5 11 6
5 12 33
5 13 19
5 14 28
5 15 18
5 16 22
5 17 16
5 18 22
5 19 22
5 20 20
5 21 21
5 22 2
5 23 28
5 24 29
5 25 13
5 26 16
5 27 28
5 28 20
5 29 31
5 30 9
5 31 12
5 32 25
5 33 8
5 34 15
6 1 13
6 2 19
6 3 2
6 4 15
6 5 19
6 6 -1
6 7 17
6 8 10
6 9 6
6 10 6
6 11 19
6 12 13
6 13 20
6 14 14
6 15 4
6 16 15
6 17 3
6 18 5
6 19 17
6 20 12
6 21 16
6 22 19
6 23 12
6 24 17
6 25 12
6 26 14
6 27 10
6 28 7
6 29 13
6 30 10
6 31 16
6 32 13
6 33 14
6 34 19
7 1 29
7 2 31
7 3 20
7 4 26
7 5 35
7 6 17
7 7 -1
7 8 21
7 9 11
7 10 22
7 11 32
7 12 9
7 13 36
7 14 9
7 15 17
7 16 18
7 17 19
7 18 18
7 19 20
7 20 27
7 21 31
7 22 35
7 23 22
7 24 27
7 25 22
7 26 30
7 27 14
7 28 14
7 29 19
7 30 27
7 31 33
7 32 25
7 33 27
7 34 36
8 1 11
8 2 28
8 3 9
8 4 24
8 5 15
8 6 10
8 7 21
8 8 -1
8 9 11
8 10 13
8 11 11
8 12 22
8 13 25
8 14 13
8 15 6
8 16 8
8 17 7
8 18 15
8 19 9
8 20 20
8 21 23
8 22 16
8 23 23
8 24 26
8 25 2
8 26 19
8 27 19
8 28 6
8 29 24
8 30 11
8 31 19
8 32 22
8 33 6
8 34 23
9 1 18
9 2 24
9 3 8
9 4 19
9 5 23
9 6 6
9 7 11
9 8 11
9 9 -1
9 10 12
9 11 22
9 12 11
9 13 26
9 14 8
9 15 5
9 16 12
9 17 7
9 18 10
9 19 14
9 20 18
9 21 22
9 22 24
9 23 16
9 24 21
9 25 13
9 26 20
9 27 10
9 28 5
9 29 15
9 30 16
9 31 22
9 32 17
9 33 16
9 34 25
10 1 11
10 2 14
10 3 4
10 4 11
10 5 17
10 6 6
10 7 22
10 8 13
10 9 12
10 10 -1
10 11 18
10 12 17
10 13 14
10 14 20
10 15 9
10 16 20
10 17 6
10 18 5
10 19 21
10 20 6
10 21 10
10 22 16
10 23 11
10 24 13
10 25 14
10 26 8
10 27 12
10 28 13
10 29 14
10 30 8
10 31 10
10 32 9
10 33 14
10 34 13
11 1 8
11 2 32
11 3 17
11 4 30
11 5 6
11 6 19
11 7 32
11 8 11
11 9 22
11 10 18
11 11 -1
11 12 32
11 13 24
11 14 25
11 15 16
11 16 17
11 17 16
11 18 23
11 19 17
11 20 23
11 21 25
11 22 8
11 23 29
11 24 32
11 25 10
11 26 20
11 27 29
11 28 17
11 29 32
11 30 11
11 31 17
11 32 27
11 33 5
11 34 20
12 1 27
12 2 22
12 3 16
12 4 17
12 5 33
12 6 13
12 7 9
12 8 22
12 9 11
12 10 17
12 11 32
12 12 -1
12 13 29
12 14 15
12 15 16
12 16 22
12 17 16
12 18 12
12 19 24
12 20 20
12 21 23
12 22 33
12 23 13
12 24 18
12 25 24
12 26 24
12 27 5
12 28 16
12 29 10
12 30 24
12 31 28
12 32 17
12 33 27
12 34 30
13 1 16
13 2 12
13 3 18
13 4 14
13 5 19
13 6 20
13 7 36
13 8 25
13 9 26
13 10 14
13 11 24
13 12 29
13 13 -1
13 14 34
13 15 23
13 16 33
13 17 20
13 18 17
13 19 34
13 20 9
13 21 6
13 22 17
13 23 17
13 24 15
13 25 26
13 26 6
13 27 23
13 28 27
13 29 21
13 30 15
13 31 7
13 32 13
13 33 23
13 34 4
14 1 23
14 2 32
14 3 16
14 4 27
14 5 28
14 6 14
14 7 9
14 8 13
14 9 8
14 10 20
14 11 25
14 12 15
14 13 34
14 14 -1
14 15 11
14 16 9
14 17 14
14 18 18
14 19 11
14 20 26
14 21 30
14 22 29
14 23 23
14 24 28
14 25 15
14 26 28
14 27 16
14 28 8
14 29 22
14 30 22
14 31 29
14 32 25
14 33 19
14 34 32
15 1 12
15 2 23
15 3 5
15 4 19
15 5 18
15 6 4
15 7 17
15 8 6
15 9 5
15 10 9
15 11 16
15 12 16
15 13 23
15 14 11
15 15 -1
15 16 11
15 17 3
15 18 9
15 19 13
15 20 15
15 21 19
15 22 18
15 23 17
15 24 21
15 25 8
15 26 17
15 27 13
15 28 4
15 29 17
15 30 10
15 31 17
15 32 17
15 33 11
15 34 21
16 1 19
16 2 34
16 3 16
16 4 30
16 5 22
16 6 15
16 7 18
16 8 8
16 9 12
16 10 20
16 11 17
16 12 22
16 13 33
16 14 9
16 15 11
16 16 -1
16 17 13
16 18 20
16 19 2
16 20 26
16 21 30
16 22 23
16 23 27
16 24 32
16 25 8
16 26 27
16 27 22
16 28 7
16 29 27
16 30 19
16 31 27
16 32 28
16 33 13
16 34 31
17 1 10
17 2 20
17 3 2
17 4 16
17 5 16
17 6 3
17 7 19
17 8 7
17 9 7
17 10 6
17 11 16
17 12 16
17 13 20
17 14 14
17 15 3
17 16 13
17 17 -1
17 18 8
17 19 15
17 20 13
17 21 16
17 22 16
17 23 15
17 24 19
17 25 9
17 26 14
17 27 13
17 28 7
17 29 16
17 30 8
17 31 14
17 32 14
17 33 11
17 34 18
18 1 16
18 2 13
18 3 6
18 4 9
18 5 22
18 6 5
18 7 18
18 8 15
18 9 10
18 10 5
18 11 23
18 12 12
18 13 17
18 14 18
18 15 9
18 16 20
18 17 8
18 18 -1
18 19 22
18 20 8
18 21 12
18 22 21
18 23 7
18 24 11
18 25 17
18 26 12
18 27 7
18 28 13
18 29 9
18 30 13
18 31 15
18 32 7
18 33 18
18 34 17
19 1 20
19 2 36
19 3 17
19 4 32
19 5 22
19 6 17
19 7 20
19 8 9
19 9 14
19 10 21
19 11 17
19 12 24
19 13 34
19 14 11
19 15 13
19 16 2
19 17 15
19 18 22
19 19 -1
19 20 28
19 21 32
19 22 24
19 23 29
19 24 34
19 25 9
19 26 28
19 27 24
19 28 9
19 29 29
19 30 20
19 31 28
19 32 30
19 33 13
19 34 32
20 1 15
20 2 8
20 3 10
20 4 7
20 5 20
20 6 12
20 7 27
20 8 20
20 9 18
20 10 6
20 11 23
20 12 20
20 13 9
20 14 26
20 15 15
20 16 26
20 17 13
20 18 8
20 19 28
20 20 -1
20 21 4
20 22 19
20 23 8
20 24 9
20 25 21
20 26 5
20 27 14
20 28 19
20 29 13
20 30 12
20 31 10
20 32 5
20 33 20
20 34 10
21 1 17
21 2 7
21 3 14
21 4 8
21 5 21
21 6 16
21 7 31
21 8 23
21 9 22
21 10 10
21 11 25
21 12 23
21 13 6
21 14 30
21 15 19
21 16 30
21 17 16
21 18 12
21 19 32
21 20 4
21 21 -1
21 22 20
21 23 11
21 24 9
21 25 24
21 26 5
21 27 17
21 28 23
21 29 15
21 30 14
21 31 10
21 32 7
21 33 23
21 34 9
22 1 5
22 2 27
22 3 16
22 4 26
22 5 2
22 6 19
22 7 35
22 8 16
22 9 24
22 10 16
22 11 8
22 12 33
22 13 17
22 14 29
22 15 18
22 16 23
22 17 16
22 18 21
22 19 24
22 20 19
22 21 20
22 22 -1
22 23 27
22 24 28
22 25 15
22 26 14
22 27 28
22 28 21
22 29 30
22 30 8
22 31 10
22 32 24
22 33 10
22 34 13
23 1 22
23 2 9
23 3 13
23 4 4
23 5 28
23 6 12
23 7 22
23 8 23
23 9 16
23 10 11
23 11 29
23 12 13
23 13 17
23 14 23
23 15 17
23 16 27
23 17 15
23 18 7
23 19 29
23 20 8
23 21 11
23 22 27
23 23 -1
23 24 5
23 25 24
23 26 14
23 27 8
23 28 19
23 29 4
23 30 19
23 31 18
23 32 4
23 33 25
23 34 19
24 1 24
24 2 4
24 3 17
24 4 2
24 5 29
24 6 17
24 7 27
24 8 26
24 9 21
24 10 13
24 11 32
24 12 18
24 13 15
24 14 28
24 15 21
24 16 32
24 17 19
24 18 11
24 19 34
24 20 9
24 21 9
24 22 28
24 23 5
24 24 -1
24 25 28
24 26 14
24 27 13
24 28 24
24 29 8
24 30 21
24 31 19
24 32 4
24 33 28
24 34 18
25 1 11
25 2 29
25 3 11
25 4 26
25 5 13
25 6 12
25 7 22
25 8 2
25 9 13
25 10 14
25 11 10
25 12 24
25 13 26
25 14 15
25 15 8
25 16 8
25 17 9
25 18 17
25 19 9
25 20 21
25 21 24
25 22 15
25 23 24
25 24 28
25 25 -1
25 26 20
25 27 21
25 28 8
25 29 26
25 30 11
25 31 19
25 32 24
25 33 5
25 34 23
26 1 12
26 2 12
26 3 12
26 4 12
26 5 16
26 6 14
26 7 30
26 8 19
26 9 20
26 10 8
26 11 20
26 12 24
26 13 6
26 14 28
26 15 17
26 16 27
26 17 14
26 18 12
26 19 28
26 20 5
26 21 5
26 22 14
26 23 14
26 24 14
26 25 20
26 26 -1
26 27 19
26 28 21
26 29 18
26 30 10
26 31 5
26 32 10
26 33 18
26 34 5
27 1 22
27 2 17
27 3 12
27 4 12
27 5 28
27 6 10
27 7 14
27 8 19
27 9 10
27 10 12
27 11 29
27 12 5
27 13 23
27 14 16
27 15 13
27 16 22
27 17 13
27 18 7
27 19 24
27 20 14
27 21 17
27 22 28
27 23 8
27 24 13
27 25 21
27 26 19
27 27 -1
27 28 14
27 29 5
27 30 19
27 31 22
27 32 11
27 33 24
27 34 24
28 1 15
28 2 26
28 3 9
28 4 22
28 5 20
28 6 7
28 7 14
28 8 6
28 9 5
28 10 13
28 11 17
28 12 16
28 13 27
28 14 8
28 15 4
28 16 7
28 17 7
28 18 13
28 19 9
28 20 19
28 21 23
28 22 21
28 23 19
28 24 24
28 25 8
28 26 21
28 27 14
28 28 -1
28 29 20
28 30 14
28 31 21
28 32 20
28 33 12
28 34 25
29 1 25
29 2 12
29 3 15
29 4 8
29 5 31
29 6 13
29 7 19
29 8 24
29 9 15
29 10 14
29 11 32
29 12 10
29 13 21
29 14 22
29 15 17
29 16 27
29 17 16
29 18 9
29 19 29
29 20 13
29 21 15
29 22 30
29 23 4
29 24 8
29 25 26
29 26 18
29 27 5
29 28 20
29 29 -1
29 30 22
29 31 22
29 32 8
29 33 27
29 34 23
30 1 3
30 2 21
30 3 8
30 4 18
30 5 9
30 6 10
30 7 27
30 8 11
30 9 16
30 10 8
30 11 11
30 12 24
30 13 15
30 14 22
30 15 10
30 16 19
30 17 8
30 18 13
30 19 20
30 20 12
30 21 14
30 22 8
30 23 19
30 24 21
30 25 11
30 26 10
30 27 19
30 28 14
30 29 22
30 30 -1
30 31 8
30 32 16
30 33 8
30 34 12
31 1 8
31 2 17
31 3 13
31 4 17
31 5 12
31 6 16
31 7 33
31 8 19
31 9 22
31 10 10
31 11 17
31 12 28
31 13 7
31 14 29
31 15 17
31 16 27
31 17 14
31 18 15
31 19 28
31 20 10
31 21 10
31 22 10
31 23 18
31 24 19
31 25 19
31 26 5
31 27 22
31 28 21
31 29 22
31 30 8
31 31 -1
31 32 15
31 33 16
31 34 4
32 1 19
32 2 6
32 3 12
32 4 2
32 5 25
32 6 13
32 7 25
32 8 22
32 9 17
32 10 9
32 11 27
32 12 17
32 13 13
32 14 25
32 15 17
32 16 28
32 17 14
32 18 7
32 19 30
32 20 5
32 21 7
32 22 24
32 23 4
32 24 4
32 25 24
32 26 10
32 27 11
32 28 20
32 29 8
32 30 16
32 31 15
32 32 -1
32 33 24
32 34 15
33 1 7
33 2 29
33 3 12
33 4 26
33 5 8
33 6 14
33 7 27
33 8 6
33 9 16
33 10 14
33 11 5
33 12 27
33 13 23
33 14 19
33 15 11
33 16 13
33 17 11
33 18 18
33 19 13
33 20 20
33 21 23
33 22 10
33 23 25
33 24 28
33 25 5
33 26 18
33 27 24
33 28 12
33 29 27
33 30 8
33 31 16
33 32 24
33 33 -1
33 34 20
34 1 13
34 2 16
34 3 16
34 4 17
34 5 15
34 6 19
34 7 36
34 8 23
34 9 25
34 10 13
34 11 20
34 12 30
34 13 4
34 14 32
34 15 21
34 16 31
34 17 18
34 18 17
34 19 32
34 20 10
34 21 9
34 22 13
34 23 19
34 24 18
34 25 23
34 26 5
34 27 24
34 28 25
34 29 23
34 30 12
34 31 4
34 32 15
34 33 20
34 34 -1
