1 1 -1
1 2 3
1 3 22
1 4 15
1 5 24
1 6 18
1 7 10
1 8 18
1 9 18
1 10 6
1 11 19
1 12 23
1 13 9
1 14 10
1 15 19
1 16 13
1 17 14
1 18 22
1 19 18
1 20 12
1 21 11
1 22 8
1 23 20
1 24 19
1 25 19
1 26 10
1 27 13
1 28 5
1 29 5
1 30 13
1 31 16
1 32 10
2 1 3
2 2 -1
2 3 18
2 4 12
2 5 20
2 6 15
2 7 7
2 8 16
2 9 16
2 10 3
2 11 17
2 12 22
2 13 12
2 14 13
2 15 16
2 16 11
2 17 12
2 18 19
2 19 16
2 20 10
2 21 9
2 22 5
2 23 19
2 24 16
2 25 16
2 26 7
2 27 13
2 28 2
2 29 3
2 30 10
2 31 15
2 32 10
3 1 22
3 2 18
3 3 -1
3 4 9
3 5 2
3 6 13
3 7 12
3 8 17
3 9 22
3 10 17
3 11 17
3 12 24
3 13 31
3 14 31
3 15 11
3 16 18
3 17 14
3 18 6
3 19 16
3 20 15
3 21 18
3 22 15
3 23 23
3 24 6
3 25 9
3 26 15
3 27 25
3 28 17
3 29 19
3 30 10
3 31 22
3 32 23
4 1 15
4 2 12
4 3 9
4 4 -1
4 5 10
4 6 5
4 7 5
4 8 8
4 9 13
4 10 9
4 11 8
4 12 15
4 13 23
4 14 22
4 15 15
4 16 8
4 17 14
4 18 7
4 19 18
4 20 14
4 21 16
4 22 7
4 23 14
4 24 5
4 25 4
4 26 6
4 27 16
4 28 11
4 29 14
4 30 2
4 31 22
4 32 14
5 1 24
5 2 20
5 3 2
5 4 10
5 5 -1
5 6 13
5 7 13
5 8 17
5 9 22
5 10 18
5 11 17
5 12 24
5 13 33
5 14 32
5 15 13
5 16 19
5 17 16
5 18 6
5 19 18
5 20 17
5 21 20
5 22 17
5 23 23
5 24 6
5 25 9
5 26 17
5 27 26
5 28 18
5 29 21
5 30 12
5 31 24
5 32 25
6 1 18
6 2 15
6 3 13
6 4 5
6 5 13
6 6 -1
6 7 9
6 8 4
6 9 9
6 10 12
6 11 4
6 12 11
6 13 24
6 14 22
6 15 20
6 16 7
6 17 19
6 18 8
6 19 23
6 20 19
6 21 20
6 22 10
6 23 10
6 24 7
6 25 4
6 26 8
6 27 14
6 28 14
6 29 18
6 30 6
6 31 27
6 32 13
7 1 10
7 2 7
7 3 12
7 4 5
7 5 13
7 6 9
7 7 -1
7 8 12
7 9 14
7 10 5
7 11 12
7 12 18
7 13 19
7 14 19
7 15 13
7 16 9
7 17 11
7 18 12
7 19 15
7 20 10
7 21 11
7 22 3
7 23 16
7 24 9
7 25 9
7 26 5
7 27 15
7 28 6
7 29 9
7 30 3
7 31 17
7 32 12
8 1 18
8 2 16
8 3 17
8 4 8
8 5 17
8 6 4
8 7 12
8 8 -1
8 9 5
8 10 13
8 11 1
8 12 7
8 13 24
8 14 21
8 15 23
8 16 6
8 17 23
8 18 11
8 19 26
8 20 22
8 21 23
8 22 11
8 23 6
8 24 11
8 25 8
8 26 8
8 27 12
8 28 16
8 29 19
8 30 9
8 31 29
8 32 12
9 1 18
9 2 16
9 3 22
9 4 13
9 5 22
9 6 9
9 7 14
9 8 5
9 9 -1
9 10 14
9 11 6
9 12 5
9 13 21
9 14 18
9 15 27
9 16 5
9 17 26
9 18 17
9 19 30
9 20 24
9 21 25
9 22 13
9 23 2
9 24 16
9 25 13
9 26 10
9 27 8
9 28 17
9 29 20
9 30 13
9 31 31
9 32 9
10 1 6
10 2 3
10 3 17
10 4 9
10 5 18
10 6 12
10 7 5
10 8 13
10 9 14
10 10 -1
10 11 14
10 12 19
10 13 14
10 14 14
10 15 16
10 16 8
10 17 13
10 18 16
10 19 17
10 20 11
10 21 11
10 22 2
10 23 16
10 24 13
10 25 13
10 26 4
10 27 12
10 28 3
10 29 6
10 30 7
10 31 17
10 32 9
11 1 19
11 2 17
11 3 17
11 4 8
11 5 17
11 6 4
11 7 12
11 8 1
11 9 6
11 10 14
11 11 -1
11 12 7
11 13 25
11 14 22
11 15 24
11 16 7
11 17 23
11 18 11
11 19 27
11 20 22
11 21 24
11 22 12
11 23 6
11 24 11
11 25 8
11 26 9
11 27 13
11 28 17
11 29 20
11 30 10
11 31 30
11 32 13
12 1 23
12 2 22
12 3 24
12 4 15
12 5 24
12 6 11
12 7 18
12 8 7
12 9 5
12 10 19
12 11 7
12 12 -1
12 13 26
12 14 23
12 15 31
12 16 10
12 17 30
12 18 18
12 19 34
12 20 28
12 21 29
12 22 17
12 23 3
12 24 18
12 25 15
12 26 14
12 27 13
12 28 22
12 29 25
12 30 16
12 31 36
12 32 14
13 1 9
13 2 12
13 3 31
13 4 23
13 5 33
13 6 24
13 7 19
13 8 24
13 9 21
13 10 14
13 11 25
13 12 26
13 13 -1
13 14 4
13 15 28
13 16 18
13 17 23
13 18 30
13 19 26
13 20 21
13 21 19
13 22 16
13 23 23
13 24 28
13 25 26
13 26 17
13 27 13
13 28 14
13 29 13
13 30 21
13 31 23
13 32 12
14 1 10
14 2 13
14 3 31
14 4 22
14 5 32
14 6 22
14 7 19
14 8 21
14 9 18
14 10 14
14 11 22
14 12 23
14 13 4
14 14 -1
14 15 29
14 16 15
14 17 25
14 18 29
14 19 28
14 20 23
14 21 21
14 22 15
14 23 20
14 24 27
14 25 25
14 26 15
14 27 10
14 28 15
14 29 15
14 30 20
14 31 26
14 32 9
15 1 19
15 2 16
15 3 11
15 4 15
15 5 13
15 6 20
15 7 13
15 8 23
15 9 27
15 10 16
15 11 24
15 12 31
15 13 28
15 14 29
15 15 -1
15 16 22
15 17 5
15 18 17
15 19 5
15 20 7
15 21 10
15 22 16
15 23 29
15 24 14
15 25 17
15 26 18
15 27 28
15 28 13
15 29 14
15 30 14
15 31 12
15 32 25
16 1 13
16 2 11
16 3 18
16 4 8
16 5 19
16 6 7
16 7 9
16 8 6
16 9 5
16 10 8
16 11 7
16 12 10
16 13 18
16 14 15
16 15 22
16 16 -1
16 17 20
16 18 14
16 19 24
16 20 18
16 21 19
16 22 7
16 23 7
16 24 13
16 25 10
16 26 4
16 27 7
16 28 12
16 29 14
16 30 8
16 31 25
16 32 6
17 1 14
17 2 12
17 3 14
17 4 14
17 5 16
17 6 19
17 7 11
17 8 23
17 9 26
17 10 13
17 11 23
17 12 30
17 13 23
17 14 25
17 15 5
17 16 20
17 17 -1
17 18 18
17 19 4
17 20 2
17 21 5
17 22 13
17 23 27
17 24 16
17 25 17
17 26 15
17 27 25
17 28 10
17 29 9
17 30 13
17 31 8
17 32 22
18 1 22
18 2 19
18 3 6
18 4 7
18 5 6
18 6 8
18 7 12
18 8 11
18 9 17
18 10 16
18 11 11
18 12 18
18 13 30
18 14 29
18 15 17
18 16 14
18 17 18
18 18 -1
18 19 21
18 20 18
18 21 21
18 22 14
18 23 17
18 24 3
18 25 4
18 26 13
18 27 22
18 28 18
18 29 21
18 30 9
18 31 26
18 32 21
19 1 18
19 2 16
19 3 16
19 4 18
19 5 18
19 6 23
19 7 15
19 8 26
19 9 30
19 10 17
19 11 27
19 12 34
19 13 26
19 14 28
19 15 5
19 16 24
19 17 4
19 18 21
19 19 -1
19 20 6
19 21 7
19 22 17
19 23 31
19 24 19
19 25 21
19 26 19
19 27 29
19 28 14
19 29 13
19 30 17
19 31 7
19 32 26
20 1 12
20 2 10
20 3 15
20 4 14
20 5 17
20 6 19
20 7 10
20 8 22
20 9 24
20 10 11
20 11 22
20 12 28
20 13 21
20 14 23
20 15 7
20 16 18
20 17 2
20 18 18
20 19 6
20 20 -1
20 21 3
20 22 11
20 23 26
20 24 16
20 25 17
20 26 14
20 27 23
20 28 8
20 29 7
20 30 12
20 31 8
20 32 20
21 1 11
21 2 9
21 3 18
21 4 16
21 5 20
21 6 20
21 7 11
21 8 23
21 9 25
21 10 11
21 11 24
21 12 29
21 13 19
21 14 21
21 15 10
21 16 19
21 17 5
21 18 21
21 19 7
21 20 3
21 21 -1
21 22 12
21 23 27
21 24 18
21 25 19
21 26 15
21 27 22
21 28 7
21 29 6
21 30 14
21 31 6
21 32 19
22 1 8
22 2 5
22 3 15
22 4 7
22 5 17
22 6 10
22 7 3
22 8 11
22 9 13
22 10 2
22 11 12
22 12 17
22 13 16
22 14 15
22 15 16
22 16 7
22 17 13
22 18 14
22 19 17
22 20 11
22 21 12
22 22 -1
22 23 15
22 24 12
22 25 11
22 26 2
22 27 12
22 28 5
22 29 8
22 30 5
22 31 18
22 32 9
23 1 20
23 2 19
23 3 23
23 4 14
23 5 23
23 6 10
23 7 16
23 8 6
23 9 2
23 10 16
23 11 6
23 12 3
23 13 23
23 14 20
23 15 29
23 16 7
23 17 27
23 18 17
23 19 31
23 20 26
23 21 27
23 22 15
23 23 -1
23 24 17
23 25 14
23 26 12
23 27 10
23 28 19
23 29 22
23 30 14
23 31 33
23 32 11
24 1 19
24 2 16
24 3 6
24 4 5
24 5 6
24 6 7
24 7 9
24 8 11
24 9 16
24 10 13
24 11 11
24 12 18
24 13 28
24 14 27
24 15 14
24 16 13
24 17 16
24 18 3
24 19 19
24 20 16
24 21 18
24 22 12
24 23 17
24 24 -1
24 25 3
24 26 11
24 27 20
24 28 15
24 29 18
24 30 6
24 31 24
24 32 19
25 1 19
25 2 16
25 3 9
25 4 4
25 5 9
25 6 4
25 7 9
25 8 8
25 9 13
25 10 13
25 11 8
25 12 15
25 13 26
25 14 25
25 15 17
25 16 10
25 17 17
25 18 4
25 19 21
25 20 17
25 21 19
25 22 11
25 23 14
25 24 3
25 25 -1
25 26 9
25 27 18
25 28 15
25 29 18
25 30 6
25 31 25
25 32 17
26 1 10
26 2 7
26 3 15
26 4 6
26 5 17
26 6 8
26 7 5
26 8 8
26 9 10
26 10 4
26 11 9
26 12 14
26 13 17
26 14 15
26 15 18
26 16 4
26 17 15
26 18 13
26 19 19
26 20 14
26 21 15
26 22 2
26 23 12
26 24 11
26 25 9
26 26 -1
26 27 10
26 28 7
26 29 10
26 30 5
26 31 21
26 32 8
27 1 13
27 2 13
27 3 25
27 4 16
27 5 26
27 6 14
27 7 15
27 8 12
27 9 8
27 10 12
27 11 13
27 12 13
27 13 13
27 14 10
27 15 28
27 16 7
27 17 25
27 18 22
27 19 29
27 20 23
27 21 22
27 22 12
27 23 10
27 24 20
27 25 18
27 26 10
27 27 -1
27 28 15
27 29 17
27 30 15
27 31 28
27 32 3
28 1 5
28 2 2
28 3 17
28 4 11
28 5 18
28 6 14
28 7 6
28 8 16
28 9 17
28 10 3
28 11 17
28 12 22
28 13 14
28 14 15
28 15 13
28 16 12
28 17 10
28 18 18
28 19 14
28 20 8
28 21 7
28 22 5
28 23 19
28 24 15
28 25 15
28 26 7
28 27 15
28 28 -1
28 29 3
28 30 9
28 31 13
28 32 12
29 1 5
29 2 3
29 3 19
29 4 14
29 5 21
29 6 18
29 7 9
29 8 19
29 9 20
29 10 6
29 11 20
29 12 25
29 13 13
29 14 15
29 15 14
29 16 14
29 17 9
29 18 21
29 19 13
29 20 7
29 21 6
29 22 8
29 23 22
29 24 18
29 25 18
29 26 10
29 27 17
29 28 3
29 29 -1
29 30 12
29 31 11
29 32 13
30 1 13
30 2 10
30 3 10
30 4 2
30 5 12
30 6 6
30 7 3
30 8 9
30 9 13
30 10 7
30 11 10
30 12 16
30 13 21
30 14 20
30 15 14
30 16 8
30 17 13
30 18 9
30 19 17
30 20 12
30 21 14
30 22 5
30 23 14
30 24 6
30 25 6
30 26 5
30 27 15
30 28 9
30 29 12
30 30 -1
30 31 20
30 32 13
31 1 16
31 2 15
31 3 22
31 4 22
31 5 24
31 6 27
31 7 17
31 8 29
31 9 31
31 10 17
31 11 30
31 12 36
31 13 23
31 14 26
31 15 12
31 16 25
31 17 8
31 18 26
31 19 7
31 20 8
31 21 6
31 22 18
31 23 33
31 24 24
31 25 25
31 26 21
31 27 28
31 28 13
31 29 11
31 30 20
31 31 -1
31 32 25
32 1 10
32 2 10
32 3 23
32 4 14
32 5 25
32 6 13
32 7 12
32 8 12
32 9 9
32 10 9
32 11 13
32 12 14
32 13 12
32 14 9
32 15 25
32 16 6
32 17 22
32 18 21
32 19 26
32 20 20
32 21 19
32 22 9
32 23 11
32 24 19
32 25 17
32 26 8
32 27 3
32 28 12
32 29 13
32 30 13
32 31 25
32 32 -1
