1 1 -1
1 2 26
1 3 10
1 4 6
1 5 25
1 6 20
1 7 16
1 8 9
1 9 28
1 10 29
1 11 22
1 12 3
1 13 11
1 14 16
1 15 8
1 16 20
1 17 19
1 18 26
1 19 23
1 20 5
1 21 15
1 22 9
1 23 19
1 24 34
1 25 5
1 26 14
1 27 9
1 28 15
1 29 8
1 30 17
2 1 26
2 2 -1
2 3 30
2 4 20
2 5 27
2 6 6
2 7 23
2 8 19
2 9 14
2 10 23
2 11 17
2 12 23
2 13 15
2 14 10
2 15 28
2 16 16
2 17 16
2 18 4
2 19 3
2 20 27
2 21 31
2 22 18
2 23 8
2 24 24
2 25 21
2 26 20
2 27 21
2 28 16
2 29 26
2 30 21
3 1 10
3 2 30
3 3 -1
3 4 13
3 5 19
3 6 26
3 7 11
3 8 11
3 9 28
3 10 25
3 11 20
3 12 11
3 13 17
3 14 20
3 15 2
3 16 19
3 17 18
3 18 29
3 19 27
3 20 15
3 21 5
3 22 12
3 23 22
3 24 30
3 25 14
3 26 12
3 27 8
3 28 15
3 29 3
3 30 13
4 1 6
4 2 20
4 3 13
4 4 -1
4 5 24
4 6 14
4 7 15
4 8 6
4 9 23
4 10 26
4 11 19
4 12 3
4 13 5
4 14 10
4 15 11
4 16 17
4 17 15
4 18 20
4 19 17
4 20 8
4 21 17
4 22 5
4 23 13
4 24 30
4 25 2
4 26 12
4 27 8
4 28 11
4 29 10
4 30 15
5 1 25
5 2 27
5 3 19
5 4 24
5 5 -1
5 6 27
5 7 8
5 8 17
5 9 16
5 10 8
5 11 9
5 12 24
5 13 23
5 14 22
5 15 19
5 16 10
5 17 11
5 18 23
5 19 26
5 20 30
5 21 15
5 22 18
5 23 19
5 24 13
5 25 26
5 26 11
5 27 16
5 28 14
5 29 18
5 30 8
6 1 20
6 2 6
6 3 26
6 4 14
6 5 27
6 6 -1
6 7 21
6 8 15
6 9 18
6 10 26
6 11 19
6 12 17
6 13 9
6 14 6
6 15 24
6 16 17
6 17 16
6 18 9
6 19 4
6 20 21
6 21 29
6 22 14
6 23 8
6 24 27
6 25 15
6 26 18
6 27 18
6 28 14
6 29 23
6 30 21
7 1 16
7 2 23
7 3 11
7 4 15
7 5 8
7 6 21
7 7 -1
7 8 9
7 9 17
7 10 13
7 11 9
7 12 15
7 13 15
7 14 15
7 15 11
7 16 8
7 17 7
7 18 20
7 19 21
7 20 21
7 21 10
7 22 10
7 23 14
7 24 18
7 25 17
7 26 3
7 27 7
7 28 7
7 29 10
7 30 2
8 1 9
8 2 19
8 3 11
8 4 6
8 5 17
8 6 15
8 7 9
8 8 -1
8 9 19
8 10 20
8 11 13
8 12 7
8 13 6
8 14 9
8 15 9
8 16 11
8 17 10
8 18 18
8 19 16
8 20 13
8 21 13
8 22 1
8 23 11
8 24 24
8 25 8
8 26 6
8 27 2
8 28 5
8 29 7
8 30 9
9 1 28
9 2 14
9 3 28
9 4 23
9 5 16
9 6 18
9 7 17
9 8 19
9 9 -1
9 10 10
9 11 8
9 12 25
9 13 19
9 14 15
9 15 27
9 16 9
9 17 10
9 18 10
9 19 14
9 20 31
9 21 27
9 22 18
9 23 11
9 24 10
9 25 25
9 26 16
9 27 20
9 28 13
9 29 25
9 30 15
10 1 29
10 2 23
10 3 25
10 4 26
10 5 8
10 6 26
10 7 13
10 8 20
10 9 10
10 10 -1
10 11 7
10 12 27
10 13 24
10 14 21
10 15 25
10 16 9
10 17 11
10 18 19
10 19 23
10 20 34
10 21 22
10 22 20
10 23 18
10 24 5
10 25 28
10 26 14
10 27 20
10 28 15
10 29 23
10 30 12
11 1 22
11 2 17
11 3 20
11 4 19
11 5 9
11 6 19
11 7 9
11 8 13
11 9 8
11 10 7
11 11 -1
11 12 20
11 13 16
11 14 14
11 15 19
11 16 2
11 17 3
11 18 14
11 19 16
11 20 26
11 21 19
11 22 13
11 23 11
11 24 11
11 25 21
11 26 8
11 27 13
11 28 7
11 29 18
11 30 7
12 1 3
12 2 23
12 3 11
12 4 3
12 5 24
12 6 17
12 7 15
12 8 7
12 9 25
12 10 27
12 11 20
12 12 -1
12 13 8
12 14 13
12 15 8
12 16 18
12 17 17
12 18 23
12 19 20
12 20 6
12 21 15
12 22 7
12 23 16
12 24 31
12 25 3
12 26 13
12 27 7
12 28 12
12 29 8
12 30 16
13 1 11
13 2 15
13 3 17
13 4 5
13 5 23
13 6 9
13 7 15
13 8 6
13 9 19
13 10 24
13 11 16
13 12 8
13 13 -1
13 14 5
13 15 15
13 16 14
13 17 13
13 18 15
13 19 12
13 20 12
13 21 20
13 22 5
13 23 8
13 24 27
13 25 6
13 26 12
13 27 9
13 28 9
13 29 13
13 30 15
14 1 16
14 2 10
14 3 20
14 4 10
14 5 22
14 6 6
14 7 15
14 8 9
14 9 15
14 10 21
14 11 14
14 12 13
14 13 5
14 14 -1
14 15 18
14 16 12
14 17 11
14 18 10
14 19 7
14 20 17
14 21 22
14 22 8
14 23 4
14 24 24
14 25 11
14 26 12
14 27 12
14 28 8
14 29 17
14 30 14
15 1 8
15 2 28
15 3 2
15 4 11
15 5 19
15 6 24
15 7 11
15 8 9
15 9 27
15 10 25
15 11 19
15 12 8
15 13 15
15 14 18
15 15 -1
15 16 18
15 17 17
15 18 27
15 19 26
15 20 13
15 21 7
15 22 10
15 23 20
15 24 30
15 25 12
15 26 11
15 27 7
15 28 14
15 29 2
15 30 13
16 1 20
16 2 16
16 3 19
16 4 17
16 5 10
16 6 17
16 7 8
16 8 11
16 9 9
16 10 9
16 11 2
16 12 18
16 13 14
16 14 12
16 15 18
16 16 -1
16 17 1
16 18 13
16 19 15
16 20 24
16 21 18
16 22 11
16 23 9
16 24 13
16 25 19
16 26 7
16 27 12
16 28 5
16 29 16
16 30 6
17 1 19
17 2 16
17 3 18
17 4 15
17 5 11
17 6 16
17 7 7
17 8 10
17 9 10
17 10 11
17 11 3
17 12 17
17 13 13
17 14 11
17 15 17
17 16 1
17 17 -1
17 18 13
17 19 14
17 20 23
17 21 17
17 22 9
17 23 8
17 24 14
17 25 17
17 26 6
17 27 10
17 28 4
17 29 15
17 30 5
18 1 26
18 2 4
18 3 29
18 4 20
18 5 23
18 6 9
18 7 20
18 8 18
18 9 10
18 10 19
18 11 14
18 12 23
18 13 15
18 14 10
18 15 27
18 16 13
18 17 13
18 18 -1
18 19 5
18 20 27
18 21 29
18 22 17
18 23 7
18 24 20
18 25 21
18 26 18
18 27 20
18 28 14
18 29 25
18 30 19
19 1 23
19 2 3
19 3 27
19 4 17
19 5 26
19 6 4
19 7 21
19 8 16
19 9 14
19 10 23
19 11 16
19 12 20
19 13 12
19 14 7
19 15 26
19 16 15
19 17 14
19 18 5
19 19 -1
19 20 24
19 21 29
19 22 15
19 23 6
19 24 24
19 25 18
19 26 18
19 27 19
19 28 14
19 29 24
19 30 20
20 1 5
20 2 27
20 3 15
20 4 8
20 5 30
20 6 21
20 7 21
20 8 13
20 9 31
20 10 34
20 11 26
20 12 6
20 13 12
20 14 17
20 15 13
20 16 24
20 17 23
20 18 27
20 19 24
20 20 -1
20 21 20
20 22 13
20 23 21
20 24 38
20 25 6
20 26 19
20 27 13
20 28 19
20 29 13
20 30 22
21 1 15
21 2 31
21 3 5
21 4 17
21 5 15
21 6 29
21 7 10
21 8 13
21 9 27
21 10 22
21 11 19
21 12 15
21 13 20
21 14 22
21 15 7
21 16 18
21 17 17
21 18 29
21 19 29
21 20 20
21 21 -1
21 22 14
21 23 23
21 24 27
21 25 18
21 26 11
21 27 10
21 28 15
21 29 7
21 30 12
22 1 9
22 2 18
22 3 12
22 4 5
22 5 18
22 6 14
22 7 10
22 8 1
22 9 18
22 10 20
22 11 13
22 12 7
22 13 5
22 14 8
22 15 10
22 16 11
22 17 9
22 18 17
22 19 15
22 20 13
22 21 14
22 22 -1
22 23 10
22 24 24
22 25 8
22 26 7
22 27 4
22 28 5
22 29 8
22 30 10
23 1 19
23 2 8
23 3 22
23 4 13
23 5 19
23 6 8
23 7 14
23 8 11
23 9 11
23 10 18
23 11 11
23 12 16
23 13 8
23 14 4
23 15 20
23 16 9
23 17 8
23 18 7
23 19 6
23 20 21
23 21 23
23 22 10
23 23 -1
23 24 20
23 25 15
23 26 12
23 27 13
23 28 7
23 29 18
23 30 13
24 1 34
24 2 24
24 3 30
24 4 30
24 5 13
24 6 27
24 7 18
24 8 24
24 9 10
24 10 5
24 11 11
24 12 31
24 13 27
24 14 24
24 15 30
24 16 13
24 17 14
24 18 20
24 19 24
24 20 38
24 21 27
24 22 24
24 23 20
24 24 -1
24 25 32
24 26 19
24 27 25
24 28 19
24 29 28
24 30 17
25 1 5
25 2 21
25 3 14
25 4 2
25 5 26
25 6 15
25 7 17
25 8 8
25 9 25
25 10 28
25 11 21
25 12 3
25 13 6
25 14 11
25 15 12
25 16 19
25 17 17
25 18 21
25 19 18
25 20 6
25 21 18
25 22 8
25 23 15
25 24 32
25 25 -1
25 26 14
25 27 10
25 28 13
25 29 11
25 30 18
26 1 14
26 2 20
26 3 12
26 4 12
26 5 11
26 6 18
26 7 3
26 8 6
26 9 16
26 10 14
26 11 8
26 12 13
26 13 12
26 14 12
26 15 11
26 16 7
26 17 6
26 18 18
26 19 18
26 20 19
26 21 11
26 22 7
26 23 12
26 24 19
26 25 14
26 26 -1
26 27 5
26 28 4
26 29 9
26 30 3
27 1 9
27 2 21
27 3 8
27 4 8
27 5 16
27 6 18
27 7 7
27 8 2
27 9 20
27 10 20
27 11 13
27 12 7
27 13 9
27 14 12
27 15 7
27 16 12
27 17 10
27 18 20
27 19 19
27 20 13
27 21 10
27 22 4
27 23 13
27 24 25
27 25 10
27 26 5
27 27 -1
27 28 7
27 29 5
27 30 8
28 1 15
28 2 16
28 3 15
28 4 11
28 5 14
28 6 14
28 7 7
28 8 5
28 9 13
28 10 15
28 11 7
28 12 12
28 13 9
28 14 8
28 15 14
28 16 5
28 17 4
28 18 14
28 19 14
28 20 19
28 21 15
28 22 5
28 23 7
28 24 19
28 25 13
28 26 4
28 27 7
28 28 -1
28 29 12
28 30 6
29 1 8
29 2 26
29 3 3
29 4 10
29 5 18
29 6 23
29 7 10
29 8 7
29 9 25
29 10 23
29 11 18
29 12 8
29 13 13
29 14 17
29 15 2
29 16 16
29 17 15
29 18 25
29 19 24
29 20 13
29 21 7
29 22 8
29 23 18
29 24 28
29 25 11
29 26 9
29 27 5
29 28 12
29 29 -1
29 30 11
30 1 17
30 2 21
30 3 13
30 4 15
30 5 8
30 6 21
30 7 2
30 8 9
30 9 15
30 10 12
30 11 7
30 12 16
30 13 15
30 14 14
30 15 13
30 16 6
30 17 5
30 18 19
30 19 20
30 20 22
30 21 12
30 22 10
30 23 13
30 24 17
30 25 18
30 26 3
30 27 8
30 28 6
30 29 11
30 30 -1
