1 1 -1
1 2 3
1 3 2
1 4 5
1 5 17
1 6 7
1 7 13
1 8 13
1 9 8
1 10 11
1 11 3
1 12 8
1 13 16
1 14 13
1 15 13
1 16 10
2 1 3
2 2 -1
2 3 2
2 4 8
2 5 21
2 6 10
2 7 15
2 8 16
2 9 10
2 10 15
2 11 6
2 12 10
2 13 19
2 14 16
2 15 16
2 16 13
3 1 2
3 2 2
3 3 -1
3 4 6
3 5 19
3 6 9
3 7 13
3 8 14
3 9 8
3 10 13
3 11 5
3 12 8
3 13 17
3 14 14
3 15 15
3 16 12
4 1 5
4 2 8
4 3 6
4 4 -1
4 5 12
4 6 7
4 7 9
4 8 8
4 9 5
4 10 8
4 11 3
4 12 4
4 13 11
4 14 8
4 15 12
4 16 7
5 1 17
5 2 21
5 3 19
5 4 12
5 5 -1
5 6 15
5 7 13
5 8 7
5 9 13
5 10 8
5 11 14
5 12 12
5 13 1
5 14 6
5 15 15
5 16 10
6 1 7
6 2 10
6 3 9
6 4 7
6 5 15
6 6 -1
6 7 16
6 8 14
6 9 12
6 10 7
6 11 5
6 12 11
6 13 13
6 14 13
6 15 6
6 16 5
7 1 13
7 2 15
7 3 13
7 4 9
7 5 13
7 6 16
7 7 -1
7 8 6
7 9 5
7 10 14
7 11 12
7 12 5
7 13 12
7 14 7
7 15 20
7 16 14
8 1 13
8 2 16
8 3 14
8 4 8
8 5 7
8 6 14
8 7 6
8 8 -1
8 9 7
8 10 9
8 11 11
8 12 6
8 13 6
8 14 1
8 15 16
8 16 10
9 1 8
9 2 10
9 3 8
9 4 5
9 5 13
9 6 12
9 7 5
9 8 7
9 9 -1
9 10 11
9 11 7
9 12 1
9 13 12
9 14 7
9 15 17
9 16 11
10 1 11
10 2 15
10 3 13
10 4 8
10 5 8
10 6 7
10 7 14
10 8 9
10 9 11
10 10 -1
10 11 8
10 12 10
10 13 7
10 14 8
10 15 7
10 16 2
11 1 3
11 2 6
11 3 5
11 4 3
11 5 14
11 6 5
11 7 12
11 8 11
11 9 7
11 10 8
11 11 -1
11 12 7
11 13 13
11 14 10
11 15 10
11 16 7
12 1 8
12 2 10
12 3 8
12 4 4
12 5 12
12 6 11
12 7 5
12 8 6
12 9 1
12 10 10
12 11 7
12 12 -1
12 13 11
12 14 6
12 15 16
12 16 10
13 1 16
13 2 19
13 3 17
13 4 11
13 5 1
13 6 13
13 7 12
13 8 6
13 9 12
13 10 7
13 11 13
13 12 11
13 13 -1
13 14 5
13 15 14
13 16 9
14 1 13
14 2 16
14 3 14
14 4 8
14 5 6
14 6 13
14 7 7
14 8 1
14 9 7
14 10 8
14 11 10
14 12 6
14 13 5
14 14 -1
14 15 15
14 16 9
15 1 13
15 2 16
15 3 15
15 4 12
15 5 15
15 6 6
15 7 20
15 8 16
15 9 17
15 10 7
15 11 10
15 12 16
15 13 14
15 14 15
15 15 -1
15 16 5
16 1 10
16 2 13
16 3 12
16 4 7
16 5 10
16 6 5
16 7 14
16 8 10
16 9 11
16 10 2
16 11 7
16 12 10
16 13 9
16 14 9
16 15 5
16 16 -1
