1 1 -1
1 2 10
1 3 45
1 4 51
1 5 43
1 6 35
1 7 29
1 8 45
1 9 13
1 10 14
1 11 51
1 12 44
1 13 41
1 14 36
1 15 34
1 16 18
1 17 10
1 18 46
1 19 19
1 20 41
1 21 32
1 22 21
1 23 17
1 24 48
1 25 23
1 26 48
1 27 15
1 28 36
1 29 10
1 30 33
1 31 18
1 32 14
1 33 51
1 34 30
1 35 33
1 36 33
1 37 27
1 38 22
1 39 13
1 40 38
1 41 34
1 42 16
1 43 14
1 44 31
1 45 32
1 46 13
1 47 39
1 48 20
1 49 13
1 50 36
1 51 19
1 52 48
1 53 42
1 54 28
1 55 35
1 56 28
1 57 16
1 58 24
1 59 42
1 60 15
1 61 8
1 62 47
1 63 34
1 64 21
1 65 29
1 66 17
2 1 10
2 2 -1
2 3 43
2 4 57
2 5 43
2 6 36
2 7 35
2 8 40
2 9 15
2 10 13
2 11 56
2 12 44
2 13 33
2 14 28
2 15 30
2 16 27
2 17 11
2 18 52
2 19 17
2 20 41
2 21 23
2 22 28
2 23 27
2 24 41
2 25 32
2 26 48
2 27 10
2 28 32
2 29 12
2 30 42
2 31 9
2 32 5
2 33 46
2 34 40
2 35 42
2 36 32
2 37 22
2 38 12
2 39 23
2 40 30
2 41 42
2 42 20
2 43 18
2 44 23
2 45 22
2 46 19
2 47 45
2 48 30
2 49 19
2 50 38
2 51 10
2 52 54
2 53 48
2 54 21
2 55 31
2 56 38
2 57 18
2 58 32
2 59 46
2 60 23
2 61 5
2 62 46
2 63 25
2 64 21
2 65 25
2 66 24
3 1 45
3 2 43
3 3 -1
3 4 45
3 5 6
3 6 15
3 7 31
3 8 14
3 9 57
3 10 31
3 11 33
3 12 8
3 13 28
3 14 61
3 15 13
3 16 57
3 17 53
3 18 35
3 19 60
3 20 6
3 21 58
3 22 36
3 23 52
3 24 20
3 25 64
3 26 8
3 27 33
3 28 11
3 29 54
3 30 74
3 31 37
3 32 40
3 33 19
3 34 58
3 35 73
3 36 11
3 37 22
3 38 40
3 39 49
3 40 32
3 41 42
3 42 31
3 43 59
3 44 61
3 45 44
3 46 35
3 47 33
3 48 50
3 49 59
3 50 19
3 51 50
3 52 39
3 53 37
3 54 28
3 55 15
3 56 52
3 57 60
3 58 38
3 59 28
3 60 58
3 61 39
3 62 3
3 63 59
3 64 23
3 65 18
3 66 36
4 1 51
4 2 57
4 3 45
4 4 -1
4 5 39
4 6 32
4 7 22
4 8 58
4 9 63
4 10 46
4 11 13
4 12 37
4 13 67
4 14 85
4 15 48
4 16 49
4 17 61
4 18 10
4 19 71
4 20 39
4 21 81
4 22 29
4 23 42
4 24 64
4 25 52
4 26 38
4 27 53
4 28 48
4 29 61
4 30 59
4 31 59
4 32 58
4 33 64
4 34 37
4 35 58
4 36 41
4 37 52
4 38 65
4 39 43
4 40 68
4 41 17
4 42 38
4 43 62
4 44 81
4 45 74
4 46 38
4 47 13
4 48 36
4 49 59
4 50 27
4 51 68
4 52 6
4 53 9
4 54 60
4 55 53
4 56 31
4 57 64
4 58 26
4 59 17
4 60 53
4 61 53
4 62 43
4 63 82
4 64 42
4 65 48
4 66 34
5 1 43
5 2 43
5 3 6
5 4 39
5 5 -1
5 6 10
5 7 26
5 8 19
5 9 56
5 10 30
5 11 27
5 12 2
5 13 32
5 14 64
5 15 15
5 16 55
5 17 53
5 18 29
5 19 60
5 20 2
5 21 60
5 22 32
5 23 48
5 24 26
5 25 61
5 26 5
5 27 33
5 28 14
5 29 53
5 30 70
5 31 38
5 32 40
5 33 25
5 34 54
5 35 70
5 36 11
5 37 24
5 38 42
5 39 46
5 40 36
5 41 36
5 42 28
5 43 57
5 44 62
5 45 47
5 46 32
5 47 28
5 48 46
5 49 57
5 50 13
5 51 50
5 52 33
5 53 31
5 54 31
5 55 19
5 56 48
5 57 59
5 58 33
5 59 22
5 60 55
5 61 39
5 62 5
5 63 61
5 64 22
5 65 19
5 66 32
6 1 35
6 2 36
6 3 15
6 4 32
6 5 10
6 6 -1
6 7 16
6 8 26
6 9 48
6 10 22
6 11 23
6 12 10
6 13 35
6 14 60
6 15 15
6 16 44
6 17 45
6 18 23
6 19 52
6 20 9
6 21 56
6 22 21
6 23 38
6 24 32
6 25 50
6 26 14
6 27 27
6 28 16
6 29 45
6 30 60
6 31 33
6 32 34
6 33 32
6 34 43
6 35 60
6 36 9
6 37 22
6 38 38
6 39 36
6 40 37
6 41 26
6 42 19
6 43 49
6 44 57
6 45 45
6 46 22
6 47 20
6 48 35
6 49 48
6 50 5
6 51 45
6 52 26
6 53 24
6 54 29
6 55 20
6 56 37
6 57 51
6 58 23
6 59 15
6 60 45
6 61 31
6 62 15
6 63 57
6 64 14
6 65 17
6 66 22
7 1 29
7 2 35
7 3 31
7 4 22
7 5 26
7 6 16
7 7 -1
7 8 41
7 9 42
7 10 23
7 11 21
7 12 25
7 13 47
7 14 62
7 15 29
7 16 33
7 17 40
7 18 17
7 19 49
7 20 25
7 21 58
7 22 9
7 23 26
7 24 46
7 25 38
7 26 29
7 27 30
7 28 30
7 29 40
7 30 47
7 31 36
7 32 36
7 33 47
7 34 28
7 35 46
7 36 23
7 37 31
7 38 42
7 39 26
7 40 47
7 41 11
7 42 15
7 43 42
7 44 58
7 45 51
7 46 16
7 47 10
7 48 22
7 49 40
7 50 12
7 51 46
7 52 19
7 53 13
7 54 38
7 55 34
7 56 22
7 57 44
7 58 8
7 59 13
7 60 36
7 61 30
7 62 31
7 63 60
7 64 19
7 65 28
7 66 12
8 1 45
8 2 40
8 3 14
8 4 58
8 5 19
8 6 26
8 7 41
8 8 -1
8 9 55
8 10 31
8 11 47
8 12 22
8 13 15
8 14 53
8 15 13
8 16 61
8 17 52
8 18 48
8 19 56
8 20 19
8 21 50
8 22 43
8 23 56
8 24 6
8 25 67
8 26 22
8 27 30
8 28 11
8 29 52
8 30 77
8 31 32
8 32 36
8 33 6
8 34 65
8 35 77
8 36 17
8 37 18
8 38 34
8 39 53
8 40 20
8 41 52
8 42 35
8 43 58
8 44 54
8 45 35
8 46 40
8 47 46
8 48 56
8 49 59
8 50 31
8 51 44
8 52 52
8 53 50
8 54 21
8 55 10
8 56 60
8 57 59
8 58 46
8 59 41
8 60 60
8 61 38
8 62 17
8 63 51
8 64 26
8 65 16
8 66 42
9 1 13
9 2 15
9 3 57
9 4 63
9 5 56
9 6 48
9 7 42
9 8 55
9 9 -1
9 10 26
9 11 64
9 12 57
9 13 48
9 14 31
9 15 45
9 16 20
9 17 3
9 18 59
9 19 8
9 20 54
9 21 28
9 22 34
9 23 23
9 24 57
9 25 23
9 26 61
9 27 25
9 28 47
9 29 3
9 30 30
9 31 24
9 32 20
9 33 61
9 34 36
9 35 31
9 36 45
9 37 37
9 38 25
9 39 20
9 40 44
9 41 46
9 42 29
9 43 4
9 44 24
9 45 33
9 46 26
9 47 52
9 48 29
9 49 7
9 50 49
9 51 17
9 52 61
9 53 55
9 54 36
9 55 46
9 56 37
9 57 3
9 58 36
9 59 55
9 60 14
9 61 17
9 62 59
9 63 29
9 64 34
9 65 40
9 66 30
10 1 14
10 2 13
10 3 31
10 4 46
10 5 30
10 6 22
10 7 23
10 8 31
10 9 26
10 10 -1
10 11 43
10 12 31
10 13 29
10 14 39
10 15 19
10 16 29
10 17 23
10 18 39
10 19 30
10 20 28
10 21 35
10 22 18
10 23 25
10 24 34
10 25 36
10 26 35
10 27 6
10 28 21
10 29 23
10 30 46
10 31 13
10 32 12
10 33 38
10 34 37
10 35 46
10 36 19
10 37 14
10 38 18
10 39 22
10 40 28
10 41 32
10 42 8
10 43 28
10 44 36
10 45 28
10 46 11
10 47 33
10 48 26
10 49 28
10 50 25
10 51 23
10 52 42
10 53 37
10 54 18
10 55 21
10 56 33
10 57 29
10 58 22
10 59 33
10 60 28
10 61 9
10 62 33
10 63 36
10 64 8
10 65 15
10 66 15
11 1 51
11 2 56
11 3 33
11 4 13
11 5 27
11 6 23
11 7 21
11 8 47
11 9 64
11 10 43
11 11 -1
11 12 25
11 13 58
11 14 82
11 15 39
11 16 54
11 17 62
11 18 6
11 19 71
11 20 27
11 21 78
11 22 30
11 23 47
11 24 53
11 25 59
11 26 26
11 27 49
11 28 39
11 29 62
11 30 66
11 31 55
11 32 55
11 33 52
11 34 45
11 35 65
11 36 33
11 37 45
11 38 60
11 39 47
11 40 60
11 41 23
11 42 36
11 43 64
11 44 79
11 45 68
11 46 37
11 47 13
11 48 42
11 49 62
11 50 19
11 51 66
11 52 8
11 53 12
11 54 53
11 55 44
11 56 38
11 57 66
11 58 29
11 59 9
11 60 57
11 61 51
11 62 31
11 63 79
11 64 36
11 65 41
11 66 34
12 1 44
12 2 44
12 3 8
12 4 37
12 5 2
12 6 10
12 7 25
12 8 22
12 9 57
12 10 31
12 11 25
12 12 -1
12 13 35
12 14 65
12 15 17
12 16 55
12 17 54
12 18 27
12 19 61
12 20 3
12 21 61
12 22 31
12 23 48
12 24 28
12 25 61
12 26 4
12 27 34
12 28 16
12 29 54
12 30 70
12 31 39
12 32 41
12 33 27
12 34 53
12 35 70
12 36 12
12 37 25
12 38 44
12 39 47
12 40 38
12 41 35
12 42 29
12 43 58
12 44 64
12 45 49
12 46 32
12 47 26
12 48 46
12 49 58
12 50 12
12 51 52
12 52 31
12 53 30
12 54 33
12 55 21
12 56 47
12 57 60
12 58 33
12 59 20
12 60 55
12 61 40
12 62 6
12 63 63
12 64 23
12 65 21
12 66 32
13 1 41
13 2 33
13 3 28
13 4 67
13 5 32
13 6 35
13 7 47
13 8 15
13 9 48
13 10 29
13 11 58
13 12 35
13 13 -1
13 14 39
13 15 19
13 16 58
13 17 44
13 18 58
13 19 46
13 20 31
13 21 36
13 22 46
13 23 55
13 24 12
13 25 64
13 26 36
13 27 25
13 28 19
13 29 45
13 30 74
13 31 24
13 32 28
13 33 17
13 34 66
13 35 74
13 36 25
13 37 16
13 38 23
13 39 51
13 40 5
13 41 58
13 42 36
13 43 51
13 44 40
13 45 21
13 46 40
13 47 54
13 48 56
13 49 53
13 50 40
13 51 34
13 52 61
13 53 58
13 54 12
13 55 14
13 56 62
13 57 51
13 58 50
13 59 50
13 60 56
13 61 33
13 62 31
13 63 37
13 64 28
13 65 19
13 66 43
14 1 36
14 2 28
14 3 61
14 4 85
14 5 64
14 6 60
14 7 62
14 8 53
14 9 31
14 10 39
14 11 82
14 12 65
14 13 39
14 14 -1
14 15 49
14 16 50
14 17 29
14 18 79
14 19 23
14 20 62
14 21 4
14 22 56
14 23 52
14 24 51
14 25 54
14 26 69
14 27 33
14 28 50
14 29 30
14 30 61
14 31 27
14 32 26
14 33 56
14 34 66
14 35 62
14 36 53
14 37 39
14 38 21
14 39 49
14 40 34
14 41 70
14 42 47
14 43 35
14 44 7
14 45 18
14 46 47
14 47 72
14 48 57
14 49 38
14 50 63
14 51 17
14 52 82
14 53 76
14 54 33
14 55 46
14 56 65
14 57 33
14 58 60
14 59 73
14 60 45
14 61 32
14 62 65
14 63 2
14 64 45
14 65 44
14 66 52
15 1 34
15 2 30
15 3 13
15 4 48
15 5 15
15 6 15
15 7 29
15 8 13
15 9 45
15 10 19
15 11 39
15 12 17
15 13 19
15 14 49
15 15 -1
15 16 48
15 17 41
15 18 38
15 19 47
15 20 13
15 21 45
15 22 30
15 23 43
15 24 17
15 25 55
15 26 20
15 27 20
15 28 2
15 29 42
15 30 65
15 31 24
15 32 27
15 33 19
15 34 52
15 35 65
15 36 6
15 37 9
15 38 27
15 39 41
15 40 21
15 41 40
15 42 22
15 43 47
15 44 48
15 45 32
15 46 27
15 47 35
15 48 43
15 49 47
15 50 20
15 51 37
15 52 42
15 53 39
15 54 16
15 55 5
15 56 47
15 57 48
15 58 33
15 59 31
15 60 48
15 61 27
15 62 16
15 63 46
15 64 13
15 65 5
15 66 29
16 1 18
16 2 27
16 3 57
16 4 49
16 5 55
16 6 44
16 7 33
16 8 61
16 9 20
16 10 29
16 11 54
16 12 55
16 13 58
16 14 50
16 15 48
16 16 -1
16 17 21
16 18 48
16 19 29
16 20 53
16 21 47
16 22 24
16 23 7
16 24 64
16 25 6
16 26 59
16 27 33
16 28 50
16 29 20
16 30 16
16 31 36
16 32 32
16 33 67
16 34 16
16 35 16
16 36 46
16 37 44
16 38 40
16 39 8
16 40 56
16 41 31
16 42 26
16 43 17
16 44 44
16 45 49
16 46 22
16 47 41
16 48 12
16 49 13
16 50 43
16 51 35
16 52 48
16 53 42
16 54 46
16 55 51
16 56 18
16 57 19
16 58 25
16 59 46
16 60 5
16 61 26
16 62 59
16 63 48
16 64 35
16 65 44
16 66 22
17 1 10
17 2 11
17 3 53
17 4 61
17 5 53
17 6 45
17 7 40
17 8 52
17 9 3
17 10 23
17 11 62
17 12 54
17 13 44
17 14 29
17 15 41
17 16 21
17 17 -1
17 18 57
17 19 9
17 20 51
17 21 26
17 22 32
17 23 23
17 24 53
17 25 25
17 26 58
17 27 21
17 28 43
17 29 1
17 30 32
17 31 20
17 32 16
17 33 57
17 34 36
17 35 33
17 36 42
17 37 34
17 38 22
17 39 20
17 40 41
17 41 44
17 42 26
17 43 7
17 44 23
17 45 30
17 46 24
17 47 50
17 48 28
17 49 9
17 50 46
17 51 14
17 52 59
17 53 53
17 54 32
17 55 42
17 56 36
17 57 7
17 58 35
17 59 53
17 60 16
17 61 14
17 62 56
17 63 27
17 64 31
17 65 36
17 66 28
18 1 46
18 2 52
18 3 35
18 4 10
18 5 29
18 6 23
18 7 17
18 8 48
18 9 59
18 10 39
18 11 6
18 12 27
18 13 58
18 14 79
18 15 38
18 16 48
18 17 57
18 18 -1
18 19 66
18 20 29
18 21 75
18 22 25
18 23 41
18 24 54
18 25 53
18 26 28
18 27 45
18 28 39
18 29 57
18 30 60
18 31 52
18 32 52
18 33 54
18 34 39
18 35 59
18 36 32
18 37 44
18 38 58
18 39 41
18 40 60
18 41 17
18 42 32
18 43 59
18 44 75
18 45 66
18 46 33
18 47 7
18 48 36
18 49 57
18 50 18
18 51 62
18 52 4
18 53 6
18 54 51
18 55 43
18 56 32
18 57 61
18 58 23
18 59 7
18 60 51
18 61 47
18 62 33
18 63 76
18 64 34
18 65 39
18 66 29
19 1 19
19 2 17
19 3 60
19 4 71
19 5 60
19 6 52
19 7 49
19 8 56
19 9 8
19 10 30
19 11 71
19 12 61
19 13 46
19 14 23
19 15 47
19 16 29
19 17 9
19 18 66
19 19 -1
19 20 58
19 21 20
19 22 41
19 23 32
19 24 56
19 25 31
19 26 65
19 27 27
19 28 49
19 29 9
19 30 38
19 31 24
19 32 20
19 33 61
19 34 45
19 35 39
19 36 49
19 37 38
19 38 23
19 39 29
19 40 42
19 41 54
19 42 35
19 43 12
19 44 16
19 45 29
19 46 33
19 47 59
19 48 37
19 49 15
19 50 54
19 51 12
19 52 68
19 53 62
19 54 35
19 55 47
19 56 45
19 57 10
19 58 44
19 59 61
19 60 23
19 61 21
19 62 63
19 63 21
19 64 38
19 65 42
19 66 37
20 1 41
20 2 41
20 3 6
20 4 39
20 5 2
20 6 9
20 7 25
20 8 19
20 9 54
20 10 28
20 11 27
20 12 3
20 13 31
20 14 62
20 15 13
20 16 53
20 17 51
20 18 29
20 19 58
20 20 -1
20 21 58
20 22 30
20 23 47
20 24 25
20 25 59
20 26 7
20 27 31
20 28 12
20 29 51
20 30 69
20 31 36
20 32 38
20 33 25
20 34 53
20 35 68
20 36 9
20 37 22
20 38 40
20 39 45
20 40 34
20 41 35
20 42 26
20 43 55
20 44 60
20 45 45
20 46 30
20 47 27
20 48 44
20 49 55
20 50 13
20 51 49
20 52 33
20 53 31
20 54 29
20 55 17
20 56 46
20 57 57
20 58 32
20 59 22
20 60 53
20 61 37
20 62 6
20 63 59
20 64 20
20 65 17
20 66 31
21 1 32
21 2 23
21 3 58
21 4 81
21 5 60
21 6 56
21 7 58
21 8 50
21 9 28
21 10 35
21 11 78
21 12 61
21 13 36
21 14 4
21 15 45
21 16 47
21 17 26
21 18 75
21 19 20
21 20 58
21 21 -1
21 22 52
21 23 49
21 24 48
21 25 51
21 26 65
21 27 29
21 28 46
21 29 27
21 30 58
21 31 23
21 32 22
21 33 53
21 34 62
21 35 59
21 36 49
21 37 36
21 38 17
21 39 45
21 40 31
21 41 66
21 42 43
21 43 32
21 44 5
21 45 15
21 46 43
21 47 68
21 48 53
21 49 35
21 50 59
21 51 13
21 52 77
21 53 72
21 54 29
21 55 42
21 56 61
21 57 30
21 58 56
21 59 68
21 60 42
21 61 28
21 62 61
21 63 1
21 64 41
21 65 40
21 66 48
22 1 21
22 2 28
22 3 36
22 4 29
22 5 32
22 6 21
22 7 9
22 8 43
22 9 34
22 10 18
22 11 30
22 12 31
22 13 46
22 14 56
22 15 30
22 16 24
22 17 32
22 18 25
22 19 41
22 20 30
22 21 52
22 22 -1
22 23 17
22 24 48
22 25 30
22 26 35
22 27 25
22 28 32
22 29 31
22 30 39
22 31 31
22 32 30
22 33 50
22 34 22
22 35 38
22 36 26
22 37 30
22 38 37
22 39 17
22 40 46
22 41 13
22 42 10
22 43 33
22 44 51
22 45 46
22 46 8
22 47 18
22 48 14
22 49 31
22 50 19
22 51 39
22 52 27
22 53 21
22 54 36
22 55 34
22 56 17
22 57 36
22 58 4
22 59 22
22 60 27
22 61 23
22 62 36
22 63 53
22 64 18
22 65 27
22 66 4
23 1 17
23 2 27
23 3 52
23 4 42
23 5 48
23 6 38
23 7 26
23 8 56
23 9 23
23 10 25
23 11 47
23 12 48
23 13 55
23 14 52
23 15 43
23 16 7
23 17 23
23 18 41
23 19 32
23 20 47
23 21 49
23 22 17
23 23 -1
23 24 60
23 25 12
23 26 52
23 27 30
23 28 46
23 29 22
23 30 21
23 31 34
23 32 31
23 33 63
23 34 13
23 35 21
23 36 41
23 37 40
23 38 39
23 39 4
23 40 53
23 41 25
23 42 21
23 43 21
23 44 46
23 45 49
23 46 16
23 47 34
23 48 5
23 49 18
23 50 37
23 51 35
23 52 41
23 53 35
23 54 43
23 55 47
23 56 13
23 57 24
23 58 18
23 59 39
23 60 11
23 61 24
23 62 53
23 63 50
23 64 30
23 65 40
23 66 16
24 1 48
24 2 41
24 3 20
24 4 64
24 5 26
24 6 32
24 7 46
24 8 6
24 9 57
24 10 34
24 11 53
24 12 28
24 13 12
24 14 51
24 15 17
24 16 64
24 17 53
24 18 54
24 19 56
24 20 25
24 21 48
24 22 48
24 23 60
24 24 -1
24 25 70
24 26 29
24 27 32
24 28 16
24 29 54
24 30 80
24 31 33
24 32 37
24 33 5
24 34 70
24 35 80
24 36 23
24 37 20
24 38 33
24 39 57
24 40 17
24 41 57
24 42 39
24 43 60
24 44 52
24 45 33
24 46 43
24 47 52
24 48 60
24 49 61
24 50 37
24 51 44
24 52 58
24 53 56
24 54 21
24 55 13
24 56 65
24 57 60
24 58 51
24 59 47
24 60 62
24 61 40
24 62 23
24 63 49
24 64 30
24 65 20
24 66 46
25 1 23
25 2 32
25 3 64
25 4 52
25 5 61
25 6 50
25 7 38
25 8 67
25 9 23
25 10 36
25 11 59
25 12 61
25 13 64
25 14 54
25 15 55
25 16 6
25 17 25
25 18 53
25 19 31
25 20 59
25 21 51
25 22 30
25 23 12
25 24 70
25 25 -1
25 26 65
25 27 39
25 28 57
25 29 24
25 30 9
25 31 41
25 32 37
25 33 74
25 34 17
25 35 10
25 36 53
25 37 50
25 38 45
25 39 14
25 40 62
25 41 36
25 42 33
25 43 19
25 44 47
25 45 54
25 46 28
25 47 46
25 48 17
25 49 16
25 50 49
25 51 39
25 52 53
25 53 47
25 54 52
25 55 58
25 56 21
25 57 21
25 58 30
25 59 51
25 60 9
25 61 31
25 62 65
25 63 52
25 64 41
25 65 50
25 66 28
26 1 48
26 2 48
26 3 8
26 4 38
26 5 5
26 6 14
26 7 29
26 8 22
26 9 61
26 10 35
26 11 26
26 12 4
26 13 36
26 14 69
26 15 20
26 16 59
26 17 58
26 18 28
26 19 65
26 20 7
26 21 65
26 22 35
26 23 52
26 24 29
26 25 65
26 26 -1
26 27 38
26 28 18
26 29 58
26 30 74
26 31 43
26 32 45
26 33 27
26 34 57
26 35 74
26 36 16
26 37 29
26 38 47
26 39 51
26 40 40
26 41 38
26 42 33
26 43 62
26 44 67
26 45 52
26 46 37
26 47 29
26 48 49
26 49 62
26 50 16
26 51 56
26 52 32
26 53 32
26 54 36
26 55 23
26 56 50
26 57 64
26 58 37
26 59 22
26 60 60
26 61 44
26 62 5
26 63 66
26 64 27
26 65 24
26 66 36
27 1 15
27 2 10
27 3 33
27 4 53
27 5 33
27 6 27
27 7 30
27 8 30
27 9 25
27 10 6
27 11 49
27 12 34
27 13 25
27 14 33
27 15 20
27 16 33
27 17 21
27 18 45
27 19 27
27 20 31
27 21 29
27 22 25
27 23 30
27 24 32
27 25 39
27 26 38
27 27 -1
27 28 22
27 29 21
27 30 48
27 31 6
27 32 7
27 33 36
27 34 42
27 35 49
27 36 22
27 37 12
27 38 12
27 39 26
27 40 23
27 41 39
27 42 15
27 43 27
27 44 30
27 45 21
27 46 17
27 47 39
27 48 32
27 49 28
27 50 30
27 51 18
27 52 48
27 53 43
27 54 13
27 55 21
27 56 39
27 57 28
27 58 29
27 59 39
27 60 30
27 61 7
27 62 36
27 63 30
27 64 12
27 65 15
27 66 21
28 1 36
28 2 32
28 3 11
28 4 48
28 5 14
28 6 16
28 7 30
28 8 11
28 9 47
28 10 21
28 11 39
28 12 16
28 13 19
28 14 50
28 15 2
28 16 50
28 17 43
28 18 39
28 19 49
28 20 12
28 21 46
28 22 32
28 23 46
28 24 16
28 25 57
28 26 18
28 27 22
28 28 -1
28 29 44
28 30 67
28 31 26
28 32 29
28 33 17
28 34 54
28 35 67
28 36 7
28 37 11
28 38 29
28 39 43
28 40 22
28 41 41
28 42 24
28 43 49
28 44 49
28 45 33
28 46 29
28 47 36
28 48 45
28 49 50
28 50 21
28 51 39
28 52 43
28 53 40
28 54 17
28 55 5
28 56 49
28 57 50
28 58 35
28 59 32
28 60 50
28 61 29
28 62 14
28 63 48
28 64 15
28 65 7
28 66 31
29 1 10
29 2 12
29 3 54
29 4 61
29 5 53
29 6 45
29 7 40
29 8 52
29 9 3
29 10 23
29 11 62
29 12 54
29 13 45
29 14 30
29 15 42
29 16 20
29 17 1
29 18 57
29 19 9
29 20 51
29 21 27
29 22 31
29 23 22
29 24 54
29 25 24
29 26 58
29 27 21
29 28 44
29 29 -1
29 30 32
29 31 21
29 32 17
29 33 58
29 34 35
29 35 32
29 36 42
29 37 34
29 38 23
29 39 19
29 40 41
29 41 44
29 42 26
29 43 6
29 44 24
29 45 31
29 46 24
29 47 50
29 48 28
29 49 8
29 50 46
29 51 15
29 52 59
29 53 52
29 54 33
29 55 42
29 56 36
29 57 6
29 58 34
29 59 52
29 60 15
29 61 14
29 62 56
29 63 28
29 64 31
29 65 37
29 66 27
30 1 33
30 2 42
30 3 74
30 4 59
30 5 70
30 6 60
30 7 47
30 8 77
30 9 30
30 10 46
30 11 66
30 12 70
30 13 74
30 14 61
30 15 65
30 16 16
30 17 32
30 18 60
30 19 38
30 20 69
30 21 58
30 22 39
30 23 21
30 24 80
30 25 9
30 26 74
30 27 48
30 28 67
30 29 32
30 30 -1
30 31 51
30 32 46
30 33 84
30 34 22
30 35 1
30 36 62
30 37 60
30 38 54
30 39 24
30 40 71
30 41 43
30 42 42
30 43 26
30 44 54
30 45 63
30 46 38
30 47 53
30 48 25
30 49 23
30 50 59
30 51 47
30 52 60
30 53 54
30 54 62
30 55 67
30 56 28
30 57 28
30 58 38
30 59 59
30 60 18
30 61 41
30 62 75
30 63 59
30 64 51
30 65 60
30 66 38
31 1 18
31 2 9
31 3 37
31 4 59
31 5 38
31 6 33
31 7 36
31 8 32
31 9 24
31 10 13
31 11 55
31 12 39
31 13 24
31 14 27
31 15 24
31 16 36
31 17 20
31 18 52
31 19 24
31 20 36
31 21 23
31 22 31
31 23 34
31 24 33
31 25 41
31 26 43
31 27 6
31 28 26
31 29 21
31 30 51
31 31 -1
31 32 4
31 33 37
31 34 47
31 35 51
31 36 26
31 37 15
31 38 5
31 39 30
31 40 20
31 41 45
31 42 21
31 43 27
31 44 24
31 45 15
31 46 23
31 47 46
31 48 37
31 49 29
31 50 36
31 51 13
31 52 55
31 53 50
31 54 12
31 55 23
31 56 44
31 57 27
31 58 35
31 59 46
31 60 32
31 61 10
31 62 40
31 63 24
31 64 18
31 65 19
31 66 27
32 1 14
32 2 5
32 3 40
32 4 58
32 5 40
32 6 34
32 7 36
32 8 36
32 9 20
32 10 12
32 11 55
32 12 41
32 13 28
32 14 26
32 15 27
32 16 32
32 17 16
32 18 52
32 19 20
32 20 38
32 21 22
32 22 30
32 23 31
32 24 37
32 25 37
32 26 45
32 27 7
32 28 29
32 29 17
32 30 46
32 31 4
32 32 -1
32 33 41
32 34 44
32 35 47
32 36 29
32 37 18
32 38 8
32 39 27
32 40 25
32 41 43
32 42 20
32 43 23
32 44 23
32 45 18
32 46 21
32 47 45
32 48 34
32 49 24
32 50 37
32 51 10
32 52 55
32 53 49
32 54 16
32 55 26
32 56 41
32 57 23
32 58 34
32 59 46
32 60 28
32 61 7
32 62 43
32 63 24
32 64 19
32 65 22
32 66 25
33 1 51
33 2 46
33 3 19
33 4 64
33 5 25
33 6 32
33 7 47
33 8 6
33 9 61
33 10 38
33 11 52
33 12 27
33 13 17
33 14 56
33 15 19
33 16 67
33 17 57
33 18 54
33 19 61
33 20 25
33 21 53
33 22 50
33 23 63
33 24 5
33 25 74
33 26 27
33 27 36
33 28 17
33 29 58
33 30 84
33 31 37
33 32 41
33 33 -1
33 34 72
33 35 84
33 36 24
33 37 24
33 38 38
33 39 60
33 40 22
33 41 58
33 42 42
33 43 64
33 44 57
33 45 38
33 46 46
33 47 52
33 48 62
33 49 65
33 50 37
33 51 49
33 52 58
33 53 56
33 54 25
33 55 16
33 56 67
33 57 65
33 58 53
33 59 47
33 60 66
33 61 44
33 62 21
33 63 54
33 64 33
33 65 23
33 66 48
34 1 30
34 2 40
34 3 58
34 4 37
34 5 54
34 6 43
34 7 28
34 8 65
34 9 36
34 10 37
34 11 45
34 12 53
34 13 66
34 14 66
34 15 52
34 16 16
34 17 36
34 18 39
34 19 45
34 20 53
34 21 62
34 22 22
34 23 13
34 24 70
34 25 17
34 26 57
34 27 42
34 28 54
34 29 35
34 30 22
34 31 47
34 32 44
34 33 72
34 34 -1
34 35 21
34 36 48
34 37 50
34 38 52
34 39 17
34 40 65
34 41 21
34 42 30
34 43 33
34 44 59
34 45 62
34 46 26
34 47 32
34 48 10
34 49 30
34 50 41
34 51 49
34 52 38
34 53 32
34 54 55
34 55 56
34 56 6
34 57 36
34 58 20
34 59 39
34 60 22
34 61 37
34 62 59
34 63 63
34 64 39
34 65 49
34 66 23
35 1 33
35 2 42
35 3 73
35 4 58
35 5 70
35 6 60
35 7 46
35 8 77
35 9 31
35 10 46
35 11 65
35 12 70
35 13 74
35 14 62
35 15 65
35 16 16
35 17 33
35 18 59
35 19 39
35 20 68
35 21 59
35 22 38
35 23 21
35 24 80
35 25 10
35 26 74
35 27 49
35 28 67
35 29 32
35 30 1
35 31 51
35 32 47
35 33 84
35 34 21
35 35 -1
35 36 62
35 37 60
35 38 54
35 39 24
35 40 72
35 41 42
35 42 42
35 43 27
35 44 55
35 45 63
35 46 38
35 47 52
35 48 24
35 49 24
35 50 58
35 51 48
35 52 59
35 53 53
35 54 62
35 55 67
35 56 27
35 57 29
35 58 38
35 59 58
35 60 18
35 61 41
35 62 75
35 63 60
35 64 51
35 65 60
35 66 37
36 1 33
36 2 32
36 3 11
36 4 41
36 5 11
36 6 9
36 7 23
36 8 17
36 9 45
36 10 19
36 11 33
36 12 12
36 13 25
36 14 53
36 15 6
36 16 46
36 17 42
36 18 32
36 19 49
36 20 9
36 21 49
36 22 26
36 23 41
36 24 23
36 25 53
36 26 16
36 27 22
36 28 7
36 29 42
36 30 62
36 31 26
36 32 29
36 33 24
36 34 48
36 35 62
36 36 -1
36 37 13
36 38 31
36 39 38
36 40 27
36 41 34
36 42 20
36 43 47
36 44 51
36 45 37
36 46 24
36 47 29
36 48 39
36 49 47
36 50 14
36 51 39
36 52 36
36 53 33
36 54 21
36 55 11
36 56 43
36 57 49
36 58 29
36 59 25
36 60 46
36 61 28
36 62 14
36 63 50
36 64 11
36 65 8
36 66 25
37 1 27
37 2 22
37 3 22
37 4 52
37 5 24
37 6 22
37 7 31
37 8 18
37 9 37
37 10 14
37 11 45
37 12 25
37 13 16
37 14 39
37 15 9
37 16 44
37 17 34
37 18 44
37 19 38
37 20 22
37 21 36
37 22 30
37 23 40
37 24 20
37 25 50
37 26 29
37 27 12
37 28 11
37 29 34
37 30 60
37 31 15
37 32 18
37 33 24
37 34 50
37 35 60
37 36 13
37 37 -1
37 38 18
37 39 36
37 40 16
37 41 42
37 42 20
37 43 40
37 44 38
37 45 23
37 46 24
37 47 39
37 48 40
37 49 41
37 50 26
37 51 28
37 52 47
37 53 43
37 54 7
37 55 8
37 56 46
37 57 41
37 58 34
37 59 37
37 60 42
37 61 20
37 62 25
37 63 37
37 64 12
37 65 5
37 66 27
38 1 22
38 2 12
38 3 40
38 4 65
38 5 42
38 6 38
38 7 42
38 8 34
38 9 25
38 10 18
38 11 60
38 12 44
38 13 23
38 14 21
38 15 27
38 16 40
38 17 22
38 18 58
38 19 23
38 20 40
38 21 17
38 22 37
38 23 39
38 24 33
38 25 45
38 26 47
38 27 12
38 28 29
38 29 23
38 30 54
38 31 5
38 32 8
38 33 38
38 34 52
38 35 54
38 36 31
38 37 18
38 38 -1
38 39 35
38 40 19
38 41 50
38 42 27
38 43 29
38 44 20
38 45 10
38 46 28
38 47 52
38 48 42
38 49 31
38 50 42
38 51 10
38 52 61
38 53 55
38 54 13
38 55 26
38 56 49
38 57 29
38 58 41
38 59 51
38 60 36
38 61 15
38 62 44
38 63 19
38 64 24
38 65 23
38 66 33
39 1 13
39 2 23
39 3 49
39 4 43
39 5 46
39 6 36
39 7 26
39 8 53
39 9 20
39 10 22
39 11 47
39 12 47
39 13 51
39 14 49
39 15 41
39 16 8
39 17 20
39 18 41
39 19 29
39 20 45
39 21 45
39 22 17
39 23 4
39 24 57
39 25 14
39 26 51
39 27 26
39 28 43
39 29 19
39 30 24
39 31 30
39 32 27
39 33 60
39 34 17
39 35 24
39 36 38
39 37 36
39 38 35
39 39 -1
39 40 49
39 41 26
39 42 18
39 43 18
39 44 42
39 45 45
39 46 14
39 47 34
39 48 8
39 49 16
39 50 36
39 51 32
39 52 42
39 53 36
39 54 39
39 55 44
39 56 16
39 57 21
39 58 18
39 59 39
39 60 10
39 61 20
39 62 51
39 63 46
39 64 27
39 65 36
39 66 14
40 1 38
40 2 30
40 3 32
40 4 68
40 5 36
40 6 37
40 7 47
40 8 20
40 9 44
40 10 28
40 11 60
40 12 38
40 13 5
40 14 34
40 15 21
40 16 56
40 17 41
40 18 60
40 19 42
40 20 34
40 21 31
40 22 46
40 23 53
40 24 17
40 25 62
40 26 40
40 27 23
40 28 22
40 29 41
40 30 71
40 31 20
40 32 25
40 33 22
40 34 65
40 35 72
40 36 27
40 37 16
40 38 19
40 39 49
40 40 -1
40 41 58
40 42 36
40 43 48
40 44 35
40 45 16
40 46 39
40 47 55
40 48 55
40 49 49
40 50 42
40 51 29
40 52 63
40 53 59
40 54 10
40 55 17
40 56 61
40 57 48
40 58 50
40 59 52
40 60 53
40 61 30
40 62 35
40 63 32
40 64 28
40 65 20
40 66 43
41 1 34
41 2 42
41 3 42
41 4 17
41 5 36
41 6 26
41 7 11
41 8 52
41 9 46
41 10 32
41 11 23
41 12 35
41 13 58
41 14 70
41 15 40
41 16 31
41 17 44
41 18 17
41 19 54
41 20 35
41 21 66
41 22 13
41 23 25
41 24 57
41 25 36
41 26 38
41 27 39
41 28 41
41 29 44
41 30 43
41 31 45
41 32 43
41 33 58
41 34 21
41 35 42
41 36 34
41 37 42
41 38 50
41 39 26
41 40 58
41 41 -1
41 42 23
41 43 44
41 44 65
41 45 60
41 46 22
41 47 11
41 48 19
41 49 42
41 50 22
41 51 52
41 52 17
41 53 11
41 54 48
41 55 45
41 56 15
41 57 47
41 58 10
41 59 18
41 60 36
41 61 37
41 62 41
41 63 67
41 64 30
41 65 39
41 66 18
42 1 16
42 2 20
42 3 31
42 4 38
42 5 28
42 6 19
42 7 15
42 8 35
42 9 29
42 10 8
42 11 36
42 12 29
42 13 36
42 14 47
42 15 22
42 16 26
42 17 26
42 18 32
42 19 35
42 20 26
42 21 43
42 22 10
42 23 21
42 24 39
42 25 33
42 26 33
42 27 15
42 28 24
42 29 26
42 30 42
42 31 21
42 32 20
42 33 42
42 34 30
42 35 42
42 36 20
42 37 20
42 38 27
42 39 18
42 40 36
42 41 23
42 42 -1
42 43 30
42 44 43
42 45 36
42 46 4
42 47 25
42 48 20
42 49 29
42 50 20
42 51 30
42 52 34
42 53 29
42 54 26
42 55 26
42 56 25
42 57 32
42 58 14
42 59 26
42 60 26
42 61 15
42 62 33
42 63 44
42 64 9
42 65 19
42 66 7
43 1 14
43 2 18
43 3 59
43 4 62
43 5 57
43 6 49
43 7 42
43 8 58
43 9 4
43 10 28
43 11 64
43 12 58
43 13 51
43 14 35
43 15 47
43 16 17
43 17 7
43 18 59
43 19 12
43 20 55
43 21 32
43 22 33
43 23 21
43 24 60
43 25 19
43 26 62
43 27 27
43 28 49
43 29 6
43 30 26
43 31 27
43 32 23
43 33 64
43 34 33
43 35 27
43 36 47
43 37 40
43 38 29
43 39 18
43 40 48
43 41 44
43 42 30
43 43 -1
43 44 28
43 45 37
43 46 27
43 47 51
43 48 26
43 49 3
43 50 50
43 51 21
43 52 60
43 53 54
43 54 39
43 55 48
43 56 34
43 57 2
43 58 35
43 59 55
43 60 11
43 61 20
43 62 61
43 63 33
43 64 35
43 65 42
43 66 29
44 1 31
44 2 23
44 3 61
44 4 81
44 5 62
44 6 57
44 7 58
44 8 54
44 9 24
44 10 36
44 11 79
44 12 64
44 13 40
44 14 7
44 15 48
44 16 44
44 17 23
44 18 75
44 19 16
44 20 60
44 21 5
44 22 51
44 23 46
44 24 52
44 25 47
44 26 67
44 27 30
44 28 49
44 29 24
44 30 54
44 31 24
44 32 23
44 33 57
44 34 59
44 35 55
44 36 51
44 37 38
44 38 20
44 39 42
44 40 35
44 41 65
44 42 43
44 43 28
44 44 -1
44 45 19
44 46 43
44 47 68
44 48 51
44 49 31
44 50 60
44 51 12
44 52 77
44 53 72
44 54 33
44 55 46
44 56 59
44 57 26
44 58 55
44 59 69
44 60 38
44 61 28
44 62 64
44 63 5
44 64 42
44 65 43
44 66 47
45 1 32
45 2 22
45 3 44
45 4 74
45 5 47
45 6 45
45 7 51
45 8 35
45 9 33
45 10 28
45 11 68
45 12 49
45 13 21
45 14 18
45 15 32
45 16 49
45 17 30
45 18 66
45 19 29
45 20 45
45 21 15
45 22 46
45 23 49
45 24 33
45 25 54
45 26 52
45 27 21
45 28 33
45 29 31
45 30 63
45 31 15
45 32 18
45 33 38
45 34 62
45 35 63
45 36 37
45 37 23
45 38 10
45 39 45
45 40 16
45 41 60
45 42 36
45 43 37
45 44 19
45 45 -1
45 46 38
45 47 60
45 48 52
45 49 39
45 50 49
45 51 16
45 52 69
45 53 64
45 54 16
45 55 29
45 56 59
45 57 36
45 58 50
45 59 59
45 60 45
45 61 25
45 62 48
45 63 16
45 64 32
45 65 28
45 66 43
46 1 13
46 2 19
46 3 35
46 4 38
46 5 32
46 6 22
46 7 16
46 8 40
46 9 26
46 10 11
46 11 37
46 12 32
46 13 40
46 14 47
46 15 27
46 16 22
46 17 24
46 18 33
46 19 33
46 20 30
46 21 43
46 22 8
46 23 16
46 24 43
46 25 28
46 26 37
46 27 17
46 28 29
46 29 24
46 30 38
46 31 23
46 32 21
46 33 46
46 34 26
46 35 38
46 36 24
46 37 24
46 38 28
46 39 14
46 40 39
46 41 22
46 42 4
46 43 27
46 44 43
46 45 38
46 46 -1
46 47 26
46 48 16
46 49 26
46 50 23
46 51 30
46 52 35
46 53 29
46 54 29
46 55 30
46 56 22
46 57 29
46 58 12
46 59 28
46 60 23
46 61 15
46 62 37
46 63 45
46 64 13
46 65 23
46 66 4
47 1 39
47 2 45
47 3 33
47 4 13
47 5 28
47 6 20
47 7 10
47 8 46
47 9 52
47 10 33
47 11 13
47 12 26
47 13 54
47 14 72
47 15 35
47 16 41
47 17 50
47 18 7
47 19 59
47 20 27
47 21 68
47 22 18
47 23 34
47 24 52
47 25 46
47 26 29
47 27 39
47 28 36
47 29 50
47 30 53
47 31 46
47 32 45
47 33 52
47 34 32
47 35 52
47 36 29
47 37 39
47 38 52
47 39 34
47 40 55
47 41 11
47 42 25
47 43 51
47 44 68
47 45 60
47 46 26
47 47 -1
47 48 29
47 49 50
47 50 15
47 51 55
47 52 9
47 53 4
47 54 47
47 55 40
47 56 26
47 57 54
47 58 16
47 59 7
47 60 44
47 61 40
47 62 32
47 63 70
47 64 28
47 65 35
47 66 22
48 1 20
48 2 30
48 3 50
48 4 36
48 5 46
48 6 35
48 7 22
48 8 56
48 9 29
48 10 26
48 11 42
48 12 46
48 13 56
48 14 57
48 15 43
48 16 12
48 17 28
48 18 36
48 19 37
48 20 44
48 21 53
48 22 14
48 23 5
48 24 60
48 25 17
48 26 49
48 27 32
48 28 45
48 29 28
48 30 25
48 31 37
48 32 34
48 33 62
48 34 10
48 35 24
48 36 39
48 37 40
48 38 42
48 39 8
48 40 55
48 41 19
48 42 20
48 43 26
48 44 51
48 45 52
48 46 16
48 47 29
48 48 -1
48 49 24
48 50 34
48 51 40
48 52 36
48 53 30
48 54 45
48 55 47
48 56 8
48 57 29
48 58 13
48 59 34
48 60 17
48 61 27
48 62 51
48 63 54
48 64 30
48 65 39
48 66 14
49 1 13
49 2 19
49 3 59
49 4 59
49 5 57
49 6 48
49 7 40
49 8 59
49 9 7
49 10 28
49 11 62
49 12 58
49 13 53
49 14 38
49 15 47
49 16 13
49 17 9
49 18 57
49 19 15
49 20 55
49 21 35
49 22 31
49 23 18
49 24 61
49 25 16
49 26 62
49 27 28
49 28 50
49 29 8
49 30 23
49 31 29
49 32 24
49 33 65
49 34 30
49 35 24
49 36 47
49 37 41
49 38 31
49 39 16
49 40 49
49 41 42
49 42 29
49 43 3
49 44 31
49 45 39
49 46 26
49 47 50
49 48 24
49 49 -1
49 50 49
49 51 23
49 52 58
49 53 52
49 54 41
49 55 49
49 56 31
49 57 5
49 58 33
49 59 53
49 60 8
49 61 20
49 62 61
49 63 36
49 64 35
49 65 42
49 66 28
50 1 36
50 2 38
50 3 19
50 4 27
50 5 13
50 6 5
50 7 12
50 8 31
50 9 49
50 10 25
50 11 19
50 12 12
50 13 40
50 14 63
50 15 20
50 16 43
50 17 46
50 18 18
50 19 54
50 20 13
50 21 59
50 22 19
50 23 37
50 24 37
50 25 49
50 26 16
50 27 30
50 28 21
50 29 46
50 30 59
50 31 36
50 32 37
50 33 37
50 34 41
50 35 58
50 36 14
50 37 26
50 38 42
50 39 36
50 40 42
50 41 22
50 42 20
50 43 50
50 44 60
50 45 49
50 46 23
50 47 15
50 48 34
50 49 49
50 50 -1
50 51 48
50 52 21
50 53 19
50 54 34
50 55 25
50 56 34
50 57 52
50 58 20
50 59 10
50 60 45
50 61 33
50 62 18
50 63 61
50 64 18
50 65 21
50 66 21
51 1 19
51 2 10
51 3 50
51 4 68
51 5 50
51 6 45
51 7 46
51 8 44
51 9 17
51 10 23
51 11 66
51 12 52
51 13 34
51 14 17
51 15 37
51 16 35
51 17 14
51 18 62
51 19 12
51 20 49
51 21 13
51 22 39
51 23 35
51 24 44
51 25 39
51 26 56
51 27 18
51 28 39
51 29 15
51 30 47
51 31 13
51 32 10
51 33 49
51 34 49
51 35 48
51 36 39
51 37 28
51 38 10
51 39 32
51 40 29
51 41 52
51 42 30
51 43 21
51 44 12
51 45 16
51 46 30
51 47 55
51 48 40
51 49 23
51 50 48
51 51 -1
51 52 65
51 53 59
51 54 23
51 55 36
51 56 48
51 57 20
51 58 42
51 59 56
51 60 30
51 61 15
51 62 53
51 63 14
51 64 30
51 65 32
51 66 34
52 1 48
52 2 54
52 3 39
52 4 6
52 5 33
52 6 26
52 7 19
52 8 52
52 9 61
52 10 42
52 11 8
52 12 31
52 13 61
52 14 82
52 15 42
52 16 48
52 17 59
52 18 4
52 19 68
52 20 33
52 21 77
52 22 27
52 23 41
52 24 58
52 25 53
52 26 32
52 27 48
52 28 43
52 29 59
52 30 60
52 31 55
52 32 55
52 33 58
52 34 38
52 35 59
52 36 36
52 37 47
52 38 61
52 39 42
52 40 63
52 41 17
52 42 34
52 43 60
52 44 77
52 45 69
52 46 35
52 47 9
52 48 36
52 49 58
52 50 21
52 51 65
52 52 -1
52 53 6
52 54 55
52 55 47
52 56 32
52 57 63
52 58 24
52 59 11
52 60 52
52 61 49
52 62 37
52 63 79
52 64 37
52 65 43
52 66 31
53 1 42
53 2 48
53 3 37
53 4 9
53 5 31
53 6 24
53 7 13
53 8 50
53 9 55
53 10 37
53 11 12
53 12 30
53 13 58
53 14 76
53 15 39
53 16 42
53 17 53
53 18 6
53 19 62
53 20 31
53 21 72
53 22 21
53 23 35
53 24 56
53 25 47
53 26 32
53 27 43
53 28 40
53 29 52
53 30 54
53 31 50
53 32 49
53 33 56
53 34 32
53 35 53
53 36 33
53 37 43
53 38 55
53 39 36
53 40 59
53 41 11
53 42 29
53 43 54
53 44 72
53 45 64
53 46 29
53 47 4
53 48 30
53 49 52
53 50 19
53 51 59
53 52 6
53 53 -1
53 54 51
53 55 44
53 56 26
53 57 56
53 58 18
53 59 9
53 60 46
53 61 43
53 62 36
53 63 73
53 64 32
53 65 39
53 66 25
54 1 28
54 2 21
54 3 28
54 4 60
54 5 31
54 6 29
54 7 38
54 8 21
54 9 36
54 10 18
54 11 53
54 12 33
54 13 12
54 14 33
54 15 16
54 16 46
54 17 32
54 18 51
54 19 35
54 20 29
54 21 29
54 22 36
54 23 43
54 24 21
54 25 52
54 26 36
54 27 13
54 28 17
54 29 33
54 30 62
54 31 12
54 32 16
54 33 25
54 34 55
54 35 62
54 36 21
54 37 7
54 38 13
54 39 39
54 40 10
54 41 48
54 42 26
54 43 39
54 44 33
54 45 16
54 46 29
54 47 47
54 48 45
54 49 41
54 50 34
54 51 23
54 52 55
54 53 51
54 54 -1
54 55 13
54 56 51
54 57 40
54 58 40
54 59 44
54 60 43
54 61 20
54 62 32
54 63 30
54 64 18
54 65 12
54 66 33
55 1 35
55 2 31
55 3 15
55 4 53
55 5 19
55 6 20
55 7 34
55 8 10
55 9 46
55 10 21
55 11 44
55 12 21
55 13 14
55 14 46
55 15 5
55 16 51
55 17 42
55 18 43
55 19 47
55 20 17
55 21 42
55 22 34
55 23 47
55 24 13
55 25 58
55 26 23
55 27 21
55 28 5
55 29 42
55 30 67
55 31 23
55 32 26
55 33 16
55 34 56
55 35 67
55 36 11
55 37 8
55 38 26
55 39 44
55 40 17
55 41 45
55 42 26
55 43 48
55 44 46
55 45 29
55 46 30
55 47 40
55 48 47
55 49 49
55 50 25
55 51 36
55 52 47
55 53 44
55 54 13
55 55 -1
55 56 51
55 57 49
55 58 38
55 59 36
55 60 50
55 61 28
55 62 19
55 63 44
55 64 17
55 65 7
55 66 33
56 1 28
56 2 38
56 3 52
56 4 31
56 5 48
56 6 37
56 7 22
56 8 60
56 9 37
56 10 33
56 11 38
56 12 47
56 13 62
56 14 65
56 15 47
56 16 18
56 17 36
56 18 32
56 19 45
56 20 46
56 21 61
56 22 17
56 23 13
56 24 65
56 25 21
56 26 50
56 27 39
56 28 49
56 29 36
56 30 28
56 31 44
56 32 41
56 33 67
56 34 6
56 35 27
56 36 43
56 37 46
56 38 49
56 39 16
56 40 61
56 41 15
56 42 25
56 43 34
56 44 59
56 45 59
56 46 22
56 47 26
56 48 8
56 49 31
56 50 34
56 51 48
56 52 32
56 53 26
56 54 51
56 55 51
56 56 -1
56 57 37
56 58 14
56 59 32
56 60 24
56 61 34
56 62 53
56 63 62
56 64 34
56 65 44
56 66 18
57 1 16
57 2 18
57 3 60
57 4 64
57 5 59
57 6 51
57 7 44
57 8 59
57 9 3
57 10 29
57 11 66
57 12 60
57 13 51
57 14 33
57 15 48
57 16 19
57 17 7
57 18 61
57 19 10
57 20 57
57 21 30
57 22 36
57 23 24
57 24 60
57 25 21
57 26 64
57 27 28
57 28 50
57 29 6
57 30 28
57 31 27
57 32 23
57 33 65
57 34 36
57 35 29
57 36 49
57 37 41
57 38 29
57 39 21
57 40 48
57 41 47
57 42 32
57 43 2
57 44 26
57 45 36
57 46 29
57 47 54
57 48 29
57 49 5
57 50 52
57 51 20
57 52 63
57 53 56
57 54 40
57 55 49
57 56 37
57 57 -1
57 58 38
57 59 57
57 60 13
57 61 21
57 62 63
57 63 31
57 64 37
57 65 43
57 66 32
58 1 24
58 2 32
58 3 38
58 4 26
58 5 33
58 6 23
58 7 8
58 8 46
58 9 36
58 10 22
58 11 29
58 12 33
58 13 50
58 14 60
58 15 33
58 16 25
58 17 35
58 18 23
58 19 44
58 20 32
58 21 56
58 22 4
58 23 18
58 24 51
58 25 30
58 26 37
58 27 29
58 28 35
58 29 34
58 30 38
58 31 35
58 32 34
58 33 53
58 34 20
58 35 38
58 36 29
58 37 34
58 38 41
58 39 18
58 40 50
58 41 10
58 42 14
58 43 35
58 44 55
58 45 50
58 46 12
58 47 16
58 48 13
58 49 33
58 50 20
58 51 42
58 52 24
58 53 18
58 54 40
58 55 38
58 56 14
58 57 38
58 58 -1
58 59 21
58 60 28
58 61 27
58 62 38
58 63 57
58 64 22
58 65 31
58 66 8
59 1 42
59 2 46
59 3 28
59 4 17
59 5 22
59 6 15
59 7 13
59 8 41
59 9 55
59 10 33
59 11 9
59 12 20
59 13 50
59 14 73
59 15 31
59 16 46
59 17 53
59 18 7
59 19 61
59 20 22
59 21 68
59 22 22
59 23 39
59 24 47
59 25 51
59 26 22
59 27 39
59 28 32
59 29 52
59 30 59
59 31 46
59 32 46
59 33 47
59 34 39
59 35 58
59 36 25
59 37 37
59 38 51
59 39 39
59 40 52
59 41 18
59 42 26
59 43 55
59 44 69
59 45 59
59 46 28
59 47 7
59 48 34
59 49 53
59 50 10
59 51 56
59 52 11
59 53 9
59 54 44
59 55 36
59 56 32
59 57 57
59 58 21
59 59 -1
59 60 49
59 61 41
59 62 26
59 63 70
59 64 27
59 65 32
59 66 25
60 1 15
60 2 23
60 3 58
60 4 53
60 5 55
60 6 45
60 7 36
60 8 60
60 9 14
60 10 28
60 11 57
60 12 55
60 13 56
60 14 45
60 15 48
60 16 5
60 17 16
60 18 51
60 19 23
60 20 53
60 21 42
60 22 27
60 23 11
60 24 62
60 25 9
60 26 60
60 27 30
60 28 50
60 29 15
60 30 18
60 31 32
60 32 28
60 33 66
60 34 22
60 35 18
60 36 46
60 37 42
60 38 36
60 39 10
60 40 53
60 41 36
60 42 26
60 43 11
60 44 38
60 45 45
60 46 23
60 47 44
60 48 17
60 49 8
60 50 45
60 51 30
60 52 52
60 53 46
60 54 43
60 55 50
60 56 24
60 57 13
60 58 28
60 59 49
60 60 -1
60 61 23
60 62 60
60 63 43
60 64 34
60 65 43
60 66 24
61 1 8
61 2 5
61 3 39
61 4 53
61 5 39
61 6 31
61 7 30
61 8 38
61 9 17
61 10 9
61 11 51
61 12 40
61 13 33
61 14 32
61 15 27
61 16 26
61 17 14
61 18 47
61 19 21
61 20 37
61 21 28
61 22 23
61 23 24
61 24 40
61 25 31
61 26 44
61 27 7
61 28 29
61 29 14
61 30 41
61 31 10
61 32 7
61 33 44
61 34 37
61 35 41
61 36 28
61 37 20
61 38 15
61 39 20
61 40 30
61 41 37
61 42 15
61 43 20
61 44 28
61 45 25
61 46 15
61 47 40
61 48 27
61 49 20
61 50 33
61 51 15
61 52 49
61 53 43
61 54 20
61 55 28
61 56 34
61 57 21
61 58 27
61 59 41
61 60 23
61 61 -1
61 62 42
61 63 30
61 64 17
61 65 22
61 66 19
62 1 47
62 2 46
62 3 3
62 4 43
62 5 5
62 6 15
62 7 31
62 8 17
62 9 59
62 10 33
62 11 31
62 12 6
62 13 31
62 14 65
62 15 16
62 16 59
62 17 56
62 18 33
62 19 63
62 20 6
62 21 61
62 22 36
62 23 53
62 24 23
62 25 65
62 26 5
62 27 36
62 28 14
62 29 56
62 30 75
62 31 40
62 32 43
62 33 21
62 34 59
62 35 75
62 36 14
62 37 25
62 38 44
62 39 51
62 40 35
62 41 41
62 42 33
62 43 61
62 44 64
62 45 48
62 46 37
62 47 32
62 48 51
62 49 61
62 50 18
62 51 53
62 52 37
62 53 36
62 54 32
62 55 19
62 56 53
62 57 63
62 58 38
62 59 26
62 60 60
62 61 42
62 62 -1
62 63 62
62 64 25
62 65 21
62 66 37
63 1 34
63 2 25
63 3 59
63 4 82
63 5 61
63 6 57
63 7 60
63 8 51
63 9 29
63 10 36
63 11 79
63 12 63
63 13 37
63 14 2
63 15 46
63 16 48
63 17 27
63 18 76
63 19 21
63 20 59
63 21 1
63 22 53
63 23 50
63 24 49
63 25 52
63 26 66
63 27 30
63 28 48
63 29 28
63 30 59
63 31 24
63 32 24
63 33 54
63 34 63
63 35 60
63 36 50
63 37 37
63 38 19
63 39 46
63 40 32
63 41 67
63 42 44
63 43 33
63 44 5
63 45 16
63 46 45
63 47 70
63 48 54
63 49 36
63 50 61
63 51 14
63 52 79
63 53 73
63 54 30
63 55 44
63 56 62
63 57 31
63 58 57
63 59 70
63 60 43
63 61 30
63 62 62
63 63 -1
63 64 43
63 65 42
63 66 49
64 1 21
64 2 21
64 3 23
64 4 42
64 5 22
64 6 14
64 7 19
64 8 26
64 9 34
64 10 8
64 11 36
64 12 23
64 13 28
64 14 45
64 15 13
64 16 35
64 17 31
64 18 34
64 19 38
64 20 20
64 21 41
64 22 18
64 23 30
64 24 30
64 25 41
64 26 27
64 27 12
64 28 15
64 29 31
64 30 51
64 31 18
64 32 19
64 33 33
64 34 39
64 35 51
64 36 11
64 37 12
64 38 24
64 39 27
64 40 28
64 41 30
64 42 9
64 43 35
64 44 42
64 45 32
64 46 13
64 47 28
64 48 30
64 49 35
64 50 18
64 51 30
64 52 37
64 53 32
64 54 18
64 55 17
64 56 34
64 57 37
64 58 22
64 59 27
64 60 34
64 61 17
64 62 25
64 63 43
64 64 -1
64 65 9
64 66 16
65 1 29
65 2 25
65 3 18
65 4 48
65 5 19
65 6 17
65 7 28
65 8 16
65 9 40
65 10 15
65 11 41
65 12 21
65 13 19
65 14 44
65 15 5
65 16 44
65 17 36
65 18 39
65 19 42
65 20 17
65 21 40
65 22 27
65 23 40
65 24 20
65 25 50
65 26 24
65 27 15
65 28 7
65 29 37
65 30 60
65 31 19
65 32 22
65 33 23
65 34 49
65 35 60
65 36 8
65 37 5
65 38 23
65 39 36
65 40 20
65 41 39
65 42 19
65 43 42
65 44 43
65 45 28
65 46 23
65 47 35
65 48 39
65 49 42
65 50 21
65 51 32
65 52 43
65 53 39
65 54 12
65 55 7
65 56 44
65 57 43
65 58 31
65 59 32
65 60 43
65 61 22
65 62 21
65 63 42
65 64 9
65 65 -1
65 66 26
66 1 17
66 2 24
66 3 36
66 4 34
66 5 32
66 6 22
66 7 12
66 8 42
66 9 30
66 10 15
66 11 34
66 12 32
66 13 43
66 14 52
66 15 29
66 16 22
66 17 28
66 18 29
66 19 37
66 20 31
66 21 48
66 22 4
66 23 16
66 24 46
66 25 28
66 26 36
66 27 21
66 28 31
66 29 27
66 30 38
66 31 27
66 32 25
66 33 48
66 34 23
66 35 37
66 36 25
66 37 27
66 38 33
66 39 14
66 40 43
66 41 18
66 42 7
66 43 29
66 44 47
66 45 43
66 46 4
66 47 22
66 48 14
66 49 28
66 50 21
66 51 34
66 52 31
66 53 25
66 54 33
66 55 33
66 56 18
66 57 32
66 58 8
66 59 25
66 60 24
66 61 19
66 62 37
66 63 49
66 64 16
66 65 26
66 66 -1
