1 1 76
1 2 60
1 3 1
1 4 35
1 5 52
1 6 47
1 7 43
1 8 43
1 9 70
1 10 96
1 11 14
1 12 99
1 13 88
1 14 60
1 15 13
1 16 76
1 17 98
1 18 67
1 19 7
1 20 83
1 21 21
1 22 19
1 23 3
1 24 73
1 25 65
1 26 58
1 27 19
1 28 21
1 29 80
1 30 23
1 31 6
1 32 36
1 33 45
1 34 92
1 35 48
1 36 86
1 37 25
1 38 70
1 39 91
1 40 39
1 41 83
1 42 61
1 43 22
1 44 76
1 45 53
1 46 23
1 47 10
1 48 66
1 49 5
1 50 72
2 1 66
2 2 84
2 3 39
2 4 21
2 5 79
2 6 35
2 7 61
2 8 56
2 9 83
2 10 3
2 11 91
2 12 71
2 13 96
2 14 1
2 15 64
2 16 95
2 17 85
2 18 54
2 19 88
2 20 49
2 21 77
2 22 77
2 23 42
2 24 35
2 25 7
2 26 15
2 27 50
2 28 75
2 29 70
2 30 8
2 31 31
2 32 64
2 33 26
2 34 46
2 35 82
2 36 100
2 37 48
2 38 78
2 39 54
2 40 80
2 41 97
2 42 85
2 43 15
2 44 74
2 45 77
2 46 81
2 47 48
2 48 94
2 49 11
2 50 83
3 1 32
3 2 57
3 3 49
3 4 40
3 5 41
3 6 27
3 7 14
3 8 89
3 9 72
3 10 97
3 11 85
3 12 63
3 13 57
3 14 75
3 15 54
3 16 35
3 17 73
3 18 29
3 19 3
3 20 83
3 21 47
3 22 23
3 23 51
3 24 78
3 25 85
3 26 13
3 27 66
3 28 7
3 29 39
3 30 81
3 31 57
3 32 71
3 33 20
3 34 81
3 35 21
3 36 16
3 37 13
3 38 11
3 39 53
3 40 69
3 41 85
3 42 92
3 43 58
3 44 99
3 45 75
3 46 45
3 47 98
3 48 16
3 49 56
3 50 7
4 1 63
4 2 48
4 3 24
4 4 3
4 5 79
4 6 48
4 7 29
4 8 24
4 9 8
4 10 39
4 11 98
4 12 69
4 13 100
4 14 71
4 15 72
4 16 19
4 17 53
4 18 71
4 19 79
4 20 86
4 21 21
4 22 72
4 23 92
4 24 73
4 25 56
4 26 79
4 27 98
4 28 32
4 29 13
4 30 20
4 31 41
4 32 55
4 33 54
4 34 62
4 35 40
4 36 49
4 37 43
4 38 52
4 39 39
4 40 60
4 41 22
4 42 75
4 43 64
4 44 27
4 45 88
4 46 78
4 47 40
4 48 24
4 49 30
4 50 40
5 1 9
5 2 90
5 3 92
5 4 70
5 5 45
5 6 91
5 7 42
5 8 10
5 9 4
5 10 83
5 11 78
5 12 88
5 13 6
5 14 13
5 15 40
5 16 2
5 17 31
5 18 23
5 19 16
5 20 9
5 21 63
5 22 18
5 23 89
5 24 61
5 25 3
5 26 33
5 27 78
5 28 77
5 29 41
5 30 84
5 31 71
5 32 11
5 33 32
5 34 79
5 35 41
5 36 24
5 37 18
5 38 70
5 39 22
5 40 49
5 41 55
5 42 71
5 43 47
5 44 68
5 45 51
5 46 32
5 47 10
5 48 15
5 49 21
5 50 1
6 1 81
6 2 37
6 3 80
6 4 35
6 5 38
6 6 10
6 7 12
6 8 94
6 9 67
6 10 75
6 11 52
6 12 91
6 13 55
6 14 64
6 15 54
6 16 79
6 17 70
6 18 52
6 19 27
6 20 61
6 21 16
6 22 31
6 23 24
6 24 27
6 25 76
6 26 28
6 27 45
6 28 55
6 29 49
6 30 77
6 31 58
6 32 30
6 33 63
6 34 99
6 35 83
6 36 87
6 37 55
6 38 3
6 39 10
6 40 13
6 41 86
6 42 20
6 43 81
6 44 28
6 45 77
6 46 33
6 47 64
6 48 82
6 49 74
6 50 13
7 1 15
7 2 88
7 3 52
7 4 82
7 5 73
7 6 42
7 7 54
7 8 45
7 9 89
7 10 27
7 11 49
7 12 80
7 13 46
7 14 61
7 15 73
7 16 74
7 17 8
7 18 42
7 19 14
7 20 3
7 21 47
7 22 74
7 23 34
7 24 24
7 25 95
7 26 91
7 27 21
7 28 13
7 29 14
7 30 84
7 31 69
7 32 81
7 33 24
7 34 13
7 35 77
7 36 63
7 37 66
7 38 61
7 39 40
7 40 78
7 41 58
7 42 83
7 43 31
7 44 75
7 45 92
7 46 48
7 47 81
7 48 46
7 49 64
7 50 84
8 1 89
8 2 88
8 3 93
8 4 100
8 5 82
8 6 57
8 7 50
8 8 52
8 9 84
8 10 2
8 11 7
8 12 65
8 13 16
8 14 70
8 15 3
8 16 58
8 17 33
8 18 16
8 19 67
8 20 100
8 21 71
8 22 31
8 23 21
8 24 37
8 25 26
8 26 99
8 27 16
8 28 27
8 29 92
8 30 1
8 31 79
8 32 85
8 33 36
8 34 6
8 35 93
8 36 9
8 37 54
8 38 20
8 39 94
8 40 70
8 41 4
8 42 91
8 43 95
8 44 51
8 45 19
8 46 41
8 47 31
8 48 70
8 49 62
8 50 29
9 1 54
9 2 7
9 3 60
9 4 84
9 5 93
9 6 28
9 7 99
9 8 84
9 9 20
9 10 75
9 11 89
9 12 65
9 13 61
9 14 71
9 15 83
9 16 62
9 17 51
9 18 81
9 19 61
9 20 27
9 21 50
9 22 94
9 23 75
9 24 14
9 25 57
9 26 99
9 27 55
9 28 68
9 29 50
9 30 68
9 31 66
9 32 71
9 33 49
9 34 89
9 35 43
9 36 64
9 37 37
9 38 61
9 39 37
9 40 19
9 41 66
9 42 90
9 43 25
9 44 37
9 45 50
9 46 100
9 47 7
9 48 32
9 49 19
9 50 5
10 1 1
10 2 69
10 3 76
10 4 11
10 5 20
10 6 42
10 7 79
10 8 38
10 9 76
10 10 15
10 11 56
10 12 60
10 13 79
10 14 45
10 15 9
10 16 75
10 17 31
10 18 41
10 19 57
10 20 30
10 21 39
10 22 44
10 23 99
10 24 69
10 25 23
10 26 78
10 27 51
10 28 33
10 29 8
10 30 89
10 31 79
10 32 94
10 33 79
10 34 34
10 35 65
10 36 26
10 37 32
10 38 53
10 39 15
10 40 87
10 41 73
10 42 7
10 43 1
10 44 38
10 45 46
10 46 97
10 47 4
10 48 34
10 49 81
10 50 68
11 1 71
11 2 67
11 3 100
11 4 96
11 5 9
11 6 36
11 7 54
11 8 8
11 9 38
11 10 12
11 11 67
11 12 6
11 13 53
11 14 4
11 15 44
11 16 72
11 17 30
11 18 28
11 19 29
11 20 19
11 21 1
11 22 60
11 23 95
11 24 95
11 25 10
11 26 85
11 27 2
11 28 37
11 29 83
11 30 88
11 31 80
11 32 17
11 33 12
11 34 98
11 35 31
11 36 56
11 37 84
11 38 63
11 39 93
11 40 83
11 41 44
11 42 45
11 43 59
11 44 97
11 45 18
11 46 57
11 47 85
11 48 36
11 49 42
11 50 90
12 1 62
12 2 64
12 3 10
12 4 63
12 5 57
12 6 85
12 7 45
12 8 43
12 9 92
12 10 77
12 11 67
12 12 22
12 13 68
12 14 71
12 15 33
12 16 58
12 17 17
12 18 100
12 19 47
12 20 96
12 21 79
12 22 7
12 23 49
12 24 48
12 25 86
12 26 39
12 27 57
12 28 70
12 29 84
12 30 62
12 31 55
12 32 39
12 33 32
12 34 53
12 35 75
12 36 91
12 37 17
12 38 26
12 39 100
12 40 68
12 41 32
12 42 13
12 43 33
12 44 47
12 45 15
12 46 65
12 47 17
12 48 87
12 49 10
12 50 79
13 1 99
13 2 74
13 3 17
13 4 14
13 5 97
13 6 72
13 7 19
13 8 96
13 9 72
13 10 85
13 11 83
13 12 55
13 13 48
13 14 81
13 15 37
13 16 17
13 17 52
13 18 22
13 19 16
13 20 78
13 21 10
13 22 36
13 23 5
13 24 76
13 25 14
13 26 34
13 27 93
13 28 79
13 29 81
13 30 9
13 31 52
13 32 27
13 33 50
13 34 9
13 35 74
13 36 40
13 37 45
13 38 70
13 39 20
13 40 32
13 41 20
13 42 23
13 43 11
13 44 50
13 45 19
13 46 30
13 47 91
13 48 99
13 49 45
13 50 39
14 1 74
14 2 32
14 3 88
14 4 85
14 5 57
14 6 82
14 7 40
14 8 11
14 9 90
14 10 23
14 11 93
14 12 89
14 13 45
14 14 60
14 15 99
14 16 60
14 17 75
14 18 7
14 19 16
14 20 29
14 21 62
14 22 76
14 23 58
14 24 3
14 25 8
14 26 46
14 27 1
14 28 78
14 29 74
14 30 97
14 31 72
14 32 71
14 33 16
14 34 53
14 35 62
14 36 26
14 37 72
14 38 35
14 39 27
14 40 95
14 41 7
14 42 23
14 43 55
14 44 66
14 45 92
14 46 85
14 47 75
14 48 21
14 49 42
14 50 65
15 1 95
15 2 35
15 3 25
15 4 16
15 5 38
15 6 30
15 7 9
15 8 52
15 9 86
15 10 30
15 11 81
15 12 81
15 13 90
15 14 56
15 15 74
15 16 65
15 17 89
15 18 14
15 19 43
15 20 21
15 21 5
15 22 52
15 23 70
15 24 63
15 25 55
15 26 18
15 27 13
15 28 95
15 29 92
15 30 35
15 31 51
15 32 70
15 33 51
15 34 93
15 35 85
15 36 2
15 37 75
15 38 44
15 39 5
15 40 34
15 41 37
15 42 59
15 43 7
15 44 62
15 45 27
15 46 81
15 47 12
15 48 9
15 49 81
15 50 45
16 1 86
16 2 33
16 3 10
16 4 91
16 5 15
16 6 58
16 7 97
16 8 91
16 9 24
16 10 27
16 11 9
16 12 86
16 13 71
16 14 39
16 15 2
16 16 35
16 17 5
16 18 54
16 19 48
16 20 31
16 21 75
16 22 82
16 23 58
16 24 38
16 25 68
16 26 53
16 27 64
16 28 30
16 29 68
16 30 93
16 31 65
16 32 98
16 33 34
16 34 91
16 35 7
16 36 88
16 37 44
16 38 45
16 39 39
16 40 98
16 41 41
16 42 42
16 43 36
16 44 80
16 45 86
16 46 75
16 47 90
16 48 3
16 49 10
16 50 54
17 1 6
17 2 29
17 3 3
17 4 26
17 5 44
17 6 81
17 7 6
17 8 18
17 9 96
17 10 49
17 11 3
17 12 7
17 13 72
17 14 19
17 15 76
17 16 58
17 17 14
17 18 65
17 19 70
17 20 24
17 21 51
17 22 56
17 23 50
17 24 56
17 25 32
17 26 56
17 27 7
17 28 65
17 29 54
17 30 11
17 31 50
17 32 49
17 33 95
17 34 16
17 35 25
17 36 24
17 37 57
17 38 39
17 39 29
17 40 82
17 41 60
17 42 72
17 43 66
17 44 66
17 45 69
17 46 37
17 47 29
17 48 77
17 49 99
17 50 4
18 1 20
18 2 26
18 3 14
18 4 26
18 5 10
18 6 93
18 7 92
18 8 90
18 9 18
18 10 4
18 11 28
18 12 33
18 13 23
18 14 88
18 15 90
18 16 68
18 17 58
18 18 63
18 19 11
18 20 76
18 21 52
18 22 23
18 23 20
18 24 2
18 25 88
18 26 64
18 27 80
18 28 36
18 29 80
18 30 7
18 31 92
18 32 69
18 33 80
18 34 75
18 35 95
18 36 23
18 37 43
18 38 10
18 39 58
18 40 67
18 41 52
18 42 61
18 43 24
18 44 10
18 45 81
18 46 98
18 47 49
18 48 3
18 49 21
18 50 28
19 1 78
19 2 16
19 3 52
19 4 63
19 5 23
19 6 29
19 7 73
19 8 86
19 9 59
19 10 81
19 11 29
19 12 46
19 13 59
19 14 27
19 15 14
19 16 51
19 17 63
19 18 72
19 19 24
19 20 92
19 21 27
19 22 55
19 23 96
19 24 91
19 25 14
19 26 19
19 27 85
19 28 87
19 29 62
19 30 95
19 31 23
19 32 57
19 33 63
19 34 80
19 35 60
19 36 99
19 37 61
19 38 37
19 39 23
19 40 71
19 41 9
19 42 97
19 43 4
19 44 91
19 45 71
19 46 54
19 47 53
19 48 57
19 49 79
19 50 48
20 1 54
20 2 69
20 3 87
20 4 63
20 5 54
20 6 71
20 7 50
20 8 94
20 9 17
20 10 100
20 11 51
20 12 2
20 13 31
20 14 25
20 15 44
20 16 85
20 17 48
20 18 70
20 19 29
20 20 87
20 21 60
20 22 95
20 23 96
20 24 48
20 25 47
20 26 11
20 27 72
20 28 55
20 29 96
20 30 26
20 31 66
20 32 25
20 33 79
20 34 69
20 35 71
20 36 85
20 37 81
20 38 34
20 39 1
20 40 21
20 41 71
20 42 58
20 43 38
20 44 3
20 45 82
20 46 32
20 47 27
20 48 32
20 49 75
20 50 78
21 1 10
21 2 36
21 3 2
21 4 97
21 5 36
21 6 97
21 7 24
21 8 57
21 9 77
21 10 98
21 11 51
21 12 86
21 13 71
21 14 99
21 15 4
21 16 59
21 17 51
21 18 41
21 19 21
21 20 37
21 21 44
21 22 33
21 23 4
21 24 97
21 25 84
21 26 5
21 27 9
21 28 28
21 29 47
21 30 98
21 31 56
21 32 25
21 33 33
21 34 57
21 35 90
21 36 69
21 37 7
21 38 26
21 39 69
21 40 19
21 41 70
21 42 92
21 43 71
21 44 75
21 45 71
21 46 27
21 47 65
21 48 85
21 49 71
21 50 85
22 1 8
22 2 31
22 3 79
22 4 68
22 5 11
22 6 54
22 7 9
22 8 76
22 9 56
22 10 84
22 11 24
22 12 25
22 13 15
22 14 83
22 15 52
22 16 55
22 17 54
22 18 23
22 19 38
22 20 79
22 21 98
22 22 67
22 23 60
22 24 10
22 25 43
22 26 64
22 27 6
22 28 22
22 29 33
22 30 68
22 31 43
22 32 19
22 33 33
22 34 85
22 35 8
22 36 41
22 37 96
22 38 83
22 39 36
22 40 52
22 41 20
22 42 85
22 43 54
22 44 8
22 45 32
22 46 61
22 47 62
22 48 46
22 49 53
22 50 70
23 1 100
23 2 100
23 3 44
23 4 30
23 5 7
23 6 64
23 7 66
23 8 62
23 9 31
23 10 63
23 11 80
23 12 77
23 13 80
23 14 4
23 15 63
23 16 27
23 17 93
23 18 87
23 19 95
23 20 64
23 21 52
23 22 86
23 23 56
23 24 64
23 25 26
23 26 13
23 27 70
23 28 4
23 29 93
23 30 25
23 31 64
23 32 33
23 33 84
23 34 29
23 35 10
23 36 17
23 37 67
23 38 20
23 39 44
23 40 71
23 41 56
23 42 80
23 43 44
23 44 37
23 45 22
23 46 5
23 47 86
23 48 50
23 49 81
23 50 97
24 1 81
24 2 32
24 3 62
24 4 30
24 5 21
24 6 73
24 7 53
24 8 68
24 9 17
24 10 42
24 11 82
24 12 41
24 13 93
24 14 33
24 15 16
24 16 82
24 17 37
24 18 56
24 19 34
24 20 76
24 21 53
24 22 10
24 23 74
24 24 61
24 25 33
24 26 92
24 27 3
24 28 55
24 29 42
24 30 83
24 31 27
24 32 31
24 33 71
24 34 100
24 35 17
24 36 91
24 37 67
24 38 23
24 39 37
24 40 1
24 41 51
24 42 78
24 43 92
24 44 11
24 45 53
24 46 44
24 47 78
24 48 7
24 49 4
24 50 37
25 1 49
25 2 90
25 3 11
25 4 80
25 5 11
25 6 11
25 7 69
25 8 99
25 9 86
25 10 47
25 11 34
25 12 98
25 13 63
25 14 80
25 15 35
25 16 88
25 17 72
25 18 63
25 19 36
25 20 18
25 21 44
25 22 1
25 23 65
25 24 32
25 25 46
25 26 53
25 27 24
25 28 91
25 29 34
25 30 23
25 31 5
25 32 8
25 33 64
25 34 32
25 35 20
25 36 100
25 37 24
25 38 52
25 39 26
25 40 62
25 41 53
25 42 50
25 43 14
25 44 84
25 45 68
25 46 32
25 47 7
25 48 12
25 49 33
25 50 45
26 1 89
26 2 57
26 3 59
26 4 20
26 5 71
26 6 23
26 7 25
26 8 26
26 9 27
26 10 47
26 11 70
26 12 35
26 13 87
26 14 71
26 15 74
26 16 23
26 17 84
26 18 37
26 19 55
26 20 25
26 21 83
26 22 26
26 23 3
26 24 99
26 25 95
26 26 91
26 27 100
26 28 50
26 29 12
26 30 14
26 31 8
26 32 22
26 33 85
26 34 12
26 35 53
26 36 24
26 37 36
26 38 56
26 39 80
26 40 54
26 41 97
26 42 56
26 43 19
26 44 96
26 45 70
26 46 61
26 47 73
26 48 79
26 49 45
26 50 39
27 1 63
27 2 21
27 3 75
27 4 84
27 5 48
27 6 9
27 7 58
27 8 44
27 9 92
27 10 35
27 11 34
27 12 51
27 13 64
27 14 69
27 15 52
27 16 86
27 17 58
27 18 93
27 19 64
27 20 83
27 21 65
27 22 96
27 23 84
27 24 92
27 25 84
27 26 44
27 27 66
27 28 72
27 29 56
27 30 43
27 31 86
27 32 54
27 33 29
27 34 15
27 35 22
27 36 56
27 37 10
27 38 24
27 39 72
27 40 17
27 41 38
27 42 50
27 43 67
27 44 92
27 45 56
27 46 78
27 47 63
27 48 69
27 49 93
27 50 47
28 1 86
28 2 55
28 3 62
28 4 19
28 5 59
28 6 41
28 7 75
28 8 74
28 9 99
28 10 73
28 11 97
28 12 83
28 13 55
28 14 46
28 15 80
28 16 81
28 17 17
28 18 57
28 19 92
28 20 91
28 21 72
28 22 67
28 23 32
28 24 26
28 25 53
28 26 95
28 27 30
28 28 55
28 29 44
28 30 97
28 31 36
28 32 51
28 33 32
28 34 96
28 35 50
28 36 25
28 37 57
28 38 48
28 39 9
28 40 15
28 41 27
28 42 53
28 43 5
28 44 78
28 45 85
28 46 13
28 47 87
28 48 78
28 49 1
28 50 55
29 1 2
29 2 81
29 3 10
29 4 21
29 5 4
29 6 35
29 7 88
29 8 90
29 9 59
29 10 84
29 11 22
29 12 96
29 13 11
29 14 4
29 15 65
29 16 59
29 17 79
29 18 45
29 19 62
29 20 86
29 21 9
29 22 32
29 23 34
29 24 70
29 25 90
29 26 24
29 27 75
29 28 44
29 29 91
29 30 74
29 31 59
29 32 43
29 33 44
29 34 48
29 35 20
29 36 14
29 37 57
29 38 55
29 39 60
29 40 37
29 41 96
29 42 10
29 43 29
29 44 51
29 45 7
29 46 42
29 47 81
29 48 63
29 49 51
29 50 96
30 1 29
30 2 56
30 3 53
30 4 36
30 5 26
30 6 32
30 7 65
30 8 95
30 9 77
30 10 65
30 11 55
30 12 97
30 13 4
30 14 80
30 15 74
30 16 48
30 17 83
30 18 82
30 19 50
30 20 62
30 21 15
30 22 32
30 23 80
30 24 14
30 25 12
30 26 89
30 27 59
30 28 80
30 29 48
30 30 94
30 31 83
30 32 58
30 33 28
30 34 32
30 35 80
30 36 2
30 37 79
30 38 19
30 39 4
30 40 35
30 41 40
30 42 96
30 43 20
30 44 22
30 45 13
30 46 43
30 47 94
30 48 51
30 49 34
30 50 75
31 1 22
31 2 4
31 3 21
31 4 21
31 5 57
31 6 23
31 7 48
31 8 99
31 9 97
31 10 69
31 11 79
31 12 13
31 13 69
31 14 85
31 15 72
31 16 40
31 17 24
31 18 6
31 19 71
31 20 58
31 21 62
31 22 64
31 23 69
31 24 28
31 25 56
31 26 31
31 27 86
31 28 94
31 29 16
31 30 74
31 31 95
31 32 72
31 33 32
31 34 14
31 35 61
31 36 7
31 37 68
31 38 29
31 39 57
31 40 97
31 41 4
31 42 37
31 43 22
31 44 51
31 45 42
31 46 92
31 47 69
31 48 29
31 49 30
31 50 18
32 1 43
32 2 11
32 3 22
32 4 17
32 5 20
32 6 79
32 7 8
32 8 99
32 9 48
32 10 45
32 11 30
32 12 60
32 13 66
32 14 61
32 15 40
32 16 12
32 17 83
32 18 93
32 19 53
32 20 23
32 21 48
32 22 15
32 23 47
32 24 61
32 25 94
32 26 82
32 27 85
32 28 40
32 29 89
32 30 9
32 31 84
32 32 40
32 33 8
32 34 32
32 35 60
32 36 72
32 37 74
32 38 56
32 39 11
32 40 52
32 41 47
32 42 97
32 43 7
32 44 84
32 45 68
32 46 19
32 47 96
32 48 5
32 49 18
32 50 14
33 1 82
33 2 43
33 3 92
33 4 96
33 5 46
33 6 70
33 7 89
33 8 59
33 9 67
33 10 61
33 11 86
33 12 57
33 13 26
33 14 92
33 15 85
33 16 99
33 17 99
33 18 63
33 19 29
33 20 17
33 21 38
33 22 45
33 23 52
33 24 36
33 25 6
33 26 50
33 27 5
33 28 66
33 29 8
33 30 51
33 31 30
33 32 48
33 33 44
33 34 69
33 35 59
33 36 2
33 37 76
33 38 4
33 39 22
33 40 75
33 41 33
33 42 63
33 43 66
33 44 2
33 45 97
33 46 91
33 47 89
33 48 97
33 49 49
33 50 53
34 1 15
34 2 57
34 3 25
34 4 75
34 5 14
34 6 1
34 7 68
34 8 20
34 9 7
34 10 91
34 11 76
34 12 80
34 13 26
34 14 34
34 15 70
34 16 26
34 17 62
34 18 85
34 19 24
34 20 91
34 21 38
34 22 50
34 23 75
34 24 74
34 25 50
34 26 29
34 27 69
34 28 77
34 29 92
34 30 69
34 31 88
34 32 72
34 33 12
34 34 40
34 35 43
34 36 97
34 37 9
34 38 26
34 39 67
34 40 66
34 41 9
34 42 5
34 43 61
34 44 31
34 45 75
34 46 86
34 47 83
34 48 34
34 49 93
34 50 72
35 1 52
35 2 42
35 3 86
35 4 92
35 5 66
35 6 42
35 7 39
35 8 97
35 9 69
35 10 52
35 11 72
35 12 63
35 13 77
35 14 28
35 15 3
35 16 55
35 17 94
35 18 74
35 19 53
35 20 53
35 21 2
35 22 44
35 23 68
35 24 12
35 25 42
35 26 89
35 27 14
35 28 3
35 29 35
35 30 52
35 31 81
35 32 40
35 33 59
35 34 65
35 35 81
35 36 58
35 37 99
35 38 20
35 39 27
35 40 45
35 41 92
35 42 61
35 43 48
35 44 21
35 45 94
35 46 9
35 47 54
35 48 18
35 49 70
35 50 65
36 1 38
36 2 47
36 3 38
36 4 75
36 5 21
36 6 41
36 7 59
36 8 25
36 9 60
36 10 53
36 11 26
36 12 9
36 13 74
36 14 31
36 15 24
36 16 31
36 17 2
36 18 9
36 19 20
36 20 72
36 21 47
36 22 16
36 23 47
36 24 81
36 25 58
36 26 62
36 27 18
36 28 57
36 29 73
36 30 92
36 31 9
36 32 94
36 33 35
36 34 49
36 35 56
36 36 81
36 37 9
36 38 42
36 39 71
36 40 88
36 41 89
36 42 7
36 43 8
36 44 5
36 45 4
36 46 32
36 47 28
36 48 24
36 49 60
36 50 16
37 1 45
37 2 38
37 3 7
37 4 15
37 5 56
37 6 29
37 7 56
37 8 91
37 9 96
37 10 55
37 11 81
37 12 65
37 13 63
37 14 33
37 15 40
37 16 7
37 17 71
37 18 22
37 19 56
37 20 3
37 21 32
37 22 30
37 23 57
37 24 36
37 25 73
37 26 4
37 27 98
37 28 46
37 29 52
37 30 52
37 31 6
37 32 12
37 33 79
37 34 54
37 35 25
37 36 45
37 37 75
37 38 14
37 39 57
37 40 58
37 41 90
37 42 84
37 43 67
37 44 14
37 45 42
37 46 93
37 47 37
37 48 88
37 49 52
37 50 67
38 1 80
38 2 4
38 3 9
38 4 59
38 5 45
38 6 33
38 7 100
38 8 61
38 9 61
38 10 51
38 11 45
38 12 65
38 13 35
38 14 12
38 15 25
38 16 37
38 17 10
38 18 64
38 19 48
38 20 15
38 21 55
38 22 91
38 23 52
38 24 60
38 25 81
38 26 60
38 27 6
38 28 87
38 29 14
38 30 35
38 31 93
38 32 67
38 33 70
38 34 28
38 35 66
38 36 31
38 37 67
38 38 6
38 39 8
38 40 76
38 41 7
38 42 26
38 43 85
38 44 1
38 45 85
38 46 94
38 47 52
38 48 38
38 49 24
38 50 55
39 1 93
39 2 13
39 3 28
39 4 39
39 5 14
39 6 34
39 7 54
39 8 53
39 9 66
39 10 43
39 11 66
39 12 79
39 13 21
39 14 17
39 15 97
39 16 34
39 17 62
39 18 58
39 19 31
39 20 79
39 21 65
39 22 48
39 23 95
39 24 50
39 25 54
39 26 97
39 27 73
39 28 25
39 29 86
39 30 43
39 31 73
39 32 10
39 33 96
39 34 32
39 35 29
39 36 58
39 37 45
39 38 55
39 39 18
39 40 70
39 41 84
39 42 62
39 43 61
39 44 76
39 45 93
39 46 46
39 47 77
39 48 49
39 49 44
39 50 51
40 1 13
40 2 86
40 3 49
40 4 28
40 5 100
40 6 53
40 7 29
40 8 60
40 9 42
40 10 7
40 11 26
40 12 12
40 13 64
40 14 34
40 15 55
40 16 2
40 17 88
40 18 11
40 19 15
40 20 39
40 21 89
40 22 62
40 23 8
40 24 96
40 25 96
40 26 77
40 27 65
40 28 18
40 29 62
40 30 8
40 31 52
40 32 80
40 33 88
40 34 2
40 35 51
40 36 30
40 37 34
40 38 4
40 39 14
40 40 72
40 41 25
40 42 3
40 43 16
40 44 55
40 45 39
40 46 68
40 47 91
40 48 93
40 49 27
40 50 43
41 1 90
41 2 36
41 3 19
41 4 16
41 5 3
41 6 40
41 7 58
41 8 45
41 9 67
41 10 54
41 11 18
41 12 95
41 13 10
41 14 14
41 15 18
41 16 44
41 17 30
41 18 65
41 19 84
41 20 30
41 21 19
41 22 87
41 23 39
41 24 71
41 25 79
41 26 69
41 27 69
41 28 15
41 29 15
41 30 33
41 31 72
41 32 12
41 33 61
41 34 9
41 35 38
41 36 25
41 37 64
41 38 10
41 39 43
41 40 87
41 41 65
41 42 48
41 43 31
41 44 7
41 45 85
41 46 42
41 47 43
41 48 54
41 49 37
41 50 78
42 1 69
42 2 2
42 3 83
42 4 8
42 5 17
42 6 83
42 7 14
42 8 68
42 9 10
42 10 75
42 11 55
42 12 96
42 13 62
42 14 83
42 15 11
42 16 69
42 17 68
42 18 20
42 19 60
42 20 24
42 21 67
42 22 45
42 23 33
42 24 89
42 25 98
42 26 53
42 27 47
42 28 90
42 29 73
42 30 90
42 31 70
42 32 39
42 33 35
42 34 44
42 35 64
42 36 85
42 37 72
42 38 49
42 39 20
42 40 100
42 41 91
42 42 28
42 43 75
42 44 55
42 45 84
42 46 20
42 47 96
42 48 78
42 49 91
42 50 44
43 1 58
43 2 54
43 3 17
43 4 20
43 5 81
43 6 65
43 7 100
43 8 12
43 9 30
43 10 28
43 11 23
43 12 31
43 13 77
43 14 83
43 15 67
43 16 58
43 17 38
43 18 68
43 19 60
43 20 17
43 21 27
43 22 7
43 23 12
43 24 5
43 25 77
43 26 18
43 27 10
43 28 59
43 29 46
43 30 15
43 31 65
43 32 69
43 33 73
43 34 29
43 35 10
43 36 22
43 37 56
43 38 40
43 39 89
43 40 43
43 41 25
43 42 99
43 43 36
43 44 12
43 45 20
43 46 23
43 47 67
43 48 95
43 49 67
43 50 31
44 1 100
44 2 76
44 3 50
44 4 23
44 5 86
44 6 75
44 7 55
44 8 31
44 9 57
44 10 83
44 11 91
44 12 7
44 13 73
44 14 44
44 15 99
44 16 44
44 17 99
44 18 83
44 19 49
44 20 63
44 21 24
44 22 82
44 23 73
44 24 64
44 25 22
44 26 82
44 27 69
44 28 17
44 29 95
44 30 73
44 31 85
44 32 84
44 33 73
44 34 94
44 35 81
44 36 34
44 37 54
44 38 4
44 39 57
44 40 33
44 41 97
44 42 70
44 43 18
44 44 71
44 45 26
44 46 18
44 47 34
44 48 2
44 49 65
44 50 48
45 1 3
45 2 66
45 3 94
45 4 73
45 5 62
45 6 36
45 7 30
45 8 48
45 9 54
45 10 49
45 11 60
45 12 48
45 13 81
45 14 13
45 15 79
45 16 41
45 17 45
45 18 12
45 19 68
45 20 90
45 21 10
45 22 17
45 23 82
45 24 38
45 25 63
45 26 28
45 27 86
45 28 37
45 29 74
45 30 4
45 31 75
45 32 18
45 33 99
45 34 43
45 35 86
45 36 55
45 37 51
45 38 39
45 39 34
45 40 66
45 41 40
45 42 83
45 43 16
45 44 74
45 45 45
45 46 47
45 47 60
45 48 28
45 49 70
45 50 33
46 1 6
46 2 86
46 3 6
46 4 16
46 5 83
46 6 39
46 7 82
46 8 27
46 9 95
46 10 87
46 11 3
46 12 91
46 13 34
46 14 13
46 15 95
46 16 13
46 17 74
46 18 29
46 19 64
46 20 81
46 21 14
46 22 75
46 23 35
46 24 84
46 25 75
46 26 47
46 27 52
46 28 91
46 29 63
46 30 28
46 31 60
46 32 34
46 33 35
46 34 52
46 35 79
46 36 8
46 37 77
46 38 64
46 39 48
46 40 21
46 41 23
46 42 62
46 43 26
46 44 83
46 45 92
46 46 14
46 47 60
46 48 10
46 49 49
46 50 21
47 1 94
47 2 48
47 3 64
47 4 100
47 5 43
47 6 63
47 7 28
47 8 63
47 9 70
47 10 6
47 11 90
47 12 48
47 13 88
47 14 31
47 15 16
47 16 5
47 17 83
47 18 13
47 19 21
47 20 16
47 21 4
47 22 10
47 23 92
47 24 75
47 25 99
47 26 84
47 27 36
47 28 24
47 29 17
47 30 16
47 31 40
47 32 45
47 33 4
47 34 74
47 35 8
47 36 92
47 37 2
47 38 74
47 39 83
47 40 95
47 41 33
47 42 45
47 43 39
47 44 37
47 45 84
47 46 88
47 47 90
47 48 42
47 49 8
47 50 84
48 1 89
48 2 22
48 3 67
48 4 83
48 5 1
48 6 93
48 7 28
48 8 59
48 9 75
48 10 21
48 11 54
48 12 95
48 13 36
48 14 73
48 15 64
48 16 74
48 17 90
48 18 56
48 19 3
48 20 79
48 21 100
48 22 73
48 23 61
48 24 53
48 25 5
48 26 19
48 27 75
48 28 82
48 29 1
48 30 4
48 31 90
48 32 84
48 33 26
48 34 100
48 35 29
48 36 61
48 37 23
48 38 16
48 39 52
48 40 24
48 41 29
48 42 23
48 43 37
48 44 94
48 45 70
48 46 75
48 47 96
48 48 98
48 49 62
48 50 59
49 1 19
49 2 69
49 3 66
49 4 14
49 5 15
49 6 29
49 7 23
49 8 28
49 9 29
49 10 81
49 11 28
49 12 37
49 13 73
49 14 88
49 15 85
49 16 77
49 17 66
49 18 18
49 19 93
49 20 31
49 21 19
49 22 65
49 23 29
49 24 75
49 25 12
49 26 90
49 27 89
49 28 71
49 29 22
49 30 51
49 31 19
49 32 94
49 33 94
49 34 92
49 35 27
49 36 46
49 37 27
49 38 70
49 39 76
49 40 42
49 41 100
49 42 72
49 43 91
49 44 80
49 45 70
49 46 47
49 47 99
49 48 95
49 49 29
49 50 27
50 1 90
50 2 34
50 3 70
50 4 51
50 5 65
50 6 39
50 7 26
50 8 40
50 9 78
50 10 55
50 11 25
50 12 16
50 13 87
50 14 44
50 15 22
50 16 100
50 17 83
50 18 82
50 19 15
50 20 30
50 21 29
50 22 79
50 23 9
50 24 7
50 25 57
50 26 66
50 27 92
50 28 91
50 29 80
50 30 92
50 31 53
50 32 75
50 33 82
50 34 87
50 35 57
50 36 74
50 37 84
50 38 60
50 39 32
50 40 73
50 41 87
50 42 25
50 43 80
50 44 13
50 45 68
50 46 29
50 47 84
50 48 20
50 49 74
50 50 71
