1 1 -1
1 2 32
1 3 13
1 4 13
1 5 26
1 6 37
1 7 15
1 8 21
1 9 37
1 10 27
1 11 18
1 12 13
1 13 24
1 14 5
1 15 13
1 16 19
1 17 38
1 18 11
1 19 44
1 20 43
1 21 48
1 22 15
1 23 48
1 24 49
1 25 16
1 26 38
1 27 18
1 28 28
1 29 9
1 30 8
1 31 26
1 32 25
1 33 19
1 34 40
1 35 38
1 36 27
1 37 39
1 38 26
1 39 32
1 40 60
1 41 6
1 42 23
1 43 57
1 44 17
1 45 23
1 46 9
1 47 23
1 48 48
1 49 40
1 50 11
1 51 41
1 52 47
1 53 41
1 54 21
1 55 43
1 56 18
1 57 54
1 58 32
1 59 36
1 60 34
1 61 42
1 62 7
1 63 19
1 64 23
1 65 10
1 66 5
2 1 32
2 2 -1
2 3 22
2 4 22
2 5 34
2 6 7
2 7 35
2 8 13
2 9 56
2 10 57
2 11 29
2 12 45
2 13 26
2 14 33
2 15 43
2 16 20
2 17 55
2 18 22
2 19 55
2 20 45
2 21 71
2 22 24
2 23 62
2 24 61
2 25 17
2 26 67
2 27 38
2 28 4
2 29 37
2 30 24
2 31 56
2 32 50
2 33 14
2 34 60
2 35 61
2 36 53
2 37 59
2 38 26
2 39 46
2 40 62
2 41 30
2 42 56
2 43 61
2 44 27
2 45 21
2 46 36
2 47 46
2 48 67
2 49 16
2 50 40
2 51 16
2 52 68
2 53 27
2 54 41
2 55 69
2 56 51
2 57 81
2 58 51
2 59 39
2 60 66
2 61 49
2 62 25
2 63 50
2 64 46
2 65 42
2 66 27
3 1 13
3 2 22
3 3 -1
3 4 1
3 5 18
3 6 25
3 7 14
3 8 8
3 9 37
3 10 35
3 11 11
3 12 25
3 13 13
3 14 17
3 15 21
3 16 6
3 17 37
3 18 10
3 19 40
3 20 34
3 21 51
3 22 5
3 23 46
3 24 46
3 25 11
3 26 45
3 27 17
3 28 17
3 29 21
3 30 7
3 31 34
3 32 36
3 33 7
3 34 40
3 35 40
3 36 32
3 37 39
3 38 15
3 39 29
3 40 52
3 41 8
3 42 35
3 43 50
3 44 20
3 45 10
3 46 20
3 47 25
3 48 48
3 49 27
3 50 18
3 51 28
3 52 49
3 53 28
3 54 21
3 55 47
3 56 31
3 57 60
3 58 32
3 59 28
3 60 44
3 61 36
3 62 9
3 63 32
3 64 25
3 65 23
3 66 8
4 1 13
4 2 22
4 3 1
4 4 -1
4 5 17
4 6 25
4 7 13
4 8 9
4 9 36
4 10 34
4 11 10
4 12 25
4 13 12
4 14 17
4 15 20
4 16 6
4 17 36
4 18 11
4 19 39
4 20 34
4 21 50
4 22 4
4 23 45
4 24 45
4 25 12
4 26 44
4 27 16
4 28 18
4 29 21
4 30 8
4 31 33
4 32 37
4 33 8
4 34 39
4 35 39
4 36 31
4 37 38
4 38 14
4 39 28
4 40 51
4 41 8
4 42 35
4 43 49
4 44 21
4 45 10
4 46 21
4 47 24
4 48 47
4 49 27
4 50 18
4 51 28
4 52 48
4 53 28
4 54 20
4 55 46
4 56 31
4 57 59
4 58 31
4 59 27
4 60 43
4 61 35
4 62 9
4 63 32
4 64 24
4 65 23
4 66 8
5 1 26
5 2 34
5 3 18
5 4 17
5 5 -1
5 6 33
5 7 12
5 8 22
5 9 22
5 10 32
5 11 8
5 12 33
5 13 7
5 14 31
5 15 24
5 16 15
5 17 21
5 18 28
5 19 22
5 20 17
5 21 38
5 22 13
5 23 28
5 24 28
5 25 29
5 26 39
5 27 12
5 28 31
5 29 36
5 30 25
5 31 32
5 32 50
5 33 23
5 34 27
5 35 29
5 36 25
5 37 25
5 38 7
5 39 12
5 40 34
5 41 19
5 42 39
5 43 31
5 44 39
5 45 12
5 46 35
5 47 18
5 48 33
5 49 29
5 50 22
5 51 30
5 52 35
5 53 21
5 54 12
5 55 38
5 56 38
5 57 50
5 58 19
5 59 10
5 60 43
5 61 17
5 62 26
5 63 41
5 64 17
5 65 32
5 66 24
6 1 37
6 2 7
6 3 25
6 4 25
6 5 33
6 6 -1
6 7 37
6 8 16
6 9 56
6 10 59
6 11 30
6 12 50
6 13 25
6 14 39
6 15 46
6 16 21
6 17 54
6 18 28
6 19 53
6 20 41
6 21 71
6 22 26
6 23 61
6 24 59
6 25 23
6 26 69
6 27 39
6 28 10
6 29 43
6 30 29
6 31 58
6 32 56
6 33 17
6 34 60
6 35 61
6 36 55
6 37 58
6 38 25
6 39 45
6 40 58
6 41 33
6 42 60
6 43 57
6 44 33
6 45 21
6 46 42
6 47 48
6 48 66
6 49 9
6 50 43
6 51 9
6 52 68
6 53 22
6 54 42
6 55 70
6 56 56
6 57 82
6 58 52
6 59 36
6 60 69
6 61 46
6 62 30
6 63 55
6 64 47
6 65 47
6 66 31
7 1 15
7 2 35
7 3 14
7 4 13
7 5 12
7 6 37
7 7 -1
7 8 22
7 9 23
7 10 23
7 11 7
7 12 21
7 13 14
7 14 21
7 15 12
7 16 15
7 17 24
7 18 22
7 19 29
7 20 28
7 21 36
7 22 10
7 23 33
7 24 34
7 25 24
7 26 32
7 27 3
7 28 31
7 29 25
7 30 18
7 31 22
7 32 39
7 33 21
7 34 26
7 35 26
7 36 18
7 37 25
7 38 16
7 39 17
7 40 44
7 41 10
7 42 28
7 43 41
7 44 31
7 45 16
7 46 24
7 47 11
7 48 34
7 49 35
7 50 10
7 51 37
7 52 34
7 53 32
7 54 7
7 55 33
7 56 26
7 57 46
7 58 18
7 59 22
7 60 33
7 61 27
7 62 19
7 63 29
7 64 10
7 65 20
7 66 16
8 1 21
8 2 13
8 3 8
8 4 9
8 5 22
8 6 16
8 7 22
8 8 -1
8 9 43
8 10 44
8 11 16
8 12 33
8 13 15
8 14 24
8 15 30
8 16 7
8 17 43
8 18 13
8 19 44
8 20 35
8 21 58
8 22 11
8 23 50
8 24 50
8 25 10
8 26 53
8 27 25
8 28 9
8 29 28
8 30 14
8 31 43
8 32 42
8 33 2
8 34 47
8 35 48
8 36 40
8 37 46
8 38 16
8 39 33
8 40 53
8 41 17
8 42 44
8 43 51
8 44 22
8 45 10
8 46 27
8 47 33
8 48 54
8 49 19
8 50 27
8 51 20
8 52 55
8 53 24
8 54 28
8 55 55
8 56 40
8 57 68
8 58 38
8 59 29
8 60 53
8 61 39
8 62 15
8 63 40
8 64 32
8 65 31
8 66 16
9 1 37
9 2 56
9 3 37
9 4 36
9 5 22
9 6 56
9 7 23
9 8 43
9 9 -1
9 10 22
9 11 26
9 12 35
9 13 30
9 14 42
9 15 26
9 16 36
9 17 4
9 18 45
9 19 14
9 20 25
9 21 15
9 22 32
9 23 12
9 24 15
9 25 47
9 26 23
9 27 20
9 28 52
9 29 45
9 30 41
9 31 23
9 32 57
9 33 43
9 34 4
9 35 8
9 36 14
9 37 2
9 38 30
9 39 11
9 40 33
9 41 33
9 42 36
9 43 29
9 44 54
9 45 34
9 46 45
9 47 14
9 48 11
9 49 51
9 50 26
9 51 53
9 52 12
9 53 42
9 54 16
9 55 17
9 56 38
9 57 29
9 58 5
9 59 24
9 60 31
9 61 19
9 62 42
9 63 43
9 64 14
9 65 37
9 66 39
10 1 27
10 2 57
10 3 35
10 4 34
10 5 32
10 6 59
10 7 23
10 8 44
10 9 22
10 10 -1
10 11 30
10 12 19
10 13 37
10 14 31
10 15 15
10 16 38
10 17 26
10 18 38
10 19 36
10 20 43
10 21 25
10 22 33
10 23 33
10 24 37
10 25 43
10 26 10
10 27 21
10 28 53
10 29 31
10 30 35
10 31 2
10 32 39
10 33 43
10 34 21
10 35 17
10 36 8
10 37 21
10 38 38
10 39 27
10 40 55
10 41 27
10 42 14
10 43 51
10 44 44
10 45 39
10 46 32
10 47 14
10 48 28
10 49 59
10 50 17
10 51 60
10 52 25
10 53 54
10 54 20
10 55 17
10 56 18
10 57 26
10 58 19
10 59 40
10 60 11
10 61 38
10 62 35
10 63 24
10 64 15
10 65 22
10 66 32
11 1 18
11 2 29
11 3 11
11 4 10
11 5 8
11 6 30
11 7 7
11 8 16
11 9 26
11 10 30
11 11 -1
11 12 26
11 13 7
11 14 24
11 15 19
11 16 9
11 17 26
11 18 20
11 19 29
11 20 25
11 21 41
11 22 6
11 23 35
11 24 35
11 25 22
11 26 39
11 27 9
11 28 25
11 29 28
11 30 17
11 31 29
11 32 43
11 33 16
11 34 30
11 35 31
11 36 25
11 37 29
11 38 9
11 39 18
11 40 42
11 41 12
11 42 35
11 43 39
11 44 31
11 45 9
11 46 27
11 47 17
11 48 38
11 49 28
11 50 17
11 51 29
11 52 39
11 53 25
11 54 12
11 55 39
11 56 32
11 57 52
11 58 22
11 59 18
11 60 40
11 61 25
11 62 18
11 63 35
11 64 17
11 65 26
11 66 16
12 1 13
12 2 45
12 3 25
12 4 25
12 5 33
12 6 50
12 7 21
12 8 33
12 9 35
12 10 19
12 11 26
12 12 -1
12 13 33
12 14 13
12 15 9
12 16 31
12 17 38
12 18 23
12 19 46
12 20 49
12 21 43
12 22 26
12 23 47
12 24 50
12 25 29
12 26 28
12 27 21
12 28 41
12 29 13
12 30 21
12 31 17
12 32 21
12 33 32
12 34 37
12 35 33
12 36 22
12 37 36
12 38 35
12 39 35
12 40 64
12 41 17
12 42 10
12 43 60
12 44 26
12 45 34
12 46 13
12 47 21
12 48 44
12 49 52
12 50 10
12 51 53
12 52 42
12 53 51
12 54 24
12 55 36
12 56 6
12 57 45
12 58 31
12 59 43
12 60 23
12 61 46
12 62 20
12 63 8
12 64 22
12 65 3
12 66 18
13 1 24
13 2 26
13 3 13
13 4 12
13 5 7
13 6 25
13 7 14
13 8 15
13 9 30
13 10 37
13 11 7
13 12 33
13 13 -1
13 14 29
13 15 26
13 16 8
13 17 29
13 18 23
13 19 29
13 20 21
13 21 45
13 22 9
13 23 36
13 24 35
13 25 23
13 26 45
13 27 15
13 28 23
13 29 33
13 30 21
13 31 36
13 32 49
13 33 16
13 34 34
13 35 36
13 36 30
13 37 33
13 38 2
13 39 19
13 40 39
13 41 17
13 42 42
13 43 37
13 44 34
13 45 5
13 46 33
13 47 23
13 48 41
13 49 22
13 50 24
13 51 23
13 52 43
13 53 18
13 54 17
13 55 44
13 56 39
13 57 57
13 58 26
13 59 14
13 60 47
13 61 24
13 62 22
13 63 41
13 64 22
13 65 32
13 66 21
14 1 5
14 2 33
14 3 17
14 4 17
14 5 31
14 6 39
14 7 21
14 8 24
14 9 42
14 10 31
14 11 24
14 12 13
14 13 29
14 14 -1
14 15 17
14 16 23
14 17 44
14 18 11
14 19 50
14 20 48
14 21 53
14 22 20
14 23 53
14 24 55
14 25 16
14 26 41
14 27 23
14 28 29
14 29 4
14 30 10
14 31 29
14 32 19
14 33 22
14 34 45
14 35 43
14 36 32
14 37 44
14 38 31
14 39 38
14 40 66
14 41 12
14 42 24
14 43 62
14 44 13
14 45 27
14 46 3
14 47 28
14 48 53
14 49 43
14 50 16
14 51 44
14 52 52
14 53 45
14 54 27
14 55 47
14 56 18
14 57 57
14 58 37
14 59 42
14 60 36
14 61 48
14 62 9
14 63 16
14 64 28
14 65 9
14 66 8
15 1 13
15 2 43
15 3 21
15 4 20
15 5 24
15 6 46
15 7 12
15 8 30
15 9 26
15 10 15
15 11 19
15 12 9
15 13 26
15 14 17
15 15 -1
15 16 25
15 17 29
15 18 23
15 19 37
15 20 39
15 21 36
15 22 19
15 23 38
15 24 40
15 25 28
15 26 25
15 27 12
15 28 38
15 29 19
15 30 20
15 31 13
15 32 30
15 33 28
15 34 28
15 35 26
15 36 15
15 37 27
15 38 28
15 39 25
15 40 54
15 41 12
15 42 16
15 43 50
15 44 30
15 45 27
15 46 19
15 47 12
15 48 36
15 49 46
15 50 2
15 51 47
15 52 35
15 53 44
15 54 14
15 55 30
15 56 14
15 57 41
15 58 21
15 59 34
15 60 23
15 61 36
15 62 20
15 63 18
15 64 12
15 65 11
15 66 17
16 1 19
16 2 20
16 3 6
16 4 6
16 5 15
16 6 21
16 7 15
16 8 7
16 9 36
16 10 38
16 11 9
16 12 31
16 13 8
16 14 23
16 15 25
16 16 -1
16 17 35
16 18 16
16 19 37
16 20 29
16 21 51
16 22 5
16 23 43
16 24 43
16 25 15
16 26 47
16 27 18
16 28 16
16 29 28
16 30 14
16 31 37
16 32 43
16 33 8
16 34 40
16 35 41
16 36 33
16 37 38
16 38 9
16 39 26
16 40 47
16 41 14
16 42 40
16 43 45
16 44 26
16 45 4
16 46 27
16 47 26
16 48 47
16 49 21
16 50 23
16 51 22
16 52 48
16 53 21
16 54 21
16 55 48
16 56 37
16 57 61
16 58 31
16 59 23
16 60 48
16 61 32
16 62 15
16 63 38
16 64 26
16 65 29
16 66 15
17 1 38
17 2 55
17 3 37
17 4 36
17 5 21
17 6 54
17 7 24
17 8 43
17 9 4
17 10 26
17 11 26
17 12 38
17 13 29
17 14 44
17 15 29
17 16 35
17 17 -1
17 18 46
17 19 10
17 20 21
17 21 18
17 22 32
17 23 9
17 24 12
17 25 48
17 26 27
17 27 21
17 28 52
17 29 47
17 30 42
17 31 27
17 32 59
17 33 43
17 34 7
17 35 12
17 36 17
17 37 6
17 38 29
17 39 9
17 40 29
17 41 34
17 42 39
17 43 25
17 44 55
17 45 34
17 46 47
17 47 17
17 48 12
17 49 49
17 50 29
17 51 51
17 52 15
17 53 39
17 54 17
17 55 21
17 56 41
17 57 32
17 58 7
17 59 21
17 60 35
17 61 15
17 62 43
17 63 46
17 64 16
17 65 40
17 66 40
18 1 11
18 2 22
18 3 10
18 4 11
18 5 28
18 6 28
18 7 22
18 8 13
18 9 45
18 10 38
18 11 20
18 12 23
18 13 23
18 14 11
18 15 23
18 16 16
18 17 46
18 18 -1
18 19 50
18 20 45
18 21 57
18 22 15
18 23 55
18 24 55
18 25 5
18 26 49
18 27 25
18 28 18
18 29 15
18 30 4
18 31 37
18 32 28
18 33 11
18 34 48
18 35 47
18 36 37
18 37 47
18 38 25
18 39 38
18 40 63
18 41 12
18 42 34
18 43 60
18 44 10
18 45 20
18 46 14
18 47 32
18 48 56
18 49 32
18 50 21
18 51 33
18 52 56
18 53 37
18 54 29
18 55 53
18 56 29
18 57 64
18 58 40
18 59 38
18 60 45
18 61 46
18 62 3
18 63 28
18 64 31
18 65 20
18 66 6
19 1 44
19 2 55
19 3 40
19 4 39
19 5 22
19 6 53
19 7 29
19 8 44
19 9 14
19 10 36
19 11 29
19 12 46
19 13 29
19 14 50
19 15 37
19 16 37
19 17 10
19 18 50
19 19 -1
19 20 14
19 21 25
19 22 35
19 23 9
19 24 6
19 25 51
19 26 37
19 27 26
19 28 52
19 29 54
19 30 46
19 31 37
19 32 67
19 33 45
19 34 17
19 35 22
19 36 27
19 37 16
19 38 28
19 39 12
19 40 18
19 41 39
19 42 49
19 43 14
19 44 59
19 45 34
19 46 53
19 47 25
19 48 18
19 49 46
19 50 36
19 51 47
19 52 22
19 53 35
19 54 23
19 55 31
19 56 50
19 57 41
19 58 16
19 59 17
19 60 46
19 61 7
19 62 47
19 63 55
19 64 24
19 65 48
19 66 44
20 1 43
20 2 45
20 3 34
20 4 34
20 5 17
20 6 41
20 7 28
20 8 35
20 9 25
20 10 43
20 11 25
20 12 49
20 13 21
20 14 48
20 15 39
20 16 29
20 17 21
20 18 45
20 19 14
20 20 -1
20 21 39
20 22 30
20 23 23
20 24 19
20 25 44
20 26 48
20 27 27
20 28 43
20 29 53
20 30 42
20 31 44
20 32 67
20 33 37
20 34 29
20 35 33
20 36 35
20 37 27
20 38 19
20 39 16
20 40 18
20 41 36
20 42 54
20 43 16
20 44 55
20 45 25
20 46 52
20 47 30
20 48 32
20 49 33
20 50 38
20 51 35
20 52 36
20 53 21
20 54 25
20 55 42
20 56 53
20 57 54
20 58 25
20 59 6
20 60 54
20 61 7
20 62 43
20 63 57
20 64 29
20 65 49
20 66 41
21 1 48
21 2 71
21 3 51
21 4 50
21 5 38
21 6 71
21 7 36
21 8 58
21 9 15
21 10 25
21 11 41
21 12 43
21 13 45
21 14 53
21 15 36
21 16 51
21 17 18
21 18 57
21 19 25
21 20 39
21 21 -1
21 22 46
21 23 18
21 24 23
21 25 61
21 26 19
21 27 33
21 28 67
21 29 55
21 30 53
21 31 26
21 32 64
21 33 58
21 34 11
21 35 10
21 36 21
21 37 12
21 38 46
21 39 26
21 40 42
21 41 45
21 42 39
21 43 38
21 44 65
21 45 50
21 46 55
21 47 25
21 48 8
21 49 67
21 50 37
21 51 68
21 52 3
21 53 57
21 54 29
21 55 9
21 56 43
21 57 16
21 58 19
21 59 39
21 60 30
21 61 32
21 62 54
21 63 49
21 64 26
21 65 46
21 66 51
22 1 15
22 2 24
22 3 5
22 4 4
22 5 13
22 6 26
22 7 10
22 8 11
22 9 32
22 10 33
22 11 6
22 12 26
22 13 9
22 14 20
22 15 19
22 16 5
22 17 32
22 18 15
22 19 35
22 20 30
22 21 46
22 22 -1
22 23 41
22 24 41
22 25 16
22 26 42
22 27 13
22 28 20
22 29 24
22 30 12
22 31 32
22 32 39
22 33 11
22 34 36
22 35 36
22 36 29
22 37 35
22 38 11
22 39 24
22 40 47
22 41 9
22 42 35
22 43 45
22 44 25
22 45 8
22 46 23
22 47 22
22 48 43
22 49 26
22 50 17
22 51 27
22 52 44
22 53 25
22 54 17
22 55 44
22 56 32
22 57 56
22 58 27
22 59 23
22 60 42
22 61 31
22 62 13
22 63 33
22 64 21
22 65 24
22 66 12
23 1 48
23 2 62
23 3 46
23 4 45
23 5 28
23 6 61
23 7 33
23 8 50
23 9 12
23 10 33
23 11 35
23 12 47
23 13 36
23 14 53
23 15 38
23 16 43
23 17 9
23 18 55
23 19 9
23 20 23
23 21 18
23 22 41
23 23 -1
23 24 5
23 25 57
23 26 33
23 27 30
23 28 59
23 29 56
23 30 51
23 31 35
23 32 69
23 33 51
23 34 12
23 35 17
23 36 26
23 37 12
23 38 36
23 39 17
23 40 24
23 41 43
23 42 48
23 43 20
23 44 64
23 45 41
23 46 56
23 47 26
23 48 10
23 49 55
23 50 38
23 51 56
23 52 15
23 53 44
23 54 26
23 55 24
23 56 50
23 57 34
23 58 16
23 59 25
23 60 42
23 61 16
23 62 52
23 63 55
23 64 26
23 65 49
23 66 49
24 1 49
24 2 61
24 3 46
24 4 45
24 5 28
24 6 59
24 7 34
24 8 50
24 9 15
24 10 37
24 11 35
24 12 50
24 13 35
24 14 55
24 15 40
24 16 43
24 17 12
24 18 55
24 19 6
24 20 19
24 21 23
24 22 41
24 23 5
24 24 -1
24 25 57
24 26 37
24 27 31
24 28 58
24 29 58
24 30 51
24 31 39
24 32 71
24 33 51
24 34 16
24 35 21
24 36 29
24 37 16
24 38 34
24 39 17
24 40 19
24 41 44
24 42 51
24 43 15
24 44 65
24 45 40
24 46 58
24 47 28
24 48 15
24 49 52
24 50 40
24 51 54
24 52 20
24 53 41
24 54 27
24 55 29
24 56 53
24 57 39
24 58 19
24 59 23
24 60 47
24 61 13
24 62 52
24 63 58
24 64 28
24 65 51
24 66 50
25 1 16
25 2 17
25 3 11
25 4 12
25 5 29
25 6 23
25 7 24
25 8 10
25 9 47
25 10 43
25 11 22
25 12 29
25 13 23
25 14 16
25 15 28
25 16 15
25 17 48
25 18 5
25 19 51
25 20 44
25 21 61
25 22 16
25 23 57
25 24 57
25 25 -1
25 26 53
25 27 27
25 28 13
25 29 20
25 30 8
25 31 41
25 32 33
25 33 8
25 34 51
25 35 50
25 36 41
25 37 50
25 38 25
25 39 40
25 40 62
25 41 16
25 42 39
25 43 60
25 44 12
25 45 19
25 46 19
25 47 35
25 48 59
25 49 28
25 50 26
25 51 29
25 52 59
25 53 34
25 54 31
25 55 57
25 56 34
25 57 69
25 58 42
25 59 38
25 60 50
25 61 47
25 62 8
25 63 33
25 64 35
25 65 25
25 66 11
26 1 38
26 2 67
26 3 45
26 4 44
26 5 39
26 6 69
26 7 32
26 8 53
26 9 23
26 10 10
26 11 39
26 12 28
26 13 45
26 14 41
26 15 25
26 16 47
26 17 27
26 18 49
26 19 37
26 20 48
26 21 19
26 22 42
26 23 33
26 24 37
26 25 53
26 26 -1
26 27 29
26 28 62
26 29 41
26 30 45
26 31 12
26 32 48
26 33 53
26 34 21
26 35 15
26 36 14
26 37 21
26 38 46
26 39 32
26 40 56
26 41 37
26 42 22
26 43 52
26 44 54
26 45 48
26 46 42
26 47 21
26 48 25
26 49 67
26 50 27
26 51 68
26 52 20
26 53 61
26 54 27
26 55 10
26 56 27
26 57 16
26 58 23
26 59 45
26 60 10
26 61 42
26 62 45
26 63 33
26 64 22
26 65 32
26 66 42
27 1 18
27 2 38
27 3 17
27 4 16
27 5 12
27 6 39
27 7 3
27 8 25
27 9 20
27 10 21
27 11 9
27 12 21
27 13 15
27 14 23
27 15 12
27 16 18
27 17 21
27 18 25
27 19 26
27 20 27
27 21 33
27 22 13
27 23 30
27 24 31
27 25 27
27 26 29
27 27 -1
27 28 34
27 29 27
27 30 21
27 31 20
27 32 41
27 33 24
27 34 23
27 35 23
27 36 15
27 37 22
27 38 17
27 39 14
27 40 43
27 41 13
27 42 27
27 43 39
27 44 34
27 45 18
27 46 26
27 47 8
27 48 31
27 49 38
27 50 10
27 51 39
27 52 31
27 53 33
27 54 4
27 55 30
27 56 26
27 57 43
27 58 15
27 59 21
27 60 31
27 61 25
27 62 22
27 63 30
27 64 7
27 65 21
27 66 19
28 1 28
28 2 4
28 3 17
28 4 18
28 5 31
28 6 10
28 7 31
28 8 9
28 9 52
28 10 53
28 11 25
28 12 41
28 13 23
28 14 29
28 15 38
28 16 16
28 17 52
28 18 18
28 19 52
28 20 43
28 21 67
28 22 20
28 23 59
28 24 58
28 25 13
28 26 62
28 27 34
28 28 -1
28 29 33
28 30 20
28 31 51
28 32 46
28 33 9
28 34 56
28 35 57
28 36 49
28 37 55
28 38 24
28 39 43
28 40 60
28 41 25
28 42 51
28 43 59
28 44 23
28 45 18
28 46 32
28 47 42
28 48 64
28 49 17
28 50 36
28 51 18
28 52 65
28 53 27
28 54 37
28 55 65
28 56 47
28 57 77
28 58 48
28 59 37
28 60 61
28 61 47
28 62 20
28 63 46
28 64 42
28 65 38
28 66 22
29 1 9
29 2 37
29 3 21
29 4 21
29 5 36
29 6 43
29 7 25
29 8 28
29 9 45
29 10 31
29 11 28
29 12 13
29 13 33
29 14 4
29 15 19
29 16 28
29 17 47
29 18 15
29 19 54
29 20 53
29 21 55
29 22 24
29 23 56
29 24 58
29 25 20
29 26 41
29 27 27
29 28 33
29 29 -1
29 30 14
29 31 29
29 32 15
29 33 26
29 34 47
29 35 45
29 36 34
29 37 46
29 38 36
29 39 42
29 40 70
29 41 16
29 42 22
29 43 66
29 44 14
29 45 32
29 46 1
29 47 30
29 48 55
29 49 47
29 50 18
29 51 48
29 52 54
29 53 50
29 54 30
29 55 48
29 56 17
29 57 58
29 58 40
29 59 46
29 60 35
29 61 52
29 62 13
29 63 13
29 64 31
29 65 9
29 66 13
30 1 8
30 2 24
30 3 7
30 4 8
30 5 25
30 6 29
30 7 18
30 8 14
30 9 41
30 10 35
30 11 17
30 12 21
30 13 21
30 14 10
30 15 20
30 16 14
30 17 42
30 18 4
30 19 46
30 20 42
30 21 53
30 22 12
30 23 51
30 24 51
30 25 8
30 26 45
30 27 21
30 28 20
30 29 14
30 30 -1
30 31 33
30 32 29
30 33 12
30 34 44
30 35 43
30 36 33
30 37 43
30 38 23
30 39 34
30 40 59
30 41 8
30 42 31
30 43 57
30 44 13
30 45 18
30 46 13
30 47 27
30 48 52
30 49 33
30 50 18
30 51 34
30 52 52
30 53 36
30 54 25
30 55 49
30 56 26
30 57 60
30 58 36
30 59 35
30 60 42
30 61 43
30 62 1
30 63 26
30 64 27
30 65 18
30 66 2
31 1 26
31 2 56
31 3 34
31 4 33
31 5 32
31 6 58
31 7 22
31 8 43
31 9 23
31 10 2
31 11 29
31 12 17
31 13 36
31 14 29
31 15 13
31 16 37
31 17 27
31 18 37
31 19 37
31 20 44
31 21 26
31 22 32
31 23 35
31 24 39
31 25 41
31 26 12
31 27 20
31 28 51
31 29 29
31 30 33
31 31 -1
31 32 37
31 33 42
31 34 23
31 35 18
31 36 9
31 37 23
31 38 38
31 39 28
31 40 55
31 41 26
31 42 13
31 43 51
31 44 42
31 45 39
31 46 30
31 47 14
31 48 30
31 49 58
31 50 15
31 51 59
31 52 26
31 53 53
31 54 20
31 55 19
31 56 16
31 57 28
31 58 20
31 59 40
31 60 11
31 61 39
31 62 33
31 63 22
31 64 15
31 65 20
31 66 30
32 1 25
32 2 50
32 3 36
32 4 37
32 5 50
32 6 56
32 7 39
32 8 42
32 9 57
32 10 39
32 11 43
32 12 21
32 13 49
32 14 19
32 15 30
32 16 43
32 17 59
32 18 28
32 19 67
32 20 67
32 21 64
32 22 39
32 23 69
32 24 71
32 25 33
32 26 48
32 27 41
32 28 46
32 29 15
32 30 29
32 31 37
32 32 -1
32 33 40
32 34 58
32 35 55
32 36 44
32 37 58
32 38 51
32 39 55
32 40 84
32 41 31
32 42 26
32 43 81
32 44 23
32 45 47
32 46 16
32 47 42
32 48 66
32 49 61
32 50 31
32 51 62
32 52 64
32 53 65
32 54 44
32 55 56
32 56 21
32 57 64
32 58 52
32 59 61
32 60 39
32 61 66
32 62 27
32 63 15
32 64 43
32 65 19
32 66 28
33 1 19
33 2 14
33 3 7
33 4 8
33 5 23
33 6 17
33 7 21
33 8 2
33 9 43
33 10 43
33 11 16
33 12 32
33 13 16
33 14 22
33 15 28
33 16 8
33 17 43
33 18 11
33 19 45
33 20 37
33 21 58
33 22 11
33 23 51
33 24 51
33 25 8
33 26 53
33 27 24
33 28 9
33 29 26
33 30 12
33 31 42
33 32 40
33 33 -1
33 34 47
33 35 47
33 36 39
33 37 46
33 38 17
33 39 34
33 40 55
33 41 16
33 42 42
33 43 53
33 44 20
33 45 11
33 46 25
33 47 33
33 48 55
33 49 21
33 50 26
33 51 22
33 52 55
33 53 26
33 54 28
33 55 55
33 56 38
33 57 67
33 58 39
33 59 30
33 60 52
33 61 40
33 62 13
33 63 38
33 64 32
33 65 29
33 66 14
34 1 40
34 2 60
34 3 40
34 4 39
34 5 27
34 6 60
34 7 26
34 8 47
34 9 4
34 10 21
34 11 30
34 12 37
34 13 34
34 14 45
34 15 28
34 16 40
34 17 7
34 18 48
34 19 17
34 20 29
34 21 11
34 22 36
34 23 12
34 24 16
34 25 51
34 26 21
34 27 23
34 28 56
34 29 47
34 30 44
34 31 23
34 32 58
34 33 47
34 34 -1
34 35 5
34 36 14
34 37 1
34 38 34
34 39 15
34 40 35
34 41 36
34 42 36
34 43 31
34 44 57
34 45 39
34 46 47
34 47 17
34 48 8
34 49 55
34 50 29
34 51 57
34 52 8
34 53 46
34 54 19
34 55 14
34 56 38
34 57 25
34 58 8
34 59 28
34 60 30
34 61 22
34 62 45
34 63 44
34 64 17
34 65 39
34 66 42
35 1 38
35 2 61
35 3 40
35 4 39
35 5 29
35 6 61
35 7 26
35 8 48
35 9 8
35 10 17
35 11 31
35 12 33
35 13 36
35 14 43
35 15 26
35 16 41
35 17 12
35 18 47
35 19 22
35 20 33
35 21 10
35 22 36
35 23 17
35 24 21
35 25 50
35 26 15
35 27 23
35 28 57
35 29 45
35 30 43
35 31 18
35 32 55
35 33 47
35 34 5
35 35 -1
35 36 11
35 37 6
35 38 36
35 39 18
35 40 40
35 41 35
35 42 31
35 43 36
35 44 55
35 45 40
35 46 45
35 47 15
35 48 11
35 49 58
35 50 27
35 51 59
35 52 9
35 53 49
35 54 19
35 55 9
35 56 34
35 57 21
35 58 10
35 59 32
35 60 25
35 61 27
35 62 44
35 63 40
35 64 15
35 65 36
35 66 41
36 1 27
36 2 53
36 3 32
36 4 31
36 5 25
36 6 55
36 7 18
36 8 40
36 9 14
36 10 8
36 11 25
36 12 22
36 13 30
36 14 32
36 15 15
36 16 33
36 17 17
36 18 37
36 19 27
36 20 35
36 21 21
36 22 29
36 23 26
36 24 29
36 25 41
36 26 14
36 27 15
36 28 49
36 29 34
36 30 33
36 31 9
36 32 44
36 33 39
36 34 14
36 35 11
36 36 -1
36 37 14
36 38 32
36 39 19
36 40 46
36 41 25
36 42 21
36 43 42
36 44 44
36 45 34
36 46 34
36 47 7
36 48 22
36 49 53
36 50 16
36 51 54
36 52 20
36 53 47
36 54 13
36 55 15
36 56 24
36 57 27
36 58 11
36 59 32
36 60 19
36 61 30
36 62 34
36 63 29
36 64 8
36 65 25
36 66 31
37 1 39
37 2 59
37 3 39
37 4 38
37 5 25
37 6 58
37 7 25
37 8 46
37 9 2
37 10 21
37 11 29
37 12 36
37 13 33
37 14 44
37 15 27
37 16 38
37 17 6
37 18 47
37 19 16
37 20 27
37 21 12
37 22 35
37 23 12
37 24 16
37 25 50
37 26 21
37 27 22
37 28 55
37 29 46
37 30 43
37 31 23
37 32 58
37 33 46
37 34 1
37 35 6
37 36 14
37 37 -1
37 38 33
37 39 14
37 40 34
37 41 35
37 42 36
37 43 30
37 44 56
37 45 37
37 46 46
37 47 16
37 48 9
37 49 54
37 50 28
37 51 55
37 52 10
37 53 45
37 54 18
37 55 15
37 56 38
37 57 26
37 58 7
37 59 27
37 60 30
37 61 21
37 62 44
37 63 44
37 64 16
37 65 38
37 66 41
38 1 26
38 2 26
38 3 15
38 4 14
38 5 7
38 6 25
38 7 16
38 8 16
38 9 30
38 10 38
38 11 9
38 12 35
38 13 2
38 14 31
38 15 28
38 16 9
38 17 29
38 18 25
38 19 28
38 20 19
38 21 46
38 22 11
38 23 36
38 24 34
38 25 25
38 26 46
38 27 17
38 28 24
38 29 36
38 30 23
38 31 38
38 32 51
38 33 17
38 34 34
38 35 36
38 36 32
38 37 33
38 38 -1
38 39 19
38 40 37
38 41 20
38 42 44
38 43 35
38 44 36
38 45 6
38 46 35
38 47 25
38 48 41
38 49 21
38 50 26
38 51 22
38 52 43
38 53 16
38 54 18
38 55 45
38 56 41
38 57 58
38 58 26
38 59 13
38 60 49
38 61 23
38 62 24
38 63 43
38 64 24
38 65 34
38 66 23
39 1 32
39 2 46
39 3 29
39 4 28
39 5 12
39 6 45
39 7 17
39 8 33
39 9 11
39 10 27
39 11 18
39 12 35
39 13 19
39 14 38
39 15 25
39 16 26
39 17 9
39 18 38
39 19 12
39 20 16
39 21 26
39 22 24
39 23 17
39 24 17
39 25 40
39 26 32
39 27 14
39 28 43
39 29 42
39 30 34
39 31 28
39 32 55
39 33 34
39 34 15
39 35 18
39 36 19
39 37 14
39 38 19
39 39 -1
39 40 29
39 41 27
39 42 38
39 43 25
39 44 48
39 45 24
39 46 41
39 47 14
39 48 21
39 49 40
39 50 24
39 51 41
39 52 24
39 53 31
39 54 11
39 55 28
39 56 39
39 57 40
39 58 9
39 59 13
39 60 38
39 61 11
39 62 35
39 63 43
39 64 13
39 65 36
39 66 32
40 1 60
40 2 62
40 3 52
40 4 51
40 5 34
40 6 58
40 7 44
40 8 53
40 9 33
40 10 55
40 11 42
40 12 64
40 13 39
40 14 66
40 15 54
40 16 47
40 17 29
40 18 63
40 19 18
40 20 18
40 21 42
40 22 47
40 23 24
40 24 19
40 25 62
40 26 56
40 27 43
40 28 60
40 29 70
40 30 59
40 31 55
40 32 84
40 33 55
40 34 35
40 35 40
40 36 46
40 37 34
40 38 37
40 39 29
40 40 -1
40 41 54
40 42 67
40 43 4
40 44 73
40 45 43
40 46 69
40 47 43
40 48 34
40 49 49
40 50 53
40 51 50
40 52 39
40 53 36
40 54 40
40 55 48
40 56 68
40 57 58
40 58 35
40 59 24
40 60 65
40 61 17
40 62 61
40 63 72
40 64 42
40 65 65
40 66 59
41 1 6
41 2 30
41 3 8
41 4 8
41 5 19
41 6 33
41 7 10
41 8 17
41 9 33
41 10 27
41 11 12
41 12 17
41 13 17
41 14 12
41 15 12
41 16 14
41 17 34
41 18 12
41 19 39
41 20 36
41 21 45
41 22 9
41 23 43
41 24 44
41 25 16
41 26 37
41 27 13
41 28 25
41 29 16
41 30 8
41 31 26
41 32 31
41 33 16
41 34 36
41 35 35
41 36 25
41 37 35
41 38 20
41 39 27
41 40 54
41 41 -1
41 42 26
41 43 51
41 44 21
41 45 17
41 46 15
41 47 19
41 48 44
41 49 35
41 50 10
41 51 36
41 52 43
41 53 35
41 54 17
41 55 41
41 56 23
41 57 53
41 58 28
41 59 30
41 60 36
41 61 36
41 62 9
41 63 24
41 64 19
41 65 15
41 66 6
42 1 23
42 2 56
42 3 35
42 4 35
42 5 39
42 6 60
42 7 28
42 8 44
42 9 36
42 10 14
42 11 35
42 12 10
42 13 42
42 14 24
42 15 16
42 16 40
42 17 39
42 18 34
42 19 49
42 20 54
42 21 39
42 22 35
42 23 48
42 24 51
42 25 39
42 26 22
42 27 27
42 28 51
42 29 22
42 30 31
42 31 13
42 32 26
42 33 42
42 34 36
42 35 31
42 36 21
42 37 36
42 38 44
42 39 38
42 40 67
42 41 26
42 42 -1
42 43 63
42 44 36
42 45 43
42 46 23
42 47 24
42 48 43
42 49 61
42 50 18
42 51 63
42 52 39
42 53 60
42 54 28
42 55 31
42 56 5
42 57 38
42 58 32
42 59 49
42 60 13
42 61 50
42 62 31
42 63 11
42 64 25
42 65 14
42 66 29
43 1 57
43 2 61
43 3 50
43 4 49
43 5 31
43 6 57
43 7 41
43 8 51
43 9 29
43 10 51
43 11 39
43 12 60
43 13 37
43 14 62
43 15 50
43 16 45
43 17 25
43 18 60
43 19 14
43 20 16
43 21 38
43 22 45
43 23 20
43 24 15
43 25 60
43 26 52
43 27 39
43 28 59
43 29 66
43 30 57
43 31 51
43 32 81
43 33 53
43 34 31
43 35 36
43 36 42
43 37 30
43 38 35
43 39 25
43 40 4
43 41 51
43 42 63
43 43 -1
43 44 70
43 45 41
43 46 66
43 47 39
43 48 30
43 49 48
43 50 50
43 51 50
43 52 35
43 53 35
43 54 36
43 55 44
43 56 64
43 57 54
43 58 31
43 59 22
43 60 60
43 61 14
43 62 58
43 63 69
43 64 39
43 65 61
43 66 56
44 1 17
44 2 27
44 3 20
44 4 21
44 5 39
44 6 33
44 7 31
44 8 22
44 9 54
44 10 44
44 11 31
44 12 26
44 13 34
44 14 13
44 15 30
44 16 26
44 17 55
44 18 10
44 19 59
44 20 55
44 21 65
44 22 25
44 23 64
44 24 65
44 25 12
44 26 54
44 27 34
44 28 23
44 29 14
44 30 13
44 31 42
44 32 23
44 33 20
44 34 57
44 35 55
44 36 44
44 37 56
44 38 36
44 39 48
44 40 73
44 41 21
44 42 36
44 43 70
44 44 -1
44 45 30
44 46 13
44 47 40
44 48 65
44 49 40
44 50 28
44 51 41
44 52 64
44 53 46
44 54 38
44 55 60
44 56 31
44 57 70
44 58 49
44 59 48
44 60 49
44 61 56
44 62 12
44 63 27
44 64 40
44 65 23
44 66 15
45 1 23
45 2 21
45 3 10
45 4 10
45 5 12
45 6 21
45 7 16
45 8 10
45 9 34
45 10 39
45 11 9
45 12 34
45 13 5
45 14 27
45 15 27
45 16 4
45 17 34
45 18 20
45 19 34
45 20 25
45 21 50
45 22 8
45 23 41
45 24 40
45 25 19
45 26 48
45 27 18
45 28 18
45 29 32
45 30 18
45 31 39
45 32 47
45 33 11
45 34 39
45 35 40
45 36 34
45 37 37
45 38 6
45 39 24
45 40 43
45 41 17
45 42 43
45 43 41
45 44 30
45 45 -1
45 46 31
45 47 27
45 48 46
45 49 19
45 50 25
45 51 20
45 52 47
45 53 18
45 54 21
45 55 48
45 56 40
45 57 61
45 58 30
45 59 19
45 60 49
45 61 29
45 62 20
45 63 41
45 64 26
45 65 32
45 66 19
46 1 9
46 2 36
46 3 20
46 4 21
46 5 35
46 6 42
46 7 24
46 8 27
46 9 45
46 10 32
46 11 27
46 12 13
46 13 33
46 14 3
46 15 19
46 16 27
46 17 47
46 18 14
46 19 53
46 20 52
46 21 55
46 22 23
46 23 56
46 24 58
46 25 19
46 26 42
46 27 26
46 28 32
46 29 1
46 30 13
46 31 30
46 32 16
46 33 25
46 34 47
46 35 45
46 36 34
46 37 46
46 38 35
46 39 41
46 40 69
46 41 15
46 42 23
46 43 66
46 44 13
46 45 31
46 46 -1
46 47 30
46 48 55
46 49 46
46 50 18
46 51 47
46 52 54
46 53 49
46 54 30
46 55 48
46 56 17
46 57 58
46 58 40
46 59 45
46 60 36
46 61 51
46 62 12
46 63 14
46 64 30
46 65 9
46 66 12
47 1 23
47 2 46
47 3 25
47 4 24
47 5 18
47 6 48
47 7 11
47 8 33
47 9 14
47 10 14
47 11 17
47 12 21
47 13 23
47 14 28
47 15 12
47 16 26
47 17 17
47 18 32
47 19 25
47 20 30
47 21 25
47 22 22
47 23 26
47 24 28
47 25 35
47 26 21
47 27 8
47 28 42
47 29 30
47 30 27
47 31 14
47 32 42
47 33 33
47 34 17
47 35 15
47 36 7
47 37 16
47 38 25
47 39 14
47 40 43
47 41 19
47 42 24
47 43 39
47 44 40
47 45 27
47 46 30
47 47 -1
47 48 25
47 49 46
47 50 12
47 51 47
47 52 24
47 53 40
47 54 6
47 55 22
47 56 24
47 57 34
47 58 9
47 59 26
47 60 25
47 61 26
47 62 28
47 63 29
47 64 1
47 65 23
47 66 25
48 1 48
48 2 67
48 3 48
48 4 47
48 5 33
48 6 66
48 7 34
48 8 54
48 9 11
48 10 28
48 11 38
48 12 44
48 13 41
48 14 53
48 15 36
48 16 47
48 17 12
48 18 56
48 19 18
48 20 32
48 21 8
48 22 43
48 23 10
48 24 15
48 25 59
48 26 25
48 27 31
48 28 64
48 29 55
48 30 52
48 31 30
48 32 66
48 33 55
48 34 8
48 35 11
48 36 22
48 37 9
48 38 41
48 39 21
48 40 34
48 41 44
48 42 43
48 43 30
48 44 65
48 45 46
48 46 55
48 47 25
48 48 -1
48 49 61
48 50 37
48 51 63
48 52 5
48 53 51
48 54 27
48 55 15
48 56 46
48 57 24
48 58 16
48 59 33
48 60 35
48 61 25
48 62 53
48 63 52
48 64 25
48 65 47
48 66 50
49 1 40
49 2 16
49 3 27
49 4 27
49 5 29
49 6 9
49 7 35
49 8 19
49 9 51
49 10 59
49 11 28
49 12 52
49 13 22
49 14 43
49 15 46
49 16 21
49 17 49
49 18 32
49 19 46
49 20 33
49 21 67
49 22 26
49 23 55
49 24 52
49 25 28
49 26 67
49 27 38
49 28 17
49 29 47
49 30 33
49 31 58
49 32 61
49 33 21
49 34 55
49 35 58
49 36 53
49 37 54
49 38 21
49 39 40
49 40 49
49 41 35
49 42 61
49 43 48
49 44 40
49 45 19
49 46 46
49 47 46
49 48 61
49 49 -1
49 50 44
49 51 1
49 52 64
49 53 13
49 54 39
49 55 67
49 56 58
49 57 79
49 58 48
49 59 29
49 60 69
49 61 39
49 62 34
49 63 59
49 64 45
49 65 50
49 66 35
50 1 11
50 2 40
50 3 18
50 4 18
50 5 22
50 6 43
50 7 10
50 8 27
50 9 26
50 10 17
50 11 17
50 12 10
50 13 24
50 14 16
50 15 2
50 16 23
50 17 29
50 18 21
50 19 36
50 20 38
50 21 37
50 22 17
50 23 38
50 24 40
50 25 26
50 26 27
50 27 10
50 28 36
50 29 18
50 30 18
50 31 15
50 32 31
50 33 26
50 34 29
50 35 27
50 36 16
50 37 28
50 38 26
50 39 24
50 40 53
50 41 10
50 42 18
50 43 50
50 44 28
50 45 25
50 46 18
50 47 12
50 48 37
50 49 44
50 50 -1
50 51 45
50 52 36
50 53 42
50 54 13
50 55 31
50 56 15
50 57 42
50 58 22
50 59 32
50 60 25
50 61 36
50 62 18
50 63 19
50 64 12
50 65 11
50 66 15
51 1 41
51 2 16
51 3 28
51 4 28
51 5 30
51 6 9
51 7 37
51 8 20
51 9 53
51 10 60
51 11 29
51 12 53
51 13 23
51 14 44
51 15 47
51 16 22
51 17 51
51 18 33
51 19 47
51 20 35
51 21 68
51 22 27
51 23 56
51 24 54
51 25 29
51 26 68
51 27 39
51 28 18
51 29 48
51 30 34
51 31 59
51 32 62
51 33 22
51 34 57
51 35 59
51 36 54
51 37 55
51 38 22
51 39 41
51 40 50
51 41 36
51 42 63
51 43 50
51 44 41
51 45 20
51 46 47
51 47 47
51 48 63
51 49 1
51 50 45
51 51 -1
51 52 65
51 53 14
51 54 41
51 55 68
51 56 59
51 57 81
51 58 49
51 59 30
51 60 70
51 61 41
51 62 35
51 63 60
51 64 46
51 65 51
51 66 36
52 1 47
52 2 68
52 3 49
52 4 48
52 5 35
52 6 68
52 7 34
52 8 55
52 9 12
52 10 25
52 11 39
52 12 42
52 13 43
52 14 52
52 15 35
52 16 48
52 17 15
52 18 56
52 19 22
52 20 36
52 21 3
52 22 44
52 23 15
52 24 20
52 25 59
52 26 20
52 27 31
52 28 65
52 29 54
52 30 52
52 31 26
52 32 64
52 33 55
52 34 8
52 35 9
52 36 20
52 37 10
52 38 43
52 39 24
52 40 39
52 41 43
52 42 39
52 43 35
52 44 64
52 45 47
52 46 54
52 47 24
52 48 5
52 49 64
52 50 36
52 51 65
52 52 -1
52 53 54
52 54 27
52 55 10
52 56 43
52 57 19
52 58 17
52 59 36
52 60 31
52 61 29
52 62 52
52 63 49
52 64 24
52 65 45
52 66 49
53 1 41
53 2 27
53 3 28
53 4 28
53 5 21
53 6 22
53 7 32
53 8 24
53 9 42
53 10 54
53 11 25
53 12 51
53 13 18
53 14 45
53 15 44
53 16 21
53 17 39
53 18 37
53 19 35
53 20 21
53 21 57
53 22 25
53 23 44
53 24 41
53 25 34
53 26 61
53 27 33
53 28 27
53 29 50
53 30 36
53 31 53
53 32 65
53 33 26
53 34 46
53 35 49
53 36 47
53 37 45
53 38 16
53 39 31
53 40 36
53 41 35
53 42 60
53 43 35
53 44 46
53 45 18
53 46 49
53 47 40
53 48 51
53 49 13
53 50 42
53 51 14
53 52 54
53 53 -1
53 54 33
53 55 59
53 56 57
53 57 71
53 58 39
53 59 18
53 60 64
53 61 28
53 62 37
53 63 59
53 64 39
53 65 50
53 66 37
54 1 21
54 2 41
54 3 21
54 4 20
54 5 12
54 6 42
54 7 7
54 8 28
54 9 16
54 10 20
54 11 12
54 12 24
54 13 17
54 14 27
54 15 14
54 16 21
54 17 17
54 18 29
54 19 23
54 20 25
54 21 29
54 22 17
54 23 26
54 24 27
54 25 31
54 26 27
54 27 4
54 28 37
54 29 30
54 30 25
54 31 20
54 32 44
54 33 28
54 34 19
54 35 19
54 36 13
54 37 18
54 38 18
54 39 11
54 40 40
54 41 17
54 42 28
54 43 36
54 44 38
54 45 21
54 46 30
54 47 6
54 48 27
54 49 39
54 50 13
54 51 41
54 52 27
54 53 33
54 54 -1
54 55 27
54 56 28
54 57 40
54 58 11
54 59 20
54 60 31
54 61 22
54 62 26
54 63 32
54 64 5
54 65 24
54 66 23
55 1 43
55 2 69
55 3 47
55 4 46
55 5 38
55 6 70
55 7 33
55 8 55
55 9 17
55 10 17
55 11 39
55 12 36
55 13 44
55 14 47
55 15 30
55 16 48
55 17 21
55 18 53
55 19 31
55 20 42
55 21 9
55 22 44
55 23 24
55 24 29
55 25 57
55 26 10
55 27 30
55 28 65
55 29 48
55 30 49
55 31 19
55 32 56
55 33 55
55 34 14
55 35 9
55 36 15
55 37 15
55 38 45
55 39 28
55 40 48
55 41 41
55 42 31
55 43 44
55 44 60
55 45 48
55 46 48
55 47 22
55 48 15
55 49 67
55 50 31
55 51 68
55 52 10
55 53 59
55 54 27
55 55 -1
55 56 35
55 57 12
55 58 19
55 59 41
55 60 20
55 61 36
55 62 49
55 63 41
55 64 22
55 65 39
55 66 46
56 1 18
56 2 51
56 3 31
56 4 31
56 5 38
56 6 56
56 7 26
56 8 40
56 9 38
56 10 18
56 11 32
56 12 6
56 13 39
56 14 18
56 15 14
56 16 37
56 17 41
56 18 29
56 19 50
56 20 53
56 21 43
56 22 32
56 23 50
56 24 53
56 25 34
56 26 27
56 27 26
56 28 47
56 29 17
56 30 26
56 31 16
56 32 21
56 33 38
56 34 38
56 35 34
56 36 24
56 37 38
56 38 41
56 39 39
56 40 68
56 41 23
56 42 5
56 43 64
56 44 31
56 45 40
56 46 17
56 47 24
56 48 46
56 49 58
56 50 15
56 51 59
56 52 43
56 53 57
56 54 28
56 55 35
56 56 -1
56 57 43
56 58 34
56 59 48
56 60 19
56 61 50
56 62 26
56 63 6
56 64 25
56 65 8
56 66 24
57 1 54
57 2 81
57 3 60
57 4 59
57 5 50
57 6 82
57 7 46
57 8 68
57 9 29
57 10 26
57 11 52
57 12 45
57 13 57
57 14 57
57 15 41
57 16 61
57 17 32
57 18 64
57 19 41
57 20 54
57 21 16
57 22 56
57 23 34
57 24 39
57 25 69
57 26 16
57 27 43
57 28 77
57 29 58
57 30 60
57 31 28
57 32 64
57 33 67
57 34 25
57 35 21
57 36 27
57 37 26
57 38 58
57 39 40
57 40 58
57 41 53
57 42 38
57 43 54
57 44 70
57 45 61
57 46 58
57 47 34
57 48 24
57 49 79
57 50 42
57 51 81
57 52 19
57 53 71
57 54 40
57 55 12
57 56 43
57 57 -1
57 58 31
57 59 54
57 60 25
57 61 47
57 62 61
57 63 49
57 64 35
57 65 48
57 66 58
58 1 32
58 2 51
58 3 32
58 4 31
58 5 19
58 6 52
58 7 18
58 8 38
58 9 5
58 10 19
58 11 22
58 12 31
58 13 26
58 14 37
58 15 21
58 16 31
58 17 7
58 18 40
58 19 16
58 20 25
58 21 19
58 22 27
58 23 16
58 24 19
58 25 42
58 26 23
58 27 15
58 28 48
58 29 40
58 30 36
58 31 20
58 32 52
58 33 39
58 34 8
58 35 10
58 36 11
58 37 7
58 38 26
58 39 9
58 40 35
58 41 28
58 42 32
58 43 31
58 44 49
58 45 30
58 46 40
58 47 9
58 48 16
58 49 48
58 50 22
58 51 49
58 52 17
58 53 39
58 54 11
58 55 19
58 56 34
58 57 31
58 58 -1
58 59 22
58 60 30
58 61 19
58 62 37
58 63 39
58 64 9
58 65 33
58 66 34
59 1 36
59 2 39
59 3 28
59 4 27
59 5 10
59 6 36
59 7 22
59 8 29
59 9 24
59 10 40
59 11 18
59 12 43
59 13 14
59 14 42
59 15 34
59 16 23
59 17 21
59 18 38
59 19 17
59 20 6
59 21 39
59 22 23
59 23 25
59 24 23
59 25 38
59 26 45
59 27 21
59 28 37
59 29 46
59 30 35
59 31 40
59 32 61
59 33 30
59 34 28
59 35 32
59 36 32
59 37 27
59 38 13
59 39 13
59 40 24
59 41 30
59 42 49
59 43 22
59 44 48
59 45 19
59 46 45
59 47 26
59 48 33
59 49 29
59 50 32
59 51 30
59 52 36
59 53 18
59 54 20
59 55 41
59 56 48
59 57 54
59 58 22
59 59 -1
59 60 51
59 61 10
59 62 36
59 63 51
59 64 25
59 65 43
59 66 35
60 1 34
60 2 66
60 3 44
60 4 43
60 5 43
60 6 69
60 7 33
60 8 53
60 9 31
60 10 11
60 11 40
60 12 23
60 13 47
60 14 36
60 15 23
60 16 48
60 17 35
60 18 45
60 19 46
60 20 54
60 21 30
60 22 42
60 23 42
60 24 47
60 25 50
60 26 10
60 27 31
60 28 61
60 29 35
60 30 42
60 31 11
60 32 39
60 33 52
60 34 30
60 35 25
60 36 19
60 37 30
60 38 49
60 39 38
60 40 65
60 41 36
60 42 13
60 43 60
60 44 49
60 45 49
60 46 36
60 47 25
60 48 35
60 49 69
60 50 25
60 51 70
60 52 31
60 53 64
60 54 31
60 55 20
60 56 19
60 57 25
60 58 30
60 59 51
60 60 -1
60 61 49
60 62 42
60 63 24
60 64 26
60 65 26
60 66 39
61 1 42
61 2 49
61 3 36
61 4 35
61 5 17
61 6 46
61 7 27
61 8 39
61 9 19
61 10 38
61 11 25
61 12 46
61 13 24
61 14 48
61 15 36
61 16 32
61 17 15
61 18 46
61 19 7
61 20 7
61 21 32
61 22 31
61 23 16
61 24 13
61 25 47
61 26 42
61 27 25
61 28 47
61 29 52
61 30 43
61 31 39
61 32 66
61 33 40
61 34 22
61 35 27
61 36 30
61 37 21
61 38 23
61 39 11
61 40 17
61 41 36
61 42 50
61 43 14
61 44 56
61 45 29
61 46 51
61 47 26
61 48 25
61 49 39
61 50 36
61 51 41
61 52 29
61 53 28
61 54 22
61 55 36
61 56 50
61 57 47
61 58 19
61 59 10
61 60 49
61 61 -1
61 62 44
61 63 55
61 64 25
61 65 47
61 66 42
62 1 7
62 2 25
62 3 9
62 4 9
62 5 26
62 6 30
62 7 19
62 8 15
62 9 42
62 10 35
62 11 18
62 12 20
62 13 22
62 14 9
62 15 20
62 16 15
62 17 43
62 18 3
62 19 47
62 20 43
62 21 54
62 22 13
62 23 52
62 24 52
62 25 8
62 26 45
62 27 22
62 28 20
62 29 13
62 30 1
62 31 33
62 32 27
62 33 13
62 34 45
62 35 44
62 36 34
62 37 44
62 38 24
62 39 35
62 40 61
62 41 9
62 42 31
62 43 58
62 44 12
62 45 20
62 46 12
62 47 28
62 48 53
62 49 34
62 50 18
62 51 35
62 52 52
62 53 37
62 54 26
62 55 49
62 56 26
62 57 61
62 58 37
62 59 36
62 60 42
62 61 44
62 62 -1
62 63 25
62 64 28
62 65 17
62 66 3
63 1 19
63 2 50
63 3 32
63 4 32
63 5 41
63 6 55
63 7 29
63 8 40
63 9 43
63 10 24
63 11 35
63 12 8
63 13 41
63 14 16
63 15 18
63 16 38
63 17 46
63 18 28
63 19 55
63 20 57
63 21 49
63 22 33
63 23 55
63 24 58
63 25 33
63 26 33
63 27 30
63 28 46
63 29 13
63 30 26
63 31 22
63 32 15
63 33 38
63 34 44
63 35 40
63 36 29
63 37 44
63 38 43
63 39 43
63 40 72
63 41 24
63 42 11
63 43 69
63 44 27
63 45 41
63 46 14
63 47 29
63 48 52
63 49 59
63 50 19
63 51 60
63 52 49
63 53 59
63 54 32
63 55 41
63 56 6
63 57 49
63 58 39
63 59 51
63 60 24
63 61 55
63 62 25
63 63 -1
63 64 30
63 65 9
63 66 24
64 1 23
64 2 46
64 3 25
64 4 24
64 5 17
64 6 47
64 7 10
64 8 32
64 9 14
64 10 15
64 11 17
64 12 22
64 13 22
64 14 28
64 15 12
64 16 26
64 17 16
64 18 31
64 19 24
64 20 29
64 21 26
64 22 21
64 23 26
64 24 28
64 25 35
64 26 22
64 27 7
64 28 42
64 29 31
64 30 27
64 31 15
64 32 43
64 33 32
64 34 17
64 35 15
64 36 8
64 37 16
64 38 24
64 39 13
64 40 42
64 41 19
64 42 25
64 43 39
64 44 40
64 45 26
64 46 30
64 47 1
64 48 25
64 49 45
64 50 12
64 51 46
64 52 24
64 53 39
64 54 5
64 55 22
64 56 25
64 57 35
64 58 9
64 59 25
64 60 26
64 61 25
64 62 28
64 63 30
64 64 -1
64 65 23
64 66 25
65 1 10
65 2 42
65 3 23
65 4 23
65 5 32
65 6 47
65 7 20
65 8 31
65 9 37
65 10 22
65 11 26
65 12 3
65 13 32
65 14 9
65 15 11
65 16 29
65 17 40
65 18 20
65 19 48
65 20 49
65 21 46
65 22 24
65 23 49
65 24 51
65 25 25
65 26 32
65 27 21
65 28 38
65 29 9
65 30 18
65 31 20
65 32 19
65 33 29
65 34 39
65 35 36
65 36 25
65 37 38
65 38 34
65 39 36
65 40 65
65 41 15
65 42 14
65 43 61
65 44 23
65 45 32
65 46 9
65 47 23
65 48 47
65 49 50
65 50 11
65 51 51
65 52 45
65 53 50
65 54 24
65 55 39
65 56 8
65 57 48
65 58 33
65 59 43
65 60 26
65 61 47
65 62 17
65 63 9
65 64 23
65 65 -1
65 66 15
66 1 5
66 2 27
66 3 8
66 4 8
66 5 24
66 6 31
66 7 16
66 8 16
66 9 39
66 10 32
66 11 16
66 12 18
66 13 21
66 14 8
66 15 17
66 16 15
66 17 40
66 18 6
66 19 44
66 20 41
66 21 51
66 22 12
66 23 49
66 24 50
66 25 11
66 26 42
66 27 19
66 28 22
66 29 13
66 30 2
66 31 30
66 32 28
66 33 14
66 34 42
66 35 41
66 36 31
66 37 41
66 38 23
66 39 32
66 40 59
66 41 6
66 42 29
66 43 56
66 44 15
66 45 19
66 46 12
66 47 25
66 48 50
66 49 35
66 50 15
66 51 36
66 52 49
66 53 37
66 54 23
66 55 46
66 56 24
66 57 58
66 58 34
66 59 35
66 60 39
66 61 42
66 62 3
66 63 24
66 64 25
66 65 15
66 66 -1
