64 36
64 7
64 15
64 47
64 50
64 54
64 58
64 27
27 64
27 5
27 7
27 11
27 47
27 15
27 50
27 54
21 34
21 35
21 37
21 48
21 52
21 55
5 38
5 7
5 39
5 59
5 11
5 13
5 45
5 54
5 27
2 28
2 6
47 64
47 36
47 7
47 15
47 50
47 54
47 58
47 27
31 10
31 26
31 36
31 60
10 26
10 36
10 60
10 31
52 34
52 35
52 37
52 9
52 48
52 21
52 55
19 39
19 17
19 23
19 24
19 61
42 56
42 12
42 63
49 51
49 6
14 1
14 65
14 66
14 41
14 46
14 18
14 62
14 29
14 30
33 3
33 4
33 8
33 45
33 16
33 18
33 22
33 25
33 28
33 30
34 35
34 37
34 9
34 48
34 17
34 52
34 21
34 23
34 58
40 43
63 56
63 65
63 42
63 12
48 34
48 35
48 37
48 9
48 17
48 52
48 21
48 23
25 33
25 66
25 3
25 4
25 8
25 44
25 18
25 62
25 30
12 1
12 65
12 42
12 15
12 50
12 56
12 29
12 63
26 10
26 60
26 55
26 31
24 17
24 19
24 23
45 33
45 3
45 4
45 5
45 38
45 8
45 11
45 13
45 16
45 22
16 33
16 3
16 4
16 38
16 8
16 11
16 13
16 45
16 22
18 1
18 33
18 3
18 4
18 66
18 41
18 44
18 14
18 62
18 25
18 30
7 64
7 5
7 41
7 11
7 15
7 47
7 50
7 22
7 54
7 27
22 33
22 66
22 3
22 4
22 38
22 7
22 8
22 41
22 11
22 13
22 45
22 16
22 30
60 10
60 26
60 31
17 34
17 35
17 37
17 39
17 9
17 48
17 19
17 23
17 24
17 58
30 1
30 33
30 3
30 4
30 66
30 41
30 14
30 18
30 22
30 25
30 62
55 35
55 52
55 21
55 57
55 26
65 1
65 12
65 14
65 15
65 46
65 50
65 56
65 29
65 63
66 1
66 3
66 4
66 41
66 14
66 46
66 18
66 22
66 62
66 25
66 29
66 30
