1 1 -1
1 2 26
1 3 29
1 4 21
1 5 8
1 6 6
1 7 25
1 8 7
1 9 34
1 10 34
1 11 10
1 12 43
1 13 18
1 14 29
1 15 10
1 16 32
1 17 18
1 18 30
1 19 23
1 20 22
1 21 34
1 22 5
1 23 39
1 24 13
1 25 18
1 26 11
1 27 23
1 28 35
1 29 14
1 30 25
1 31 13
1 32 8
1 33 26
1 34 26
1 35 15
1 36 2
1 37 24
1 38 36
1 39 38
1 40 21
1 41 33
1 42 41
1 43 12
1 44 44
2 1 26
2 2 -1
2 3 27
2 4 38
2 5 21
2 6 20
2 7 6
2 8 21
2 9 24
2 10 8
2 11 18
2 12 19
2 13 23
2 14 2
2 15 26
2 16 33
2 17 13
2 18 20
2 19 41
2 20 10
2 21 36
2 22 32
2 23 26
2 24 13
2 25 24
2 26 15
2 27 3
2 28 27
2 29 39
2 30 26
2 31 15
2 32 20
2 33 33
2 34 22
2 35 28
2 36 29
2 37 37
2 38 12
2 39 27
2 40 5
2 41 10
2 42 34
2 43 18
2 44 43
3 1 29
3 2 27
3 3 -1
3 4 20
3 5 31
3 6 25
3 7 32
3 8 30
3 9 8
3 10 28
3 11 20
3 12 29
3 13 10
3 14 28
3 15 20
3 16 6
3 17 16
3 18 8
3 19 23
3 20 17
3 21 9
3 22 32
3 23 13
3 24 24
3 25 10
3 26 27
3 27 26
3 28 7
3 29 31
3 30 4
3 31 19
3 32 22
3 33 9
3 34 4
3 35 16
3 36 30
3 37 16
3 38 25
3 39 11
3 40 25
3 41 22
3 42 12
3 43 18
3 44 17
4 1 21
4 2 38
4 3 20
4 4 -1
4 5 28
4 6 23
4 7 40
4 8 27
4 9 28
4 10 42
4 11 21
4 12 47
4 13 15
4 14 40
4 15 13
4 16 18
4 17 25
4 18 26
4 19 3
4 20 28
4 21 19
4 22 21
4 23 33
4 24 28
4 25 14
4 26 28
4 27 35
4 28 27
4 29 14
4 30 17
4 31 23
4 32 21
4 33 11
4 34 21
4 35 10
4 36 22
4 37 5
4 38 41
4 39 31
4 40 33
4 41 38
4 42 30
4 43 20
4 44 28
5 1 8
5 2 21
5 3 31
5 4 28
5 5 -1
5 6 5
5 7 18
5 8 1
5 9 34
5 10 29
5 11 10
5 12 39
5 13 21
5 14 23
5 15 15
5 16 35
5 17 17
5 18 30
5 19 31
5 20 20
5 21 38
5 22 13
5 23 39
5 24 9
5 25 22
5 26 6
5 27 17
5 28 36
5 29 22
5 30 28
5 31 12
5 32 9
5 33 31
5 34 27
5 35 20
5 36 9
5 37 30
5 38 32
5 39 38
5 40 16
5 41 29
5 42 42
5 43 13
5 44 47
6 1 6
6 2 20
6 3 25
6 4 23
6 5 5
6 6 -1
6 7 19
6 8 4
6 9 29
6 10 28
6 11 5
6 12 37
6 13 15
6 14 22
6 15 10
6 16 30
6 17 13
6 18 25
6 19 26
6 20 16
6 21 32
6 22 12
6 23 34
6 24 7
6 25 16
6 26 5
6 27 16
6 28 31
6 29 19
6 30 22
6 31 8
6 32 3
6 33 25
6 34 22
6 35 14
6 36 8
6 37 25
6 38 29
6 39 33
6 40 14
6 41 26
6 42 37
6 43 7
6 44 42
7 1 25
7 2 6
7 3 32
7 4 40
7 5 18
7 6 19
7 7 -1
7 8 18
7 9 30
7 10 14
7 11 19
7 12 25
7 13 26
7 14 7
7 15 27
7 16 38
7 17 16
7 18 26
7 19 43
7 20 14
7 21 41
7 22 30
7 23 33
7 24 12
7 25 27
7 26 13
7 27 5
7 28 33
7 29 38
7 30 30
7 31 17
7 32 19
7 33 36
7 34 27
7 35 30
7 36 27
7 37 40
7 38 18
7 39 33
7 40 7
7 41 17
7 42 40
7 43 20
7 44 48
8 1 7
8 2 21
8 3 30
8 4 27
8 5 1
8 6 4
8 7 18
8 8 -1
8 9 33
8 10 29
8 11 9
8 12 38
8 13 20
8 14 23
8 15 14
8 16 34
8 17 16
8 18 28
8 19 29
8 20 19
8 21 36
8 22 12
8 23 37
8 24 8
8 25 20
8 26 5
8 27 17
8 28 35
8 29 21
8 30 26
8 31 11
8 32 7
8 33 29
8 34 26
8 35 18
8 36 8
8 37 29
8 38 31
8 39 37
8 40 15
8 41 28
8 42 41
8 43 11
8 44 46
9 1 34
9 2 24
9 3 8
9 4 28
9 5 34
9 6 29
9 7 30
9 8 33
9 9 -1
9 10 22
9 11 24
9 12 21
9 13 16
9 14 25
9 15 26
9 16 13
9 17 17
9 18 4
9 19 32
9 20 16
9 21 15
9 22 38
9 23 5
9 24 26
9 25 16
9 26 29
9 27 24
9 28 3
9 29 38
9 30 11
9 31 21
9 32 26
9 33 17
9 34 8
9 35 23
9 36 36
9 37 24
9 38 19
9 39 4
9 40 24
9 41 16
9 42 10
9 43 22
9 44 19
10 1 34
10 2 8
10 3 28
10 4 42
10 5 29
10 6 28
10 7 14
10 8 29
10 9 22
10 10 -1
10 11 25
10 12 11
10 13 26
10 14 7
10 15 32
10 16 34
10 17 18
10 18 20
10 19 46
10 20 13
10 21 37
10 22 40
10 23 23
10 24 21
10 25 27
10 26 23
10 27 11
10 28 25
10 29 46
10 30 28
10 31 21
10 32 26
10 33 35
10 34 24
10 35 33
10 36 36
10 37 40
10 38 5
10 39 25
10 40 13
10 41 6
10 42 32
10 43 24
10 44 42
11 1 10
11 2 18
11 3 20
11 4 21
11 5 10
11 6 5
11 7 19
11 8 9
11 9 24
11 10 25
11 11 -1
11 12 33
11 13 10
11 14 21
11 15 8
11 16 24
11 17 8
11 18 20
11 19 24
11 20 12
11 21 27
11 22 15
11 23 29
11 24 7
11 25 11
11 26 7
11 27 15
11 28 25
11 29 20
11 30 17
11 31 3
11 32 2
11 33 20
11 34 17
11 35 11
11 36 12
11 37 21
11 38 26
11 39 28
11 40 13
11 41 23
11 42 32
11 43 2
11 44 37
12 1 43
12 2 19
12 3 29
12 4 47
12 5 39
12 6 37
12 7 25
12 8 38
12 9 21
12 10 11
12 11 33
12 12 -1
12 13 31
12 14 18
12 15 39
12 16 34
12 17 25
12 18 21
12 19 50
12 20 21
12 21 37
12 22 48
12 23 20
12 24 30
12 25 32
12 26 33
12 27 22
12 28 24
12 29 53
12 30 30
12 31 30
12 32 35
12 33 38
12 34 26
12 35 38
12 36 45
12 37 44
12 38 7
12 39 22
12 40 23
12 41 10
12 42 29
12 43 32
12 44 40
13 1 18
13 2 23
13 3 10
13 4 15
13 5 21
13 6 15
13 7 26
13 8 20
13 9 16
13 10 26
13 11 10
13 12 31
13 13 -1
13 14 25
13 15 10
13 16 14
13 17 10
13 18 13
13 19 19
13 20 13
13 21 16
13 22 22
13 23 21
13 24 16
13 25 1
13 26 17
13 27 21
13 28 17
13 29 22
13 30 6
13 31 10
13 32 12
13 33 10
13 34 8
13 35 7
13 36 20
13 37 14
13 38 26
13 39 20
13 40 19
13 41 22
13 42 22
13 43 8
13 44 26
14 1 29
14 2 2
14 3 28
14 4 40
14 5 23
14 6 22
14 7 7
14 8 23
14 9 25
14 10 7
14 11 21
14 12 18
14 13 25
14 14 -1
14 15 29
14 16 34
14 17 15
14 18 21
14 19 43
14 20 12
14 21 38
14 22 34
14 23 27
14 24 15
14 25 26
14 26 17
14 27 5
14 28 28
14 29 41
14 30 28
14 31 17
14 32 22
14 33 35
14 34 24
14 35 30
14 36 31
14 37 39
14 38 11
14 39 28
14 40 7
14 41 10
14 42 35
14 43 21
14 44 44
15 1 10
15 2 26
15 3 20
15 4 13
15 5 15
15 6 10
15 7 27
15 8 14
15 9 26
15 10 32
15 11 8
15 12 39
15 13 10
15 14 29
15 15 -1
15 16 22
15 17 14
15 18 22
15 19 16
15 20 19
15 21 24
15 22 12
15 23 31
15 24 15
15 25 10
15 26 15
15 27 23
15 28 27
15 29 13
15 30 16
15 31 11
15 32 8
15 33 16
15 34 18
15 35 5
15 36 11
15 37 15
15 38 33
15 39 30
15 40 21
15 41 29
15 42 32
15 43 8
15 44 34
16 1 32
16 2 33
16 3 6
16 4 18
16 5 35
16 6 30
16 7 38
16 8 34
16 9 13
16 10 34
16 11 24
16 12 34
16 13 14
16 14 34
16 15 22
16 16 -1
16 17 21
16 18 14
16 19 21
16 20 23
16 21 3
16 22 34
16 23 16
16 24 29
16 25 13
16 26 31
16 27 32
16 28 10
16 29 32
16 30 7
16 31 24
16 32 26
16 33 7
16 34 10
16 35 17
16 36 33
16 37 13
16 38 31
16 39 14
16 40 30
16 41 28
16 42 11
16 43 22
16 44 12
17 1 18
17 2 13
17 3 16
17 4 25
17 5 17
17 6 13
17 7 16
17 8 16
17 9 17
17 10 18
17 11 8
17 12 25
17 13 10
17 14 15
17 15 14
17 16 21
17 17 -1
17 18 13
17 19 28
17 20 4
17 21 25
17 22 23
17 23 21
17 24 8
17 25 11
17 26 11
17 27 11
17 28 19
17 29 28
17 30 14
17 31 5
17 32 10
17 33 20
17 34 12
17 35 15
17 36 20
17 37 24
17 38 18
17 39 21
17 40 9
17 41 15
17 42 26
17 43 7
17 44 33
18 1 30
18 2 20
18 3 8
18 4 26
18 5 30
18 6 25
18 7 26
18 8 28
18 9 4
18 10 20
18 11 20
18 12 21
18 13 13
18 14 21
18 15 22
18 16 14
18 17 13
18 18 -1
18 19 30
18 20 12
18 21 17
18 22 34
18 23 9
18 24 21
18 25 13
18 26 24
18 27 20
18 28 7
18 29 35
18 30 10
18 31 17
18 32 22
18 33 17
18 34 5
18 35 20
18 36 32
18 37 23
18 38 17
18 39 8
18 40 19
18 41 14
18 42 14
18 43 18
18 44 22
19 1 23
19 2 41
19 3 23
19 4 3
19 5 31
19 6 26
19 7 43
19 8 29
19 9 32
19 10 46
19 11 24
19 12 50
19 13 19
19 14 43
19 15 16
19 16 21
19 17 28
19 18 30
19 19 -1
19 20 32
19 21 21
19 22 22
19 23 36
19 24 31
19 25 18
19 26 31
19 27 38
19 28 31
19 29 14
19 30 20
19 31 26
19 32 24
19 33 14
19 34 24
19 35 13
19 36 23
19 37 7
19 38 45
19 39 34
19 40 36
19 41 41
19 42 33
19 43 23
19 44 30
20 1 22
20 2 10
20 3 17
20 4 28
20 5 20
20 6 16
20 7 14
20 8 19
20 9 16
20 10 13
20 11 12
20 12 21
20 13 13
20 14 12
20 15 19
20 16 23
20 17 4
20 18 12
20 19 32
20 20 -1
20 21 26
20 22 27
20 23 20
20 24 11
20 25 14
20 26 14
20 27 8
20 28 19
20 29 32
20 30 16
20 31 8
20 32 14
20 33 23
20 34 13
20 35 19
20 36 24
20 37 27
20 38 14
20 39 20
20 40 7
20 41 10
20 42 26
20 43 11
20 44 34
21 1 34
21 2 36
21 3 9
21 4 19
21 5 38
21 6 32
21 7 41
21 8 36
21 9 15
21 10 37
21 11 27
21 12 37
21 13 16
21 14 38
21 15 24
21 16 3
21 17 25
21 18 17
21 19 21
21 20 26
21 21 -1
21 22 36
21 23 18
21 24 32
21 25 16
21 26 34
21 27 35
21 28 13
21 29 33
21 30 10
21 31 27
21 32 29
21 33 8
21 34 13
21 35 19
21 36 35
21 37 14
21 38 34
21 39 16
21 40 34
21 41 31
21 42 12
21 43 25
21 44 9
22 1 5
22 2 32
22 3 32
22 4 21
22 5 13
22 6 12
22 7 30
22 8 12
22 9 38
22 10 40
22 11 15
22 12 48
22 13 22
22 14 34
22 15 12
22 16 34
22 17 23
22 18 34
22 19 22
22 20 27
22 21 36
22 22 -1
22 23 43
22 24 19
22 25 22
22 26 17
22 27 29
22 28 39
22 29 10
22 30 28
22 31 18
22 32 13
22 33 28
22 34 30
22 35 16
22 36 3
22 37 25
22 38 41
22 39 42
22 40 26
22 41 38
22 42 44
22 43 16
22 44 46
23 1 39
23 2 26
23 3 13
23 4 33
23 5 39
23 6 34
23 7 33
23 8 37
23 9 5
23 10 23
23 11 29
23 12 20
23 13 21
23 14 27
23 15 31
23 16 16
23 17 21
23 18 9
23 19 36
23 20 20
23 21 18
23 22 43
23 23 -1
23 24 30
23 25 21
23 26 33
23 27 27
23 28 5
23 29 43
23 30 16
23 31 26
23 32 31
23 33 22
23 34 13
23 35 28
23 36 41
23 37 29
23 38 19
23 39 2
23 40 27
23 41 17
23 42 9
23 43 27
23 44 20
24 1 13
24 2 13
24 3 24
24 4 28
24 5 9
24 6 7
24 7 12
24 8 8
24 9 26
24 10 21
24 11 7
24 12 30
24 13 16
24 14 15
24 15 15
24 16 29
24 17 8
24 18 21
24 19 31
24 20 11
24 21 32
24 22 19
24 23 30
24 24 -1
24 25 17
24 26 3
24 27 9
24 28 28
24 29 26
24 30 22
24 31 5
24 32 7
24 33 26
24 34 20
24 35 18
24 36 15
24 37 28
24 38 23
24 39 30
24 40 7
24 41 20
24 42 35
24 43 8
24 44 41
25 1 18
25 2 24
25 3 10
25 4 14
25 5 22
25 6 16
25 7 27
25 8 20
25 9 16
25 10 27
25 11 11
25 12 32
25 13 1
25 14 26
25 15 10
25 16 13
25 17 11
25 18 13
25 19 18
25 20 14
25 21 16
25 22 22
25 23 21
25 24 17
25 25 -1
25 26 18
25 27 22
25 28 17
25 29 22
25 30 6
25 31 11
25 32 12
25 33 9
25 34 8
25 35 6
25 36 20
25 37 13
25 38 26
25 39 20
25 40 20
25 41 23
25 42 22
25 43 9
25 44 25
26 1 11
26 2 15
26 3 27
26 4 28
26 5 6
26 6 5
26 7 13
26 8 5
26 9 29
26 10 23
26 11 7
26 12 33
26 13 17
26 14 17
26 15 15
26 16 31
26 17 11
26 18 24
26 19 31
26 20 14
26 21 34
26 22 17
26 23 33
26 24 3
26 25 18
26 26 -1
26 27 12
26 28 31
26 29 25
26 30 24
26 31 7
26 32 7
26 33 28
26 34 23
26 35 18
26 36 13
26 37 29
26 38 26
26 39 33
26 40 10
26 41 23
26 42 38
26 43 9
26 44 43
27 1 23
27 2 3
27 3 26
27 4 35
27 5 17
27 6 16
27 7 5
27 8 17
27 9 24
27 10 11
27 11 15
27 12 22
27 13 21
27 14 5
27 15 23
27 16 32
27 17 11
27 18 20
27 19 38
27 20 8
27 21 35
27 22 29
27 23 27
27 24 9
27 25 22
27 26 12
27 27 -1
27 28 27
27 29 36
27 30 25
27 31 12
27 32 16
27 33 31
27 34 21
27 35 25
27 36 25
27 37 35
27 38 15
27 39 28
27 40 2
27 41 13
27 42 34
27 43 15
27 44 43
28 1 35
28 2 27
28 3 7
28 4 27
28 5 36
28 6 31
28 7 33
28 8 35
28 9 3
28 10 25
28 11 25
28 12 24
28 13 17
28 14 28
28 15 27
28 16 10
28 17 19
28 18 7
28 19 31
28 20 19
28 21 13
28 22 39
28 23 5
28 24 28
28 25 17
28 26 31
28 27 27
28 28 -1
28 29 39
28 30 11
28 31 23
28 32 27
28 33 16
28 34 9
28 35 23
28 36 37
28 37 23
28 38 22
28 39 3
28 40 26
28 41 19
28 42 7
28 43 23
28 44 16
29 1 14
29 2 39
29 3 31
29 4 14
29 5 22
29 6 19
29 7 38
29 8 21
29 9 38
29 10 46
29 11 20
29 12 53
29 13 22
29 14 41
29 15 13
29 16 32
29 17 28
29 18 35
29 19 14
29 20 32
29 21 33
29 22 10
29 23 43
29 24 26
29 25 22
29 26 25
29 27 36
29 28 39
29 29 -1
29 30 27
29 31 24
29 32 19
29 33 25
29 34 30
29 35 15
29 36 13
29 37 19
29 38 46
29 39 42
29 40 33
29 41 43
29 42 43
29 43 21
29 44 42
30 1 25
30 2 26
30 3 4
30 4 17
30 5 28
30 6 22
30 7 30
30 8 26
30 9 11
30 10 28
30 11 17
30 12 30
30 13 6
30 14 28
30 15 16
30 16 7
30 17 14
30 18 10
30 19 20
30 20 16
30 21 10
30 22 28
30 23 16
30 24 22
30 25 6
30 26 24
30 27 25
30 28 11
30 29 27
30 30 -1
30 31 16
30 32 18
30 33 7
30 34 4
30 35 12
30 36 26
30 37 13
30 38 26
30 39 14
30 40 23
30 41 22
30 42 16
30 43 15
30 44 19
31 1 13
31 2 15
31 3 19
31 4 23
31 5 12
31 6 8
31 7 17
31 8 11
31 9 21
31 10 21
31 11 3
31 12 30
31 13 10
31 14 17
31 15 11
31 16 24
31 17 5
31 18 17
31 19 26
31 20 8
31 21 27
31 22 18
31 23 26
31 24 5
31 25 11
31 26 7
31 27 12
31 28 23
31 29 24
31 30 16
31 31 -1
31 32 5
31 33 21
31 34 15
31 35 13
31 36 15
31 37 23
31 38 23
31 39 25
31 40 10
31 41 19
31 42 30
31 43 3
31 44 36
32 1 8
32 2 20
32 3 22
32 4 21
32 5 9
32 6 3
32 7 19
32 8 7
32 9 26
32 10 26
32 11 2
32 12 35
32 13 12
32 14 22
32 15 8
32 16 26
32 17 10
32 18 22
32 19 24
32 20 14
32 21 29
32 22 13
32 23 31
32 24 7
32 25 12
32 26 7
32 27 16
32 28 27
32 29 19
32 30 18
32 31 5
32 32 -1
32 33 22
32 34 18
32 35 11
32 36 10
32 37 22
32 38 28
32 39 30
32 40 14
32 41 25
32 42 34
32 43 4
32 44 38
33 1 26
33 2 33
33 3 9
33 4 11
33 5 31
33 6 25
33 7 36
33 8 29
33 9 17
33 10 35
33 11 20
33 12 38
33 13 10
33 14 35
33 15 16
33 16 7
33 17 20
33 18 17
33 19 14
33 20 23
33 21 8
33 22 28
33 23 22
33 24 26
33 25 9
33 26 28
33 27 31
33 28 16
33 29 25
33 30 7
33 31 21
33 32 22
33 33 -1
33 34 11
33 35 11
33 36 27
33 37 7
33 38 33
33 39 20
33 40 29
33 41 30
33 42 18
33 43 18
33 44 18
34 1 26
34 2 22
34 3 4
34 4 21
34 5 27
34 6 22
34 7 27
34 8 26
34 9 8
34 10 24
34 11 17
34 12 26
34 13 8
34 14 24
34 15 18
34 16 10
34 17 12
34 18 5
34 19 24
34 20 13
34 21 13
34 22 30
34 23 13
34 24 20
34 25 8
34 26 23
34 27 21
34 28 9
34 29 30
34 30 4
34 31 15
34 32 18
34 33 11
34 34 -1
34 35 14
34 36 28
34 37 18
34 38 21
34 39 12
34 40 20
34 41 18
34 42 15
34 43 14
34 44 21
35 1 15
35 2 28
35 3 16
35 4 10
35 5 20
35 6 14
35 7 30
35 8 18
35 9 23
35 10 33
35 11 11
35 12 38
35 13 7
35 14 30
35 15 5
35 16 17
35 17 15
35 18 20
35 19 13
35 20 19
35 21 19
35 22 16
35 23 28
35 24 18
35 25 6
35 26 18
35 27 25
35 28 23
35 29 15
35 30 12
35 31 13
35 32 11
35 33 11
35 34 14
35 35 -1
35 36 16
35 37 10
35 38 32
35 39 26
35 40 23
35 41 29
35 42 28
35 43 10
35 44 29
36 1 2
36 2 29
36 3 30
36 4 22
36 5 9
36 6 8
36 7 27
36 8 8
36 9 36
36 10 36
36 11 12
36 12 45
36 13 20
36 14 31
36 15 11
36 16 33
36 17 20
36 18 32
36 19 23
36 20 24
36 21 35
36 22 3
36 23 41
36 24 15
36 25 20
36 26 13
36 27 25
36 28 37
36 29 13
36 30 26
36 31 15
36 32 10
36 33 27
36 34 28
36 35 16
36 36 -1
36 37 25
36 38 38
36 39 40
36 40 23
36 41 35
36 42 42
36 43 14
36 44 45
37 1 24
37 2 37
37 3 16
37 4 5
37 5 30
37 6 25
37 7 40
37 8 29
37 9 24
37 10 40
37 11 21
37 12 44
37 13 14
37 14 39
37 15 15
37 16 13
37 17 24
37 18 23
37 19 7
37 20 27
37 21 14
37 22 25
37 23 29
37 24 28
37 25 13
37 26 29
37 27 35
37 28 23
37 29 19
37 30 13
37 31 23
37 32 22
37 33 7
37 34 18
37 35 10
37 36 25
37 37 -1
37 38 39
37 39 27
37 40 33
37 41 35
37 42 25
37 43 20
37 44 23
38 1 36
38 2 12
38 3 25
38 4 41
38 5 32
38 6 29
38 7 18
38 8 31
38 9 19
38 10 5
38 11 26
38 12 7
38 13 26
38 14 11
38 15 33
38 16 31
38 17 18
38 18 17
38 19 45
38 20 14
38 21 34
38 22 41
38 23 19
38 24 23
38 25 26
38 26 26
38 27 15
38 28 22
38 29 46
38 30 26
38 31 23
38 32 28
38 33 33
38 34 21
38 35 32
38 36 38
38 37 39
38 38 -1
38 39 20
38 40 16
38 41 3
38 42 28
38 43 25
38 44 38
39 1 38
39 2 27
39 3 11
39 4 31
39 5 38
39 6 33
39 7 33
39 8 37
39 9 4
39 10 25
39 11 28
39 12 22
39 13 20
39 14 28
39 15 30
39 16 14
39 17 21
39 18 8
39 19 34
39 20 20
39 21 16
39 22 42
39 23 2
39 24 30
39 25 20
39 26 33
39 27 28
39 28 3
39 29 42
39 30 14
39 31 25
39 32 30
39 33 20
39 34 12
39 35 26
39 36 40
39 37 27
39 38 20
39 39 -1
39 40 27
39 41 18
39 42 7
39 43 26
39 44 18
40 1 21
40 2 5
40 3 25
40 4 33
40 5 16
40 6 14
40 7 7
40 8 15
40 9 24
40 10 13
40 11 13
40 12 23
40 13 19
40 14 7
40 15 21
40 16 30
40 17 9
40 18 19
40 19 36
40 20 7
40 21 34
40 22 26
40 23 27
40 24 7
40 25 20
40 26 10
40 27 2
40 28 26
40 29 33
40 30 23
40 31 10
40 32 14
40 33 29
40 34 20
40 35 23
40 36 23
40 37 33
40 38 16
40 39 27
40 40 -1
40 41 14
40 42 33
40 43 13
40 44 41
41 1 33
41 2 10
41 3 22
41 4 38
41 5 29
41 6 26
41 7 17
41 8 28
41 9 16
41 10 6
41 11 23
41 12 10
41 13 22
41 14 10
41 15 29
41 16 28
41 17 15
41 18 14
41 19 41
41 20 10
41 21 31
41 22 38
41 23 17
41 24 20
41 25 23
41 26 23
41 27 13
41 28 19
41 29 43
41 30 22
41 31 19
41 32 25
41 33 30
41 34 18
41 35 29
41 36 35
41 37 35
41 38 3
41 39 18
41 40 14
41 41 -1
41 42 26
41 43 22
41 44 36
42 1 41
42 2 34
42 3 12
42 4 30
42 5 42
42 6 37
42 7 40
42 8 41
42 9 10
42 10 32
42 11 32
42 12 29
42 13 22
42 14 35
42 15 32
42 16 11
42 17 26
42 18 14
42 19 33
42 20 26
42 21 12
42 22 44
42 23 9
42 24 35
42 25 22
42 26 38
42 27 34
42 28 7
42 29 43
42 30 16
42 31 30
42 32 34
42 33 18
42 34 15
42 35 28
42 36 42
42 37 25
42 38 28
42 39 7
42 40 33
42 41 26
42 42 -1
42 43 30
42 44 11
43 1 12
43 2 18
43 3 18
43 4 20
43 5 13
43 6 7
43 7 20
43 8 11
43 9 22
43 10 24
43 11 2
43 12 32
43 13 8
43 14 21
43 15 8
43 16 22
43 17 7
43 18 18
43 19 23
43 20 11
43 21 25
43 22 16
43 23 27
43 24 8
43 25 9
43 26 9
43 27 15
43 28 23
43 29 21
43 30 15
43 31 3
43 32 4
43 33 18
43 34 14
43 35 10
43 36 14
43 37 20
43 38 25
43 39 26
43 40 13
43 41 22
43 42 30
43 43 -1
43 44 34
44 1 44
44 2 43
44 3 17
44 4 28
44 5 47
44 6 42
44 7 48
44 8 46
44 9 19
44 10 42
44 11 37
44 12 40
44 13 26
44 14 44
44 15 34
44 16 12
44 17 33
44 18 22
44 19 30
44 20 34
44 21 9
44 22 46
44 23 20
44 24 41
44 25 25
44 26 43
44 27 43
44 28 16
44 29 42
44 30 19
44 31 36
44 32 38
44 33 18
44 34 21
44 35 29
44 36 45
44 37 23
44 38 38
44 39 18
44 40 41
44 41 36
44 42 11
44 43 34
44 44 -1
