1 1 -1
1 2 4
1 3 2
1 4 9
1 5 8
1 6 8
1 7 15
1 8 8
1 9 9
1 10 6
1 11 5
1 12 13
1 13 9
1 14 10
2 1 4
2 2 -1
2 3 2
2 4 10
2 5 9
2 6 10
2 7 13
2 8 8
2 9 11
2 10 7
2 11 8
2 12 13
2 13 12
2 14 12
3 1 2
3 2 2
3 3 -1
3 4 10
3 5 9
3 6 9
3 7 14
3 8 8
3 9 10
3 10 7
3 11 7
3 12 13
3 13 11
3 14 11
4 1 9
4 2 10
4 3 10
4 4 -1
4 5 1
4 6 2
4 7 8
4 8 3
4 9 3
4 10 3
4 11 5
4 12 6
4 13 4
4 14 3
5 1 8
5 2 9
5 3 9
5 4 1
5 5 -1
5 6 1
5 7 9
5 8 4
5 9 2
5 10 3
5 11 3
5 12 8
5 13 3
5 14 2
6 1 8
6 2 10
6 3 9
6 4 2
6 5 1
6 6 -1
6 7 10
6 8 5
6 9 1
6 10 4
6 11 3
6 12 8
6 13 2
6 14 2
7 1 15
7 2 13
7 3 14
7 4 8
7 5 9
7 6 10
7 7 -1
7 8 7
7 9 11
7 10 8
7 11 13
7 12 2
7 13 12
7 14 11
8 1 8
8 2 8
8 3 8
8 4 3
8 5 4
8 6 5
8 7 7
8 8 -1
8 9 6
8 10 1
8 11 6
8 12 5
8 13 7
8 14 6
9 1 9
9 2 11
9 3 10
9 4 3
9 5 2
9 6 1
9 7 11
9 8 6
9 9 -1
9 10 5
9 11 4
9 12 9
9 13 1
9 14 1
10 1 6
10 2 7
10 3 7
10 4 3
10 5 3
10 6 4
10 7 8
10 8 1
10 9 5
10 10 -1
10 11 5
10 12 7
10 13 6
10 14 6
11 1 5
11 2 8
11 3 7
11 4 5
11 5 3
11 6 3
11 7 13
11 8 6
11 9 4
11 10 5
11 11 -1
11 12 11
11 13 4
11 14 5
12 1 13
12 2 13
12 3 13
12 4 6
12 5 8
12 6 8
12 7 2
12 8 5
12 9 9
12 10 7
12 11 11
12 12 -1
12 13 10
12 14 9
13 1 9
13 2 12
13 3 11
13 4 4
13 5 3
13 6 2
13 7 12
13 8 7
13 9 1
13 10 6
13 11 4
13 12 10
13 13 -1
13 14 1
14 1 10
14 2 12
14 3 11
14 4 3
14 5 2
14 6 2
14 7 11
14 8 6
14 9 1
14 10 6
14 11 5
14 12 9
14 13 1
14 14 -1
