1 1 0.0
1 2 2.23606797749979
1 3 4.123105625617661
1 4 6.4031242374328485
1 5 1.4142135623730951
1 6 4.0
2 1 2.23606797749979
2 2 0.0
2 3 2.0
2 4 4.242640687119285
2 5 1.0
2 6 2.23606797749979
3 1 4.123105625617661
3 2 2.0
3 3 0.0
3 4 3.1622776601683795
3 5 3.0
3 6 1.0
4 1 6.4031242374328485
4 2 4.242640687119285
4 3 3.1622776601683795
4 4 0.0
4 5 5.0
4 6 4.123105625617661
5 1 1.4142135623730951
5 2 1.0
5 3 3.0
5 4 5.0
5 5 0.0
5 6 3.1622776601683795
6 1 4.0
6 2 2.23606797749979
6 3 1.0
6 4 4.123105625617661
6 5 3.1622776601683795
6 6 0.0
