1 1 -1
1 2 44
1 3 47
1 4 12
1 5 54
1 6 59
1 7 53
1 8 35
1 9 35
1 10 33
1 11 65
1 12 47
1 13 60
1 14 22
1 15 69
1 16 37
1 17 8
1 18 60
1 19 55
1 20 27
1 21 15
1 22 34
1 23 30
1 24 72
1 25 32
1 26 55
1 27 41
1 28 67
1 29 26
1 30 14
1 31 44
1 32 40
1 33 42
1 34 49
1 35 34
1 36 45
1 37 62
1 38 39
1 39 42
1 40 44
1 41 49
1 42 41
1 43 25
1 44 31
1 45 43
1 46 26
1 47 41
1 48 67
1 49 43
1 50 24
1 51 50
1 52 28
1 53 45
1 54 48
1 55 54
1 56 51
1 57 8
1 58 59
1 59 30
1 60 15
1 61 73
1 62 15
1 63 15
1 64 41
1 65 11
1 66 45
1 67 33
1 68 29
1 69 35
1 70 57
1 71 61
1 72 31
1 73 47
1 74 60
1 75 49
1 76 42
1 77 55
1 78 41
1 79 65
1 80 56
2 1 44
2 2 -1
2 3 17
2 4 47
2 5 51
2 6 20
2 7 9
2 8 16
2 9 10
2 10 30
2 11 21
2 12 7
2 13 16
2 14 43
2 15 58
2 16 7
2 17 47
2 18 52
2 19 58
2 20 26
2 21 29
2 22 11
2 23 59
2 24 47
2 25 22
2 26 49
2 27 57
2 28 54
2 29 26
2 30 44
2 31 55
2 32 11
2 33 59
2 34 25
2 35 13
2 36 33
2 37 26
2 38 22
2 39 6
2 40 24
2 41 13
2 42 25
2 43 62
2 44 58
2 45 1
2 46 24
2 47 72
2 48 39
2 49 14
2 50 42
2 51 38
2 52 17
2 53 77
2 54 15
2 55 54
2 56 12
2 57 52
2 58 16
2 59 25
2 60 43
2 61 54
2 62 56
2 63 59
2 64 23
2 65 55
2 66 75
2 67 20
2 68 16
2 69 33
2 70 60
2 71 19
2 72 66
2 73 3
2 74 18
2 75 74
2 76 29
2 77 11
2 78 14
2 79 51
2 80 30
3 1 47
3 2 17
3 3 -1
3 4 53
3 5 68
3 6 14
3 7 14
3 8 11
3 9 16
3 10 20
3 11 23
3 12 11
3 13 27
3 14 37
3 15 75
3 16 17
3 17 52
3 18 69
3 19 74
3 20 39
3 21 32
3 22 22
3 23 69
3 24 64
3 25 36
3 26 66
3 27 70
3 28 71
3 29 38
3 30 41
3 31 69
3 32 28
3 33 72
3 34 42
3 35 13
3 36 50
3 37 42
3 38 10
3 39 23
3 40 41
3 41 31
3 42 10
3 43 69
3 44 68
3 45 18
3 46 21
3 47 82
3 48 57
3 49 4
3 50 35
3 51 55
3 52 26
3 53 86
3 54 3
3 55 70
3 56 29
3 57 55
3 58 29
3 59 38
3 60 51
3 61 72
3 62 61
3 63 62
3 64 9
3 65 58
3 66 85
3 67 34
3 68 20
3 69 21
3 70 75
3 71 17
3 72 75
3 73 20
3 74 32
3 75 86
3 76 46
3 77 21
3 78 6
3 79 68
3 80 47
4 1 12
4 2 47
4 3 53
4 4 -1
4 5 45
4 6 65
4 7 56
4 8 42
4 9 39
4 10 43
4 11 69
4 12 51
4 13 61
4 14 34
4 15 60
4 16 41
4 17 4
4 18 51
4 19 44
4 20 24
4 21 21
4 22 36
4 23 18
4 24 66
4 25 30
4 26 47
4 27 30
4 28 58
4 29 24
4 30 26
4 31 33
4 32 40
4 33 30
4 34 46
4 35 40
4 36 39
4 37 61
4 38 47
4 39 43
4 40 41
4 41 48
4 42 50
4 43 15
4 44 19
4 45 46
4 46 34
4 47 30
4 48 62
4 49 49
4 50 36
4 51 42
4 52 29
4 53 34
4 54 54
4 55 44
4 56 50
4 57 13
4 58 59
4 59 27
4 60 6
4 61 65
4 62 10
4 63 14
4 64 50
4 65 12
4 66 34
4 67 31
4 68 33
4 69 45
4 70 46
4 71 66
4 72 21
4 73 49
4 74 60
4 75 37
4 76 37
4 77 58
4 78 47
4 79 57
4 80 51
5 1 54
5 2 51
5 3 68
5 4 45
5 5 -1
5 6 71
5 7 60
5 8 61
5 9 53
5 10 71
5 11 68
5 12 59
5 13 55
5 14 72
5 15 15
5 16 51
5 17 49
5 18 7
5 19 8
5 20 33
5 21 50
5 22 46
5 23 38
5 24 30
5 25 33
5 26 4
5 27 22
5 28 15
5 29 34
5 30 66
5 31 16
5 32 40
5 33 23
5 34 29
5 35 57
5 36 18
5 37 42
5 38 69
5 39 45
5 40 28
5 41 40
5 42 72
5 43 48
5 44 35
5 45 50
5 46 60
5 47 44
5 48 30
5 49 64
5 50 73
5 51 14
5 52 44
5 53 48
5 54 66
5 55 3
5 56 44
5 57 58
5 58 51
5 59 31
5 60 39
5 61 24
5 62 53
5 63 58
5 64 71
5 65 57
5 66 45
5 67 34
5 68 51
5 69 74
5 70 9
5 71 69
5 72 46
5 73 50
5 74 49
5 75 38
5 76 22
5 77 57
5 78 63
5 79 16
5 80 28
6 1 59
6 2 20
6 3 14
6 4 65
6 5 71
6 6 -1
6 7 11
6 8 24
6 9 25
6 10 34
6 11 11
6 12 14
6 13 20
6 14 51
6 15 76
6 16 24
6 17 64
6 18 71
6 19 78
6 20 47
6 21 44
6 22 30
6 23 79
6 24 61
6 25 42
6 26 68
6 27 78
6 28 72
6 29 46
6 30 55
6 31 76
6 32 32
6 33 79
6 34 43
6 35 25
6 36 53
6 37 37
6 38 24
6 39 26
6 40 43
6 41 31
6 42 24
6 43 80
6 44 77
6 45 21
6 46 34
6 47 91
6 48 54
6 49 16
6 50 49
6 51 57
6 52 36
6 53 96
6 54 11
6 55 74
6 56 28
6 57 68
6 58 24
6 59 46
6 60 61
6 61 71
6 62 73
6 63 75
6 64 23
6 65 71
6 66 95
6 67 41
6 68 31
6 69 35
6 70 80
6 71 4
6 72 85
6 73 21
6 74 27
6 75 94
6 76 49
6 77 16
6 78 18
6 79 69
6 80 47
7 1 53
7 2 9
7 3 14
7 4 56
7 5 60
7 6 11
7 7 -1
7 8 20
7 9 17
7 10 33
7 11 12
7 12 6
7 13 12
7 14 48
7 15 65
7 16 15
7 17 56
7 18 59
7 19 67
7 20 36
7 21 37
7 22 20
7 23 69
7 24 51
7 25 32
7 26 57
7 27 67
7 28 61
7 29 36
7 30 51
7 31 65
7 32 21
7 33 68
7 34 32
7 35 19
7 36 42
7 37 28
7 38 23
7 39 15
7 40 32
7 41 20
7 42 25
7 43 71
7 44 67
7 45 11
7 46 30
7 47 82
7 48 44
7 49 14
7 50 46
7 51 46
7 52 26
7 53 87
7 54 11
7 55 63
7 56 17
7 57 61
7 58 15
7 59 35
7 60 52
7 61 60
7 62 65
7 63 68
7 64 23
7 65 64
7 66 85
7 67 30
7 68 24
7 69 35
7 70 68
7 71 10
7 72 76
7 73 9
7 74 18
7 75 84
7 76 38
7 77 6
7 78 15
7 79 58
7 80 36
8 1 35
8 2 16
8 3 11
8 4 42
8 5 61
8 6 24
8 7 20
8 8 -1
8 9 8
8 10 14
8 11 32
8 12 14
8 13 31
8 14 28
8 15 70
8 16 11
8 17 41
8 18 62
8 19 66
8 20 29
8 21 21
8 22 15
8 23 58
8 24 61
8 25 28
8 26 59
8 27 61
8 28 66
8 29 28
8 30 31
8 31 60
8 32 22
8 33 62
8 34 38
8 35 4
8 36 43
8 37 42
8 38 8
8 39 19
8 40 35
8 41 29
8 42 11
8 43 57
8 44 57
8 45 16
8 46 10
8 47 71
8 48 54
8 49 7
8 50 26
8 51 48
8 52 17
8 53 75
8 54 13
8 55 63
8 56 28
8 57 43
8 58 32
8 59 30
8 60 40
8 61 68
8 62 50
8 63 51
8 64 10
8 65 47
8 66 74
8 67 27
8 68 10
8 69 16
8 70 68
8 71 26
8 72 63
8 73 20
8 74 34
8 75 75
8 76 39
8 77 25
8 78 5
8 79 63
8 80 44
9 1 35
9 2 10
9 3 16
9 4 39
9 5 53
9 6 25
9 7 17
9 8 8
9 9 -1
9 10 22
9 11 30
9 12 12
9 13 26
9 14 33
9 15 61
9 16 3
9 17 39
9 18 54
9 19 58
9 20 22
9 21 19
9 22 7
9 23 53
9 24 53
9 25 20
9 26 51
9 27 54
9 28 57
9 29 21
9 30 34
9 31 53
9 32 14
9 33 55
9 34 29
9 35 4
9 36 35
9 37 35
9 38 16
9 39 11
9 40 27
9 41 21
9 42 19
9 43 55
9 44 52
9 45 9
9 46 14
9 47 66
9 48 46
9 49 11
9 50 32
9 51 40
9 52 10
9 53 71
9 54 15
9 55 55
9 56 20
9 57 43
9 58 26
9 59 22
9 60 36
9 61 60
9 62 48
9 63 50
9 64 18
9 65 46
9 66 70
9 67 19
9 68 6
9 69 25
9 70 60
9 71 26
9 72 60
9 73 13
9 74 28
9 75 70
9 76 31
9 77 21
9 78 10
9 79 55
9 80 35
10 1 33
10 2 30
10 3 20
10 4 43
10 5 71
10 6 34
10 7 33
10 8 14
10 9 22
10 10 -1
10 11 43
10 12 27
10 13 45
10 14 17
10 15 81
10 16 25
10 17 40
10 18 74
10 19 75
10 20 38
10 21 23
10 22 27
10 23 61
10 24 75
10 25 38
10 26 70
10 27 67
10 28 78
10 29 37
10 30 23
10 31 68
10 32 36
10 33 68
10 34 51
10 35 17
10 36 55
10 37 56
10 38 10
10 39 33
10 40 48
10 41 43
10 42 10
10 43 58
10 44 61
10 45 30
10 46 11
10 47 73
10 48 68
10 49 18
10 50 15
10 51 60
10 52 27
10 53 77
10 54 23
10 55 72
10 56 42
10 57 40
10 58 46
10 59 39
10 60 43
10 61 81
10 62 48
10 63 48
10 64 11
10 65 44
10 66 77
10 67 37
10 68 20
10 69 3
10 70 77
10 71 37
10 72 64
10 73 34
10 74 48
10 75 79
10 76 50
10 77 38
10 78 17
10 79 76
10 80 57
11 1 65
11 2 21
11 3 23
11 4 69
11 5 68
11 6 11
11 7 12
11 8 32
11 9 30
11 10 43
11 11 -1
11 12 18
11 13 13
11 14 60
11 15 70
11 16 28
11 17 69
11 18 66
11 19 76
11 20 48
11 21 50
11 22 33
11 23 81
11 24 54
11 25 43
11 26 65
11 27 77
11 28 66
11 29 47
11 30 63
11 31 75
11 32 31
11 33 79
11 34 39
11 35 31
11 36 50
11 37 30
11 38 33
11 39 27
11 40 40
11 41 27
11 42 34
11 43 84
11 44 79
11 45 23
11 46 42
11 47 93
11 48 47
11 49 25
11 50 58
11 51 54
11 52 39
11 53 98
11 54 20
11 55 71
11 56 24
11 57 74
11 58 17
11 59 46
11 60 65
11 61 64
11 62 78
11 63 80
11 64 33
11 65 77
11 66 97
11 67 41
11 68 36
11 69 45
11 70 77
11 71 7
11 72 88
11 73 20
11 74 20
11 75 95
11 76 47
11 77 12
11 78 27
11 79 63
11 80 41
12 1 47
12 2 7
12 3 11
12 4 51
12 5 59
12 6 14
12 7 6
12 8 14
12 9 12
12 10 27
12 11 18
12 12 -1
12 13 17
12 14 42
12 15 65
12 16 10
12 17 51
12 18 59
12 19 65
12 20 32
12 21 31
12 22 16
12 23 65
12 24 53
12 25 28
12 26 56
12 27 64
12 28 61
12 29 32
12 30 45
12 31 62
12 32 18
12 33 65
12 34 32
12 35 13
12 36 40
12 37 31
12 38 18
12 39 13
12 40 31
12 41 20
12 42 20
12 43 66
12 44 63
12 45 8
12 46 24
12 47 77
12 48 45
12 49 9
12 50 41
12 51 45
12 52 22
12 53 82
12 54 8
12 55 61
12 56 18
12 57 55
12 58 19
12 59 31
12 60 47
12 61 61
12 62 60
12 63 62
12 64 19
12 65 58
12 66 81
12 67 27
12 68 18
12 69 30
12 70 67
12 71 14
12 72 71
12 73 9
12 74 21
12 75 80
12 76 36
12 77 11
12 78 10
12 79 58
12 80 36
13 1 60
13 2 16
13 3 27
13 4 61
13 5 55
13 6 20
13 7 12
13 8 31
13 9 26
13 10 45
13 11 13
13 12 17
13 13 -1
13 14 59
13 15 57
13 16 23
13 17 62
13 18 53
13 19 63
13 20 38
13 21 45
13 22 26
13 23 71
13 24 41
13 25 33
13 26 51
13 27 66
13 28 53
13 29 38
13 30 60
13 31 63
13 32 21
13 33 67
13 34 26
13 35 29
13 36 38
13 37 17
13 38 36
13 39 18
13 40 28
13 41 15
13 42 37
13 43 75
13 44 69
13 45 17
13 46 40
13 47 83
13 48 34
13 49 26
13 50 57
13 51 41
13 52 32
13 53 88
13 54 24
13 55 58
13 56 12
13 57 68
13 58 4
13 59 36
13 60 56
13 61 51
13 62 71
13 63 74
13 64 36
13 65 71
13 66 86
13 67 31
13 68 32
13 69 47
13 70 64
13 71 17
13 72 79
13 73 13
13 74 7
13 75 84
13 76 35
13 77 6
13 78 27
13 79 50
13 80 28
14 1 22
14 2 43
14 3 37
14 4 34
14 5 72
14 6 51
14 7 48
14 8 28
14 9 33
14 10 17
14 11 60
14 12 42
14 13 59
14 14 -1
14 15 84
14 16 36
14 17 30
14 18 76
14 19 74
14 20 39
14 21 21
14 22 36
14 23 52
14 24 82
14 25 42
14 26 72
14 27 62
14 28 82
14 29 38
14 30 8
14 31 64
14 32 44
14 33 63
14 34 58
14 35 30
14 36 58
14 37 67
14 38 27
14 39 43
14 40 54
14 41 53
14 42 27
14 43 46
14 44 53
14 45 42
14 46 18
14 47 63
14 48 76
14 49 35
14 50 2
14 51 63
14 52 32
14 53 67
14 54 40
14 55 72
14 56 53
14 57 26
14 58 59
14 59 42
14 60 36
14 61 86
14 62 36
14 63 34
14 64 28
14 65 30
14 66 67
14 67 42
14 68 28
14 69 17
14 70 76
14 71 54
14 72 53
14 73 46
14 74 61
14 75 71
14 76 54
14 77 53
14 78 33
14 79 80
14 80 65
15 1 69
15 2 58
15 3 75
15 4 60
15 5 15
15 6 76
15 7 65
15 8 70
15 9 61
15 10 81
15 11 70
15 12 65
15 13 57
15 14 84
15 15 -1
15 16 59
15 17 64
15 18 9
15 19 21
15 20 45
15 21 63
15 22 54
15 23 53
15 24 21
15 25 43
15 26 13
15 27 37
15 28 4
15 29 46
15 30 80
15 31 31
15 32 47
15 33 38
15 34 33
15 35 65
15 36 26
15 37 41
15 38 78
15 39 52
15 40 34
15 41 45
15 42 81
15 43 63
15 44 50
15 45 57
15 46 71
15 47 58
15 48 25
15 49 71
15 50 85
15 51 21
15 52 54
15 53 62
15 54 73
15 55 17
15 56 48
15 57 73
15 58 53
15 59 42
15 60 54
15 61 11
15 62 68
15 63 74
15 64 79
15 65 72
15 66 59
15 67 44
15 68 61
15 69 85
15 70 20
15 71 73
15 72 62
15 73 56
15 74 50
15 75 52
15 76 31
15 77 60
15 78 71
15 79 7
15 80 29
16 1 37
16 2 7
16 3 17
16 4 41
16 5 51
16 6 24
16 7 15
16 8 11
16 9 3
16 10 25
16 11 28
16 12 10
16 13 23
16 14 36
16 15 59
16 16 -1
16 17 41
16 18 52
16 19 56
16 20 22
16 21 22
16 22 5
16 23 54
16 24 50
16 25 18
16 26 49
16 27 54
16 28 55
16 29 21
16 30 37
16 31 52
16 32 11
16 33 55
16 34 26
16 35 7
16 36 33
16 37 31
16 38 19
16 39 7
16 40 24
16 41 17
16 42 22
16 43 56
16 44 53
16 45 6
16 46 17
16 47 67
16 48 43
16 49 13
16 50 35
16 51 38
16 52 11
16 53 72
16 54 16
16 55 53
16 56 17
16 57 46
16 58 22
16 59 21
16 60 37
16 61 57
16 62 50
16 63 52
16 64 20
16 65 49
16 66 70
16 67 17
16 68 9
16 69 28
16 70 58
16 71 25
16 72 61
16 73 10
16 74 24
16 75 70
16 76 29
16 77 18
16 78 12
16 79 52
16 80 32
17 1 8
17 2 47
17 3 52
17 4 4
17 5 49
17 6 64
17 7 56
17 8 41
17 9 39
17 10 40
17 11 69
17 12 51
17 13 62
17 14 30
17 15 64
17 16 41
17 17 -1
17 18 55
17 19 48
17 20 26
17 21 20
17 22 36
17 23 22
17 24 69
17 25 32
17 26 51
17 27 34
17 28 62
17 29 26
17 30 22
17 31 38
17 32 41
17 33 35
17 34 48
17 35 39
17 36 42
17 37 63
17 38 46
17 39 44
17 40 43
17 41 50
17 42 48
17 43 17
17 44 23
17 45 46
17 46 32
17 47 33
17 48 65
17 49 48
17 50 32
17 51 46
17 52 30
17 53 37
17 54 53
17 55 48
17 56 52
17 57 9
17 58 60
17 59 29
17 60 10
17 61 69
17 62 8
17 63 12
17 64 48
17 65 9
17 66 37
17 67 33
17 68 33
17 69 42
17 70 51
17 71 65
17 72 24
17 73 50
17 74 61
17 75 41
17 76 40
17 77 58
17 78 46
17 79 61
17 80 54
18 1 60
18 2 52
18 3 69
18 4 51
18 5 7
18 6 71
18 7 59
18 8 62
18 9 54
18 10 74
18 11 66
18 12 59
18 13 53
18 14 76
18 15 9
18 16 52
18 17 55
18 18 -1
18 19 14
18 20 36
18 21 54
18 22 47
18 23 45
18 24 23
18 25 35
18 26 4
18 27 29
18 28 8
18 29 37
18 30 71
18 31 23
18 32 41
18 33 30
18 34 27
18 35 58
18 36 19
18 37 39
18 38 70
18 39 46
18 40 28
18 41 39
18 42 73
18 43 55
18 44 42
18 45 51
18 46 63
18 47 51
18 48 25
18 49 65
18 50 76
18 51 14
18 52 46
18 53 55
18 54 67
18 55 10
18 56 43
18 57 64
18 58 49
18 59 34
18 60 45
18 61 17
18 62 59
18 63 64
18 64 72
18 65 63
18 66 52
18 67 36
18 68 53
18 69 77
18 70 14
18 71 68
18 72 53
18 73 50
18 74 47
18 75 45
18 76 23
18 77 55
18 78 64
18 79 9
18 80 25
19 1 55
19 2 58
19 3 74
19 4 44
19 5 8
19 6 78
19 7 67
19 8 66
19 9 58
19 10 75
19 11 76
19 12 65
19 13 63
19 14 74
19 15 21
19 16 56
19 17 48
19 18 14
19 19 -1
19 20 37
19 21 53
19 22 51
19 23 34
19 24 38
19 25 38
19 26 13
19 27 17
19 28 22
19 29 38
19 30 67
19 31 11
19 32 46
19 33 17
19 34 36
19 35 62
19 36 25
19 37 50
19 38 74
19 39 52
19 40 35
19 41 48
19 42 77
19 43 44
19 44 31
19 45 57
19 46 64
19 47 37
19 48 39
19 49 69
19 50 75
19 51 22
19 52 49
19 53 41
19 54 72
19 55 5
19 56 51
19 57 57
19 58 59
19 59 36
19 60 39
19 61 31
19 62 50
19 63 56
19 64 76
19 65 55
19 66 38
19 67 39
19 68 56
19 69 78
19 70 2
19 71 77
19 72 42
19 73 57
19 74 57
19 75 31
19 76 28
19 77 64
19 78 68
19 79 23
19 80 36
20 1 27
20 2 26
20 3 39
20 4 24
20 5 33
20 6 47
20 7 36
20 8 29
20 9 22
20 10 38
20 11 48
20 12 32
20 13 38
20 14 39
20 15 45
20 16 22
20 17 26
20 18 36
20 19 37
20 20 -1
20 21 18
20 22 16
20 23 33
20 24 44
20 25 6
20 26 32
20 27 31
20 28 42
20 29 1
20 30 35
20 31 30
20 32 17
20 33 33
20 34 22
20 35 25
20 36 19
20 37 37
20 38 37
20 39 21
20 40 17
20 41 24
20 42 40
20 43 37
20 44 31
20 45 25
20 46 27
20 47 45
20 48 39
20 49 34
20 50 40
20 51 24
20 52 12
20 53 50
20 54 38
20 55 34
20 56 27
20 57 34
20 58 36
20 59 3
20 60 18
20 61 47
20 62 34
20 63 38
20 64 39
20 65 35
20 66 48
20 67 7
20 68 19
20 69 41
20 70 39
20 71 46
20 72 40
20 73 27
20 74 36
20 75 47
20 76 15
20 77 36
20 78 32
20 79 40
20 80 28
21 1 15
21 2 29
21 3 32
21 4 21
21 5 50
21 6 44
21 7 37
21 8 21
21 9 19
21 10 23
21 11 50
21 12 31
21 13 45
21 14 21
21 15 63
21 16 22
21 17 20
21 18 54
21 19 53
21 20 18
21 21 -1
21 22 19
21 23 38
21 24 61
21 25 21
21 26 50
21 27 44
21 28 60
21 29 17
21 30 18
21 31 45
21 32 25
21 33 45
21 34 38
21 35 19
21 36 37
21 37 49
21 38 26
21 39 27
21 40 33
21 41 35
21 42 29
21 43 36
21 44 37
21 45 28
21 46 13
21 47 50
21 48 56
21 49 28
21 50 22
21 51 42
21 52 13
21 53 55
21 54 33
21 55 51
21 56 36
21 57 23
21 58 44
21 59 20
21 60 19
21 61 65
21 62 28
21 63 30
21 64 28
21 65 26
21 66 54
21 67 21
21 68 13
21 69 26
21 70 55
21 71 46
21 72 42
21 73 32
21 74 45
21 75 56
21 76 33
21 77 40
21 78 26
21 79 58
21 80 44
22 1 34
22 2 11
22 3 22
22 4 36
22 5 46
22 6 30
22 7 20
22 8 15
22 9 7
22 10 27
22 11 33
22 12 16
22 13 26
22 14 36
22 15 54
22 16 5
22 17 36
22 18 47
22 19 51
22 20 16
22 21 19
22 22 -1
22 23 48
22 24 47
22 25 13
22 26 44
22 27 48
22 28 51
22 29 15
22 30 35
22 31 46
22 32 8
22 33 49
22 34 23
22 35 11
22 36 28
22 37 31
22 38 23
22 39 8
22 40 20
22 41 17
22 42 26
22 43 51
22 44 47
22 45 9
22 46 18
22 47 61
22 48 41
22 49 18
22 50 35
22 51 33
22 52 6
22 53 66
22 54 21
22 55 48
22 56 17
22 57 42
22 58 25
22 59 16
22 60 31
22 61 53
22 62 45
22 63 48
22 64 25
22 65 44
22 66 65
22 67 12
22 68 7
22 69 30
22 70 53
22 71 30
22 72 55
22 73 13
22 74 26
22 75 64
22 76 24
22 77 22
22 78 17
22 79 48
22 80 30
23 1 30
23 2 59
23 3 69
23 4 18
23 5 38
23 6 79
23 7 69
23 8 58
23 9 53
23 10 61
23 11 81
23 12 65
23 13 71
23 14 52
23 15 53
23 16 54
23 17 22
23 18 45
23 19 34
23 20 33
23 21 38
23 22 48
23 23 -1
23 24 65
23 25 38
23 26 41
23 27 17
23 28 53
23 29 33
23 30 44
23 31 22
23 32 49
23 33 17
23 34 50
23 35 55
23 36 40
23 37 66
23 38 64
23 39 54
23 40 46
23 41 56
23 42 67
23 43 10
23 44 3
23 45 58
23 46 51
23 47 12
23 48 63
23 49 64
23 50 54
23 51 42
23 52 43
23 53 17
23 54 69
23 55 36
23 56 59
23 57 28
23 58 68
23 59 34
23 60 18
23 61 61
23 62 19
23 63 24
23 64 66
23 65 25
23 66 16
23 67 39
23 68 48
23 69 63
23 70 36
23 71 79
23 72 9
23 73 60
23 74 68
23 75 19
23 76 40
23 77 69
23 78 62
23 79 53
23 80 54
24 1 72
24 2 47
24 3 64
24 4 66
24 5 30
24 6 61
24 7 51
24 8 61
24 9 53
24 10 75
24 11 54
24 12 53
24 13 41
24 14 82
24 15 21
24 16 50
24 17 69
24 18 23
24 19 38
24 20 44
24 21 61
24 22 47
24 23 65
24 24 -1
24 25 40
24 26 25
24 27 51
24 28 17
24 29 45
24 30 79
24 31 45
24 32 39
24 33 52
24 34 24
24 35 57
24 36 26
24 37 24
24 38 69
24 39 42
24 40 28
24 41 33
24 42 72
24 43 73
24 44 62
24 45 46
24 46 66
24 47 73
24 48 7
24 49 61
24 50 82
24 51 23
24 52 50
24 53 77
24 54 61
24 55 33
24 56 35
24 57 78
24 58 37
24 59 41
24 60 59
24 61 11
24 62 75
24 63 80
24 64 70
24 65 78
24 66 74
24 67 40
24 68 55
24 69 78
24 70 38
24 71 58
24 72 74
24 73 44
24 74 34
24 75 68
24 76 29
24 77 45
24 78 61
24 79 15
24 80 17
25 1 32
25 2 22
25 3 36
25 4 30
25 5 33
25 6 42
25 7 32
25 8 28
25 9 20
25 10 38
25 11 43
25 12 28
25 13 33
25 14 42
25 15 43
25 16 18
25 17 32
25 18 35
25 19 38
25 20 6
25 21 21
25 22 13
25 23 38
25 24 40
25 25 -1
25 26 31
25 27 35
25 28 40
25 29 6
25 30 39
25 31 33
25 32 11
25 33 36
25 34 17
25 35 24
25 36 16
25 37 31
25 38 36
25 39 16
25 40 12
25 41 18
25 42 39
25 43 43
25 44 36
25 45 20
25 46 27
25 47 50
25 48 34
25 49 31
25 50 42
25 51 21
25 52 11
25 53 55
25 54 35
25 55 35
25 56 21
25 57 39
25 58 30
25 59 3
25 60 24
25 61 44
25 62 40
25 63 44
25 64 38
25 65 41
25 66 54
25 67 1
25 68 18
25 69 41
25 70 40
25 71 42
25 72 46
25 73 22
25 74 30
25 75 52
25 76 12
25 77 31
25 78 30
25 79 38
25 80 23
26 1 55
26 2 49
26 3 66
26 4 47
26 5 4
26 6 68
26 7 57
26 8 59
26 9 51
26 10 70
26 11 65
26 12 56
26 13 51
26 14 72
26 15 13
26 16 49
26 17 51
26 18 4
26 19 13
26 20 32
26 21 50
26 22 44
26 23 41
26 24 25
26 25 31
26 26 -1
26 27 26
26 28 12
26 29 33
26 30 66
26 31 20
26 32 38
26 33 27
26 34 25
26 35 55
26 36 16
26 37 38
26 38 67
26 39 43
26 40 25
26 41 37
26 42 70
26 43 51
26 44 38
26 45 48
26 46 59
26 47 48
26 48 26
26 49 62
26 50 72
26 51 11
26 52 43
26 53 52
26 54 64
26 55 8
26 56 41
26 57 60
26 58 47
26 59 30
26 60 41
26 61 20
26 62 55
26 63 60
26 64 69
26 65 59
26 66 49
26 67 32
26 68 50
26 69 73
26 70 13
26 71 66
26 72 50
26 73 47
26 74 45
26 75 42
26 76 20
26 77 53
26 78 61
26 79 12
26 80 24
27 1 41
27 2 57
27 3 70
27 4 30
27 5 22
27 6 78
27 7 67
27 8 61
27 9 54
27 10 67
27 11 77
27 12 64
27 13 66
27 14 62
27 15 37
27 16 54
27 17 34
27 18 29
27 19 17
27 20 31
27 21 44
27 22 48
27 23 17
27 24 51
27 25 35
27 26 26
27 27 -1
27 28 37
27 29 32
27 30 55
27 31 6
27 32 46
27 33 1
27 34 41
27 35 57
27 36 30
27 37 57
27 38 68
27 39 51
27 40 38
27 41 50
27 42 71
27 43 27
27 44 14
27 45 56
27 46 56
27 47 22
27 48 50
27 49 66
27 50 64
27 51 29
27 52 44
27 53 26
27 54 70
27 55 19
27 56 54
27 57 42
27 58 63
27 59 32
27 60 26
27 61 46
27 62 35
27 63 40
27 64 70
27 65 40
27 66 23
27 67 36
27 68 50
27 69 70
27 70 18
27 71 77
27 72 25
27 73 57
27 74 61
27 75 18
27 76 31
27 77 65
27 78 64
27 79 38
27 80 44
28 1 67
28 2 54
28 3 71
28 4 58
28 5 15
28 6 72
28 7 61
28 8 66
28 9 57
28 10 78
28 11 66
28 12 61
28 13 53
28 14 82
28 15 4
28 16 55
28 17 62
28 18 8
28 19 22
28 20 42
28 21 60
28 22 51
28 23 53
28 24 17
28 25 40
28 26 12
28 27 37
28 28 -1
28 29 43
28 30 77
28 31 31
28 32 43
28 33 38
28 34 29
28 35 62
28 36 23
28 37 37
28 38 74
28 39 48
28 40 30
28 41 41
28 42 77
28 43 63
28 44 50
28 45 53
28 46 68
28 47 59
28 48 21
28 49 67
28 50 82
28 51 18
28 52 51
28 53 63
28 54 69
28 55 18
28 56 44
28 57 72
28 58 49
28 59 39
28 60 52
28 61 9
28 62 67
28 63 72
28 64 76
28 65 71
28 66 60
28 67 40
28 68 57
28 69 81
28 70 21
28 71 69
28 72 62
28 73 52
28 74 46
28 75 53
28 76 27
28 77 56
28 78 67
28 79 3
28 80 25
29 1 26
29 2 26
29 3 38
29 4 24
29 5 34
29 6 46
29 7 36
29 8 28
29 9 21
29 10 37
29 11 47
29 12 32
29 13 38
29 14 38
29 15 46
29 16 21
29 17 26
29 18 37
29 19 38
29 20 1
29 21 17
29 22 15
29 23 33
29 24 45
29 25 6
29 26 33
29 27 32
29 28 43
29 29 -1
29 30 34
29 31 31
29 32 16
29 33 34
29 34 23
29 35 25
29 36 19
29 37 37
29 38 36
29 39 20
29 40 18
29 41 24
29 42 39
29 43 37
29 44 31
29 45 24
29 46 26
29 47 46
29 48 40
29 49 33
29 50 39
29 51 25
29 52 11
29 53 51
29 54 37
29 55 35
29 56 27
29 57 33
29 58 36
29 59 3
29 60 18
29 61 48
29 62 34
29 63 38
29 64 38
29 65 35
29 66 49
29 67 7
29 68 18
29 69 40
29 70 40
29 71 45
29 72 41
29 73 27
29 74 36
29 75 48
29 76 16
29 77 36
29 78 31
29 79 41
29 80 29
30 1 14
30 2 44
30 3 41
30 4 26
30 5 66
30 6 55
30 7 51
30 8 31
30 9 34
30 10 23
30 11 63
30 12 45
30 13 60
30 14 8
30 15 80
30 16 37
30 17 22
30 18 71
30 19 67
30 20 35
30 21 18
30 22 35
30 23 44
30 24 79
30 25 39
30 26 66
30 27 55
30 28 77
30 29 34
30 30 -1
30 31 57
30 32 43
30 33 56
30 34 56
30 35 32
30 36 54
30 37 66
30 38 32
30 39 43
30 40 51
30 41 52
30 42 33
30 43 38
30 44 45
30 45 43
30 46 21
30 47 54
30 48 74
30 49 38
30 50 11
30 51 59
30 52 30
30 53 58
30 54 43
30 55 66
30 56 53
30 57 17
30 58 60
30 59 38
30 60 28
30 61 82
30 62 27
30 63 25
30 64 34
30 65 22
30 66 59
30 67 39
30 68 28
30 69 24
30 70 69
30 71 57
30 72 45
30 73 47
30 74 61
30 75 63
30 76 50
30 77 55
30 78 36
30 79 75
30 80 62
31 1 44
31 2 55
31 3 69
31 4 33
31 5 16
31 6 76
31 7 65
31 8 60
31 9 53
31 10 68
31 11 75
31 12 62
31 13 63
31 14 64
31 15 31
31 16 52
31 17 38
31 18 23
31 19 11
31 20 30
31 21 45
31 22 46
31 23 22
31 24 45
31 25 33
31 26 20
31 27 6
31 28 31
31 29 31
31 30 57
31 31 -1
31 32 43
31 33 7
31 34 37
31 35 56
31 36 25
31 37 53
31 38 68
31 39 49
31 40 34
31 41 47
31 42 71
31 43 33
31 44 19
31 45 54
31 46 57
31 47 28
31 48 44
31 49 65
31 50 66
31 51 24
31 52 43
31 53 32
31 54 68
31 55 13
31 56 51
31 57 46
31 58 59
31 59 30
31 60 29
31 61 40
31 62 39
31 63 45
31 64 70
31 65 44
31 66 29
31 67 34
31 68 50
31 69 71
31 70 13
31 71 74
31 72 31
31 73 55
31 74 58
31 75 23
31 76 27
31 77 63
31 78 63
31 79 32
31 80 39
32 1 40
32 2 11
32 3 28
32 4 40
32 5 40
32 6 32
32 7 21
32 8 22
32 9 14
32 10 36
32 11 31
32 12 18
32 13 21
32 14 44
32 15 47
32 16 11
32 17 41
32 18 41
32 19 46
32 20 17
32 21 25
32 22 8
32 23 49
32 24 39
32 25 11
32 26 38
32 27 46
32 28 43
32 29 16
32 30 43
32 31 43
32 32 -1
32 33 47
32 34 15
32 35 18
32 36 22
32 37 23
32 38 30
32 39 5
32 40 13
32 41 9
32 42 33
32 43 53
32 44 48
32 45 10
32 46 26
32 47 62
32 48 32
32 49 24
32 50 44
32 51 27
32 52 12
32 53 67
32 54 26
32 55 42
32 56 11
32 57 48
32 58 19
32 59 15
32 60 34
32 61 45
32 62 49
32 63 53
32 64 32
32 65 50
32 66 65
32 67 10
32 68 16
32 69 39
32 70 48
32 71 31
32 72 57
32 73 11
32 74 20
32 75 63
32 76 18
32 77 19
32 78 23
32 79 41
32 80 21
33 1 42
33 2 59
33 3 72
33 4 30
33 5 23
33 6 79
33 7 68
33 8 62
33 9 55
33 10 68
33 11 79
33 12 65
33 13 67
33 14 63
33 15 38
33 16 55
33 17 35
33 18 30
33 19 17
33 20 33
33 21 45
33 22 49
33 23 17
33 24 52
33 25 36
33 26 27
33 27 1
33 28 38
33 29 34
33 30 56
33 31 7
33 32 47
33 33 -1
33 34 43
33 35 58
33 36 31
33 37 59
33 38 69
33 39 53
33 40 39
33 41 52
33 42 72
33 43 27
33 44 14
33 45 57
33 46 57
33 47 21
33 48 51
33 49 67
33 50 65
33 51 31
33 52 45
33 53 25
33 54 71
33 55 20
33 56 55
33 57 43
33 58 64
33 59 33
33 60 27
33 61 47
33 62 35
33 63 40
33 64 71
33 65 40
33 66 22
33 67 38
33 68 51
33 69 71
33 70 19
33 71 78
33 72 24
33 73 59
33 74 63
33 75 17
33 76 32
33 77 67
33 78 65
33 79 39
33 80 45
34 1 49
34 2 25
34 3 42
34 4 46
34 5 29
34 6 43
34 7 32
34 8 38
34 9 29
34 10 51
34 11 39
34 12 32
34 13 26
34 14 58
34 15 33
34 16 26
34 17 48
34 18 27
34 19 36
34 20 22
34 21 38
34 22 23
34 23 50
34 24 24
34 25 17
34 26 25
34 27 41
34 28 29
34 29 23
34 30 56
34 31 37
34 32 15
34 33 43
34 34 -1
34 35 34
34 36 12
34 37 16
34 38 46
34 39 19
34 40 5
34 41 12
34 42 49
34 43 57
34 44 48
34 45 24
34 46 42
34 47 61
34 48 17
34 49 39
34 50 58
34 51 14
34 52 26
34 53 66
34 54 40
34 55 32
34 56 15
34 57 57
34 58 22
34 59 19
34 60 40
34 61 30
34 62 56
34 63 60
34 64 47
34 65 58
34 66 63
34 67 17
34 68 31
34 69 54
34 70 38
34 71 41
34 72 59
34 73 23
34 74 20
34 75 60
34 76 10
34 77 28
34 78 38
34 79 26
34 80 6
35 1 34
35 2 13
35 3 13
35 4 40
35 5 57
35 6 25
35 7 19
35 8 4
35 9 4
35 10 17
35 11 31
35 12 13
35 13 29
35 14 30
35 15 65
35 16 7
35 17 39
35 18 58
35 19 62
35 20 25
35 21 19
35 22 11
35 23 55
35 24 57
35 25 24
35 26 55
35 27 57
35 28 62
35 29 25
35 30 32
35 31 56
35 32 18
35 33 58
35 34 34
35 35 -1
35 36 39
35 37 39
35 38 12
35 39 15
35 40 31
35 41 25
35 42 15
35 43 55
35 44 54
35 45 13
35 46 11
35 47 68
35 48 51
35 49 9
35 50 28
35 51 44
35 52 13
35 53 73
35 54 14
35 55 59
35 56 24
35 57 43
35 58 29
35 59 26
35 60 37
35 61 64
35 62 48
35 63 50
35 64 14
35 65 46
35 66 72
35 67 23
35 68 7
35 69 20
35 70 64
35 71 26
35 72 61
35 73 17
35 74 31
35 75 72
35 76 35
35 77 23
35 78 7
35 79 59
35 80 40
36 1 45
36 2 33
36 3 50
36 4 39
36 5 18
36 6 53
36 7 42
36 8 43
36 9 35
36 10 55
36 11 50
36 12 40
36 13 38
36 14 58
36 15 26
36 16 33
36 17 42
36 18 19
36 19 25
36 20 19
36 21 37
36 22 28
36 23 40
36 24 26
36 25 16
36 26 16
36 27 30
36 28 23
36 29 19
36 30 54
36 31 25
36 32 22
36 33 31
36 34 12
36 35 39
36 36 -1
36 37 27
36 38 51
36 39 27
36 40 9
36 41 22
36 42 54
36 43 48
36 44 37
36 45 32
36 46 44
36 47 50
36 48 23
36 49 46
36 50 59
36 51 5
36 52 27
36 53 55
36 54 48
36 55 21
36 56 26
36 57 51
36 58 34
36 59 16
36 60 32
36 61 28
36 62 48
36 63 53
36 64 53
36 65 51
36 66 52
36 67 17
36 68 34
36 69 58
36 70 26
36 71 51
36 72 49
36 73 32
36 74 32
36 75 48
36 76 4
36 77 38
36 78 45
36 79 21
36 80 14
37 1 62
37 2 26
37 3 42
37 4 61
37 5 42
37 6 37
37 7 28
37 8 42
37 9 35
37 10 56
37 11 30
37 12 31
37 13 17
37 14 67
37 15 41
37 16 31
37 17 63
37 18 39
37 19 50
37 20 37
37 21 49
37 22 31
37 23 66
37 24 24
37 25 31
37 26 38
37 27 57
37 28 37
37 29 37
37 30 66
37 31 53
37 32 23
37 33 59
37 34 16
37 35 39
37 36 27
37 37 -1
37 38 48
37 39 23
37 40 20
37 41 14
37 42 51
37 43 72
37 44 64
37 45 26
37 46 49
37 47 77
37 48 17
37 49 40
37 50 66
37 51 29
37 52 36
37 53 82
37 54 38
37 55 46
37 56 14
37 57 70
37 58 13
37 59 34
37 60 55
37 61 34
37 62 71
37 63 75
37 64 49
37 65 72
37 66 80
37 67 30
37 68 38
37 69 59
37 70 51
37 71 34
37 72 75
37 73 22
37 74 10
37 75 76
37 76 26
37 77 22
37 78 40
37 79 34
37 80 14
38 1 39
38 2 22
38 3 10
38 4 47
38 5 69
38 6 24
38 7 23
38 8 8
38 9 16
38 10 10
38 11 33
38 12 18
38 13 36
38 14 27
38 15 78
38 16 19
38 17 46
38 18 70
38 19 74
38 20 37
38 21 26
38 22 23
38 23 64
38 24 69
38 25 36
38 26 67
38 27 68
38 28 74
38 29 36
38 30 32
38 31 68
38 32 30
38 33 69
38 34 46
38 35 12
38 36 51
38 37 48
38 38 -1
38 39 26
38 40 43
38 41 36
38 42 3
38 43 63
38 44 63
38 45 23
38 46 13
38 47 77
38 48 62
38 49 9
38 50 25
38 51 56
38 52 25
38 53 81
38 54 13
38 55 71
38 56 35
38 57 47
38 58 37
38 59 38
38 60 46
38 61 76
38 62 54
38 63 54
38 64 2
38 65 51
38 66 81
38 67 35
38 68 18
38 69 11
38 70 76
38 71 27
38 72 69
38 73 26
38 74 40
38 75 82
38 76 47
38 77 29
38 78 8
38 79 71
38 80 51
39 1 42
39 2 6
39 3 23
39 4 43
39 5 45
39 6 26
39 7 15
39 8 19
39 9 11
39 10 33
39 11 27
39 12 13
39 13 18
39 14 43
39 15 52
39 16 7
39 17 44
39 18 46
39 19 52
39 20 21
39 21 27
39 22 8
39 23 54
39 24 42
39 25 16
39 26 43
39 27 51
39 28 48
39 29 20
39 30 43
39 31 49
39 32 5
39 33 53
39 34 19
39 35 15
39 36 27
39 37 23
39 38 26
39 39 -1
39 40 18
39 41 9
39 42 29
39 43 57
39 44 52
39 45 5
39 46 25
39 47 66
39 48 35
39 49 19
39 50 43
39 51 32
39 52 14
39 53 71
39 54 21
39 55 48
39 56 9
39 57 50
39 58 17
39 59 19
39 60 38
39 61 49
39 62 52
39 63 55
39 64 28
39 65 52
39 66 70
39 67 14
39 68 15
39 69 36
39 70 53
39 71 25
39 72 61
39 73 6
39 74 18
39 75 68
39 76 23
39 77 15
39 78 18
39 79 45
39 80 25
40 1 44
40 2 24
40 3 41
40 4 41
40 5 28
40 6 43
40 7 32
40 8 35
40 9 27
40 10 48
40 11 40
40 12 31
40 13 28
40 14 54
40 15 34
40 16 24
40 17 43
40 18 28
40 19 35
40 20 17
40 21 33
40 22 20
40 23 46
40 24 28
40 25 12
40 26 25
40 27 38
40 28 30
40 29 18
40 30 51
40 31 34
40 32 13
40 33 39
40 34 5
40 35 31
40 36 9
40 37 20
40 38 43
40 39 18
40 40 -1
40 41 13
40 42 46
40 43 52
40 44 43
40 45 23
40 46 38
40 47 57
40 48 22
40 49 37
40 50 54
40 51 14
40 52 22
40 53 62
40 54 39
40 55 31
40 56 16
40 57 51
40 58 24
40 59 14
40 60 35
40 61 33
40 62 51
40 63 55
40 64 45
40 65 52
40 66 59
40 67 12
40 68 27
40 69 51
40 70 36
40 71 41
40 72 54
40 73 22
40 74 23
40 75 56
40 76 7
40 77 29
40 78 36
40 79 28
40 80 11
41 1 49
41 2 13
41 3 31
41 4 48
41 5 40
41 6 31
41 7 20
41 8 29
41 9 21
41 10 43
41 11 27
41 12 20
41 13 15
41 14 53
41 15 45
41 16 17
41 17 50
41 18 39
41 19 48
41 20 24
41 21 35
41 22 17
41 23 56
41 24 33
41 25 18
41 26 37
41 27 50
41 28 41
41 29 24
41 30 52
41 31 47
41 32 9
41 33 52
41 34 12
41 35 25
41 36 22
41 37 14
41 38 36
41 39 9
41 40 13
41 41 -1
41 42 38
41 43 61
41 44 54
41 45 13
41 46 35
41 47 68
41 48 25
41 49 28
41 50 52
41 51 26
41 52 21
41 53 73
41 54 28
41 55 43
41 56 3
41 57 57
41 58 12
41 59 22
41 60 42
41 61 41
41 62 58
41 63 62
41 64 37
41 65 59
41 66 71
41 67 17
41 68 24
41 69 46
41 70 49
41 71 29
41 72 65
41 73 11
41 74 11
41 75 68
41 76 20
41 77 16
41 78 28
41 79 38
41 80 16
42 1 41
42 2 25
42 3 10
42 4 50
42 5 72
42 6 24
42 7 25
42 8 11
42 9 19
42 10 10
42 11 34
42 12 20
42 13 37
42 14 27
42 15 81
42 16 22
42 17 48
42 18 73
42 19 77
42 20 40
42 21 29
42 22 26
42 23 67
42 24 72
42 25 39
42 26 70
42 27 71
42 28 77
42 29 39
42 30 33
42 31 71
42 32 33
42 33 72
42 34 49
42 35 15
42 36 54
42 37 51
42 38 3
42 39 29
42 40 46
42 41 38
42 42 -1
42 43 65
42 44 66
42 45 25
42 46 15
42 47 79
42 48 64
42 49 11
42 50 25
42 51 59
42 52 28
42 53 84
42 54 14
42 55 74
42 56 37
42 57 49
42 58 39
42 59 41
42 60 48
42 61 79
42 62 56
42 63 56
42 64 1
42 65 53
42 66 83
42 67 38
42 68 21
42 69 11
42 70 79
42 71 27
42 72 71
42 73 28
42 74 42
42 75 85
42 76 50
42 77 31
42 78 10
42 79 74
42 80 54
43 1 25
43 2 62
43 3 69
43 4 15
43 5 48
43 6 80
43 7 71
43 8 57
43 9 55
43 10 58
43 11 84
43 12 66
43 13 75
43 14 46
43 15 63
43 16 56
43 17 17
43 18 55
43 19 44
43 20 37
43 21 36
43 22 51
43 23 10
43 24 73
43 25 43
43 26 51
43 27 27
43 28 63
43 29 37
43 30 38
43 31 33
43 32 53
43 33 27
43 34 57
43 35 55
43 36 48
43 37 72
43 38 63
43 39 57
43 40 52
43 41 61
43 42 65
43 43 -1
43 44 13
43 45 60
43 46 49
43 47 17
43 48 71
43 49 65
43 50 49
43 51 50
43 52 44
43 53 20
43 54 70
43 55 46
43 56 64
43 57 21
43 58 73
43 59 39
43 60 19
43 61 71
43 62 11
43 63 15
43 64 65
43 65 17
43 66 21
43 67 44
43 68 49
43 69 60
43 70 46
43 71 81
43 72 7
43 73 63
43 74 73
43 75 26
43 76 47
43 77 72
43 78 62
43 79 63
43 80 62
44 1 31
44 2 58
44 3 68
44 4 19
44 5 35
44 6 77
44 7 67
44 8 57
44 9 52
44 10 61
44 11 79
44 12 63
44 13 69
44 14 53
44 15 50
44 16 53
44 17 23
44 18 42
44 19 31
44 20 31
44 21 37
44 22 47
44 23 3
44 24 62
44 25 36
44 26 38
44 27 14
44 28 50
44 29 31
44 30 45
44 31 19
44 32 48
44 33 14
44 34 48
44 35 54
44 36 37
44 37 64
44 38 63
44 39 52
44 40 43
44 41 54
44 42 66
44 43 13
44 44 -1
44 45 56
44 46 51
44 47 14
44 48 60
44 49 63
44 50 55
44 51 39
44 52 41
44 53 19
44 54 68
44 55 33
44 56 57
44 57 30
44 58 66
44 59 33
44 60 18
44 61 58
44 62 21
44 63 26
44 64 66
44 65 27
44 66 17
44 67 38
44 68 47
44 69 63
44 70 33
44 71 77
44 72 12
44 73 59
44 74 66
44 75 18
44 76 37
44 77 67
44 78 61
44 79 50
44 80 51
45 1 43
45 2 1
45 3 18
45 4 46
45 5 50
45 6 21
45 7 11
45 8 16
45 9 9
45 10 30
45 11 23
45 12 8
45 13 17
45 14 42
45 15 57
45 16 6
45 17 46
45 18 51
45 19 57
45 20 25
45 21 28
45 22 9
45 23 58
45 24 46
45 25 20
45 26 48
45 27 56
45 28 53
45 29 24
45 30 43
45 31 54
45 32 10
45 33 57
45 34 24
45 35 13
45 36 32
45 37 26
45 38 23
45 39 5
45 40 23
45 41 13
45 42 25
45 43 60
45 44 56
45 45 -1
45 46 23
45 47 70
45 48 39
45 49 14
45 50 41
45 51 37
45 52 16
45 53 75
45 54 16
45 55 53
45 56 12
45 57 51
45 58 16
45 59 24
45 60 41
45 61 54
45 62 55
45 63 57
45 64 24
45 65 54
45 66 74
45 67 19
45 68 15
45 69 33
45 70 58
45 71 21
45 72 65
45 73 4
45 74 18
45 75 73
45 76 28
45 77 12
45 78 14
45 79 50
45 80 29
46 1 26
46 2 24
46 3 21
46 4 34
46 5 60
46 6 34
46 7 30
46 8 10
46 9 14
46 10 11
46 11 42
46 12 24
46 13 40
46 14 18
46 15 71
46 16 17
46 17 32
46 18 63
46 19 64
46 20 27
46 21 13
46 22 18
46 23 51
46 24 66
46 25 27
46 26 59
46 27 56
46 28 68
46 29 26
46 30 21
46 31 57
46 32 26
46 33 57
46 34 42
46 35 11
46 36 44
46 37 49
46 38 13
46 39 25
46 40 38
46 41 35
46 42 15
46 43 49
46 44 51
46 45 23
46 46 -1
46 47 64
46 48 59
46 49 17
46 50 17
46 51 49
46 52 16
46 53 68
46 54 23
46 55 61
46 56 34
46 57 34
46 58 40
46 59 28
46 60 33
46 61 71
46 62 41
46 63 41
46 64 15
46 65 38
46 66 68
46 67 27
46 68 10
46 69 14
46 70 66
46 71 36
46 72 56
46 73 27
46 74 42
46 75 69
46 76 40
46 77 34
46 78 15
46 79 65
46 80 48
47 1 41
47 2 72
47 3 82
47 4 30
47 5 44
47 6 91
47 7 82
47 8 71
47 9 66
47 10 73
47 11 93
47 12 77
47 13 83
47 14 63
47 15 58
47 16 67
47 17 33
47 18 51
47 19 37
47 20 45
47 21 50
47 22 61
47 23 12
47 24 73
47 25 50
47 26 48
47 27 22
47 28 59
47 29 46
47 30 54
47 31 28
47 32 62
47 33 21
47 34 61
47 35 68
47 36 50
47 37 77
47 38 77
47 39 66
47 40 57
47 41 68
47 42 79
47 43 17
47 44 14
47 45 70
47 46 64
47 47 -1
47 48 72
47 49 77
47 50 65
47 51 50
47 52 55
47 53 5
47 54 82
47 55 41
47 56 71
47 57 38
47 58 80
47 59 47
47 60 31
47 61 68
47 62 28
47 63 32
47 64 79
47 65 34
47 66 4
47 67 52
47 68 61
47 69 75
47 70 39
47 71 91
47 72 10
47 73 73
47 74 80
47 75 10
47 76 50
47 77 82
47 78 75
47 79 60
47 80 64
48 1 67
48 2 39
48 3 57
48 4 62
48 5 30
48 6 54
48 7 44
48 8 54
48 9 46
48 10 68
48 11 47
48 12 45
48 13 34
48 14 76
48 15 25
48 16 43
48 17 65
48 18 25
48 19 39
48 20 39
48 21 56
48 22 41
48 23 63
48 24 7
48 25 34
48 26 26
48 27 50
48 28 21
48 29 40
48 30 74
48 31 44
48 32 32
48 33 51
48 34 17
48 35 51
48 36 23
48 37 17
48 38 62
48 39 35
48 40 22
48 41 25
48 42 64
48 43 71
48 44 60
48 45 39
48 46 59
48 47 72
48 48 -1
48 49 54
48 50 76
48 51 21
48 52 43
48 53 76
48 54 54
48 55 34
48 56 27
48 57 73
48 58 30
48 59 36
48 60 55
48 61 17
48 62 71
48 63 76
48 64 63
48 65 74
48 66 73
48 67 34
48 68 48
48 69 71
48 70 39
48 71 51
48 72 72
48 73 36
48 74 27
48 75 68
48 76 25
48 77 38
48 78 54
48 79 18
48 80 11
49 1 43
49 2 14
49 3 4
49 4 49
49 5 64
49 6 16
49 7 14
49 8 7
49 9 11
49 10 18
49 11 25
49 12 9
49 13 26
49 14 35
49 15 71
49 16 13
49 17 48
49 18 65
49 19 69
49 20 34
49 21 28
49 22 18
49 23 64
49 24 61
49 25 31
49 26 62
49 27 66
49 28 67
49 29 33
49 30 38
49 31 65
49 32 24
49 33 67
49 34 39
49 35 9
49 36 46
49 37 40
49 38 9
49 39 19
49 40 37
49 41 28
49 42 11
49 43 65
49 44 63
49 45 14
49 46 17
49 47 77
49 48 54
49 49 -1
49 50 33
49 51 51
49 52 22
49 53 82
49 54 5
49 55 66
49 56 26
49 57 51
49 58 28
49 59 34
49 60 46
49 61 68
49 62 57
49 63 58
49 64 9
49 65 55
49 66 81
49 67 30
49 68 16
49 69 21
49 70 71
49 71 19
49 72 70
49 73 17
49 74 31
49 75 81
49 76 42
49 77 20
49 78 2
49 79 65
49 80 44
50 1 24
50 2 42
50 3 35
50 4 36
50 5 73
50 6 49
50 7 46
50 8 26
50 9 32
50 10 15
50 11 58
50 12 41
50 13 57
50 14 2
50 15 85
50 16 35
50 17 32
50 18 76
50 19 75
50 20 40
50 21 22
50 22 35
50 23 54
50 24 82
50 25 42
50 26 72
50 27 64
50 28 82
50 29 39
50 30 11
50 31 66
50 32 44
50 33 65
50 34 58
50 35 28
50 36 59
50 37 66
50 38 25
50 39 43
50 40 54
50 41 52
50 42 25
50 43 49
50 44 55
50 45 41
50 46 17
50 47 65
50 48 76
50 49 33
50 50 -1
50 51 64
50 52 32
50 53 69
50 54 38
50 55 73
50 56 52
50 57 29
50 58 58
50 59 42
50 60 38
50 61 87
50 62 38
50 63 36
50 64 26
50 65 33
50 66 69
50 67 42
50 68 28
50 69 15
50 70 77
50 71 52
50 72 56
50 73 45
50 74 60
50 75 73
50 76 55
50 77 51
50 78 31
50 79 80
50 80 65
51 1 50
51 2 38
51 3 55
51 4 42
51 5 14
51 6 57
51 7 46
51 8 48
51 9 40
51 10 60
51 11 54
51 12 45
51 13 41
51 14 63
51 15 21
51 16 38
51 17 46
51 18 14
51 19 22
51 20 24
51 21 42
51 22 33
51 23 42
51 24 23
51 25 21
51 26 11
51 27 29
51 28 18
51 29 25
51 30 59
51 31 24
51 32 27
51 33 31
51 34 14
51 35 44
51 36 5
51 37 29
51 38 56
51 39 32
51 40 14
51 41 26
51 42 59
51 43 50
51 44 39
51 45 37
51 46 49
51 47 50
51 48 21
51 49 51
51 50 64
51 51 -1
51 52 33
51 53 55
51 54 53
51 55 17
51 56 30
51 57 55
51 58 37
51 59 21
51 60 36
51 61 23
51 62 52
51 63 57
51 64 58
51 65 55
51 66 52
51 67 22
51 68 39
51 69 63
51 70 23
51 71 55
51 72 51
51 73 36
51 74 35
51 75 47
51 76 9
51 77 42
51 78 50
51 79 16
51 80 15
52 1 28
52 2 17
52 3 26
52 4 29
52 5 44
52 6 36
52 7 26
52 8 17
52 9 10
52 10 27
52 11 39
52 12 22
52 13 32
52 14 32
52 15 54
52 16 11
52 17 30
52 18 46
52 19 49
52 20 12
52 21 13
52 22 6
52 23 43
52 24 50
52 25 11
52 26 43
52 27 44
52 28 51
52 29 11
52 30 30
52 31 43
52 32 12
52 33 45
52 34 26
52 35 13
52 36 27
52 37 36
52 38 25
52 39 14
52 40 22
52 41 21
52 42 28
52 43 44
52 44 41
52 45 16
52 46 16
52 47 55
52 48 43
52 49 22
52 50 32
52 51 33
52 52 -1
52 53 60
52 54 26
52 55 46
52 56 23
52 57 36
52 58 31
52 59 13
52 60 25
52 61 54
52 62 39
52 63 41
52 64 27
52 65 38
52 66 59
52 67 10
52 68 7
52 69 30
52 70 51
52 71 36
52 72 49
52 73 19
52 74 32
52 75 59
52 76 23
52 77 28
52 78 20
52 79 49
52 80 32
53 1 45
53 2 77
53 3 86
53 4 34
53 5 48
53 6 96
53 7 87
53 8 75
53 9 71
53 10 77
53 11 98
53 12 82
53 13 88
53 14 67
53 15 62
53 16 72
53 17 37
53 18 55
53 19 41
53 20 50
53 21 55
53 22 66
53 23 17
53 24 77
53 25 55
53 26 52
53 27 26
53 28 63
53 29 51
53 30 58
53 31 32
53 32 67
53 33 25
53 34 66
53 35 73
53 36 55
53 37 82
53 38 81
53 39 71
53 40 62
53 41 73
53 42 84
53 43 20
53 44 19
53 45 75
53 46 68
53 47 5
53 48 76
53 49 82
53 50 69
53 51 55
53 52 60
53 53 -1
53 54 87
53 55 45
53 56 76
53 57 41
53 58 85
53 59 52
53 60 35
53 61 72
53 62 31
53 63 35
53 64 84
53 65 37
53 66 3
53 67 57
53 68 66
53 69 80
53 70 42
53 71 96
53 72 13
53 73 78
53 74 85
53 75 11
53 76 55
53 77 87
53 78 80
53 79 64
53 80 69
54 1 48
54 2 15
54 3 3
54 4 54
54 5 66
54 6 11
54 7 11
54 8 13
54 9 15
54 10 23
54 11 20
54 12 8
54 13 24
54 14 40
54 15 73
54 16 16
54 17 53
54 18 67
54 19 72
54 20 38
54 21 33
54 22 21
54 23 69
54 24 61
54 25 35
54 26 64
54 27 70
54 28 69
54 29 37
54 30 43
54 31 68
54 32 26
54 33 71
54 34 40
54 35 14
54 36 48
54 37 38
54 38 13
54 39 21
54 40 39
54 41 28
54 42 14
54 43 70
54 44 68
54 45 16
54 46 23
54 47 82
54 48 54
54 49 5
54 50 38
54 51 53
54 52 26
54 53 87
54 54 -1
54 55 69
54 56 26
54 57 56
54 58 26
54 59 38
54 60 51
54 61 69
54 62 62
54 63 64
54 64 13
54 65 60
54 66 86
54 67 33
54 68 21
54 69 25
54 70 74
54 71 14
54 72 75
54 73 17
54 74 29
54 75 85
54 76 44
54 77 17
54 78 7
54 79 66
54 80 44
55 1 54
55 2 54
55 3 70
55 4 44
55 5 3
55 6 74
55 7 63
55 8 63
55 9 55
55 10 72
55 11 71
55 12 61
55 13 58
55 14 72
55 15 17
55 16 53
55 17 48
55 18 10
55 19 5
55 20 34
55 21 51
55 22 48
55 23 36
55 24 33
55 25 35
55 26 8
55 27 19
55 28 18
55 29 35
55 30 66
55 31 13
55 32 42
55 33 20
55 34 32
55 35 59
55 36 21
55 37 46
55 38 71
55 39 48
55 40 31
55 41 43
55 42 74
55 43 46
55 44 33
55 45 53
55 46 61
55 47 41
55 48 34
55 49 66
55 50 73
55 51 17
55 52 46
55 53 45
55 54 69
55 55 -1
55 56 47
55 57 58
55 58 54
55 59 33
55 60 39
55 61 27
55 62 51
55 63 57
55 64 73
55 65 56
55 66 42
55 67 36
55 68 53
55 69 75
55 70 5
55 71 72
55 72 44
55 73 53
55 74 52
55 75 35
55 76 24
55 77 60
55 78 65
55 79 19
55 80 31
56 1 51
56 2 12
56 3 29
56 4 50
56 5 44
56 6 28
56 7 17
56 8 28
56 9 20
56 10 42
56 11 24
56 12 18
56 13 12
56 14 53
56 15 48
56 16 17
56 17 52
56 18 43
56 19 51
56 20 27
56 21 36
56 22 17
56 23 59
56 24 35
56 25 21
56 26 41
56 27 54
56 28 44
56 29 27
56 30 53
56 31 51
56 32 11
56 33 55
56 34 15
56 35 24
56 36 26
56 37 14
56 38 35
56 39 9
56 40 16
56 41 3
56 42 37
56 43 64
56 44 57
56 45 12
56 46 34
56 47 71
56 48 27
56 49 26
56 50 52
56 51 30
56 52 23
56 53 76
56 54 26
56 55 47
56 56 -1
56 57 59
56 58 8
56 59 25
56 60 45
56 61 43
56 62 60
56 63 64
56 64 36
56 65 61
56 66 74
56 67 20
56 68 25
56 69 45
56 70 53
56 71 25
56 72 68
56 73 8
56 74 9
56 75 72
56 76 23
56 77 12
56 78 26
56 79 41
56 80 19
57 1 8
57 2 52
57 3 55
57 4 13
57 5 58
57 6 68
57 7 61
57 8 43
57 9 43
57 10 40
57 11 74
57 12 55
57 13 68
57 14 26
57 15 73
57 16 46
57 17 9
57 18 64
57 19 57
57 20 34
57 21 23
57 22 42
57 23 28
57 24 78
57 25 39
57 26 60
57 27 42
57 28 72
57 29 33
57 30 17
57 31 46
57 32 48
57 33 43
57 34 57
57 35 43
57 36 51
57 37 70
57 38 47
57 39 50
57 40 51
57 41 57
57 42 49
57 43 21
57 44 30
57 45 51
57 46 34
57 47 38
57 48 73
57 49 51
57 50 29
57 51 55
57 52 36
57 53 41
57 54 56
57 55 58
57 56 59
57 57 -1
57 58 67
57 59 37
57 60 19
57 61 78
57 62 10
57 63 7
57 64 49
57 65 4
57 66 42
57 67 40
57 68 37
57 69 41
57 70 60
57 71 69
57 72 28
57 73 55
57 74 68
57 75 47
57 76 48
57 77 64
57 78 49
57 79 71
57 80 62
58 1 59
58 2 16
58 3 29
58 4 59
58 5 51
58 6 24
58 7 15
58 8 32
58 9 26
58 10 46
58 11 17
58 12 19
58 13 4
58 14 59
58 15 53
58 16 22
58 17 60
58 18 49
58 19 59
58 20 36
58 21 44
58 22 25
58 23 68
58 24 37
58 25 30
58 26 47
58 27 63
58 28 49
58 29 36
58 30 60
58 31 59
58 32 19
58 33 64
58 34 22
58 35 29
58 36 34
58 37 13
58 38 37
58 39 17
58 40 24
58 41 12
58 42 39
58 43 73
58 44 66
58 45 16
58 46 40
58 47 80
58 48 30
58 49 28
58 50 58
58 51 37
58 52 31
58 53 85
58 54 26
58 55 54
58 56 8
58 57 67
58 58 -1
58 59 34
58 60 54
58 61 47
58 62 69
58 63 72
58 64 38
58 65 69
58 66 83
58 67 29
58 68 31
58 69 48
58 70 60
58 71 21
58 72 76
58 73 12
58 74 3
58 75 81
58 76 31
58 77 8
58 78 29
58 79 45
58 80 24
59 1 30
59 2 25
59 3 38
59 4 27
59 5 31
59 6 46
59 7 35
59 8 30
59 9 22
59 10 39
59 11 46
59 12 31
59 13 36
59 14 42
59 15 42
59 16 21
59 17 29
59 18 34
59 19 36
59 20 3
59 21 20
59 22 16
59 23 34
59 24 41
59 25 3
59 26 30
59 27 32
59 28 39
59 29 3
59 30 38
59 31 30
59 32 15
59 33 33
59 34 19
59 35 26
59 36 16
59 37 34
59 38 38
59 39 19
59 40 14
59 41 22
59 42 41
59 43 39
59 44 33
59 45 24
59 46 28
59 47 47
59 48 36
59 49 34
59 50 42
59 51 21
59 52 13
59 53 52
59 54 38
59 55 33
59 56 25
59 57 37
59 58 34
59 59 -1
59 60 21
59 61 44
59 62 37
59 63 41
59 64 40
59 65 38
59 66 50
59 67 5
59 68 20
59 69 42
59 70 38
59 71 45
59 72 42
59 73 26
59 74 33
59 75 48
59 76 12
59 77 34
59 78 32
59 79 38
59 80 25
60 1 15
60 2 43
60 3 51
60 4 6
60 5 39
60 6 61
60 7 52
60 8 40
60 9 36
60 10 43
60 11 65
60 12 47
60 13 56
60 14 36
60 15 54
60 16 37
60 17 10
60 18 45
60 19 39
60 20 18
60 21 19
60 22 31
60 23 18
60 24 59
60 25 24
60 26 41
60 27 26
60 28 52
60 29 18
60 30 28
60 31 29
60 32 34
60 33 27
60 34 40
60 35 37
60 36 32
60 37 55
60 38 46
60 39 38
60 40 35
60 41 42
60 42 48
60 43 19
60 44 18
60 45 41
60 46 33
60 47 31
60 48 55
60 49 46
60 50 38
60 51 36
60 52 25
60 53 35
60 54 51
60 55 39
60 56 45
60 57 19
60 58 54
60 59 21
60 60 -1
60 61 59
60 62 16
60 63 20
60 64 48
60 65 18
60 66 34
60 67 25
60 68 30
60 69 45
60 70 41
60 71 62
60 72 24
60 73 44
60 74 54
60 75 36
60 76 30
60 77 53
60 78 44
60 79 51
60 80 45
61 1 73
61 2 54
61 3 72
61 4 65
61 5 24
61 6 71
61 7 60
61 8 68
61 9 60
61 10 81
61 11 64
61 12 61
61 13 51
61 14 86
61 15 11
61 16 57
61 17 69
61 18 17
61 19 31
61 20 47
61 21 65
61 22 53
61 23 61
61 24 11
61 25 44
61 26 20
61 27 46
61 28 9
61 29 48
61 30 82
61 31 40
61 32 45
61 33 47
61 34 30
61 35 64
61 36 28
61 37 34
61 38 76
61 39 49
61 40 33
61 41 41
61 42 79
61 43 71
61 44 58
61 45 54
61 46 71
61 47 68
61 48 17
61 49 68
61 50 87
61 51 23
61 52 54
61 53 72
61 54 69
61 55 27
61 56 43
61 57 78
61 58 47
61 59 44
61 60 59
61 61 -1
61 62 74
61 63 80
61 64 77
61 65 78
61 66 69
61 67 44
61 68 60
61 69 84
61 70 30
61 71 68
61 72 70
61 73 52
61 74 44
61 75 62
61 76 31
61 77 55
61 78 68
61 79 8
61 80 24
62 1 15
62 2 56
62 3 61
62 4 10
62 5 53
62 6 73
62 7 65
62 8 50
62 9 48
62 10 48
62 11 78
62 12 60
62 13 71
62 14 36
62 15 68
62 16 50
62 17 8
62 18 59
62 19 50
62 20 34
62 21 28
62 22 45
62 23 19
62 24 75
62 25 40
62 26 55
62 27 35
62 28 67
62 29 34
62 30 27
62 31 39
62 32 49
62 33 35
62 34 56
62 35 48
62 36 48
62 37 71
62 38 54
62 39 52
62 40 51
62 41 58
62 42 56
62 43 11
62 44 21
62 45 55
62 46 41
62 47 28
62 48 71
62 49 57
62 50 38
62 51 52
62 52 39
62 53 31
62 54 62
62 55 51
62 56 60
62 57 10
62 58 69
62 59 37
62 60 16
62 61 74
62 62 -1
62 63 5
62 64 56
62 65 6
62 66 32
62 67 41
62 68 42
62 69 50
62 70 53
62 71 74
62 72 18
62 73 58
62 74 69
62 75 37
62 76 46
62 77 67
62 78 55
62 79 66
62 80 61
63 1 15
63 2 59
63 3 62
63 4 14
63 5 58
63 6 75
63 7 68
63 8 51
63 9 50
63 10 48
63 11 80
63 12 62
63 13 74
63 14 34
63 15 74
63 16 52
63 17 12
63 18 64
63 19 56
63 20 38
63 21 30
63 22 48
63 23 24
63 24 80
63 25 44
63 26 60
63 27 40
63 28 72
63 29 38
63 30 25
63 31 45
63 32 53
63 33 40
63 34 60
63 35 50
63 36 53
63 37 75
63 38 54
63 39 55
63 40 55
63 41 62
63 42 56
63 43 15
63 44 26
63 45 57
63 46 41
63 47 32
63 48 76
63 49 58
63 50 36
63 51 57
63 52 41
63 53 35
63 54 64
63 55 57
63 56 64
63 57 7
63 58 72
63 59 41
63 60 20
63 61 80
63 62 5
63 63 -1
63 64 56
63 65 3
63 66 36
63 67 45
63 68 44
63 69 49
63 70 58
63 71 76
63 72 22
63 73 61
63 74 73
63 75 41
63 76 51
63 77 70
63 78 56
63 79 72
63 80 66
64 1 41
64 2 23
64 3 9
64 4 50
64 5 71
64 6 23
64 7 23
64 8 10
64 9 18
64 10 11
64 11 33
64 12 19
64 13 36
64 14 28
64 15 79
64 16 20
64 17 48
64 18 72
64 19 76
64 20 39
64 21 28
64 22 25
64 23 66
64 24 70
64 25 38
64 26 69
64 27 70
64 28 76
64 29 38
64 30 34
64 31 70
64 32 32
64 33 71
64 34 47
64 35 14
64 36 53
64 37 49
64 38 2
64 39 28
64 40 45
64 41 37
64 42 1
64 43 65
64 44 66
64 45 24
64 46 15
64 47 79
64 48 63
64 49 9
64 50 26
64 51 58
64 52 27
64 53 84
64 54 13
64 55 73
64 56 36
64 57 49
64 58 38
64 59 40
64 60 48
64 61 77
64 62 56
64 63 56
64 64 -1
64 65 53
64 66 83
64 67 37
64 68 20
64 69 12
64 70 78
64 71 26
64 72 71
64 73 27
64 74 41
64 75 84
64 76 49
64 77 30
64 78 9
64 79 73
64 80 53
65 1 11
65 2 55
65 3 58
65 4 12
65 5 57
65 6 71
65 7 64
65 8 47
65 9 46
65 10 44
65 11 77
65 12 58
65 13 71
65 14 30
65 15 72
65 16 49
65 17 9
65 18 63
65 19 55
65 20 35
65 21 26
65 22 44
65 23 25
65 24 78
65 25 41
65 26 59
65 27 40
65 28 71
65 29 35
65 30 22
65 31 44
65 32 50
65 33 40
65 34 58
65 35 46
65 36 51
65 37 72
65 38 51
65 39 52
65 40 52
65 41 59
65 42 53
65 43 17
65 44 27
65 45 54
65 46 38
65 47 34
65 48 74
65 49 55
65 50 33
65 51 55
65 52 38
65 53 37
65 54 60
65 55 56
65 56 61
65 57 4
65 58 69
65 59 38
65 60 18
65 61 78
65 62 6
65 63 3
65 64 53
65 65 -1
65 66 38
65 67 42
65 68 40
65 69 46
65 70 58
65 71 73
65 72 24
65 73 58
65 74 70
65 75 43
65 76 49
65 77 66
65 78 52
65 79 70
65 80 63
66 1 45
66 2 75
66 3 85
66 4 34
66 5 45
66 6 95
66 7 85
66 8 74
66 9 70
66 10 77
66 11 97
66 12 81
66 13 86
66 14 67
66 15 59
66 16 70
66 17 37
66 18 52
66 19 38
66 20 48
66 21 54
66 22 65
66 23 16
66 24 74
66 25 54
66 26 49
66 27 23
66 28 60
66 29 49
66 30 59
66 31 29
66 32 65
66 33 22
66 34 63
66 35 72
66 36 52
66 37 80
66 38 81
66 39 70
66 40 59
66 41 71
66 42 83
66 43 21
66 44 17
66 45 74
66 46 68
66 47 4
66 48 73
66 49 81
66 50 69
66 51 52
66 52 59
66 53 3
66 54 86
66 55 42
66 56 74
66 57 42
66 58 83
66 59 50
66 60 34
66 61 69
66 62 32
66 63 36
66 64 83
66 65 38
66 66 -1
66 67 55
66 68 65
66 69 79
66 70 39
66 71 95
66 72 14
66 73 76
66 74 83
66 75 8
66 76 53
66 77 85
66 78 79
66 79 61
66 80 67
67 1 33
67 2 20
67 3 34
67 4 31
67 5 34
67 6 41
67 7 30
67 8 27
67 9 19
67 10 37
67 11 41
67 12 27
67 13 31
67 14 42
67 15 44
67 16 17
67 17 33
67 18 36
67 19 39
67 20 7
67 21 21
67 22 12
67 23 39
67 24 40
67 25 1
67 26 32
67 27 36
67 28 40
67 29 7
67 30 39
67 31 34
67 32 10
67 33 38
67 34 17
67 35 23
67 36 17
67 37 30
67 38 35
67 39 14
67 40 12
67 41 17
67 42 38
67 43 44
67 44 38
67 45 19
67 46 27
67 47 52
67 48 34
67 49 30
67 50 42
67 51 22
67 52 10
67 53 57
67 54 33
67 55 36
67 56 20
67 57 40
67 58 29
67 59 5
67 60 25
67 61 44
67 62 41
67 63 45
67 64 37
67 65 42
67 66 55
67 67 -1
67 68 17
67 69 41
67 70 41
67 71 40
67 72 47
67 73 21
67 74 29
67 75 53
67 76 13
67 77 29
67 78 29
67 79 38
67 80 23
68 1 29
68 2 16
68 3 20
68 4 33
68 5 51
68 6 31
68 7 24
68 8 10
68 9 6
68 10 20
68 11 36
68 12 18
68 13 32
68 14 28
68 15 61
68 16 9
68 17 33
68 18 53
68 19 56
68 20 19
68 21 13
68 22 7
68 23 48
68 24 55
68 25 18
68 26 50
68 27 50
68 28 57
68 29 18
68 30 28
68 31 50
68 32 16
68 33 51
68 34 31
68 35 7
68 36 34
68 37 38
68 38 18
68 39 15
68 40 27
68 41 24
68 42 21
68 43 49
68 44 47
68 45 15
68 46 10
68 47 61
68 48 48
68 49 16
68 50 28
68 51 39
68 52 7
68 53 66
68 54 21
68 55 53
68 56 25
68 57 37
68 58 31
68 59 20
68 60 30
68 61 60
68 62 42
68 63 44
68 64 20
68 65 40
68 66 65
68 67 17
68 68 -1
68 69 23
68 70 58
68 71 32
68 72 54
68 73 19
68 74 33
68 75 65
68 76 30
68 77 27
68 78 14
68 79 55
68 80 37
69 1 35
69 2 33
69 3 21
69 4 45
69 5 74
69 6 35
69 7 35
69 8 16
69 9 25
69 10 3
69 11 45
69 12 30
69 13 47
69 14 17
69 15 85
69 16 28
69 17 42
69 18 77
69 19 78
69 20 41
69 21 26
69 22 30
69 23 63
69 24 78
69 25 41
69 26 73
69 27 70
69 28 81
69 29 40
69 30 24
69 31 71
69 32 39
69 33 71
69 34 54
69 35 20
69 36 58
69 37 59
69 38 11
69 39 36
69 40 51
69 41 46
69 42 11
69 43 60
69 44 63
69 45 33
69 46 14
69 47 75
69 48 71
69 49 21
69 50 15
69 51 63
69 52 30
69 53 80
69 54 25
69 55 75
69 56 45
69 57 41
69 58 48
69 59 42
69 60 45
69 61 84
69 62 50
69 63 49
69 64 12
69 65 46
69 66 79
69 67 41
69 68 23
69 69 -1
69 70 80
69 71 38
69 72 67
69 73 36
69 74 51
69 75 82
69 76 54
69 77 41
69 78 19
69 79 79
69 80 60
70 1 57
70 2 60
70 3 75
70 4 46
70 5 9
70 6 80
70 7 68
70 8 68
70 9 60
70 10 77
70 11 77
70 12 67
70 13 64
70 14 76
70 15 20
70 16 58
70 17 51
70 18 14
70 19 2
70 20 39
70 21 55
70 22 53
70 23 36
70 24 38
70 25 40
70 26 13
70 27 18
70 28 21
70 29 40
70 30 69
70 31 13
70 32 48
70 33 19
70 34 38
70 35 64
70 36 26
70 37 51
70 38 76
70 39 53
70 40 36
70 41 49
70 42 79
70 43 46
70 44 33
70 45 58
70 46 66
70 47 39
70 48 39
70 49 71
70 50 77
70 51 23
70 52 51
70 53 42
70 54 74
70 55 5
70 56 53
70 57 60
70 58 60
70 59 38
70 60 41
70 61 30
70 62 53
70 63 58
70 64 78
70 65 58
70 66 39
70 67 41
70 68 58
70 69 80
70 70 -1
70 71 78
70 72 43
70 73 59
70 74 58
70 75 32
70 76 30
70 77 65
70 78 70
70 79 23
70 80 37
71 1 61
71 2 19
71 3 17
71 4 66
71 5 69
71 6 4
71 7 10
71 8 26
71 9 26
71 10 37
71 11 7
71 12 14
71 13 17
71 14 54
71 15 73
71 16 25
71 17 65
71 18 68
71 19 77
71 20 46
71 21 46
71 22 30
71 23 79
71 24 58
71 25 42
71 26 66
71 27 77
71 28 69
71 29 45
71 30 57
71 31 74
71 32 31
71 33 78
71 34 41
71 35 26
71 36 51
71 37 34
71 38 27
71 39 25
71 40 41
71 41 29
71 42 27
71 43 81
71 44 77
71 45 21
71 46 36
71 47 91
71 48 51
71 49 19
71 50 52
71 51 55
71 52 36
71 53 96
71 54 14
71 55 72
71 56 25
71 57 69
71 58 21
71 59 45
71 60 62
71 61 68
71 62 74
71 63 76
71 64 26
71 65 73
71 66 95
71 67 40
71 68 32
71 69 38
71 70 78
71 71 -1
71 72 86
71 73 19
71 74 24
71 75 94
71 76 48
71 77 13
71 78 21
71 79 66
71 80 44
72 1 31
72 2 66
72 3 75
72 4 21
72 5 46
72 6 85
72 7 76
72 8 63
72 9 60
72 10 64
72 11 88
72 12 71
72 13 79
72 14 53
72 15 62
72 16 61
72 17 24
72 18 53
72 19 42
72 20 40
72 21 42
72 22 55
72 23 9
72 24 74
72 25 46
72 26 50
72 27 25
72 28 62
72 29 41
72 30 45
72 31 31
72 32 57
72 33 24
72 34 59
72 35 61
72 36 49
72 37 75
72 38 69
72 39 61
72 40 54
72 41 65
72 42 71
72 43 7
72 44 12
72 45 65
72 46 56
72 47 10
72 48 72
72 49 70
72 50 56
72 51 51
72 52 49
72 53 13
72 54 75
72 55 44
72 56 68
72 57 28
72 58 76
72 59 42
72 60 24
72 61 70
72 62 18
72 63 22
72 64 71
72 65 24
72 66 14
72 67 47
72 68 54
72 69 67
72 70 43
72 71 86
72 72 -1
72 73 68
72 74 76
72 75 20
72 76 48
72 77 77
72 78 68
72 79 62
72 80 63
73 1 47
73 2 3
73 3 20
73 4 49
73 5 50
73 6 21
73 7 9
73 8 20
73 9 13
73 10 34
73 11 20
73 12 9
73 13 13
73 14 46
73 15 56
73 16 10
73 17 50
73 18 50
73 19 57
73 20 27
73 21 32
73 22 13
73 23 60
73 24 44
73 25 22
73 26 47
73 27 57
73 28 52
73 29 27
73 30 47
73 31 55
73 32 11
73 33 59
73 34 23
73 35 17
73 36 32
73 37 22
73 38 26
73 39 6
73 40 22
73 41 11
73 42 28
73 43 63
73 44 59
73 45 4
73 46 27
73 47 73
73 48 36
73 49 17
73 50 45
73 51 36
73 52 19
73 53 78
73 54 17
73 55 53
73 56 8
73 57 55
73 58 12
73 59 26
73 60 44
73 61 52
73 62 58
73 63 61
73 64 27
73 65 58
73 66 76
73 67 21
73 68 19
73 69 36
73 70 59
73 71 19
73 72 68
73 73 -1
73 74 14
73 75 75
73 76 28
73 77 8
73 78 17
73 79 49
73 80 27
74 1 60
74 2 18
74 3 32
74 4 60
74 5 49
74 6 27
74 7 18
74 8 34
74 9 28
74 10 48
74 11 20
74 12 21
74 13 7
74 14 61
74 15 50
74 16 24
74 17 61
74 18 47
74 19 57
74 20 36
74 21 45
74 22 26
74 23 68
74 24 34
74 25 30
74 26 45
74 27 61
74 28 46
74 29 36
74 30 61
74 31 58
74 32 20
74 33 63
74 34 20
74 35 31
74 36 32
74 37 10
74 38 40
74 39 18
74 40 23
74 41 11
74 42 42
74 43 73
74 44 66
74 45 18
74 46 42
74 47 80
74 48 27
74 49 31
74 50 60
74 51 35
74 52 32
74 53 85
74 54 29
74 55 52
74 56 9
74 57 68
74 58 3
74 59 33
74 60 54
74 61 44
74 62 69
74 63 73
74 64 41
74 65 70
74 66 83
74 67 29
74 68 33
74 69 51
74 70 58
74 71 24
74 72 76
74 73 14
74 74 -1
74 75 80
74 76 30
74 77 12
74 78 31
74 79 43
74 80 21
75 1 49
75 2 74
75 3 86
75 4 37
75 5 38
75 6 94
75 7 84
75 8 75
75 9 70
75 10 79
75 11 95
75 12 80
75 13 84
75 14 71
75 15 52
75 16 70
75 17 41
75 18 45
75 19 31
75 20 47
75 21 56
75 22 64
75 23 19
75 24 68
75 25 52
75 26 42
75 27 18
75 28 53
75 29 48
75 30 63
75 31 23
75 32 63
75 33 17
75 34 60
75 35 72
75 36 48
75 37 76
75 38 82
75 39 68
75 40 56
75 41 68
75 42 85
75 43 26
75 44 18
75 45 73
75 46 69
75 47 10
75 48 68
75 49 81
75 50 73
75 51 47
75 52 59
75 53 11
75 54 85
75 55 35
75 56 72
75 57 47
75 58 81
75 59 48
75 60 36
75 61 62
75 62 37
75 63 41
75 64 84
75 65 43
75 66 8
75 67 53
75 68 65
75 69 82
75 70 32
75 71 94
75 72 20
75 73 75
75 74 80
75 75 -1
75 76 49
75 77 83
75 78 79
75 79 54
75 80 62
76 1 42
76 2 29
76 3 46
76 4 37
76 5 22
76 6 49
76 7 38
76 8 39
76 9 31
76 10 50
76 11 47
76 12 36
76 13 35
76 14 54
76 15 31
76 16 29
76 17 40
76 18 23
76 19 28
76 20 15
76 21 33
76 22 24
76 23 40
76 24 29
76 25 12
76 26 20
76 27 31
76 28 27
76 29 16
76 30 50
76 31 27
76 32 18
76 33 32
76 34 10
76 35 35
76 36 4
76 37 26
76 38 47
76 39 23
76 40 7
76 41 20
76 42 50
76 43 47
76 44 37
76 45 28
76 46 40
76 47 50
76 48 25
76 49 42
76 50 55
76 51 9
76 52 23
76 53 55
76 54 44
76 55 24
76 56 23
76 57 48
76 58 31
76 59 12
76 60 30
76 61 31
76 62 46
76 63 51
76 64 49
76 65 49
76 66 53
76 67 13
76 68 30
76 69 54
76 70 30
76 71 48
76 72 48
76 73 28
76 74 30
76 75 49
76 76 -1
76 77 35
76 78 41
76 79 25
76 80 15
77 1 55
77 2 11
77 3 21
77 4 58
77 5 57
77 6 16
77 7 6
77 8 25
77 9 21
77 10 38
77 11 12
77 12 11
77 13 6
77 14 53
77 15 60
77 16 18
77 17 58
77 18 55
77 19 64
77 20 36
77 21 40
77 22 22
77 23 69
77 24 45
77 25 31
77 26 53
77 27 65
77 28 56
77 29 36
77 30 55
77 31 63
77 32 19
77 33 67
77 34 28
77 35 23
77 36 38
77 37 22
77 38 29
77 39 15
77 40 29
77 41 16
77 42 31
77 43 72
77 44 67
77 45 12
77 46 34
77 47 82
77 48 38
77 49 20
77 50 51
77 51 42
77 52 28
77 53 87
77 54 17
77 55 60
77 56 12
77 57 64
77 58 8
77 59 34
77 60 53
77 61 55
77 62 67
77 63 70
77 64 30
77 65 66
77 66 85
77 67 29
77 68 27
77 69 41
77 70 65
77 71 13
77 72 77
77 73 8
77 74 12
77 75 83
77 76 35
77 77 -1
77 78 21
77 79 53
77 80 31
78 1 41
78 2 14
78 3 6
78 4 47
78 5 63
78 6 18
78 7 15
78 8 5
78 9 10
78 10 17
78 11 27
78 12 10
78 13 27
78 14 33
78 15 71
78 16 12
78 17 46
78 18 64
78 19 68
78 20 32
78 21 26
78 22 17
78 23 62
78 24 61
78 25 30
78 26 61
78 27 64
78 28 67
78 29 31
78 30 36
78 31 63
78 32 23
78 33 65
78 34 38
78 35 7
78 36 45
78 37 40
78 38 8
78 39 18
78 40 36
78 41 28
78 42 10
78 43 62
78 44 61
78 45 14
78 46 15
78 47 75
78 48 54
78 49 2
78 50 31
78 51 50
78 52 20
78 53 80
78 54 7
78 55 65
78 56 26
78 57 49
78 58 29
78 59 32
78 60 44
78 61 68
78 62 55
78 63 56
78 64 9
78 65 52
78 66 79
78 67 29
78 68 14
78 69 19
78 70 70
78 71 21
78 72 68
78 73 17
78 74 31
78 75 79
78 76 41
78 77 21
78 78 -1
78 79 64
78 80 44
79 1 65
79 2 51
79 3 68
79 4 57
79 5 16
79 6 69
79 7 58
79 8 63
79 9 55
79 10 76
79 11 63
79 12 58
79 13 50
79 14 80
79 15 7
79 16 52
79 17 61
79 18 9
79 19 23
79 20 40
79 21 58
79 22 48
79 23 53
79 24 15
79 25 38
79 26 12
79 27 38
79 28 3
79 29 41
79 30 75
79 31 32
79 32 41
79 33 39
79 34 26
79 35 59
79 36 21
79 37 34
79 38 71
79 39 45
79 40 28
79 41 38
79 42 74
79 43 63
79 44 50
79 45 50
79 46 65
79 47 60
79 48 18
79 49 65
79 50 80
79 51 16
79 52 49
79 53 64
79 54 66
79 55 19
79 56 41
79 57 71
79 58 45
79 59 38
79 60 51
79 61 8
79 62 66
79 63 72
79 64 73
79 65 70
79 66 61
79 67 38
79 68 55
79 69 79
79 70 23
79 71 66
79 72 62
79 73 49
79 74 43
79 75 54
79 76 25
79 77 53
79 78 64
79 79 -1
79 80 22
80 1 56
80 2 30
80 3 47
80 4 51
80 5 28
80 6 47
80 7 36
80 8 44
80 9 35
80 10 57
80 11 41
80 12 36
80 13 28
80 14 65
80 15 29
80 16 32
80 17 54
80 18 25
80 19 36
80 20 28
80 21 44
80 22 30
80 23 54
80 24 17
80 25 23
80 26 24
80 27 44
80 28 25
80 29 29
80 30 62
80 31 39
80 32 21
80 33 45
80 34 6
80 35 40
80 36 14
80 37 14
80 38 51
80 39 25
80 40 11
80 41 16
80 42 54
80 43 62
80 44 51
80 45 29
80 46 48
80 47 64
80 48 11
80 49 44
80 50 65
80 51 15
80 52 32
80 53 69
80 54 44
80 55 31
80 56 19
80 57 62
80 58 24
80 59 25
80 60 45
80 61 24
80 62 61
80 63 66
80 64 53
80 65 63
80 66 67
80 67 23
80 68 37
80 69 60
80 70 37
80 71 44
80 72 63
80 73 27
80 74 21
80 75 62
80 76 15
80 77 31
80 78 44
80 79 22
80 80 -1
