58 37
58 7
58 41
58 73
58 74
58 13
58 77
58 56
39 32
39 2
39 35
39 67
39 68
39 7
39 9
39 41
39 73
39 12
39 45
39 77
39 16
39 52
39 22
39 56
3 64
3 35
3 6
3 7
3 8
3 38
3 42
3 12
3 78
3 49
3 54
61 24
61 28
61 79
61 15
72 66
72 43
72 44
72 47
72 53
72 23
75 66
75 53
75 47
2 32
2 35
2 68
2 7
2 39
2 9
2 41
2 73
2 12
2 45
2 77
2 78
2 16
2 49
2 22
2 54
2 56
79 5
79 15
79 18
79 24
79 26
79 28
79 61
55 5
55 70
55 18
55 19
55 26
55 31
4 1
4 65
4 43
4 17
4 57
4 60
4 62
4 63
36 34
36 40
36 76
36 80
36 51
36 26
63 1
63 65
63 4
63 43
63 17
63 57
63 62
44 33
44 72
44 43
44 47
44 23
44 27
7 2
7 3
7 6
7 39
7 71
7 73
7 11
7 12
7 13
7 45
7 77
7 16
7 49
7 78
7 54
7 58
9 32
9 2
9 35
9 68
9 39
9 8
9 73
9 12
9 45
9 46
9 78
9 16
9 49
9 52
9 22
9 54
65 1
65 4
65 17
65 57
65 62
65 63
54 64
54 2
54 3
54 35
54 6
54 7
54 8
54 9
54 38
54 42
54 12
54 45
54 71
54 78
54 49
46 64
46 35
46 68
46 69
46 38
46 8
46 9
46 10
46 42
46 78
46 21
53 72
53 66
53 75
53 47
68 2
68 35
68 39
68 8
68 9
68 45
68 46
68 78
68 16
68 52
68 21
68 22
45 32
45 2
45 35
45 68
45 7
45 39
45 9
45 41
45 73
45 12
45 77
45 78
45 16
45 49
45 22
45 54
45 56
80 34
80 36
80 37
80 40
80 76
80 48
80 51
13 7
13 41
13 73
13 11
13 74
13 77
13 56
13 58
33 27
33 44
33 31
51 34
51 36
51 5
51 40
51 76
51 80
51 18
51 26
32 2
32 34
32 67
32 39
32 40
32 9
32 41
32 73
32 45
32 16
32 52
32 22
32 56
32 25
32 59
12 2
12 3
12 35
12 6
12 7
12 8
12 9
12 39
12 71
12 73
12 45
12 77
12 78
12 16
12 49
12 54
35 64
35 2
35 3
35 68
35 38
35 39
35 8
35 9
35 42
35 12
35 45
35 46
35 78
35 16
35 49
35 52
35 22
35 54
31 33
31 70
31 19
31 55
31 27
8 64
8 3
8 35
8 68
8 38
8 9
8 10
8 42
8 12
8 46
8 78
8 16
8 49
8 22
8 54
76 34
76 67
76 36
76 40
76 80
76 51
76 20
76 25
76 59
30 1
30 50
30 14
20 67
20 76
20 52
20 25
20 59
20 29
5 70
5 15
5 79
5 18
5 19
5 51
5 55
5 26
5 28
57 1
57 65
57 4
57 17
57 62
57 63
67 32
67 39
67 40
67 76
67 20
67 52
67 22
67 25
67 59
67 29
78 64
78 2
78 3
78 35
78 68
78 38
78 7
78 8
78 9
78 42
78 12
78 45
78 46
78 16
78 49
78 54
47 66
47 72
47 75
47 44
47 53
47 23
77 2
77 7
77 39
77 71
77 73
77 11
77 12
77 13
77 45
77 74
77 56
77 58
41 32
41 2
41 34
41 37
41 39
41 40
41 73
41 74
41 13
41 45
41 56
41 58
