1 1 -1
1 2 22
1 3 5
1 4 12
1 5 21
1 6 13
1 7 9
1 8 3
1 9 13
1 10 10
1 11 16
1 12 11
1 13 26
1 14 26
1 15 4
1 16 19
1 17 13
1 18 14
1 19 25
1 20 12
1 21 16
1 22 12
1 23 15
1 24 9
1 25 17
1 26 24
1 27 20
1 28 15
1 29 25
2 1 22
2 2 -1
2 3 17
2 4 13
2 5 21
2 6 18
2 7 24
2 8 20
2 9 9
2 10 19
2 11 9
2 12 21
2 13 10
2 14 11
2 15 22
2 16 6
2 17 13
2 18 8
2 19 8
2 20 10
2 21 14
2 22 28
2 23 13
2 24 13
2 25 5
2 26 6
2 27 2
2 28 28
2 29 5
3 1 5
3 2 17
3 3 -1
3 4 11
3 5 16
3 6 8
3 7 13
3 8 6
3 9 8
3 10 12
3 11 10
3 12 8
3 13 23
3 14 23
3 15 8
3 16 16
3 17 12
3 18 10
3 19 21
3 20 9
3 21 10
3 22 12
3 23 9
3 24 4
3 25 13
3 26 19
3 27 15
3 28 13
3 29 21
4 1 12
4 2 13
4 3 11
4 4 -1
4 5 25
4 6 18
4 7 11
4 8 8
4 9 9
4 10 5
4 11 13
4 12 18
4 13 14
4 14 14
4 15 10
4 16 9
4 17 1
4 18 6
4 19 14
4 20 3
4 21 18
4 22 23
4 23 16
4 24 11
4 25 8
4 26 19
4 27 13
4 28 25
4 29 15
5 1 21
5 2 21
5 3 16
5 4 25
5 5 -1
5 6 8
5 7 29
5 8 22
5 9 16
5 10 27
5 11 12
5 12 9
5 13 30
5 14 31
5 15 24
5 16 25
5 17 26
5 18 20
5 19 29
5 20 22
5 21 7
5 22 16
5 23 9
5 24 14
5 25 20
5 26 17
5 27 18
5 28 13
5 29 26
6 1 13
6 2 18
6 3 8
6 4 18
6 5 8
6 6 -1
6 7 21
6 8 14
6 9 10
6 10 20
6 11 9
6 12 3
6 13 27
6 14 27
6 15 16
6 16 20
6 17 19
6 18 14
6 19 25
6 20 15
6 21 5
6 22 11
6 23 5
6 24 7
6 25 16
6 26 17
6 27 15
6 28 9
6 29 23
7 1 9
7 2 24
7 3 13
7 4 11
7 5 29
7 6 21
7 7 -1
7 8 6
7 9 17
7 10 6
7 11 21
7 12 20
7 13 25
7 14 25
7 15 5
7 16 20
7 17 12
7 18 16
7 19 25
7 20 13
7 21 23
7 22 21
7 23 22
7 24 16
7 25 19
7 26 29
7 27 23
7 28 24
7 29 26
8 1 3
8 2 20
8 3 6
8 4 8
8 5 22
8 6 14
8 7 6
8 8 -1
8 9 12
8 10 6
8 11 15
8 12 14
8 13 23
8 14 23
8 15 2
8 16 17
8 17 10
8 18 12
8 19 22
8 20 10
8 21 17
8 22 16
8 23 15
8 24 9
8 25 15
8 26 23
8 27 18
8 28 18
8 29 23
9 1 13
9 2 9
9 3 8
9 4 9
9 5 16
9 6 10
9 7 17
9 8 12
9 9 -1
9 10 13
9 11 4
9 12 12
9 13 16
9 14 17
9 15 14
9 16 10
9 17 10
9 18 4
9 19 14
9 20 6
9 21 9
9 22 19
9 23 7
9 24 4
9 25 5
9 26 11
9 27 7
9 28 19
9 29 13
10 1 10
10 2 19
10 3 12
10 4 5
10 5 27
10 6 20
10 7 6
10 8 6
10 9 13
10 10 -1
10 11 18
10 12 20
10 13 19
10 14 19
10 15 7
10 16 14
10 17 6
10 18 11
10 19 19
10 20 8
10 21 21
10 22 22
10 23 19
10 24 13
10 25 13
10 26 24
10 27 18
10 28 25
10 29 20
11 1 16
11 2 9
11 3 10
11 4 13
11 5 12
11 6 9
11 7 21
11 8 15
11 9 4
11 10 18
11 11 -1
11 12 12
11 13 18
11 14 19
11 15 18
11 16 12
11 17 14
11 18 8
11 19 16
11 20 10
11 21 5
11 22 19
11 23 4
11 24 6
11 25 8
11 26 9
11 27 6
11 28 19
11 29 14
12 1 11
12 2 21
12 3 8
12 4 18
12 5 9
12 6 3
12 7 20
12 8 14
12 9 12
12 10 20
12 11 12
12 12 -1
12 13 29
12 14 29
12 15 15
12 16 22
12 17 20
12 18 16
12 19 27
12 20 17
12 21 8
12 22 8
12 23 8
12 24 8
12 25 18
12 26 20
12 27 18
12 28 7
12 29 25
13 1 26
13 2 10
13 3 23
13 4 14
13 5 30
13 6 27
13 7 25
13 8 23
13 9 16
13 10 19
13 11 18
13 12 29
13 13 -1
13 14 1
13 15 24
13 16 6
13 17 13
13 18 12
13 19 2
13 20 13
13 21 24
13 22 35
13 23 22
13 24 20
13 25 10
13 26 16
13 27 12
13 28 36
13 29 6
14 1 26
14 2 11
14 3 23
14 4 14
14 5 31
14 6 27
14 7 25
14 8 23
14 9 17
14 10 19
14 11 19
14 12 29
14 13 1
14 14 -1
14 15 25
14 16 7
14 17 13
14 18 13
14 19 3
14 20 13
14 21 25
14 22 36
14 23 23
14 24 21
14 25 11
14 26 17
14 27 13
14 28 36
14 29 7
15 1 4
15 2 22
15 3 8
15 4 10
15 5 24
15 6 16
15 7 5
15 8 2
15 9 14
15 10 7
15 11 18
15 12 15
15 13 24
15 14 25
15 15 -1
15 16 19
15 17 11
15 18 14
15 19 24
15 20 12
15 21 19
15 22 16
15 23 17
15 24 12
15 25 17
15 26 26
15 27 20
15 28 19
15 29 25
16 1 19
16 2 6
16 3 16
16 4 9
16 5 25
16 6 20
16 7 20
16 8 17
16 9 10
16 10 14
16 11 12
16 12 22
16 13 6
16 14 7
16 15 19
16 16 -1
16 17 8
16 18 6
16 19 5
16 20 7
16 21 18
16 22 29
16 23 16
16 24 14
16 25 4
16 26 13
16 27 8
16 28 29
16 29 6
17 1 13
17 2 13
17 3 12
17 4 1
17 5 26
17 6 19
17 7 12
17 8 10
17 9 10
17 10 6
17 11 14
17 12 20
17 13 13
17 14 13
17 15 11
17 16 8
17 17 -1
17 18 6
17 19 13
17 20 4
17 21 19
17 22 25
17 23 17
17 24 12
17 25 8
17 26 19
17 27 13
17 28 26
17 29 14
18 1 14
18 2 8
18 3 10
18 4 6
18 5 20
18 6 14
18 7 16
18 8 12
18 9 4
18 10 11
18 11 8
18 12 16
18 13 12
18 14 13
18 15 14
18 16 6
18 17 6
18 18 -1
18 19 11
18 20 2
18 21 13
18 22 22
18 23 11
18 24 7
18 25 3
18 26 12
18 27 7
18 28 23
18 29 11
19 1 25
19 2 8
19 3 21
19 4 14
19 5 29
19 6 25
19 7 25
19 8 22
19 9 14
19 10 19
19 11 16
19 12 27
19 13 2
19 14 3
19 15 24
19 16 5
19 17 13
19 18 11
19 19 -1
19 20 12
19 21 22
19 22 34
19 23 20
19 24 19
19 25 9
19 26 14
19 27 10
19 28 34
19 29 4
20 1 12
20 2 10
20 3 9
20 4 3
20 5 22
20 6 15
20 7 13
20 8 10
20 9 6
20 10 8
20 11 10
20 12 17
20 13 13
20 14 13
20 15 12
20 16 7
20 17 4
20 18 2
20 19 12
20 20 -1
20 21 15
20 22 22
20 23 13
20 24 8
20 25 5
20 26 15
20 27 10
20 28 23
20 29 13
21 1 16
21 2 14
21 3 10
21 4 18
21 5 7
21 6 5
21 7 23
21 8 17
21 9 9
21 10 21
21 11 5
21 12 8
21 13 24
21 14 25
21 15 19
21 16 18
21 17 19
21 18 13
21 19 22
21 20 15
21 21 -1
21 22 16
21 23 2
21 24 7
21 25 13
21 26 13
21 27 12
21 28 14
21 29 19
22 1 12
22 2 28
22 3 12
22 4 23
22 5 16
22 6 11
22 7 21
22 8 16
22 9 19
22 10 22
22 11 19
22 12 8
22 13 35
22 14 36
22 15 16
22 16 29
22 17 25
22 18 22
22 19 34
22 20 22
22 21 16
22 22 -1
22 23 16
22 24 15
22 25 25
22 26 28
22 27 26
22 28 3
22 29 33
23 1 15
23 2 13
23 3 9
23 4 16
23 5 9
23 6 5
23 7 22
23 8 15
23 9 7
23 10 19
23 11 4
23 12 8
23 13 22
23 14 23
23 15 17
23 16 16
23 17 17
23 18 11
23 19 20
23 20 13
23 21 2
23 22 16
23 23 -1
23 24 5
23 25 12
23 26 12
23 27 10
23 28 15
23 29 18
24 1 9
24 2 13
24 3 4
24 4 11
24 5 14
24 6 7
24 7 16
24 8 9
24 9 4
24 10 13
24 11 6
24 12 8
24 13 20
24 14 21
24 15 12
24 16 14
24 17 12
24 18 7
24 19 19
24 20 8
24 21 7
24 22 15
24 23 5
24 24 -1
24 25 10
24 26 15
24 27 11
24 28 15
24 29 17
25 1 17
25 2 5
25 3 13
25 4 8
25 5 20
25 6 16
25 7 19
25 8 15
25 9 5
25 10 13
25 11 8
25 12 18
25 13 10
25 14 11
25 15 17
25 16 4
25 17 8
25 18 3
25 19 9
25 20 5
25 21 13
25 22 25
25 23 12
25 24 10
25 25 -1
25 26 10
25 27 5
25 28 25
25 29 8
26 1 24
26 2 6
26 3 19
26 4 19
26 5 17
26 6 17
26 7 29
26 8 23
26 9 11
26 10 24
26 11 9
26 12 20
26 13 16
26 14 17
26 15 26
26 16 13
26 17 19
26 18 12
26 19 14
26 20 15
26 21 13
26 22 28
26 23 12
26 24 15
26 25 10
26 26 -1
26 27 5
26 28 27
26 29 10
27 1 20
27 2 2
27 3 15
27 4 13
27 5 18
27 6 15
27 7 23
27 8 18
27 9 7
27 10 18
27 11 6
27 12 18
27 13 12
27 14 13
27 15 20
27 16 8
27 17 13
27 18 7
27 19 10
27 20 10
27 21 12
27 22 26
27 23 10
27 24 11
27 25 5
27 26 5
27 27 -1
27 28 25
27 29 7
28 1 15
28 2 28
28 3 13
28 4 25
28 5 13
28 6 9
28 7 24
28 8 18
28 9 19
28 10 25
28 11 19
28 12 7
28 13 36
28 14 36
28 15 19
28 16 29
28 17 26
28 18 23
28 19 34
28 20 23
28 21 14
28 22 3
28 23 15
28 24 15
28 25 25
28 26 27
28 27 25
28 28 -1
28 29 33
29 1 25
29 2 5
29 3 21
29 4 15
29 5 26
29 6 23
29 7 26
29 8 23
29 9 13
29 10 20
29 11 14
29 12 25
29 13 6
29 14 7
29 15 25
29 16 6
29 17 14
29 18 11
29 19 4
29 20 13
29 21 19
29 22 33
29 23 18
29 24 17
29 25 8
29 26 10
29 27 7
29 28 33
29 29 -1
