1 1 -1
1 2 12
1 3 6
1 4 7
1 5 7
1 6 11
1 7 9
1 8 9
1 9 10
1 10 8
1 11 3
1 12 2
2 1 12
2 2 -1
2 3 9
2 4 5
2 5 6
2 6 9
2 7 5
2 8 8
2 9 6
2 10 11
2 11 13
2 12 11
3 1 6
3 2 9
3 3 -1
3 4 4
3 5 3
3 6 5
3 7 8
3 8 10
3 9 9
3 10 2
3 11 4
3 12 6
4 1 7
4 2 5
4 3 4
4 4 -1
4 5 1
4 6 7
4 7 4
4 8 6
4 9 5
4 10 6
4 11 7
4 12 5
5 1 7
5 2 6
5 3 3
5 4 1
5 5 -1
5 6 5
5 7 5
5 8 7
5 9 7
5 10 5
5 11 6
5 12 6
6 1 11
6 2 9
6 3 5
6 4 7
6 5 5
6 6 -1
6 7 11
6 8 13
6 9 12
6 10 3
6 11 8
6 12 11
7 1 9
7 2 5
7 3 8
7 4 4
7 5 5
7 6 11
7 7 -1
7 8 3
7 9 1
7 10 11
7 11 11
7 12 7
8 1 9
8 2 8
8 3 10
8 4 6
8 5 7
8 6 13
8 7 3
8 8 -1
8 9 2
8 10 12
8 11 11
8 12 7
9 1 10
9 2 6
9 3 9
9 4 5
9 5 7
9 6 12
9 7 1
9 8 2
9 9 -1
9 10 12
9 11 12
9 12 8
10 1 8
10 2 11
10 3 2
10 4 6
10 5 5
10 6 3
10 7 11
10 8 12
10 9 12
10 10 -1
10 11 5
10 12 8
11 1 3
11 2 13
11 3 4
11 4 7
11 5 6
11 6 8
11 7 11
11 8 11
11 9 12
11 10 5
11 11 -1
11 12 5
12 1 2
12 2 11
12 3 6
12 4 5
12 5 6
12 6 11
12 7 7
12 8 7
12 9 8
12 10 8
12 11 5
12 12 -1
