1 1 -1
1 2 16
1 3 17
1 4 16
1 5 19
1 6 6
1 7 18
1 8 5
1 9 13
1 10 12
1 11 9
1 12 14
1 13 14
1 14 15
1 15 13
1 16 14
1 17 9
1 18 16
1 19 3
1 20 7
1 21 15
1 22 2
1 23 6
1 24 11
1 25 2
2 1 16
2 2 -1
2 3 1
2 4 8
2 5 15
2 6 13
2 7 7
2 8 14
2 9 8
2 10 7
2 11 23
2 12 17
2 13 21
2 14 23
2 15 6
2 16 24
2 17 13
2 18 27
2 19 19
2 20 9
2 21 14
2 22 18
2 23 10
2 24 14
2 25 16
3 1 17
3 2 1
3 3 -1
3 4 8
3 5 15
3 6 14
3 7 7
3 8 15
3 9 9
3 10 7
3 11 24
3 12 17
3 13 22
3 14 24
3 15 7
3 16 25
3 17 13
3 18 28
3 19 20
3 20 10
3 21 15
3 22 19
3 23 11
3 24 15
3 25 17
4 1 16
4 2 8
4 3 8
4 4 -1
4 5 7
4 6 11
4 7 2
4 8 12
4 9 3
4 10 13
4 11 26
4 12 10
4 13 16
4 14 17
4 15 2
4 16 19
4 17 18
4 18 22
4 19 20
4 20 12
4 21 7
4 22 19
4 23 9
4 24 19
4 25 15
5 1 19
5 2 15
5 3 15
5 4 7
5 5 -1
5 6 13
5 7 8
5 8 14
5 9 7
5 10 20
5 11 29
5 12 8
5 13 14
5 14 15
5 15 9
5 16 17
5 17 23
5 18 20
5 19 23
5 20 18
5 21 5
5 22 22
5 23 13
5 24 25
5 25 18
6 1 6
6 2 13
6 3 14
6 4 11
6 5 13
6 6 -1
6 7 13
6 8 1
6 9 8
6 10 13
6 11 16
6 12 8
6 13 9
6 14 11
6 15 9
6 16 11
6 17 13
6 18 14
6 19 9
6 20 8
6 21 8
6 22 9
6 23 2
6 24 15
6 25 5
7 1 18
7 2 7
7 3 7
7 4 2
7 5 8
7 6 13
7 7 -1
7 8 14
7 9 5
7 10 13
7 11 27
7 12 13
7 13 18
7 14 20
7 15 4
7 16 21
7 17 18
7 18 24
7 19 21
7 20 13
7 21 10
7 22 20
7 23 11
7 24 20
7 25 17
8 1 5
8 2 14
8 3 15
8 4 12
8 5 14
8 6 1
8 7 14
8 8 -1
8 9 9
8 10 13
8 11 15
8 12 8
8 13 9
8 14 10
8 15 10
8 16 10
8 17 13
8 18 13
8 19 9
8 20 8
8 21 9
8 22 8
8 23 3
8 24 15
8 25 4
9 1 13
9 2 8
9 3 9
9 4 3
9 5 7
9 6 8
9 7 5
9 8 9
9 9 -1
9 10 13
9 11 23
9 12 8
9 13 13
9 14 15
9 15 2
9 16 16
9 17 16
9 18 19
9 19 17
9 20 11
9 21 5
9 22 16
9 23 7
9 24 18
9 25 13
10 1 12
10 2 7
10 3 7
10 4 13
10 5 20
10 6 13
10 7 13
10 8 13
10 9 13
10 10 -1
10 11 18
10 12 19
10 13 22
10 14 24
10 15 11
10 16 24
10 17 6
10 18 27
10 19 14
10 20 5
10 21 18
10 22 13
10 23 10
10 24 7
10 25 13
11 1 9
11 2 23
11 3 24
11 4 26
11 5 29
11 6 16
11 7 27
11 8 15
11 9 23
11 10 18
11 11 -1
11 12 23
11 13 22
11 14 22
11 15 23
11 16 21
11 17 12
11 18 22
11 19 6
11 20 14
11 21 24
11 22 7
11 23 16
11 24 12
11 25 11
12 1 14
12 2 17
12 3 17
12 4 10
12 5 8
12 6 8
12 7 13
12 8 8
12 9 8
12 10 19
12 11 23
12 12 -1
12 13 6
12 14 7
12 15 10
12 16 9
12 17 21
12 18 12
12 19 17
12 20 16
12 21 3
12 22 17
12 23 10
12 24 23
12 25 12
13 1 14
13 2 21
13 3 22
13 4 16
13 5 14
13 6 9
13 7 18
13 8 9
13 9 13
13 10 22
13 11 22
13 12 6
13 13 -1
13 14 1
13 15 15
13 16 3
13 17 22
13 18 6
13 19 16
13 20 18
13 21 9
13 22 16
13 23 12
13 24 24
13 25 12
14 1 15
14 2 23
14 3 24
14 4 17
14 5 15
14 6 11
14 7 20
14 8 10
14 9 15
14 10 24
14 11 22
14 12 7
14 13 1
14 14 -1
14 15 17
14 16 2
14 17 23
14 18 5
14 19 17
14 20 19
14 21 10
14 22 17
14 23 13
14 24 25
14 25 13
15 1 13
15 2 6
15 3 7
15 4 2
15 5 9
15 6 9
15 7 4
15 8 10
15 9 2
15 10 11
15 11 23
15 12 10
15 13 15
15 14 17
15 15 -1
15 16 18
15 17 15
15 18 21
15 19 17
15 20 10
15 21 8
15 22 16
15 23 7
15 24 17
15 25 13
16 1 14
16 2 24
16 3 25
16 4 19
16 5 17
16 6 11
16 7 21
16 8 10
16 9 16
16 10 24
16 11 21
16 12 9
16 13 3
16 14 2
16 15 18
16 16 -1
16 17 23
16 18 3
16 19 16
16 20 19
16 21 12
16 22 16
16 23 14
16 24 25
16 25 12
17 1 9
17 2 13
17 3 13
17 4 18
17 5 23
17 6 13
17 7 18
17 8 13
17 9 16
17 10 6
17 11 12
17 12 21
17 13 22
17 14 23
17 15 15
17 16 23
17 17 -1
17 18 25
17 19 10
17 20 5
17 21 20
17 22 9
17 23 11
17 24 2
17 25 11
18 1 16
18 2 27
18 3 28
18 4 22
18 5 20
18 6 14
18 7 24
18 8 13
18 9 19
18 10 27
18 11 22
18 12 12
18 13 6
18 14 5
18 15 21
18 16 3
18 17 25
18 18 -1
18 19 17
18 20 22
18 21 15
18 22 17
18 23 16
18 24 27
18 25 14
19 1 3
19 2 19
19 3 20
19 4 20
19 5 23
19 6 9
19 7 21
19 8 9
19 9 17
19 10 14
19 11 6
19 12 17
19 13 16
19 14 17
19 15 17
19 16 16
19 17 10
19 18 17
19 19 -1
19 20 10
19 21 18
19 22 1
19 23 10
19 24 11
19 25 5
20 1 7
20 2 9
20 3 10
20 4 12
20 5 18
20 6 8
20 7 13
20 8 8
20 9 11
20 10 5
20 11 14
20 12 16
20 13 18
20 14 19
20 15 10
20 16 19
20 17 5
20 18 22
20 19 10
20 20 -1
20 21 15
20 22 9
20 23 6
20 24 7
20 25 8
21 1 15
21 2 14
21 3 15
21 4 7
21 5 5
21 6 8
21 7 10
21 8 9
21 9 5
21 10 18
21 11 24
21 12 3
21 13 9
21 14 10
21 15 8
21 16 12
21 17 20
21 18 15
21 19 18
21 20 15
21 21 -1
21 22 17
21 23 9
21 24 22
21 25 13
22 1 2
22 2 18
22 3 19
22 4 19
22 5 22
22 6 9
22 7 20
22 8 8
22 9 16
22 10 13
22 11 7
22 12 17
22 13 16
22 14 17
22 15 16
22 16 16
22 17 9
22 18 17
22 19 1
22 20 9
22 21 17
22 22 -1
22 23 9
22 24 10
22 25 4
23 1 6
23 2 10
23 3 11
23 4 9
23 5 13
23 6 2
23 7 11
23 8 3
23 9 7
23 10 10
23 11 16
23 12 10
23 13 12
23 14 13
23 15 7
23 16 14
23 17 11
23 18 16
23 19 10
23 20 6
23 21 9
23 22 9
23 23 -1
23 24 13
23 25 6
24 1 11
24 2 14
24 3 15
24 4 19
24 5 25
24 6 15
24 7 20
24 8 15
24 9 18
24 10 7
24 11 12
24 12 23
24 13 24
24 14 25
24 15 17
24 16 25
24 17 2
24 18 27
24 19 11
24 20 7
24 21 22
24 22 10
24 23 13
24 24 -1
24 25 13
25 1 2
25 2 16
25 3 17
25 4 15
25 5 18
25 6 5
25 7 17
25 8 4
25 9 13
25 10 13
25 11 11
25 12 12
25 13 12
25 14 13
25 15 13
25 16 12
25 17 11
25 18 14
25 19 5
25 20 8
25 21 13
25 22 4
25 23 6
25 24 13
25 25 -1
