1 1 -1
1 2 41
1 3 14
1 4 33
1 5 43
1 6 56
1 7 72
1 8 59
1 9 51
1 10 55
1 11 18
1 12 31
1 13 32
1 14 38
1 15 59
1 16 19
1 17 60
1 18 96
1 19 59
1 20 61
1 21 22
1 22 57
1 23 30
1 24 32
1 25 19
1 26 89
1 27 25
1 28 42
1 29 48
1 30 41
1 31 82
1 32 71
1 33 58
1 34 68
1 35 51
1 36 61
1 37 24
1 38 83
1 39 53
1 40 76
1 41 84
1 42 47
1 43 23
1 44 72
1 45 40
1 46 46
1 47 55
1 48 46
1 49 24
1 50 80
1 51 82
1 52 61
1 53 68
1 54 71
1 55 13
1 56 53
1 57 34
1 58 67
1 59 49
1 60 32
1 61 75
1 62 36
1 63 29
1 64 32
1 65 79
1 66 101
1 67 31
1 68 54
1 69 69
1 70 72
1 71 42
1 72 25
1 73 63
1 74 53
1 75 21
1 76 48
1 77 66
1 78 78
1 79 30
1 80 54
2 1 41
2 2 -1
2 3 28
2 4 43
2 5 12
2 6 15
2 7 32
2 8 76
2 9 10
2 10 30
2 11 36
2 12 30
2 13 16
2 14 54
2 15 18
2 16 39
2 17 62
2 18 77
2 19 38
2 20 69
2 21 20
2 22 34
2 23 20
2 24 49
2 25 25
2 26 62
2 27 42
2 28 2
2 29 63
2 30 8
2 31 52
2 32 30
2 33 62
2 34 33
2 35 17
2 36 41
2 37 19
2 38 70
2 39 32
2 40 44
2 41 74
2 42 27
2 43 46
2 44 77
2 45 23
2 46 29
2 47 14
2 48 30
2 49 34
2 50 50
2 51 50
2 52 38
2 53 62
2 54 82
2 55 42
2 56 51
2 57 8
2 58 29
2 59 41
2 60 54
2 61 65
2 62 55
2 63 52
2 64 12
2 65 60
2 66 81
2 67 50
2 68 19
2 69 72
2 70 32
2 71 6
2 72 17
2 73 25
2 74 56
2 75 26
2 76 30
2 77 31
2 78 46
2 79 53
2 80 61
3 1 14
3 2 28
3 3 -1
3 4 25
3 5 29
3 6 42
3 7 58
3 8 56
3 9 37
3 10 41
3 11 11
3 12 18
3 13 17
3 14 33
3 15 45
3 16 14
3 17 51
3 18 83
3 19 45
3 20 55
3 21 13
3 22 43
3 23 15
3 24 27
3 25 5
3 26 75
3 27 19
3 28 30
3 29 44
3 30 27
3 31 67
3 32 57
3 33 50
3 34 53
3 35 37
3 36 47
3 37 10
3 38 71
3 39 38
3 40 61
3 41 73
3 42 33
3 43 21
3 44 65
3 45 26
3 46 32
3 47 41
3 48 32
3 49 14
3 50 65
3 51 67
3 52 47
3 53 57
3 54 66
3 55 14
3 56 43
3 57 20
3 58 53
3 59 37
3 60 30
3 61 63
3 62 33
3 63 27
3 64 18
3 65 65
3 66 87
3 67 27
3 68 40
3 69 61
3 70 58
3 71 28
3 72 11
3 73 49
3 74 44
3 75 7
3 76 34
3 77 52
3 78 63
3 79 28
3 80 47
4 1 33
4 2 43
4 3 25
4 4 -1
4 5 36
4 6 54
4 7 62
4 8 33
4 9 49
4 10 36
4 11 14
4 12 13
4 13 27
4 14 10
4 15 55
4 16 13
4 17 27
4 18 66
4 19 35
4 20 30
4 21 37
4 22 35
4 23 22
4 24 7
4 25 22
4 26 64
4 27 7
4 28 45
4 29 20
4 30 37
4 31 59
4 32 65
4 33 25
4 34 53
4 35 42
4 36 35
4 37 26
4 38 51
4 39 31
4 40 56
4 41 52
4 42 28
4 43 13
4 44 40
4 45 24
4 46 25
4 47 50
4 48 25
4 49 11
4 50 57
4 51 62
4 52 38
4 53 36
4 54 41
4 55 20
4 56 21
4 57 35
4 58 57
4 59 20
4 60 14
4 61 43
4 62 13
4 63 14
4 64 31
4 65 50
4 66 71
4 67 9
4 68 44
4 69 37
4 70 63
4 71 39
4 72 29
4 73 53
4 74 20
4 75 19
4 76 27
4 77 52
4 78 58
4 79 14
4 80 22
5 1 43
5 2 12
5 3 29
5 4 36
5 5 -1
5 6 17
5 7 29
5 8 68
5 9 13
5 10 18
5 11 33
5 12 23
5 13 12
5 14 46
5 15 18
5 16 36
5 17 51
5 18 65
5 19 26
5 20 60
5 21 26
5 22 22
5 23 15
5 24 43
5 25 25
5 26 51
5 27 37
5 28 14
5 29 55
5 30 4
5 31 42
5 32 30
5 33 51
5 34 25
5 35 8
5 36 29
5 37 19
5 38 58
5 39 20
5 40 34
5 41 62
5 42 15
5 43 42
5 44 66
5 45 13
5 46 17
5 47 13
5 48 18
5 49 30
5 50 40
5 51 40
5 52 26
5 53 50
5 54 73
5 55 41
5 56 40
5 57 11
5 58 24
5 59 30
5 60 49
5 61 53
5 62 49
5 63 47
5 64 11
5 65 48
5 66 69
5 67 44
5 68 11
5 69 61
5 70 29
5 71 6
5 72 18
5 73 20
5 74 46
5 75 24
5 76 18
5 77 23
5 78 37
5 79 48
5 80 52
6 1 56
6 2 15
6 3 42
6 4 54
6 5 17
6 6 -1
6 7 19
6 8 86
6 9 5
6 10 29
6 11 50
6 12 40
6 13 28
6 14 64
6 15 3
6 16 52
6 17 68
6 18 73
6 19 38
6 20 77
6 21 35
6 22 34
6 23 32
6 24 60
6 25 39
6 26 55
6 27 54
6 28 14
6 29 73
6 30 17
6 31 45
6 32 15
6 33 68
6 34 24
6 35 14
6 36 41
6 37 33
6 38 70
6 39 33
6 40 36
6 41 74
6 42 30
6 43 59
6 44 82
6 45 30
6 46 33
6 47 5
6 48 34
6 49 47
6 50 43
6 51 41
6 52 37
6 53 64
6 54 90
6 55 56
6 56 57
6 57 22
6 58 17
6 59 47
6 60 66
6 61 66
6 62 67
6 63 65
6 64 25
6 65 58
6 66 76
6 67 61
6 68 14
6 69 77
6 70 18
6 71 15
6 72 31
6 73 13
6 74 62
6 75 39
6 76 33
6 77 21
6 78 38
6 79 65
6 80 69
7 1 72
7 2 32
7 3 58
7 4 62
7 5 29
7 6 19
7 7 -1
7 8 91
7 9 23
7 10 28
7 11 62
7 12 50
7 13 41
7 14 72
7 15 15
7 16 64
7 17 68
7 18 61
7 19 35
7 20 79
7 21 52
7 22 32
7 23 44
7 24 69
7 25 54
7 26 41
7 27 65
7 28 32
7 29 79
7 30 31
7 31 31
7 32 10
7 33 70
7 34 12
7 35 21
7 36 37
7 37 48
7 38 62
7 39 34
7 40 23
7 41 67
7 42 34
7 43 70
7 44 82
7 45 37
7 46 37
7 47 18
7 48 38
7 49 58
7 50 30
7 51 25
7 52 32
7 53 61
7 54 91
7 55 70
7 56 58
7 57 38
7 58 5
7 59 49
7 60 76
7 61 60
7 62 75
7 63 75
7 64 40
7 65 49
7 66 64
7 67 71
7 68 18
7 69 76
7 70 2
7 71 30
7 72 47
7 73 9
7 74 65
7 75 53
7 76 36
7 77 11
7 78 24
7 79 75
7 80 72
8 1 59
8 2 76
8 3 56
8 4 33
8 5 68
8 6 86
8 7 91
8 8 -1
8 9 82
8 10 62
8 11 44
8 12 46
8 13 60
8 14 23
8 15 86
8 16 42
8 17 27
8 18 72
8 19 57
8 20 16
8 21 70
8 22 59
8 23 56
8 24 28
8 25 55
8 26 79
8 27 37
8 28 79
8 29 13
8 30 70
8 31 78
8 32 96
8 33 24
8 34 80
8 35 72
8 36 56
8 37 60
8 38 54
8 39 57
8 40 78
8 41 52
8 42 57
8 43 36
8 44 24
8 45 55
8 46 54
8 47 82
8 48 53
8 49 43
8 50 77
8 51 83
8 52 60
8 53 40
8 54 15
8 55 46
8 56 33
8 57 68
8 58 86
8 59 42
8 60 27
8 61 47
8 62 23
8 63 30
8 64 65
8 65 61
8 66 75
8 67 29
8 68 75
8 69 26
8 70 92
8 71 72
8 72 62
8 73 83
8 74 26
8 75 52
8 76 55
8 77 80
8 78 80
8 79 29
8 80 19
9 1 51
9 2 10
9 3 37
9 4 49
9 5 13
9 6 5
9 7 23
9 8 82
9 9 -1
9 10 28
9 11 45
9 12 36
9 13 23
9 14 60
9 15 8
9 16 47
9 17 64
9 18 73
9 19 37
9 20 73
9 21 30
9 22 33
9 23 27
9 24 56
9 25 34
9 26 56
9 27 49
9 28 9
9 29 69
9 30 12
9 31 46
9 32 20
9 33 65
9 34 25
9 35 13
9 36 40
9 37 28
9 38 69
9 39 31
9 40 38
9 41 73
9 42 27
9 43 54
9 44 79
9 45 26
9 46 30
9 47 5
9 48 31
9 49 42
9 50 44
9 51 43
9 52 36
9 53 62
9 54 86
9 55 51
9 56 54
9 57 17
9 58 20
9 59 43
9 60 61
9 61 64
9 62 62
9 63 60
9 64 20
9 65 57
9 66 76
9 67 57
9 68 13
9 69 74
9 70 22
9 71 10
9 72 26
9 73 16
9 74 59
9 75 34
9 76 30
9 77 23
9 78 39
9 79 60
9 80 65
10 1 55
10 2 30
10 3 41
10 4 36
10 5 18
10 6 29
10 7 28
10 8 62
10 9 28
10 10 -1
10 11 41
10 12 26
10 13 24
10 14 44
10 15 28
10 16 42
10 17 40
10 18 47
10 19 9
10 20 50
10 21 43
10 22 5
10 23 25
10 24 43
10 25 36
10 26 34
10 27 41
10 28 32
10 29 51
10 30 22
10 31 26
10 32 35
10 33 41
10 34 17
10 35 15
10 36 12
10 37 32
10 38 41
10 39 5
10 40 20
10 41 45
10 42 8
10 43 47
10 44 54
10 45 15
10 46 11
10 47 24
10 48 11
10 49 35
10 50 24
10 51 26
10 52 8
10 53 35
10 54 63
10 55 49
10 56 30
10 57 28
10 58 23
10 59 20
10 60 50
10 61 36
10 62 49
10 63 50
10 64 27
10 65 30
10 66 50
10 67 45
10 68 15
10 69 49
10 70 29
10 71 24
10 72 33
10 73 21
10 74 36
10 75 34
10 76 9
10 77 17
10 78 22
10 79 50
10 80 44
11 1 18
11 2 36
11 3 11
11 4 14
11 5 33
11 6 50
11 7 62
11 8 44
11 9 45
11 10 41
11 11 -1
11 12 14
11 13 22
11 14 22
11 15 52
11 16 2
11 17 42
11 18 78
11 19 42
11 20 44
11 21 25
11 22 41
11 23 18
11 24 16
11 25 11
11 26 73
11 27 8
11 28 38
11 29 32
11 30 33
11 31 66
11 32 63
11 33 40
11 34 56
11 35 41
11 36 44
11 37 17
11 38 64
11 39 37
11 40 61
11 41 66
11 42 32
11 43 9
11 44 54
11 45 26
11 46 30
11 47 47
11 48 30
11 49 5
11 50 64
11 51 67
11 52 45
11 53 49
11 54 55
11 55 8
11 56 34
11 57 28
11 58 57
11 59 31
11 60 18
11 61 56
11 62 21
11 63 16
11 64 25
11 65 61
11 66 82
11 67 15
11 68 44
11 69 51
11 70 62
11 71 34
11 72 19
11 73 53
11 74 35
11 75 10
11 76 32
11 77 55
11 78 63
11 79 17
11 80 36
12 1 31
12 2 30
12 3 18
12 4 13
12 5 23
12 6 40
12 7 50
12 8 46
12 9 36
12 10 26
12 11 14
12 12 -1
12 13 13
12 14 24
12 15 41
12 16 16
12 17 35
12 18 65
12 19 28
12 20 40
12 21 28
12 22 26
12 23 9
12 24 20
12 25 14
12 26 58
12 27 15
12 28 32
12 29 33
12 30 24
12 31 51
12 32 52
12 33 34
12 34 42
12 35 29
12 36 29
12 37 16
12 38 52
12 39 22
12 40 46
12 41 54
12 42 18
12 43 21
12 44 49
12 45 12
12 46 15
12 47 36
12 48 15
12 49 9
12 50 49
12 51 53
12 52 30
12 53 39
12 54 53
12 55 23
12 56 25
12 57 22
12 58 44
12 59 18
12 60 26
12 61 44
12 62 26
12 63 25
12 64 18
12 65 47
12 66 69
12 67 21
12 68 31
12 69 45
12 70 50
12 71 26
12 72 18
12 73 41
12 74 28
12 75 11
12 76 17
12 77 41
12 78 49
12 79 25
12 80 32
13 1 32
13 2 16
13 3 17
13 4 27
13 5 12
13 6 28
13 7 41
13 8 60
13 9 23
13 10 24
13 11 22
13 12 13
13 13 -1
13 14 37
13 15 30
13 16 24
13 17 47
13 18 70
13 19 30
13 20 54
13 21 18
13 22 27
13 23 4
13 24 33
13 25 13
13 26 59
13 27 26
13 28 18
13 29 47
13 30 11
13 31 51
13 32 41
13 33 47
13 34 36
13 35 20
13 36 33
13 37 8
13 38 60
13 39 23
13 40 44
13 41 63
13 42 17
13 43 31
13 44 62
13 45 11
13 46 17
13 47 25
13 48 18
13 49 18
13 50 48
13 51 50
13 52 31
13 53 49
13 54 66
13 55 29
13 56 37
13 57 8
13 58 36
13 59 28
13 60 38
13 61 53
13 62 39
13 63 36
13 64 5
13 65 52
13 66 74
13 67 34
13 68 23
13 69 57
13 70 41
13 71 13
13 72 8
13 73 32
13 74 41
13 75 12
13 76 19
13 77 34
13 78 46
13 79 37
13 80 45
14 1 38
14 2 54
14 3 33
14 4 10
14 5 46
14 6 64
14 7 72
14 8 23
14 9 60
14 10 44
14 11 22
14 12 24
14 13 37
14 14 -1
14 15 65
14 16 20
14 17 24
14 18 68
14 19 42
14 20 22
14 21 47
14 22 42
14 23 33
14 24 6
14 25 31
14 26 69
14 27 14
14 28 56
14 29 10
14 30 48
14 31 66
14 32 76
14 33 22
14 34 62
14 35 52
14 36 42
14 37 37
14 38 52
14 39 39
14 40 63
14 41 52
14 42 38
14 43 15
14 44 34
14 45 34
14 46 34
14 47 60
14 48 34
14 49 20
14 50 64
14 51 69
14 52 45
14 53 36
14 54 33
14 55 25
14 56 22
14 57 45
14 58 66
14 59 26
14 60 9
14 61 43
14 62 5
14 63 11
14 64 42
14 65 53
14 66 72
14 67 7
14 68 54
14 69 32
14 70 72
14 71 50
14 72 39
14 73 63
14 74 18
14 75 29
14 76 36
14 77 62
14 78 65
14 79 10
14 80 16
15 1 59
15 2 18
15 3 45
15 4 55
15 5 18
15 6 3
15 7 15
15 8 86
15 9 8
15 10 28
15 11 52
15 12 41
15 13 30
15 14 65
15 15 -1
15 16 54
15 17 67
15 18 70
15 19 37
15 20 77
15 21 38
15 22 33
15 23 34
15 24 62
15 25 42
15 26 52
15 27 56
15 28 17
15 29 74
15 30 18
15 31 42
15 32 12
15 33 68
15 34 21
15 35 14
15 36 40
15 37 35
15 38 68
15 39 33
15 40 33
15 41 72
15 42 30
15 43 61
15 44 82
15 45 31
15 46 33
15 47 5
15 48 34
15 49 48
15 50 40
15 51 38
15 52 35
15 53 63
15 54 90
15 55 58
15 56 57
15 57 25
15 58 13
15 59 46
15 60 68
15 61 64
15 62 68
15 63 66
15 64 27
15 65 56
15 66 74
15 67 63
15 68 13
15 69 76
15 70 14
15 71 17
15 72 34
15 73 10
15 74 63
15 75 42
15 76 33
15 77 18
15 78 35
15 79 67
15 80 69
16 1 19
16 2 39
16 3 14
16 4 13
16 5 36
16 6 52
16 7 64
16 8 42
16 9 47
16 10 42
16 11 2
16 12 16
16 13 24
16 14 20
16 15 54
16 16 -1
16 17 41
16 18 78
16 19 44
16 20 42
16 21 28
16 22 42
16 23 20
16 24 14
16 25 14
16 26 74
16 27 6
16 28 41
16 29 30
16 30 35
16 31 68
16 32 66
16 33 39
16 34 58
16 35 43
16 36 45
16 37 20
16 38 64
16 39 38
16 40 63
16 41 65
16 42 34
16 43 7
16 44 53
16 45 28
16 46 31
16 47 49
16 48 32
16 49 7
16 50 65
16 51 69
16 52 46
16 53 49
16 54 53
16 55 7
16 56 34
16 57 31
16 58 59
16 59 31
16 60 16
16 61 56
16 62 18
16 63 13
16 64 27
16 65 61
16 66 83
16 67 13
16 68 46
16 69 50
16 70 65
16 71 37
16 72 22
16 73 55
16 74 34
16 75 13
16 76 33
16 77 57
16 78 65
16 79 14
16 80 34
17 1 60
17 2 62
17 3 51
17 4 27
17 5 51
17 6 68
17 7 68
17 8 27
17 9 64
17 10 40
17 11 42
17 12 35
17 13 47
17 14 24
17 15 67
17 16 41
17 17 -1
17 18 46
17 19 33
17 20 11
17 21 63
17 22 36
17 23 44
17 24 29
17 25 48
17 26 52
17 27 35
17 28 64
17 29 21
17 30 54
17 31 52
17 32 75
17 33 3
17 34 56
17 35 53
17 36 31
17 37 51
17 38 28
17 39 35
17 40 52
17 41 27
17 42 37
17 43 39
17 44 14
17 45 38
17 46 34
17 47 63
17 48 33
17 49 38
17 50 50
17 51 57
17 52 36
17 53 13
17 54 23
17 55 48
17 56 10
17 57 55
17 58 63
17 59 21
17 60 33
17 61 20
17 62 29
17 63 36
17 64 52
17 65 34
17 66 50
17 67 31
17 68 54
17 69 10
17 70 70
17 71 56
17 72 53
17 73 61
17 74 7
17 75 45
17 76 34
17 77 57
17 78 54
17 79 35
17 80 9
18 1 96
18 2 77
18 3 83
18 4 66
18 5 65
18 6 73
18 7 61
18 8 72
18 9 73
18 10 47
18 11 78
18 12 65
18 13 70
18 14 68
18 15 70
18 16 78
18 17 46
18 18 -1
18 19 39
18 20 56
18 21 89
18 22 42
18 23 69
18 24 71
18 25 78
18 26 21
18 27 74
18 28 78
18 29 68
18 30 69
18 31 30
18 32 71
18 33 49
18 34 50
18 35 60
18 36 36
18 37 77
18 38 18
18 39 46
18 40 38
18 41 21
18 42 52
18 43 79
18 44 50
18 45 59
18 46 52
18 47 68
18 48 51
18 49 72
18 50 31
18 51 36
18 52 38
18 53 33
18 54 63
18 55 86
18 56 46
18 57 75
18 58 59
18 59 47
18 60 77
18 61 25
18 62 74
18 63 79
18 64 73
18 65 17
18 66 4
18 67 73
18 68 59
18 69 46
18 70 63
18 71 71
18 72 78
18 73 60
18 74 50
18 75 75
18 76 50
18 77 52
18 78 37
18 79 78
18 80 56
19 1 59
19 2 38
19 3 45
19 4 35
19 5 26
19 6 38
19 7 35
19 8 57
19 9 37
19 10 9
19 11 42
19 12 28
19 13 30
19 14 42
19 15 37
19 16 44
19 17 33
19 18 39
19 19 -1
19 20 44
19 21 49
19 22 4
19 23 30
19 24 42
19 25 40
19 26 30
19 27 41
19 28 40
19 29 47
19 30 31
19 31 24
19 32 43
19 33 35
19 34 23
19 35 24
19 36 3
19 37 38
19 38 32
19 39 7
19 40 21
19 41 36
19 42 13
19 43 47
19 44 46
19 45 19
19 46 13
19 47 33
19 48 12
19 49 37
19 50 22
19 51 27
19 52 3
19 53 26
19 54 56
19 55 51
19 56 24
19 57 36
19 58 30
19 59 16
19 60 49
19 61 27
19 62 47
19 63 49
19 64 34
19 65 21
19 66 43
19 67 44
19 68 24
19 69 41
19 70 37
19 71 32
19 72 39
19 73 29
19 74 30
19 75 37
19 76 11
19 77 24
19 78 23
19 79 49
19 80 38
20 1 61
20 2 69
20 3 55
20 4 30
20 5 60
20 6 77
20 7 79
20 8 16
20 9 73
20 10 50
20 11 44
20 12 40
20 13 54
20 14 22
20 15 77
20 16 42
20 17 11
20 18 56
20 19 44
20 20 -1
20 21 67
20 22 46
20 23 50
20 24 28
20 25 52
20 26 64
20 27 36
20 28 72
20 29 15
20 30 62
20 31 63
20 32 85
20 33 9
20 34 67
20 35 62
20 36 42
20 37 56
20 38 38
20 39 45
20 40 64
20 41 36
20 42 47
20 43 38
20 44 11
20 45 47
20 46 43
20 47 72
20 48 42
20 49 41
20 50 62
20 51 68
20 52 47
20 53 24
20 54 13
20 55 48
20 56 20
20 57 62
20 58 74
20 59 30
20 60 30
20 61 31
20 62 26
20 63 33
20 64 59
20 65 45
20 66 60
20 67 30
20 68 64
20 69 11
20 70 80
20 71 64
20 72 58
20 73 72
20 74 14
20 75 49
20 76 44
20 77 68
20 78 65
20 79 32
20 80 8
21 1 22
21 2 20
21 3 13
21 4 37
21 5 26
21 6 35
21 7 52
21 8 70
21 9 30
21 10 43
21 11 25
21 12 28
21 13 18
21 14 47
21 15 38
21 16 28
21 17 63
21 18 89
21 19 49
21 20 67
21 21 -1
21 22 46
21 23 20
21 24 41
21 25 15
21 26 77
21 27 33
21 28 21
21 29 57
21 30 22
21 31 68
21 32 50
21 33 62
21 34 51
21 35 34
21 36 52
21 37 12
21 38 78
21 39 42
21 40 61
21 41 81
21 42 36
21 43 34
21 44 77
21 45 30
21 46 36
21 47 34
21 48 37
21 49 26
21 50 66
21 51 67
21 52 50
21 53 66
21 54 79
21 55 27
21 56 53
21 57 15
21 58 48
21 59 45
21 60 44
21 61 71
21 62 47
21 63 41
21 64 15
21 65 71
21 66 93
21 67 41
21 68 37
21 69 73
21 70 52
21 71 22
21 72 10
21 73 44
21 74 56
21 75 18
21 76 38
21 77 49
21 78 63
21 79 42
21 80 59
22 1 57
22 2 34
22 3 43
22 4 35
22 5 22
22 6 34
22 7 32
22 8 59
22 9 33
22 10 5
22 11 41
22 12 26
22 13 27
22 14 42
22 15 33
22 16 42
22 17 36
22 18 42
22 19 4
22 20 46
22 21 46
22 22 -1
22 23 27
22 24 42
22 25 38
22 26 32
22 27 40
22 28 36
22 29 48
22 30 27
22 31 25
22 32 39
22 33 37
22 34 20
22 35 20
22 36 7
22 37 35
22 38 36
22 39 4
22 40 21
22 41 40
22 42 9
22 43 46
22 44 50
22 45 17
22 46 11
22 47 29
22 48 10
22 49 35
22 50 23
22 51 27
22 52 4
22 53 30
22 54 59
22 55 49
22 56 26
22 57 32
22 58 27
22 59 17
22 60 49
22 61 31
22 62 47
22 63 49
22 64 31
22 65 25
22 66 47
22 67 44
22 68 20
22 69 44
22 70 33
22 71 28
22 72 36
22 73 26
22 74 33
22 75 35
22 76 8
22 77 21
22 78 23
22 79 49
22 80 40
23 1 30
23 2 20
23 3 15
23 4 22
23 5 15
23 6 32
23 7 44
23 8 56
23 9 27
23 10 25
23 11 18
23 12 9
23 13 4
23 14 33
23 15 34
23 16 20
23 17 44
23 18 69
23 19 30
23 20 50
23 21 20
23 22 27
23 23 -1
23 24 29
23 25 10
23 26 60
23 27 22
23 28 22
23 29 43
23 30 15
23 31 51
23 32 45
23 33 43
23 34 38
23 35 23
23 36 32
23 37 8
23 38 58
23 39 23
23 40 45
23 41 61
23 42 17
23 43 27
23 44 58
23 45 10
23 46 17
23 47 29
23 48 17
23 49 14
23 50 49
23 51 52
23 52 31
23 53 46
23 54 62
23 55 26
23 56 34
23 57 12
23 58 39
23 59 25
23 60 34
23 61 51
23 62 35
23 63 32
23 64 8
23 65 51
23 66 73
23 67 29
23 68 26
23 69 54
23 70 44
23 71 17
23 72 9
23 73 35
23 74 37
23 75 9
23 76 19
23 77 37
23 78 47
23 79 33
23 80 42
24 1 32
24 2 49
24 3 27
24 4 7
24 5 43
24 6 60
24 7 69
24 8 28
24 9 56
24 10 43
24 11 16
24 12 20
24 13 33
24 14 6
24 15 62
24 16 14
24 17 29
24 18 71
24 19 42
24 20 28
24 21 41
24 22 42
24 23 29
24 24 -1
24 25 26
24 26 70
24 27 8
24 28 51
24 29 16
24 30 44
24 31 66
24 32 72
24 33 26
24 34 60
24 35 49
24 36 42
24 37 31
24 38 55
24 39 38
24 40 63
24 41 55
24 42 36
24 43 9
24 44 39
24 45 31
24 46 32
24 47 57
24 48 32
24 49 15
24 50 64
24 51 69
24 52 45
24 53 39
24 54 39
24 55 19
24 56 25
24 57 41
24 58 64
24 59 26
24 60 7
24 61 47
24 62 6
24 63 7
24 64 37
24 65 55
24 66 75
24 67 2
24 68 51
24 69 37
24 70 70
24 71 46
24 72 34
24 73 60
24 74 22
24 75 24
24 76 34
24 77 60
24 78 65
24 79 7
24 80 21
25 1 19
25 2 25
25 3 5
25 4 22
25 5 25
25 6 39
25 7 54
25 8 55
25 9 34
25 10 36
25 11 11
25 12 14
25 13 13
25 14 31
25 15 42
25 16 14
25 17 48
25 18 78
25 19 40
25 20 52
25 21 15
25 22 38
25 23 10
25 24 26
25 25 -1
25 26 70
25 27 18
25 28 27
25 29 42
25 30 23
25 31 62
25 32 54
25 33 47
25 34 49
25 35 33
25 36 42
25 37 6
25 38 66
25 39 33
25 40 56
25 41 68
25 42 28
25 43 21
25 44 62
25 45 21
25 46 27
25 47 37
25 48 27
25 49 11
25 50 60
25 51 62
25 52 42
25 53 53
25 54 64
25 55 16
25 56 39
25 57 17
25 58 49
25 59 32
25 60 30
25 61 59
25 62 32
25 63 27
25 64 14
25 65 60
25 66 82
25 67 26
25 68 36
25 69 58
25 70 54
25 71 24
25 72 8
25 73 45
25 74 41
25 75 3
25 76 29
25 77 47
25 78 58
25 79 28
25 80 44
26 1 89
26 2 62
26 3 75
26 4 64
26 5 51
26 6 55
26 7 41
26 8 79
26 9 56
26 10 34
26 11 73
26 12 58
26 13 59
26 14 69
26 15 52
26 16 74
26 17 52
26 18 21
26 19 30
26 20 64
26 21 77
26 22 32
26 23 60
26 24 70
26 25 70
26 26 -1
26 27 71
26 28 63
26 29 72
26 30 56
26 31 10
26 32 51
26 33 55
26 34 31
26 35 45
26 36 29
26 37 67
26 38 30
26 39 36
26 40 18
26 41 35
26 42 42
26 43 77
26 44 61
26 45 49
26 46 43
26 47 51
26 48 43
26 49 67
26 50 12
26 51 16
26 52 28
26 53 40
26 54 73
26 55 81
26 56 48
26 57 63
26 58 40
26 59 44
26 60 77
26 61 34
26 62 74
26 63 78
26 64 62
26 65 18
26 66 23
26 67 73
26 68 43
26 69 55
26 70 43
26 71 57
26 72 68
26 73 42
26 74 54
26 75 67
26 76 41
26 77 33
26 78 17
26 79 78
26 80 61
27 1 25
27 2 42
27 3 19
27 4 7
27 5 37
27 6 54
27 7 65
27 8 37
27 9 49
27 10 41
27 11 8
27 12 15
27 13 26
27 14 14
27 15 56
27 16 6
27 17 35
27 18 74
27 19 41
27 20 36
27 21 33
27 22 40
27 23 22
27 24 8
27 25 18
27 26 71
27 27 -1
27 28 44
27 29 24
27 30 37
27 31 65
27 32 67
27 33 33
27 34 57
27 35 44
27 36 42
27 37 24
27 38 59
27 39 36
27 40 61
27 41 60
27 42 33
27 43 6
27 44 47
27 45 27
27 46 30
27 47 51
27 48 30
27 49 7
27 50 63
27 51 67
27 52 43
27 53 44
27 54 47
27 55 13
27 56 29
27 57 33
27 58 59
27 59 27
27 60 12
27 61 50
27 62 13
27 63 10
27 64 30
27 65 57
27 66 78
27 67 8
27 68 47
27 69 44
27 70 65
27 71 39
27 72 26
27 73 56
27 74 28
27 75 16
27 76 32
27 77 56
27 78 63
27 79 10
27 80 28
28 1 42
28 2 2
28 3 30
28 4 45
28 5 14
28 6 14
28 7 32
28 8 79
28 9 9
28 10 32
28 11 38
28 12 32
28 13 18
28 14 56
28 15 17
28 16 41
28 17 64
28 18 78
28 19 40
28 20 72
28 21 21
28 22 36
28 23 22
28 24 51
28 25 27
28 26 63
28 27 44
28 28 -1
28 29 66
28 30 10
28 31 53
28 32 29
28 33 64
28 34 33
28 35 18
28 36 43
28 37 21
28 38 72
28 39 34
28 40 45
28 41 76
28 42 29
28 43 48
28 44 79
28 45 25
28 46 31
28 47 14
28 48 32
28 49 36
28 50 51
28 51 50
28 52 40
28 53 64
28 54 85
28 55 44
28 56 53
28 57 10
28 58 29
28 59 43
28 60 56
28 61 67
28 62 58
28 63 54
28 64 14
28 65 62
28 66 82
28 67 52
28 68 20
28 69 74
28 70 31
28 71 8
28 72 19
28 73 25
28 74 58
28 75 28
28 76 32
28 77 31
28 78 47
28 79 55
28 80 63
29 1 48
29 2 63
29 3 44
29 4 20
29 5 55
29 6 73
29 7 79
29 8 13
29 9 69
29 10 51
29 11 32
29 12 33
29 13 47
29 14 10
29 15 74
29 16 30
29 17 21
29 18 68
29 19 47
29 20 15
29 21 57
29 22 48
29 23 43
29 24 16
29 25 42
29 26 72
29 27 24
29 28 66
29 29 -1
29 30 57
29 31 69
29 32 84
29 33 18
29 34 68
29 35 60
29 36 46
29 37 47
29 38 50
29 39 45
29 40 68
29 41 49
29 42 45
29 43 25
29 44 26
29 45 43
29 46 41
29 47 69
29 48 41
29 49 31
29 50 67
29 51 73
29 52 50
29 53 34
29 54 23
29 55 35
29 56 24
29 57 55
29 58 74
29 59 31
29 60 16
29 61 42
29 62 12
29 63 19
29 64 52
29 65 54
29 66 71
29 67 17
29 68 62
29 69 26
29 70 80
29 71 59
29 72 49
29 73 71
29 74 18
29 75 39
29 76 43
29 77 68
29 78 70
29 79 18
29 80 11
30 1 41
30 2 8
30 3 27
30 4 37
30 5 4
30 6 17
30 7 31
30 8 70
30 9 12
30 10 22
30 11 33
30 12 24
30 13 11
30 14 48
30 15 18
30 16 35
30 17 54
30 18 69
30 19 31
30 20 62
30 21 22
30 22 27
30 23 15
30 24 44
30 25 23
30 26 56
30 27 37
30 28 10
30 29 57
30 30 -1
30 31 46
30 32 30
30 33 54
30 34 28
30 35 11
30 36 33
30 37 17
30 38 62
30 39 24
30 40 38
30 41 66
30 42 19
30 43 42
30 44 69
30 45 15
30 46 21
30 47 14
30 48 22
30 49 30
30 50 44
30 51 44
30 52 31
30 53 54
30 54 75
30 55 40
30 56 43
30 57 7
30 58 26
30 59 33
30 60 49
30 61 57
30 62 50
30 63 48
30 64 9
30 65 52
30 66 73
30 67 45
30 68 14
30 69 64
30 70 31
30 71 2
30 72 16
30 73 22
30 74 48
30 75 23
30 76 22
30 77 26
30 78 41
30 79 48
30 80 54
31 1 82
31 2 52
31 3 67
31 4 59
31 5 42
31 6 45
31 7 31
31 8 78
31 9 46
31 10 26
31 11 66
31 12 51
31 13 51
31 14 66
31 15 42
31 16 68
31 17 52
31 18 30
31 19 24
31 20 63
31 21 68
31 22 25
31 23 51
31 24 66
31 25 62
31 26 10
31 27 65
31 28 53
31 29 69
31 30 46
31 31 -1
31 32 41
31 33 54
31 34 21
31 35 35
31 36 24
31 37 59
31 38 35
31 39 29
31 40 8
31 41 40
31 42 34
31 43 71
31 44 62
31 45 41
31 46 36
31 47 41
31 48 36
31 49 61
31 50 2
31 51 6
31 52 21
31 53 41
31 54 74
31 55 75
31 56 45
31 57 53
31 58 29
31 59 40
31 60 73
31 61 37
31 62 71
31 63 73
31 64 53
31 65 21
31 66 33
31 67 68
31 68 33
31 69 57
31 70 33
31 71 47
31 72 59
31 73 31
31 74 52
31 75 60
31 76 34
31 77 23
31 78 7
31 79 73
31 80 59
32 1 71
32 2 30
32 3 57
32 4 65
32 5 30
32 6 15
32 7 10
32 8 96
32 9 20
32 10 35
32 11 63
32 12 52
32 13 41
32 14 76
32 15 12
32 16 66
32 17 75
32 18 71
32 19 43
32 20 85
32 21 50
32 22 39
32 23 45
32 24 72
32 25 54
32 26 51
32 27 67
32 28 29
32 29 84
32 30 30
32 31 41
32 32 -1
32 33 76
32 34 21
32 35 23
32 36 45
32 37 47
32 38 71
32 39 40
32 40 33
32 41 76
32 42 38
32 43 72
32 44 89
32 45 41
32 46 42
32 47 16
32 48 43
32 49 60
32 50 40
32 51 35
32 52 40
32 53 69
32 54 98
32 55 70
32 56 65
32 57 37
32 58 12
32 59 55
32 60 79
32 61 69
32 62 79
32 63 77
32 64 39
32 65 58
32 66 74
32 67 74
32 68 21
32 69 84
32 70 8
32 71 29
32 72 46
32 73 13
32 74 71
32 75 53
32 76 41
32 77 19
32 78 34
32 79 78
32 80 78
33 1 58
33 2 62
33 3 50
33 4 25
33 5 51
33 6 68
33 7 70
33 8 24
33 9 65
33 10 41
33 11 40
33 12 34
33 13 47
33 14 22
33 15 68
33 16 39
33 17 3
33 18 49
33 19 35
33 20 9
33 21 62
33 22 37
33 23 43
33 24 26
33 25 47
33 26 55
33 27 33
33 28 64
33 29 18
33 30 54
33 31 54
33 32 76
33 33 -1
33 34 58
33 35 54
33 36 33
33 37 50
33 38 31
33 39 36
33 40 55
33 41 30
33 42 38
33 43 36
33 44 15
33 45 39
33 46 34
33 47 63
33 48 34
33 49 36
33 50 53
33 51 59
33 52 38
33 53 16
33 54 21
33 55 46
33 56 11
33 57 55
33 58 65
33 59 21
33 60 31
33 61 23
33 62 26
33 63 33
33 64 52
33 65 37
33 66 53
33 67 28
33 68 55
33 69 11
33 70 71
33 71 57
33 72 52
33 73 63
33 74 6
33 75 44
33 76 35
33 77 58
33 78 56
33 79 32
33 80 6
34 1 68
34 2 33
34 3 53
34 4 53
34 5 25
34 6 24
34 7 12
34 8 80
34 9 25
34 10 17
34 11 56
34 12 42
34 13 36
34 14 62
34 15 21
34 16 58
34 17 56
34 18 50
34 19 23
34 20 67
34 21 51
34 22 20
34 23 38
34 24 60
34 25 49
34 26 31
34 27 57
34 28 33
34 29 68
34 30 28
34 31 21
34 32 21
34 33 58
34 34 -1
34 35 17
34 36 25
34 37 43
34 38 50
34 39 23
34 40 12
34 41 55
34 42 24
34 43 63
34 44 70
34 45 30
34 46 27
34 47 20
34 48 28
34 49 51
34 50 19
34 51 17
34 52 20
34 53 49
34 54 80
34 55 64
34 56 47
34 57 36
34 58 9
34 59 38
34 60 67
34 61 48
34 62 66
34 63 66
34 64 36
34 65 36
34 66 53
34 67 62
34 68 14
34 69 64
34 70 14
34 71 28
34 72 43
34 73 10
34 74 53
34 75 47
34 76 26
34 77 2
34 78 14
34 79 67
34 80 61
35 1 51
35 2 17
35 3 37
35 4 42
35 5 8
35 6 14
35 7 21
35 8 72
35 9 13
35 10 15
35 11 41
35 12 29
35 13 20
35 14 52
35 15 14
35 16 43
35 17 53
35 18 60
35 19 24
35 20 62
35 21 34
35 22 20
35 23 23
35 24 49
35 25 33
35 26 45
35 27 44
35 28 18
35 29 60
35 30 11
35 31 35
35 32 23
35 33 54
35 34 17
35 35 -1
35 36 27
35 37 27
35 38 56
35 39 18
35 40 27
35 41 60
35 42 15
35 43 49
35 44 68
35 45 17
35 46 19
35 47 9
35 48 20
35 49 37
35 50 33
35 51 33
35 52 23
35 53 50
35 54 75
35 55 49
35 56 42
35 57 19
35 58 16
35 59 32
35 60 55
35 61 51
35 62 55
35 63 54
35 64 19
35 65 44
35 66 64
35 67 50
35 68 3
35 69 62
35 70 21
35 71 12
35 72 26
35 73 12
35 74 48
35 75 32
35 76 18
35 77 15
35 78 29
35 79 54
35 80 55
36 1 61
36 2 41
36 3 47
36 4 35
36 5 29
36 6 41
36 7 37
36 8 56
36 9 40
36 10 12
36 11 44
36 12 29
36 13 33
36 14 42
36 15 40
36 16 45
36 17 31
36 18 36
36 19 3
36 20 42
36 21 52
36 22 7
36 23 32
36 24 42
36 25 42
36 26 29
36 27 42
36 28 43
36 29 46
36 30 33
36 31 24
36 32 45
36 33 33
36 34 25
36 35 27
36 36 -1
36 37 40
36 38 29
36 39 9
36 40 22
36 41 33
36 42 15
36 43 48
36 44 44
36 45 22
36 46 15
36 47 36
36 48 14
36 49 38
36 50 22
36 51 27
36 52 5
36 53 24
36 54 54
36 55 52
36 56 22
36 57 39
36 58 33
36 59 16
36 60 49
36 61 24
36 62 47
36 63 49
36 64 37
36 65 19
36 66 41
36 67 44
36 68 27
36 69 38
36 70 39
36 71 35
36 72 41
36 73 32
36 74 29
36 75 39
36 76 13
36 77 26
36 78 23
36 79 49
36 80 37
37 1 24
37 2 19
37 3 10
37 4 26
37 5 19
37 6 33
37 7 48
37 8 60
37 9 28
37 10 32
37 11 17
37 12 16
37 13 8
37 14 37
37 15 35
37 16 20
37 17 51
37 18 77
37 19 38
37 20 56
37 21 12
37 22 35
37 23 8
37 24 31
37 25 6
37 26 67
37 27 24
37 28 21
37 29 47
37 30 17
37 31 59
37 32 47
37 33 50
37 34 43
37 35 27
37 36 40
37 37 -1
37 38 66
37 39 31
37 40 52
37 41 69
37 42 25
37 43 27
37 44 65
37 45 18
37 46 25
37 47 31
37 48 25
37 49 16
37 50 56
37 51 58
37 52 39
37 53 54
37 54 68
37 55 23
37 56 41
37 57 10
37 58 43
37 59 33
37 60 36
37 61 59
37 62 38
37 63 33
37 64 8
37 65 59
37 66 81
37 67 32
37 68 30
37 69 61
37 70 48
37 71 18
37 72 2
37 73 39
37 74 44
37 75 7
37 76 27
37 77 42
37 78 54
37 79 34
37 80 47
38 1 83
38 2 70
38 3 71
38 4 51
38 5 58
38 6 70
38 7 62
38 8 54
38 9 69
38 10 41
38 11 64
38 12 52
38 13 60
38 14 52
38 15 68
38 16 64
38 17 28
38 18 18
38 19 32
38 20 38
38 21 78
38 22 36
38 23 58
38 24 55
38 25 66
38 26 30
38 27 59
38 28 72
38 29 50
38 30 62
38 31 35
38 32 71
38 33 31
38 34 50
38 35 56
38 36 29
38 37 66
38 38 -1
38 39 38
38 40 40
38 41 5
38 42 43
38 43 64
38 44 32
38 45 49
38 46 42
38 47 65
38 48 41
38 49 59
38 50 35
38 51 42
38 52 33
38 53 16
38 54 45
38 55 72
38 56 30
38 57 67
38 58 59
38 59 34
38 60 61
38 61 8
38 62 57
38 63 63
38 64 64
38 65 13
38 66 21
38 67 57
38 68 56
38 69 28
38 70 64
38 71 64
38 72 68
38 73 59
38 74 33
38 75 63
38 76 41
38 77 51
38 78 40
38 79 62
38 80 38
39 1 53
39 2 32
39 3 38
39 4 31
39 5 20
39 6 33
39 7 34
39 8 57
39 9 31
39 10 5
39 11 37
39 12 22
39 13 23
39 14 39
39 15 33
39 16 38
39 17 35
39 18 46
39 19 7
39 20 45
39 21 42
39 22 4
39 23 23
39 24 38
39 25 33
39 26 36
39 27 36
39 28 34
39 29 45
39 30 24
39 31 29
39 32 40
39 33 36
39 34 23
39 35 18
39 36 9
39 37 31
39 38 38
39 39 -1
39 40 25
39 41 42
39 42 5
39 43 42
39 44 49
39 45 12
39 46 6
39 47 28
39 48 6
39 49 31
39 50 27
39 51 31
39 52 8
39 53 31
39 54 58
39 55 45
39 56 24
39 57 29
39 58 29
39 59 15
39 60 45
39 61 33
39 62 43
39 63 45
39 64 27
39 65 29
39 66 50
39 67 40
39 68 20
39 69 43
39 70 35
39 71 26
39 72 32
39 73 26
39 74 31
39 75 31
39 76 4
39 77 23
39 78 27
39 79 45
39 80 38
40 1 76
40 2 44
40 3 61
40 4 56
40 5 34
40 6 36
40 7 23
40 8 78
40 9 38
40 10 20
40 11 61
40 12 46
40 13 44
40 14 63
40 15 33
40 16 63
40 17 52
40 18 38
40 19 21
40 20 64
40 21 61
40 22 21
40 23 45
40 24 63
40 25 56
40 26 18
40 27 61
40 28 45
40 29 68
40 30 38
40 31 8
40 32 33
40 33 55
40 34 12
40 35 27
40 36 22
40 37 52
40 38 40
40 39 25
40 40 -1
40 41 45
40 42 28
40 43 67
40 44 64
40 45 35
40 46 31
40 47 32
40 48 31
40 49 56
40 50 7
40 51 6
40 52 18
40 53 43
40 54 76
40 55 70
40 56 44
40 57 46
40 58 21
40 59 37
40 60 70
40 61 40
40 62 68
40 63 70
40 64 46
40 65 26
40 66 41
40 67 65
40 68 25
40 69 59
40 70 25
40 71 39
40 72 52
40 73 23
40 74 51
40 75 54
40 76 29
40 77 14
40 78 2
40 79 70
40 80 59
41 1 84
41 2 74
41 3 73
41 4 52
41 5 62
41 6 74
41 7 67
41 8 52
41 9 73
41 10 45
41 11 66
41 12 54
41 13 63
41 14 52
41 15 72
41 16 65
41 17 27
41 18 21
41 19 36
41 20 36
41 21 81
41 22 40
41 23 61
41 24 55
41 25 68
41 26 35
41 27 60
41 28 76
41 29 49
41 30 66
41 31 40
41 32 76
41 33 30
41 34 55
41 35 60
41 36 33
41 37 69
41 38 5
41 39 42
41 40 45
41 41 -1
41 42 47
41 43 65
41 44 29
41 45 52
41 46 45
41 47 69
41 48 44
41 49 60
41 50 40
41 51 47
41 52 37
41 53 16
41 54 42
41 55 73
41 56 31
41 57 70
41 58 63
41 59 36
41 60 61
41 61 9
41 62 57
41 63 63
41 64 67
41 65 18
41 66 24
41 67 58
41 68 60
41 69 25
41 70 69
41 71 68
41 72 70
41 73 63
41 74 33
41 75 65
41 76 44
41 77 56
41 78 45
41 79 62
41 80 37
42 1 47
42 2 27
42 3 33
42 4 28
42 5 15
42 6 30
42 7 34
42 8 57
42 9 27
42 10 8
42 11 32
42 12 18
42 13 17
42 14 38
42 15 30
42 16 34
42 17 37
42 18 52
42 19 13
42 20 47
42 21 36
42 22 9
42 23 17
42 24 36
42 25 28
42 26 42
42 27 33
42 28 29
42 29 45
42 30 19
42 31 34
42 32 38
42 33 38
42 34 24
42 35 15
42 36 15
42 37 25
42 38 43
42 39 5
42 40 28
42 41 47
42 42 -1
42 43 39
42 44 52
42 45 7
42 46 3
42 47 25
42 48 4
42 49 27
42 50 32
42 51 35
42 52 14
42 53 35
42 54 60
42 55 41
42 56 26
42 57 23
42 58 28
42 59 16
42 60 42
42 61 38
42 62 42
42 63 42
42 64 21
42 65 34
42 66 56
42 67 37
42 68 17
42 69 47
42 70 34
42 71 21
42 72 26
42 73 25
42 74 32
42 75 25
42 76 3
42 77 24
42 78 31
42 79 42
42 80 39
43 1 23
43 2 46
43 3 21
43 4 13
43 5 42
43 6 59
43 7 70
43 8 36
43 9 54
43 10 47
43 11 9
43 12 21
43 13 31
43 14 15
43 15 61
43 16 7
43 17 39
43 18 79
43 19 47
43 20 38
43 21 34
43 22 46
43 23 27
43 24 9
43 25 21
43 26 77
43 27 6
43 28 48
43 29 25
43 30 42
43 31 71
43 32 72
43 33 36
43 34 63
43 35 49
43 36 48
43 37 27
43 38 64
43 39 42
43 40 67
43 41 65
43 42 39
43 43 -1
43 44 49
43 45 33
43 46 36
43 47 56
43 48 36
43 49 12
43 50 69
43 51 73
43 52 50
43 53 48
43 54 48
43 55 10
43 56 33
43 57 38
43 58 65
43 59 33
43 60 9
43 61 55
43 62 13
43 63 6
43 64 34
43 65 63
43 66 84
43 67 8
43 68 52
43 69 47
43 70 71
43 71 44
43 72 29
43 73 61
43 74 32
43 75 20
43 76 38
43 77 62
43 78 69
43 79 7
43 80 31
44 1 72
44 2 77
44 3 65
44 4 40
44 5 66
44 6 82
44 7 82
44 8 24
44 9 79
44 10 54
44 11 54
44 12 49
44 13 62
44 14 34
44 15 82
44 16 53
44 17 14
44 18 50
44 19 46
44 20 11
44 21 77
44 22 50
44 23 58
44 24 39
44 25 62
44 26 61
44 27 47
44 28 79
44 29 26
44 30 69
44 31 62
44 32 89
44 33 15
44 34 70
44 35 68
44 36 44
44 37 65
44 38 32
44 39 49
44 40 64
44 41 29
44 42 52
44 43 49
44 44 -1
44 45 53
44 46 49
44 47 77
44 48 48
44 49 51
44 50 61
44 51 68
44 52 49
44 53 21
44 54 13
44 55 59
44 56 25
44 57 70
44 58 77
44 59 35
44 60 42
44 61 26
44 62 38
44 63 45
44 64 67
44 65 42
44 66 53
44 67 41
44 68 69
44 69 5
44 70 83
44 71 71
44 72 67
44 73 76
44 74 21
44 75 59
44 76 49
44 77 70
44 78 65
44 79 44
44 80 18
45 1 40
45 2 23
45 3 26
45 4 24
45 5 13
45 6 30
45 7 37
45 8 55
45 9 26
45 10 15
45 11 26
45 12 12
45 13 11
45 14 34
45 15 31
45 16 28
45 17 38
45 18 59
45 19 19
45 20 47
45 21 30
45 22 17
45 23 10
45 24 31
45 25 21
45 26 49
45 27 27
45 28 25
45 29 43
45 30 15
45 31 41
45 32 41
45 33 39
45 34 30
45 35 17
45 36 22
45 37 18
45 38 49
45 39 12
45 40 35
45 41 52
45 42 7
45 43 33
45 44 53
45 45 -1
45 46 6
45 47 26
45 48 7
45 49 21
45 50 39
45 51 42
45 52 21
45 53 39
45 54 60
45 55 34
45 56 28
45 57 18
45 58 32
45 59 18
45 60 38
45 61 42
45 62 38
45 63 37
45 64 15
45 65 41
45 66 63
45 67 33
45 68 20
45 69 48
45 70 38
45 71 18
45 72 19
45 73 29
45 74 33
45 75 18
45 76 8
45 77 29
45 78 37
45 79 37
45 80 39
46 1 46
46 2 29
46 3 32
46 4 25
46 5 17
46 6 33
46 7 37
46 8 54
46 9 30
46 10 11
46 11 30
46 12 15
46 13 17
46 14 34
46 15 33
46 16 31
46 17 34
46 18 52
46 19 13
46 20 43
46 21 36
46 22 11
46 23 17
46 24 32
46 25 27
46 26 43
46 27 30
46 28 31
46 29 41
46 30 21
46 31 36
46 32 42
46 33 34
46 34 27
46 35 19
46 36 15
46 37 25
46 38 42
46 39 6
46 40 31
46 41 45
46 42 3
46 43 36
46 44 49
46 45 6
46 46 -1
46 47 28
46 48 1
46 49 24
46 50 34
46 51 37
46 52 15
46 53 33
46 54 56
46 55 38
46 56 23
46 57 24
46 58 32
46 59 13
46 60 39
46 61 36
46 62 38
46 63 39
46 64 22
46 65 34
46 66 56
46 67 34
46 68 21
46 69 44
46 70 38
46 71 23
46 72 26
46 73 29
46 74 29
46 75 24
46 76 2
46 77 27
46 78 33
46 79 39
46 80 36
47 1 55
47 2 14
47 3 41
47 4 50
47 5 13
47 6 5
47 7 18
47 8 82
47 9 5
47 10 24
47 11 47
47 12 36
47 13 25
47 14 60
47 15 5
47 16 49
47 17 63
47 18 68
47 19 33
47 20 72
47 21 34
47 22 29
47 23 29
47 24 57
47 25 37
47 26 51
47 27 51
47 28 14
47 29 69
47 30 14
47 31 41
47 32 16
47 33 63
47 34 20
47 35 9
47 36 36
47 37 31
47 38 65
47 39 28
47 40 32
47 41 69
47 42 25
47 43 56
47 44 77
47 45 26
47 46 28
47 47 -1
47 48 29
47 49 43
47 50 39
47 51 37
47 52 32
47 53 59
47 54 85
47 55 54
47 56 52
47 57 21
47 58 14
47 59 42
47 60 63
47 61 61
47 62 63
47 63 61
47 64 23
47 65 53
47 66 72
47 67 58
47 68 9
47 69 72
47 70 17
47 71 13
47 72 30
47 73 10
47 74 58
47 75 37
47 76 28
47 77 18
47 78 34
47 79 62
47 80 64
48 1 46
48 2 30
48 3 32
48 4 25
48 5 18
48 6 34
48 7 38
48 8 53
48 9 31
48 10 11
48 11 30
48 12 15
48 13 18
48 14 34
48 15 34
48 16 32
48 17 33
48 18 51
48 19 12
48 20 42
48 21 37
48 22 10
48 23 17
48 24 32
48 25 27
48 26 43
48 27 30
48 28 32
48 29 41
48 30 22
48 31 36
48 32 43
48 33 34
48 34 28
48 35 20
48 36 14
48 37 25
48 38 41
48 39 6
48 40 31
48 41 44
48 42 4
48 43 36
48 44 48
48 45 7
48 46 1
48 47 29
48 48 -1
48 49 25
48 50 33
48 51 37
48 52 14
48 53 32
48 54 55
48 55 39
48 56 22
48 57 25
48 58 32
48 59 12
48 60 39
48 61 35
48 62 38
48 63 39
48 64 23
48 65 33
48 66 55
48 67 34
48 68 21
48 69 43
48 70 39
48 71 24
48 72 26
48 73 30
48 74 28
48 75 25
48 76 2
48 77 27
48 78 33
48 79 39
48 80 35
49 1 24
49 2 34
49 3 14
49 4 11
49 5 30
49 6 47
49 7 58
49 8 43
49 9 42
49 10 35
49 11 5
49 12 9
49 13 18
49 14 20
49 15 48
49 16 7
49 17 38
49 18 72
49 19 37
49 20 41
49 21 26
49 22 35
49 23 14
49 24 15
49 25 11
49 26 67
49 27 7
49 28 36
49 29 31
49 30 30
49 31 61
49 32 60
49 33 36
49 34 51
49 35 37
49 36 38
49 37 16
49 38 59
49 39 31
49 40 56
49 41 60
49 42 27
49 43 12
49 44 51
49 45 21
49 46 24
49 47 43
49 48 25
49 49 -1
49 50 58
49 51 62
49 52 39
49 53 44
49 54 52
49 55 14
49 56 29
49 57 26
49 58 52
49 59 25
49 60 19
49 61 51
49 62 21
49 63 18
49 64 22
49 65 55
49 66 77
49 67 15
49 68 40
49 69 47
49 70 58
49 71 31
49 72 18
49 73 49
49 74 30
49 75 8
49 76 26
49 77 50
49 78 58
49 79 18
49 80 33
50 1 80
50 2 50
50 3 65
50 4 57
50 5 40
50 6 43
50 7 30
50 8 77
50 9 44
50 10 24
50 11 64
50 12 49
50 13 48
50 14 64
50 15 40
50 16 65
50 17 50
50 18 31
50 19 22
50 20 62
50 21 66
50 22 23
50 23 49
50 24 64
50 25 60
50 26 12
50 27 63
50 28 51
50 29 67
50 30 44
50 31 2
50 32 40
50 33 53
50 34 19
50 35 33
50 36 22
50 37 56
50 38 35
50 39 27
50 40 7
50 41 40
50 42 32
50 43 69
50 44 61
50 45 39
50 46 34
50 47 39
50 48 33
50 49 58
50 50 -1
50 51 7
50 52 19
50 53 39
50 54 73
50 55 73
50 56 43
50 57 51
50 58 28
50 59 38
50 60 71
50 61 36
50 62 69
50 63 71
50 64 51
50 65 21
50 66 34
50 67 66
50 68 31
50 69 56
50 70 32
50 71 45
50 72 57
50 73 30
50 74 50
50 75 58
50 76 31
50 77 21
50 78 6
50 79 71
50 80 57
51 1 82
51 2 50
51 3 67
51 4 62
51 5 40
51 6 41
51 7 25
51 8 83
51 9 43
51 10 26
51 11 67
51 12 53
51 13 50
51 14 69
51 15 38
51 16 69
51 17 57
51 18 36
51 19 27
51 20 68
51 21 67
51 22 27
51 23 52
51 24 69
51 25 62
51 26 16
51 27 67
51 28 50
51 29 73
51 30 44
51 31 6
51 32 35
51 33 59
51 34 17
51 35 33
51 36 27
51 37 58
51 38 42
51 39 31
51 40 6
51 41 47
51 42 35
51 43 73
51 44 68
51 45 42
51 46 37
51 47 37
51 48 37
51 49 62
51 50 7
51 51 -1
51 52 24
51 53 46
51 54 80
51 55 76
51 56 50
51 57 52
51 58 24
51 59 43
51 60 76
51 61 43
51 62 74
51 63 76
51 64 52
51 65 28
51 66 39
51 67 71
51 68 31
51 69 62
51 70 27
51 71 45
51 72 58
51 73 27
51 74 56
51 75 60
51 76 35
51 77 19
51 78 4
51 79 76
51 80 64
52 1 61
52 2 38
52 3 47
52 4 38
52 5 26
52 6 37
52 7 32
52 8 60
52 9 36
52 10 8
52 11 45
52 12 30
52 13 31
52 14 45
52 15 35
52 16 46
52 17 36
52 18 38
52 19 3
52 20 47
52 21 50
52 22 4
52 23 31
52 24 45
52 25 42
52 26 28
52 27 43
52 28 40
52 29 50
52 30 31
52 31 21
52 32 40
52 33 38
52 34 20
52 35 23
52 36 5
52 37 39
52 38 33
52 39 8
52 40 18
52 41 37
52 42 14
52 43 50
52 44 49
52 45 21
52 46 15
52 47 32
52 48 14
52 49 39
52 50 19
52 51 24
52 52 -1
52 53 29
52 54 59
52 55 53
52 56 27
52 57 36
52 58 28
52 59 19
52 60 52
52 61 29
52 62 50
52 63 52
52 64 35
52 65 21
52 66 42
52 67 47
52 68 23
52 69 43
52 70 34
52 71 32
52 72 40
52 73 27
52 74 34
52 75 39
52 76 13
52 77 21
52 78 20
52 79 52
52 80 41
53 1 68
53 2 62
53 3 57
53 4 36
53 5 50
53 6 64
53 7 61
53 8 40
53 9 62
53 10 35
53 11 49
53 12 39
53 13 49
53 14 36
53 15 63
53 16 49
53 17 13
53 18 33
53 19 26
53 20 24
53 21 66
53 22 30
53 23 46
53 24 39
53 25 53
53 26 40
53 27 44
53 28 64
53 29 34
53 30 54
53 31 41
53 32 69
53 33 16
53 34 49
53 35 50
53 36 24
53 37 54
53 38 16
53 39 31
53 40 43
53 41 16
53 42 35
53 43 48
53 44 21
53 45 39
53 46 33
53 47 59
53 48 32
53 49 44
53 50 39
53 51 46
53 52 29
53 53 -1
53 54 33
53 55 57
53 56 15
53 57 57
53 58 57
53 59 21
53 60 45
53 61 7
53 62 41
53 63 47
53 64 54
53 65 21
53 66 37
53 67 41
53 68 50
53 69 16
53 70 63
53 71 56
53 72 56
53 73 56
53 74 17
53 75 50
53 76 32
53 77 50
53 78 44
53 79 46
53 80 22
54 1 71
54 2 82
54 3 66
54 4 41
54 5 73
54 6 90
54 7 91
54 8 15
54 9 86
54 10 63
54 11 55
54 12 53
54 13 66
54 14 33
54 15 90
54 16 53
54 17 23
54 18 63
54 19 56
54 20 13
54 21 79
54 22 59
54 23 62
54 24 39
54 25 64
54 26 73
54 27 47
54 28 85
54 29 23
54 30 75
54 31 74
54 32 98
54 33 21
54 34 80
54 35 75
54 36 54
54 37 68
54 38 45
54 39 58
54 40 76
54 41 42
54 42 60
54 43 48
54 44 13
54 45 60
54 46 56
54 47 85
54 48 55
54 49 52
54 50 73
54 51 80
54 52 59
54 53 33
54 54 -1
54 55 58
54 56 33
54 57 75
54 58 86
54 59 43
54 60 39
54 61 39
54 62 35
54 63 42
54 64 71
54 65 54
54 66 66
54 67 40
54 68 77
54 69 17
54 70 93
54 71 77
54 72 70
54 73 84
54 74 27
54 75 61
54 76 57
54 77 80
54 78 77
54 79 41
54 80 21
55 1 13
55 2 42
55 3 14
55 4 20
55 5 41
55 6 56
55 7 70
55 8 46
55 9 51
55 10 49
55 11 8
55 12 23
55 13 29
55 14 25
55 15 58
55 16 7
55 17 48
55 18 86
55 19 51
55 20 48
55 21 27
55 22 49
55 23 26
55 24 19
55 25 16
55 26 81
55 27 13
55 28 44
55 29 35
55 30 40
55 31 75
55 32 70
55 33 46
55 34 64
55 35 49
55 36 52
55 37 23
55 38 72
55 39 45
55 40 70
55 41 73
55 42 41
55 43 10
55 44 59
55 45 34
55 46 38
55 47 54
55 48 39
55 49 14
55 50 73
55 51 76
55 52 53
55 53 57
55 54 58
55 55 -1
55 56 42
55 57 34
55 58 65
55 59 39
55 60 19
55 61 63
55 62 23
55 63 16
55 64 31
55 65 69
55 66 90
55 67 18
55 68 52
55 69 57
55 70 70
55 71 41
55 72 25
55 73 61
55 74 41
55 75 17
55 76 41
55 77 63
55 78 72
55 79 17
55 80 41
56 1 53
56 2 51
56 3 43
56 4 21
56 5 40
56 6 57
56 7 58
56 8 33
56 9 54
56 10 30
56 11 34
56 12 25
56 13 37
56 14 22
56 15 57
56 16 34
56 17 10
56 18 46
56 19 24
56 20 20
56 21 53
56 22 26
56 23 34
56 24 25
56 25 39
56 26 48
56 27 29
56 28 53
56 29 24
56 30 43
56 31 45
56 32 65
56 33 11
56 34 47
56 35 42
56 36 22
56 37 41
56 38 30
56 39 24
56 40 44
56 41 31
56 42 26
56 43 33
56 44 25
56 45 28
56 46 23
56 47 52
56 48 22
56 49 29
56 50 43
56 51 50
56 52 27
56 53 15
56 54 33
56 55 42
56 56 -1
56 57 45
56 58 53
56 59 10
56 60 31
56 61 21
56 62 27
56 63 32
56 64 42
56 65 31
56 66 50
56 67 27
56 68 44
56 69 20
56 70 60
56 71 46
56 72 43
56 73 51
56 74 6
56 75 36
56 76 23
56 77 47
56 78 46
56 79 32
56 80 14
57 1 34
57 2 8
57 3 20
57 4 35
57 5 11
57 6 22
57 7 38
57 8 68
57 9 17
57 10 28
57 11 28
57 12 22
57 13 8
57 14 45
57 15 25
57 16 31
57 17 55
57 18 75
57 19 36
57 20 62
57 21 15
57 22 32
57 23 12
57 24 41
57 25 17
57 26 63
57 27 33
57 28 10
57 29 55
57 30 7
57 31 53
57 32 37
57 33 55
57 34 36
57 35 19
57 36 39
57 37 10
57 38 67
57 39 29
57 40 46
57 41 70
57 42 23
57 43 38
57 44 70
57 45 18
57 46 24
57 47 21
57 48 25
57 49 26
57 50 51
57 51 52
57 52 36
57 53 57
57 54 75
57 55 34
57 56 45
57 57 -1
57 58 33
57 59 36
57 60 46
57 61 60
57 62 47
57 63 44
57 64 3
57 65 58
57 66 79
57 67 41
57 68 21
57 69 65
57 70 38
57 71 8
57 72 9
57 73 29
57 74 49
57 75 18
57 76 25
57 77 34
57 78 48
57 79 44
57 80 54
58 1 67
58 2 29
58 3 53
58 4 57
58 5 24
58 6 17
58 7 5
58 8 86
58 9 20
58 10 23
58 11 57
58 12 44
58 13 36
58 14 66
58 15 13
58 16 59
58 17 63
58 18 59
58 19 30
58 20 74
58 21 48
58 22 27
58 23 39
58 24 64
58 25 49
58 26 40
58 27 59
58 28 29
58 29 74
58 30 26
58 31 29
58 32 12
58 33 65
58 34 9
58 35 16
58 36 33
58 37 43
58 38 59
58 39 29
58 40 21
58 41 63
58 42 28
58 43 65
58 44 77
58 45 32
58 46 32
58 47 14
58 48 32
58 49 52
58 50 28
58 51 24
58 52 28
58 53 57
58 54 86
58 55 65
58 56 53
58 57 33
58 58 -1
58 59 44
58 60 70
58 61 56
58 62 70
58 63 69
58 64 35
58 65 45
58 66 62
58 67 65
58 68 13
58 69 72
58 70 6
58 71 25
58 72 42
58 73 4
58 74 60
58 75 48
58 76 31
58 77 7
58 78 22
58 79 70
58 80 67
59 1 49
59 2 41
59 3 37
59 4 20
59 5 30
59 6 47
59 7 49
59 8 42
59 9 43
59 10 20
59 11 31
59 12 18
59 13 28
59 14 26
59 15 46
59 16 31
59 17 21
59 18 47
59 19 16
59 20 30
59 21 45
59 22 17
59 23 25
59 24 26
59 25 32
59 26 44
59 27 27
59 28 43
59 29 31
59 30 33
59 31 40
59 32 55
59 33 21
59 34 38
59 35 32
59 36 16
59 37 33
59 38 34
59 39 15
59 40 37
59 41 36
59 42 16
59 43 33
59 44 35
59 45 18
59 46 13
59 47 42
59 48 12
59 49 25
59 50 38
59 51 43
59 52 19
59 53 21
59 54 43
59 55 39
59 56 10
59 57 36
59 58 44
59 59 -1
59 60 33
59 61 26
59 62 31
59 63 33
59 64 33
59 65 30
59 66 51
59 67 28
59 68 34
59 69 30
59 70 50
59 71 36
59 72 34
59 73 41
59 74 16
59 75 29
59 76 13
59 77 38
59 78 39
59 79 33
59 80 23
60 1 32
60 2 54
60 3 30
60 4 14
60 5 49
60 6 66
60 7 76
60 8 27
60 9 61
60 10 50
60 11 18
60 12 26
60 13 38
60 14 9
60 15 68
60 16 16
60 17 33
60 18 77
60 19 49
60 20 30
60 21 44
60 22 49
60 23 34
60 24 7
60 25 30
60 26 77
60 27 12
60 28 56
60 29 16
60 30 49
60 31 73
60 32 79
60 33 31
60 34 67
60 35 55
60 36 49
60 37 36
60 38 61
60 39 45
60 40 70
60 41 61
60 42 42
60 43 9
60 44 42
60 45 38
60 46 39
60 47 63
60 48 39
60 49 19
60 50 71
60 51 76
60 52 52
60 53 45
60 54 39
60 55 19
60 56 31
60 57 46
60 58 70
60 59 33
60 60 -1
60 61 52
60 62 4
60 63 3
60 64 42
60 65 62
60 66 81
60 67 5
60 68 58
60 69 41
60 70 76
60 71 51
60 72 38
60 73 67
60 74 27
60 75 28
60 76 41
60 77 66
60 78 72
60 79 2
60 80 25
61 1 75
61 2 65
61 3 63
61 4 43
61 5 53
61 6 66
61 7 60
61 8 47
61 9 64
61 10 36
61 11 56
61 12 44
61 13 53
61 14 43
61 15 64
61 16 56
61 17 20
61 18 25
61 19 27
61 20 31
61 21 71
61 22 31
61 23 51
61 24 47
61 25 59
61 26 34
61 27 50
61 28 67
61 29 42
61 30 57
61 31 37
61 32 69
61 33 23
61 34 48
61 35 51
61 36 24
61 37 59
61 38 8
61 39 33
61 40 40
61 41 9
61 42 38
61 43 55
61 44 26
61 45 42
61 46 36
61 47 61
61 48 35
61 49 51
61 50 36
61 51 43
61 52 29
61 53 7
61 54 39
61 55 63
61 56 21
61 57 60
61 58 56
61 59 26
61 60 52
61 61 -1
61 62 48
61 63 54
61 64 58
61 65 15
61 66 29
61 67 49
61 68 51
61 69 21
61 70 62
61 71 59
61 72 61
61 73 56
61 74 25
61 75 55
61 76 35
61 77 49
61 78 41
61 79 53
61 80 30
62 1 36
62 2 55
62 3 33
62 4 13
62 5 49
62 6 67
62 7 75
62 8 23
62 9 62
62 10 49
62 11 21
62 12 26
62 13 39
62 14 5
62 15 68
62 16 18
62 17 29
62 18 74
62 19 47
62 20 26
62 21 47
62 22 47
62 23 35
62 24 6
62 25 32
62 26 74
62 27 13
62 28 58
62 29 12
62 30 50
62 31 71
62 32 79
62 33 26
62 34 66
62 35 55
62 36 47
62 37 38
62 38 57
62 39 43
62 40 68
62 41 57
62 42 42
62 43 13
62 44 38
62 45 38
62 46 38
62 47 63
62 48 38
62 49 21
62 50 69
62 51 74
62 52 50
62 53 41
62 54 35
62 55 23
62 56 27
62 57 47
62 58 70
62 59 31
62 60 4
62 61 48
62 62 -1
62 63 7
62 64 43
62 65 58
62 66 78
62 67 5
62 68 58
62 69 36
62 70 76
62 71 52
62 72 40
62 73 67
62 74 23
62 75 30
62 76 40
62 77 66
62 78 70
62 79 6
62 80 20
63 1 29
63 2 52
63 3 27
63 4 14
63 5 47
63 6 65
63 7 75
63 8 30
63 9 60
63 10 50
63 11 16
63 12 25
63 13 36
63 14 11
63 15 66
63 16 13
63 17 36
63 18 79
63 19 49
63 20 33
63 21 41
63 22 49
63 23 32
63 24 7
63 25 27
63 26 78
63 27 10
63 28 54
63 29 19
63 30 48
63 31 73
63 32 77
63 33 33
63 34 66
63 35 54
63 36 49
63 37 33
63 38 63
63 39 45
63 40 70
63 41 63
63 42 42
63 43 6
63 44 45
63 45 37
63 46 39
63 47 61
63 48 39
63 49 18
63 50 71
63 51 76
63 52 52
63 53 47
63 54 42
63 55 16
63 56 32
63 57 44
63 58 69
63 59 33
63 60 3
63 61 54
63 62 7
63 63 -1
63 64 40
63 65 63
63 66 83
63 67 5
63 68 57
63 69 43
63 70 75
63 71 49
63 72 36
63 73 66
63 74 29
63 75 26
63 76 41
63 77 66
63 78 72
63 79 1
63 80 27
64 1 32
64 2 12
64 3 18
64 4 31
64 5 11
64 6 25
64 7 40
64 8 65
64 9 20
64 10 27
64 11 25
64 12 18
64 13 5
64 14 42
64 15 27
64 16 27
64 17 52
64 18 73
64 19 34
64 20 59
64 21 15
64 22 31
64 23 8
64 24 37
64 25 14
64 26 62
64 27 30
64 28 14
64 29 52
64 30 9
64 31 53
64 32 39
64 33 52
64 34 36
64 35 19
64 36 37
64 37 8
64 38 64
64 39 27
64 40 46
64 41 67
64 42 21
64 43 34
64 44 67
64 45 15
64 46 22
64 47 23
64 48 23
64 49 22
64 50 51
64 51 52
64 52 35
64 53 54
64 54 71
64 55 31
64 56 42
64 57 3
64 58 35
64 59 33
64 60 42
64 61 58
64 62 43
64 63 40
64 64 -1
64 65 56
64 66 78
64 67 38
64 68 22
64 69 62
64 70 40
64 71 10
64 72 7
64 73 31
64 74 46
64 75 14
64 76 23
64 77 35
64 78 48
64 79 41
64 80 50
65 1 79
65 2 60
65 3 65
65 4 50
65 5 48
65 6 58
65 7 49
65 8 61
65 9 57
65 10 30
65 11 61
65 12 47
65 13 52
65 14 53
65 15 56
65 16 61
65 17 34
65 18 17
65 19 21
65 20 45
65 21 71
65 22 25
65 23 51
65 24 55
65 25 60
65 26 18
65 27 57
65 28 62
65 29 54
65 30 52
65 31 21
65 32 58
65 33 37
65 34 36
65 35 44
65 36 19
65 37 59
65 38 13
65 39 29
65 40 26
65 41 18
65 42 34
65 43 63
65 44 42
65 45 41
65 46 34
65 47 53
65 48 33
65 49 55
65 50 21
65 51 28
65 52 21
65 53 21
65 54 54
65 55 69
65 56 31
65 57 58
65 58 45
65 59 30
65 60 62
65 61 15
65 62 58
65 63 63
65 64 56
65 65 -1
65 66 22
65 67 57
65 68 44
65 69 37
65 70 50
65 71 54
65 72 60
65 73 46
65 74 36
65 75 58
65 76 32
65 77 38
65 78 26
65 79 62
65 80 43
66 1 101
66 2 81
66 3 87
66 4 71
66 5 69
66 6 76
66 7 64
66 8 75
66 9 76
66 10 50
66 11 82
66 12 69
66 13 74
66 14 72
66 15 74
66 16 83
66 17 50
66 18 4
66 19 43
66 20 60
66 21 93
66 22 47
66 23 73
66 24 75
66 25 82
66 26 23
66 27 78
66 28 82
66 29 71
66 30 73
66 31 33
66 32 74
66 33 53
66 34 53
66 35 64
66 36 41
66 37 81
66 38 21
66 39 50
66 40 41
66 41 24
66 42 56
66 43 84
66 44 53
66 45 63
66 46 56
66 47 72
66 48 55
66 49 77
66 50 34
66 51 39
66 52 42
66 53 37
66 54 66
66 55 90
66 56 50
66 57 79
66 58 62
66 59 51
66 60 81
66 61 29
66 62 78
66 63 83
66 64 78
66 65 22
66 66 -1
66 67 78
66 68 63
66 69 49
66 70 66
66 71 75
66 72 82
66 73 63
66 74 54
66 75 80
66 76 54
66 77 55
66 78 40
66 79 82
66 80 60
67 1 31
67 2 50
67 3 27
67 4 9
67 5 44
67 6 61
67 7 71
67 8 29
67 9 57
67 10 45
67 11 15
67 12 21
67 13 34
67 14 7
67 15 63
67 16 13
67 17 31
67 18 73
67 19 44
67 20 30
67 21 41
67 22 44
67 23 29
67 24 2
67 25 26
67 26 73
67 27 8
67 28 52
67 29 17
67 30 45
67 31 68
67 32 74
67 33 28
67 34 62
67 35 50
67 36 44
67 37 32
67 38 57
67 39 40
67 40 65
67 41 58
67 42 37
67 43 8
67 44 41
67 45 33
67 46 34
67 47 58
67 48 34
67 49 15
67 50 66
67 51 71
67 52 47
67 53 41
67 54 40
67 55 18
67 56 27
67 57 41
67 58 65
67 59 28
67 60 5
67 61 49
67 62 5
67 63 5
67 64 38
67 65 57
67 66 78
67 67 -1
67 68 53
67 69 39
67 70 71
67 71 47
67 72 34
67 73 62
67 74 24
67 75 24
67 76 36
67 77 61
67 78 67
67 79 5
67 80 23
68 1 54
68 2 19
68 3 40
68 4 44
68 5 11
68 6 14
68 7 18
68 8 75
68 9 13
68 10 15
68 11 44
68 12 31
68 13 23
68 14 54
68 15 13
68 16 46
68 17 54
68 18 59
68 19 24
68 20 64
68 21 37
68 22 20
68 23 26
68 24 51
68 25 36
68 26 43
68 27 47
68 28 20
68 29 62
68 30 14
68 31 33
68 32 21
68 33 55
68 34 14
68 35 3
68 36 27
68 37 30
68 38 56
68 39 20
68 40 25
68 41 60
68 42 17
68 43 52
68 44 69
68 45 20
68 46 21
68 47 9
68 48 21
68 49 40
68 50 31
68 51 31
68 52 23
68 53 50
68 54 77
68 55 52
68 56 44
68 57 21
68 58 13
68 59 34
68 60 58
68 61 51
68 62 58
68 63 57
68 64 22
68 65 44
68 66 63
68 67 53
68 68 -1
68 69 64
68 70 18
68 71 14
68 72 29
68 73 9
68 74 50
68 75 35
68 76 20
68 77 12
68 78 27
68 79 57
68 80 57
69 1 69
69 2 72
69 3 61
69 4 37
69 5 61
69 6 77
69 7 76
69 8 26
69 9 74
69 10 49
69 11 51
69 12 45
69 13 57
69 14 32
69 15 76
69 16 50
69 17 10
69 18 46
69 19 41
69 20 11
69 21 73
69 22 44
69 23 54
69 24 37
69 25 58
69 26 55
69 27 44
69 28 74
69 29 26
69 30 64
69 31 57
69 32 84
69 33 11
69 34 64
69 35 62
69 36 38
69 37 61
69 38 28
69 39 43
69 40 59
69 41 25
69 42 47
69 43 47
69 44 5
69 45 48
69 46 44
69 47 72
69 48 43
69 49 47
69 50 56
69 51 62
69 52 43
69 53 16
69 54 17
69 55 57
69 56 20
69 57 65
69 58 72
69 59 30
69 60 41
69 61 21
69 62 36
69 63 43
69 64 62
69 65 37
69 66 49
69 67 39
69 68 64
69 69 -1
69 70 78
69 71 66
69 72 63
69 73 70
69 74 17
69 75 55
69 76 43
69 77 65
69 78 60
69 79 42
69 80 16
70 1 72
70 2 32
70 3 58
70 4 63
70 5 29
70 6 18
70 7 2
70 8 92
70 9 22
70 10 29
70 11 62
70 12 50
70 13 41
70 14 72
70 15 14
70 16 65
70 17 70
70 18 63
70 19 37
70 20 80
70 21 52
70 22 33
70 23 44
70 24 70
70 25 54
70 26 43
70 27 65
70 28 31
70 29 80
70 30 31
70 31 33
70 32 8
70 33 71
70 34 14
70 35 21
70 36 39
70 37 48
70 38 64
70 39 35
70 40 25
70 41 69
70 42 34
70 43 71
70 44 83
70 45 38
70 46 38
70 47 17
70 48 39
70 49 58
70 50 32
70 51 27
70 52 34
70 53 63
70 54 93
70 55 70
70 56 60
70 57 38
70 58 6
70 59 50
70 60 76
70 61 62
70 62 76
70 63 75
70 64 40
70 65 50
70 66 66
70 67 71
70 68 18
70 69 78
70 70 -1
70 71 30
70 72 47
70 73 9
70 74 66
70 75 53
70 76 37
70 77 13
70 78 26
70 79 76
70 80 73
71 1 42
71 2 6
71 3 28
71 4 39
71 5 6
71 6 15
71 7 30
71 8 72
71 9 10
71 10 24
71 11 34
71 12 26
71 13 13
71 14 50
71 15 17
71 16 37
71 17 56
71 18 71
71 19 32
71 20 64
71 21 22
71 22 28
71 23 17
71 24 46
71 25 24
71 26 57
71 27 39
71 28 8
71 29 59
71 30 2
71 31 47
71 32 29
71 33 57
71 34 28
71 35 12
71 36 35
71 37 18
71 38 64
71 39 26
71 40 39
71 41 68
71 42 21
71 43 44
71 44 71
71 45 18
71 46 23
71 47 13
71 48 24
71 49 31
71 50 45
71 51 45
71 52 32
71 53 56
71 54 77
71 55 41
71 56 46
71 57 8
71 58 25
71 59 36
71 60 51
71 61 59
71 62 52
71 63 49
71 64 10
71 65 54
71 66 75
71 67 47
71 68 14
71 69 66
71 70 30
71 71 -1
71 72 17
71 73 21
71 74 51
71 75 24
71 76 24
71 77 26
71 78 41
71 79 50
71 80 56
72 1 25
72 2 17
72 3 11
72 4 29
72 5 18
72 6 31
72 7 47
72 8 62
72 9 26
72 10 33
72 11 19
72 12 18
72 13 8
72 14 39
72 15 34
72 16 22
72 17 53
72 18 78
72 19 39
72 20 58
72 21 10
72 22 36
72 23 9
72 24 34
72 25 8
72 26 68
72 27 26
72 28 19
72 29 49
72 30 16
72 31 59
72 32 46
72 33 52
72 34 43
72 35 26
72 36 41
72 37 2
72 38 68
72 39 32
72 40 52
72 41 70
72 42 26
72 43 29
72 44 67
72 45 19
72 46 26
72 47 30
72 48 26
72 49 18
72 50 57
72 51 58
72 52 40
72 53 56
72 54 70
72 55 25
72 56 43
72 57 9
72 58 42
72 59 34
72 60 38
72 61 61
72 62 40
72 63 36
72 64 7
72 65 60
72 66 82
72 67 34
72 68 29
72 69 63
72 70 47
72 71 17
72 72 -1
72 73 38
72 74 46
72 75 10
72 76 28
72 77 42
72 78 54
72 79 36
72 80 50
73 1 63
73 2 25
73 3 49
73 4 53
73 5 20
73 6 13
73 7 9
73 8 83
73 9 16
73 10 21
73 11 53
73 12 41
73 13 32
73 14 63
73 15 10
73 16 55
73 17 61
73 18 60
73 19 29
73 20 72
73 21 44
73 22 26
73 23 35
73 24 60
73 25 45
73 26 42
73 27 56
73 28 25
73 29 71
73 30 22
73 31 31
73 32 13
73 33 63
73 34 10
73 35 12
73 36 32
73 37 39
73 38 59
73 39 26
73 40 23
73 41 63
73 42 25
73 43 61
73 44 76
73 45 29
73 46 29
73 47 10
73 48 30
73 49 49
73 50 30
73 51 27
73 52 27
73 53 56
73 54 84
73 55 61
73 56 51
73 57 29
73 58 4
73 59 41
73 60 67
73 61 56
73 62 67
73 63 66
73 64 31
73 65 46
73 66 63
73 67 62
73 68 9
73 69 70
73 70 9
73 71 21
73 72 38
73 73 -1
73 74 57
73 75 44
73 76 28
73 77 8
73 78 24
73 79 66
73 80 65
74 1 53
74 2 56
74 3 44
74 4 20
74 5 46
74 6 62
74 7 65
74 8 26
74 9 59
74 10 36
74 11 35
74 12 28
74 13 41
74 14 18
74 15 63
74 16 34
74 17 7
74 18 50
74 19 30
74 20 14
74 21 56
74 22 33
74 23 37
74 24 22
74 25 41
74 26 54
74 27 28
74 28 58
74 29 18
74 30 48
74 31 52
74 32 71
74 33 6
74 34 53
74 35 48
74 36 29
74 37 44
74 38 33
74 39 31
74 40 51
74 41 33
74 42 32
74 43 32
74 44 21
74 45 33
74 46 29
74 47 58
74 48 28
74 49 30
74 50 50
74 51 56
74 52 34
74 53 17
74 54 27
74 55 41
74 56 6
74 57 49
74 58 60
74 59 16
74 60 27
74 61 25
74 62 23
74 63 29
74 64 46
74 65 36
74 66 54
74 67 24
74 68 50
74 69 17
74 70 66
74 71 51
74 72 46
74 73 57
74 74 -1
74 75 38
74 76 29
74 77 54
74 78 53
74 79 29
74 80 7
75 1 21
75 2 26
75 3 7
75 4 19
75 5 24
75 6 39
75 7 53
75 8 52
75 9 34
75 10 34
75 11 10
75 12 11
75 13 12
75 14 29
75 15 42
75 16 13
75 17 45
75 18 75
75 19 37
75 20 49
75 21 18
75 22 35
75 23 9
75 24 24
75 25 3
75 26 67
75 27 16
75 28 28
75 29 39
75 30 23
75 31 60
75 32 53
75 33 44
75 34 47
75 35 32
75 36 39
75 37 7
75 38 63
75 39 31
75 40 54
75 41 65
75 42 25
75 43 20
75 44 59
75 45 18
75 46 24
75 47 37
75 48 25
75 49 8
75 50 58
75 51 60
75 52 39
75 53 50
75 54 61
75 55 17
75 56 36
75 57 18
75 58 48
75 59 29
75 60 28
75 61 55
75 62 30
75 63 26
75 64 14
75 65 58
75 66 80
75 67 24
75 68 35
75 69 55
75 70 53
75 71 24
75 72 10
75 73 44
75 74 38
75 75 -1
75 76 26
75 77 46
75 78 56
75 79 26
75 80 41
76 1 48
76 2 30
76 3 34
76 4 27
76 5 18
76 6 33
76 7 36
76 8 55
76 9 30
76 10 9
76 11 32
76 12 17
76 13 19
76 14 36
76 15 33
76 16 33
76 17 34
76 18 50
76 19 11
76 20 44
76 21 38
76 22 8
76 23 19
76 24 34
76 25 29
76 26 41
76 27 32
76 28 32
76 29 43
76 30 22
76 31 34
76 32 41
76 33 35
76 34 26
76 35 18
76 36 13
76 37 27
76 38 41
76 39 4
76 40 29
76 41 44
76 42 3
76 43 38
76 44 49
76 45 8
76 46 2
76 47 28
76 48 2
76 49 26
76 50 31
76 51 35
76 52 13
76 53 32
76 54 57
76 55 41
76 56 23
76 57 25
76 58 31
76 59 13
76 60 41
76 61 35
76 62 40
76 63 41
76 64 23
76 65 32
76 66 54
76 67 36
76 68 20
76 69 43
76 70 37
76 71 24
76 72 28
76 73 28
76 74 29
76 75 26
76 76 -1
76 77 26
76 78 31
76 79 41
76 80 36
77 1 66
77 2 31
77 3 52
77 4 52
77 5 23
77 6 21
77 7 11
77 8 80
77 9 23
77 10 17
77 11 55
77 12 41
77 13 34
77 14 62
77 15 18
77 16 57
77 17 57
77 18 52
77 19 24
77 20 68
77 21 49
77 22 21
77 23 37
77 24 60
77 25 47
77 26 33
77 27 56
77 28 31
77 29 68
77 30 26
77 31 23
77 32 19
77 33 58
77 34 2
77 35 15
77 36 26
77 37 42
77 38 51
77 39 23
77 40 14
77 41 56
77 42 24
77 43 62
77 44 70
77 45 29
77 46 27
77 47 18
77 48 27
77 49 50
77 50 21
77 51 19
77 52 21
77 53 50
77 54 80
77 55 63
77 56 47
77 57 34
77 58 7
77 59 38
77 60 66
77 61 49
77 62 66
77 63 66
77 64 35
77 65 38
77 66 55
77 67 61
77 68 12
77 69 65
77 70 13
77 71 26
77 72 42
77 73 8
77 74 54
77 75 46
77 76 26
77 77 -1
77 78 16
77 79 66
77 80 61
78 1 78
78 2 46
78 3 63
78 4 58
78 5 37
78 6 38
78 7 24
78 8 80
78 9 39
78 10 22
78 11 63
78 12 49
78 13 46
78 14 65
78 15 35
78 16 65
78 17 54
78 18 37
78 19 23
78 20 65
78 21 63
78 22 23
78 23 47
78 24 65
78 25 58
78 26 17
78 27 63
78 28 47
78 29 70
78 30 41
78 31 7
78 32 34
78 33 56
78 34 14
78 35 29
78 36 23
78 37 54
78 38 40
78 39 27
78 40 2
78 41 45
78 42 31
78 43 69
78 44 65
78 45 37
78 46 33
78 47 34
78 48 33
78 49 58
78 50 6
78 51 4
78 52 20
78 53 44
78 54 77
78 55 72
78 56 46
78 57 48
78 58 22
78 59 39
78 60 72
78 61 41
78 62 70
78 63 72
78 64 48
78 65 26
78 66 40
78 67 67
78 68 27
78 69 60
78 70 26
78 71 41
78 72 54
78 73 24
78 74 53
78 75 56
78 76 31
78 77 16
78 78 -1
78 79 72
78 80 60
79 1 30
79 2 53
79 3 28
79 4 14
79 5 48
79 6 65
79 7 75
79 8 29
79 9 60
79 10 50
79 11 17
79 12 25
79 13 37
79 14 10
79 15 67
79 16 14
79 17 35
79 18 78
79 19 49
79 20 32
79 21 42
79 22 49
79 23 33
79 24 7
79 25 28
79 26 78
79 27 10
79 28 55
79 29 18
79 30 48
79 31 73
79 32 78
79 33 32
79 34 67
79 35 54
79 36 49
79 37 34
79 38 62
79 39 45
79 40 70
79 41 62
79 42 42
79 43 7
79 44 44
79 45 37
79 46 39
79 47 62
79 48 39
79 49 18
79 50 71
79 51 76
79 52 52
79 53 46
79 54 41
79 55 17
79 56 32
79 57 44
79 58 70
79 59 33
79 60 2
79 61 53
79 62 6
79 63 1
79 64 41
79 65 62
79 66 82
79 67 5
79 68 57
79 69 42
79 70 76
79 71 50
79 72 36
79 73 66
79 74 29
79 75 26
79 76 41
79 77 66
79 78 72
79 79 -1
79 80 26
80 1 54
80 2 61
80 3 47
80 4 22
80 5 52
80 6 69
80 7 72
80 8 19
80 9 65
80 10 44
80 11 36
80 12 32
80 13 45
80 14 16
80 15 69
80 16 34
80 17 9
80 18 56
80 19 38
80 20 8
80 21 59
80 22 40
80 23 42
80 24 21
80 25 44
80 26 61
80 27 28
80 28 63
80 29 11
80 30 54
80 31 59
80 32 78
80 33 6
80 34 61
80 35 55
80 36 37
80 37 47
80 38 38
80 39 38
80 40 59
80 41 37
80 42 39
80 43 31
80 44 18
80 45 39
80 46 36
80 47 64
80 48 35
80 49 33
80 50 57
80 51 64
80 52 41
80 53 22
80 54 21
80 55 41
80 56 14
80 57 54
80 58 67
80 59 23
80 60 25
80 61 30
80 62 20
80 63 27
80 64 50
80 65 43
80 66 60
80 67 23
80 68 57
80 69 16
80 70 73
80 71 56
80 72 50
80 73 65
80 74 7
80 75 41
80 76 36
80 77 61
80 78 60
80 79 26
80 80 -1
