80 33
80 74
80 17
80 20
80 56
80 29
57 64
57 2
57 5
57 37
57 71
57 72
57 13
57 21
57 23
57 28
57 30
10 35
10 36
10 68
10 39
10 42
10 76
10 45
10 46
10 48
10 19
10 52
10 22
66 18
48 36
48 39
48 10
48 42
48 12
48 45
48 46
48 76
48 19
48 52
48 22
48 59
35 68
35 5
35 6
35 71
35 9
35 10
35 42
35 73
35 77
35 15
35 47
35 30
71 64
71 2
71 35
71 68
71 5
71 6
71 9
71 13
71 47
71 57
71 28
71 30
50 40
50 78
50 51
50 26
50 31
25 64
25 3
25 37
25 72
25 11
25 12
25 13
25 75
25 16
25 49
25 21
25 23
24 67
24 4
24 43
24 14
24 79
24 16
24 49
24 27
24 60
24 62
24 63
28 64
28 2
28 5
28 6
28 71
28 9
28 47
28 57
28 30
76 36
76 39
76 10
76 42
76 45
76 46
76 48
76 19
76 52
76 22
76 59
75 64
75 3
75 37
75 72
75 11
75 12
75 13
75 16
75 49
75 23
75 25
6 32
6 2
6 35
6 68
6 71
6 9
6 73
6 15
6 47
6 28
65 61
65 38
16 3
16 4
16 67
16 11
16 43
16 75
16 79
16 49
16 55
16 24
16 25
16 27
16 63
78 34
78 40
78 50
78 51
78 31
8 29
8 54
27 67
27 4
27 11
27 12
27 43
27 14
27 79
27 16
27 49
27 55
27 24
27 60
27 62
27 63
67 4
67 11
67 43
67 14
67 79
67 16
67 49
67 24
67 27
67 60
67 62
67 63
31 40
31 78
31 50
31 51
31 26
20 33
20 69
20 74
20 44
20 80
20 17
20 54
20 29
3 1
3 37
3 72
3 11
3 75
3 16
3 49
3 21
3 55
3 23
3 25
56 33
56 74
56 80
56 17
56 53
56 59
11 3
11 4
11 67
11 43
11 12
11 75
11 16
11 49
11 55
11 25
11 27
19 36
19 39
19 10
19 42
19 76
19 46
19 48
19 52
19 22
60 67
60 4
60 43
60 14
60 79
60 24
60 27
60 62
60 63
13 64
13 5
13 37
13 71
13 72
13 75
13 12
13 45
13 23
13 25
13 30
13 57
34 68
34 70
34 7
34 40
34 73
34 77
34 78
34 58
61 65
61 41
61 53
61 38
62 67
62 4
62 43
62 14
62 79
62 24
62 27
62 60
62 29
62 63
49 3
49 4
49 67
49 11
49 12
49 43
49 75
49 16
49 55
49 23
49 24
49 25
49 27
15 32
15 35
15 68
15 6
15 7
15 70
15 9
15 73
15 47
15 58
12 4
12 37
12 11
12 75
12 13
12 45
12 46
12 48
12 49
12 23
12 25
12 27
55 1
55 3
55 11
55 43
55 16
55 49
55 27
38 65
38 41
38 61
52 36
52 39
52 10
52 42
52 76
52 46
52 48
52 19
52 22
59 36
59 39
59 76
59 46
59 48
59 56
54 8
54 20
54 44
68 34
68 35
68 5
68 6
68 71
68 9
68 10
68 73
68 77
68 15
68 47
68 58
68 30
