1 1 -1
1 2 17
1 3 17
1 4 14
1 5 13
1 6 4
1 7 10
1 8 11
1 9 11
1 10 15
1 11 18
1 12 14
1 13 20
1 14 9
1 15 4
1 16 16
1 17 9
1 18 5
1 19 12
1 20 24
1 21 19
2 1 17
2 2 -1
2 3 1
2 4 9
2 5 10
2 6 16
2 7 8
2 8 6
2 9 8
2 10 7
2 11 11
2 12 4
2 13 4
2 14 7
2 15 14
2 16 13
2 17 12
2 18 14
2 19 9
2 20 7
2 21 9
3 1 17
3 2 1
3 3 -1
3 4 8
3 5 11
3 6 15
3 7 7
3 8 6
3 9 9
3 10 8
3 11 13
3 12 5
3 13 5
3 14 8
3 15 15
3 16 12
3 17 12
3 18 14
3 19 10
3 20 7
3 21 10
4 1 14
4 2 9
4 3 8
4 4 -1
4 5 16
4 6 11
4 7 5
4 8 10
4 9 13
4 10 14
4 11 19
4 12 11
4 13 13
4 14 10
4 15 15
4 16 3
4 17 15
4 18 10
4 19 14
4 20 12
4 21 18
5 1 13
5 2 10
5 3 11
5 4 16
5 5 -1
5 6 14
5 7 11
5 8 5
5 9 2
5 10 3
5 11 5
5 12 6
5 13 11
5 14 5
5 15 9
5 16 19
5 17 4
5 18 13
5 19 1
5 20 17
5 21 6
6 1 4
6 2 16
6 3 15
6 4 11
6 5 14
6 6 -1
6 7 8
6 8 11
6 9 12
6 10 16
6 11 19
6 12 14
6 13 19
6 14 10
6 15 7
6 16 12
6 17 11
6 18 1
6 19 13
6 20 22
6 21 20
7 1 10
7 2 8
7 3 7
7 4 5
7 5 11
7 6 8
7 7 -1
7 8 5
7 9 8
7 10 10
7 11 15
7 12 7
7 13 12
7 14 5
7 15 10
7 16 8
7 17 10
7 18 7
7 19 10
7 20 13
7 21 14
8 1 11
8 2 6
8 3 6
8 4 10
8 5 5
8 6 11
8 7 5
8 8 -1
8 9 3
8 10 5
8 11 10
8 12 3
8 13 9
8 14 1
8 15 8
8 16 13
8 17 6
8 18 10
8 19 4
8 20 13
8 21 9
9 1 11
9 2 8
9 3 9
9 4 13
9 5 2
9 6 12
9 7 8
9 8 3
9 9 -1
9 10 4
9 11 7
9 12 4
9 13 10
9 14 2
9 15 7
9 16 16
9 17 3
9 18 11
9 19 1
9 20 16
9 21 8
10 1 15
10 2 7
10 3 8
10 4 14
10 5 3
10 6 16
10 7 10
10 8 5
10 9 4
10 10 -1
10 11 5
10 12 3
10 13 7
10 14 6
10 15 11
10 16 18
10 17 7
10 18 15
10 19 3
10 20 14
10 21 4
11 1 18
11 2 11
11 3 13
11 4 19
11 5 5
11 6 19
11 7 15
11 8 10
11 9 7
11 10 5
11 11 -1
11 12 8
11 13 11
11 14 10
11 15 14
11 16 23
11 17 9
11 18 18
11 19 6
11 20 18
11 21 3
12 1 14
12 2 4
12 3 5
12 4 11
12 5 6
12 6 14
12 7 7
12 8 3
12 9 4
12 10 3
12 11 8
12 12 -1
12 13 6
12 14 4
12 15 11
12 16 14
12 17 8
12 18 13
12 19 5
12 20 11
12 21 7
13 1 20
13 2 4
13 3 5
13 4 13
13 5 11
13 6 19
13 7 12
13 8 9
13 9 10
13 10 7
13 11 11
13 12 6
13 13 -1
13 14 10
13 15 17
13 16 17
13 17 14
13 18 18
13 19 10
13 20 7
13 21 8
14 1 9
14 2 7
14 3 8
14 4 10
14 5 5
14 6 10
14 7 5
14 8 1
14 9 2
14 10 6
14 11 10
14 12 4
14 13 10
14 14 -1
14 15 7
14 16 13
14 17 5
14 18 9
14 19 4
14 20 15
14 21 10
15 1 4
15 2 14
15 3 15
15 4 15
15 5 9
15 6 7
15 7 10
15 8 8
15 9 7
15 10 11
15 11 14
15 12 11
15 13 17
15 14 7
15 15 -1
15 16 17
15 17 5
15 18 7
15 19 8
15 20 22
15 21 15
16 1 16
16 2 13
16 3 12
16 4 3
16 5 19
16 6 12
16 7 8
16 8 13
16 9 16
16 10 18
16 11 23
16 12 14
16 13 17
16 14 13
16 15 17
16 16 -1
16 17 18
16 18 11
16 19 18
16 20 15
16 21 22
17 1 9
17 2 12
17 3 12
17 4 15
17 5 4
17 6 11
17 7 10
17 8 6
17 9 3
17 10 7
17 11 9
17 12 8
17 13 14
17 14 5
17 15 5
17 16 18
17 17 -1
17 18 10
17 19 3
17 20 19
17 21 10
18 1 5
18 2 14
18 3 14
18 4 10
18 5 13
18 6 1
18 7 7
18 8 10
18 9 11
18 10 15
18 11 18
18 12 13
18 13 18
18 14 9
18 15 7
18 16 11
18 17 10
18 18 -1
18 19 12
18 20 20
18 21 19
19 1 12
19 2 9
19 3 10
19 4 14
19 5 1
19 6 13
19 7 10
19 8 4
19 9 1
19 10 3
19 11 6
19 12 5
19 13 10
19 14 4
19 15 8
19 16 18
19 17 3
19 18 12
19 19 -1
19 20 16
19 21 7
20 1 24
20 2 7
20 3 7
20 4 12
20 5 17
20 6 22
20 7 13
20 8 13
20 9 16
20 10 14
20 11 18
20 12 11
20 13 7
20 14 15
20 15 22
20 16 15
20 17 19
20 18 20
20 19 16
20 20 -1
20 21 15
21 1 19
21 2 9
21 3 10
21 4 18
21 5 6
21 6 20
21 7 14
21 8 9
21 9 8
21 10 4
21 11 3
21 12 7
21 13 8
21 14 10
21 15 15
21 16 22
21 17 10
21 18 19
21 19 7
21 20 15
21 21 -1
