1 1 -1
1 2 11
1 3 11
1 4 12
1 5 5
1 6 2
1 7 6
1 8 12
1 9 13
1 10 8
1 11 14
1 12 13
1 13 16
1 14 20
1 15 13
1 16 9
1 17 6
1 18 11
1 19 11
1 20 13
1 21 21
1 22 18
1 23 9
1 24 6
1 25 8
1 26 9
1 27 11
1 28 2
1 29 14
2 1 11
2 2 -1
2 3 4
2 4 8
2 5 7
2 6 9
2 7 15
2 8 18
2 9 8
2 10 12
2 11 22
2 12 8
2 13 26
2 14 31
2 15 19
2 16 5
2 17 7
2 18 10
2 19 17
2 20 4
2 21 31
2 22 29
2 23 20
2 24 7
2 25 10
2 26 21
2 27 21
2 28 11
2 29 26
3 1 11
3 2 4
3 3 -1
3 4 4
3 5 6
3 6 9
3 7 13
3 8 20
3 9 12
3 10 9
3 11 19
3 12 4
3 13 24
3 14 29
3 15 16
3 16 2
3 17 5
3 18 6
3 19 19
3 20 8
3 21 29
3 22 27
3 23 18
3 24 9
3 25 7
3 26 20
3 27 22
3 28 11
3 29 24
4 1 12
4 2 8
4 3 4
4 4 -1
4 5 7
4 6 10
4 7 13
4 8 23
4 9 16
4 10 7
4 11 16
4 12 1
4 13 22
4 14 28
4 15 13
4 16 3
4 17 5
4 18 2
4 19 21
4 20 12
4 21 27
4 22 26
4 23 18
4 24 12
4 25 5
4 26 20
4 27 23
4 28 13
4 29 24
5 1 5
5 2 7
5 3 6
5 4 7
5 5 -1
5 6 3
5 7 8
5 8 16
5 9 12
5 10 6
5 11 15
5 12 8
5 13 19
5 14 24
5 15 13
5 16 4
5 17 2
5 18 7
5 19 15
5 20 10
5 21 24
5 22 22
5 23 13
5 24 6
5 25 5
5 26 14
5 27 16
5 28 5
5 29 18
6 1 2
6 2 9
6 3 9
6 4 10
6 5 3
6 6 -1
6 7 7
6 8 13
6 9 12
6 10 7
6 11 14
6 12 11
6 13 17
6 14 21
6 15 13
6 16 7
6 17 5
6 18 9
6 19 12
6 20 11
6 21 22
6 22 20
6 23 11
6 24 5
6 25 7
6 26 11
6 27 13
6 28 2
6 29 16
7 1 6
7 2 15
7 3 13
7 4 13
7 5 8
7 6 7
7 7 -1
7 8 17
7 9 19
7 10 6
7 11 8
7 12 14
7 13 10
7 14 15
7 15 7
7 16 11
7 17 8
7 18 11
7 19 17
7 20 18
7 21 15
7 22 13
7 23 5
7 24 12
7 25 8
7 26 7
7 27 14
7 28 8
7 29 11
8 1 12
8 2 18
8 3 20
8 4 23
8 5 16
8 6 13
8 7 17
8 8 -1
8 9 13
8 10 20
8 11 25
8 12 24
8 13 24
8 14 24
8 15 24
8 16 19
8 17 18
8 18 23
8 19 2
8 20 17
8 21 27
8 22 23
8 23 18
8 24 11
8 25 20
8 26 15
8 27 6
8 28 10
8 29 19
9 1 13
9 2 8
9 3 12
9 4 16
9 5 12
9 6 12
9 7 19
9 8 13
9 9 -1
9 10 18
9 11 26
9 12 16
9 13 29
9 14 32
9 15 25
9 16 13
9 17 14
9 18 18
9 19 11
9 20 5
9 21 34
9 22 31
9 23 22
9 24 6
9 25 17
9 26 21
9 27 17
9 28 11
9 29 26
10 1 8
10 2 12
10 3 9
10 4 7
10 5 6
10 6 7
10 7 6
10 8 20
10 9 18
10 10 -1
10 11 9
10 12 8
10 13 15
10 14 21
10 15 7
10 16 7
10 17 4
10 18 5
10 19 19
10 20 15
10 21 20
10 22 19
10 23 11
10 24 12
10 25 2
10 26 13
10 27 19
10 28 9
10 29 17
11 1 14
11 2 22
11 3 19
11 4 16
11 5 15
11 6 14
11 7 8
11 8 25
11 9 26
11 10 9
11 11 -1
11 12 17
11 13 7
11 14 14
11 15 3
11 16 16
11 17 14
11 18 13
11 19 25
11 20 25
11 21 12
11 22 12
11 23 8
11 24 20
11 25 12
11 26 11
11 27 21
11 28 16
11 29 12
12 1 13
12 2 8
12 3 4
12 4 1
12 5 8
12 6 11
12 7 14
12 8 24
12 9 16
12 10 8
12 11 17
12 12 -1
12 13 23
12 14 29
12 15 14
12 16 4
12 17 6
12 18 3
12 19 22
12 20 12
12 21 28
12 22 27
12 23 19
12 24 12
12 25 6
12 26 21
12 27 24
12 28 13
12 29 25
13 1 16
13 2 26
13 3 24
13 4 22
13 5 19
13 6 17
13 7 10
13 8 24
13 9 29
13 10 15
13 11 7
13 12 23
13 13 -1
13 14 7
13 15 10
13 16 21
13 17 18
13 18 19
13 19 24
13 20 29
13 21 5
13 22 5
13 23 6
13 24 22
13 25 17
13 26 9
13 27 19
13 28 18
13 29 6
14 1 20
14 2 31
14 3 29
14 4 28
14 5 24
14 6 21
14 7 15
14 8 24
14 9 32
14 10 21
14 11 14
14 12 29
14 13 7
14 14 -1
14 15 17
14 16 27
14 17 24
14 18 26
14 19 25
14 20 33
14 21 4
14 22 2
14 23 10
14 24 26
14 25 23
14 26 10
14 27 18
14 28 21
14 29 5
15 1 13
15 2 19
15 3 16
15 4 13
15 5 13
15 6 13
15 7 7
15 8 24
15 9 25
15 10 7
15 11 3
15 12 14
15 13 10
15 14 17
15 15 -1
15 16 14
15 17 11
15 18 10
15 19 24
15 20 22
15 21 15
15 22 15
15 23 9
15 24 18
15 25 9
15 26 12
15 27 21
15 28 15
15 29 14
16 1 9
16 2 5
16 3 2
16 4 3
16 5 4
16 6 7
16 7 11
16 8 19
16 9 13
16 10 7
16 11 16
16 12 4
16 13 21
16 14 27
16 15 14
16 16 -1
16 17 3
16 18 5
16 19 18
16 20 9
16 21 27
16 22 25
16 23 16
16 24 8
16 25 5
16 26 18
16 27 20
16 28 9
16 29 22
17 1 6
17 2 7
17 3 5
17 4 5
17 5 2
17 6 5
17 7 8
17 8 18
17 9 14
17 10 4
17 11 14
17 12 6
17 13 18
17 14 24
17 15 11
17 16 3
17 17 -1
17 18 5
17 19 17
17 20 11
17 21 24
17 22 22
17 23 13
17 24 8
17 25 3
17 26 15
17 27 18
17 28 7
17 29 19
18 1 11
18 2 10
18 3 6
18 4 2
18 5 7
18 6 9
18 7 11
18 8 23
18 9 18
18 10 5
18 11 13
18 12 3
18 13 19
18 14 26
18 15 10
18 16 5
18 17 5
18 18 -1
18 19 22
18 20 14
18 21 25
18 22 24
18 23 16
18 24 13
18 25 3
18 26 18
18 27 23
18 28 12
18 29 22
19 1 11
19 2 17
19 3 19
19 4 21
19 5 15
19 6 12
19 7 17
19 8 2
19 9 11
19 10 19
19 11 25
19 12 22
19 13 24
19 14 25
19 15 24
19 16 18
19 17 17
19 18 22
19 19 -1
19 20 15
19 21 28
19 22 24
19 23 18
19 24 10
19 25 19
19 26 15
19 27 7
19 28 9
19 29 20
20 1 13
20 2 4
20 3 8
20 4 12
20 5 10
20 6 11
20 7 18
20 8 17
20 9 5
20 10 15
20 11 25
20 12 12
20 13 29
20 14 33
20 15 22
20 16 9
20 17 11
20 18 14
20 19 15
20 20 -1
20 21 34
20 22 31
20 23 22
20 24 7
20 25 13
20 26 22
20 27 21
20 28 12
20 29 27
21 1 21
21 2 31
21 3 29
21 4 27
21 5 24
21 6 22
21 7 15
21 8 27
21 9 34
21 10 20
21 11 12
21 12 28
21 13 5
21 14 4
21 15 15
21 16 27
21 17 24
21 18 25
21 19 28
21 20 34
21 21 -1
21 22 4
21 23 11
21 24 27
21 25 22
21 26 12
21 27 21
21 28 22
21 29 8
22 1 18
22 2 29
22 3 27
22 4 26
22 5 22
22 6 20
22 7 13
22 8 23
22 9 31
22 10 19
22 11 12
22 12 27
22 13 5
22 14 2
22 15 15
22 16 25
22 17 22
22 18 24
22 19 24
22 20 31
22 21 4
22 22 -1
22 23 8
22 24 24
22 25 21
22 26 9
22 27 17
22 28 19
22 29 4
23 1 9
23 2 20
23 3 18
23 4 18
23 5 13
23 6 11
23 7 5
23 8 18
23 9 22
23 10 11
23 11 8
23 12 19
23 13 6
23 14 10
23 15 9
23 16 16
23 17 13
23 18 16
23 19 18
23 20 22
23 21 11
23 22 8
23 23 -1
23 24 16
23 25 13
23 26 3
23 27 13
23 28 11
23 29 6
24 1 6
24 2 7
24 3 9
24 4 12
24 5 6
24 6 5
24 7 12
24 8 11
24 9 6
24 10 12
24 11 20
24 12 12
24 13 22
24 14 26
24 15 18
24 16 8
24 17 8
24 18 13
24 19 10
24 20 7
24 21 27
24 22 24
24 23 16
24 24 -1
24 25 11
24 26 15
24 27 14
24 28 5
24 29 20
25 1 8
25 2 10
25 3 7
25 4 5
25 5 5
25 6 7
25 7 8
25 8 20
25 9 17
25 10 2
25 11 12
25 12 6
25 13 17
25 14 23
25 15 9
25 16 5
25 17 3
25 18 3
25 19 19
25 20 13
25 21 22
25 22 21
25 23 13
25 24 11
25 25 -1
25 26 15
25 27 20
25 28 10
25 29 19
26 1 9
26 2 21
26 3 20
26 4 20
26 5 14
26 6 11
26 7 7
26 8 15
26 9 21
26 10 13
26 11 11
26 12 21
26 13 9
26 14 10
26 15 12
26 16 18
26 17 15
26 18 18
26 19 15
26 20 22
26 21 12
26 22 9
26 23 3
26 24 15
26 25 15
26 26 -1
26 27 10
26 28 10
26 29 5
27 1 11
27 2 21
27 3 22
27 4 23
27 5 16
27 6 13
27 7 14
27 8 6
27 9 17
27 10 19
27 11 21
27 12 24
27 13 19
27 14 18
27 15 21
27 16 20
27 17 18
27 18 23
27 19 7
27 20 21
27 21 21
27 22 17
27 23 13
27 24 14
27 25 20
27 26 10
27 27 -1
27 28 10
27 29 13
28 1 2
28 2 11
28 3 11
28 4 13
28 5 5
28 6 2
28 7 8
28 8 10
28 9 11
28 10 9
28 11 16
28 12 13
28 13 18
28 14 21
28 15 15
28 16 9
28 17 7
28 18 12
28 19 9
28 20 12
28 21 22
28 22 19
28 23 11
28 24 5
28 25 10
28 26 10
28 27 10
28 28 -1
28 29 15
29 1 14
29 2 26
29 3 24
29 4 24
29 5 18
29 6 16
29 7 11
29 8 19
29 9 26
29 10 17
29 11 12
29 12 25
29 13 6
29 14 5
29 15 14
29 16 22
29 17 19
29 18 22
29 19 20
29 20 27
29 21 8
29 22 4
29 23 6
29 24 20
29 25 19
29 26 5
29 27 13
29 28 15
29 29 -1
