1 1 -1
1 2 12
1 3 7
1 4 13
1 5 5
1 6 23
1 7 10
1 8 19
1 9 13
1 10 13
1 11 5
1 12 4
1 13 10
1 14 22
1 15 17
1 16 18
1 17 12
1 18 12
1 19 17
1 20 22
1 21 8
1 22 17
1 23 10
1 24 11
1 25 9
1 26 20
1 27 7
1 28 5
1 29 7
1 30 7
2 1 12
2 2 -1
2 3 19
2 4 25
2 5 17
2 6 17
2 7 20
2 8 28
2 9 11
2 10 25
2 11 15
2 12 14
2 13 17
2 14 15
2 15 21
2 16 29
2 17 24
2 18 22
2 19 27
2 20 30
2 21 20
2 22 15
2 23 2
2 24 22
2 25 5
2 26 15
2 27 5
2 28 10
2 29 7
2 30 17
3 1 7
3 2 19
3 3 -1
3 4 6
3 5 2
3 6 27
3 7 9
3 8 14
3 9 17
3 10 7
3 11 7
3 12 7
3 13 12
3 14 26
3 15 16
3 16 13
3 17 7
3 18 12
3 19 11
3 20 18
3 21 1
3 22 19
3 23 17
3 24 9
3 25 16
3 26 24
3 27 14
3 28 9
3 29 12
3 30 7
4 1 13
4 2 25
4 3 6
4 4 -1
4 5 8
4 6 31
4 7 13
4 8 11
4 9 21
4 10 2
4 11 13
4 12 13
4 13 17
4 14 30
4 15 17
4 16 13
4 17 8
4 18 15
4 19 7
4 20 15
4 21 5
4 22 23
4 23 23
4 24 12
4 25 22
4 26 28
4 27 20
4 28 15
4 29 18
4 30 12
5 1 5
5 2 17
5 3 2
5 4 8
5 5 -1
5 6 24
5 7 11
5 8 14
5 9 15
5 10 8
5 11 8
5 12 8
5 13 13
5 14 23
5 15 14
5 16 16
5 17 10
5 18 14
5 19 11
5 20 17
5 21 3
5 22 17
5 23 15
5 24 11
5 25 14
5 26 22
5 27 12
5 28 7
5 29 10
5 30 9
6 1 23
6 2 17
6 3 27
6 4 31
6 5 24
6 6 -1
6 7 33
6 8 28
6 9 9
6 10 30
6 11 28
6 12 27
6 13 32
6 14 2
6 15 17
6 16 41
6 17 34
6 18 36
6 19 29
6 20 28
6 21 28
6 22 8
6 23 17
6 24 34
6 25 21
6 26 2
6 27 18
6 28 18
6 29 16
6 30 30
7 1 10
7 2 20
7 3 9
7 4 13
7 5 11
7 6 33
7 7 -1
7 8 23
7 9 23
7 10 14
7 11 5
7 12 6
7 13 5
7 14 32
7 15 25
7 16 9
7 17 5
7 18 3
7 19 19
7 20 27
7 21 9
7 22 26
7 23 18
7 24 2
7 25 16
7 26 30
7 27 16
7 28 15
7 29 17
7 30 2
8 1 19
8 2 28
8 3 14
8 4 11
8 5 14
8 6 28
8 7 23
8 8 -1
8 9 21
8 10 9
8 11 22
8 12 22
8 13 27
8 14 28
8 15 11
8 16 24
8 17 19
8 18 26
8 19 4
8 20 4
8 21 14
8 22 20
8 23 26
8 24 22
8 25 28
8 26 26
8 27 24
8 28 18
8 29 21
8 30 22
9 1 13
9 2 11
9 3 17
9 4 21
9 5 15
9 6 9
9 7 23
9 8 21
9 9 -1
9 10 21
9 11 19
9 12 17
9 13 23
9 14 8
9 15 11
9 16 31
9 17 24
9 18 26
9 19 21
9 20 21
9 21 18
9 22 4
9 23 10
9 24 25
9 25 14
9 26 7
9 27 10
9 28 8
9 29 7
9 30 21
10 1 13
10 2 25
10 3 7
10 4 2
10 5 8
10 6 30
10 7 14
10 8 9
10 9 21
10 10 -1
10 11 14
10 12 15
10 13 19
10 14 29
10 15 15
10 16 15
10 17 10
10 18 17
10 19 5
10 20 13
10 21 6
10 22 21
10 23 23
10 24 13
10 25 23
10 26 27
10 27 20
10 28 15
10 29 18
10 30 14
11 1 5
11 2 15
11 3 7
11 4 13
11 5 8
11 6 28
11 7 5
11 8 22
11 9 19
11 10 14
11 11 -1
11 12 1
11 13 5
11 14 27
11 15 22
11 16 13
11 17 9
11 18 7
11 19 19
11 20 25
11 21 8
11 22 22
11 23 13
11 24 6
11 25 11
11 26 26
11 27 11
11 28 10
11 29 12
11 30 2
12 1 4
12 2 14
12 3 7
12 4 13
12 5 8
12 6 27
12 7 6
12 8 22
12 9 17
12 10 15
12 11 1
12 12 -1
12 13 6
12 14 25
12 15 21
12 16 15
12 17 10
12 18 8
12 19 19
12 20 25
12 21 8
12 22 21
12 23 12
12 24 8
12 25 10
12 26 24
12 27 10
12 28 9
12 29 10
12 30 3
13 1 10
13 2 17
13 3 12
13 4 17
13 5 13
13 6 32
13 7 5
13 8 27
13 9 23
13 10 19
13 11 5
13 12 6
13 13 -1
13 14 30
13 15 27
13 16 14
13 17 11
13 18 5
13 19 23
13 20 30
13 21 13
13 22 26
13 23 16
13 24 7
13 25 12
13 26 29
13 27 14
13 28 15
13 29 16
13 30 5
14 1 22
14 2 15
14 3 26
14 4 30
14 5 23
14 6 2
14 7 32
14 8 28
14 9 8
14 10 29
14 11 27
14 12 25
14 13 30
14 14 -1
14 15 17
14 16 39
14 17 33
14 18 34
14 19 28
14 20 28
14 21 27
14 22 8
14 23 15
14 24 33
14 25 19
14 26 2
14 27 16
14 28 16
14 29 15
14 30 29
15 1 17
15 2 21
15 3 16
15 4 17
15 5 14
15 6 17
15 7 25
15 8 11
15 9 11
15 10 15
15 11 22
15 12 21
15 13 27
15 14 17
15 15 -1
15 16 29
15 17 23
15 18 28
15 19 13
15 20 11
15 21 16
15 22 9
15 23 19
15 24 25
15 25 22
15 26 15
15 27 18
15 28 13
15 29 14
15 30 23
16 1 18
16 2 29
16 3 13
16 4 13
16 5 16
16 6 41
16 7 9
16 8 24
16 9 31
16 10 15
16 11 13
16 12 15
16 13 14
16 14 39
16 15 29
16 16 -1
16 17 6
16 18 9
16 19 20
16 20 28
16 21 13
16 22 33
16 23 27
16 24 7
16 25 25
16 26 38
16 27 25
16 28 22
16 29 25
16 30 11
17 1 12
17 2 24
17 3 7
17 4 8
17 5 10
17 6 34
17 7 5
17 8 19
17 9 24
17 10 10
17 11 9
17 12 10
17 13 11
17 14 33
17 15 23
17 16 6
17 17 -1
17 18 7
17 19 15
17 20 23
17 21 6
17 22 27
17 23 22
17 24 4
17 25 20
17 26 31
17 27 19
17 28 16
17 29 18
17 30 7
18 1 12
18 2 22
18 3 12
18 4 15
18 5 14
18 6 36
18 7 3
18 8 26
18 9 26
18 10 17
18 11 7
18 12 8
18 13 5
18 14 34
18 15 28
18 16 9
18 17 7
18 18 -1
18 19 22
18 20 30
18 21 12
18 22 29
18 23 20
18 24 3
18 25 17
18 26 33
18 27 18
18 28 17
18 29 19
18 30 5
19 1 17
19 2 27
19 3 11
19 4 7
19 5 11
19 6 29
19 7 19
19 8 4
19 9 21
19 10 5
19 11 19
19 12 19
19 13 23
19 14 28
19 15 13
19 16 20
19 17 15
19 18 22
19 19 -1
19 20 8
19 21 10
19 22 20
19 23 25
19 24 18
19 25 25
19 26 26
19 27 22
19 28 16
19 29 19
19 30 18
20 1 22
20 2 30
20 3 18
20 4 15
20 5 17
20 6 28
20 7 27
20 8 4
20 9 21
20 10 13
20 11 25
20 12 25
20 13 30
20 14 28
20 15 11
20 16 28
20 17 23
20 18 30
20 19 8
20 20 -1
20 21 18
20 22 20
20 23 28
20 24 26
20 25 30
20 26 26
20 27 26
20 28 20
20 29 23
20 30 26
21 1 8
21 2 20
21 3 1
21 4 5
21 5 3
21 6 28
21 7 9
21 8 14
21 9 18
21 10 6
21 11 8
21 12 8
21 13 13
21 14 27
21 15 16
21 16 13
21 17 6
21 18 12
21 19 10
21 20 18
21 21 -1
21 22 20
21 23 18
21 24 9
21 25 17
21 26 25
21 27 15
21 28 10
21 29 13
21 30 8
22 1 17
22 2 15
22 3 19
22 4 23
22 5 17
22 6 8
22 7 26
22 8 20
22 9 4
22 10 21
22 11 22
22 12 21
22 13 26
22 14 8
22 15 9
22 16 33
22 17 27
22 18 29
22 19 20
22 20 20
22 21 20
22 22 -1
22 23 14
22 24 27
22 25 18
22 26 6
22 27 14
22 28 11
22 29 11
22 30 24
23 1 10
23 2 2
23 3 17
23 4 23
23 5 15
23 6 17
23 7 18
23 8 26
23 9 10
23 10 23
23 11 13
23 12 12
23 13 16
23 14 15
23 15 19
23 16 27
23 17 22
23 18 20
23 19 25
23 20 28
23 21 18
23 22 14
23 23 -1
23 24 20
23 25 4
23 26 15
23 27 3
23 28 8
23 29 5
23 30 16
24 1 11
24 2 22
24 3 9
24 4 12
24 5 11
24 6 34
24 7 2
24 8 22
24 9 25
24 10 13
24 11 6
24 12 8
24 13 7
24 14 33
24 15 25
24 16 7
24 17 4
24 18 3
24 19 18
24 20 26
24 21 9
24 22 27
24 23 20
24 24 -1
24 25 18
24 26 32
24 27 18
24 28 16
24 29 18
24 30 4
25 1 9
25 2 5
25 3 16
25 4 22
25 5 14
25 6 21
25 7 16
25 8 28
25 9 14
25 10 23
25 11 11
25 12 10
25 13 12
25 14 19
25 15 22
25 16 25
25 17 20
25 18 17
25 19 25
25 20 30
25 21 17
25 22 18
25 23 4
25 24 18
25 25 -1
25 26 19
25 27 4
25 28 9
25 29 8
25 30 13
26 1 20
26 2 15
26 3 24
26 4 28
26 5 22
26 6 2
26 7 30
26 8 26
26 9 7
26 10 27
26 11 26
26 12 24
26 13 29
26 14 2
26 15 15
26 16 38
26 17 31
26 18 33
26 19 26
26 20 26
26 21 25
26 22 6
26 23 15
26 24 32
26 25 19
26 26 -1
26 27 15
26 28 15
26 29 13
26 30 28
27 1 7
27 2 5
27 3 14
27 4 20
27 5 12
27 6 18
27 7 16
27 8 24
27 9 10
27 10 20
27 11 11
27 12 10
27 13 14
27 14 16
27 15 18
27 16 25
27 17 19
27 18 18
27 19 22
27 20 26
27 21 15
27 22 14
27 23 3
27 24 18
27 25 4
27 26 15
27 27 -1
27 28 5
27 29 3
27 30 13
28 1 5
28 2 10
28 3 9
28 4 15
28 5 7
28 6 18
28 7 15
28 8 18
28 9 8
28 10 15
28 11 10
28 12 9
28 13 15
28 14 16
28 15 13
28 16 22
28 17 16
28 18 17
28 19 16
28 20 20
28 21 10
28 22 11
28 23 8
28 24 16
28 25 9
28 26 15
28 27 5
28 28 -1
28 29 3
28 30 12
29 1 7
29 2 7
29 3 12
29 4 18
29 5 10
29 6 16
29 7 17
29 8 21
29 9 7
29 10 18
29 11 12
29 12 10
29 13 16
29 14 15
29 15 14
29 16 25
29 17 18
29 18 19
29 19 19
29 20 23
29 21 13
29 22 11
29 23 5
29 24 18
29 25 8
29 26 13
29 27 3
29 28 3
29 29 -1
29 30 14
30 1 7
30 2 17
30 3 7
30 4 12
30 5 9
30 6 30
30 7 2
30 8 22
30 9 21
30 10 14
30 11 2
30 12 3
30 13 5
30 14 29
30 15 23
30 16 11
30 17 7
30 18 5
30 19 18
30 20 26
30 21 8
30 22 24
30 23 16
30 24 4
30 25 13
30 26 28
30 27 13
30 28 12
30 29 14
30 30 -1
