1 1 -1
1 2 16
1 3 14
1 4 6
1 5 20
1 6 6
1 7 24
1 8 7
1 9 14
1 10 17
1 11 20
1 12 12
1 13 13
1 14 17
1 15 9
1 16 17
1 17 8
1 18 25
2 1 16
2 2 -1
2 3 6
2 4 11
2 5 4
2 6 11
2 7 8
2 8 13
2 9 14
2 10 9
2 11 10
2 12 6
2 13 4
2 14 12
2 15 10
2 16 1
2 17 12
2 18 9
3 1 14
3 2 6
3 3 -1
3 4 8
3 5 7
3 6 11
3 7 13
3 8 13
3 9 17
3 10 14
3 11 15
3 12 8
3 13 2
3 14 17
3 15 5
3 16 5
3 17 13
3 18 15
4 1 6
4 2 11
4 3 8
4 4 -1
4 5 14
4 6 5
4 7 19
4 8 7
4 9 14
4 10 15
4 11 17
4 12 8
4 13 8
4 14 16
4 15 3
4 16 11
4 17 8
4 18 20
5 1 20
5 2 4
5 3 7
5 4 14
5 5 -1
5 6 15
5 7 7
5 8 17
5 9 18
5 10 12
5 11 12
5 12 10
5 13 6
5 14 16
5 15 12
5 16 3
5 17 16
5 18 9
6 1 6
6 2 11
6 3 11
6 4 5
6 5 15
6 6 -1
6 7 18
6 8 2
6 9 8
6 10 11
6 11 13
6 12 5
6 13 10
6 14 11
6 15 8
6 16 12
6 17 2
6 18 19
7 1 24
7 2 8
7 3 13
7 4 19
7 5 7
7 6 18
7 7 -1
7 8 19
7 9 18
7 10 10
7 11 9
7 12 12
7 13 12
7 14 14
7 15 18
7 16 8
7 17 17
7 18 2
8 1 7
8 2 13
8 3 13
8 4 7
8 5 17
8 6 2
8 7 19
8 8 -1
8 9 7
8 10 11
8 11 13
8 12 7
8 13 12
8 14 10
8 15 10
8 16 14
8 17 1
8 18 20
9 1 14
9 2 14
9 3 17
9 4 14
9 5 18
9 6 8
9 7 18
9 8 7
9 9 -1
9 10 8
9 11 9
9 12 9
9 13 15
9 14 5
9 15 16
9 16 16
9 17 6
9 18 18
10 1 17
10 2 9
10 3 14
10 4 15
10 5 12
10 6 11
10 7 10
10 8 11
10 9 8
10 10 -1
10 11 2
10 12 7
10 13 12
10 14 4
10 15 16
10 16 10
10 17 10
10 18 10
11 1 20
11 2 10
11 3 15
11 4 17
11 5 12
11 6 13
11 7 9
11 8 13
11 9 9
11 10 2
11 11 -1
11 12 9
11 13 13
11 14 5
11 15 18
11 16 11
11 17 12
11 18 9
12 1 12
12 2 6
12 3 8
12 4 8
12 5 10
12 6 5
12 7 12
12 8 7
12 9 9
12 10 7
12 11 9
12 12 -1
12 13 6
12 14 8
12 15 9
12 16 7
12 17 6
12 18 13
13 1 13
13 2 4
13 3 2
13 4 8
13 5 6
13 6 10
13 7 12
13 8 12
13 9 15
13 10 12
13 11 13
13 12 6
13 13 -1
13 14 15
13 15 6
13 16 3
13 17 11
13 18 13
14 1 17
14 2 12
14 3 17
14 4 16
14 5 16
14 6 11
14 7 14
14 8 10
14 9 5
14 10 4
14 11 5
14 12 8
14 13 15
14 14 -1
14 15 17
14 16 14
14 17 9
14 18 14
15 1 9
15 2 10
15 3 5
15 4 3
15 5 12
15 6 8
15 7 18
15 8 10
15 9 16
15 10 16
15 11 18
15 12 9
15 13 6
15 14 17
15 15 -1
15 16 10
15 17 10
15 18 20
16 1 17
16 2 1
16 3 5
16 4 11
16 5 3
16 6 12
16 7 8
16 8 14
16 9 16
16 10 10
16 11 11
16 12 7
16 13 3
16 14 14
16 15 10
16 16 -1
16 17 13
16 18 10
17 1 8
17 2 12
17 3 13
17 4 8
17 5 16
17 6 2
17 7 17
17 8 1
17 9 6
17 10 10
17 11 12
17 12 6
17 13 11
17 14 9
17 15 10
17 16 13
17 17 -1
17 18 18
18 1 25
18 2 9
18 3 15
18 4 20
18 5 9
18 6 19
18 7 2
18 8 20
18 9 18
18 10 10
18 11 9
18 12 13
18 13 13
18 14 14
18 15 20
18 16 10
18 17 18
18 18 -1
