1 1 -1
1 2 7
1 3 14
1 4 2
1 5 5
1 6 13
1 7 13
1 8 7
1 9 14
1 10 13
1 11 11
1 12 20
1 13 9
1 14 13
1 15 7
1 16 15
1 17 3
1 18 1
1 19 11
1 20 13
1 21 2
1 22 10
1 23 10
1 24 8
1 25 19
1 26 11
2 1 7
2 2 -1
2 3 7
2 4 9
2 5 10
2 6 9
2 7 7
2 8 10
2 9 15
2 10 6
2 11 17
2 12 16
2 13 2
2 14 8
2 15 9
2 16 12
2 17 10
2 18 6
2 19 8
2 20 14
2 21 7
2 22 4
2 23 6
2 24 15
2 25 24
2 26 4
3 1 14
3 2 7
3 3 -1
3 4 16
3 5 17
3 6 12
3 7 8
3 8 18
3 9 22
3 10 2
3 11 25
3 12 17
3 13 5
3 14 10
3 15 14
3 16 15
3 17 17
3 18 13
3 19 12
3 20 20
3 21 14
3 22 4
3 23 10
3 24 22
3 25 31
3 26 3
4 1 2
4 2 9
4 3 16
4 4 -1
4 5 4
4 6 15
4 7 15
4 8 7
4 9 14
4 10 15
4 11 9
4 12 22
4 13 11
4 14 15
4 15 7
4 16 16
4 17 2
4 18 3
4 19 12
4 20 13
4 21 2
4 22 12
4 23 12
4 24 6
4 25 18
4 26 13
5 1 5
5 2 10
5 3 17
5 4 4
5 5 -1
5 6 18
5 7 18
5 8 11
5 9 18
5 10 16
5 11 12
5 12 25
5 13 12
5 14 18
5 15 4
5 16 20
5 17 2
5 18 5
5 19 16
5 20 17
5 21 6
5 22 13
5 23 15
5 24 5
5 25 21
5 26 14
6 1 13
6 2 9
6 3 12
6 4 15
6 5 18
6 6 -1
6 7 5
6 8 11
6 9 11
6 10 10
6 11 19
6 12 7
6 13 9
6 14 2
6 15 18
6 16 3
6 17 17
6 18 13
6 19 2
6 20 9
6 21 12
6 22 12
6 23 3
6 24 21
6 25 22
6 26 11
7 1 13
7 2 7
7 3 8
7 4 15
7 5 18
7 6 5
7 7 -1
7 8 14
7 9 15
7 10 6
7 11 22
7 12 9
7 13 6
7 14 2
7 15 17
7 16 7
7 17 17
7 18 13
7 19 5
7 20 14
7 21 13
7 22 8
7 23 4
7 24 22
7 25 26
7 26 7
8 1 7
8 2 10
8 3 18
8 4 7
8 5 11
8 6 11
8 7 14
8 8 -1
8 9 7
8 10 16
8 11 8
8 12 17
8 13 12
8 14 13
8 15 14
8 16 12
8 17 9
8 18 8
8 19 9
8 20 6
8 21 5
8 22 14
8 23 10
8 24 12
8 25 13
8 26 15
9 1 14
9 2 15
9 3 22
9 4 14
9 5 18
9 6 11
9 7 15
9 8 7
9 9 -1
9 10 19
9 11 11
9 12 15
9 13 16
9 14 13
9 15 21
9 16 10
9 17 16
9 18 15
9 19 10
9 20 1
9 21 12
9 22 19
9 23 12
9 24 18
9 25 11
9 26 19
10 1 13
10 2 6
10 3 2
10 4 15
10 5 16
10 6 10
10 7 6
10 8 16
10 9 19
10 10 -1
10 11 23
10 12 15
10 13 4
10 14 8
10 15 14
10 16 13
10 17 16
10 18 12
10 19 10
10 20 18
10 21 13
10 22 3
10 23 8
10 24 21
10 25 29
10 26 2
11 1 11
11 2 17
11 3 25
11 4 9
11 5 12
11 6 19
11 7 22
11 8 8
11 9 11
11 10 23
11 11 -1
11 12 25
11 13 19
11 14 21
11 15 16
11 16 19
11 17 10
11 18 12
11 19 17
11 20 11
11 21 10
11 22 21
11 23 18
11 24 10
11 25 9
11 26 21
12 1 20
12 2 16
12 3 17
12 4 22
12 5 25
12 6 7
12 7 9
12 8 17
12 9 15
12 10 15
12 11 25
12 12 -1
12 13 15
12 14 7
12 15 25
12 16 5
12 17 24
12 18 20
12 19 9
12 20 14
12 21 19
12 22 17
12 23 10
12 24 28
12 25 26
12 26 16
13 1 9
13 2 2
13 3 5
13 4 11
13 5 12
13 6 9
13 7 6
13 8 12
13 9 16
13 10 4
13 11 19
13 12 15
13 13 -1
13 14 7
13 15 11
13 16 12
13 17 12
13 18 8
13 19 8
13 20 15
13 21 9
13 22 3
13 23 6
13 24 17
13 25 25
13 26 2
14 1 13
14 2 8
14 3 10
14 4 15
14 5 18
14 6 2
14 7 2
14 8 13
14 9 13
14 10 8
14 11 21
14 12 7
14 13 7
14 14 -1
14 15 18
14 16 5
14 17 17
14 18 13
14 19 4
14 20 12
14 21 13
14 22 10
14 23 3
14 24 22
14 25 24
14 26 9
15 1 7
15 2 9
15 3 14
15 4 7
15 5 4
15 6 18
15 7 17
15 8 14
15 9 21
15 10 14
15 11 16
15 12 25
15 13 11
15 14 18
15 15 -1
15 16 21
15 17 5
15 18 6
15 19 17
15 20 20
15 21 9
15 22 10
15 23 15
15 24 8
15 25 25
15 26 12
16 1 15
16 2 12
16 3 15
16 4 16
16 5 20
16 6 3
16 7 7
16 8 12
16 9 10
16 10 13
16 11 19
16 12 5
16 13 12
16 14 5
16 15 21
16 16 -1
16 17 19
16 18 15
16 19 4
16 20 9
16 21 14
16 22 15
16 23 6
16 24 23
16 25 21
16 26 14
17 1 3
17 2 10
17 3 17
17 4 2
17 5 2
17 6 17
17 7 17
17 8 9
17 9 16
17 10 16
17 11 10
17 12 24
17 13 12
17 14 17
17 15 5
17 16 19
17 17 -1
17 18 4
17 19 14
17 20 15
17 21 5
17 22 13
17 23 14
17 24 5
17 25 19
17 26 14
18 1 1
18 2 6
18 3 13
18 4 3
18 5 5
18 6 13
18 7 13
18 8 8
18 9 15
18 10 12
18 11 12
18 12 20
18 13 8
18 14 13
18 15 6
18 16 15
18 17 4
18 18 -1
18 19 11
18 20 14
18 21 3
18 22 9
18 23 10
18 24 9
18 25 20
18 26 10
19 1 11
19 2 8
19 3 12
19 4 12
19 5 16
19 6 2
19 7 5
19 8 9
19 9 10
19 10 10
19 11 17
19 12 9
19 13 8
19 14 4
19 15 17
19 16 4
19 17 14
19 18 11
19 19 -1
19 20 8
19 21 10
19 22 11
19 23 2
19 24 19
19 25 20
19 26 10
20 1 13
20 2 14
20 3 20
20 4 13
20 5 17
20 6 9
20 7 14
20 8 6
20 9 1
20 10 18
20 11 11
20 12 14
20 13 15
20 14 12
20 15 20
20 16 9
20 17 15
20 18 14
20 19 8
20 20 -1
20 21 11
20 22 18
20 23 10
20 24 18
20 25 12
20 26 18
21 1 2
21 2 7
21 3 14
21 4 2
21 5 6
21 6 12
21 7 13
21 8 5
21 9 12
21 10 13
21 11 10
21 12 19
21 13 9
21 14 13
21 15 9
21 16 14
21 17 5
21 18 3
21 19 10
21 20 11
21 21 -1
21 22 11
21 23 9
21 24 9
21 25 17
21 26 11
22 1 10
22 2 4
22 3 4
22 4 12
22 5 13
22 6 12
22 7 8
22 8 14
22 9 19
22 10 3
22 11 21
22 12 17
22 13 3
22 14 10
22 15 10
22 16 15
22 17 13
22 18 9
22 19 11
22 20 18
22 21 11
22 22 -1
22 23 9
22 24 18
22 25 28
22 26 1
23 1 10
23 2 6
23 3 10
23 4 12
23 5 15
23 6 3
23 7 4
23 8 10
23 9 12
23 10 8
23 11 18
23 12 10
23 13 6
23 14 3
23 15 15
23 16 6
23 17 14
23 18 10
23 19 2
23 20 10
23 21 9
23 22 9
23 23 -1
23 24 19
23 25 22
23 26 8
24 1 8
24 2 15
24 3 22
24 4 6
24 5 5
24 6 21
24 7 22
24 8 12
24 9 18
24 10 21
24 11 10
24 12 28
24 13 17
24 14 22
24 15 8
24 16 23
24 17 5
24 18 9
24 19 19
24 20 18
24 21 9
24 22 18
24 23 19
24 24 -1
24 25 19
24 26 19
25 1 19
25 2 24
25 3 31
25 4 18
25 5 21
25 6 22
25 7 26
25 8 13
25 9 11
25 10 29
25 11 9
25 12 26
25 13 25
25 14 24
25 15 25
25 16 21
25 17 19
25 18 20
25 19 20
25 20 12
25 21 17
25 22 28
25 23 22
25 24 19
25 25 -1
25 26 28
26 1 11
26 2 4
26 3 3
26 4 13
26 5 14
26 6 11
26 7 7
26 8 15
26 9 19
26 10 2
26 11 21
26 12 16
26 13 2
26 14 9
26 15 12
26 16 14
26 17 14
26 18 10
26 19 10
26 20 18
26 21 11
26 22 1
26 23 8
26 24 19
26 25 28
26 26 -1
