1 1 -1
1 2 11
1 3 21
1 4 18
1 5 14
1 6 4
1 7 1
1 8 13
1 9 7
1 10 15
1 11 18
1 12 14
1 13 21
1 14 11
1 15 10
1 16 10
1 17 12
1 18 12
1 19 9
1 20 8
1 21 12
1 22 18
1 23 5
1 24 16
1 25 5
1 26 11
1 27 6
1 28 12
2 1 11
2 2 -1
2 3 19
2 4 23
2 5 22
2 6 12
2 7 10
2 8 22
2 9 18
2 10 25
2 11 13
2 12 24
2 13 20
2 14 9
2 15 13
2 16 7
2 17 20
2 18 20
2 19 6
2 20 5
2 21 6
2 22 8
2 23 10
2 24 17
2 25 14
2 26 6
2 27 17
2 28 15
3 1 21
3 2 19
3 3 -1
3 4 14
3 5 19
3 6 25
3 7 20
3 8 33
3 9 24
3 10 26
3 11 6
3 12 23
3 13 1
3 14 27
3 15 29
3 16 25
3 17 34
3 18 18
3 19 13
3 20 22
3 21 25
3 22 27
3 23 16
3 24 7
3 25 19
3 26 25
3 27 26
3 28 10
4 1 18
4 2 23
4 3 14
4 4 -1
4 5 7
4 6 22
4 7 17
4 8 26
4 9 16
4 10 14
4 11 17
4 12 11
4 13 13
4 14 28
4 15 28
4 16 27
4 17 28
4 18 8
4 19 17
4 20 24
4 21 28
4 22 32
4 23 14
4 24 7
4 25 13
4 26 27
4 27 20
4 28 7
5 1 14
5 2 22
5 3 19
5 4 7
5 5 -1
5 6 17
5 7 13
5 8 20
5 9 10
5 10 7
5 11 21
5 12 4
5 13 18
5 14 25
5 15 23
5 16 24
5 17 23
5 18 2
5 19 17
5 20 22
5 21 26
5 22 31
5 23 12
5 24 12
5 25 8
5 26 25
5 27 15
5 28 10
6 1 4
6 2 12
6 3 25
6 4 22
6 5 17
6 6 -1
6 7 5
6 8 10
6 9 9
6 10 17
6 11 21
6 12 17
6 13 25
6 14 9
6 15 6
6 16 8
6 17 9
6 18 15
6 19 12
6 20 8
6 21 11
6 22 17
6 23 8
6 24 20
6 25 9
6 26 9
6 27 5
6 28 16
7 1 1
7 2 10
7 3 20
7 4 17
7 5 13
7 6 5
7 7 -1
7 8 14
7 9 8
7 10 15
7 11 17
7 12 14
7 13 20
7 14 12
7 15 11
7 16 10
7 17 14
7 18 11
7 19 8
7 20 8
7 21 12
7 22 17
7 23 3
7 24 14
7 25 5
7 26 11
7 27 7
7 28 11
8 1 13
8 2 22
8 3 33
8 4 26
8 5 20
8 6 10
8 7 14
8 8 -1
8 9 10
8 10 16
8 11 31
8 12 18
8 13 33
8 14 17
8 15 11
8 16 18
8 17 4
8 18 18
8 19 22
8 20 18
8 21 21
8 22 26
8 23 17
8 24 27
8 25 15
8 26 19
8 27 7
8 28 24
9 1 7
9 2 18
9 3 24
9 4 16
9 5 10
9 6 9
9 7 8
9 8 10
9 9 -1
9 10 7
9 11 23
9 12 8
9 13 24
9 14 18
9 15 14
9 16 17
9 17 13
9 18 8
9 19 16
9 20 16
9 21 20
9 22 25
9 23 10
9 24 17
9 25 5
9 26 18
9 27 5
9 28 14
10 1 15
10 2 25
10 3 26
10 4 14
10 5 7
10 6 17
10 7 15
10 8 16
10 9 7
10 10 -1
10 11 27
10 12 2
10 13 25
10 14 26
10 15 22
10 16 25
10 17 19
10 18 7
10 19 21
10 20 23
10 21 27
10 22 33
10 23 15
10 24 18
10 25 10
10 26 26
10 27 12
10 28 16
11 1 18
11 2 13
11 3 6
11 4 17
11 5 21
11 6 21
11 7 17
11 8 31
11 9 23
11 10 27
11 11 -1
11 12 25
11 13 7
11 14 22
11 15 25
11 16 20
11 17 31
11 18 20
11 19 9
11 20 17
11 21 19
11 22 21
11 23 13
11 24 9
11 25 18
11 26 20
11 27 24
11 28 11
12 1 14
12 2 24
12 3 23
12 4 11
12 5 4
12 6 17
12 7 14
12 8 18
12 9 8
12 10 2
12 11 25
12 12 -1
12 13 23
12 14 26
12 15 23
12 16 25
12 17 21
12 18 5
12 19 20
12 20 23
12 21 27
12 22 32
12 23 14
12 24 16
12 25 10
12 26 26
12 27 13
12 28 14
13 1 21
13 2 20
13 3 1
13 4 13
13 5 18
13 6 25
13 7 20
13 8 33
13 9 24
13 10 25
13 11 7
13 12 23
13 13 -1
13 14 28
13 15 30
13 16 26
13 17 34
13 18 18
13 19 14
13 20 23
13 21 26
13 22 28
13 23 16
13 24 6
13 25 19
13 26 26
13 27 26
13 28 10
14 1 11
14 2 9
14 3 27
14 4 28
14 5 25
14 6 9
14 7 12
14 8 17
14 9 18
14 10 26
14 11 22
14 12 26
14 13 28
14 14 -1
14 15 6
14 16 2
14 17 14
14 18 23
14 19 14
14 20 5
14 21 4
14 22 9
14 23 14
14 24 25
14 25 17
14 26 2
14 27 14
14 28 22
15 1 10
15 2 13
15 3 29
15 4 28
15 5 23
15 6 6
15 7 11
15 8 11
15 9 14
15 10 22
15 11 25
15 12 23
15 13 30
15 14 6
15 15 -1
15 16 7
15 17 8
15 18 21
15 19 16
15 20 8
15 21 10
15 22 15
15 23 14
15 24 25
15 25 15
15 26 8
15 27 10
15 28 22
16 1 10
16 2 7
16 3 25
16 4 27
16 5 24
16 6 8
16 7 10
16 8 18
16 9 17
16 10 25
16 11 20
16 12 25
16 13 26
16 14 2
16 15 7
16 16 -1
16 17 15
16 18 22
16 19 12
16 20 3
16 21 3
16 22 8
16 23 12
16 24 23
16 25 15
16 26 1
16 27 14
16 28 20
17 1 12
17 2 20
17 3 34
17 4 28
17 5 23
17 6 9
17 7 14
17 8 4
17 9 13
17 10 19
17 11 31
17 12 21
17 13 34
17 14 14
17 15 8
17 16 15
17 17 -1
17 18 21
17 19 22
17 20 15
17 21 18
17 22 23
17 23 17
17 24 28
17 25 16
17 26 16
17 27 8
17 28 25
18 1 12
18 2 20
18 3 18
18 4 8
18 5 2
18 6 15
18 7 11
18 8 18
18 9 8
18 10 7
18 11 20
18 12 5
18 13 18
18 14 23
18 15 21
18 16 22
18 17 21
18 18 -1
18 19 15
18 20 20
18 21 24
18 22 29
18 23 10
18 24 11
18 25 6
18 26 23
18 27 13
18 28 9
19 1 9
19 2 6
19 3 13
19 4 17
19 5 17
19 6 12
19 7 8
19 8 22
19 9 16
19 10 21
19 11 9
19 12 20
19 13 14
19 14 14
19 15 16
19 16 12
19 17 22
19 18 15
19 19 -1
19 20 9
19 21 12
19 22 15
19 23 6
19 24 11
19 25 11
19 26 12
19 27 16
19 28 9
20 1 8
20 2 5
20 3 22
20 4 24
20 5 22
20 6 8
20 7 8
20 8 18
20 9 16
20 10 23
20 11 17
20 12 23
20 13 23
20 14 5
20 15 8
20 16 3
20 17 15
20 18 20
20 19 9
20 20 -1
20 21 4
20 22 9
20 23 9
20 24 20
20 25 13
20 26 3
20 27 13
20 28 17
21 1 12
21 2 6
21 3 25
21 4 28
21 5 26
21 6 11
21 7 12
21 8 21
21 9 20
21 10 27
21 11 19
21 12 27
21 13 26
21 14 4
21 15 10
21 16 3
21 17 18
21 18 24
21 19 12
21 20 4
21 21 -1
21 22 5
21 23 13
21 24 23
21 25 17
21 26 2
21 27 17
21 28 20
22 1 18
22 2 8
22 3 27
22 4 32
22 5 31
22 6 17
22 7 17
22 8 26
22 9 25
22 10 33
22 11 21
22 12 32
22 13 28
22 14 9
22 15 15
22 16 8
22 17 23
22 18 29
22 19 15
22 20 9
22 21 5
22 22 -1
22 23 18
22 24 26
22 25 22
22 26 7
22 27 22
22 28 24
23 1 5
23 2 10
23 3 16
23 4 14
23 5 12
23 6 8
23 7 3
23 8 17
23 9 10
23 10 15
23 11 13
23 12 14
23 13 16
23 14 14
23 15 14
23 16 12
23 17 17
23 18 10
23 19 6
23 20 9
23 21 13
23 22 18
23 23 -1
23 24 11
23 25 5
23 26 13
23 27 10
23 28 8
24 1 16
24 2 17
24 3 7
24 4 7
24 5 12
24 6 20
24 7 14
24 8 27
24 9 17
24 10 18
24 11 9
24 12 16
24 13 6
24 14 25
24 15 25
24 16 23
24 17 28
24 18 11
24 19 11
24 20 20
24 21 23
24 22 26
24 23 11
24 24 -1
24 25 12
24 26 23
24 27 20
24 28 3
25 1 5
25 2 14
25 3 19
25 4 13
25 5 8
25 6 9
25 7 5
25 8 15
25 9 5
25 10 10
25 11 18
25 12 10
25 13 19
25 14 17
25 15 15
25 16 15
25 17 16
25 18 6
25 19 11
25 20 13
25 21 17
25 22 22
25 23 5
25 24 12
25 25 -1
25 26 16
25 27 8
25 28 9
26 1 11
26 2 6
26 3 25
26 4 27
26 5 25
26 6 9
26 7 11
26 8 19
26 9 18
26 10 26
26 11 20
26 12 26
26 13 26
26 14 2
26 15 8
26 16 1
26 17 16
26 18 23
26 19 12
26 20 3
26 21 2
26 22 7
26 23 13
26 24 23
26 25 16
26 26 -1
26 27 15
26 28 20
27 1 6
27 2 17
27 3 26
27 4 20
27 5 15
27 6 5
27 7 7
27 8 7
27 9 5
27 10 12
27 11 24
27 12 13
27 13 26
27 14 14
27 15 10
27 16 14
27 17 8
27 18 13
27 19 16
27 20 13
27 21 17
27 22 22
27 23 10
27 24 20
27 25 8
27 26 15
27 27 -1
27 28 17
28 1 12
28 2 15
28 3 10
28 4 7
28 5 10
28 6 16
28 7 11
28 8 24
28 9 14
28 10 16
28 11 11
28 12 14
28 13 10
28 14 22
28 15 22
28 16 20
28 17 25
28 18 9
28 19 9
28 20 17
28 21 20
28 22 24
28 23 8
28 24 3
28 25 9
28 26 20
28 27 17
28 28 -1
