83 1
83 2
83 4
83 38
83 9
83 43
83 12
83 47
83 50
83 83
83 28
61 65
61 10
61 75
61 44
61 13
61 46
61 79
61 84
61 23
61 57
61 26
61 59
61 61
61 31
73 67
73 38
73 73
73 12
73 47
73 15
73 50
67 67
67 38
67 9
67 73
67 12
67 47
67 15
67 50
70 64
70 1
70 34
70 3
70 4
70 70
70 39
70 72
70 79
70 19
70 84
70 23
70 28
38 2
38 35
38 67
38 69
38 38
38 9
38 73
38 12
38 15
38 47
38 50
38 83
38 52
38 22
38 29
30 24
30 11
30 36
30 30
78 64
78 36
78 37
78 39
78 10
78 44
78 77
78 78
78 82
78 56
78 26
78 59
78 60
5 64
5 5
5 39
5 82
5 85
5 56
21 6
21 8
21 40
21 42
21 74
21 76
21 48
21 49
21 20
21 21
21 25
21 62
