1 1 -1
1 2 6
1 3 8
1 4 10
1 5 7
1 6 5
1 7 4
1 8 1
1 9 7
1 10 5
1 11 9
1 12 12
1 13 10
2 1 6
2 2 -1
2 3 7
2 4 6
2 5 11
2 6 10
2 7 10
2 8 7
2 9 5
2 10 3
2 11 11
2 12 6
2 13 10
3 1 8
3 2 7
3 3 -1
3 4 6
3 5 5
3 6 5
3 7 9
3 8 8
3 9 12
3 10 4
3 11 4
3 12 8
3 13 2
4 1 10
4 2 6
4 3 6
4 4 -1
4 5 11
4 6 11
4 7 14
4 8 11
4 9 11
4 10 5
4 11 10
4 12 2
4 13 8
5 1 7
5 2 11
5 3 5
5 4 11
5 5 -1
5 6 1
5 7 6
5 8 6
5 9 13
5 10 8
5 11 4
5 12 13
5 13 5
6 1 5
6 2 10
6 3 5
6 4 11
6 5 1
6 6 -1
6 7 5
6 8 5
6 9 12
6 10 7
6 11 5
6 12 13
6 13 6
7 1 4
7 2 10
7 3 9
7 4 14
7 5 6
7 6 5
7 7 -1
7 8 3
7 9 11
7 10 9
7 11 10
7 12 15
7 13 11
8 1 1
8 2 7
8 3 8
8 4 11
8 5 6
8 6 5
8 7 3
8 8 -1
8 9 8
8 10 6
8 11 9
8 12 12
8 13 10
9 1 7
9 2 5
9 3 12
9 4 11
9 5 13
9 6 12
9 7 11
9 8 8
9 9 -1
9 10 8
9 11 15
9 12 11
9 13 15
10 1 5
10 2 3
10 3 4
10 4 5
10 5 8
10 6 7
10 7 9
10 8 6
10 9 8
10 10 -1
10 11 8
10 12 6
10 13 7
11 1 9
11 2 11
11 3 4
11 4 10
11 5 4
11 6 5
11 7 10
11 8 9
11 9 15
11 10 8
11 11 -1
11 12 12
11 13 2
12 1 12
12 2 6
12 3 8
12 4 2
12 5 13
12 6 13
12 7 15
12 8 12
12 9 11
12 10 6
12 11 12
12 12 -1
12 13 10
13 1 10
13 2 10
13 3 2
13 4 8
13 5 5
13 6 6
13 7 11
13 8 10
13 9 15
13 10 7
13 11 2
13 12 10
13 13 -1
