1 1 -1
1 2 6
1 3 7
1 4 4
1 5 6
1 6 7
1 7 5
1 8 3
1 9 5
1 10 3
2 1 6
2 2 -1
2 3 4
2 4 3
2 5 3
2 6 2
2 7 1
2 8 7
2 9 3
2 10 8
3 1 7
3 2 4
3 3 -1
3 4 5
3 5 1
3 6 6
3 7 3
3 8 6
3 9 7
3 10 7
4 1 4
4 2 3
4 3 5
4 4 -1
4 5 4
4 6 3
4 7 2
4 8 6
4 9 2
4 10 6
5 1 6
5 2 3
5 3 1
5 4 4
5 5 -1
5 6 5
5 7 2
5 8 5
5 9 5
5 10 6
6 1 7
6 2 2
6 3 6
6 4 3
6 5 5
6 6 -1
6 7 3
6 8 9
6 9 3
6 10 10
7 1 5
7 2 1
7 3 3
7 4 2
7 5 2
7 6 3
7 7 -1
7 8 6
7 9 3
7 10 7
8 1 3
8 2 7
8 3 6
8 4 6
8 5 5
8 6 9
8 7 6
8 8 -1
8 9 8
8 10 1
9 1 5
9 2 3
9 3 7
9 4 2
9 5 5
9 6 3
9 7 3
9 8 8
9 9 -1
9 10 8
10 1 3
10 2 8
10 3 7
10 4 6
10 5 6
10 6 10
10 7 7
10 8 1
10 9 8
10 10 -1
