1 1 -1
1 2 28
1 3 11
1 4 17
1 5 31
1 6 32
1 7 37
1 8 20
1 9 39
1 10 42
1 11 18
1 12 25
1 13 32
1 14 10
1 15 27
1 16 6
1 17 41
1 18 28
1 19 34
1 20 27
1 21 57
1 22 33
1 23 29
1 24 48
1 25 26
1 26 45
1 27 50
1 28 27
1 29 47
1 30 15
1 31 3
1 32 18
1 33 57
1 34 60
1 35 25
1 36 37
1 37 35
1 38 14
1 39 30
1 40 24
1 41 55
1 42 34
1 43 22
1 44 22
1 45 55
1 46 35
1 47 56
1 48 14
1 49 29
1 50 24
1 51 47
1 52 3
1 53 31
1 54 30
1 55 25
1 56 50
1 57 28
1 58 19
1 59 12
1 60 17
1 61 3
1 62 30
2 1 28
2 2 -1
2 3 35
2 4 18
2 5 33
2 6 7
2 7 10
2 8 30
2 9 36
2 10 35
2 11 10
2 12 8
2 13 40
2 14 17
2 15 51
2 16 24
2 17 12
2 18 39
2 19 48
2 20 42
2 21 52
2 22 13
2 23 13
2 24 19
2 25 49
2 26 35
2 27 34
2 28 16
2 29 25
2 30 35
2 31 25
2 32 13
2 33 44
2 34 54
2 35 16
2 36 48
2 37 9
2 38 26
2 39 12
2 40 21
2 41 46
2 42 38
2 43 39
2 44 15
2 45 43
2 46 13
2 47 30
2 48 22
2 49 39
2 50 20
2 51 32
2 52 30
2 53 14
2 54 6
2 55 34
2 56 27
2 57 24
2 58 10
2 59 16
2 60 37
2 61 30
2 62 32
3 1 11
3 2 35
3 3 -1
3 4 28
3 5 27
3 6 41
3 7 43
3 8 15
3 9 35
3 10 40
3 11 26
3 12 34
3 13 25
3 14 19
3 15 16
3 16 12
3 17 48
3 18 20
3 19 24
3 20 18
3 21 52
3 22 43
3 23 32
3 24 55
3 25 15
3 26 44
3 27 49
3 28 37
3 29 49
3 30 6
3 31 12
3 32 28
3 33 56
3 34 56
3 35 36
3 36 29
3 37 43
3 38 12
3 39 40
3 40 35
3 41 51
3 42 28
3 43 13
3 44 32
3 45 54
3 46 44
3 47 60
3 48 15
3 49 21
3 50 24
3 51 46
3 52 12
3 53 41
3 54 36
3 55 19
3 56 54
3 57 27
3 58 25
3 59 20
3 60 7
3 61 8
3 62 26
4 1 17
4 2 18
4 3 28
4 4 -1
4 5 40
4 6 18
4 7 28
4 8 31
4 9 45
4 10 47
4 11 9
4 12 10
4 13 43
4 14 10
4 15 44
4 16 17
4 17 28
4 18 40
4 19 48
4 20 42
4 21 63
4 22 17
4 23 27
4 24 35
4 25 43
4 26 48
4 27 49
4 28 9
4 29 42
4 30 31
4 31 16
4 32 5
4 33 59
4 34 66
4 35 8
4 36 50
4 37 21
4 38 25
4 39 14
4 40 7
4 41 59
4 42 44
4 43 37
4 44 5
4 45 57
4 46 19
4 47 48
4 48 22
4 49 41
4 50 27
4 51 47
4 52 17
4 53 15
4 54 23
4 55 36
4 56 45
4 57 33
4 58 16
4 59 11
4 60 33
4 61 20
4 62 38
5 1 31
5 2 33
5 3 27
5 4 40
5 5 -1
5 6 40
5 7 35
5 8 12
5 9 8
5 10 13
5 11 31
5 12 38
5 13 8
5 14 29
5 15 33
5 16 26
5 17 42
5 18 10
5 19 18
5 20 16
5 21 26
5 22 46
5 23 21
5 24 46
5 25 31
5 26 18
5 27 25
5 28 45
5 29 30
5 30 21
5 31 29
5 32 36
5 33 29
5 34 29
5 35 45
5 36 15
5 37 42
5 38 17
5 39 44
5 40 47
5 41 24
5 42 5
5 43 17
5 44 41
5 45 27
5 46 47
5 47 43
5 48 18
5 49 10
5 50 13
5 51 23
5 52 34
5 53 46
5 54 29
5 55 8
5 56 35
5 57 9
5 58 25
5 59 28
5 60 22
5 61 30
5 62 1
6 1 32
6 2 7
6 3 41
6 4 18
6 5 40
6 6 -1
6 7 12
6 8 37
6 9 43
6 10 42
6 11 14
6 12 8
6 13 47
6 14 22
6 15 57
6 16 29
6 17 10
6 18 46
6 19 55
6 20 49
6 21 58
6 22 7
6 23 20
6 24 17
6 25 55
6 26 41
6 27 39
6 28 13
6 29 29
6 30 41
6 31 30
6 32 15
6 33 49
6 34 60
6 35 14
6 36 55
6 37 2
6 38 32
6 39 7
6 40 20
6 41 53
6 42 45
6 43 46
6 44 14
6 45 48
6 46 7
6 47 31
6 48 28
6 49 46
6 50 27
6 51 37
6 52 33
6 53 8
6 54 12
6 55 41
6 56 30
6 57 31
6 58 17
6 59 21
6 60 43
6 61 35
6 62 39
7 1 37
7 2 10
7 3 43
7 4 28
7 5 35
7 6 12
7 7 -1
7 8 35
7 9 36
7 10 33
7 11 20
7 12 18
7 13 42
7 14 27
7 15 58
7 16 32
7 17 7
7 18 43
7 19 52
7 20 47
7 21 49
7 22 19
7 23 14
7 24 12
7 25 56
7 26 31
7 27 28
7 28 24
7 29 17
7 30 42
7 31 34
7 32 23
7 33 38
7 34 50
7 35 25
7 36 50
7 37 11
7 38 33
7 39 19
7 40 31
7 41 42
7 42 40
7 43 45
7 44 25
7 45 37
7 46 18
7 47 20
7 48 29
7 49 42
7 50 23
7 51 26
7 52 39
7 53 21
7 54 7
7 55 37
7 56 18
7 57 26
7 58 18
7 59 25
7 60 44
7 61 39
7 62 34
8 1 20
8 2 30
8 3 15
8 4 31
8 5 12
8 6 37
8 7 35
8 8 -1
8 9 20
8 10 25
8 11 25
8 12 33
8 13 12
8 14 20
8 15 24
8 16 15
8 17 41
8 18 9
8 19 18
8 20 12
8 21 38
8 22 42
8 23 22
8 24 47
8 25 22
8 26 29
8 27 35
8 28 38
8 29 37
8 30 9
8 31 18
8 32 28
8 33 41
8 34 41
8 35 38
8 36 19
8 37 39
8 38 5
8 39 39
8 40 39
8 41 36
8 42 14
8 43 9
8 44 34
8 45 39
8 46 43
8 47 48
8 48 9
8 49 9
8 50 12
8 51 32
8 52 23
8 53 41
8 54 28
8 55 5
8 56 42
8 57 13
8 58 20
8 59 19
8 60 10
8 61 18
8 62 11
9 1 39
9 2 36
9 3 35
9 4 45
9 5 8
9 6 43
9 7 36
9 8 20
9 9 -1
9 10 6
9 11 37
9 12 43
9 13 13
9 14 36
9 15 40
9 16 34
9 17 43
9 18 17
9 19 23
9 20 23
9 21 18
9 22 50
9 23 23
9 24 47
9 25 38
9 26 11
9 27 19
9 28 50
9 29 27
9 30 29
9 31 37
9 32 41
9 33 22
9 34 21
9 35 50
9 36 19
9 37 44
9 38 24
9 39 48
9 40 53
9 41 16
9 42 8
9 43 25
9 44 47
9 45 19
9 46 50
9 47 40
9 48 25
9 49 16
9 50 18
9 51 17
9 52 42
9 53 50
9 54 31
9 55 16
9 56 32
9 57 12
9 58 30
9 59 34
9 60 30
9 61 38
9 62 9
10 1 42
10 2 35
10 3 40
10 4 47
10 5 13
10 6 42
10 7 33
10 8 25
10 9 6
10 10 -1
10 11 37
10 12 42
10 13 19
10 14 38
10 15 46
10 16 37
10 17 40
10 18 23
10 19 30
10 20 29
10 21 17
10 22 49
10 23 21
10 24 43
10 25 44
10 26 5
10 27 13
10 28 50
10 29 22
10 30 34
10 31 40
10 32 42
10 33 16
10 34 19
10 35 50
10 36 25
10 37 42
10 38 28
10 39 47
10 40 53
10 41 12
10 42 15
10 43 31
10 44 47
10 45 14
10 46 49
10 47 34
10 48 28
10 49 22
10 50 19
10 51 11
10 52 45
10 53 49
10 54 29
10 55 21
10 56 27
10 57 14
10 58 30
10 59 36
10 60 35
10 61 41
10 62 14
11 1 18
11 2 10
11 3 26
11 4 9
11 5 31
11 6 14
11 7 20
11 8 25
11 9 37
11 10 37
11 11 -1
11 12 8
11 13 36
11 14 7
11 15 43
11 16 14
11 17 22
11 18 34
11 19 43
11 20 37
11 21 54
11 22 17
11 23 17
11 24 30
11 25 41
11 26 38
11 27 39
11 28 13
11 29 33
11 30 27
11 31 15
11 32 5
11 33 49
11 34 56
11 35 13
11 36 44
11 37 17
11 38 20
11 39 14
11 40 16
11 41 49
11 42 36
11 43 33
11 44 10
11 45 47
11 46 18
11 47 39
11 48 16
11 49 34
11 50 18
11 51 37
11 52 20
11 53 16
11 54 14
11 55 29
11 56 36
11 57 24
11 58 7
11 59 6
11 60 29
11 61 20
11 62 30
12 1 25
12 2 8
12 3 34
12 4 10
12 5 38
12 6 8
12 7 18
12 8 33
12 9 43
12 10 42
12 11 8
12 12 -1
12 13 44
12 14 15
12 15 50
12 16 22
12 17 18
12 18 42
12 19 51
12 20 45
12 21 59
12 22 9
12 23 21
12 24 25
12 25 49
12 26 43
12 27 42
12 28 7
12 29 33
12 30 35
12 31 22
12 32 7
12 33 52
12 34 61
12 35 8
12 36 51
12 37 10
12 38 28
12 39 6
12 40 13
12 41 54
12 42 43
12 43 41
12 44 7
12 45 51
12 46 10
12 47 38
12 48 24
12 49 42
12 50 25
12 51 40
12 52 26
12 53 8
12 54 14
12 55 37
12 56 35
12 57 30
12 58 13
12 59 14
12 60 37
12 61 27
12 62 37
13 1 32
13 2 40
13 3 25
13 4 43
13 5 8
13 6 47
13 7 42
13 8 12
13 9 13
13 10 19
13 11 36
13 12 44
13 13 -1
13 14 33
13 15 27
13 16 28
13 17 49
13 18 5
13 19 10
13 20 10
13 21 28
13 22 52
13 23 28
13 24 54
13 25 25
13 26 24
13 27 32
13 28 50
13 29 38
13 30 18
13 31 31
13 32 40
13 33 35
13 34 32
13 35 49
13 36 8
13 37 49
13 38 18
13 39 50
13 40 51
13 41 28
13 42 4
13 43 13
13 44 46
13 45 33
13 46 53
13 47 51
13 48 21
13 49 4
13 50 20
13 51 30
13 52 35
13 53 52
13 54 36
13 55 7
13 56 43
13 57 16
13 58 30
13 59 32
13 60 18
13 61 30
13 62 8
14 1 10
14 2 17
14 3 19
14 4 10
14 5 29
14 6 22
14 7 27
14 8 20
14 9 36
14 10 38
14 11 7
14 12 15
14 13 33
14 14 -1
14 15 35
14 16 7
14 17 30
14 18 30
14 19 38
14 20 31
14 21 54
14 22 24
14 23 21
14 24 37
14 25 34
14 26 40
14 27 42
14 28 19
14 29 38
14 30 21
14 31 7
14 32 9
14 33 51
14 34 57
14 35 18
14 36 39
14 37 25
14 38 14
14 39 20
14 40 18
14 41 50
14 42 33
14 43 27
14 44 14
14 45 49
14 46 25
14 47 46
14 48 11
14 49 30
14 50 18
14 51 40
14 52 12
14 53 22
14 54 20
14 55 25
14 56 41
14 57 23
14 58 10
14 59 2
14 60 23
14 61 12
14 62 28
15 1 27
15 2 51
15 3 16
15 4 44
15 5 33
15 6 57
15 7 58
15 8 24
15 9 40
15 10 46
15 11 43
15 12 50
15 13 27
15 14 35
15 15 -1
15 16 28
15 17 63
15 18 22
15 19 20
15 20 17
15 21 55
15 22 59
15 23 45
15 24 70
15 25 2
15 26 51
15 27 58
15 28 54
15 29 61
15 30 16
15 31 28
15 32 44
15 33 62
15 34 59
15 35 52
15 36 26
15 37 59
15 38 25
15 39 56
15 40 51
15 41 55
15 42 31
15 43 15
15 44 49
15 45 60
15 46 61
15 47 73
15 48 29
15 49 23
15 50 36
15 51 55
15 52 28
15 53 58
15 54 50
15 55 25
15 56 66
15 57 37
15 58 40
15 59 36
15 60 14
15 61 24
15 62 32
16 1 6
16 2 24
16 3 12
16 4 17
16 5 26
16 6 29
16 7 32
16 8 15
16 9 34
16 10 37
16 11 14
16 12 22
16 13 28
16 14 7
16 15 28
16 16 -1
16 17 36
16 18 24
16 19 31
16 20 25
16 21 52
16 22 31
16 23 23
16 24 43
16 25 26
16 26 40
16 27 44
16 28 26
16 29 41
16 30 14
16 31 3
16 32 16
16 33 51
16 34 55
16 35 25
16 36 34
16 37 31
16 38 9
16 39 28
16 40 24
16 41 49
16 42 29
16 43 20
16 44 21
16 45 50
16 46 32
16 47 50
16 48 8
16 49 25
16 50 18
16 51 41
16 52 9
16 53 29
16 54 25
16 55 21
16 56 45
16 57 22
16 58 14
16 59 8
16 60 16
16 61 6
16 62 25
17 1 41
17 2 12
17 3 48
17 4 28
17 5 42
17 6 10
17 7 7
17 8 41
17 9 43
17 10 40
17 11 22
17 12 18
17 13 49
17 14 30
17 15 63
17 16 36
17 17 -1
17 18 49
17 19 58
17 20 53
17 21 56
17 22 16
17 23 21
17 24 7
17 25 61
17 26 38
17 27 34
17 28 23
17 29 22
17 30 47
17 31 38
17 32 24
17 33 44
17 34 56
17 35 24
17 36 57
17 37 8
17 38 38
17 39 17
17 40 30
17 41 49
17 42 47
17 43 51
17 44 24
17 45 44
17 46 14
17 47 21
17 48 34
17 49 49
17 50 29
17 51 33
17 52 42
17 53 18
17 54 13
17 55 44
17 56 22
17 57 33
17 58 23
17 59 29
17 60 49
17 61 43
17 62 41
18 1 28
18 2 39
18 3 20
18 4 40
18 5 10
18 6 46
18 7 43
18 8 9
18 9 17
18 10 23
18 11 34
18 12 42
18 13 5
18 14 30
18 15 22
18 16 24
18 17 49
18 18 -1
18 19 9
18 20 5
18 21 33
18 22 51
18 23 28
18 24 55
18 25 20
18 26 28
18 27 36
18 28 48
18 29 41
18 30 13
18 31 27
18 32 38
18 33 39
18 34 37
18 35 47
18 36 9
18 37 48
18 38 15
18 39 48
18 40 48
18 41 33
18 42 9
18 43 8
18 44 43
18 45 37
18 46 52
18 47 53
18 48 18
18 49 1
18 50 19
18 51 33
18 52 31
18 53 50
18 54 35
18 55 5
18 56 46
18 57 17
18 58 29
18 59 29
18 60 13
18 61 26
18 62 10
19 1 34
19 2 48
19 3 24
19 4 48
19 5 18
19 6 55
19 7 52
19 8 18
19 9 23
19 10 30
19 11 43
19 12 51
19 13 10
19 14 38
19 15 20
19 16 31
19 17 58
19 18 9
19 19 -1
19 20 6
19 21 35
19 22 60
19 23 37
19 24 64
19 25 18
19 26 35
19 27 43
19 28 56
19 29 49
19 30 18
19 31 34
19 32 46
19 33 45
19 34 39
19 35 55
19 36 6
19 37 57
19 38 23
19 39 57
19 40 56
19 41 37
19 42 14
19 43 11
19 44 51
19 45 42
19 46 61
19 47 61
19 48 27
19 49 9
19 50 28
19 51 41
19 52 36
19 53 59
19 54 45
19 55 14
19 56 54
19 57 26
19 58 38
19 59 37
19 60 17
19 61 31
19 62 18
20 1 27
20 2 42
20 3 18
20 4 42
20 5 16
20 6 49
20 7 47
20 8 12
20 9 23
20 10 29
20 11 37
20 12 45
20 13 10
20 14 31
20 15 17
20 16 25
20 17 53
20 18 5
20 19 6
20 20 -1
20 21 38
20 22 54
20 23 33
20 24 59
20 25 15
20 26 34
20 27 42
20 28 50
20 29 46
20 30 12
20 31 27
20 32 40
20 33 45
20 34 42
20 35 49
20 36 10
20 37 51
20 38 17
20 39 51
20 40 49
20 41 38
20 42 14
20 43 5
20 44 45
20 45 43
20 46 55
20 47 58
20 48 21
20 49 6
20 50 24
20 51 39
20 52 30
20 53 53
20 54 40
20 55 10
20 56 51
20 57 22
20 58 32
20 59 31
20 60 11
20 61 25
20 62 16
21 1 57
21 2 52
21 3 52
21 4 63
21 5 26
21 6 58
21 7 49
21 8 38
21 9 18
21 10 17
21 11 54
21 12 59
21 13 28
21 14 54
21 15 55
21 16 52
21 17 56
21 18 33
21 19 35
21 20 38
21 21 -1
21 22 66
21 23 38
21 24 57
21 25 53
21 26 17
21 27 23
21 28 67
21 29 35
21 30 46
21 31 55
21 32 59
21 33 16
21 34 4
21 35 67
21 36 29
21 37 59
21 38 42
21 39 64
21 40 70
21 41 7
21 42 24
21 43 41
21 44 64
21 45 15
21 46 66
21 47 46
21 48 43
21 49 32
21 50 36
21 51 23
21 52 60
21 53 66
21 54 46
21 55 33
21 56 39
21 57 30
21 58 47
21 59 52
21 60 46
21 61 56
21 62 27
22 1 33
22 2 13
22 3 43
22 4 17
22 5 46
22 6 7
22 7 19
22 8 42
22 9 50
22 10 49
22 11 17
22 12 9
22 13 52
22 14 24
22 15 59
22 16 31
22 17 16
22 18 51
22 19 60
22 20 54
22 21 66
22 22 -1
22 23 27
22 24 22
22 25 58
22 26 49
22 27 47
22 28 8
22 29 36
22 30 44
22 31 31
22 32 15
22 33 57
22 34 67
22 35 9
22 36 60
22 37 8
22 38 37
22 39 3
22 40 15
22 41 60
22 42 51
22 43 50
22 44 12
22 45 56
22 46 2
22 47 38
22 48 33
22 49 51
22 50 33
22 51 45
22 52 34
22 53 2
22 54 20
22 55 46
22 56 37
22 57 38
22 58 22
22 59 23
22 60 46
22 61 36
22 62 45
23 1 29
23 2 13
23 3 32
23 4 27
23 5 21
23 6 20
23 7 14
23 8 22
23 9 23
23 10 21
23 11 17
23 12 21
23 13 28
23 14 21
23 15 45
23 16 23
23 17 21
23 18 28
23 19 37
23 20 33
23 21 38
23 22 27
23 23 -1
23 24 26
23 25 43
23 26 21
23 27 22
23 28 29
23 29 17
23 30 29
23 31 26
23 32 22
23 33 31
23 34 40
23 35 29
23 36 36
23 37 21
23 38 20
23 39 25
23 40 33
23 41 33
23 42 26
23 43 31
23 44 26
23 45 30
23 46 27
23 47 27
23 48 17
23 49 28
23 50 9
23 51 19
23 52 32
23 53 28
23 54 8
23 55 23
23 56 21
23 57 12
23 58 11
23 59 19
23 60 31
23 61 30
23 62 20
24 1 48
24 2 19
24 3 55
24 4 35
24 5 46
24 6 17
24 7 12
24 8 47
24 9 47
24 10 43
24 11 30
24 12 25
24 13 54
24 14 37
24 15 70
24 16 43
24 17 7
24 18 55
24 19 64
24 20 59
24 21 57
24 22 22
24 23 26
24 24 -1
24 25 68
24 26 40
24 27 35
24 28 29
24 29 22
24 30 54
24 31 45
24 32 31
24 33 44
24 34 58
24 35 30
24 36 62
24 37 14
24 38 44
24 39 23
24 40 36
24 41 51
24 42 51
24 43 57
24 44 31
24 45 44
24 46 20
24 47 18
24 48 41
24 49 54
24 50 35
24 51 34
24 52 50
24 53 24
24 54 19
24 55 49
24 56 20
24 57 38
24 58 29
24 59 36
24 60 56
24 61 50
24 62 46
25 1 26
25 2 49
25 3 15
25 4 43
25 5 31
25 6 55
25 7 56
25 8 22
25 9 38
25 10 44
25 11 41
25 12 49
25 13 25
25 14 34
25 15 2
25 16 26
25 17 61
25 18 20
25 19 18
25 20 15
25 21 53
25 22 58
25 23 43
25 24 68
25 25 -1
25 26 49
25 27 56
25 28 52
25 29 59
25 30 14
25 31 27
25 32 43
25 33 60
25 34 57
25 35 51
25 36 24
25 37 58
25 38 23
25 39 55
25 40 50
25 41 53
25 42 29
25 43 13
25 44 47
25 45 58
25 46 59
25 47 70
25 48 27
25 49 21
25 50 34
25 51 53
25 52 27
25 53 56
25 54 48
25 55 23
25 56 64
25 57 35
25 58 38
25 59 34
25 60 12
25 61 23
25 62 30
26 1 45
26 2 35
26 3 44
26 4 48
26 5 18
26 6 41
26 7 31
26 8 29
26 9 11
26 10 5
26 11 38
26 12 43
26 13 24
26 14 40
26 15 51
26 16 40
26 17 38
26 18 28
26 19 35
26 20 34
26 21 17
26 22 49
26 23 21
26 24 40
26 25 49
26 26 -1
26 27 8
26 28 50
26 29 19
26 30 38
26 31 43
26 32 43
26 33 12
26 34 18
26 35 50
26 36 30
26 37 42
26 38 32
26 39 47
26 40 55
26 41 11
26 42 20
26 43 35
26 44 48
26 45 10
26 46 48
26 47 30
26 48 31
26 49 27
26 50 22
26 51 7
26 52 49
26 53 49
26 54 29
26 55 25
26 56 23
26 57 17
26 58 31
26 59 38
26 60 39
26 61 45
26 62 18
27 1 50
27 2 34
27 3 49
27 4 49
27 5 25
27 6 39
27 7 28
27 8 35
27 9 19
27 10 13
27 11 39
27 12 42
27 13 32
27 14 42
27 15 58
27 16 44
27 17 34
27 18 36
27 19 43
27 20 42
27 21 23
27 22 47
27 23 22
27 24 35
27 25 56
27 26 8
27 27 -1
27 28 50
27 29 12
27 30 44
27 31 47
27 32 44
27 33 9
27 34 22
27 35 50
27 36 38
27 37 39
27 38 37
27 39 46
27 40 55
27 41 16
27 42 28
27 43 42
27 44 48
27 45 9
27 46 46
27 47 23
27 48 36
27 49 35
27 50 26
27 51 3
27 52 53
27 53 48
27 54 28
27 55 33
27 56 16
27 57 22
27 58 33
27 59 41
27 60 46
27 61 50
27 62 25
28 1 27
28 2 16
28 3 37
28 4 9
28 5 45
28 6 13
28 7 24
28 8 38
28 9 50
28 10 50
28 11 13
28 12 7
28 13 50
28 14 19
28 15 54
28 16 26
28 17 23
28 18 48
28 19 56
28 20 50
28 21 67
28 22 8
28 23 29
28 24 29
28 25 52
28 26 50
28 27 50
28 28 -1
28 29 41
28 30 40
28 31 25
28 32 10
28 33 60
28 34 69
28 35 1
28 36 57
28 37 15
28 38 33
28 39 6
28 40 7
28 41 62
28 42 50
28 43 46
28 44 5
28 45 59
28 46 10
28 47 44
28 48 29
28 49 48
28 50 32
28 51 48
28 52 27
28 53 5
28 54 22
28 55 43
28 56 42
28 57 37
28 58 20
28 59 19
28 60 42
28 61 30
28 62 44
29 1 47
29 2 25
29 3 49
29 4 42
29 5 30
29 6 29
29 7 17
29 8 37
29 9 27
29 10 22
29 11 33
29 12 33
29 13 38
29 14 38
29 15 61
29 16 41
29 17 22
29 18 41
29 19 49
29 20 46
29 21 35
29 22 36
29 23 17
29 24 22
29 25 59
29 26 19
29 27 12
29 28 41
29 29 -1
29 30 45
29 31 43
29 32 37
29 33 21
29 34 35
29 35 41
29 36 46
29 37 28
29 38 37
29 39 36
29 40 47
29 41 28
29 42 34
29 43 46
29 44 40
29 45 21
29 46 35
29 47 12
29 48 34
29 49 40
29 50 25
29 51 12
29 52 49
29 53 38
29 54 19
29 55 36
29 56 5
29 57 24
29 58 28
29 59 36
29 60 47
29 61 47
29 62 30
30 1 15
30 2 35
30 3 6
30 4 31
30 5 21
30 6 41
30 7 42
30 8 9
30 9 29
30 10 34
30 11 27
30 12 35
30 13 18
30 14 21
30 15 16
30 16 14
30 17 47
30 18 13
30 19 18
30 20 12
30 21 46
30 22 44
30 23 29
30 24 54
30 25 14
30 26 38
30 27 44
30 28 40
30 29 45
30 30 -1
30 31 15
30 32 30
30 33 50
30 34 50
30 35 39
30 36 22
30 37 44
30 38 9
30 39 41
30 40 38
30 41 45
30 42 21
30 43 7
30 44 35
30 45 48
30 46 46
30 47 57
30 48 13
30 49 14
30 50 20
30 51 41
30 52 18
30 53 43
30 54 34
30 55 13
30 56 50
30 57 22
30 58 24
30 59 21
30 60 2
30 61 13
30 62 20
31 1 3
31 2 25
31 3 12
31 4 16
31 5 29
31 6 30
31 7 34
31 8 18
31 9 37
31 10 40
31 11 15
31 12 22
31 13 31
31 14 7
31 15 28
31 16 3
31 17 38
31 18 27
31 19 34
31 20 27
31 21 55
31 22 31
31 23 26
31 24 45
31 25 27
31 26 43
31 27 47
31 28 25
31 29 43
31 30 15
31 31 -1
31 32 16
31 33 54
31 34 58
31 35 24
31 36 36
31 37 32
31 38 12
31 39 28
31 40 23
31 41 52
31 42 32
31 43 22
31 44 20
31 45 53
31 46 33
31 47 52
31 48 11
31 49 27
31 50 21
31 51 44
31 52 6
31 53 29
31 54 27
31 55 24
31 56 47
31 57 25
31 58 16
31 59 9
31 60 17
31 61 5
31 62 28
32 1 18
32 2 13
32 3 28
32 4 5
32 5 36
32 6 15
32 7 23
32 8 28
32 9 41
32 10 42
32 11 5
32 12 7
32 13 40
32 14 9
32 15 44
32 16 16
32 17 24
32 18 38
32 19 46
32 20 40
32 21 59
32 22 15
32 23 22
32 24 31
32 25 43
32 26 43
32 27 44
32 28 10
32 29 37
32 30 30
32 31 16
32 32 -1
32 33 54
32 34 61
32 35 9
32 36 48
32 37 17
32 38 23
32 39 12
32 40 11
32 41 54
32 42 40
32 43 36
32 44 5
32 45 52
32 46 17
32 47 43
32 48 19
32 49 38
32 50 23
32 51 42
32 52 19
32 53 13
32 54 18
32 55 33
32 56 40
32 57 29
32 58 12
32 59 9
32 60 32
32 61 21
32 62 34
33 1 57
33 2 44
33 3 56
33 4 59
33 5 29
33 6 49
33 7 38
33 8 41
33 9 22
33 10 16
33 11 49
33 12 52
33 13 35
33 14 51
33 15 62
33 16 51
33 17 44
33 18 39
33 19 45
33 20 45
33 21 16
33 22 57
33 23 31
33 24 44
33 25 60
33 26 12
33 27 9
33 28 60
33 29 21
33 30 50
33 31 54
33 32 54
33 33 -1
33 34 15
33 35 60
33 36 39
33 37 49
33 38 44
33 39 56
33 40 65
33 41 10
33 42 31
33 43 47
33 44 58
33 45 2
33 46 56
33 47 30
33 48 43
33 49 38
33 50 33
33 51 12
33 52 60
33 53 58
33 54 37
33 55 37
33 56 24
33 57 29
33 58 42
33 59 49
33 60 51
33 61 57
33 62 30
34 1 60
34 2 54
34 3 56
34 4 66
34 5 29
34 6 60
34 7 50
34 8 41
34 9 21
34 10 19
34 11 56
34 12 61
34 13 32
34 14 57
34 15 59
34 16 55
34 17 56
34 18 37
34 19 39
34 20 42
34 21 4
34 22 67
34 23 40
34 24 58
34 25 57
34 26 18
34 27 22
34 28 69
34 29 35
34 30 50
34 31 58
34 32 61
34 33 15
34 34 -1
34 35 69
34 36 33
34 37 60
34 38 46
34 39 66
34 40 73
34 41 7
34 42 28
34 43 45
34 44 66
34 45 14
34 46 67
34 47 45
34 48 46
34 49 36
34 50 38
34 51 23
34 52 64
34 53 68
34 54 47
34 55 36
34 56 38
34 57 33
34 58 49
34 59 55
34 60 50
34 61 59
34 62 30
35 1 25
35 2 16
35 3 36
35 4 8
35 5 45
35 6 14
35 7 25
35 8 38
35 9 50
35 10 50
35 11 13
35 12 8
35 13 49
35 14 18
35 15 52
35 16 25
35 17 24
35 18 47
35 19 55
35 20 49
35 21 67
35 22 9
35 23 29
35 24 30
35 25 51
35 26 50
35 27 50
35 28 1
35 29 41
35 30 39
35 31 24
35 32 9
35 33 60
35 34 69
35 35 -1
35 36 57
35 37 16
35 38 32
35 39 7
35 40 6
35 41 62
35 42 49
35 43 45
35 44 4
35 45 59
35 46 11
35 47 45
35 48 28
35 49 47
35 50 31
35 51 48
35 52 26
35 53 7
35 54 22
35 55 43
35 56 43
35 57 37
35 58 20
35 59 18
35 60 41
35 61 28
35 62 43
36 1 37
36 2 48
36 3 29
36 4 50
36 5 15
36 6 55
36 7 50
36 8 19
36 9 19
36 10 25
36 11 44
36 12 51
36 13 8
36 14 39
36 15 26
36 16 34
36 17 57
36 18 9
36 19 6
36 20 10
36 21 29
36 22 60
36 23 36
36 24 62
36 25 24
36 26 30
36 27 38
36 28 57
36 29 46
36 30 22
36 31 36
36 32 48
36 33 39
36 34 33
36 35 57
36 36 -1
36 37 57
36 38 25
36 39 57
36 40 58
36 41 31
36 42 11
36 43 15
36 44 53
36 45 37
36 46 61
36 47 58
36 48 28
36 49 9
36 50 28
36 51 36
36 52 40
36 53 59
36 54 44
36 55 14
36 56 51
36 57 24
36 58 38
36 59 39
36 60 22
36 61 35
36 62 16
37 1 35
37 2 9
37 3 43
37 4 21
37 5 42
37 6 2
37 7 11
37 8 39
37 9 44
37 10 42
37 11 17
37 12 10
37 13 49
37 14 25
37 15 59
37 16 31
37 17 8
37 18 48
37 19 57
37 20 51
37 21 59
37 22 8
37 23 21
37 24 14
37 25 58
37 26 42
37 27 39
37 28 15
37 29 28
37 30 44
37 31 32
37 32 17
37 33 49
37 34 60
37 35 16
37 36 57
37 37 -1
37 38 35
37 39 9
37 40 22
37 41 53
37 42 47
37 43 48
37 44 17
37 45 48
37 46 7
37 47 29
37 48 31
37 49 48
37 50 29
37 51 37
37 52 36
37 53 10
37 54 13
37 55 43
37 56 29
37 57 33
37 58 19
37 59 23
37 60 46
37 61 37
37 62 41
38 1 14
38 2 26
38 3 12
38 4 25
38 5 17
38 6 32
38 7 33
38 8 5
38 9 24
38 10 28
38 11 20
38 12 28
38 13 18
38 14 14
38 15 25
38 16 9
38 17 38
38 18 15
38 19 23
38 20 17
38 21 42
38 22 37
38 23 20
38 24 44
38 25 23
38 26 32
38 27 37
38 28 33
38 29 37
38 30 9
38 31 12
38 32 23
38 33 44
38 34 46
38 35 32
38 36 25
38 37 35
38 38 -1
38 39 34
38 40 33
38 41 40
38 42 19
38 43 13
38 44 28
38 45 42
38 46 38
38 47 48
38 48 4
38 49 15
38 50 12
38 51 34
38 52 17
38 53 36
38 54 25
38 55 11
38 56 41
38 57 15
38 58 15
38 59 14
38 60 11
38 61 13
38 62 15
39 1 30
39 2 12
39 3 40
39 4 14
39 5 44
39 6 7
39 7 19
39 8 39
39 9 48
39 10 47
39 11 14
39 12 6
39 13 50
39 14 20
39 15 56
39 16 28
39 17 17
39 18 48
39 19 57
39 20 51
39 21 64
39 22 3
39 23 25
39 24 23
39 25 55
39 26 47
39 27 46
39 28 6
39 29 36
39 30 41
39 31 28
39 32 12
39 33 56
39 34 66
39 35 7
39 36 57
39 37 9
39 38 34
39 39 -1
39 40 13
39 41 58
39 42 49
39 43 47
39 44 9
39 45 55
39 46 5
39 47 38
39 48 30
39 49 48
39 50 30
39 51 43
39 52 31
39 53 2
39 54 18
39 55 43
39 56 37
39 57 35
39 58 19
39 59 20
39 60 43
39 61 33
39 62 43
40 1 24
40 2 21
40 3 35
40 4 7
40 5 47
40 6 20
40 7 31
40 8 39
40 9 53
40 10 53
40 11 16
40 12 13
40 13 51
40 14 18
40 15 51
40 16 24
40 17 30
40 18 48
40 19 56
40 20 49
40 21 70
40 22 15
40 23 33
40 24 36
40 25 50
40 26 55
40 27 55
40 28 7
40 29 47
40 30 38
40 31 23
40 32 11
40 33 65
40 34 73
40 35 6
40 36 58
40 37 22
40 38 33
40 39 13
40 40 -1
40 41 66
40 42 51
40 43 45
40 44 6
40 45 63
40 46 17
40 47 51
40 48 29
40 49 48
40 50 34
40 51 52
40 52 23
40 53 13
40 54 27
40 55 44
40 56 49
40 57 40
40 58 23
40 59 19
40 60 40
40 61 27
40 62 46
41 1 55
41 2 46
41 3 51
41 4 59
41 5 24
41 6 53
41 7 42
41 8 36
41 9 16
41 10 12
41 11 49
41 12 54
41 13 28
41 14 50
41 15 55
41 16 49
41 17 49
41 18 33
41 19 37
41 20 38
41 21 7
41 22 60
41 23 33
41 24 51
41 25 53
41 26 11
41 27 16
41 28 62
41 29 28
41 30 45
41 31 52
41 32 54
41 33 10
41 34 7
41 35 62
41 36 31
41 37 53
41 38 40
41 39 58
41 40 66
41 41 -1
41 42 24
41 43 41
41 44 59
41 45 8
41 46 60
41 47 39
41 48 40
41 49 32
41 50 32
41 51 16
41 52 58
41 53 61
41 54 40
41 55 32
41 56 32
41 57 26
41 58 42
41 59 48
41 60 46
41 61 54
41 62 25
42 1 34
42 2 38
42 3 28
42 4 44
42 5 5
42 6 45
42 7 40
42 8 14
42 9 8
42 10 15
42 11 36
42 12 43
42 13 4
42 14 33
42 15 31
42 16 29
42 17 47
42 18 9
42 19 14
42 20 14
42 21 24
42 22 51
42 23 26
42 24 51
42 25 29
42 26 20
42 27 28
42 28 50
42 29 34
42 30 21
42 31 32
42 32 40
42 33 31
42 34 28
42 35 49
42 36 11
42 37 47
42 38 19
42 39 49
42 40 51
42 41 24
42 42 -1
42 43 17
42 44 46
42 45 28
42 46 52
42 47 47
42 48 22
42 49 8
42 50 18
42 51 26
42 52 37
42 53 51
42 54 34
42 55 8
42 56 39
42 57 14
42 58 29
42 59 32
42 60 22
42 61 32
42 62 6
43 1 22
43 2 39
43 3 13
43 4 37
43 5 17
43 6 46
43 7 45
43 8 9
43 9 25
43 10 31
43 11 33
43 12 41
43 13 13
43 14 27
43 15 15
43 16 20
43 17 51
43 18 8
43 19 11
43 20 5
43 21 41
43 22 50
43 23 31
43 24 57
43 25 13
43 26 35
43 27 42
43 28 46
43 29 46
43 30 7
43 31 22
43 32 36
43 33 47
43 34 45
43 35 45
43 36 15
43 37 48
43 38 13
43 39 47
43 40 45
43 41 41
43 42 17
43 43 -1
43 44 41
43 45 45
43 46 51
43 47 57
43 48 17
43 49 9
43 50 22
43 51 40
43 52 25
43 53 49
43 54 37
43 55 9
43 56 50
43 57 22
43 58 28
43 59 27
43 60 6
43 61 20
43 62 17
44 1 22
44 2 15
44 3 32
44 4 5
44 5 41
44 6 14
44 7 25
44 8 34
44 9 47
44 10 47
44 11 10
44 12 7
44 13 46
44 14 14
44 15 49
44 16 21
44 17 24
44 18 43
44 19 51
44 20 45
44 21 64
44 22 12
44 23 26
44 24 31
44 25 47
44 26 48
44 27 48
44 28 5
44 29 40
44 30 35
44 31 20
44 32 5
44 33 58
44 34 66
44 35 4
44 36 53
44 37 17
44 38 28
44 39 9
44 40 6
44 41 59
44 42 46
44 43 41
44 44 -1
44 45 57
44 46 14
44 47 45
44 48 25
44 49 43
44 50 28
44 51 46
44 52 22
44 53 10
44 54 21
44 55 39
44 56 42
44 57 34
44 58 17
44 59 14
44 60 37
44 61 25
44 62 40
45 1 55
45 2 43
45 3 54
45 4 57
45 5 27
45 6 48
45 7 37
45 8 39
45 9 19
45 10 14
45 11 47
45 12 51
45 13 33
45 14 49
45 15 60
45 16 50
45 17 44
45 18 37
45 19 42
45 20 43
45 21 15
45 22 56
45 23 30
45 24 44
45 25 58
45 26 10
45 27 9
45 28 59
45 29 21
45 30 48
45 31 53
45 32 52
45 33 2
45 34 14
45 35 59
45 36 37
45 37 48
45 38 42
45 39 55
45 40 63
45 41 8
45 42 28
45 43 45
45 44 57
45 45 -1
45 46 55
45 47 31
45 48 41
45 49 36
45 50 32
45 51 11
45 52 59
45 53 57
45 54 36
45 55 35
45 56 24
45 57 27
45 58 41
45 59 48
45 60 49
45 61 55
45 62 28
46 1 35
46 2 13
46 3 44
46 4 19
46 5 47
46 6 7
46 7 18
46 8 43
46 9 50
46 10 49
46 11 18
46 12 10
46 13 53
46 14 25
46 15 61
46 16 32
46 17 14
46 18 52
46 19 61
46 20 55
46 21 66
46 22 2
46 23 27
46 24 20
46 25 59
46 26 48
46 27 46
46 28 10
46 29 35
46 30 46
46 31 33
46 32 17
46 33 56
46 34 67
46 35 11
46 36 61
46 37 7
46 38 38
46 39 5
46 40 17
46 41 60
46 42 52
46 43 51
46 44 14
46 45 55
46 46 -1
46 47 36
46 48 34
46 49 52
46 50 33
46 51 44
46 52 36
46 53 4
46 54 19
46 55 47
46 56 36
46 57 38
46 58 23
46 59 25
46 60 48
46 61 38
46 62 46
47 1 56
47 2 30
47 3 60
47 4 48
47 5 43
47 6 31
47 7 20
47 8 48
47 9 40
47 10 34
47 11 39
47 12 38
47 13 51
47 14 46
47 15 73
47 16 50
47 17 21
47 18 53
47 19 61
47 20 58
47 21 46
47 22 38
47 23 27
47 24 18
47 25 70
47 26 30
47 27 23
47 28 44
47 29 12
47 30 57
47 31 52
47 32 43
47 33 30
47 34 45
47 35 45
47 36 58
47 37 29
47 38 48
47 39 38
47 40 51
47 41 39
47 42 47
47 43 57
47 44 45
47 45 31
47 46 36
47 47 -1
47 48 44
47 49 52
47 50 36
47 51 23
47 52 58
47 53 39
47 54 25
47 55 48
47 56 7
47 57 36
47 58 36
47 59 44
47 60 59
47 61 57
47 62 43
48 1 14
48 2 22
48 3 15
48 4 22
48 5 18
48 6 28
48 7 29
48 8 9
48 9 25
48 10 28
48 11 16
48 12 24
48 13 21
48 14 11
48 15 29
48 16 8
48 17 34
48 18 18
48 19 27
48 20 21
48 21 43
48 22 33
48 23 17
48 24 41
48 25 27
48 26 31
48 27 36
48 28 29
48 29 34
48 30 13
48 31 11
48 32 19
48 33 43
48 34 46
48 35 28
48 36 28
48 37 31
48 38 4
48 39 30
48 40 29
48 41 40
48 42 22
48 43 17
48 44 25
48 45 41
48 46 34
48 47 44
48 48 -1
48 49 18
48 50 10
48 51 33
48 52 17
48 53 32
48 54 21
48 55 14
48 56 38
48 57 14
48 58 11
48 59 10
48 60 15
48 61 14
48 62 17
49 1 29
49 2 39
49 3 21
49 4 41
49 5 10
49 6 46
49 7 42
49 8 9
49 9 16
49 10 22
49 11 34
49 12 42
49 13 4
49 14 30
49 15 23
49 16 25
49 17 49
49 18 1
49 19 9
49 20 6
49 21 32
49 22 51
49 23 28
49 24 54
49 25 21
49 26 27
49 27 35
49 28 48
49 29 40
49 30 14
49 31 27
49 32 38
49 33 38
49 34 36
49 35 47
49 36 9
49 37 48
49 38 15
49 39 48
49 40 48
49 41 32
49 42 8
49 43 9
49 44 43
49 45 36
49 46 52
49 47 52
49 48 18
49 49 -1
49 50 19
49 51 33
49 52 31
49 53 50
49 54 35
49 55 5
49 56 45
49 57 17
49 58 29
49 59 29
49 60 14
49 61 26
49 62 9
50 1 24
50 2 20
50 3 24
50 4 27
50 5 13
50 6 27
50 7 23
50 8 12
50 9 18
50 10 19
50 11 18
50 12 25
50 13 20
50 14 18
50 15 36
50 16 18
50 17 29
50 18 19
50 19 28
50 20 24
50 21 36
50 22 33
50 23 9
50 24 35
50 25 34
50 26 22
50 27 26
50 28 32
50 29 25
50 30 20
50 31 21
50 32 23
50 33 33
50 34 38
50 35 31
50 36 28
50 37 29
50 38 12
50 39 30
50 40 34
50 41 32
50 42 18
50 43 22
50 44 28
50 45 32
50 46 33
50 47 36
50 48 10
50 49 19
50 50 -1
50 51 23
50 52 27
50 53 32
50 54 16
50 55 14
50 56 29
50 57 5
50 58 11
50 59 16
50 60 22
50 61 24
50 62 12
51 1 47
51 2 32
51 3 46
51 4 47
51 5 23
51 6 37
51 7 26
51 8 32
51 9 17
51 10 11
51 11 37
51 12 40
51 13 30
51 14 40
51 15 55
51 16 41
51 17 33
51 18 33
51 19 41
51 20 39
51 21 23
51 22 45
51 23 19
51 24 34
51 25 53
51 26 7
51 27 3
51 28 48
51 29 12
51 30 41
51 31 44
51 32 42
51 33 12
51 34 23
51 35 48
51 36 36
51 37 37
51 38 34
51 39 43
51 40 52
51 41 16
51 42 26
51 43 40
51 44 46
51 45 11
51 46 44
51 47 23
51 48 33
51 49 33
51 50 23
51 51 -1
51 52 50
51 53 46
51 54 25
51 55 30
51 56 16
51 57 19
51 58 30
51 59 38
51 60 43
51 61 47
51 62 23
52 1 3
52 2 30
52 3 12
52 4 17
52 5 34
52 6 33
52 7 39
52 8 23
52 9 42
52 10 45
52 11 20
52 12 26
52 13 35
52 14 12
52 15 28
52 16 9
52 17 42
52 18 31
52 19 36
52 20 30
52 21 60
52 22 34
52 23 32
52 24 50
52 25 27
52 26 49
52 27 53
52 28 27
52 29 49
52 30 18
52 31 6
52 32 19
52 33 60
52 34 64
52 35 26
52 36 40
52 37 36
52 38 17
52 39 31
52 40 23
52 41 58
52 42 37
52 43 25
52 44 22
52 45 59
52 46 36
52 47 58
52 48 17
52 49 31
52 50 27
52 51 50
52 52 -1
52 53 32
52 54 32
52 55 28
52 56 53
52 57 31
52 58 22
52 59 14
52 60 19
52 61 5
52 62 33
53 1 31
53 2 14
53 3 41
53 4 15
53 5 46
53 6 8
53 7 21
53 8 41
53 9 50
53 10 49
53 11 16
53 12 8
53 13 52
53 14 22
53 15 58
53 16 29
53 17 18
53 18 50
53 19 59
53 20 53
53 21 66
53 22 2
53 23 28
53 24 24
53 25 56
53 26 49
53 27 48
53 28 5
53 29 38
53 30 43
53 31 29
53 32 13
53 33 58
53 34 68
53 35 7
53 36 59
53 37 10
53 38 36
53 39 2
53 40 13
53 41 61
53 42 51
53 43 49
53 44 10
53 45 57
53 46 4
53 47 39
53 48 32
53 49 50
53 50 32
53 51 46
53 52 32
53 53 -1
53 54 20
53 55 45
53 56 39
53 57 38
53 58 21
53 59 22
53 60 45
53 61 34
53 62 45
54 1 30
54 2 6
54 3 36
54 4 23
54 5 29
54 6 12
54 7 7
54 8 28
54 9 31
54 10 29
54 11 14
54 12 14
54 13 36
54 14 20
54 15 50
54 16 25
54 17 13
54 18 35
54 19 45
54 20 40
54 21 46
54 22 20
54 23 8
54 24 19
54 25 48
54 26 29
54 27 28
54 28 22
54 29 19
54 30 34
54 31 27
54 32 18
54 33 37
54 34 47
54 35 22
54 36 44
54 37 13
54 38 25
54 39 18
54 40 27
54 41 40
54 42 34
54 43 37
54 44 21
54 45 36
54 46 19
54 47 25
54 48 21
54 49 35
54 50 16
54 51 25
54 52 32
54 53 20
54 54 -1
54 55 30
54 56 22
54 57 20
54 58 10
54 59 18
54 60 36
54 61 31
54 62 28
55 1 25
55 2 34
55 3 19
55 4 36
55 5 8
55 6 41
55 7 37
55 8 5
55 9 16
55 10 21
55 11 29
55 12 37
55 13 7
55 14 25
55 15 25
55 16 21
55 17 44
55 18 5
55 19 14
55 20 10
55 21 33
55 22 46
55 23 23
55 24 49
55 25 23
55 26 25
55 27 33
55 28 43
55 29 36
55 30 13
55 31 24
55 32 33
55 33 37
55 34 36
55 35 43
55 36 14
55 37 43
55 38 11
55 39 43
55 40 44
55 41 32
55 42 8
55 43 9
55 44 39
55 45 35
55 46 47
55 47 48
55 48 14
55 49 5
55 50 14
55 51 30
55 52 28
55 53 45
55 54 30
55 55 -1
55 56 41
55 57 12
55 58 24
55 59 25
55 60 14
55 61 23
55 62 7
56 1 50
56 2 27
56 3 54
56 4 45
56 5 35
56 6 30
56 7 18
56 8 42
56 9 32
56 10 27
56 11 36
56 12 35
56 13 43
56 14 41
56 15 66
56 16 45
56 17 22
56 18 46
56 19 54
56 20 51
56 21 39
56 22 37
56 23 21
56 24 20
56 25 64
56 26 23
56 27 16
56 28 42
56 29 5
56 30 50
56 31 47
56 32 40
56 33 24
56 34 38
56 35 43
56 36 51
56 37 29
56 38 41
56 39 37
56 40 49
56 41 32
56 42 39
56 43 50
56 44 42
56 45 24
56 46 36
56 47 7
56 48 38
56 49 45
56 50 29
56 51 16
56 52 53
56 53 39
56 54 22
56 55 41
56 56 -1
56 57 29
56 58 31
56 59 39
56 60 52
56 61 51
56 62 35
57 1 28
57 2 24
57 3 27
57 4 33
57 5 9
57 6 31
57 7 26
57 8 13
57 9 12
57 10 14
57 11 24
57 12 30
57 13 16
57 14 23
57 15 37
57 16 22
57 17 33
57 18 17
57 19 26
57 20 22
57 21 30
57 22 38
57 23 12
57 24 38
57 25 35
57 26 17
57 27 22
57 28 37
57 29 24
57 30 22
57 31 25
57 32 29
57 33 29
57 34 33
57 35 37
57 36 24
57 37 33
57 38 15
57 39 35
57 40 40
57 41 26
57 42 14
57 43 22
57 44 34
57 45 27
57 46 38
57 47 36
57 48 14
57 49 17
57 50 5
57 51 19
57 52 31
57 53 38
57 54 20
57 55 12
57 56 29
57 57 -1
57 58 17
57 59 22
57 60 24
57 61 28
57 62 8
58 1 19
58 2 10
58 3 25
58 4 16
58 5 25
58 6 17
58 7 18
58 8 20
58 9 30
58 10 30
58 11 7
58 12 13
58 13 30
58 14 10
58 15 40
58 16 14
58 17 23
58 18 29
58 19 38
58 20 32
58 21 47
58 22 22
58 23 11
58 24 29
58 25 38
58 26 31
58 27 33
58 28 20
58 29 28
58 30 24
58 31 16
58 32 12
58 33 42
58 34 49
58 35 20
58 36 38
58 37 19
58 38 15
58 39 19
58 40 23
58 41 42
58 42 29
58 43 28
58 44 17
58 45 41
58 46 23
58 47 36
58 48 11
58 49 29
58 50 11
58 51 30
58 52 22
58 53 21
58 54 10
58 55 24
58 56 31
58 57 17
58 58 -1
58 59 8
58 60 26
58 61 21
58 62 23
59 1 12
59 2 16
59 3 20
59 4 11
59 5 28
59 6 21
59 7 25
59 8 19
59 9 34
59 10 36
59 11 6
59 12 14
59 13 32
59 14 2
59 15 36
59 16 8
59 17 29
59 18 29
59 19 37
59 20 31
59 21 52
59 22 23
59 23 19
59 24 36
59 25 34
59 26 38
59 27 41
59 28 19
59 29 36
59 30 21
59 31 9
59 32 9
59 33 49
59 34 55
59 35 18
59 36 39
59 37 23
59 38 14
59 39 20
59 40 19
59 41 48
59 42 32
59 43 27
59 44 14
59 45 48
59 46 25
59 47 44
59 48 10
59 49 29
59 50 16
59 51 38
59 52 14
59 53 22
59 54 18
59 55 25
59 56 39
59 57 22
59 58 8
59 59 -1
59 60 23
59 61 14
59 62 27
60 1 17
60 2 37
60 3 7
60 4 33
60 5 22
60 6 43
60 7 44
60 8 10
60 9 30
60 10 35
60 11 29
60 12 37
60 13 18
60 14 23
60 15 14
60 16 16
60 17 49
60 18 13
60 19 17
60 20 11
60 21 46
60 22 46
60 23 31
60 24 56
60 25 12
60 26 39
60 27 46
60 28 42
60 29 47
60 30 2
60 31 17
60 32 32
60 33 51
60 34 50
60 35 41
60 36 22
60 37 46
60 38 11
60 39 43
60 40 40
60 41 46
60 42 22
60 43 6
60 44 37
60 45 49
60 46 48
60 47 59
60 48 15
60 49 14
60 50 22
60 51 43
60 52 19
60 53 45
60 54 36
60 55 14
60 56 52
60 57 24
60 58 26
60 59 23
60 60 -1
60 61 14
60 62 21
61 1 3
61 2 30
61 3 8
61 4 20
61 5 30
61 6 35
61 7 39
61 8 18
61 9 38
61 10 41
61 11 20
61 12 27
61 13 30
61 14 12
61 15 24
61 16 6
61 17 43
61 18 26
61 19 31
61 20 25
61 21 56
61 22 36
61 23 30
61 24 50
61 25 23
61 26 45
61 27 50
61 28 30
61 29 47
61 30 13
61 31 5
61 32 21
61 33 57
61 34 59
61 35 28
61 36 35
61 37 37
61 38 13
61 39 33
61 40 27
61 41 54
61 42 32
61 43 20
61 44 25
61 45 55
61 46 38
61 47 57
61 48 14
61 49 26
61 50 24
61 51 47
61 52 5
61 53 34
61 54 31
61 55 23
61 56 51
61 57 28
61 58 21
61 59 14
61 60 14
61 61 -1
61 62 29
62 1 30
62 2 32
62 3 26
62 4 38
62 5 1
62 6 39
62 7 34
62 8 11
62 9 9
62 10 14
62 11 30
62 12 37
62 13 8
62 14 28
62 15 32
62 16 25
62 17 41
62 18 10
62 19 18
62 20 16
62 21 27
62 22 45
62 23 20
62 24 46
62 25 30
62 26 18
62 27 25
62 28 44
62 29 30
62 30 20
62 31 28
62 32 34
62 33 30
62 34 30
62 35 43
62 36 16
62 37 41
62 38 15
62 39 43
62 40 46
62 41 25
62 42 6
62 43 17
62 44 40
62 45 28
62 46 46
62 47 43
62 48 17
62 49 9
62 50 12
62 51 23
62 52 33
62 53 45
62 54 28
62 55 7
62 56 35
62 57 8
62 58 23
62 59 27
62 60 21
62 61 29
62 62 -1
