47 56
25 15
34 41
34 21
27 33
27 26
27 51
27 45
7 17
7 2
7 37
7 54
2 37
2 6
2 7
2 11
2 12
2 54
2 58
36 42
36 13
36 49
36 18
36 19
36 20
30 3
30 38
30 8
30 43
30 60
39 35
39 37
39 6
39 12
39 44
39 46
39 53
39 22
39 28
59 32
59 4
59 11
59 14
59 16
59 48
59 58
59 31
8 38
8 43
8 48
8 49
8 18
8 55
8 62
8 60
8 30
50 48
50 57
50 58
50 23
51 27
51 10
51 26
51 45
14 32
14 1
14 4
14 11
14 16
14 48
14 58
14 59
14 31
62 5
62 8
62 9
62 42
62 13
62 49
62 18
62 55
62 57
41 33
41 34
41 45
41 21
41 26
24 17
4 32
4 35
4 40
4 11
4 12
4 44
4 14
4 59
4 28
17 24
17 37
17 6
17 7
48 38
48 8
48 14
48 16
48 50
48 58
48 59
48 31
28 32
28 35
28 4
28 39
28 40
28 12
28 44
28 46
28 53
28 22
12 32
12 2
12 35
12 4
12 37
12 6
12 39
12 11
12 44
12 46
12 53
12 22
12 28
10 9
10 26
10 51
52 16
52 1
52 61
52 31
43 8
43 49
43 18
43 19
43 20
43 55
43 60
43 30
54 2
54 23
54 58
54 7
40 32
40 35
40 4
40 44
40 28
38 8
38 16
38 48
38 55
38 60
38 30
29 56
57 50
57 5
57 62
58 2
58 11
58 14
58 48
58 50
58 54
58 23
58 59
